258 316 563
308 666 2156
258 275 0
306 353 880
317.75 484 1150
316.75 537 1593
395 491 1230
513 628 1817
564 733 2185
456.75 972 3093
414.75 666 2180
424 490 1467
503.75 804 2530
367.75 834 2743
308 625 1593
308 623 1443
367.75 793 2180
615 1030 3335
662 862 2772
478.75 737 2185
576.75 866 2772
470 866 2748
555.25 862 2748
397 804 2506
685.75 1230 3685
529.75 1034 3335
736.75 1254 3733
810 1243 3733
644.25 1000 3098
751 1000 3122
704 1168 3685
605.75 1155 3491
733.75 1280 3733
853 1351 4083
779.75 1362 4083


258 275 0
258 316 563
306 353 880
424 490 1467
555.25 862 2748
308 623 1443
308 666 2156
317.75 484 1150
316.75 537 1593
564 733 2185
470 866 2748
478.75 737 2185
414.75 666 2180
576.75 866 2772
529.75 1034 3335
367.75 834 2743
367.75 793 2180
308 625 1593
503.75 804 2530
513 628 1817
395 491 1230
644.25 1000 3098
397 804 2506
662 862 2772
615 1030 3335
751 1000 3122
605.75 1155 3491
456.75 972 3093
733.75 1280 3733
853 1351 4083
704 1168 3685
685.75 1230 3685
779.75 1362 4083
810 1243 3733
736.75 1254 3733


316.75 537 1593
258 316 563
306 353 880
258 275 0
395 491 1230
513 628 1817
317.75 484 1150
308 625 1593
564 733 2185
424 490 1467
414.75 666 2180
308 666 2156
662 862 2772
576.75 866 2772
367.75 834 2743
503.75 804 2530
308 623 1443
751 1000 3122
456.75 972 3093
779.75 1362 4083
605.75 1155 3491
615 1030 3335
529.75 1034 3335
478.75 737 2185
367.75 793 2180
397 804 2506
555.25 862 2748
644.25 1000 3098
470 866 2748
685.75 1230 3685
704 1168 3685
733.75 1280 3733
853 1351 4083
736.75 1254 3733
810 1243 3733


306 353 880
395 491 1230
258 275 0
308 666 2156
258 316 563
317.75 484 1150
424 490 1467
308 623 1443
308 625 1593
316.75 537 1593
478.75 737 2185
397 804 2506
513 628 1817
564 733 2185
555.25 862 2748
470 866 2748
367.75 834 2743
644.25 1000 3098
456.75 972 3093
704 1168 3685
529.75 1034 3335
615 1030 3335
367.75 793 2180
853 1351 4083
605.75 1155 3491
733.75 1280 3733
779.75 1362 4083
685.75 1230 3685
414.75 666 2180
662 862 2772
751 1000 3122
576.75 866 2772
503.75 804 2530
736.75 1254 3733
810 1243 3733


306 353 880
316.75 537 1593
258 275 0
555.25 862 2748
258 316 563
395 491 1230
308 666 2156
424 490 1467
470 866 2748
503.75 804 2530
513 628 1817
414.75 666 2180
397 804 2506
308 623 1443
576.75 866 2772
308 625 1593
478.75 737 2185
644.25 1000 3098
317.75 484 1150
529.75 1034 3335
751 1000 3122
367.75 834 2743
662 862 2772
456.75 972 3093
605.75 1155 3491
736.75 1254 3733
685.75 1230 3685
367.75 793 2180
853 1351 4083
615 1030 3335
704 1168 3685
810 1243 3733
779.75 1362 4083
564 733 2185
733.75 1280 3733


258 275 0
258 316 563
306 353 880
555.25 862 2748
316.75 537 1593
317.75 484 1150
414.75 666 2180
470 866 2748
308 666 2156
424 490 1467
308 625 1593
513 628 1817
397 804 2506
395 491 1230
478.75 737 2185
576.75 866 2772
503.75 804 2530
367.75 834 2743
308 623 1443
662 862 2772
644.25 1000 3098
751 1000 3122
853 1351 4083
704 1168 3685
615 1030 3335
564 733 2185
605.75 1155 3491
456.75 972 3093
529.75 1034 3335
367.75 793 2180
685.75 1230 3685
733.75 1280 3733
779.75 1362 4083
810 1243 3733
736.75 1254 3733


258 275 0
258 316 563
424 490 1467
306 353 880
317.75 484 1150
513 628 1817
316.75 537 1593
308 625 1593
414.75 666 2180
308 666 2156
478.75 737 2185
395 491 1230
308 623 1443
397 804 2506
564 733 2185
470 866 2748
576.75 866 2772
503.75 804 2530
555.25 862 2748
662 862 2772
644.25 1000 3098
751 1000 3122
367.75 834 2743
456.75 972 3093
529.75 1034 3335
605.75 1155 3491
853 1351 4083
615 1030 3335
810 1243 3733
704 1168 3685
367.75 793 2180
733.75 1280 3733
779.75 1362 4083
685.75 1230 3685
736.75 1254 3733


258 316 563
316.75 537 1593
258 275 0
306 353 880
424 490 1467
317.75 484 1150
513 628 1817
564 733 2185
414.75 666 2180
470 866 2748
395 491 1230
308 666 2156
308 623 1443
367.75 834 2743
308 625 1593
478.75 737 2185
397 804 2506
555.25 862 2748
503.75 804 2530
576.75 866 2772
685.75 1230 3685
456.75 972 3093
662 862 2772
529.75 1034 3335
644.25 1000 3098
751 1000 3122
367.75 793 2180
615 1030 3335
704 1168 3685
810 1243 3733
853 1351 4083
605.75 1155 3491
736.75 1254 3733
779.75 1362 4083
733.75 1280 3733


258 275 0
306 353 880
424 490 1467
258 316 563
316.75 537 1593
555.25 862 2748
564 733 2185
308 623 1443
751 1000 3122
478.75 737 2185
576.75 866 2772
513 628 1817
395 491 1230
414.75 666 2180
503.75 804 2530
662 862 2772
308 625 1593
470 866 2748
456.75 972 3093
308 666 2156
644.25 1000 3098
397 804 2506
367.75 834 2743
367.75 793 2180
529.75 1034 3335
810 1243 3733
704 1168 3685
615 1030 3335
853 1351 4083
605.75 1155 3491
317.75 484 1150
685.75 1230 3685
733.75 1280 3733
736.75 1254 3733
779.75 1362 4083


258 316 563
258 275 0
395 491 1230
306 353 880
316.75 537 1593
513 628 1817
478.75 737 2185
470 866 2748
308 666 2156
424 490 1467
397 804 2506
308 623 1443
414.75 666 2180
555.25 862 2748
564 733 2185
308 625 1593
367.75 834 2743
615 1030 3335
662 862 2772
367.75 793 2180
456.75 972 3093
503.75 804 2530
751 1000 3122
644.25 1000 3098
317.75 484 1150
576.75 866 2772
605.75 1155 3491
736.75 1254 3733
529.75 1034 3335
853 1351 4083
685.75 1230 3685
704 1168 3685
810 1243 3733
779.75 1362 4083
733.75 1280 3733


306 353 880
258 316 563
258 275 0
395 491 1230
424 490 1467
513 628 1817
564 733 2185
478.75 737 2185
470 866 2748
308 666 2156
316.75 537 1593
555.25 862 2748
414.75 666 2180
308 623 1443
317.75 484 1150
644.25 1000 3098
397 804 2506
308 625 1593
503.75 804 2530
576.75 866 2772
605.75 1155 3491
733.75 1280 3733
529.75 1034 3335
367.75 834 2743
456.75 972 3093
779.75 1362 4083
615 1030 3335
853 1351 4083
662 862 2772
367.75 793 2180
751 1000 3122
704 1168 3685
736.75 1254 3733
810 1243 3733
685.75 1230 3685


258 275 0
258 316 563
395 491 1230
306 353 880
316.75 537 1593
564 733 2185
308 625 1593
308 666 2156
317.75 484 1150
424 490 1467
414.75 666 2180
576.75 866 2772
367.75 834 2743
513 628 1817
503.75 804 2530
308 623 1443
478.75 737 2185
662 862 2772
367.75 793 2180
555.25 862 2748
529.75 1034 3335
397 804 2506
470 866 2748
456.75 972 3093
644.25 1000 3098
751 1000 3122
704 1168 3685
615 1030 3335
733.75 1280 3733
736.75 1254 3733
605.75 1155 3491
685.75 1230 3685
779.75 1362 4083
853 1351 4083
810 1243 3733


306 353 880
258 316 563
258 275 0
397 804 2506
503.75 804 2530
316.75 537 1593
564 733 2185
513 628 1817
478.75 737 2185
317.75 484 1150
576.75 866 2772
414.75 666 2180
424 490 1467
395 491 1230
308 666 2156
529.75 1034 3335
308 625 1593
470 866 2748
555.25 862 2748
367.75 834 2743
644.25 1000 3098
308 623 1443
662 862 2772
605.75 1155 3491
779.75 1362 4083
751 1000 3122
456.75 972 3093
736.75 1254 3733
615 1030 3335
704 1168 3685
367.75 793 2180
685.75 1230 3685
733.75 1280 3733
810 1243 3733
853 1351 4083


306 353 880
317.75 484 1150
258 316 563
258 275 0
316.75 537 1593
564 733 2185
478.75 737 2185
367.75 834 2743
397 804 2506
308 666 2156
395 491 1230
555.25 862 2748
513 628 1817
503.75 804 2530
414.75 666 2180
424 490 1467
470 866 2748
576.75 866 2772
308 625 1593
308 623 1443
662 862 2772
529.75 1034 3335
751 1000 3122
644.25 1000 3098
605.75 1155 3491
367.75 793 2180
736.75 1254 3733
456.75 972 3093
779.75 1362 4083
615 1030 3335
704 1168 3685
853 1351 4083
685.75 1230 3685
810 1243 3733
733.75 1280 3733


258 275 0
258 316 563
306 353 880
317.75 484 1150
367.75 834 2743
424 490 1467
564 733 2185
308 666 2156
414.75 666 2180
316.75 537 1593
503.75 804 2530
513 628 1817
478.75 737 2185
397 804 2506
395 491 1230
751 1000 3122
644.25 1000 3098
470 866 2748
576.75 866 2772
367.75 793 2180
308 625 1593
555.25 862 2748
662 862 2772
308 623 1443
529.75 1034 3335
615 1030 3335
456.75 972 3093
810 1243 3733
704 1168 3685
605.75 1155 3491
736.75 1254 3733
853 1351 4083
685.75 1230 3685
733.75 1280 3733
779.75 1362 4083


258 275 0
395 491 1230
258 316 563
306 353 880
308 623 1443
414.75 666 2180
308 625 1593
308 666 2156
513 628 1817
316.75 537 1593
555.25 862 2748
424 490 1467
478.75 737 2185
564 733 2185
317.75 484 1150
367.75 834 2743
456.75 972 3093
503.75 804 2530
576.75 866 2772
367.75 793 2180
662 862 2772
644.25 1000 3098
529.75 1034 3335
751 1000 3122
470 866 2748
397 804 2506
615 1030 3335
704 1168 3685
736.75 1254 3733
685.75 1230 3685
810 1243 3733
605.75 1155 3491
779.75 1362 4083
853 1351 4083
733.75 1280 3733


258 316 563
258 275 0
316.75 537 1593
306 353 880
395 491 1230
478.75 737 2185
317.75 484 1150
308 666 2156
397 804 2506
308 625 1593
470 866 2748
564 733 2185
555.25 862 2748
644.25 1000 3098
308 623 1443
513 628 1817
424 490 1467
662 862 2772
751 1000 3122
576.75 866 2772
414.75 666 2180
605.75 1155 3491
810 1243 3733
779.75 1362 4083
736.75 1254 3733
529.75 1034 3335
456.75 972 3093
367.75 834 2743
685.75 1230 3685
733.75 1280 3733
615 1030 3335
704 1168 3685
503.75 804 2530
367.75 793 2180
853 1351 4083


308 623 1443
258 316 563
306 353 880
424 490 1467
564 733 2185
258 275 0
316.75 537 1593
576.75 866 2772
503.75 804 2530
308 666 2156
397 804 2506
414.75 666 2180
317.75 484 1150
470 866 2748
513 628 1817
395 491 1230
367.75 834 2743
456.75 972 3093
662 862 2772
478.75 737 2185
308 625 1593
751 1000 3122
644.25 1000 3098
555.25 862 2748
736.75 1254 3733
529.75 1034 3335
685.75 1230 3685
605.75 1155 3491
367.75 793 2180
704 1168 3685
615 1030 3335
779.75 1362 4083
810 1243 3733
853 1351 4083
733.75 1280 3733


258 275 0
258 316 563
306 353 880
316.75 537 1593
564 733 2185
367.75 793 2180
395 491 1230
308 625 1593
424 490 1467
414.75 666 2180
308 666 2156
478.75 737 2185
513 628 1817
367.75 834 2743
503.75 804 2530
317.75 484 1150
308 623 1443
576.75 866 2772
397 804 2506
456.75 972 3093
470 866 2748
662 862 2772
751 1000 3122
529.75 1034 3335
779.75 1362 4083
555.25 862 2748
605.75 1155 3491
644.25 1000 3098
615 1030 3335
853 1351 4083
704 1168 3685
685.75 1230 3685
736.75 1254 3733
733.75 1280 3733
810 1243 3733


306 353 880
258 275 0
258 316 563
367.75 834 2743
564 733 2185
316.75 537 1593
615 1030 3335
367.75 793 2180
662 862 2772
414.75 666 2180
308 666 2156
317.75 484 1150
478.75 737 2185
555.25 862 2748
456.75 972 3093
644.25 1000 3098
503.75 804 2530
751 1000 3122
397 804 2506
395 491 1230
576.75 866 2772
470 866 2748
308 625 1593
424 490 1467
513 628 1817
308 623 1443
529.75 1034 3335
704 1168 3685
853 1351 4083
605.75 1155 3491
736.75 1254 3733
685.75 1230 3685
779.75 1362 4083
810 1243 3733
733.75 1280 3733


