1.560628743e+00 1.676363636e+00 1.855008572e+00 
1.520708583e+00 1.760727273e+00 1.862111193e+00 
1.567614770e+00 1.668363636e+00 1.862111193e+00 
1.640718563e+00 1.660363636e+00 1.862111193e+00 
1.047904192e+00 1.056727273e+00 1.215527798e+00 
1.000000000e+00 1.000000000e+00 1.000000000e+00 
1.000000000e+00 1.029818182e+00 1.137888807e+00 
1.464071856e+00 1.460363636e+00 1.528043106e+00 
1.406187625e+00 1.365090909e+00 1.426647073e+00 
1.390968064e+00 1.449454545e+00 1.475875582e+00 
1.264720559e+00 1.450909091e+00 1.497183444e+00 
1.473053892e+00 1.439272727e+00 1.528043106e+00 
1.127994012e+00 1.206545455e+00 1.312515307e+00 
1.165668663e+00 1.156363636e+00 1.359294636e+00 
1.059630739e+00 1.152000000e+00 1.281655645e+00 
1.209580838e+00 1.202181818e+00 1.360519226e+00 
1.558882236e+00 1.509818182e+00 1.554984080e+00 
1.393962076e+00 1.517818182e+00 1.717119765e+00 
1.411926148e+00 1.543272727e+00 1.757531227e+00 
1.502744511e+00 1.594181818e+00 1.769287289e+00 
1.477794411e+00 1.682181818e+00 1.776389909e+00 
1.347055888e+00 1.610181818e+00 1.717119765e+00 
1.426896208e+00 1.664727273e+00 1.764633848e+00 
1.597804391e+00 1.581818182e+00 1.776389909e+00 
1.492015968e+00 1.527272727e+00 1.764633848e+00 
1.524700599e+00 1.589818182e+00 1.776389909e+00 
1.473802395e+00 1.572363636e+00 1.764633848e+00 

1.560628743e+00 1.676363636e+00 1.855008572e+00 
1.520708583e+00 1.760727273e+00 1.862111193e+00 
1.567614770e+00 1.668363636e+00 1.862111193e+00 
1.640718563e+00 1.660363636e+00 1.862111193e+00 
1.047904192e+00 1.056727273e+00 1.215527798e+00 
1.000000000e+00 1.000000000e+00 1.000000000e+00 
1.000000000e+00 1.029818182e+00 1.137888807e+00 
1.464071856e+00 1.460363636e+00 1.528043106e+00 
1.406187625e+00 1.365090909e+00 1.426647073e+00 
1.390968064e+00 1.449454545e+00 1.475875582e+00 
1.264720559e+00 1.450909091e+00 1.497183444e+00 
1.473053892e+00 1.439272727e+00 1.528043106e+00 
1.127994012e+00 1.206545455e+00 1.312515307e+00 
1.165668663e+00 1.156363636e+00 1.359294636e+00 
1.059630739e+00 1.152000000e+00 1.281655645e+00 
1.209580838e+00 1.202181818e+00 1.360519226e+00 
1.558882236e+00 1.509818182e+00 1.554984080e+00 
1.393962076e+00 1.517818182e+00 1.717119765e+00 
1.411926148e+00 1.543272727e+00 1.757531227e+00 
1.502744511e+00 1.594181818e+00 1.769287289e+00 
1.477794411e+00 1.682181818e+00 1.776389909e+00 
1.347055888e+00 1.610181818e+00 1.717119765e+00 
1.426896208e+00 1.664727273e+00 1.764633848e+00 
1.597804391e+00 1.581818182e+00 1.776389909e+00 
1.492015968e+00 1.527272727e+00 1.764633848e+00 
1.524700599e+00 1.589818182e+00 1.776389909e+00 
1.473802395e+00 1.572363636e+00 1.764633848e+00 

1.165668663e+00 1.156363636e+00 1.359294636e+00 
1.049900200e+00 1.284363636e+00 1.528043106e+00 
1.058632735e+00 1.190545455e+00 1.390154298e+00 
1.220309381e+00 1.336000000e+00 1.535145726e+00 
1.305389222e+00 1.333090909e+00 1.535145726e+00 
1.156437126e+00 1.284363636e+00 1.533921136e+00 
1.433882236e+00 1.561454545e+00 1.816801372e+00 
1.412924152e+00 1.641454545e+00 1.816801372e+00 
1.315119760e+00 1.442909091e+00 1.671809944e+00 
1.206586826e+00 1.525090909e+00 1.671809944e+00 
1.318113772e+00 1.429818182e+00 1.678912564e+00 
1.354540918e+00 1.419636364e+00 1.671809944e+00 
1.403193613e+00 1.426909091e+00 1.678912564e+00 
1.388223553e+00 1.674181818e+00 1.816801372e+00 
1.047904192e+00 1.056727273e+00 1.215527798e+00 
1.000000000e+00 1.029818182e+00 1.137888807e+00 
1.000000000e+00 1.000000000e+00 1.000000000e+00 

1.722804391e+00 1.725090909e+00 1.914278717e+00 
1.569111776e+00 1.771636364e+00 1.914278717e+00 
1.687874251e+00 1.728000000e+00 1.914278717e+00 
1.590818363e+00 1.746181818e+00 1.914278717e+00 
1.765469062e+00 1.719272727e+00 1.914278717e+00 
1.516217565e+00 1.565090909e+00 1.816801372e+00 
1.348552894e+00 1.573818182e+00 1.816801372e+00 
1.328343313e+00 1.624000000e+00 1.816801372e+00 
1.543912176e+00 1.735272727e+00 1.856233162e+00 
1.628992016e+00 1.732363636e+00 1.856233162e+00 
1.322355289e+00 1.629090909e+00 1.769287289e+00 
1.385479042e+00 1.527272727e+00 1.758755817e+00 
1.367265469e+00 1.572363636e+00 1.758755817e+00 
1.000000000e+00 1.029818182e+00 1.137888807e+00 
1.000000000e+00 1.000000000e+00 1.000000000e+00 
1.047904192e+00 1.056727273e+00 1.215527798e+00 
1.332335329e+00 1.313454545e+00 1.497183444e+00 
1.325349301e+00 1.325818182e+00 1.498408033e+00 
1.172904192e+00 1.288727273e+00 1.457506735e+00 
1.206586826e+00 1.525090909e+00 1.671809944e+00 
1.138722555e+00 1.384727273e+00 1.613764389e+00 
1.211576846e+00 1.429818182e+00 1.673034533e+00 
1.296656687e+00 1.426909091e+00 1.673034533e+00 
1.058632735e+00 1.190545455e+00 1.390154298e+00 
1.165668663e+00 1.156363636e+00 1.359294636e+00 

1.722804391e+00 1.725090909e+00 1.914278717e+00 
1.569111776e+00 1.771636364e+00 1.914278717e+00 
1.687874251e+00 1.728000000e+00 1.914278717e+00 
1.590818363e+00 1.746181818e+00 1.914278717e+00 
1.765469062e+00 1.719272727e+00 1.914278717e+00 
1.516217565e+00 1.565090909e+00 1.816801372e+00 
1.348552894e+00 1.573818182e+00 1.816801372e+00 
1.328343313e+00 1.624000000e+00 1.816801372e+00 
1.543912176e+00 1.735272727e+00 1.856233162e+00 
1.628992016e+00 1.732363636e+00 1.856233162e+00 
1.322355289e+00 1.629090909e+00 1.769287289e+00 
1.385479042e+00 1.527272727e+00 1.758755817e+00 
1.367265469e+00 1.572363636e+00 1.758755817e+00 
1.000000000e+00 1.029818182e+00 1.137888807e+00 
1.000000000e+00 1.000000000e+00 1.000000000e+00 
1.047904192e+00 1.056727273e+00 1.215527798e+00 
1.332335329e+00 1.313454545e+00 1.497183444e+00 
1.325349301e+00 1.325818182e+00 1.498408033e+00 
1.172904192e+00 1.288727273e+00 1.457506735e+00 
1.206586826e+00 1.525090909e+00 1.671809944e+00 
1.138722555e+00 1.384727273e+00 1.613764389e+00 
1.211576846e+00 1.429818182e+00 1.673034533e+00 
1.296656687e+00 1.426909091e+00 1.673034533e+00 
1.058632735e+00 1.190545455e+00 1.390154298e+00 
1.165668663e+00 1.156363636e+00 1.359294636e+00 

1.000000000e+00 1.000000000e+00 1.000000000e+00 
1.534930140e+00 1.784000000e+00 1.914278717e+00 
1.555139721e+00 1.733818182e+00 1.914278717e+00 
1.348552894e+00 1.573818182e+00 1.816801372e+00 
1.328343313e+00 1.624000000e+00 1.816801372e+00 
1.439121756e+00 1.570909091e+00 1.698750918e+00 
1.318113772e+00 1.429818182e+00 1.678912564e+00 
1.403193613e+00 1.426909091e+00 1.678912564e+00 
1.165668663e+00 1.156363636e+00 1.359294636e+00 
1.109530938e+00 1.406545455e+00 1.671809944e+00 
1.156437126e+00 1.284363636e+00 1.533921136e+00 
1.058632735e+00 1.190545455e+00 1.390154298e+00 
1.211576846e+00 1.429818182e+00 1.673034533e+00 
1.049900200e+00 1.284363636e+00 1.528043106e+00 
1.296656687e+00 1.426909091e+00 1.673034533e+00 
1.220309381e+00 1.336000000e+00 1.535145726e+00 
1.305389222e+00 1.333090909e+00 1.535145726e+00 
1.000000000e+00 1.029818182e+00 1.137888807e+00 
1.047904192e+00 1.056727273e+00 1.215527798e+00 

1.000000000e+00 1.000000000e+00 1.000000000e+00 
1.534930140e+00 1.784000000e+00 1.914278717e+00 
1.555139721e+00 1.733818182e+00 1.914278717e+00 
1.348552894e+00 1.573818182e+00 1.816801372e+00 
1.328343313e+00 1.624000000e+00 1.816801372e+00 
1.439121756e+00 1.570909091e+00 1.698750918e+00 
1.318113772e+00 1.429818182e+00 1.678912564e+00 
1.403193613e+00 1.426909091e+00 1.678912564e+00 
1.165668663e+00 1.156363636e+00 1.359294636e+00 
1.109530938e+00 1.406545455e+00 1.671809944e+00 
1.156437126e+00 1.284363636e+00 1.533921136e+00 
1.058632735e+00 1.190545455e+00 1.390154298e+00 
1.211576846e+00 1.429818182e+00 1.673034533e+00 
1.049900200e+00 1.284363636e+00 1.528043106e+00 
1.296656687e+00 1.426909091e+00 1.673034533e+00 
1.220309381e+00 1.336000000e+00 1.535145726e+00 
1.305389222e+00 1.333090909e+00 1.535145726e+00 
1.000000000e+00 1.029818182e+00 1.137888807e+00 
1.047904192e+00 1.056727273e+00 1.215527798e+00 

1.000000000e+00 1.000000000e+00 1.000000000e+00 
1.058632735e+00 1.190545455e+00 1.390154298e+00 
1.136726547e+00 1.157090909e+00 1.301249082e+00 
1.165668663e+00 1.156363636e+00 1.359294636e+00 
1.109530938e+00 1.406545455e+00 1.671809944e+00 
1.491267465e+00 1.581818182e+00 1.770511879e+00 
1.418163673e+00 1.589818182e+00 1.770511879e+00 
1.415169661e+00 1.608727273e+00 1.770511879e+00 
1.296656687e+00 1.426909091e+00 1.673034533e+00 
1.211576846e+00 1.429818182e+00 1.673034533e+00 
1.047904192e+00 1.056727273e+00 1.215527798e+00 
1.000000000e+00 1.029818182e+00 1.137888807e+00 
1.156437126e+00 1.284363636e+00 1.533921136e+00 
1.049900200e+00 1.284363636e+00 1.528043106e+00 
1.305389222e+00 1.333090909e+00 1.535145726e+00 
1.220309381e+00 1.336000000e+00 1.535145726e+00 

1.000000000e+00 1.000000000e+00 1.000000000e+00 
1.393962076e+00 1.517818182e+00 1.717119765e+00 
1.356287425e+00 1.549090909e+00 1.816801372e+00 
1.271207585e+00 1.552000000e+00 1.816801372e+00 
1.229790419e+00 1.314181818e+00 1.398236591e+00 
1.201596806e+00 1.187636364e+00 1.282880235e+00 
1.161177645e+00 1.265454545e+00 1.318393338e+00 
1.282435130e+00 1.256727273e+00 1.313005143e+00 
1.127994012e+00 1.206545455e+00 1.312515307e+00 
1.000000000e+00 1.029818182e+00 1.137888807e+00 
1.187624750e+00 1.174545455e+00 1.223610091e+00 
1.047904192e+00 1.056727273e+00 1.215527798e+00 
1.399201597e+00 1.359272727e+00 1.457506735e+00 
1.296656687e+00 1.426909091e+00 1.673034533e+00 
1.109530938e+00 1.406545455e+00 1.671809944e+00 
1.245259481e+00 1.384727273e+00 1.619642420e+00 
1.318113772e+00 1.429818182e+00 1.678912564e+00 
1.211576846e+00 1.429818182e+00 1.673034533e+00 
1.403193613e+00 1.426909091e+00 1.678912564e+00 

1.000000000e+00 1.000000000e+00 1.000000000e+00 
1.393962076e+00 1.517818182e+00 1.717119765e+00 
1.356287425e+00 1.549090909e+00 1.816801372e+00 
1.271207585e+00 1.552000000e+00 1.816801372e+00 
1.229790419e+00 1.314181818e+00 1.398236591e+00 
1.201596806e+00 1.187636364e+00 1.282880235e+00 
1.161177645e+00 1.265454545e+00 1.318393338e+00 
1.282435130e+00 1.256727273e+00 1.313005143e+00 
1.127994012e+00 1.206545455e+00 1.312515307e+00 
1.000000000e+00 1.029818182e+00 1.137888807e+00 
1.187624750e+00 1.174545455e+00 1.223610091e+00 
1.047904192e+00 1.056727273e+00 1.215527798e+00 
1.399201597e+00 1.359272727e+00 1.457506735e+00 
1.296656687e+00 1.426909091e+00 1.673034533e+00 
1.109530938e+00 1.406545455e+00 1.671809944e+00 
1.245259481e+00 1.384727273e+00 1.619642420e+00 
1.318113772e+00 1.429818182e+00 1.678912564e+00 
1.211576846e+00 1.429818182e+00 1.673034533e+00 
1.403193613e+00 1.426909091e+00 1.678912564e+00 

1.000000000e+00 1.000000000e+00 1.000000000e+00 
1.393962076e+00 1.517818182e+00 1.717119765e+00 
1.356287425e+00 1.549090909e+00 1.816801372e+00 
1.271207585e+00 1.552000000e+00 1.816801372e+00 
1.229790419e+00 1.314181818e+00 1.398236591e+00 
1.201596806e+00 1.187636364e+00 1.282880235e+00 
1.161177645e+00 1.265454545e+00 1.318393338e+00 
1.282435130e+00 1.256727273e+00 1.313005143e+00 
1.127994012e+00 1.206545455e+00 1.312515307e+00 
1.000000000e+00 1.029818182e+00 1.137888807e+00 
1.187624750e+00 1.174545455e+00 1.223610091e+00 
1.047904192e+00 1.056727273e+00 1.215527798e+00 
1.399201597e+00 1.359272727e+00 1.457506735e+00 
1.296656687e+00 1.426909091e+00 1.673034533e+00 
1.109530938e+00 1.406545455e+00 1.671809944e+00 
1.245259481e+00 1.384727273e+00 1.619642420e+00 
1.318113772e+00 1.429818182e+00 1.678912564e+00 
1.211576846e+00 1.429818182e+00 1.673034533e+00 
1.403193613e+00 1.426909091e+00 1.678912564e+00 

1.871257485e+00 1.829818182e+00 2.000000000e+00 
1.736027944e+00 1.848727273e+00 2.000000000e+00 
1.762225549e+00 1.834181818e+00 2.000000000e+00 
1.560628743e+00 1.676363636e+00 1.855008572e+00 
1.724550898e+00 1.682181818e+00 1.862111193e+00 
1.698602794e+00 1.700363636e+00 1.862111193e+00 
1.613522954e+00 1.701090909e+00 1.902522655e+00 
1.550898204e+00 1.704000000e+00 1.914278717e+00 
1.477794411e+00 1.712000000e+00 1.914278717e+00 
1.000000000e+00 1.000000000e+00 1.000000000e+00 
1.277445110e+00 1.465454545e+00 1.613764389e+00 
1.049900200e+00 1.284363636e+00 1.528043106e+00 
1.516716567e+00 1.600727273e+00 1.816801372e+00 
1.411926148e+00 1.543272727e+00 1.757531227e+00 
1.393962076e+00 1.517818182e+00 1.717119765e+00 
1.304141717e+00 1.561454545e+00 1.769287289e+00 
1.047904192e+00 1.056727273e+00 1.215527798e+00 
1.000000000e+00 1.029818182e+00 1.137888807e+00 
1.058632735e+00 1.190545455e+00 1.390154298e+00 
1.175648703e+00 1.173818182e+00 1.353416605e+00 

1.550898204e+00 1.704000000e+00 1.914278717e+00 
1.477794411e+00 1.712000000e+00 1.914278717e+00 
1.474800399e+00 1.730909091e+00 1.914278717e+00 
1.347055888e+00 1.640000000e+00 1.855008572e+00 
1.058632735e+00 1.190545455e+00 1.390154298e+00 
1.175648703e+00 1.173818182e+00 1.353416605e+00 
1.000000000e+00 1.029818182e+00 1.137888807e+00 
1.000000000e+00 1.000000000e+00 1.000000000e+00 
1.047904192e+00 1.056727273e+00 1.215527798e+00 
1.443113772e+00 1.433454545e+00 1.642174871e+00 
1.356287425e+00 1.549090909e+00 1.816801372e+00 
1.304141717e+00 1.561454545e+00 1.769287289e+00 
1.198353293e+00 1.506909091e+00 1.757531227e+00 
1.049900200e+00 1.284363636e+00 1.528043106e+00 
1.232534930e+00 1.410909091e+00 1.601273573e+00 

1.000000000e+00 1.000000000e+00 1.000000000e+00 
1.109530938e+00 1.406545455e+00 1.671809944e+00 
1.049900200e+00 1.284363636e+00 1.528043106e+00 
1.156437126e+00 1.284363636e+00 1.533921136e+00 
1.382235529e+00 1.589818182e+00 1.711241734e+00 
1.439121756e+00 1.570909091e+00 1.698750918e+00 
1.473802395e+00 1.548363636e+00 1.727896155e+00 
1.324101796e+00 1.396363636e+00 1.582904727e+00 
1.747504990e+00 1.879272727e+00 2.000000000e+00 
1.524201597e+00 1.608000000e+00 1.758755817e+00 
1.586077844e+00 1.634181818e+00 1.770511879e+00 
1.479291417e+00 1.637818182e+00 1.769287289e+00 
1.555139721e+00 1.733818182e+00 1.914278717e+00 
1.534930140e+00 1.784000000e+00 1.914278717e+00 
1.445109780e+00 1.649454545e+00 1.902522655e+00 
1.426896208e+00 1.694545455e+00 1.902522655e+00 
1.646457086e+00 1.902545455e+00 2.000000000e+00 
1.662425150e+00 1.882181818e+00 2.000000000e+00 
1.047904192e+00 1.056727273e+00 1.215527798e+00 
1.000000000e+00 1.029818182e+00 1.137888807e+00 
1.165668663e+00 1.156363636e+00 1.359294636e+00 
1.059630739e+00 1.152000000e+00 1.281655645e+00 
1.136726547e+00 1.157090909e+00 1.301249082e+00 
1.058632735e+00 1.190545455e+00 1.390154298e+00 
1.049900200e+00 1.253090909e+00 1.353416605e+00 
1.254491018e+00 1.256727273e+00 1.445015920e+00 

1.356287425e+00 1.549090909e+00 1.816801372e+00 
1.271207585e+00 1.552000000e+00 1.816801372e+00 
1.534930140e+00 1.784000000e+00 1.914278717e+00 
1.555139721e+00 1.733818182e+00 1.914278717e+00 
1.000000000e+00 1.000000000e+00 1.000000000e+00 
1.047904192e+00 1.056727273e+00 1.215527798e+00 
1.000000000e+00 1.029818182e+00 1.137888807e+00 
1.059630739e+00 1.152000000e+00 1.281655645e+00 
1.058632735e+00 1.190545455e+00 1.390154298e+00 
1.165668663e+00 1.156363636e+00 1.359294636e+00 
1.296656687e+00 1.426909091e+00 1.673034533e+00 
1.109530938e+00 1.406545455e+00 1.671809944e+00 
1.403193613e+00 1.426909091e+00 1.678912564e+00 
1.211576846e+00 1.429818182e+00 1.673034533e+00 
1.318113772e+00 1.429818182e+00 1.678912564e+00 
1.049900200e+00 1.284363636e+00 1.528043106e+00 

1.356287425e+00 1.549090909e+00 1.816801372e+00 
1.271207585e+00 1.552000000e+00 1.816801372e+00 
1.534930140e+00 1.784000000e+00 1.914278717e+00 
1.555139721e+00 1.733818182e+00 1.914278717e+00 
1.000000000e+00 1.000000000e+00 1.000000000e+00 
1.047904192e+00 1.056727273e+00 1.215527798e+00 
1.000000000e+00 1.029818182e+00 1.137888807e+00 
1.059630739e+00 1.152000000e+00 1.281655645e+00 
1.058632735e+00 1.190545455e+00 1.390154298e+00 
1.165668663e+00 1.156363636e+00 1.359294636e+00 
1.296656687e+00 1.426909091e+00 1.673034533e+00 
1.109530938e+00 1.406545455e+00 1.671809944e+00 
1.403193613e+00 1.426909091e+00 1.678912564e+00 
1.211576846e+00 1.429818182e+00 1.673034533e+00 
1.318113772e+00 1.429818182e+00 1.678912564e+00 
1.049900200e+00 1.284363636e+00 1.528043106e+00 

1.445109780e+00 1.649454545e+00 1.902522655e+00 
1.426896208e+00 1.694545455e+00 1.902522655e+00 
1.492015968e+00 1.527272727e+00 1.764633848e+00 
1.271207585e+00 1.552000000e+00 1.816801372e+00 
1.356287425e+00 1.549090909e+00 1.816801372e+00 
1.198353293e+00 1.506909091e+00 1.757531227e+00 
1.385479042e+00 1.527272727e+00 1.758755817e+00 
1.000000000e+00 1.029818182e+00 1.137888807e+00 
1.000000000e+00 1.000000000e+00 1.000000000e+00 
1.253243513e+00 1.345454545e+00 1.487631643e+00 
1.303393214e+00 1.315636364e+00 1.439137889e+00 
1.211576846e+00 1.429818182e+00 1.673034533e+00 
1.245259481e+00 1.384727273e+00 1.619642420e+00 
1.403193613e+00 1.426909091e+00 1.678912564e+00 
1.109530938e+00 1.406545455e+00 1.671809944e+00 
1.138722555e+00 1.384727273e+00 1.613764389e+00 
1.318113772e+00 1.429818182e+00 1.678912564e+00 
1.296656687e+00 1.426909091e+00 1.673034533e+00 
1.047904192e+00 1.056727273e+00 1.215527798e+00 
1.187624750e+00 1.174545455e+00 1.223610091e+00 
1.058632735e+00 1.190545455e+00 1.390154298e+00 

1.445109780e+00 1.649454545e+00 1.902522655e+00 
1.426896208e+00 1.694545455e+00 1.902522655e+00 
1.492015968e+00 1.527272727e+00 1.764633848e+00 
1.271207585e+00 1.552000000e+00 1.816801372e+00 
1.356287425e+00 1.549090909e+00 1.816801372e+00 
1.198353293e+00 1.506909091e+00 1.757531227e+00 
1.385479042e+00 1.527272727e+00 1.758755817e+00 
1.000000000e+00 1.029818182e+00 1.137888807e+00 
1.000000000e+00 1.000000000e+00 1.000000000e+00 
1.253243513e+00 1.345454545e+00 1.487631643e+00 
1.303393214e+00 1.315636364e+00 1.439137889e+00 
1.211576846e+00 1.429818182e+00 1.673034533e+00 
1.245259481e+00 1.384727273e+00 1.619642420e+00 
1.403193613e+00 1.426909091e+00 1.678912564e+00 
1.109530938e+00 1.406545455e+00 1.671809944e+00 
1.138722555e+00 1.384727273e+00 1.613764389e+00 
1.318113772e+00 1.429818182e+00 1.678912564e+00 
1.296656687e+00 1.426909091e+00 1.673034533e+00 
1.047904192e+00 1.056727273e+00 1.215527798e+00 
1.187624750e+00 1.174545455e+00 1.223610091e+00 
1.058632735e+00 1.190545455e+00 1.390154298e+00 

1.000000000e+00 1.000000000e+00 1.000000000e+00 
1.318113772e+00 1.429818182e+00 1.678912564e+00 
1.287425150e+00 1.517818182e+00 1.711241734e+00 
1.403193613e+00 1.426909091e+00 1.678912564e+00 
1.492015968e+00 1.527272727e+00 1.764633848e+00 
1.443363273e+00 1.520000000e+00 1.757531227e+00 
1.411926148e+00 1.541818182e+00 1.757531227e+00 
1.425648703e+00 1.539636364e+00 1.757531227e+00 
1.304141717e+00 1.561454545e+00 1.769287289e+00 
1.365269461e+00 1.707636364e+00 1.855008572e+00 
1.592065868e+00 1.653090909e+00 1.855008572e+00 
1.560628743e+00 1.674909091e+00 1.855008572e+00 
1.574351297e+00 1.672727273e+00 1.855008572e+00 
1.642714571e+00 1.754909091e+00 1.902522655e+00 
1.047904192e+00 1.056727273e+00 1.215527798e+00 
1.000000000e+00 1.029818182e+00 1.137888807e+00 
1.136726547e+00 1.157090909e+00 1.301249082e+00 
1.058632735e+00 1.190545455e+00 1.390154298e+00 
1.165668663e+00 1.156363636e+00 1.359294636e+00 
1.049900200e+00 1.284363636e+00 1.528043106e+00 
1.138722555e+00 1.384727273e+00 1.613764389e+00 
1.245259481e+00 1.384727273e+00 1.619642420e+00 
1.254491018e+00 1.256727273e+00 1.445015920e+00 
1.109530938e+00 1.406545455e+00 1.671809944e+00 
1.156437126e+00 1.284363636e+00 1.533921136e+00 
1.220309381e+00 1.336000000e+00 1.535145726e+00 
1.305389222e+00 1.333090909e+00 1.535145726e+00 

1.000000000e+00 1.000000000e+00 1.000000000e+00 
1.318113772e+00 1.429818182e+00 1.678912564e+00 
1.287425150e+00 1.517818182e+00 1.711241734e+00 
1.403193613e+00 1.426909091e+00 1.678912564e+00 
1.492015968e+00 1.527272727e+00 1.764633848e+00 
1.443363273e+00 1.520000000e+00 1.757531227e+00 
1.411926148e+00 1.541818182e+00 1.757531227e+00 
1.425648703e+00 1.539636364e+00 1.757531227e+00 
1.304141717e+00 1.561454545e+00 1.769287289e+00 
1.365269461e+00 1.707636364e+00 1.855008572e+00 
1.592065868e+00 1.653090909e+00 1.855008572e+00 
1.560628743e+00 1.674909091e+00 1.855008572e+00 
1.574351297e+00 1.672727273e+00 1.855008572e+00 
1.642714571e+00 1.754909091e+00 1.902522655e+00 
1.047904192e+00 1.056727273e+00 1.215527798e+00 
1.000000000e+00 1.029818182e+00 1.137888807e+00 
1.136726547e+00 1.157090909e+00 1.301249082e+00 
1.058632735e+00 1.190545455e+00 1.390154298e+00 
1.165668663e+00 1.156363636e+00 1.359294636e+00 
1.049900200e+00 1.284363636e+00 1.528043106e+00 
1.138722555e+00 1.384727273e+00 1.613764389e+00 
1.245259481e+00 1.384727273e+00 1.619642420e+00 
1.254491018e+00 1.256727273e+00 1.445015920e+00 
1.109530938e+00 1.406545455e+00 1.671809944e+00 
1.156437126e+00 1.284363636e+00 1.533921136e+00 
1.220309381e+00 1.336000000e+00 1.535145726e+00 
1.305389222e+00 1.333090909e+00 1.535145726e+00 
