1544 1935 7783
567 688 2863
1776.33 2447 9125
821 2230 7622
1100.33 2181 8159
948.333 2250 7731
900.667 1384 5921
1118.67 2501 9452
921.667 2207 7640
1376 1722 7605
937 2515 8102
593.333 1646 6657
1119.33 2143 8193
644.333 879 3677
896.333 1655 7271
1244 2120 8159
884 1620 6837
1020.33 2614 9427
1273.67 1946 8001
1516 1939 7783
1272.67 1953 8001
1192 1517 6417
825.333 1372 5854
1713 2161 8663
970.667 1561 6408
708.667 1276 5420
1063 1844 7658
751.167 1769 7478
750.667 1670 6726
596.333 1680 7008
872 1526 6350
1852 2299 9042
625 1184 4647
742.167 1645 6709
855 2334 7820
893 1146 4933
970.333 1332 5839
1944 2493 9504
483 634 2220
1037.33 2427 8882
1537 1929 7725
581 1578 6170
1115.83 2096 7931
2832 3714 9947
1489 2375 9024
1052 2691 9452
1714 2142 8646
906.167 2253 7648
819 1025 4095
675.667 1294 5083
613 789 3174
940.333 2260 7835
640.333 1102 4772
1798 2235 8861
507.667 974 4030
661.333 910 3784
752 968 4070
873.667 1640 6526
1582 2023 8374
700.667 1568 6170
635.333 949 4013
1432 2210 8646
501 1150 4052
3047.5 3895 10549
959.333 2140 7731
674.667 1445 5796
943 2268 8589
506.667 1323 5416
966.667 2443 8907
1797 2668 9504
866.167 2100 7582
550.333 742 2839
363.667 724 2796
948 1172 5000
906.167 2276 8044
731 1348 5487
678.333 1180 4866
816.667 1496 6122
353 465 1516
343 450 1490
2143 2690 9661
413.667 863 3192
871.667 1584 6475
962.333 2212 8044
489.667 1065 3876
497.667 1199 4647
1611 1976 8092
684.333 1194 4991
593 770 3082
349 703 2672
664.333 1558 6030
1507 2351 9042
941 1214 5294
510 620 2137
829.333 1154 4976
1083 1794 7605
833.667 1427 6192
1247 1979 8092
1347.67 2172 8463
772.333 1156 4866
456 515 1875
844 1603 6247
1275.67 2038 8374
895 1565 6475
557 738 3058
1069.67 1800 7605
613.667 1529 5903
806 1530 6013
1526 2381 9059
749.667 1398 5921
898 1519 6306
685 1413 5812
904 1570 6784
737 1379 5796
692.667 1249 5329
1012.67 1651 7013
890.667 1576 6784
803 1891 7495
849.667 1454 6283
754 967 4037
708 870 3634
734 948 3945
1069 1344 5863
765.333 1051 4540
719 1295 5485
394.667 855 3067
1637.17 2802 9627
405.333 808 2854
698 916 3921
1015 1212 5109
987.167 2187 7734
410 496 1866
884 1069 4564
1013 1273 5485
1246.67 2038 8001
708 890 3726
420.333 638 2796
352.333 592 1866
1988.33 3102 9916
543.5 1077 4622
506.5 1021 4081
372 463 1759
2945.33 3910 10078
413.667 925 3784
1424 2217 8488
289.333 484 1851
401.333 893 3677
473 556 1933
501 624 2537
436 534 1918
395 890 3552
376.667 768 2839
232 284 945
342 377 988
232 242 0


744.833 1502 6282
945.333 1713 7097
2587 3600 9877
855.167 1945 8133
866.667 2237 8528
852.167 1954 7774
364.333 686 2353
464.667 1004 4146
517.667 1195 5134
3183.33 3997 10234
968 1626 6808
863.333 1912 7379
674.667 1394 5416
1520 2196 8687
790.5 1574 6716
789.5 2036 7295
843.333 1558 6526
883.833 2192 8328
614 1476 5137
1047 1930 7673
764.833 1651 6474
926.333 1660 6741
749.167 1856 6619
674.667 1414 5903
1000.33 1777 7295
563.5 1184 4875
885 2069 8620
861.5 2258 8428
654.667 1181 5015
643.167 1470 5176
360.667 668 1875
811.833 1793 7312
1071.5 1800 7337
863.333 1932 7866
755.667 1888 6853
758.833 1602 6324
802.167 2047 7607
735.667 1918 6838
741.667 1363 5728
742.833 1873 6449
2377.33 3882 9541
706.5 1283 5513
941.5 1925 7381
372 463 1759
773 1384 5747
497.667 962 4246
810.333 1741 6878
485 983 3928
736.5 1810 6282
1064 1357 5747
398.333 844 2839
1123 1780 7379
1482 1905 7599
1370 1740 7353
363.667 724 2796
398.333 864 3326
387 623 2353
382 438 1408
1379.17 2528 8764
748 1400 6020
1367.33 2914 9269
830.333 1453 6254
689 1741 5975
488.833 948 4037
289.333 484 1851
720.833 1784 6152
755.167 1729 6365
466.167 976 3550
2497 3720 9728
683.5 1219 5443
511.667 1204 4355
745 888 3684
756 890 3726
367.667 699 2704
1833.33 2772 9527
584.667 1144 4959
786.833 1753 7203
655.5 1180 5376
708 892 3726
711 1662 6073
644.333 1195 5167
642.333 994 4319
381 459 1242
466.167 996 4037
560 1011 4388
436 534 1918
511.667 1224 4842
736.5 1803 6173
485.333 775 3550
2879 3608 9983
461.667 988 3828
830 2090 7665
363 461 1408
408 502 1875
716.5 1878 6744
2783.67 4029 10094
2413.17 3896 9922
3407 3949 10069
765.167 1616 6449
1527.33 2504 8764
725.5 1437 5962
495 874 3634
755.5 1870 6744
632 825 3617
382 669 2353
433.667 859 3283
352.333 592 1866
709 1711 5990
1667.83 2735 8906
596.333 835 3634
661.333 915 3784
507.667 922 3784
532.333 1047 4622
643.667 1474 5611
410 496 1866
577.333 857 3565
471 1018 4271
476.333 821 2898
441.333 855 2907
473 556 1933
342 377 988
420.333 638 2796
567 688 2863
450.667 885 3350
671.333 914 3702
353 465 1516
232 242 0
232 284 945


1281.5 2041 8400
885.333 2115 7916
1167 1543 6767
866 1667 6651
760.333 1670 6926
778.167 1948 7465
914 1838 7413
1022.5 1623 6851
1022.5 1649 7060
1694 2234 9234
1184.5 2295 9407
456.333 811 3283
517.667 1175 4647
826 2343 8848
735.167 1925 6761
930.5 2485 9248
628 1725 5923
1680.33 2721 9507
802.5 2051 7534
891.833 1859 7932
662 1851 6644
1731 2255 9341
1176.83 2336 8945
628 1757 6477
1105.5 1830 7562
880.333 1592 6568
1131.33 1871 7957
1100 2901 10078
1415 1863 7998
1301.5 2060 8945
343 450 1490
807.333 2374 8316
1179.5 1841 7605
1778 2280 9499
778.167 1928 6978
929.333 1312 5702
423.333 959 3702
829.333 1154 4976
1754.5 3139 10384
603.333 1718 5625
628 1709 5708
1283 1632 6943
627.667 1771 5766
714.667 1494 6080
666.333 1261 5192
1462 1865 8023
855.167 1730 7010
1063 2760 9507
1723.5 2752 9721
1165.33 1965 8124
998.5 2063 8752
702.667 2002 7315
644.667 1484 5736
873.833 2249 8470
679.167 1519 6172
1005.17 2164 8770
723.667 2080 7860
852.833 2193 8303
1117 1464 6456
596.333 835 3634
1179.5 1851 7620
644.667 1483 5721
887.333 1590 6715
873.833 2271 8848
686 993 4037
512.667 1042 4104
708 890 3726
2058 2614 9788
871.5 2310 8483
1179.5 1889 8374
655.333 1922 6640
420.333 638 2796
1063.33 1792 7553
376.667 722 1918
653.333 1893 6546
757.667 2174 8027
550 1201 5092
376.667 768 2839
886.167 1827 7104
827.5 1429 6237
710.167 1617 6281
696.333 1409 5560
721.333 2119 7495
1082 2778 9622
1281.5 2062 8945
644.667 1511 6003
753.333 1115 4864
1026 1674 7511
470.667 1012 3784
674.333 1971 7091
386 846 3660
436 534 1918
1581 2045 8427
1007 1664 7035
1059.67 2672 9252
543.667 1187 4967
745 888 3684
693 1197 5443
730.333 1310 5485
1003.5 1639 6767
1104 2095 8770
696.333 1410 5618
1089.83 2450 9394
1003.5 1666 6991
1592 2059 8836
853.333 1496 6548
567 688 2863
929.333 1535 6660
1003.5 1687 7536
872.333 1641 6943
517 1000 4605
289.333 484 1851
703.333 1378 5955
901.5 1562 6591
554.333 1113 4647
507.667 922 3784
632.333 1167 5025
1003.5 1640 6782
1065 1390 6039
354.333 741 2605
775.833 1987 7100
516 1344 4957
846.5 1407 6306
670.5 1210 5468
1151.83 1998 8374
625.667 1796 6112
591.667 995 4037
720.333 1710 6391
453.333 1095 4388
556.667 1515 5528
670.333 968 3988
372 463 1759
1552.5 2895 9648
483 634 2220
729 991 4121
557 738 3058
494.333 771 3150
627 827 3550
767 1330 5797
847 1101 4867
410 496 1866
1069 1367 5863
594 790 3200
554 990 3971
593 770 3082
613 789 3174
920.5 1540 6660
752 968 4070
408 502 1875
995.833 1818 7536
591 1133 4959
510 620 2137
1016 1311 5730
734 957 3945
542.667 1241 4690
699 873 3675
2562.33 3124 10166
473 556 1933
744.5 1343 5822
353 465 1516
440.667 1075 4136
501 624 2537
363.667 724 2796
342 377 988
352.333 592 1866
232 284 945
2916 3863 10414
232 242 0


900 1522 6673
629 1148 5150
1396.5 2115 8544
913.333 1312 5921
678 840 3408
715.833 2045 8193
837.5 2144 8597
693 1282 5359
693.667 1497 6282
679 836 3408
694.167 2010 7607
597 1462 5807
698 1237 5443
809 1403 5988
582.5 1318 5359
1206.83 1994 7885
930.667 2426 9168
851.5 1478 6366
873.667 2409 9073
980 1889 7748
1280 1694 7146
661.333 915 3784
1164.33 2037 8152
440.333 792 2858
597.5 1601 5906
1393.83 2411 9435
3173.33 3899 10142
1355.83 2313 9031
530.333 1248 5092
904 1545 6742
731.5 2125 8210
1029.83 2426 9477
697 1448 6041
352.333 592 1866
792.333 2059 8210
968.333 1715 7261
707 1265 5468
762.833 2238 8764
527 1166 4816
672.5 1912 7315
544 1170 4983
839.667 1470 6131
553 1173 5092
945 1894 7773
530 1265 5220
709.833 2060 7860
550 1201 5092
694.167 2003 7498
1375.83 2419 9477
894 1550 6475
703.833 2068 7626
634.833 1795 7022
497 973 4205
510.667 1188 4733
760 1625 6560
289.333 484 1851
718.5 1761 6838
738.167 2121 8210
1275.5 2032 8127
847 1608 6795
1110.5 1863 7773
653 1509 6391
1300.83 2154 8639
619 1502 6282
781.5 1623 6449
826.333 1837 7272
659.667 1300 5496
1995.5 3612 9970
619.167 1738 6660
904.333 1819 7263
738.333 1425 5974
954.833 2161 8639
376.667 768 2839
471 1018 4271
591 1133 4959
574 1326 5570
517 1000 4605
360.667 716 2396
624 812 3267
386 846 3660
497.667 962 4246
859.833 2220 8614
353 465 1516
933.667 1630 6885
636.833 1764 6744
494.333 771 3150
723 1308 5904
507.667 922 3784
597.5 1647 6477
436 534 1918
626.333 946 4095
601.333 1548 6073
792.333 1667 6718
704.333 1856 7372
784.833 1955 7776
460 830 3217
522.333 773 3259
845 1685 6878
681 1893 7205
3302.5 3948 10197
360.667 668 1875
567 688 2863
701 1378 5611
410 496 1866
474 1117 4675
363.667 724 2796
550.333 742 2839
343 450 1490
804 1686 6910
780.667 1723 6743
400.333 611 2396
3023.83 3896 10039
827 1822 7147
968.333 1785 7314
3116.33 3966 10534
453.667 984 3754
408 502 1875
1311 2327 8947
420.333 638 2796
436.667 965 3687
661.333 910 3784
447.333 808 3174
372 463 1759
342 377 988
361 705 2338
232 242 0
2645 3242 9807
382 438 1408
473 556 1933
232 284 945
699 873 3675


952.333 1814 7395
834.833 2156 8207
886.5 1965 7831
671.833 1956 7773
670.833 1873 7075
735.833 2136 7992
612.167 1732 6952
791.5 2418 9131
1062.33 1554 6574
1349.83 2460 9332
382 438 1408
670.833 1898 7186
745.167 2152 8007
1228 1970 8191
692.5 2012 7940
1161.5 1973 7840
612 1120 5042
1142.67 2382 9183
625 1537 6483
735.833 2184 8761
1165.5 1803 7286
842.333 2075 7958
697 885 3684
438.333 1062 4455
689.167 1997 7898
633.833 1788 7019
623.667 1388 5796
366.667 808 3301
1080.33 2193 8787
618.667 1426 5822
546.667 1433 5988
670.833 1905 7629
647.167 1457 6239
633.167 1431 5921
556.333 1485 6306
532.333 786 3341
593.667 1607 6851
749.333 1806 7162
773.333 1607 7075
852.167 1869 7620
735.833 2162 8383
1013 2235 8870
1061.33 1976 8133
752 1375 5711
1003.67 2223 8779
2698.33 3363 9752
1423.33 2211 8845
475.333 1201 5443
422.667 994 4179
2935.5 3839 9892
2946.67 3785 9944
1127.33 2218 8870
1126 1414 5930
1083.5 1896 7629
484 624 2304
952 1843 7620
941.333 2034 8383
547 661 2463
728 1863 7471
456.333 1155 5084
528.5 1067 4538
909.333 2142 8089
2316.67 3459 9873
1088.33 1891 7646
651 768 2854
1957.33 2948 9602
513 1306 5485
656.667 1437 6030
821 1042 4271
361 705 2338
521 662 2411
789 1355 5811
893 1583 6574
464 1069 4513
1126 1810 7620
352.333 592 1866
784 1056 4319
354.333 741 2605
460 1112 4605
636 1441 6087
401.333 893 3677
376.667 768 2839
466.333 1115 4622
631 771 2840
408 502 1875
780 1407 5820
329.333 665 2313
413.667 925 3784
649 779 2863
360.667 714 2796
1789.33 2361 8928
550.333 742 2839
2064.67 2825 9602
536 1060 4403
406.333 631 1870
520 656 2328
446.333 713 2620
379 831 3634
410 496 1866
353 465 1516
465.333 681 2689
576.333 850 3677
2497 3536 9888
455.333 657 2338
343 450 1490
357.333 711 2422
530.333 761 2839
473 556 1933
232 242 0
232 284 945
289.333 484 1851
342 377 988


1500 1878 7620
1610 2014 7951
595 1396 5329
2486.83 3478 9296
1303 1624 6434
745.667 1934 7328
1003 1252 5167
586.667 1398 5353
728 1772 6854
1015 1235 5109
408.333 766 3107
3253 4017 10293
649 1624 6122
2022 3802 10100
2953 3515 9920
1144 1439 6030
661 1651 6408
464.667 1084 4237
878 1522 5881
1293 1677 6877
593 1433 5478
596 1417 5478
1272.33 1755 6726
669 1575 6049
467 1096 4336
655 1635 6247
1217 1647 6684
655 1640 6283
624.5 1203 5042
692.333 1744 6632
671.333 914 3702
1441.33 2343 8678
1369 1735 7075
2528.5 3652 9706
884 1069 4564
2591.17 3650 9970
837 1545 5947
2708.5 3611 10265
984 2213 8444
1343 1793 6921
1163 1429 5863
714.333 1841 7104
622 1404 5504
2455.33 3610 9491
1443 1811 7313
714 1832 7052
623.667 1503 5863
790 932 3726
406 825 2955
448.667 1047 4138
461 1068 4154
1160 1617 6325
837 999 4121
1438.67 2127 8066
882 1610 6309
677 1693 6559
722.333 1765 6745
411.333 862 3249
363.667 724 2796
1062 1293 5385
738.667 1951 7192
885 2032 7957
1304 1649 6851
1322 1640 6851
714.333 1362 5485
549 1246 4933
1011 1313 5266
708.333 1825 6943
748.333 1976 7724
1134 1467 5947
1572 1964 7829
360.333 633 2186
689 1775 6903
2607.33 3533 9899
543 1235 4808
601.667 1434 5738
898 1539 6306
957 1251 5051
1164 1812 7386
1271 1670 6702
978 1717 6658
2236 3409 8890
289.333 484 1851
391.333 650 2405
486 1101 4622
1126 1472 6239
1039 1446 5863
410 496 1866
2930 3524 9632
376.667 768 2839
436 534 1918
452.333 985 3717
616 1393 5379
967 1261 5251
1376 2324 8453
414.667 886 3567
811.5 2280 8361
567 713 2863
420.333 638 2796
606.333 863 3552
750 1851 7130
690.667 1623 6309
977 1727 6658
1032 1286 5318
675.333 1594 6200
951.5 2242 8295
708 870 3634
1498 2328 8887
2073.5 3474 9215
1191 1497 6306
1212 1650 6376
744 1831 6969
2636.33 3305 8987
1013 1296 5485
2870 3793 10290
473.333 1085 4497
1056.83 2538 8455
818.667 2092 7899
752.333 1464 5837
943 2139 8118
781 1932 7145
460 1025 4054
420.667 897 3692
367.667 699 2704
480 1131 4513
698 1318 5318
411 887 3341
523.333 804 3350
408 502 1875
352.333 592 1866
623 797 3174
473 556 1933
353 465 1516
364.333 686 2353
343 450 1490
232 284 945
372 463 1759
232 242 0
342 377 988


1984.33 2763 9986
1861.67 2693 9519
940 1566 6607
364.333 686 2353
838 1105 5267
1463.33 2157 8024
1330.83 2603 9252
908.333 2591 8993
824.333 2290 8044
876.667 2497 8155
1008.83 2109 7464
907.333 1708 7119
931 1295 5621
1193 1584 6609
817 1538 6565
813.5 1308 5644
1055.5 1591 6632
951.5 1506 6256
1050 1999 7464
755 1165 4781
1509.33 2215 8193
693 2006 7267
591.333 1299 5293
761 1606 6256
1087.5 3022 9513
736 2070 7460
1173.5 2249 8044
909 2518 8202
984 1336 5702
1167.5 2257 8511
522.833 1396 4851
697 1271 4873
670 928 4012
1227 1908 7558
749 1265 5037
1065 3025 9257
575 1453 6189
471.333 799 2731
727 966 4279
780 1067 4908
485.333 775 3550
834.667 2188 7610
921.333 2131 7665
1185.83 2216 8018
705 971 4227
1127.17 2450 8531
520.333 1018 4012
714 1734 6348
803.333 1421 6145
701.5 1991 6780
1799.83 2940 9981
677.667 1788 6722
764 984 4429
557 738 3058
501 1129 4739
501 624 2537
2271.83 3687 10211
739 1853 7177
763.333 2134 7552
1120.83 2053 7648
947.833 2181 7844
382 856 3550
813.333 1983 7223
659 908 4003
672 1740 6214
1040.67 1800 7203
657.5 1840 6235
376.333 647 1977
1696.33 2581 9369
1091.17 2527 8592
1169.33 3131 9831
548 742 3458
522.833 1419 5247
494 1192 4372
706 907 3608
1936.33 3393 10184
635.333 1349 5360
339 490 1432
1534.67 2479 8707
504 648 2704
655.667 1845 6722
1672.67 2497 9040
1698.33 2565 9369
452.333 816 3174
1232 1671 6682
773.333 1244 4873
563.333 982 3719
484.833 1061 4052
1570.33 2831 9513
736 906 3608
938.833 2123 7648
453 996 3818
789 1014 4446
722 1285 5119
629.667 1448 5794
706 946 4070
817.333 1838 6894
1535.33 2455 8682
1235.33 2751 9435
990.833 2284 8311
552 1093 4319
689.333 1385 5502
526.667 1038 4037
447 1103 4319
732.333 1704 6469
927.167 2473 8129
1375.33 2103 7731
354.333 741 2605
1937.33 2771 9811
845.833 1963 7290
474 638 2620
482 637 2468
1491.33 2230 8136
545 1179 4806
498 1008 3943
1089.83 2555 8572
589 1346 5351
464 631 2061
815 2260 7601
936.667 2668 9143
408 502 1875
557.667 1239 4864
542 1097 4319
887.667 1744 6661
497 988 3571
1937.33 2796 9889
647 1415 5418
690 1641 6339
929.333 2413 8202
1545.33 2370 8948
3051 3823 10588
1434.33 2105 7740
1220.83 2982 9388
452.333 796 2687
465 592 2353
952 2582 8506
1417 2976 9806
883.333 2487 8155
352.333 592 1866
1465.83 2837 9806
951.333 2537 8414
382 438 1408
1105.83 2367 8414
560.667 1338 5268
343 450 1490
1257.5 2406 8666
1203.83 2517 8572
2380.5 3071 10102
568 689 2730
372 463 1759
1733 2710 9443
2280 3249 10102
232 284 945
406.333 631 1870
473 556 1933
232 242 0
342 377 988


2211.5 3175 9676
857 1771 6793
1540.67 2408 8641
1370.33 1863 7256
807.667 1815 6702
2968.67 4057 10432
869.333 1868 6880
827.333 1991 6798
602.667 1445 5369
1030.67 2194 8205
857 1768 6484
857 1783 6860
560 1420 5043
813.333 1662 5934
1356.67 2094 8032
1067.67 2234 8512
1233 1601 6511
519 1298 4542
876 1931 7189
2519.83 3781 9863
1653 2330 8581
609.5 1210 4609
507.667 974 4030
608 833 3085
719 1006 4073
1154.33 1815 6897
1089 1415 5763
1182 1388 5863
688 874 3342
774.333 1684 6143
907.5 1483 5757
1330 1890 7743
754 1366 5589
1038 1360 5757
1194 1408 5930
1148 1566 6326
609.667 1144 4584
633 1185 5018
1261 1702 6600
856 1536 6143
887 1947 7743
352.333 592 1866
1315 1809 7013
1232 1625 6511
906.333 1247 5443
794 1011 4513
842.667 2083 7131
1335 1771 7065
1180.67 1730 6882
681 1601 5614
700.167 1540 5881
483 611 2095
739.667 1742 6452
884 1069 4564
2154 3467 9294
410 496 1866
461 1068 4154
2879.17 3817 9916
735 1355 5572
1140 1530 6311
1306 1702 6798
420.333 638 2796
376.667 768 2839
688 894 3434
706 1438 5104
611.5 1174 4622
1033.33 1634 6326
1009.5 1653 6311
1334 1795 7065
1045.33 1719 6813
1680.17 3081 8841
642 807 3108
537.667 1121 4355
1733 2551 9046
1424.5 2664 8514
1523.33 2716 8606
1272.5 1908 7171
799.333 1324 5084
856 1513 5747
1035 1693 6452
1140 1507 5915
402 867 3125
735 1332 5176
385.667 679 2295
481 1206 4338
451 896 3258
864.5 1492 5881
420.667 897 3692
487.667 1048 4054
757.333 1082 4264
1141 1483 5872
1365.67 2041 8010
1016 1216 5376
367.667 699 2704
1255.5 1925 7189
1758.67 3172 9091
1915 2453 8757
541 1225 4942
625 895 3235
2119 2702 9222
695.667 1548 5507
539 1074 4180
708 890 3726
2036.67 3075 9214
813.167 1963 6736
803 1277 5043
2470 3843 10121
633 1162 4622
289.333 484 1851
506.5 1066 4055
1311 1632 6693
697 862 3692
2688.83 3627 9903
2154.33 2971 9524
408 502 1875
931 1147 5209
353 465 1516
641 821 3217
641 799 2915
567 713 2863
473 556 1933
680 862 3283
360.667 668 1875
343 450 1490
232 284 945
625 823 3175
232 242 0
342 377 988
436 534 1918


697 1462 5754
1324 2117 8502
1180.33 1561 6291
1059.67 1813 6888
711.333 2022 6269
545 1187 4179
776 1875 6712
1022 2452 8831
471 972 3350
1148.67 1952 7398
683.667 1921 5715
1881.33 2495 9349
844.667 2087 7231
862.667 2308 7398
929 2382 8330
1542.33 2171 8636
455 600 1979
726.333 1052 4538
771 2286 7205
1270.33 1904 7639
771.667 1946 6660
607 1022 4179
372 463 1759
812.667 1564 6015
661.333 915 3784
489.667 1007 3828
1373.33 2247 8778
614.667 1707 5404
696.667 1983 6226
736.333 1997 6395
1339 1806 7470
727 2104 6660
1110 1768 7068
1276.33 2212 8460
790 1873 6393
1232.33 2039 7915
554.333 1290 4316
1230 1808 7511
1340.33 1829 7520
1004.33 1408 5947
622.333 1226 4916
1337.33 1987 7915
767.333 1448 5754
917.333 2102 7759
1116 2129 8253
781.833 1509 5863
1301 1679 6966
413.667 883 2839
882 2235 7776
667.667 1218 5376
1643.33 2370 9341
487.667 1242 4069
1430.33 2040 8091
989.333 2371 8324
1183 1909 7639
1013.33 1370 5921
909.333 1377 5754
1167 1730 6966
471 998 3784
1101.33 1794 6836
1563.33 2173 8945
716.667 1684 5891
1031.17 2071 7718
460.333 819 3258
975 1921 7390
1200 2060 7857
1497 2743 9563
943 1485 6128
922 1454 5838
910 1185 4908
1451.33 2042 8400
555.667 1229 4700
1122 1455 6145
1422.33 1965 8082
897.667 1578 6716
554.333 1229 4666
695 1581 5444
1267.33 2519 9469
536.667 994 3828
2335.33 3806 9739
1011.83 1569 6145
870.667 1814 6432
1310.33 1834 7537
495 874 3634
1080.33 1474 6197
530.333 761 2839
1192.33 1605 6742
752 1798 6173
762.333 1146 4681
1243.33 1730 7261
789 1014 4446
360.667 714 2796
572.667 1059 4538
1753 2642 9636
289.333 484 1851
917 2221 7785
807.167 1945 6810
507.667 922 3784
831.333 1383 5461
1391.33 2401 9091
787.333 1768 6376
716.667 1694 6067
842 1469 5930
1329.67 2327 8815
702 1745 5822
829 2093 7214
983.667 1888 6827
1274.67 2283 8648
2491.33 3642 9950
1087.67 2284 8648
658 1183 4691
653 1124 4622
1237.33 1693 6966
811 1847 6393
1097.33 1615 6741
922.333 1345 5544
1139.33 1737 7094
1310 2380 8726
920.333 2122 8077
2606.67 3384 9886
1133.67 2053 7407
888.667 1868 6449
1111.33 2419 9193
648.667 1126 4647
353 465 1516
1160.67 2549 9469
1083.33 2545 9151
1047.67 2521 8898
661.333 910 3784
876 1629 6357
1028.33 1379 6030
1040 2413 8619
819.667 1728 6393
1133.67 2075 7785
1125 2704 9547
739.667 1423 5444
470.333 990 3745
917.333 2085 7381
501.333 922 3659
809.667 1984 6862
863.333 1900 6938
1000.67 2391 8606
708 892 3726
604.333 1027 3943
1033 1835 7390
1002.33 1783 6827
746.667 1587 5822
946.667 2054 7407
422.333 857 2824
1145.33 1576 6532
1046 2443 8700
382 438 1408
744.333 1211 4806
866 1438 5837
692.333 985 4204
1171 2223 8330
867.5 1604 6340
1238.33 2143 8411
883 1484 5962
802.333 1098 4647
873.667 1935 7214
1202.33 1618 6782
2705.5 3579 10263
917.333 2073 7355
909.667 1898 6797
352.333 592 1866
943.667 1977 7381
726.333 1047 4538
1071.33 2524 9084
445.667 940 2854
550.333 742 2839
485.333 775 3550
473 561 1933
642.333 994 4319
1085.67 2233 8181
956.333 1407 5878
504.167 1063 4146
1171 1961 7407
1216.67 2032 7657
1222.67 2069 7952
1159.67 1991 7407
360.667 668 1875
990.333 2248 8330
1228 2003 7657
946.667 2076 7785
1039.67 2378 8606
635.333 956 3895
817.333 1352 5377
894.333 1368 5553
677 1629 5554
996.333 1576 6198
420.333 638 2796
410 496 1866
408 502 1875
851 1421 5820
387 623 2353
889.833 1746 6761
802.333 1119 4647
561.333 842 3659
470.667 1012 3784
343 450 1490
725.5 1441 5410
568.167 1455 5352
1152 1814 7178
885.333 1681 6383
791.333 1202 4999
436 534 1918
445.667 979 3316
232 242 0
232 284 945
342 377 988


875.667 1503 6607
1041.5 1945 7999
726 1289 5359
545 994 4371
610 1228 5083
916.5 1887 7775
806.5 1445 5865
366.667 808 3301
933.5 1809 7659
796.5 1681 6979
1096.83 2371 9040
639.333 1678 6428
542.667 1005 4139
1425.33 2276 9283
723 973 4029
738.667 1296 5838
699.667 1306 5769
669.333 927 3634
503.5 1108 4271
832 1648 6787
709.667 1266 5307
761.333 2057 8580
1110.67 1815 8093
738.667 1257 5376
1037 1783 7313
1267.67 2032 8544
1003.67 2313 8882
769 1032 4386
562.667 1099 5000
732.333 1834 7146
488.167 1139 4407
1051.5 1871 8118
958.667 1601 6716
1046.67 1779 7626
948.667 1602 6716
1478.33 2429 9349
732.333 1833 6963
1426.67 2251 9258
544.167 1361 5596
726.333 1052 4538
609 1392 5680
647 1215 5109
754.833 1903 7759
474 638 2620
930 1204 5026
1183.67 1986 8395
503 977 3746
466.167 996 4037
1296.67 2067 8862
408 502 1875
574 762 3108
1098 1963 8133
485.333 728 2796
525.333 956 4012
948.667 1641 7178
1156.33 2246 9031
666.333 1836 7450
485.333 775 3550
450.667 885 3350
950.333 1375 6197
821.667 1394 5947
361 705 2338
989.667 1654 7230
1533.5 2329 9441
758 1624 6632
498 1210 4647
353 465 1516
802.167 1682 7255
610.833 1523 6142
999.667 1614 6768
412 648 2003
1367.33 2151 8887
752.5 1470 5947
772.667 1802 7255
725.667 1875 7717
376.667 768 2839
1122.67 1763 7428
875.667 2032 7915
774.333 1291 5421
1156.33 1612 6966
562.667 1060 4538
643.333 1614 6325
752.5 1490 6434
643.333 1660 6896
2667.83 3471 11105
572.667 1059 4538
811.667 1434 6409
544.333 1325 5487
363.667 678 1875
465.333 681 2689
579.333 1248 5040
398.333 864 3326
423.333 959 3702
503.5 1155 5025
1634.83 3180 10768
503.5 1135 4538
521 652 2629
503.333 1114 4119
410 496 1866
989.667 1615 6768
583 1247 5266
811.667 1395 5947
632 825 3617
689.833 1752 6911
472.333 1022 4104
752.5 1444 5863
446.333 713 2620
643.333 1621 6434
536 1060 4403
953.333 2382 8882
422.667 974 3659
578.333 867 3565
1054.5 2632 9286
518.667 1038 4204
520.667 953 3565
961 2416 8890
1505.33 2770 9554
361.333 716 2635
343 450 1490
289.333 484 1851
473 556 1933
519 629 2420
671.333 914 3702
708 890 3726
465 592 2353
567 713 2863
342 377 988
232 284 945
382 438 1408
232 242 0
352.333 592 1866
436 534 1918


758 1401 5972
756 1982 7103
562.667 1099 5000
610 1474 5393
661.333 910 3784
1333 1958 7395
1183 1484 6197
343 450 1490
1272.67 2251 8018
824.667 1746 7077
812 2258 8035
656 1726 6256
817 1997 7590
1145.67 1978 7478
756 2021 7565
809.333 2213 7969
1286 2003 7648
742.333 1256 5251
812 2210 7665
1093.83 2514 8856
666.667 1541 6256
737.333 1039 4497
787 1396 5930
656 1751 6590
1034 1354 5930
711 1329 5821
1074 2252 8271
541.333 1284 5378
482.667 988 3970
1002.33 2555 8856
649 1436 5627
733.5 1348 5863
656 1771 7077
826 1621 6308
899 2318 8428
726.333 2008 7205
984.167 2424 8486
1029 1627 6351
1244.17 2170 7809
754.833 1989 7078
526.667 1038 4037
372 463 1759
2296 3882 9709
586.667 1555 5891
1477.33 2298 8336
593.333 997 4037
935.5 2212 7926
838 1629 6400
597.333 1514 5730
945 2563 8486
658.333 1287 5395
1005.5 2522 8856
656 1054 4455
1751 2122 7717
655 1772 6660
638.667 1166 5109
1319.5 2438 8778
591.333 1493 5615
444 968 3578
1157.33 2720 9128
610 1521 6147
820.333 1977 7164
534.667 1072 4121
558 1191 4967
596.333 835 3634
661.333 972 4388
1456.67 2711 9260
745 888 3684
1360 2198 7823
937 1645 6615
1538 2093 7715
566.333 1059 4413
842 1992 7598
554.667 1197 4916
460.333 819 3258
507.667 922 3784
525.333 956 4012
572.667 1059 4538
1094.67 1845 7280
527.333 1341 5070
810 1025 4438
1890.67 2621 9148
527 1046 4104
408.333 766 3107
1306.5 2478 8798
2851 3427 9846
385.667 679 2295
452.333 816 3174
994 1698 6709
1696.67 2506 8830
360.333 633 2186
451.667 936 3569
527.333 1302 4608
1443.67 2130 7765
456.833 1113 3720
482.333 1090 4557
536.333 1054 4213
561.333 842 3659
553.333 1002 4121
477 1003 3876
1266 1627 6768
550.333 742 2839
751 1745 6760
2635.33 3579 10294
1433 1832 7082
436 534 1918
949 1232 5318
726.333 1052 4538
353 465 1516
2245 3783 9643
352.333 592 1866
482 1068 3979
1380 1704 6793
463.333 1036 3629
420.333 638 2796
661.333 915 3784
485.333 775 3550
632 825 3617
382 438 1408
408 502 1875
441 869 3174
483 611 2095
2376.83 3348 9839
1731.33 3144 9324
512 627 2271
501.333 922 3659
535.333 1073 4230
2806 3334 9676
473 556 1933
426.333 977 3176
429.667 968 3535
2189 3275 9412
289.333 484 1851
2249 3193 9508
342 377 988
349 703 2672
530.333 761 2839
404.333 909 3151
363.667 724 2796
410 496 1866
567 688 2863
708 890 3726
232 284 945
232 242 0


1452.33 1974 7867
1178 2395 8511
1301 2495 9140
958.667 1641 6591
1287.33 2157 8124
993.333 1426 6128
1828.67 2694 9196
714.667 1280 5157
1297.33 1984 7564
1049.67 1637 6768
1491.33 2259 8800
652.333 949 4038
633.167 1596 5593
699.333 1485 5769
823.667 1912 6632
1236.67 2367 8229
895.667 1491 5987
2024.83 2964 10298
705 961 4227
633.667 1106 4553
561.333 842 3659
1325.33 2293 8678
1284.67 1909 7537
473 556 1933
367.667 699 2704
495 874 3634
525 1316 4875
826.333 1601 5878
692.333 1317 5391
1184.67 2352 8068
1053.33 1887 7386
916 2136 7523
1409 2156 8124
379 785 2713
420 886 2796
530.333 761 2839
1178 2373 8133
596.5 1479 5416
772.5 1502 5837
1167.5 2466 8555
978.667 1554 6434
976.667 1499 6197
1652.33 3130 10223
1143 2506 8444
343 450 1490
1185 2033 7690
1199.5 1969 7553
730.333 1635 6523
1135.67 1774 7261
413.333 920 2884
2563.5 3802 10364
360.667 668 1875
1544.33 2453 9082
1227.33 1699 6947
1214.67 2351 8068
1377.33 1874 7631
1209.33 1651 6825
1027.33 2337 8010
1447 2292 8678
975.667 1584 6716
1696.83 2714 9371
844 1608 6145
1538.83 2751 9478
1153 1914 7495
640 1089 4622
856.333 1219 5359
820.667 1933 7386
810 1027 4446
1534.67 2999 9460
444 1088 4388
1560 3076 9772
456.667 904 3191
866 1318 5443
1052.33 1714 6771
668 1411 5307
1258.33 1951 7540
382 438 1408
1315.33 1955 7675
1418.33 2121 8229
354.333 741 2605
610.333 1324 5157
827.333 1202 4974
1350.33 1814 7296
674.333 1018 4413
1182.67 1841 7312
1354.33 2080 8066
984.333 1407 5838
622.333 982 4319
510 999 4388
668 1433 5685
1570.33 3060 9798
994.667 2143 7675
700.667 1495 5794
805.667 1609 6325
902.667 1446 6145
1368.33 1854 7313
871.333 1539 5947
815 1621 6434
565 1269 4959
622.333 1226 4916
1437.33 2156 8246
1595.33 2354 9015
428 915 3945
596.333 835 3634
483 611 2095
1105.33 1554 6768
905.667 1416 5863
891.333 1458 5728
1136.67 2051 7607
786 1574 5863
1366.67 2819 9402
1944 2445 9306
1658.17 3050 9940
1040.33 1417 6014
1246 2167 8427
824.333 1917 7008
1341.33 1974 7842
845.667 1578 6239
682.667 1194 4692
420.333 638 2796
726.333 1052 4538
372 463 1759
871.333 1561 6325
774.333 1291 5421
1179 2509 9015
918.667 1738 7188
1319.17 2449 8691
1499.33 2252 8511
1780.83 3028 10031
1842 2736 9903
967.333 1279 5443
1149.83 2041 7957
485.333 895 3550
791.333 1082 4605
485.333 775 3550
1613.5 2219 8485
1118.83 1811 7203
768.333 1704 6617
1685 2189 8485
1197.33 1987 7581
949.667 1830 7203
648 1266 5025
919.333 1334 5728
661.333 972 4388
1646 2205 8511
951.5 2004 7579
829.667 1586 5947
861.667 1758 7188
408 495 1783
1234 2091 8066
387 623 2353
1375 2270 8444
548 742 3458
778.333 1418 5429
557 738 2941
734.333 1110 4959
339 490 1432
918.667 1692 6617
824 1463 5863
436 534 1918
1461 1845 7364
459.333 877 2976
897 1601 6434
501 624 2537
661.333 910 3784
408 502 1875
2970.5 3748 10534
353 465 1516
2824.83 3923 10713
342 377 988
410 496 1866
232 242 0
352.333 592 1866
232 284 945


1174 2717 9232
1317.5 1854 7629
850 1564 6066
1127.33 1812 7562
888.167 2096 8107
1210.33 1982 8116
543.333 1428 6014
1141.5 2443 9039
733.333 1078 4446
881.333 2072 7823
673 1725 6517
949.333 2299 8394
1517 2637 9098
1150.33 1990 7699
506.333 1289 5026
824.667 2320 8371
1009 2545 8439
793.667 2155 7857
447 1058 4205
629.833 1181 4875
1416.17 3018 9741
413.667 925 3784
1052 1371 5872
673 1705 6030
1627.17 2775 9627
697 885 3684
1789.17 2914 9741
459.333 1190 4532
544 1379 5391
589.667 1122 4622
1187.5 1682 6808
801 1036 4388
567 713 2863
343 450 1490
724 1276 5176
1278.5 2638 9232
733 1666 6191
528 1339 5176
543.667 1379 5193
995.333 1354 5391
376 826 2818
289.333 484 1851
1764.5 2319 8661
782 998 4162
1176.33 2293 8620
741 1952 7088
549 699 2738
1209.5 2670 9610
394.333 786 2740
1103.33 1807 7295
863.667 2131 7642
865.667 1419 5930
1089.17 2091 8133
1018.67 1883 7270
1103 2581 8723
986 2020 7406
940.333 2269 8253
1074.33 2503 8623
1022.67 1755 7071
1182.83 1979 7691
826.333 1211 5200
865 1100 4495
913.167 2297 8305
759.667 2067 7484
576.333 850 3677
781.333 2148 7550
979 1608 6526
519.333 844 3191
708 890 3726
353 465 1516
695.333 1047 4029
1050 1836 7137
460 1112 4605
536.333 1054 4213
1088 2220 8594
1018.5 2372 8411
827.333 1397 5754
965.167 1684 6808
893.667 1835 7052
1239 1558 6254
986.333 1810 7061
969.333 2507 8411
874.667 1523 6239
1134.33 2203 8411
503.333 1282 4751
1081 1356 5485
1126.33 1790 7119
1021.17 1864 7562
807 1799 6768
952.333 1761 6897
563 820 3191
612 793 3525
836 1053 4455
950.667 1656 6699
669.667 1355 5416
1102.5 1793 7119
696.667 1177 4875
675 1371 5538
979.667 1509 6020
432.333 1067 4386
1090 1346 5463
567 693 2771
349 703 2672
1080.33 1810 7295
1078.83 2052 7866
838 1900 7002
1057.67 1741 7003
1135 1452 6087
884 1095 4564
832.333 1388 5571
1438 2438 8678
597.667 1094 4403
736.667 1698 6233
715.333 1042 4212
641.667 1188 5157
1701 2924 10031
1026 1861 7186
584.333 963 3945
903.333 1640 6507
631.833 1311 5374
352.333 592 1866
997.333 1640 6741
932 1936 7286
823.333 2040 7200
1031.83 2238 8153
734 979 4079
640.667 1201 4984
891.667 1517 6145
984.667 1603 6432
1050.5 2288 8302
530.333 761 2839
372.667 848 3565
685.667 1280 5376
574 762 3108
1605.33 2661 9390
437.333 701 2353
1299.83 2664 9251
738 1887 6612
804.667 1925 6804
713 1928 6721
945.167 1896 7186
774 1934 7028
1113.67 2041 7580
436 534 1918
382 438 1408
1083 2333 8411
528 1393 5182
1802.67 2845 9877
1579.33 2796 9704
1604.67 2608 9056
474 638 2620
473 665 2245
764.667 1756 6632
514 613 2353
1891 3047 10255
473 556 1933
485.167 1025 3837
408 502 1875
504 648 2704
1688.33 3313 10303
2861 3586 11024
410 496 1866
501 624 2537
372 463 1759
2695.17 3884 10527
232 284 945
342 377 988
232 242 0


1918 2459 8981
1136 1516 6049
1154.67 2528 8241
411 841 2420
1487.17 2515 8815
731 1379 5376
1417 1780 6962
1351 1971 7599
952 1765 6699
1111 1811 6904
708 890 3726
1378.67 2291 8118
458.333 751 2270
455 600 1979
452.667 766 2246
746 1409 5429
411.333 827 2353
740 1393 5420
884.833 2233 7381
1288.33 2283 7745
1087 1387 5596
1720 2319 8689
474 638 2620
1096 1427 5796
1709.33 2340 8580
679.667 1513 5811
1015 1327 5587
955 1834 6888
1847.33 2517 8976
458.333 763 2353
502.333 979 3736
1686 2574 8884
708.667 1906 7195
875.333 1562 5930
364.333 666 1866
1517 2229 8411
1338.33 2520 8270
946 1857 6799
543 1121 4599
436 534 1918
793.333 1201 5109
458 1064 4204
398 838 2396
671 1754 6650
552 1175 5042
1489 2179 8027
1638 2096 7714
505.333 973 4054
519 629 2420
1629.67 2443 8598
2107 2671 9326
1051.17 2374 8060
411.333 862 3216
1395.33 2345 8161
1365.67 2744 8480
1032 1319 5309
1105 1830 6879
975.667 2193 7682
405 840 2411
3128.33 3949 9935
410 496 1866
1294 2804 8779
543.667 1267 4647
1477.33 2270 8520
1448 2882 9380
1370 2662 8826
709.667 1353 5109
2508.33 3635 9635
458.333 797 3191
1486.33 2195 8119
1960.33 3222 9457
1068.5 2287 7994
1444 2883 8946
1046.83 1850 7103
1340.33 2432 8118
693.667 1889 7178
1627 2165 7895
1301 2141 7541
387 603 1866
666.333 1546 5856
414.667 886 3567
467.667 1074 4555
505 998 4179
1565 2220 8520
752 968 4070
1160 1848 7347
505 978 3692
411 702 2095
1861.33 2859 9163
1333 2186 7699
1321.33 2467 8066
976 1583 6254
1769.67 2652 8968
1328.33 2653 8398
589.333 1511 5411
1555 2169 8202
596.333 1495 5416
1442 2562 8355
1344 2586 8467
1334.67 2292 8003
555.333 1395 5311
991.167 1739 6793
1408.17 2799 8920
445.667 1030 4043
2941 3533 9633
850 1545 5899
1192.33 2486 8144
1816.67 2671 8993
1527 2116 7798
549.333 1341 4949
596.333 1518 5812
389 513 1714
599.333 1504 5530
452 1004 4112
339 490 1432
634 1670 6357
458.333 777 2704
473 556 1933
606.333 864 3552
522.333 773 3259
531.333 804 3341
806 1435 5596
1497 2174 8228
369.333 634 1851
707.333 1669 6357
661.667 1650 5940
660.333 1492 5494
3166.33 3872 10212
464.333 727 2411
1197.67 2145 7657
543.333 1327 4824
1054.33 2130 7281
930.333 1538 5930
936 1617 6417
2069.67 2946 9564
1461.33 2202 8202
1722 2128 8033
400.333 590 1851
927 1563 5974
580.667 1449 5369
2456.5 3868 9825
549 699 2738
1663.33 2415 8597
382 438 1408
1896.33 2703 9168
567 688 2863
408 502 1875
417.667 822 2796
1424 2036 7657
343 450 1490
1335.33 2021 7364
465 592 2353
2776 3673 9636
232 284 945
407.333 733 1877
449.667 769 2353
342 377 988
232 242 0
353 465 1516


889.167 2442 7800
1050.33 1895 6961
782.833 2044 7255
507.667 922 3784
1308.5 1932 7389
1281.17 2692 9175
436 534 1918
1216.5 2023 7497
568 699 2771
1115.17 2489 8004
1070.17 2406 7826
677.667 1247 5251
289.333 484 1851
684.667 1812 5899
945.5 2144 7809
601.333 1501 5753
997.667 1709 6841
893.667 1322 5376
783.833 1958 6685
1222.83 2249 7893
382 438 1408
2431.67 3296 10105
419.667 1044 4428
756.667 1611 6591
1196.17 2794 9175
458.667 819 3074
715.333 1042 4212
649 779 2863
1702 2109 7648
1607 2325 8403
871.167 1841 6952
883.5 1957 7322
1090.83 2376 7984
1737.67 2412 8494
683.333 1043 4230
1495.17 2122 7530
928.167 2267 7600
867.667 1831 6768
601.333 1481 5266
1162.5 2476 8354
1945 2375 8494
473 556 1933
554.333 1305 4890
1103.17 2492 8354
565.167 1428 5134
733.333 1694 6298
1792.33 2510 8890
483 611 2095
481.667 1246 4867
686.333 1498 5435
1465.33 2637 9243
640 1089 4622
632 787 3082
1568.67 2267 8383
372.667 848 3565
1479.83 2588 8872
1501.83 2472 8089
1835.67 2551 9415
688.667 1384 6020
1547.67 2148 7923
405.333 808 2854
2312 3835 10292
868.333 1182 5042
363 461 1408
387 623 2353
808 1019 4012
2160 2534 8928
644.667 1290 5266
1149.83 2519 8418
2090.33 2951 9877
839.5 1879 6592
407.667 911 3659
381 459 1242
583.667 1108 4497
549 699 2738
549 682 2646
861.167 2330 7313
1112.5 2523 8788
875 1071 4513
855.5 1833 6768
364.667 708 2236
689 1332 5303
1099.83 2522 8371
641.667 1188 5157
561.333 842 3659
3123.83 4097 10359
586 693 2704
1760.33 2609 9065
586.5 1493 5176
685.667 1380 5412
737.333 1039 4497
1237 1577 6170
1902.33 3034 9811
550.333 742 2839
742 1005 3837
446.333 703 2704
376 840 3166
1001.67 2107 7422
589.667 1122 4622
662 823 3174
1778 2192 8007
519.5 1027 4095
818 1013 4012
1779 2142 8007
1772.33 2536 8898
472.333 1012 3661
2031 2753 9461
596.333 835 3634
1735.33 2428 8494
410 496 1866
482 637 2468
360.667 668 1875
755.167 1984 6943
360.667 714 2796
474 638 2620
669 760 2863
1446.5 2501 8371
521 652 2629
1886.5 2428 8707
1960.83 2956 9473
392 475 1490
501 624 2537
352.333 592 1866
408 502 1875
232 284 945
2578.17 3472 10132
232 242 0
342 377 988


1051.67 2266 8207
1146 2076 8176
786.333 1589 7075
1216.67 2512 8804
1102 1920 7631
1173.83 2366 8514
1149.33 2015 8090
746.667 1480 6306
1144.83 1992 7783
1276 2429 8522
2381.5 3567 9394
908.333 1721 7321
464 1069 4513
566 1511 6306
420.667 897 3692
1142.33 2110 7943
861 1808 7321
1388.67 2501 8603
1969.67 2686 9239
475.333 1201 5443
685.667 1697 6387
1251.33 2287 8374
677.667 1105 4933
363.667 678 1875
2743 3682 9896
864.667 2293 8196
1662.5 2478 8605
693 1380 5468
782 998 4162
550 1457 6197
2759 3868 10142
1120.67 2746 8506
2167.83 3578 9482
360.667 714 2796
708.667 1482 6851
782 2038 6899
638.167 1421 5847
1053.33 2055 7725
2039 2409 8646
841.667 2202 7711
1102.33 1894 7631
1351.17 2768 8947
1062.33 2006 7464
522.333 773 3259
1497.5 2286 8383
609.667 1057 4247
386 846 3660
1219.33 2235 8233
612 1120 5042
475.667 1193 5443
1108 1373 5861
376.667 768 2839
1286.33 2138 8291
460.333 1086 4605
2635.67 4017 10000
699.333 1404 6030
693 1401 6013
2821 3861 10155
777.333 1465 6306
817.667 2091 7333
1157 1988 7829
466.333 1115 4622
640 1089 4622
1714.67 2747 8947
933.333 1883 7438
1458.5 2222 8374
530.333 761 2839
405.333 808 2854
957.333 1786 7336
2568.17 3733 9965
657.667 1036 4513
662.333 998 4095
460 1112 4605
379 831 3634
715 1286 5596
367.667 699 2704
593.667 1003 4204
817 1367 5654
835.333 2218 7887
416.667 940 3784
693.333 1375 6013
625.333 939 3813
1131.33 1876 7605
817.333 2117 7333
693.333 1354 5468
352.333 592 1866
1265.33 2508 8660
950.667 2189 7557
1157.33 1962 7829
923.667 2064 7333
1569.17 2708 8843
669 823 3326
800 1002 4271
930 1174 5092
2132.33 2736 9247
2855 3397 9755
641 791 3283
697 885 3684
468.333 830 2965
372 463 1759
455 600 1979
1617 2965 9078
424.333 780 2898
465 592 2353
343 450 1490
772 989 3880
376.333 647 1977
289.333 484 1851
744 957 3837
364.333 686 2353
473 556 1933
1033 1340 5646
353 465 1516
2931 3875 10165
408 502 1875
420.333 638 2796
410 496 1866
567 688 2863
382 438 1408
436 534 1918
342 377 988
232 242 0
232 284 945


1046.33 1700 7122
660.667 1421 5571
1079.33 1728 7295
897.167 1915 7495
996.833 2310 8778
1242.33 2235 8870
956.833 2114 7829
886 1430 6021
1117.33 1672 7104
858.667 2227 7958
796.333 2001 7562
1155.33 1757 7547
752.333 1910 7478
507.667 922 3784
557 738 2941
956.833 2134 8316
941.333 1514 6376
1184.83 1723 7386
1053.33 1425 6254
622 1722 6617
469.333 1210 5374
561.5 1097 4605
1257.33 1777 7829
482 637 2468
1287.67 2509 8975
763 1701 6966
675.667 1516 6325
949.333 1493 6408
1353 2422 9150
957.333 1684 7075
1420.67 2608 9231
828.333 1703 7188
981.333 1756 7428
643.167 1430 5546
1480.33 2479 9415
1123.33 2005 8383
972.667 1787 7336
646 1177 5251
1175.33 2396 8887
881.167 1826 7255
501.333 922 3659
523.333 804 3350
927.667 1952 7562
801 995 4388
768.333 1482 6212
932.333 2123 7829
703.333 1482 6145
522.667 1345 5443
522.667 1351 5485
538 1465 6087
908.333 1686 7075
1001.33 1819 7829
896.333 1206 5485
850.333 1967 7620
1237 2253 8887
992.333 1654 7060
812.333 1576 6966
1421.33 2367 9150
606.667 1610 6306
386 817 2839
426 1018 4497
977.333 1523 6726
1167.67 2278 8712
1262 2654 9067
1134.33 1742 7495
884.333 1390 5972
422.667 994 4146
1186 2286 8861
456.333 811 3283
625 1177 4718
375.667 818 3283
522.667 1334 5385
628.667 1717 6350
1014.33 1489 6549
514 990 4030
556.667 1441 5863
1060.33 1985 8316
1278 2567 9148
636 1069 4498
866 1131 4772
693.167 1608 6877
1379.5 2623 9415
523.333 1336 5468
1111.67 1794 7495
548.333 994 4271
1005.33 1440 6254
790 993 4346
670.333 1170 4842
364.333 686 2353
837.333 1336 5863
1098.33 1573 7008
568.167 1200 4875
958 1863 7547
596.333 835 3634
436 534 1918
678.333 1374 5486
924 1451 6212
419.667 1044 4428
1216 2242 8605
679 1235 5485
548 742 3458
510 999 4388
1731.33 2451 9257
372.667 848 3565
708 890 3726
360.667 668 1875
815.333 1546 6684
501 624 2537
1741.33 2447 9231
363.667 724 2796
554.333 1113 4647
957.333 1365 6145
1227 2239 8861
497.667 1199 4647
1189.83 2180 8400
612 793 3525
697 862 3692
476.333 1159 4605
408 502 1875
1000.67 1833 7829
1321.33 2228 8861
410.667 926 3659
382 438 1408
803.333 1452 6197
864.333 1232 5391
737 985 4321
480 857 3617
705 961 4227
495 874 3634
289.333 484 1851
689 913 4003
2476.83 3762 10497
662 1256 5391
707.333 1004 4622
349 703 2672
484 624 2304
846 1132 4772
1699.5 2833 9618
473 556 1933
661.333 915 3784
822.333 1380 5487
352.333 592 1866
373 645 1986
416.667 940 3784
372 463 1759
1630.17 3353 10395
529.333 969 3854
1666.67 3208 9574
420.333 638 2796
1900.5 3143 9841
1772.5 3266 9841
567 688 2863
774 1417 5936
410 496 1866
1662.17 3221 9474
343 450 1490
353 465 1516
412 648 2003
232 242 0
232 284 945
342 377 988


1504.67 2370 8694
690.333 1333 4984
1072.67 2080 7497
1074.67 2397 7970
1337.33 2247 8094
726.667 1240 4784
806 1123 4543
1417 2112 8225
1059.5 2114 7497
1151 1561 6702
2614.33 3603 10166
1339.83 2741 9182
382 669 2353
1031.5 2472 7970
1496 2075 8225
970.333 2091 7186
1810 2268 8361
1139.5 1675 6650
1184.33 2051 7495
769.667 1391 5359
685.333 1469 5109
1005.83 2479 7970
648.333 1424 5042
735 1459 5418
898 1371 5485
941 1104 4622
1219 2219 7985
623.333 1386 4916
638.333 1282 4875
961.667 1706 6684
1168 1795 6841
2468 3474 9833
1258.67 2470 8320
570.667 1187 4188
1273.33 2446 8070
908 2055 7019
1791.5 2765 9669
741.833 1481 5644
751.667 1282 5051
932.333 1435 5753
999 1686 6741
1835 2276 8720
824 2004 6952
620 1066 3677
1249 1606 6710
1436.5 1813 7453
1149.83 2670 8457
819.333 1278 4982
1752 3011 9731
927 1665 6465
738.333 1048 4497
1286.33 1990 7941
1312 1652 7008
962.167 2325 7416
844.667 1767 6643
856.167 1896 6952
579.667 1211 4555
961.5 1648 6615
1528.83 3172 9384
978.333 1378 6145
818 1030 4294
805.167 1876 6808
542.667 1110 4110
436 534 1918
1995 2410 8778
1016.67 2069 7348
719.333 1502 5309
1131.5 2571 8237
818.667 1692 6368
866 1677 6368
1026 2116 7790
749.333 1455 5863
998.333 1877 7137
931 1643 6317
1939.17 3330 9748
930.667 1947 7077
671 1479 5293
1210.67 2022 7564
905.333 1822 6669
588 758 3150
1328.83 2302 8472
1521 1906 7629
800 996 4271
1192.17 2414 8044
426 984 3659
782 1652 6281
722.333 1416 5311
676.667 1470 5251
2125.67 3595 9931
786.333 1386 5436
952.333 1759 6761
1243 2064 7873
947 1411 5863
2086 3836 9931
1744 2204 8303
629.333 1069 4230
1315.17 2473 8448
984.5 1680 6632
726.667 1401 5087
501.333 922 3659
785.667 1421 5605
1173.33 1770 6966
501 624 2537
1246.5 2511 8346
794.667 1445 5972
1383.5 2706 9278
1192 1482 6306
1398 1723 7075
414.667 852 2729
1826 2201 8316
831.667 1641 6090
833.333 1589 6299
522.333 1336 3969
779.333 1353 5134
857 1869 6661
875.5 1725 6632
874.833 1753 6624
1229 2073 7739
597.667 1087 4054
1494.17 2703 9269
420.333 638 2796
732.333 1428 5360
620 1067 3692
1783.5 2272 8368
439.333 843 3122
744.5 1244 4873
1248.5 2482 8848
737.167 1649 6237
976 1819 7011
995 1287 5416
1021.5 1822 7453
674 1061 3722
408 502 1875
353 465 1516
561.333 842 3659
2759.33 3942 10762
648.667 1126 4647
382 856 3550
376.667 722 1918
400.333 590 1851
352.333 592 1866
522.333 773 3259
787.667 1643 6239
621 1022 3704
669 823 3326
881.167 1716 6590
411.667 828 2687
885 1098 4564
877.667 2134 7019
2197.83 3480 9931
708 892 3726
1171.17 2370 7903
968 1222 4910
372 463 1759
763.667 1301 5109
987 1237 5118
939 1195 4844
382 438 1408
948 1277 4984
747 991 4121
704 1003 4054
697 862 3692
1203.17 2351 7903
473 556 1933
712.333 1106 4248
1014 1261 5485
586 764 2858
232 284 945
400.333 611 2396
644.333 879 3677
343 450 1490
232 242 0
342 377 988


916 1827 7212
1508.33 2180 8687
1052.33 1477 6130
422.667 994 4179
832.333 1808 6728
382 438 1408
1256.33 1931 7758
1227 1960 7918
1101 3083 9878
589 1258 5391
862.667 2671 9063
693 2074 7611
873 1502 5974
1806.67 2658 9986
1377.33 1899 7518
1591.33 2561 9159
1072 2120 8146
1651 2722 9903
1026.33 1918 7253
1424.33 2047 8200
836.667 2097 7984
720.667 1400 5811
919.333 2560 9050
512 1303 4959
989.667 1751 6741
582.667 1220 4781
896.333 1206 5485
799 1438 5837
697.667 1478 5429
571.667 1563 5629
694 1674 6283
494 1250 4799
985 1512 6087
783 2361 8080
475.333 1206 4692
717 1418 5728
1738.33 2679 9986
942.333 1483 5880
555.667 1501 5053
555.667 1504 5362
593 1683 6461
1162 1917 7684
361 705 2338
1004.67 2011 7575
848.333 1208 5485
905.667 1799 6905
1161.67 1725 6728
1201 2734 9819
357.333 711 2422
1078 1784 7197
808 1380 5811
512 627 2271
1603.33 2235 8870
419 1012 4096
1218.67 2052 7976
667.667 1964 7241
630.667 1859 7215
1592.67 2435 9441
639.667 1831 6754
1047.5 2159 8079
583.667 1661 5865
800.667 2399 8466
1435.33 2118 8436
532.333 786 3341
1427.33 2425 8981
1146.33 2119 8311
705 2111 7786
1182.33 1742 6791
1720.33 2352 8954
738.667 2190 7911
649 1205 5157
1237.5 2933 9965
1200.33 1810 7362
576 1241 4865
1284.33 1943 7849
633.333 974 4081
1195.33 2055 8200
1193.33 2170 8494
1378.33 1994 8032
1267 2289 8563
3012.5 3806 10579
754 986 4096
1201 2731 9446
1651.33 2662 9819
1096 1747 6988
1057.67 2740 9454
776 2362 8432
567 688 2863
874 2136 8020
864.667 1749 6645
949.667 1756 6930
689.667 2007 7308
1397.67 2190 8687
1421 2166 8463
759 1375 5443
1168.33 2587 9265
847.667 2350 8563
432 1029 4622
1491.67 2241 8870
593 1651 5907
989 2566 9063
1256.33 1706 6669
1142.33 2022 7684
1035.5 2651 9078
796.5 1664 6632
961.667 2439 9050
593 1663 5974
811.333 2548 8700
1530.33 2527 9108
918 1514 6254
865.667 1623 6443
555.667 1516 5429
1063 1642 6486
1098 2600 9248
846.333 1930 7351
1268 2114 8314
1258.33 2879 10223
431.333 1059 4403
754 2219 8062
1045 2707 9339
372.667 848 3565
748 2192 8020
979 1961 7392
847.667 2324 8129
1058.67 1975 7450
630 1788 6487
1146.67 2076 7893
939 2730 9332
1190.67 2033 7918
697 862 3692
1558.83 2719 9819
860 2612 8998
1061.67 1841 7238
984.833 2761 9563
786.333 1203 5109
807.333 2416 8672
1169 1997 7699
677 1237 5266
779 2100 7786
1106.67 1900 7431
923.333 2266 8296
899 2196 8203
363 461 1408
651.667 1203 4647
1060.67 2734 9420
807.333 2406 8496
367.667 699 2704
915.5 2362 8774
1105.67 2026 7633
391.333 650 2405
738.667 1538 6212
599 1628 5805
788.333 2127 7851
707.333 1004 4622
1064 2749 9819
899 1486 5962
2038.83 3090 10493
408 502 1875
353 465 1516
473 556 1933
530.333 761 2839
360.667 714 2796
360.667 668 1875
861.667 2044 7658
416.667 940 3784
289.333 484 1851
661.333 915 3784
576.333 850 3677
379 831 3634
420.333 638 2796
342 377 988
410 496 1866
436 534 1918
550.333 742 2839
232 242 0
352.333 592 1866
232 284 945


509 626 2046
531.667 1453 6254
997.333 1419 5837
813.333 1723 6584
1024 2217 8611
878.667 2076 7202
472.333 1178 4875
1125.33 1734 6793
586 1209 5042
1021 1691 6623
1157.5 2349 8887
1293 2409 9165
961 1940 8124
1068 2146 8611
518.667 1343 5391
3372 4246 10421
1345.33 2115 8393
2021 2462 9432
516.333 1443 5636
1002 1893 8015
1200.5 2292 9073
475.333 1226 4948
647.667 1080 4622
491 638 2069
1274 1599 6434
893.5 1882 7656
868 1695 6649
612.333 1281 5485
836.5 1627 6440
956 1925 7681
920.333 1953 7748
473 556 1933
949.333 1350 5738
2662.5 3731 10212
1444.33 2084 8176
485.667 1237 5318
1486.5 2227 8663
1947.33 3483 9874
718.333 982 4097
1004.33 1545 6331
576.333 850 3677
887.5 1841 7286
2102.67 3444 9795
379 831 3634
930.333 1441 5493
478.333 1246 5266
983.667 1611 6425
602.833 1307 5416
930 1794 7286
372.667 848 3565
367.667 699 2704
426 1018 4497
873 1741 7194
410.667 926 3659
530.333 761 2839
361 705 2338
419.667 1044 4428
360.667 714 2796
675.5 1647 6532
504 648 2704
455.333 827 3473
567 688 2863
372 463 1759
375.667 818 3283
410 496 1866
455.333 657 2338
422.667 994 4146
352.333 592 1866
549 699 2738
1004.5 1574 6365
615 814 3249
519 629 2420
1266.33 1854 7355
836 1637 6356
792 959 3701
408 502 1875
436 534 1918
838 964 3726
465.333 681 2689
353 465 1516
501 644 2259
360.667 668 1875
289.333 484 1851
934.5 1608 6340
343 450 1490
2941 3423 9530
232 284 945
342 377 988
232 242 0


