5909.92 26783 101954
5853 26152 88751
6209.75 26223 89993
5950 23694 45082
5803.58 25533 80949
6050.33 23689 45737
6278.75 26513 95809
5690.08 28071 123863
6280 25375 77576
5865.92 24432 62136
6276.75 26096 88062
6356.67 24735 62430
5798.67 23498 38755
5796 24805 59321
5874.58 24778 63015
5959.33 24025 54048
5646.67 27079 105223
6048.75 24254 56278
5647.17 23302 37947
5764.58 25549 80029
5847.5 25677 81674
6178.17 26445 92664
5834.92 23314 38228
5710.67 22504 20696
5908.08 24866 65427
6015.17 25167 72550
6123.42 23866 46970
6278.83 27501 112736
5781.67 27032 104104
5920.75 24003 47886
6065.08 27020 104582
6310.67 25721 82895
5726.17 25575 79257
5658.33 25330 72554
5668.42 26146 88301
6218.17 24308 57024
6229.08 27533 111279
6895.75 26652 96607
5555.67 24260 50665
6263 27189 106620
5994 26553 92971
5981.33 26665 98038
5608.67 26765 100191
5451.08 23101 28833
5757.67 25198 71901
5784 26230 90589
5860.17 27045 104333
5584.92 25645 77350
6121.08 27199 107293
6099.58 26613 93170
5601.75 27099 103168
5754.92 24949 62977
6045.17 27650 113799
5983.25 27475 110108
5510.25 28211 123345
5801.67 24221 50073
6739.5 27419 108758
6678.42 28350 125521
5944.92 25993 83119
5763.83 23588 39648
5889.83 23735 41028
5606.17 23996 45560
5813.33 24742 61996
6071.83 25901 82696
5817.08 24322 52576
6086 22758 22119
5660 27290 105749
5518.67 26603 90500
5638.25 26096 81613
6114.58 27227 105259
5705.5 24615 53572
5752.08 24534 54802
5974.08 28486 125521
6125.25 27588 110163
5846.42 26681 90602
5747 24231 46525
5991.25 27765 110340
5820.42 27915 114968
5696.58 25328 63190
5645.83 24721 53125
5670.17 25200 62077
5641.67 28858 125521
5652.17 25033 54913
5494.58 25557 62813
5536.5 23890 28909
