983.75 793 3013
827.75 924 3013
884.75 871 3013
757.75 978 3013
653.75 697 2190
855.75 893 3013
739.75 661 2510
498.75 789 1687
726.75 637 2144
510.75 474 1641
397.75 548 1321
599.75 744 2144
498.75 835 2190
442 317 823
767.75 630 2510
671 504 1692
268.75 296 818
456 284 503
268.75 262 0
508.75 487 1687
412 361 869
342 238 0


983.75 793 3013
884.75 871 3013
827.75 924 3013
498.75 835 2190
498.75 789 1687
599.75 744 2144
726.75 637 2144
855.75 893 3013
653.75 697 2190
757.75 978 3013
508.75 487 1687
510.75 474 1641
397.75 548 1321
342 238 0
442 317 823
268.75 262 0
671 504 1692
412 361 869
739.75 661 2510
456 284 503
268.75 296 818
767.75 630 2510


884.75 871 3013
983.75 793 3013
757.75 978 3013
855.75 893 3013
827.75 924 3013
726.75 637 2144
599.75 744 2144
498.75 835 2190
767.75 630 2510
739.75 661 2510
510.75 474 1641
508.75 487 1687
397.75 548 1321
442 317 823
671 504 1692
653.75 697 2190
498.75 789 1687
412 361 869
456 284 503
268.75 262 0
268.75 296 818
342 238 0


983.75 793 3013
884.75 871 3013
855.75 893 3013
757.75 978 3013
653.75 697 2190
726.75 637 2144
498.75 835 2190
767.75 630 2510
827.75 924 3013
510.75 474 1641
599.75 744 2144
498.75 789 1687
508.75 487 1687
397.75 548 1321
671 504 1692
342 238 0
268.75 296 818
412 361 869
456 284 503
739.75 661 2510
268.75 262 0
442 317 823


884.75 871 3013
855.75 893 3013
983.75 793 3013
757.75 978 3013
653.75 697 2190
767.75 630 2510
726.75 637 2144
498.75 789 1687
827.75 924 3013
599.75 744 2144
739.75 661 2510
510.75 474 1641
397.75 548 1321
498.75 835 2190
671 504 1692
456 284 503
442 317 823
342 238 0
268.75 262 0
412 361 869
268.75 296 818
508.75 487 1687


983.75 793 3013
884.75 871 3013
827.75 924 3013
498.75 835 2190
653.75 697 2190
757.75 978 3013
726.75 637 2144
739.75 661 2510
599.75 744 2144
855.75 893 3013
767.75 630 2510
498.75 789 1687
508.75 487 1687
397.75 548 1321
442 317 823
510.75 474 1641
342 238 0
268.75 262 0
456 284 503
268.75 296 818
412 361 869
671 504 1692


884.75 871 3013
983.75 793 3013
757.75 978 3013
726.75 637 2144
855.75 893 3013
653.75 697 2190
498.75 835 2190
827.75 924 3013
599.75 744 2144
397.75 548 1321
510.75 474 1641
498.75 789 1687
767.75 630 2510
508.75 487 1687
739.75 661 2510
671 504 1692
412 361 869
342 238 0
268.75 262 0
456 284 503
268.75 296 818
442 317 823


983.75 793 3013
726.75 637 2144
855.75 893 3013
827.75 924 3013
599.75 744 2144
884.75 871 3013
757.75 978 3013
508.75 487 1687
671 504 1692
739.75 661 2510
510.75 474 1641
767.75 630 2510
653.75 697 2190
342 238 0
456 284 503
498.75 835 2190
397.75 548 1321
268.75 296 818
268.75 262 0
498.75 789 1687
412 361 869
442 317 823


884.75 871 3013
983.75 793 3013
855.75 893 3013
767.75 630 2510
653.75 697 2190
498.75 789 1687
757.75 978 3013
827.75 924 3013
498.75 835 2190
510.75 474 1641
599.75 744 2144
726.75 637 2144
739.75 661 2510
397.75 548 1321
508.75 487 1687
268.75 296 818
442 317 823
456 284 503
268.75 262 0
342 238 0
671 504 1692
412 361 869


884.75 871 3013
983.75 793 3013
726.75 637 2144
739.75 661 2510
827.75 924 3013
757.75 978 3013
599.75 744 2144
855.75 893 3013
498.75 789 1687
498.75 835 2190
653.75 697 2190
671 504 1692
456 284 503
268.75 296 818
767.75 630 2510
342 238 0
510.75 474 1641
397.75 548 1321
442 317 823
508.75 487 1687
412 361 869
268.75 262 0


884.75 871 3013
757.75 978 3013
983.75 793 3013
855.75 893 3013
827.75 924 3013
599.75 744 2144
498.75 789 1687
726.75 637 2144
653.75 697 2190
498.75 835 2190
767.75 630 2510
397.75 548 1321
510.75 474 1641
412 361 869
508.75 487 1687
671 504 1692
739.75 661 2510
342 238 0
456 284 503
442 317 823
268.75 262 0
268.75 296 818


757.75 978 3013
983.75 793 3013
884.75 871 3013
855.75 893 3013
767.75 630 2510
498.75 789 1687
827.75 924 3013
653.75 697 2190
498.75 835 2190
397.75 548 1321
739.75 661 2510
671 504 1692
508.75 487 1687
510.75 474 1641
342 238 0
268.75 296 818
726.75 637 2144
412 361 869
456 284 503
442 317 823
268.75 262 0
599.75 744 2144


827.75 924 3013
884.75 871 3013
599.75 744 2144
983.75 793 3013
757.75 978 3013
739.75 661 2510
855.75 893 3013
498.75 835 2190
498.75 789 1687
397.75 548 1321
726.75 637 2144
767.75 630 2510
508.75 487 1687
653.75 697 2190
456 284 503
412 361 869
442 317 823
342 238 0
268.75 262 0
671 504 1692
268.75 296 818
510.75 474 1641


983.75 793 3013
884.75 871 3013
855.75 893 3013
498.75 789 1687
757.75 978 3013
726.75 637 2144
653.75 697 2190
827.75 924 3013
739.75 661 2510
508.75 487 1687
498.75 835 2190
397.75 548 1321
456 284 503
671 504 1692
599.75 744 2144
342 238 0
510.75 474 1641
268.75 262 0
767.75 630 2510
268.75 296 818
442 317 823
412 361 869


983.75 793 3013
884.75 871 3013
757.75 978 3013
827.75 924 3013
855.75 893 3013
599.75 744 2144
726.75 637 2144
739.75 661 2510
653.75 697 2190
498.75 789 1687
767.75 630 2510
498.75 835 2190
397.75 548 1321
508.75 487 1687
510.75 474 1641
671 504 1692
342 238 0
268.75 262 0
442 317 823
412 361 869
456 284 503
268.75 296 818


884.75 871 3013
757.75 978 3013
983.75 793 3013
827.75 924 3013
726.75 637 2144
498.75 789 1687
599.75 744 2144
855.75 893 3013
739.75 661 2510
412 361 869
671 504 1692
767.75 630 2510
510.75 474 1641
498.75 835 2190
442 317 823
508.75 487 1687
268.75 296 818
342 238 0
268.75 262 0
653.75 697 2190
397.75 548 1321
456 284 503


884.75 871 3013
983.75 793 3013
855.75 893 3013
757.75 978 3013
726.75 637 2144
827.75 924 3013
498.75 789 1687
653.75 697 2190
739.75 661 2510
767.75 630 2510
599.75 744 2144
397.75 548 1321
498.75 835 2190
671 504 1692
510.75 474 1641
508.75 487 1687
342 238 0
442 317 823
412 361 869
268.75 262 0
456 284 503
268.75 296 818


983.75 793 3013
884.75 871 3013
827.75 924 3013
757.75 978 3013
498.75 835 2190
653.75 697 2190
855.75 893 3013
767.75 630 2510
739.75 661 2510
726.75 637 2144
498.75 789 1687
510.75 474 1641
397.75 548 1321
599.75 744 2144
671 504 1692
268.75 296 818
342 238 0
508.75 487 1687
442 317 823
456 284 503
268.75 262 0
412 361 869


983.75 793 3013
827.75 924 3013
653.75 697 2190
757.75 978 3013
739.75 661 2510
498.75 835 2190
884.75 871 3013
855.75 893 3013
767.75 630 2510
599.75 744 2144
397.75 548 1321
508.75 487 1687
726.75 637 2144
268.75 262 0
498.75 789 1687
671 504 1692
268.75 296 818
442 317 823
510.75 474 1641
412 361 869
342 238 0
456 284 503


757.75 978 3013
827.75 924 3013
983.75 793 3013
855.75 893 3013
498.75 835 2190
884.75 871 3013
599.75 744 2144
767.75 630 2510
397.75 548 1321
510.75 474 1641
739.75 661 2510
653.75 697 2190
508.75 487 1687
671 504 1692
412 361 869
456 284 503
442 317 823
268.75 262 0
342 238 0
498.75 789 1687
726.75 637 2144
268.75 296 818


