467.667 740 2190
568.667 921 2783
646.667 820 2783
538 726 2379
411.667 709 1836
279.667 449 1243
435 824 2379
469.667 637 2190
336 540 1786
460 782 2190
250 362 0
279.667 410 839
180 520 593
303 615 1432
250 401 404
296 226 0
316 347 947
180 480 0
296 249 839


538 726 2379
411.667 709 1836
646.667 820 2783
568.667 921 2783
303 615 1432
460 782 2190
336 540 1786
180 520 593
180 480 0
279.667 449 1243
279.667 410 839
467.667 740 2190
250 401 404
316 347 947
469.667 637 2190
435 824 2379
296 249 839
250 362 0
296 226 0


538 726 2379
411.667 709 1836
467.667 740 2190
568.667 921 2783
646.667 820 2783
279.667 410 839
279.667 449 1243
469.667 637 2190
336 540 1786
296 226 0
303 615 1432
250 362 0
460 782 2190
296 249 839
435 824 2379
316 347 947
180 480 0
250 401 404
180 520 593


568.667 921 2783
435 824 2379
467.667 740 2190
411.667 709 1836
646.667 820 2783
460 782 2190
279.667 449 1243
469.667 637 2190
336 540 1786
538 726 2379
250 362 0
250 401 404
180 520 593
296 249 839
303 615 1432
316 347 947
279.667 410 839
296 226 0
180 480 0


568.667 921 2783
566.667 1024 2783
435 824 2379
411.667 709 1836
646.667 820 2783
469.667 637 2190
460 782 2190
538 726 2379
336 540 1786
467.667 740 2190
303 615 1432
279.667 410 839
250 401 404
296 226 0
180 480 0
180 520 593
279.667 449 1243
250 362 0
316 347 947
296 249 839


568.667 921 2783
646.667 820 2783
460 782 2190
469.667 637 2190
336 540 1786
411.667 709 1836
303 615 1432
435 824 2379
279.667 410 839
467.667 740 2190
279.667 449 1243
250 401 404
180 520 593
250 362 0
538 726 2379
316 347 947
296 249 839
180 480 0
296 226 0


646.667 820 2783
568.667 921 2783
460 782 2190
435 824 2379
467.667 740 2190
469.667 637 2190
538 726 2379
279.667 449 1243
411.667 709 1836
279.667 410 839
296 226 0
336 540 1786
250 362 0
180 480 0
316 347 947
250 401 404
180 520 593
296 249 839
303 615 1432


568.667 921 2783
646.667 820 2783
538 726 2379
435 824 2379
460 782 2190
469.667 637 2190
566.667 1024 2783
279.667 449 1243
303 615 1432
279.667 410 839
336 540 1786
411.667 709 1836
296 226 0
250 362 0
296 249 839
316 347 947
180 480 0
180 520 593
467.667 740 2190
250 401 404


568.667 921 2783
435 824 2379
467.667 740 2190
646.667 820 2783
411.667 709 1836
538 726 2379
279.667 410 839
279.667 449 1243
460 782 2190
303 615 1432
469.667 637 2190
296 249 839
336 540 1786
250 401 404
250 362 0
316 347 947
180 520 593
180 480 0
296 226 0


646.667 820 2783
568.667 921 2783
460 782 2190
435 824 2379
469.667 637 2190
467.667 740 2190
279.667 449 1243
411.667 709 1836
279.667 410 839
336 540 1786
538 726 2379
250 401 404
296 249 839
180 520 593
303 615 1432
180 480 0
296 226 0
250 362 0
316 347 947


568.667 921 2783
646.667 820 2783
460 782 2190
538 726 2379
435 824 2379
279.667 410 839
411.667 709 1836
336 540 1786
279.667 449 1243
469.667 637 2190
467.667 740 2190
296 226 0
303 615 1432
250 362 0
180 520 593
180 480 0
250 401 404
316 347 947
296 249 839


646.667 820 2783
469.667 637 2190
538 726 2379
460 782 2190
568.667 921 2783
411.667 709 1836
336 540 1786
467.667 740 2190
279.667 410 839
296 226 0
435 824 2379
296 249 839
180 480 0
180 520 593
279.667 449 1243
250 401 404
250 362 0
316 347 947
303 615 1432


568.667 921 2783
566.667 1024 2783
411.667 709 1836
646.667 820 2783
460 782 2190
469.667 637 2190
435 824 2379
467.667 740 2190
279.667 449 1243
336 540 1786
279.667 410 839
303 615 1432
538 726 2379
180 520 593
250 362 0
296 249 839
250 401 404
316 347 947
296 226 0
180 480 0


568.667 921 2783
467.667 740 2190
646.667 820 2783
303 615 1432
435 824 2379
538 726 2379
411.667 709 1836
460 782 2190
336 540 1786
250 362 0
279.667 410 839
316 347 947
296 226 0
279.667 449 1243
469.667 637 2190
250 401 404
296 249 839
180 480 0
180 520 593


568.667 921 2783
460 782 2190
411.667 709 1836
435 824 2379
646.667 820 2783
467.667 740 2190
538 726 2379
279.667 410 839
303 615 1432
250 362 0
279.667 449 1243
180 480 0
336 540 1786
180 520 593
296 249 839
469.667 637 2190
296 226 0
250 401 404
316 347 947


568.667 921 2783
467.667 740 2190
411.667 709 1836
538 726 2379
646.667 820 2783
279.667 449 1243
435 824 2379
460 782 2190
469.667 637 2190
296 249 839
336 540 1786
279.667 410 839
180 520 593
303 615 1432
250 362 0
296 226 0
316 347 947
180 480 0
250 401 404


467.667 740 2190
568.667 921 2783
646.667 820 2783
435 824 2379
469.667 637 2190
538 726 2379
279.667 449 1243
411.667 709 1836
336 540 1786
303 615 1432
460 782 2190
279.667 410 839
296 249 839
250 401 404
180 520 593
296 226 0
316 347 947
180 480 0
250 362 0


568.667 921 2783
646.667 820 2783
467.667 740 2190
538 726 2379
411.667 709 1836
435 824 2379
279.667 449 1243
336 540 1786
469.667 637 2190
303 615 1432
180 480 0
279.667 410 839
296 249 839
296 226 0
250 362 0
316 347 947
460 782 2190
180 520 593
250 401 404


566.667 1024 2783
568.667 921 2783
435 824 2379
411.667 709 1836
646.667 820 2783
336 540 1786
467.667 740 2190
538 726 2379
469.667 637 2190
279.667 449 1243
180 480 0
279.667 410 839
303 615 1432
180 520 593
250 362 0
316 347 947
460 782 2190
296 226 0
296 249 839
250 401 404


646.667 820 2783
568.667 921 2783
469.667 637 2190
566.667 1024 2783
538 726 2379
460 782 2190
435 824 2379
467.667 740 2190
279.667 449 1243
411.667 709 1836
336 540 1786
279.667 410 839
296 226 0
250 401 404
296 249 839
250 362 0
316 347 947
180 480 0
180 520 593
303 615 1432


