1.017888033e+00 1.001017765e+00 1.014356395e+00 
1.245836379e+00 1.208364175e+00 1.313001866e+00 
1.237972883e+00 1.206698742e+00 1.302376511e+00 
1.228144804e+00 1.396141747e+00 1.445648471e+00 
1.226495590e+00 1.140636566e+00 1.223716441e+00 
1.187573090e+00 1.189720577e+00 1.280493146e+00 
1.237610986e+00 1.166913397e+00 1.251293698e+00 
1.180795283e+00 1.269291266e+00 1.349858058e+00 
1.181431187e+00 1.191571058e+00 1.273809717e+00 
1.280180369e+00 1.408123612e+00 1.461205288e+00 
1.286510458e+00 1.455866025e+00 1.490680509e+00 
1.312109992e+00 1.134761288e+00 1.217179009e+00 
1.272897975e+00 1.452257587e+00 1.473469057e+00 
1.284967745e+00 1.444994449e+00 1.473469057e+00 
1.321941172e+00 1.468032939e+00 1.509043718e+00 
1.186893759e+00 1.115423760e+00 1.188514884e+00 
1.227718800e+00 1.180283124e+00 1.271214210e+00 
1.002998572e+00 1.003377128e+00 1.000000000e+00 
1.003205370e+00 1.004857513e+00 1.012069105e+00 
1.294943684e+00 1.482050333e+00 1.508508395e+00 
1.006720937e+00 1.006106588e+00 1.016027253e+00 
1.271815387e+00 1.461139896e+00 1.477135210e+00 
1.145831933e+00 1.225666173e+00 1.293503123e+00 
1.171781989e+00 1.313564027e+00 1.380403926e+00 
1.247735820e+00 1.338175426e+00 1.430529646e+00 
1.203703340e+00 1.371715396e+00 1.412896423e+00 
1.290885272e+00 1.346039970e+00 1.441933652e+00 
1.197249172e+00 1.315414508e+00 1.382188336e+00 
1.357426687e+00 1.505505181e+00 1.530991970e+00 
1.336752050e+00 1.516608068e+00 1.542833969e+00 
1.352909184e+00 1.399380089e+00 1.471489983e+00 
1.284404220e+00 1.425009252e+00 1.464530781e+00 
1.201545402e+00 1.329061806e+00 1.386016709e+00 
1.156039486e+00 1.356819023e+00 1.367296618e+00 
1.135245940e+00 1.276693190e+00 1.290177630e+00 
1.177303498e+00 1.158262398e+00 1.241365885e+00 
1.102289565e+00 1.183428942e+00 1.234682456e+00 
1.325073129e+00 1.260131384e+00 1.369129694e+00 
1.297900896e+00 1.419319023e+00 1.481920675e+00 
1.247906428e+00 1.423667654e+00 1.463638576e+00 
1.239159904e+00 1.359779793e+00 1.440668343e+00 
1.274424145e+00 1.266839378e+00 1.373996269e+00 
1.453991048e+00 1.332577720e+00 1.432411388e+00 
1.129993269e+00 1.151276832e+00 1.225727958e+00 
1.397137087e+00 1.465997409e+00 1.531835510e+00 
1.305983599e+00 1.229413397e+00 1.339914024e+00 
1.591873663e+00 1.396558105e+00 1.497737043e+00 
1.219352784e+00 1.214840859e+00 1.310779463e+00 
1.226521439e+00 1.243615840e+00 1.335323222e+00 
1.145508294e+00 1.131014064e+00 1.211274231e+00 
1.287645780e+00 1.353395633e+00 1.432086949e+00 
1.246363714e+00 1.372131754e+00 1.456565820e+00 
1.455144981e+00 1.362416728e+00 1.468537594e+00 
1.322418876e+00 1.236815322e+00 1.353151107e+00 
1.437853560e+00 1.390451517e+00 1.486884581e+00 
1.222879725e+00 1.246345300e+00 1.364490226e+00 
1.240487547e+00 1.335723538e+00 1.418136102e+00 
1.578776107e+00 1.388786084e+00 1.495839079e+00 
1.578827806e+00 1.432457439e+00 1.529856436e+00 
1.117936941e+00 1.175934493e+00 1.250385271e+00 
1.275062117e+00 1.278960030e+00 1.392651472e+00 
1.325631484e+00 1.401878238e+00 1.489269203e+00 
1.337890474e+00 1.320272021e+00 1.431243410e+00 
1.289072686e+00 1.242135455e+00 1.351593803e+00 
1.222845604e+00 1.178941525e+00 1.266282748e+00 
1.207020381e+00 1.414970392e+00 1.443085408e+00 
1.323406336e+00 1.203552924e+00 1.299424122e+00 
1.324905623e+00 1.211463731e+00 1.315548706e+00 
1.080335881e+00 1.118985936e+00 1.184183632e+00 
1.278143408e+00 1.335029608e+00 1.421623814e+00 
1.512290526e+00 1.425333087e+00 1.523546111e+00 
1.369444758e+00 1.357883050e+00 1.452413010e+00 
1.127718490e+00 1.144615100e+00 1.217438559e+00 
1.144021416e+00 1.201147298e+00 1.281790900e+00 
1.166635819e+00 1.219790896e+00 1.326660719e+00 
1.591132292e+00 1.375647668e+00 1.481109579e+00 
1.637816957e+00 1.399241303e+00 1.503106497e+00 
1.572882362e+00 1.420660622e+00 1.521599481e+00 
1.508378941e+00 1.403821244e+00 1.510795685e+00 
1.492786366e+00 1.439350481e+00 1.527844918e+00 
1.339122990e+00 1.400166543e+00 1.468813367e+00 
1.118197507e+00 1.213776832e+00 1.284143077e+00 
1.204040421e+00 1.277664693e+00 1.377191986e+00 
1.446236120e+00 1.366256477e+00 1.457295807e+00 
1.550617447e+00 1.321798668e+00 1.438170168e+00 
1.226275350e+00 1.447353812e+00 1.459307324e+00 
1.353669167e+00 1.418162472e+00 1.491767378e+00 
1.544310106e+00 1.441802369e+00 1.539638251e+00 
1.246880710e+00 1.360473723e+00 1.456565820e+00 
1.213146774e+00 1.283493708e+00 1.385335388e+00 
1.196863494e+00 1.187268690e+00 1.276340336e+00 
1.320244394e+00 1.325777202e+00 1.423732663e+00 
1.367814155e+00 1.319393042e+00 1.419531187e+00 
1.331531433e+00 1.372270540e+00 1.460815962e+00 
1.244280224e+00 1.237139156e+00 1.333425258e+00 
1.199810366e+00 1.185788305e+00 1.285246168e+00 
1.461170043e+00 1.318884160e+00 1.419952956e+00 
1.225280651e+00 1.320040711e+00 1.413756185e+00 
1.296796594e+00 1.305051813e+00 1.405288345e+00 
1.303202165e+00 1.382309400e+00 1.466396301e+00 
1.159474402e+00 1.220484826e+00 1.313391191e+00 
1.530764832e+00 1.325545892e+00 1.432995377e+00 
1.198603699e+00 1.213452998e+00 1.310276584e+00 
1.275713531e+00 1.461186158e+00 1.491994485e+00 
1.154883485e+00 1.183891562e+00 1.269218915e+00 
1.232609575e+00 1.438749075e+00 1.460848406e+00 
1.116244299e+00 1.132031828e+00 1.201541082e+00 
1.302062707e+00 1.180514434e+00 1.271246654e+00 
1.129579673e+00 1.137722058e+00 1.217876551e+00 
1.438334366e+00 1.373010733e+00 1.467515614e+00 
1.664752406e+00 1.374074759e+00 1.468845811e+00 
1.213810596e+00 1.422557365e+00 1.456792927e+00 
1.174529302e+00 1.230061066e+00 1.328591127e+00 
1.372055583e+00 1.305514434e+00 1.406845648e+00 
1.516805962e+00 1.391885640e+00 1.490648066e+00 
1.198603699e+00 1.212481495e+00 1.300348771e+00 
1.228118954e+00 1.262675796e+00 1.373720496e+00 
1.285164203e+00 1.293717617e+00 1.395587639e+00 
1.150293602e+00 1.172418579e+00 1.261610836e+00 
1.290853218e+00 1.302646188e+00 1.397355828e+00 
1.459109300e+00 1.457762768e+00 1.539573364e+00 
1.392226667e+00 1.368245744e+00 1.456614486e+00 
1.221687534e+00 1.294087713e+00 1.395830968e+00 
1.443909642e+00 1.336186158e+00 1.435980209e+00 
1.585807241e+00 1.474648409e+00 1.544602158e+00 
1.351987898e+00 1.346178756e+00 1.441966096e+00 
1.427278941e+00 1.366534049e+00 1.461935275e+00 
1.152510477e+00 1.191894893e+00 1.290664287e+00 
1.140126374e+00 1.162240933e+00 1.248568416e+00 
1.184678951e+00 1.187037380e+00 1.274442372e+00 
1.423142979e+00 1.342616580e+00 1.438835266e+00 
1.540156567e+00 1.373010733e+00 1.468829589e+00 
1.344775815e+00 1.308290155e+00 1.412880201e+00 
1.111720591e+00 1.155162842e+00 1.221672480e+00 
1.144386415e+00 1.309076610e+00 1.344115500e+00 
1.433431183e+00 1.342339008e+00 1.449444399e+00 
1.155415990e+00 1.166450777e+00 1.250953038e+00 
1.196718735e+00 1.271002961e+00 1.352242680e+00 
1.277928338e+00 1.216645078e+00 1.315029605e+00 
1.191463996e+00 1.266839378e+00 1.351788466e+00 
1.294332595e+00 1.400444115e+00 1.473777273e+00 
1.138363421e+00 1.175055514e+00 1.263557466e+00 
1.116985670e+00 1.227701702e+00 1.258544894e+00 
1.157166536e+00 1.150721688e+00 1.226409279e+00 
1.157422965e+00 1.264156181e+00 1.347148998e+00 
1.138458548e+00 1.168578830e+00 1.250774596e+00 
1.156305222e+00 1.257633235e+00 1.332760159e+00 
1.150173659e+00 1.245466321e+00 1.313050531e+00 
1.017319339e+00 1.020956699e+00 1.041592992e+00 
1.004963154e+00 1.004024796e+00 1.013334415e+00 
1.000206798e+00 1.008650999e+00 1.000000000e+00 
1.333991296e+00 1.549731680e+00 1.573996269e+00 
1.322105577e+00 1.551119541e+00 1.571903642e+00 
1.013131678e+00 1.003423390e+00 1.015556817e+00 
1.201288972e+00 1.379302369e+00 1.414761943e+00 
1.191324407e+00 1.252405625e+00 1.338518939e+00 
1.193257969e+00 1.368245744e+00 1.408240733e+00 
1.196540889e+00 1.382170614e+00 1.421575148e+00 
1.263412148e+00 1.461093634e+00 1.473177062e+00 
1.259507800e+00 1.466691340e+00 1.485002839e+00 
1.111585138e+00 1.112092894e+00 1.185659826e+00 
1.225179320e+00 1.399657661e+00 1.428518128e+00 
1.196747687e+00 1.295984456e+00 1.368626815e+00 
1.229104347e+00 1.366071429e+00 1.416497688e+00 
1.163388056e+00 1.158771281e+00 1.242095872e+00 
1.132885340e+00 1.156319393e+00 1.231373185e+00 
1.202643500e+00 1.315090674e+00 1.383340092e+00 
1.178115180e+00 1.344883420e+00 1.407867629e+00 
1.153702668e+00 1.150675426e+00 1.224511315e+00 
1.114931131e+00 1.190183198e+00 1.237407738e+00 
1.212016622e+00 1.276785714e+00 1.352729337e+00 
1.204207927e+00 1.338452998e+00 1.388985319e+00 
1.123647670e+00 1.160251665e+00 1.225630627e+00 
1.136107254e+00 1.166173205e+00 1.246492011e+00 
1.210574206e+00 1.317635085e+00 1.385400276e+00 
1.004963154e+00 1.002636936e+00 1.000000000e+00 
1.175318236e+00 1.146881939e+00 1.241333441e+00 
1.416503727e+00 1.402340859e+00 1.500592100e+00 
1.431900878e+00 1.409603997e+00 1.516846460e+00 
1.150887112e+00 1.171909697e+00 1.259145105e+00 
1.386679309e+00 1.422881199e+00 1.496260848e+00 
1.380958240e+00 1.430051813e+00 1.514007624e+00 
1.534611276e+00 1.450592154e+00 1.527958472e+00 
1.316931489e+00 1.359224648e+00 1.445843134e+00 
1.513448596e+00 1.469744634e+00 1.544585936e+00 
1.277161117e+00 1.134900074e+00 1.217633222e+00 
1.486366320e+00 1.453229090e+00 1.533765918e+00 
1.411919014e+00 1.418254996e+00 1.520950604e+00 
1.407611410e+00 1.410251665e+00 1.508881499e+00 
1.390039778e+00 1.394059956e+00 1.489074540e+00 
1.376199817e+00 1.488527017e+00 1.534950118e+00 
1.150566575e+00 1.163351221e+00 1.250709709e+00 
1.374049117e+00 1.381569208e+00 1.484645957e+00 
1.326844354e+00 1.374074759e+00 1.458544894e+00 
1.122028441e+00 1.139942635e+00 1.207510747e+00 
1.333399853e+00 1.201980015e+00 1.308037959e+00 
1.389657201e+00 1.400860474e+00 1.494914429e+00 
1.263460745e+00 1.180236862e+00 1.268586260e+00 
1.320166845e+00 1.403173575e+00 1.489804526e+00 
1.252500447e+00 1.119448557e+00 1.206715873e+00 
1.402420778e+00 1.343356773e+00 1.434601346e+00 
1.142768220e+00 1.129718727e+00 1.203552600e+00 
1.176036860e+00 1.109826055e+00 1.179463055e+00 
1.266782956e+00 1.242135455e+00 1.341909319e+00 
1.228925467e+00 1.108669504e+00 1.181231243e+00 
1.174968748e+00 1.168948927e+00 1.266169195e+00 
1.228984404e+00 1.202165063e+00 1.291783600e+00 
1.205867482e+00 1.144568838e+00 1.235298889e+00 
1.112551919e+00 1.163721318e+00 1.229118339e+00 
1.166403171e+00 1.147205774e+00 1.230059210e+00 
1.119210817e+00 1.125046262e+00 1.203276827e+00 
1.123346779e+00 1.148917469e+00 1.223408225e+00 
1.357414280e+00 1.392857143e+00 1.470046232e+00 
1.356828007e+00 1.395170244e+00 1.491102279e+00 
1.171898830e+00 1.167422280e+00 1.254424528e+00 
1.307043439e+00 1.166450777e+00 1.254018980e+00 
1.434400032e+00 1.385316432e+00 1.485440831e+00 
1.144430876e+00 1.160575500e+00 1.243247628e+00 
1.161698515e+00 1.142116950e+00 1.220309839e+00 
1.146180388e+00 1.116256477e+00 1.192099927e+00 
1.154865907e+00 1.122640637e+00 1.203925704e+00 
1.007548130e+00 1.005135085e+00 1.015102604e+00 
1.201145248e+00 1.243985936e+00 1.333652364e+00 
1.143776360e+00 1.159141377e+00 1.235331333e+00 
1.142466294e+00 1.234455959e+00 1.312774759e+00 
1.152444302e+00 1.213129164e+00 1.304160921e+00 
1.472437436e+00 1.529700222e+00 1.562381377e+00 
1.194211308e+00 1.311852332e+00 1.376462000e+00 
1.160318138e+00 1.238018135e+00 1.327780031e+00 
1.171200887e+00 1.306393412e+00 1.369713683e+00 
1.223228180e+00 1.393180977e+00 1.423748885e+00 
1.165707296e+00 1.306300888e+00 1.356054830e+00 
1.170409884e+00 1.315830866e+00 1.368659259e+00 
1.171144017e+00 1.314998150e+00 1.357206586e+00 
1.145428677e+00 1.196798668e+00 1.281936897e+00 
1.191238586e+00 1.331837528e+00 1.388952875e+00 
1.157414693e+00 1.287564767e+00 1.333214373e+00 
1.144782433e+00 1.192218727e+00 1.279227837e+00 
1.025539562e+00 1.015035159e+00 1.031908508e+00 
1.003412168e+00 1.008003331e+00 1.016205694e+00 
1.509505990e+00 1.538490007e+00 1.569551464e+00 
1.601702775e+00 1.537796077e+00 1.587979560e+00 
1.600275869e+00 1.531226869e+00 1.582756103e+00 
1.404473249e+00 1.538860104e+00 1.578035526e+00 
1.525670362e+00 1.520586603e+00 1.575813124e+00 
1.015509855e+00 1.010177646e+00 1.028891232e+00 
1.122881483e+00 1.118106958e+00 1.198394030e+00 
1.135961461e+00 1.138462250e+00 1.219725850e+00 
1.201470955e+00 1.146604367e+00 1.221558926e+00 
1.172849067e+00 1.111306440e+00 1.187249574e+00 
1.002998572e+00 1.005551443e+00 1.010236029e+00 
1.190978020e+00 1.107698001e+00 1.178635737e+00 
1.258825366e+00 1.140035159e+00 1.232752048e+00 
1.135342101e+00 1.162472243e+00 1.232427610e+00 
1.208504157e+00 1.140590303e+00 1.220893828e+00 
1.181292633e+00 1.111260178e+00 1.187492903e+00 
1.197285362e+00 1.136889341e+00 1.214989050e+00 
1.155328101e+00 1.128793486e+00 1.206099440e+00 
1.215586991e+00 1.208179127e+00 1.294963095e+00 
1.115434684e+00 1.194161732e+00 1.247659989e+00 
1.360037513e+00 1.431347150e+00 1.503544489e+00 
1.336260905e+00 1.462296447e+00 1.517787331e+00 
1.360957765e+00 1.377683198e+00 1.475983454e+00 
1.456203787e+00 1.460954848e+00 1.528299132e+00 
1.384913253e+00 1.419550333e+00 1.494476438e+00 
1.363259427e+00 1.443421540e+00 1.504096034e+00 
1.239201263e+00 1.244309771e+00 1.347181442e+00 
1.472240978e+00 1.409187639e+00 1.502295401e+00 
1.383160640e+00 1.481356403e+00 1.560937627e+00 
1.305924661e+00 1.425333087e+00 1.492935356e+00 
1.447302164e+00 1.447215026e+00 1.522248358e+00 
1.360037513e+00 1.429126573e+00 1.498888799e+00 
1.364029750e+00 1.505273871e+00 1.558845000e+00 
1.370514938e+00 1.496530348e+00 1.536215427e+00 
1.280012863e+00 1.451147298e+00 1.484889285e+00 
1.375599068e+00 1.444670614e+00 1.516132695e+00 
1.346771417e+00 1.537194671e+00 1.557255252e+00 
1.425223368e+00 1.464655811e+00 1.525346743e+00 
1.325322321e+00 1.430375648e+00 1.494768432e+00 
1.347338044e+00 1.447955218e+00 1.517706221e+00 
1.410900533e+00 1.496067728e+00 1.562284046e+00 
1.322651524e+00 1.514063657e+00 1.542185092e+00 
1.348229343e+00 1.447122502e+00 1.506853759e+00 
1.285264500e+00 1.442403775e+00 1.469040474e+00 
1.377161428e+00 1.493708364e+00 1.542152648e+00 
1.435498130e+00 1.476313842e+00 1.542006651e+00 
1.313638230e+00 1.445549593e+00 1.494525103e+00 
1.295666443e+00 1.430560696e+00 1.480006489e+00 
1.370838577e+00 1.515081421e+00 1.561829832e+00 
1.296136909e+00 1.453229090e+00 1.486673696e+00 
1.006307341e+00 1.002590674e+00 1.000000000e+00 
1.010029707e+00 1.001156551e+00 1.000000000e+00 
1.189987458e+00 1.283539970e+00 1.361602725e+00 
1.212485020e+00 1.113619541e+00 1.189617974e+00 
1.257739676e+00 1.158678756e+00 1.250693487e+00 
1.135018462e+00 1.192773871e+00 1.257052478e+00 
1.213257411e+00 1.409603997e+00 1.425387298e+00 
1.158924319e+00 1.106402665e+00 1.175034472e+00 
1.105492867e+00 1.128886010e+00 1.200875983e+00 
1.175521932e+00 1.295059215e+00 1.351528916e+00 
1.176233318e+00 1.257078090e+00 1.333035932e+00 
1.123682826e+00 1.147344560e+00 1.214534837e+00 
1.105518717e+00 1.119356033e+00 1.192083705e+00 
1.213909859e+00 1.325314582e+00 1.396301403e+00 
1.127731932e+00 1.135917839e+00 1.208094736e+00 
1.176295357e+00 1.110196151e+00 1.180468813e+00 
1.210334320e+00 1.398177276e+00 1.423602888e+00 
1.189721722e+00 1.306809771e+00 1.371627869e+00 
1.142704112e+00 1.170984456e+00 1.252802336e+00 
1.167804228e+00 1.211648779e+00 1.292643361e+00 
1.181672107e+00 1.107929312e+00 1.177045989e+00 
1.000206798e+00 1.010223908e+00 1.006894314e+00 
1.366963181e+00 1.197168764e+00 1.291086057e+00 
1.374821507e+00 1.224509623e+00 1.327731365e+00 
1.216305614e+00 1.307781273e+00 1.409327602e+00 
1.323440458e+00 1.199666913e+00 1.299456566e+00 
1.187629960e+00 1.249722428e+00 1.330927082e+00 
1.317106233e+00 1.241487787e+00 1.340416903e+00 
1.167788719e+00 1.256106588e+00 1.329110228e+00 
1.273483214e+00 1.269198742e+00 1.378084192e+00 
1.217525723e+00 1.299176536e+00 1.389066429e+00 
1.323413574e+00 1.262213175e+00 1.366371969e+00 
1.327694295e+00 1.314998150e+00 1.409798037e+00 
1.182864298e+00 1.256291636e+00 1.334901452e+00 
1.192046133e+00 1.264017395e+00 1.351999351e+00 
1.318365633e+00 1.183382679e+00 1.271960419e+00 
1.341320220e+00 1.184400444e+00 1.274312596e+00 
1.350910480e+00 1.197585122e+00 1.300397437e+00 
1.273276416e+00 1.286500740e+00 1.389342201e+00 
1.246355442e+00 1.283216136e+00 1.380533701e+00 
1.217179336e+00 1.264294967e+00 1.354108200e+00 
1.196538821e+00 1.283539970e+00 1.367718388e+00 
1.277608835e+00 1.219744634e+00 1.320788385e+00 
1.270302659e+00 1.215627313e+00 1.313115419e+00 
1.000000000e+00 1.011889341e+00 1.015832590e+00 
1.127072246e+00 1.185603257e+00 1.254732744e+00 
1.261211816e+00 1.512722058e+00 1.524551870e+00 
1.256832867e+00 1.420614360e+00 1.459599319e+00 
1.391641429e+00 1.337435233e+00 1.432622273e+00 
1.275694919e+00 1.433058845e+00 1.466380079e+00 
1.280619815e+00 1.520910437e+00 1.544245275e+00 
1.307301937e+00 1.134853812e+00 1.221948252e+00 
1.303000537e+00 1.452627683e+00 1.494200665e+00 
1.000000000e+00 1.009761288e+00 1.000000000e+00 
1.276442494e+00 1.506430422e+00 1.534366129e+00 
1.274017787e+00 1.497779423e+00 1.518144213e+00 
1.268825087e+00 1.489591044e+00 1.506399546e+00 
1.266053993e+00 1.474879719e+00 1.487257685e+00 
1.270886864e+00 1.449574389e+00 1.473258172e+00 
1.146392356e+00 1.150351591e+00 1.224170655e+00 
1.129801981e+00 1.154191340e+00 1.224170655e+00 
1.247938482e+00 1.454848261e+00 1.464319896e+00 
1.255693409e+00 1.469467061e+00 1.480444480e+00 
1.103274958e+00 1.149657661e+00 1.211371563e+00 
1.009926308e+00 1.002081791e+00 1.000000000e+00 
1.223993333e+00 1.484687269e+00 1.462584151e+00 
1.299338143e+00 1.565969652e+00 1.573250061e+00 
1.278255079e+00 1.566432272e+00 1.573152729e+00 
1.171363223e+00 1.262444486e+00 1.344115500e+00 
1.252457020e+00 1.535899334e+00 1.541519994e+00 
1.275096239e+00 1.552738712e+00 1.560905183e+00 
1.226185392e+00 1.464840859e+00 1.458772001e+00 
1.227837709e+00 1.464887121e+00 1.477897640e+00 
1.243114917e+00 1.500277572e+00 1.505020683e+00 
1.247979841e+00 1.540849371e+00 1.532305945e+00 
1.222147660e+00 1.368430792e+00 1.422726904e+00 
1.271539312e+00 1.532429682e+00 1.536199205e+00 
1.133490224e+00 1.149195041e+00 1.223878660e+00 
1.254855877e+00 1.545938194e+00 1.546175683e+00 
1.280009761e+00 1.540340489e+00 1.541714657e+00 
1.257236123e+00 1.509344930e+00 1.507015979e+00 
1.263562076e+00 1.553155070e+00 1.562997810e+00 
1.250740596e+00 1.532753516e+00 1.533684808e+00 
1.234545205e+00 1.499028497e+00 1.502684727e+00 
1.278560106e+00 1.558290155e+00 1.568594371e+00 
1.143039125e+00 1.248982235e+00 1.319555520e+00 
1.302310865e+00 1.557735011e+00 1.567329062e+00 
1.299440508e+00 1.522853442e+00 1.545786357e+00 
1.298887323e+00 1.566848631e+00 1.582155893e+00 
1.303892870e+00 1.562777572e+00 1.582155893e+00 
1.187655809e+00 1.303756477e+00 1.354708411e+00 
1.208648916e+00 1.255320133e+00 1.339540920e+00 
1.099888639e+00 1.208364175e+00 1.246297348e+00 
1.189175775e+00 1.275860474e+00 1.350928705e+00 
1.139497708e+00 1.244726129e+00 1.307291751e+00 
1.123470857e+00 1.204801999e+00 1.267077622e+00 
1.137791624e+00 1.201933753e+00 1.275772569e+00 
1.115522574e+00 1.179126573e+00 1.239727472e+00 
1.127591309e+00 1.222890452e+00 1.287906562e+00 
1.114498923e+00 1.165618061e+00 1.229686106e+00 
1.147522507e+00 1.189766839e+00 1.267256063e+00 
1.143566460e+00 1.256615470e+00 1.327731365e+00 
1.188658780e+00 1.302368616e+00 1.357563468e+00 
1.123567019e+00 1.170568098e+00 1.234082245e+00 
1.137895023e+00 1.208780533e+00 1.290972504e+00 
1.156339343e+00 1.157753516e+00 1.234309352e+00 
1.143959377e+00 1.159789045e+00 1.235477330e+00 
1.002481577e+00 1.009391192e+00 1.010771352e+00 
1.003825764e+00 1.007124352e+00 1.012263768e+00 
1.002481577e+00 1.008280903e+00 1.000000000e+00 
1.006307341e+00 1.003932272e+00 1.004931462e+00 
1.002688375e+00 1.008188379e+00 1.009262714e+00 
1.002584976e+00 1.003978534e+00 1.000000000e+00 
1.009926308e+00 1.003700962e+00 1.010803796e+00 
1.011063697e+00 1.003562176e+00 1.007072755e+00 
1.021817197e+00 1.009668764e+00 1.026506610e+00 
1.016647245e+00 1.004302369e+00 1.015702815e+00 
1.010029707e+00 1.002405625e+00 1.004087923e+00 
1.002584976e+00 1.006199112e+00 1.006602320e+00 
1.011373894e+00 1.017764619e+00 1.031016303e+00 
1.021093403e+00 1.009391192e+00 1.025403520e+00 
1.017888033e+00 1.000000000e+00 1.000000000e+00 
1.033191091e+00 1.006291636e+00 1.019514965e+00 
1.044358187e+00 1.008234641e+00 1.030724309e+00 
1.028848331e+00 1.007818283e+00 1.024689756e+00 
1.034431879e+00 1.008743523e+00 1.029458999e+00 
1.028021139e+00 1.010964101e+00 1.032103171e+00 
1.007927294e+00 1.018134715e+00 1.025873956e+00 
1.009099115e+00 1.011565507e+00 1.023473112e+00 
1.034638677e+00 1.008697261e+00 1.030805418e+00 
1.014630964e+00 1.013323464e+00 1.027528591e+00 
1.014992860e+00 1.010038860e+00 1.024965528e+00 
1.011787490e+00 1.017163212e+00 1.037034634e+00 
1.013062710e+00 1.018088453e+00 1.039678806e+00 
1.083567101e+00 1.169596595e+00 1.231648958e+00 
1.016216381e+00 1.025120281e+00 1.044723822e+00 
1.010994730e+00 1.020170244e+00 1.039370590e+00 
1.014949743e+00 1.031643227e+00 1.055057182e+00 
1.017508869e+00 1.027294597e+00 1.055138292e+00 
1.117495427e+00 1.110843819e+00 1.175326466e+00 
1.049062843e+00 1.062037380e+00 1.128218023e+00 
1.018439460e+00 1.029330126e+00 1.055803390e+00 
1.068801719e+00 1.128238342e+00 1.184151188e+00 
1.078393737e+00 1.099417098e+00 1.169648796e+00 
1.017543404e+00 1.024426351e+00 1.055576284e+00 
1.030295918e+00 1.016839378e+00 1.043507178e+00 
1.046736365e+00 1.065460770e+00 1.124016546e+00 
1.010994730e+00 1.019013694e+00 1.027966583e+00 
1.021799929e+00 1.035668024e+00 1.071700868e+00 
1.014475865e+00 1.015914138e+00 1.032232947e+00 
1.032725795e+00 1.030347890e+00 1.072301079e+00 
1.026159956e+00 1.018597335e+00 1.046686674e+00 
1.011787490e+00 1.016006662e+00 1.025630627e+00 
1.115360237e+00 1.223491858e+00 1.258463785e+00 
1.017846674e+00 1.031458179e+00 1.058788223e+00 
1.026866482e+00 1.026646928e+00 1.058836889e+00 
1.015613255e+00 1.027525907e+00 1.055576284e+00 
1.016130250e+00 1.011519245e+00 1.031129856e+00 
1.037120254e+00 1.007216876e+00 1.025435964e+00 
1.025332764e+00 1.012259437e+00 1.031584070e+00 
1.031002443e+00 1.046539600e+00 1.101484305e+00 
1.144551853e+00 1.134344930e+00 1.212799092e+00 
1.018697958e+00 1.034326425e+00 1.071262876e+00 
1.057179667e+00 1.022668394e+00 1.062486820e+00 
1.042290206e+00 1.018828645e+00 1.047205775e+00 
1.028848331e+00 1.022205774e+00 1.047335550e+00 
1.047796205e+00 1.051443375e+00 1.108621948e+00 
1.033363457e+00 1.045151739e+00 1.100024333e+00 
1.034297460e+00 1.073741673e+00 1.124746533e+00 
1.012924880e+00 1.016423020e+00 1.031762511e+00 
1.051596119e+00 1.016515544e+00 1.046930002e+00 
1.052285481e+00 1.110751295e+00 1.158650337e+00 
1.082882600e+00 1.097196521e+00 1.166728851e+00 
1.020990004e+00 1.013415988e+00 1.031227188e+00 
1.046632965e+00 1.014109919e+00 1.042128315e+00 
1.037533850e+00 1.019383790e+00 1.047659989e+00 
1.044668384e+00 1.015775352e+00 1.046362235e+00 
1.061884323e+00 1.053340118e+00 1.117803553e+00 
1.062447848e+00 1.087018875e+00 1.161602725e+00 
1.019439019e+00 1.040664323e+00 1.078595182e+00 
1.021989563e+00 1.033632494e+00 1.071035769e+00 
1.048028852e+00 1.024657661e+00 1.062908590e+00 
1.037844047e+00 1.046076980e+00 1.100867872e+00 
1.018068982e+00 1.035159141e+00 1.069640685e+00 
1.036896188e+00 1.059446706e+00 1.114883608e+00 
1.014605114e+00 1.027803479e+00 1.053434991e+00 
1.054692920e+00 1.079755736e+00 1.154481304e+00 
1.027986707e+00 1.037518505e+00 1.084694622e+00 
1.039601831e+00 1.015544041e+00 1.043198962e+00 
1.044099689e+00 1.027803479e+00 1.073874605e+00 
1.053989807e+00 1.080495929e+00 1.148235867e+00 
1.032157100e+00 1.015682828e+00 1.041674102e+00 
1.035267654e+00 1.059816802e+00 1.115694704e+00 
1.051503060e+00 1.085584752e+00 1.144196610e+00 
1.044720083e+00 1.028034789e+00 1.074312596e+00 
1.041823152e+00 1.076054774e+00 1.134333685e+00 
1.022127394e+00 1.039322724e+00 1.085343499e+00 
1.018939291e+00 1.028636195e+00 1.057490470e+00 
1.027581693e+00 1.049824204e+00 1.100170330e+00 
1.027099130e+00 1.055699482e+00 1.100121664e+00 
1.021908498e+00 1.038998890e+00 1.085262389e+00 
1.037619982e+00 1.054913027e+00 1.116100251e+00 
1.093627828e+00 1.058706514e+00 1.123481223e+00 
1.019066782e+00 1.032429682e+00 1.069689350e+00 
1.025599844e+00 1.059307920e+00 1.101370752e+00 
1.018663526e+00 1.031967061e+00 1.069137805e+00 
1.030468284e+00 1.014063657e+00 1.041592992e+00 
1.048494148e+00 1.013045892e+00 1.042160759e+00 
1.020783206e+00 1.028127313e+00 1.059193771e+00 
1.017543404e+00 1.023269800e+00 1.044172277e+00 
1.024350473e+00 1.032799778e+00 1.073193284e+00 
1.013889903e+00 1.032660992e+00 1.052932111e+00 
1.066588980e+00 1.019522576e+00 1.057230919e+00 
1.028072838e+00 1.016006662e+00 1.041365885e+00 
1.022859769e+00 1.034511473e+00 1.071700868e+00 
1.031260941e+00 1.019661362e+00 1.046719118e+00 
1.036810057e+00 1.008650999e+00 1.028420796e+00 
1.058834052e+00 1.026693190e+00 1.073842161e+00 
1.032656828e+00 1.044457809e+00 1.090080298e+00 
1.025022567e+00 1.014109919e+00 1.031762511e+00 
1.033294490e+00 1.020632865e+00 1.057620245e+00 
1.021558699e+00 1.041820873e+00 1.085343499e+00 
1.028744932e+00 1.010640266e+00 1.030188985e+00 
1.020955573e+00 1.037703553e+00 1.071279098e+00 
1.035259071e+00 1.010316432e+00 1.031000081e+00 
1.027590275e+00 1.053016284e+00 1.102992943e+00 
1.056559273e+00 1.020817913e+00 1.062438154e+00 
1.035862198e+00 1.039091414e+00 1.088928542e+00 
1.043530994e+00 1.014665063e+00 1.045161814e+00 
1.036068996e+00 1.072400074e+00 1.125979398e+00 
1.025022567e+00 1.009021095e+00 1.030091654e+00 
1.042186807e+00 1.028636195e+00 1.073598832e+00 
1.047486008e+00 1.062083642e+00 1.123627220e+00 
1.032605128e+00 1.044596595e+00 1.093194906e+00 
1.031019711e+00 1.020494078e+00 1.046784005e+00 
1.052138964e+00 1.076656181e+00 1.139524698e+00 
1.018922024e+00 1.030717987e+00 1.058285343e+00 
1.045392177e+00 1.020355292e+00 1.057944683e+00 
1.028469167e+00 1.049130274e+00 1.100981426e+00 
1.026142689e+00 1.034650259e+00 1.073696164e+00 
1.017060841e+00 1.052553664e+00 1.085019061e+00 
1.080030854e+00 1.023131014e+00 1.063038365e+00 
1.021386333e+00 1.027572169e+00 1.057620245e+00 
1.043117398e+00 1.027525907e+00 1.073274394e+00 
1.046529566e+00 1.014156181e+00 1.044123611e+00 
1.023454314e+00 1.045568098e+00 1.087533458e+00 
1.018074152e+00 1.046030718e+00 1.074685700e+00 
1.025642961e+00 1.008327165e+00 1.025468408e+00 
1.027211214e+00 1.031643227e+00 1.074296374e+00 
1.021817197e+00 1.039091414e+00 1.084905507e+00 
1.036017297e+00 1.057087343e+00 1.113147863e+00 
1.027843603e+00 1.048713916e+00 1.100170330e+00 
1.023557713e+00 1.035991858e+00 1.073696164e+00 
1.021946446e+00 1.049176536e+00 1.087160354e+00 
1.065089693e+00 1.027525907e+00 1.078140968e+00 
1.033914884e+00 1.009853812e+00 1.030383648e+00 
1.015061827e+00 1.026831976e+00 1.049849947e+00 
1.034225081e+00 1.023871207e+00 1.057798686e+00 
1.029089561e+00 1.049361584e+00 1.102116960e+00 
1.021432862e+00 1.042190970e+00 1.085765269e+00 
1.022696089e+00 1.019846410e+00 1.042550085e+00 
1.032760227e+00 1.031828275e+00 1.074734366e+00 
1.049114542e+00 1.034927831e+00 1.088733879e+00 
1.017681235e+00 1.015867876e+00 1.031308298e+00 
1.042600403e+00 1.014387491e+00 1.044545381e+00 
1.037051287e+00 1.030440415e+00 1.073825939e+00 
1.034569710e+00 1.028867506e+00 1.073258172e+00 
1.029244660e+00 1.048436343e+00 1.102490064e+00 
1.046839764e+00 1.020956699e+00 1.060572634e+00 
1.030657814e+00 1.025305329e+00 1.062470598e+00 
1.050717227e+00 1.035436714e+00 1.089772082e+00 
1.030812913e+00 1.047973723e+00 1.100656988e+00 
1.028210669e+00 1.042653590e+00 1.089398978e+00 
1.033914884e+00 1.025027757e+00 1.062535485e+00 
1.042290206e+00 1.027988527e+00 1.073371725e+00 
1.032674096e+00 1.008558475e+00 1.026003731e+00 
1.047460158e+00 1.020077720e+00 1.062405710e+00 
1.046219369e+00 1.023131014e+00 1.060491524e+00 
1.055421884e+00 1.014665063e+00 1.047303106e+00 
1.036293062e+00 1.019615100e+00 1.057912239e+00 
1.006927735e+00 1.017625833e+00 1.019141861e+00 
1.067002576e+00 1.020817913e+00 1.062859924e+00 
1.021067554e+00 1.042561066e+00 1.085100170e+00 
1.044254788e+00 1.014202443e+00 1.042809636e+00 
1.044461586e+00 1.023223538e+00 1.062065050e+00 
1.033415156e+00 1.028173575e+00 1.071976640e+00 
1.040118826e+00 1.029052554e+00 1.073696164e+00 
1.035155672e+00 1.016099186e+00 1.045291589e+00 
1.014992860e+00 1.012444486e+00 1.026928380e+00 
1.015397874e+00 1.044920429e+00 1.070954660e+00 
1.039291634e+00 1.018412287e+00 1.046784005e+00 
1.023592248e+00 1.033123612e+00 1.071181767e+00 
1.022851187e+00 1.017116950e+00 1.046508233e+00 
1.049734937e+00 1.025952998e+00 1.073809717e+00 
1.023368182e+00 1.011380459e+00 1.031259632e+00 
1.049166242e+00 1.034927831e+00 1.089431422e+00 
1.018663526e+00 1.030810511e+00 1.057733798e+00 
1.013545274e+00 1.034511473e+00 1.053856760e+00 
1.057489864e+00 1.027155811e+00 1.077962527e+00 
1.014613696e+00 1.032244634e+00 1.054830075e+00 
1.035465870e+00 1.022298298e+00 1.057701355e+00 
1.043944591e+00 1.032105848e+00 1.078092303e+00 
1.013235077e+00 1.023686158e+00 1.041073891e+00 
1.042497004e+00 1.021511843e+00 1.060394193e+00 
1.052319912e+00 1.014803849e+00 1.046702896e+00 
1.034328480e+00 1.010408956e+00 1.031600292e+00 
1.055318485e+00 1.014294967e+00 1.045664693e+00 
1.017515797e+00 1.048205033e+00 1.079909157e+00 
1.025901459e+00 1.025351591e+00 1.056062941e+00 
1.041049418e+00 1.017487047e+00 1.047157109e+00 
1.029675523e+00 1.014294967e+00 1.032151837e+00 
1.027917740e+00 1.016561806e+00 1.042647417e+00 
1.037068555e+00 1.023408586e+00 1.058544894e+00 
1.037637249e+00 1.008188379e+00 1.029767216e+00 
1.025332764e+00 1.023454848e+00 1.053580988e+00 
1.016509414e+00 1.027479645e+00 1.055511396e+00 
1.019645817e+00 1.014387491e+00 1.031632736e+00 
1.028555402e+00 1.025952998e+00 1.061935275e+00 
1.026883749e+00 1.020540340e+00 1.047189553e+00 
1.022747788e+00 1.021049223e+00 1.047205775e+00 
1.007031134e+00 1.011704293e+00 1.024024657e+00 
1.081502223e+00 1.152248335e+00 1.213756185e+00 
1.051854617e+00 1.013878608e+00 1.043847838e+00 
1.028403715e+00 1.060834567e+00 1.107243085e+00 
1.012976579e+00 1.017116950e+00 1.039127261e+00 
1.035522739e+00 1.077951517e+00 1.125395409e+00 
1.009788477e+00 1.010408956e+00 1.018168546e+00 
1.023712811e+00 1.026091784e+00 1.057263363e+00 
1.044316827e+00 1.080403405e+00 1.134787898e+00 
1.040015427e+00 1.007031828e+00 1.026425501e+00 
1.034018283e+00 1.016978164e+00 1.043523400e+00 
1.042186807e+00 1.023131014e+00 1.059080217e+00 
1.037240921e+00 1.030625463e+00 1.073955714e+00 
1.037163372e+00 1.038721318e+00 1.091086057e+00 
1.016536918e+00 1.049685418e+00 1.071781977e+00 
1.012361355e+00 1.028543671e+00 1.046135129e+00 
1.041773211e+00 1.015544041e+00 1.044220942e+00 
1.032880894e+00 1.024195041e+00 1.062065050e+00 
1.028848331e+00 1.016284234e+00 1.043198962e+00 
1.030864612e+00 1.015775352e+00 1.042744748e+00 
1.036654958e+00 1.021558105e+00 1.058447563e+00 
1.011973608e+00 1.029700222e+00 1.044545381e+00 
1.011201528e+00 1.035020355e+00 1.043263849e+00 
1.028486435e+00 1.035806810e+00 1.077232541e+00 
1.014941161e+00 1.032475944e+00 1.055365399e+00 
1.013033449e+00 1.028312361e+00 1.045664693e+00 
1.044254788e+00 1.017348261e+00 1.047530213e+00 
1.017336606e+00 1.051998520e+00 1.074182821e+00 
1.011256743e+00 1.030949297e+00 1.046443345e+00 
1.021176123e+00 1.061852332e+00 1.088166112e+00 
1.016909155e+00 1.052784974e+00 1.072755292e+00 
1.017526137e+00 1.020540340e+00 1.040051910e+00 
1.014889461e+00 1.011010363e+00 1.020488280e+00 
1.016616225e+00 1.033216136e+00 1.059696650e+00 
1.012631950e+00 1.027942265e+00 1.044107389e+00 
1.013684862e+00 1.043116210e+00 1.061967718e+00 
1.012356185e+00 1.025351591e+00 1.043799173e+00 
1.012718081e+00 1.020123982e+00 1.039305702e+00 
1.022954586e+00 1.017070688e+00 1.041155000e+00 
1.017888033e+00 1.044504071e+00 1.073436613e+00 
1.011074037e+00 1.036778312e+00 1.046070241e+00 
1.010140033e+00 1.030625463e+00 1.043134074e+00 
1.021748230e+00 1.025767950e+00 1.056290048e+00 
1.031743504e+00 1.013739822e+00 1.041300998e+00 
1.034225081e+00 1.005690229e+00 1.015897477e+00 
1.041768041e+00 1.111445226e+00 1.146548787e+00 
1.173606982e+00 1.103210585e+00 1.175099359e+00 
1.015845902e+00 1.025166543e+00 1.051926353e+00 
1.121561077e+00 1.118569578e+00 1.188725769e+00 
1.053829538e+00 1.131615470e+00 1.169437911e+00 
1.068832739e+00 1.161269430e+00 1.212198881e+00 
1.016681677e+00 1.037749815e+00 1.070013789e+00 
1.060069670e+00 1.149657661e+00 1.185416498e+00 
1.037626909e+00 1.088267950e+00 1.131916619e+00 
1.024102315e+00 1.049407846e+00 1.098191256e+00 
1.046529566e+00 1.014017395e+00 1.041966096e+00 
1.027741962e+00 1.066802369e+00 1.114315841e+00 
1.025570582e+00 1.058197631e+00 1.100008111e+00 
1.025511954e+00 1.068236491e+00 1.101906075e+00 
1.015311640e+00 1.028913768e+00 1.053986536e+00 
1.032188120e+00 1.066478534e+00 1.121145267e+00 
1.016419767e+00 1.035066617e+00 1.066055641e+00 
1.019190861e+00 1.042422280e+00 1.082261335e+00 
1.024712370e+00 1.026646928e+00 1.058090681e+00 
1.046219369e+00 1.008003331e+00 1.029199448e+00 
1.018182721e+00 1.032846040e+00 1.070159786e+00 
1.021386333e+00 1.026369356e+00 1.057425582e+00 
1.038154244e+00 1.006661732e+00 1.025760402e+00 
1.016916082e+00 1.034650259e+00 1.068342931e+00 
1.021510412e+00 1.053941525e+00 1.099975667e+00 
1.024643403e+00 1.043393782e+00 1.087403682e+00 
1.024815769e+00 1.020679127e+00 1.046800227e+00 
1.018284362e+00 1.032568468e+00 1.069186471e+00 
1.020553971e+00 1.042607328e+00 1.083948414e+00 
1.034643847e+00 1.091274981e+00 1.126157839e+00 
1.015452986e+00 1.025721688e+00 1.050450158e+00 
1.010193387e+00 1.023778682e+00 1.037780842e+00 
1.026935449e+00 1.025166543e+00 1.055689837e+00 
1.023867910e+00 1.034927831e+00 1.073825939e+00 
1.020524709e+00 1.019291266e+00 1.041884987e+00 
1.020042145e+00 1.044087713e+00 1.085911266e+00 
1.027869453e+00 1.062962620e+00 1.106642875e+00 
1.016231891e+00 1.036593264e+00 1.067742720e+00 
1.034397447e+00 1.020031458e+00 1.055949388e+00 
1.016088890e+00 1.025490377e+00 1.053954092e+00 
1.016500728e+00 1.040803109e+00 1.069446022e+00 
1.027917740e+00 1.045105477e+00 1.093292238e+00 
1.046598534e+00 1.044966691e+00 1.105523562e+00 
1.014822252e+00 1.027294597e+00 1.052137237e+00 
1.018839304e+00 1.042561066e+00 1.072966177e+00 
1.019556170e+00 1.045891932e+00 1.086138373e+00 
1.017293489e+00 1.032290896e+00 1.067758942e+00 
1.057644963e+00 1.032198372e+00 1.088133669e+00 
1.019754386e+00 1.031088083e+00 1.067515614e+00 
1.017293489e+00 1.031134345e+00 1.056354936e+00 
1.041152817e+00 1.019522576e+00 1.050271717e+00 
1.026211656e+00 1.015358993e+00 1.034130911e+00 
1.025177665e+00 1.048482605e+00 1.099456566e+00 
1.015475424e+00 1.023269800e+00 1.042079650e+00 
1.032105401e+00 1.021326795e+00 1.048487306e+00 
1.016088890e+00 1.024333827e+00 1.042550085e+00 
1.031123110e+00 1.013693560e+00 1.036093763e+00 
1.015820053e+00 1.032290896e+00 1.055738503e+00 
1.010891331e+00 1.024287565e+00 1.040181685e+00 
1.011201528e+00 1.026184308e+00 1.041430773e+00 
1.075171100e+00 1.019383790e+00 1.057198475e+00 
1.038326611e+00 1.028266099e+00 1.073517722e+00 
1.013131678e+00 1.013832346e+00 1.025452186e+00 
1.084554562e+00 1.137722058e+00 1.193008354e+00 
1.073826912e+00 1.019291266e+00 1.049622840e+00 
1.021817197e+00 1.020725389e+00 1.046443345e+00 
1.099159676e+00 1.024796447e+00 1.065325655e+00 
1.020817638e+00 1.029145078e+00 1.059599319e+00 
1.051768485e+00 1.027942265e+00 1.075334577e+00 
1.047132693e+00 1.036361954e+00 1.088701436e+00 
1.031950302e+00 1.017857143e+00 1.046540676e+00 
1.016337048e+00 1.023963731e+00 1.055105848e+00 
1.022835677e+00 1.036778312e+00 1.073663720e+00 
1.035172940e+00 1.019800148e+00 1.057101144e+00 
1.041893877e+00 1.026138046e+00 1.072998621e+00 
1.020817638e+00 1.030301628e+00 1.071003325e+00 
1.055335752e+00 1.027387121e+00 1.074491037e+00 
1.016337048e+00 1.022807180e+00 1.043701841e+00 
1.019475209e+00 1.031596965e+00 1.069170249e+00 
1.018585977e+00 1.036639526e+00 1.070808663e+00 
1.039395033e+00 1.015914138e+00 1.044448049e+00 
1.057696662e+00 1.014480015e+00 1.046459567e+00 
1.028632951e+00 1.036547002e+00 1.086105929e+00 
1.051475453e+00 1.041682087e+00 1.098061481e+00 
1.049648805e+00 1.041867135e+00 1.097883040e+00 
1.022835677e+00 1.037934863e+00 1.085067726e+00 
1.019475209e+00 1.030440415e+00 1.057766242e+00 
1.025668811e+00 1.045475574e+00 1.100024333e+00 
1.080547849e+00 1.025721688e+00 1.072349745e+00 
1.091714945e+00 1.026184308e+00 1.076843215e+00 
1.063590407e+00 1.014109919e+00 1.045015816e+00 
1.093989724e+00 1.032059585e+00 1.088247222e+00 
1.046271069e+00 1.043625093e+00 1.103057831e+00 
1.024769239e+00 1.048390081e+00 1.097461270e+00 
1.023859328e+00 1.016561806e+00 1.036093763e+00 
1.086338196e+00 1.019846410e+00 1.061691946e+00 
1.039257202e+00 1.043856403e+00 1.099521453e+00 
1.010236505e+00 1.028543671e+00 1.038494606e+00 
1.129610692e+00 1.109132124e+00 1.175358910e+00 
1.029623824e+00 1.021835677e+00 1.047465326e+00 
1.044596004e+00 1.102377868e+00 1.151107146e+00 
1.158286347e+00 1.111306440e+00 1.180436370e+00 
1.023626680e+00 1.020910437e+00 1.047140887e+00 
1.032904986e+00 1.056069578e+00 1.109384378e+00 
1.042600403e+00 1.016376758e+00 1.045518696e+00 
1.045461144e+00 1.030903035e+00 1.077394760e+00 
1.039498432e+00 1.048343819e+00 1.105199124e+00 
1.031036979e+00 1.023963731e+00 1.057084922e+00 
1.054232795e+00 1.024796447e+00 1.063362803e+00 
1.064314201e+00 1.013647298e+00 1.045826912e+00 
1.042195389e+00 1.058984086e+00 1.117544002e+00 
1.048235651e+00 1.023871207e+00 1.063038365e+00 
1.049941735e+00 1.014387491e+00 1.046281126e+00 
1.046184937e+00 1.029098816e+00 1.075999676e+00 
1.031278209e+00 1.025536640e+00 1.062908590e+00 
1.033811485e+00 1.039831606e+00 1.088620326e+00 
1.026883749e+00 1.025906736e+00 1.056582042e+00 
1.079203662e+00 1.019846410e+00 1.060183308e+00 
1.017991432e+00 1.009900074e+00 1.024430205e+00 
1.017460685e+00 1.051582161e+00 1.077735421e+00 
1.015785621e+00 1.035945596e+00 1.058999108e+00 
1.024815769e+00 1.016839378e+00 1.040879228e+00 
1.065968585e+00 1.024102517e+00 1.063638576e+00 
1.019852615e+00 1.016978164e+00 1.035152892e+00 
1.028744932e+00 1.028451147e+00 1.062665261e+00 
1.037275353e+00 1.032938564e+00 1.078368075e+00 
1.014992860e+00 1.010455218e+00 1.025160191e+00 
1.066175383e+00 1.019198742e+00 1.047805986e+00 
1.018515355e+00 1.043301258e+00 1.072966177e+00 
1.044978581e+00 1.024148779e+00 1.062211047e+00 
1.016037191e+00 1.034048853e+00 1.058934220e+00 
1.019887047e+00 1.031041821e+00 1.069462243e+00 
1.013933020e+00 1.040849371e+00 1.059696650e+00 
1.027262914e+00 1.030024056e+00 1.070013789e+00 
1.093782926e+00 1.025999260e+00 1.076616108e+00 
1.109913176e+00 1.106263879e+00 1.174272042e+00 
1.018542859e+00 1.030347890e+00 1.057636467e+00 
1.013028279e+00 1.014433753e+00 1.025663071e+00 
1.022058427e+00 1.035853072e+00 1.072836402e+00 
1.026263355e+00 1.044689119e+00 1.088263444e+00 
1.019301188e+00 1.042052184e+00 1.073533944e+00 
1.028848331e+00 1.025490377e+00 1.061967718e+00 
1.045288778e+00 1.025259067e+00 1.063233028e+00 
1.022644389e+00 1.051952258e+00 1.087598345e+00 
1.024608971e+00 1.049130274e+00 1.088733879e+00 
1.027710942e+00 1.029931532e+00 1.063233028e+00 
1.056300775e+00 1.030579201e+00 1.078465407e+00 
1.016543846e+00 1.033262398e+00 1.056630708e+00 
1.020679807e+00 1.022298298e+00 1.047335550e+00 
1.054749790e+00 1.031411917e+00 1.078432963e+00 
1.022954586e+00 1.050888231e+00 1.087728121e+00 
1.041928309e+00 1.043023686e+00 1.093227350e+00 
1.053164372e+00 1.028913768e+00 1.077832752e+00 
1.047987493e+00 1.076748705e+00 1.142866413e+00 
1.065761787e+00 1.036732050e+00 1.093665342e+00 
1.027641975e+00 1.058521466e+00 1.103625598e+00 
1.011580692e+00 1.028821244e+00 1.041901209e+00 
1.027659242e+00 1.028589933e+00 1.063168140e+00 
1.035112555e+00 1.079987047e+00 1.126871604e+00 
1.013166110e+00 1.043393782e+00 1.057798686e+00 
1.035207372e+00 1.033401184e+00 1.077767864e+00 
1.072861889e+00 1.046123242e+00 1.108897721e+00 
1.130386185e+00 1.042653590e+00 1.107875740e+00 
1.015372025e+00 1.036963360e+00 1.055495174e+00 
1.037120254e+00 1.034742783e+00 1.078368075e+00 
1.024536591e+00 1.072076240e+00 1.105491119e+00 
1.016509414e+00 1.053293856e+00 1.071863087e+00 
1.044926881e+00 1.040710585e+00 1.093276016e+00 
1.023506013e+00 1.050841969e+00 1.088960986e+00 
1.029503157e+00 1.055884530e+00 1.103868927e+00 
1.026297787e+00 1.058290155e+00 1.101500527e+00 
1.025091534e+00 1.047233531e+00 1.088198556e+00 
1.029365326e+00 1.058382679e+00 1.104469138e+00 
1.058265357e+00 1.048482605e+00 1.108508395e+00 
1.016578278e+00 1.042838638e+00 1.069867791e+00 
1.012571565e+00 1.035760548e+00 1.054667856e+00 
1.027986707e+00 1.062176166e+00 1.104160921e+00 
1.027564425e+00 1.063471503e+00 1.102327845e+00 
1.043169098e+00 1.043486306e+00 1.093892449e+00 
1.013648673e+00 1.012537010e+00 1.026831049e+00 
1.028202087e+00 1.043254996e+00 1.087728121e+00 
1.029158528e+00 1.023038490e+00 1.047562657e+00 
1.041980009e+00 1.014942635e+00 1.044366940e+00 
1.023290633e+00 1.052692450e+00 1.094362884e+00 
1.033087692e+00 1.007401925e+00 1.024835753e+00 
1.085750889e+00 1.108715766e+00 1.171384541e+00 
1.065580839e+00 1.073834197e+00 1.141974207e+00 
1.094627696e+00 1.097011473e+00 1.165998864e+00 
1.069665101e+00 1.096086232e+00 1.165414875e+00 
1.054113886e+00 1.074759437e+00 1.141519994e+00 
1.070259645e+00 1.020031458e+00 1.060134642e+00 
1.043910159e+00 1.042098446e+00 1.093519345e+00 
1.034276781e+00 1.023454848e+00 1.060815962e+00 
1.037723381e+00 1.030024056e+00 1.074474815e+00 
1.051492720e+00 1.023501110e+00 1.063087031e+00 
1.062160089e+00 1.034881569e+00 1.092740693e+00 
1.058885751e+00 1.026415618e+00 1.076713440e+00 
1.037551118e+00 1.031920799e+00 1.076843215e+00 
1.054904888e+00 1.027387121e+00 1.074231487e+00 
1.055757930e+00 1.043532568e+00 1.101532971e+00 
1.049390308e+00 1.029561436e+00 1.076632330e+00 
1.052216513e+00 1.036593264e+00 1.091832265e+00 
1.053422870e+00 1.034974093e+00 1.092529808e+00 
1.052526711e+00 1.028589933e+00 1.075951010e+00 
1.048123669e+00 1.066663583e+00 1.130586422e+00 
1.048468298e+00 1.036732050e+00 1.089934301e+00 
1.046736365e+00 1.022252036e+00 1.060848406e+00 
1.052140722e+00 1.044041451e+00 1.106139995e+00 
1.052209586e+00 1.045799408e+00 1.106837538e+00 
1.052871340e+00 1.048390081e+00 1.107664855e+00 
1.064417600e+00 1.034233901e+00 1.092497364e+00 
1.057786309e+00 1.057272391e+00 1.122037473e+00 
1.017345188e+00 1.044041451e+00 1.071863087e+00 
1.012924880e+00 1.038675056e+00 1.055965610e+00 
1.056654090e+00 1.047557365e+00 1.107599968e+00 
1.024290191e+00 1.034742783e+00 1.072041528e+00 
1.016931592e+00 1.038813842e+00 1.071165545e+00 
1.023600830e+00 1.046030718e+00 1.088068781e+00 
1.114359334e+00 1.048991488e+00 1.121145267e+00 
1.054911816e+00 1.056162102e+00 1.121275043e+00 
1.027297346e+00 1.008003331e+00 1.020261173e+00 
1.079307061e+00 1.026924500e+00 1.077167653e+00 
1.015551215e+00 1.043671355e+00 1.068586260e+00 
1.021326051e+00 1.051119541e+00 1.087063022e+00 
1.017164240e+00 1.009021095e+00 1.021753589e+00 
1.010856899e+00 1.023269800e+00 1.037067078e+00 
1.027504144e+00 1.007586973e+00 1.021104712e+00 
1.047149961e+00 1.019337528e+00 1.050596155e+00 
1.052914457e+00 1.118477054e+00 1.161278287e+00 
1.038407572e+00 1.103673205e+00 1.134285019e+00 
1.080547849e+00 1.115053664e+00 1.170200341e+00 
1.084040669e+00 1.168116210e+00 1.214664612e+00 
1.067638480e+00 1.148316062e+00 1.193641009e+00 
1.040325624e+00 1.023038490e+00 1.058593560e+00 
1.050998163e+00 1.129209845e+00 1.164084678e+00 
1.035714027e+00 1.083271651e+00 1.127585368e+00 
1.044461586e+00 1.053756477e+00 1.108832833e+00 
1.025668811e+00 1.036130644e+00 1.076729662e+00 
1.028193505e+00 1.024102517e+00 1.061302620e+00 
1.044521867e+00 1.120605107e+00 1.159023441e+00 
1.028291734e+00 1.063008882e+00 1.107908184e+00 
1.030451016e+00 1.053432642e+00 1.107989294e+00 
1.052931725e+00 1.050009252e+00 1.110568578e+00 
1.057532982e+00 1.105246114e+00 1.167702166e+00 
1.033871767e+00 1.030255366e+00 1.073225728e+00 
1.041251046e+00 1.080033309e+00 1.130910861e+00 
1.036044904e+00 1.081883790e+00 1.127796253e+00 
1.041824910e+00 1.027248335e+00 1.072933733e+00 
1.024066126e+00 1.050286825e+00 1.090518290e+00 
1.037800930e+00 1.051443375e+00 1.105442453e+00 
1.030192519e+00 1.035945596e+00 1.077573201e+00 
1.026966469e+00 1.064396743e+00 1.103706708e+00 
1.041531981e+00 1.036778312e+00 1.089723416e+00 
1.026213414e+00 1.028497409e+00 1.062097494e+00 
1.042445304e+00 1.028589933e+00 1.073533944e+00 
1.043599962e+00 1.045012953e+00 1.103106497e+00 
1.030332107e+00 1.055884530e+00 1.108411063e+00 
1.010391603e+00 1.019291266e+00 1.028956120e+00 
1.037433863e+00 1.059030348e+00 1.119685295e+00 
1.024772651e+00 1.032429682e+00 1.073225728e+00 
1.049959002e+00 1.028774981e+00 1.075707681e+00 
1.037542432e+00 1.038860104e+00 1.091637602e+00 
1.034156114e+00 1.040433013e+00 1.092335145e+00 
1.025177665e+00 1.033725019e+00 1.073631276e+00 
1.029761655e+00 1.039877868e+00 1.089058318e+00 
1.029520425e+00 1.054496669e+00 1.108313732e+00 
1.030675082e+00 1.035899334e+00 1.078497851e+00 
1.035991447e+00 1.036824574e+00 1.089252981e+00 
1.015854484e+00 1.035668024e+00 1.066169195e+00 
1.017934563e+00 1.047372317e+00 1.076940547e+00 
1.032932593e+00 1.023917469e+00 1.057604023e+00 
1.030519983e+00 1.022298298e+00 1.057020034e+00 
1.037240921e+00 1.028636195e+00 1.072917512e+00 
1.015764941e+00 1.037009623e+00 1.064206343e+00 
1.097505291e+00 1.019707624e+00 1.059891313e+00 
1.012674964e+00 1.028960030e+00 1.052883446e+00 
1.018115511e+00 1.044920429e+00 1.076940547e+00 
1.032346631e+00 1.031134345e+00 1.073047287e+00 
1.014027837e+00 1.037055885e+00 1.064206343e+00 
1.031967570e+00 1.030856773e+00 1.072447076e+00 
1.012144217e+00 1.028821244e+00 1.051585692e+00 
1.016578278e+00 1.037472243e+00 1.069413578e+00 
1.016216381e+00 1.043393782e+00 1.069121583e+00 
1.057145235e+00 1.034927831e+00 1.089982967e+00 
1.089119630e+00 1.140266469e+00 1.202546841e+00 
1.108344612e+00 1.113018135e+00 1.181166356e+00 
1.062453018e+00 1.036917098e+00 1.093714008e+00 
1.033914884e+00 1.035436714e+00 1.078919620e+00 
1.035052273e+00 1.062731310e+00 1.118225322e+00 
1.010753500e+00 1.030162842e+00 1.041998540e+00 
1.024867468e+00 1.029145078e+00 1.062892368e+00 
1.013338476e+00 1.042514804e+00 1.057896018e+00 
1.041807643e+00 1.038119911e+00 1.090761619e+00 
1.020990004e+00 1.033817543e+00 1.071408873e+00 
1.022282492e+00 1.020401554e+00 1.042712304e+00 
1.052268213e+00 1.031550703e+00 1.079065618e+00 
1.063280210e+00 1.039322724e+00 1.094557547e+00 
1.014051929e+00 1.047048483e+00 1.069300024e+00 
1.031958884e+00 1.028774981e+00 1.070808663e+00 
1.012113197e+00 1.034696521e+00 1.053402547e+00 
1.020093845e+00 1.039230200e+00 1.071635980e+00 
1.011580692e+00 1.033077350e+00 1.049898613e+00 
1.034121682e+00 1.032938564e+00 1.076226782e+00 
1.025815327e+00 1.027572169e+00 1.061124179e+00 
1.242315642e+00 1.108900814e+00 1.187314462e+00 
1.035293503e+00 1.033216136e+00 1.077102766e+00 
1.054908301e+00 1.073926721e+00 1.147230108e+00 
1.233836921e+00 1.099370836e+00 1.183177873e+00 
1.117771503e+00 1.059400444e+00 1.129775326e+00 
1.119891183e+00 1.109409697e+00 1.175423798e+00 
1.045933264e+00 1.077627683e+00 1.136004542e+00 
1.041144234e+00 1.045105477e+00 1.106237327e+00 
1.044154801e+00 1.083780533e+00 1.138389164e+00 
1.067510989e+00 1.104922280e+00 1.165950199e+00 
1.043220797e+00 1.046030718e+00 1.107486414e+00 
1.053664100e+00 1.071243523e+00 1.134625679e+00 
1.029055129e+00 1.033678756e+00 1.076680996e+00 
1.043891133e+00 1.068652850e+00 1.130651310e+00 
1.047236092e+00 1.057781273e+00 1.116570687e+00 
1.033949316e+00 1.043532568e+00 1.091183389e+00 
1.215121695e+00 1.089609548e+00 1.167799497e+00 
1.048037435e+00 1.053571429e+00 1.114672723e+00 
1.054965170e+00 1.065645818e+00 1.134625679e+00 
1.045073398e+00 1.059354182e+00 1.122134804e+00 
1.269095993e+00 1.133928571e+00 1.212961311e+00 
1.055849232e+00 1.116580311e+00 1.177873307e+00 
1.146413036e+00 1.071058475e+00 1.147635656e+00 
1.146568134e+00 1.057873797e+00 1.131170411e+00 
1.140467591e+00 1.111167654e+00 1.179917268e+00 
1.047417040e+00 1.055190600e+00 1.120269284e+00 
1.153909466e+00 1.064674315e+00 1.146565009e+00 
1.034052715e+00 1.038443745e+00 1.088085003e+00 
1.026952717e+00 1.025629164e+00 1.057701355e+00 
1.237404188e+00 1.123149519e+00 1.204882797e+00 
1.038361043e+00 1.040294226e+00 1.092659583e+00 
1.035224640e+00 1.042792376e+00 1.092708249e+00 
1.055930297e+00 1.068884160e+00 1.137675399e+00 
1.255705817e+00 1.105384900e+00 1.185594939e+00 
1.104950022e+00 1.050518135e+00 1.119247303e+00 
1.123768647e+00 1.060603257e+00 1.133279260e+00 
1.066020285e+00 1.082531458e+00 1.158926109e+00 
1.162129689e+00 1.058799038e+00 1.132419499e+00 
1.038412742e+00 1.023639896e+00 1.061140401e+00 
1.137417320e+00 1.090257217e+00 1.162332711e+00 
1.055120269e+00 1.071937454e+00 1.134820342e+00 
1.035948433e+00 1.041682087e+00 1.092383811e+00 
1.053629668e+00 1.075638416e+00 1.138892043e+00 
1.056318043e+00 1.062129904e+00 1.132906156e+00 
1.067959017e+00 1.080357143e+00 1.158796334e+00 
1.055068569e+00 1.078923020e+00 1.150652932e+00 
1.044633952e+00 1.054727979e+00 1.110747019e+00 
1.247227096e+00 1.095854922e+00 1.181458350e+00 
1.029020697e+00 1.033956329e+00 1.076064563e+00 
1.035155672e+00 1.039831606e+00 1.090988726e+00 
1.048459716e+00 1.060279423e+00 1.123383892e+00 
1.147860622e+00 1.058521466e+00 1.132257280e+00 
1.050691378e+00 1.056532198e+00 1.120593722e+00 
1.192373907e+00 1.078830496e+00 1.154789521e+00 
1.052535293e+00 1.065507032e+00 1.132760159e+00 
1.097763789e+00 1.049685418e+00 1.117284451e+00 
1.052371612e+00 1.040525537e+00 1.094492660e+00 
1.034931607e+00 1.034418949e+00 1.077346095e+00 
1.040015427e+00 1.049084012e+00 1.107810852e+00 
1.038136977e+00 1.029237602e+00 1.076518777e+00 
1.040222225e+00 1.047788675e+00 1.106691540e+00 
1.039998159e+00 1.041497039e+00 1.092902912e+00 
1.040963286e+00 1.047696151e+00 1.102538730e+00 
1.044918299e+00 1.071428571e+00 1.130959526e+00 
1.034776508e+00 1.030995559e+00 1.076551221e+00 
1.027607543e+00 1.036223168e+00 1.076859437e+00 
1.020645375e+00 1.029653960e+00 1.061724390e+00 
1.064117743e+00 1.051859734e+00 1.112969422e+00 
1.116327018e+00 1.111676536e+00 1.174726255e+00 
1.062608117e+00 1.067403775e+00 1.139378701e+00 
1.066440809e+00 1.124953738e+00 1.181101468e+00 
1.101276254e+00 1.135686528e+00 1.203617487e+00 
1.111998734e+00 1.133604737e+00 1.204801687e+00 
1.041876610e+00 1.043578830e+00 1.093422013e+00 
1.043427595e+00 1.043301258e+00 1.093422013e+00 
1.096367902e+00 1.094096965e+00 1.171514316e+00 
1.104908662e+00 1.130135085e+00 1.194127666e+00 
1.034552546e+00 1.033447446e+00 1.076924325e+00 
1.040480723e+00 1.024565137e+00 1.062243491e+00 
1.055835480e+00 1.051582161e+00 1.110617244e+00 
1.043599962e+00 1.039739082e+00 1.092951578e+00 
1.050510429e+00 1.031643227e+00 1.077800308e+00 
1.062211788e+00 1.039785344e+00 1.094784654e+00 
1.058179226e+00 1.038490007e+00 1.093665342e+00 
1.052811058e+00 1.050518135e+00 1.108849055e+00 
1.068036566e+00 1.040479275e+00 1.094914429e+00 
1.045547276e+00 1.019522576e+00 1.055251845e+00 
1.058058559e+00 1.028497409e+00 1.078741179e+00 
1.050786195e+00 1.051119541e+00 1.108183957e+00 
1.116858489e+00 1.093865655e+00 1.164587558e+00 
1.108419060e+00 1.200730940e+00 1.236612864e+00 
1.027400745e+00 1.016515544e+00 1.039938357e+00 
1.151065992e+00 1.051212065e+00 1.123481223e+00 
1.061367328e+00 1.054172835e+00 1.114818720e+00 
1.074542123e+00 1.067172465e+00 1.135274556e+00 
1.074369757e+00 1.058891562e+00 1.128380242e+00 
1.055835480e+00 1.014063657e+00 1.044253386e+00 
1.024988135e+00 1.025536640e+00 1.056046719e+00 
1.018405029e+00 1.021881939e+00 1.047173331e+00 
1.012128707e+00 1.030903035e+00 1.045372699e+00 
1.025746360e+00 1.028636195e+00 1.060507746e+00 
1.017302071e+00 1.036084382e+00 1.069932679e+00 
1.048597547e+00 1.019337528e+00 1.051391029e+00 
1.038938319e+00 1.034603997e+00 1.087030578e+00 
1.031226509e+00 1.034742783e+00 1.077264985e+00 
1.027883308e+00 1.027248335e+00 1.061237732e+00 
1.014820494e+00 1.030394152e+00 1.053808095e+00 
1.016474879e+00 1.035945596e+00 1.067369616e+00 
1.038335193e+00 1.025351591e+00 1.067126288e+00 
1.161560995e+00 1.063101406e+00 1.135907211e+00 
1.122889755e+00 1.067033679e+00 1.137075189e+00 
1.056972869e+00 1.028034789e+00 1.075772569e+00 
1.028176237e+00 1.015544041e+00 1.037229297e+00 
1.020007714e+00 1.030717987e+00 1.062859924e+00 
1.016061283e+00 1.022760918e+00 1.042160759e+00 
1.038466199e+00 1.034742783e+00 1.087630789e+00 
1.019602700e+00 1.023686158e+00 1.053256550e+00 
1.036947888e+00 1.029977794e+00 1.073420391e+00 
1.018068982e+00 1.031596965e+00 1.067596723e+00 
1.025250045e+00 1.047372317e+00 1.095190202e+00 
1.023394032e+00 1.037194671e+00 1.082261335e+00 
1.047504930e+00 1.091274981e+00 1.143547733e+00 
1.155260891e+00 1.242551813e+00 1.320934382e+00 
1.098143264e+00 1.112231680e+00 1.179414389e+00 
1.083432683e+00 1.107004071e+00 1.171352097e+00 
1.044885522e+00 1.073186528e+00 1.134577014e+00 
1.014300087e+00 1.026508142e+00 1.044902263e+00 
1.032467297e+00 1.085908586e+00 1.123448779e+00 
1.046136650e+00 1.079940785e+00 1.136020764e+00 
1.055266785e+00 1.028266099e+00 1.078368075e+00 
1.035862198e+00 1.056393412e+00 1.112498986e+00 
1.044218598e+00 1.095068468e+00 1.139313813e+00 
1.060385037e+00 1.023871207e+00 1.063265472e+00 
1.039096933e+00 1.065507032e+00 1.130553978e+00 
1.035646818e+00 1.062823834e+00 1.122783681e+00 
1.034483579e+00 1.025952998e+00 1.072219969e+00 
1.034586978e+00 1.039785344e+00 1.088620326e+00 
1.021805099e+00 1.045521836e+00 1.086803471e+00 
1.021662098e+00 1.040433013e+00 1.085667937e+00 
1.021351901e+00 1.038443745e+00 1.079763160e+00 
1.036654958e+00 1.051859734e+00 1.103609376e+00 
1.031105842e+00 1.062453738e+00 1.111931219e+00 
1.032570697e+00 1.057457439e+00 1.114834942e+00 
1.022601272e+00 1.038397483e+00 1.073144618e+00 
1.028348604e+00 1.041265729e+00 1.089723416e+00 
1.041101117e+00 1.034418949e+00 1.088620326e+00 
1.031355758e+00 1.022066987e+00 1.049428177e+00 
1.055732081e+00 1.034326425e+00 1.089269203e+00 
1.067105975e+00 1.030949297e+00 1.078822289e+00 
1.034414612e+00 1.039368986e+00 1.088295888e+00 
1.014656813e+00 1.027479645e+00 1.050125720e+00 
1.028176237e+00 1.015682828e+00 1.038056614e+00 
1.009133547e+00 1.019846410e+00 1.036061319e+00 
1.041204516e+00 1.032290896e+00 1.088117447e+00 
1.014062269e+00 1.027109548e+00 1.048681969e+00 
1.018198230e+00 1.008049593e+00 1.023992213e+00 
1.028968998e+00 1.040155440e+00 1.089398978e+00 
1.044685651e+00 1.025675426e+00 1.071976640e+00 
1.049528138e+00 1.032799778e+00 1.088571660e+00 
1.021367411e+00 1.030070318e+00 1.065114770e+00 
1.064296933e+00 1.050841969e+00 1.117024901e+00 
1.015820053e+00 1.020679127e+00 1.040116798e+00 
1.020653958e+00 1.038628793e+00 1.083656420e+00 
1.057541564e+00 1.034141377e+00 1.089772082e+00 
1.027504144e+00 1.034465211e+00 1.075091248e+00 
1.018844474e+00 1.031411917e+00 1.063346581e+00 
1.033242790e+00 1.022020725e+00 1.053402547e+00 
1.026987149e+00 1.016099186e+00 1.036807527e+00 
1.028072838e+00 1.047094745e+00 1.100478547e+00 
1.016521408e+00 1.037657291e+00 1.069089139e+00 
1.032148518e+00 1.029653960e+00 1.071084435e+00 
1.012494016e+00 1.028636195e+00 1.050369049e+00 
1.022515140e+00 1.040479275e+00 1.086706140e+00 
1.028968998e+00 1.031365655e+00 1.072219969e+00 
1.015871752e+00 1.034742783e+00 1.060945738e+00 
1.018301629e+00 1.023871207e+00 1.051196366e+00 
1.020869338e+00 1.039970392e+00 1.084483738e+00 
1.014303499e+00 1.037657291e+00 1.065033660e+00 
1.022058427e+00 1.040664323e+00 1.087160354e+00 
1.016461127e+00 1.034742783e+00 1.062746370e+00 
1.034380180e+00 1.028081051e+00 1.072722849e+00 
1.018548029e+00 1.042838638e+00 1.084986617e+00 
1.100191598e+00 1.188425241e+00 1.234049801e+00 
1.045223326e+00 1.098861954e+00 1.140319572e+00 
1.058260187e+00 1.150767950e+00 1.178765512e+00 
1.157890329e+00 1.084890822e+00 1.159607430e+00 
1.033914884e+00 1.064443005e+00 1.116927569e+00 
1.069715043e+00 1.120281273e+00 1.190834618e+00 
1.060333338e+00 1.034372687e+00 1.090145186e+00 
1.036642861e+00 1.088406736e+00 1.130813529e+00 
1.025632621e+00 1.069578090e+00 1.112628761e+00 
1.042324638e+00 1.073972983e+00 1.132273502e+00 
1.046588194e+00 1.079755736e+00 1.139719361e+00 
1.068915458e+00 1.052229830e+00 1.118841755e+00 
1.089491866e+00 1.064026647e+00 1.136766972e+00 
1.048087480e+00 1.090858623e+00 1.157076811e+00 
1.023574980e+00 1.030116580e+00 1.070305783e+00 
1.057283066e+00 1.025582902e+00 1.071295320e+00 
1.044151389e+00 1.027433383e+00 1.073404169e+00 
1.029017182e+00 1.058845300e+00 1.110325249e+00 
1.068398463e+00 1.041358253e+00 1.104582691e+00 
1.047822054e+00 1.040941895e+00 1.093876227e+00 
1.038574768e+00 1.081189859e+00 1.136864304e+00 
1.025806642e+00 1.037749815e+00 1.086835915e+00 
1.055370184e+00 1.025860474e+00 1.072009084e+00 
1.017784634e+00 1.023408586e+00 1.047238219e+00 
1.065813487e+00 1.036917098e+00 1.093941114e+00 
1.025203515e+00 1.039831606e+00 1.086138373e+00 
1.032518997e+00 1.024009993e+00 1.057133587e+00 
1.054560259e+00 1.042237232e+00 1.099002352e+00 
1.027219796e+00 1.050009252e+00 1.102165626e+00 
1.044823482e+00 1.025952998e+00 1.072301079e+00 
1.080651248e+00 1.026138046e+00 1.076470111e+00 
1.023892105e+00 1.043440044e+00 1.087257685e+00 
1.031700387e+00 1.047788675e+00 1.102230513e+00 
1.049631538e+00 1.027387121e+00 1.073144618e+00 
1.054973856e+00 1.041589563e+00 1.099002352e+00 
1.008995716e+00 1.027942265e+00 1.033173818e+00 
1.026549460e+00 1.036963360e+00 1.080639143e+00 
1.074602405e+00 1.026415618e+00 1.076794549e+00 
1.037223653e+00 1.032522206e+00 1.077540758e+00 
1.008995716e+00 1.025906736e+00 1.026101063e+00 
1.082059543e+00 1.116534049e+00 1.183129208e+00 
1.047287792e+00 1.039045152e+00 1.092172926e+00 
1.037068555e+00 1.013045892e+00 1.032735826e+00 
1.045702374e+00 1.013323464e+00 1.034114689e+00 
1.016190531e+00 1.041635825e+00 1.066347636e+00 
1.076049991e+00 1.025814212e+00 1.075837456e+00 
1.028362356e+00 1.061389711e+00 1.104793576e+00 
1.108724087e+00 1.192635085e+00 1.237488847e+00 
1.113002739e+00 1.148732420e+00 1.217373672e+00 
1.073204760e+00 1.142949667e+00 1.192116149e+00 
1.012976579e+00 1.015127683e+00 1.030659421e+00 
1.019904315e+00 1.023223538e+00 1.053434991e+00 
1.019904315e+00 1.021234271e+00 1.044967151e+00 
1.121959164e+00 1.068236491e+00 1.139897802e+00 
1.144058640e+00 1.151600666e+00 1.226782383e+00 
1.112239654e+00 1.069716876e+00 1.142996188e+00 
1.109913176e+00 1.073232791e+00 1.147392327e+00 
1.073473598e+00 1.076424870e+00 1.150020277e+00 
1.137124700e+00 1.074250555e+00 1.149014519e+00 
1.076584254e+00 1.049176536e+00 1.114364506e+00 
1.113687241e+00 1.069393042e+00 1.147392327e+00 
1.059540577e+00 1.037379719e+00 1.093243572e+00 
1.062745948e+00 1.032198372e+00 1.092416254e+00 
1.070035580e+00 1.043532568e+00 1.108443507e+00 
1.091802835e+00 1.092616580e+00 1.162657150e+00 
1.033759785e+00 1.034141377e+00 1.076745884e+00 
1.051182523e+00 1.036685788e+00 1.091524049e+00 
1.045288778e+00 1.030717987e+00 1.077167653e+00 
1.046886293e+00 1.064813101e+00 1.124048990e+00 
1.038964169e+00 1.049454108e+00 1.102571174e+00 
1.193252799e+00 1.091089933e+00 1.162770703e+00 
1.036982423e+00 1.034326425e+00 1.078335631e+00 
1.063021713e+00 1.043023686e+00 1.107421526e+00 
1.105122698e+00 1.086880089e+00 1.159299213e+00 
1.077635409e+00 1.060418209e+00 1.133003488e+00 
1.068605261e+00 1.039785344e+00 1.107372861e+00 
1.057317498e+00 1.042838638e+00 1.105831779e+00 
1.066744078e+00 1.042746114e+00 1.107875740e+00 
1.058368756e+00 1.037102147e+00 1.092643361e+00 
1.128783500e+00 1.060371947e+00 1.134593235e+00 
1.076670386e+00 1.060742043e+00 1.128607349e+00 
1.059712944e+00 1.042792376e+00 1.106983535e+00 
1.069897749e+00 1.033678756e+00 1.093065131e+00 
1.051079124e+00 1.040247964e+00 1.093097575e+00 
1.043841191e+00 1.038073649e+00 1.091945819e+00 
1.075894893e+00 1.051119541e+00 1.123400114e+00 
1.083580543e+00 1.046724648e+00 1.116732906e+00 
1.069173955e+00 1.036639526e+00 1.093892449e+00 
1.049200674e+00 1.037148409e+00 1.092546030e+00 
1.075705362e+00 1.046724648e+00 1.111736556e+00 
1.068329496e+00 1.045198001e+00 1.108200178e+00 
1.043996290e+00 1.036824574e+00 1.091475383e+00 
1.050992993e+00 1.039554034e+00 1.092594695e+00 
1.059454446e+00 1.047418579e+00 1.107745965e+00 
1.065451590e+00 1.034372687e+00 1.093568010e+00 
1.040842619e+00 1.031411917e+00 1.077670533e+00 
1.044134121e+00 1.037611029e+00 1.091978263e+00 
1.042135107e+00 1.039785344e+00 1.091978263e+00 
1.051906316e+00 1.039322724e+00 1.093697786e+00 
1.053457302e+00 1.028451147e+00 1.077865196e+00 
1.051285922e+00 1.039091414e+00 1.092627139e+00 
1.041962741e+00 1.042052184e+00 1.093243572e+00 
1.040928751e+00 1.039877868e+00 1.091799822e+00 
1.058635836e+00 1.040988157e+00 1.101403196e+00 
1.048339050e+00 1.040849371e+00 1.094395328e+00 
1.053198804e+00 1.047696151e+00 1.108005515e+00 
1.065296492e+00 1.036732050e+00 1.093389569e+00 
1.202879250e+00 1.517995929e+00 1.465179658e+00 
1.204078678e+00 1.515775352e+00 1.465179658e+00 
1.205174708e+00 1.512028127e+00 1.465179658e+00 
1.218156457e+00 1.504163583e+00 1.461675724e+00 
1.214997617e+00 1.504950037e+00 1.461675724e+00 
1.220782793e+00 1.502683198e+00 1.461675724e+00 
1.220617354e+00 1.502821984e+00 1.461675724e+00 
1.219578194e+00 1.501757957e+00 1.460880850e+00 
1.222313098e+00 1.499491118e+00 1.461675724e+00 
1.222830094e+00 1.497409326e+00 1.461675724e+00 
1.223129951e+00 1.496345300e+00 1.461675724e+00 
1.201442003e+00 1.516376758e+00 1.444658934e+00 
1.222002901e+00 1.514248705e+00 1.474442372e+00 
1.199692491e+00 1.524333827e+00 1.459615541e+00 
1.199930309e+00 1.523963731e+00 1.459615541e+00 
1.199185836e+00 1.524935233e+00 1.459615541e+00 
1.192966384e+00 1.532059585e+00 1.459615541e+00 
1.191353359e+00 1.540247964e+00 1.459615541e+00 
1.194207172e+00 1.530903035e+00 1.459615541e+00 
1.195944276e+00 1.526323094e+00 1.459615541e+00 
1.201667413e+00 1.521835677e+00 1.459615541e+00 
1.189698974e+00 1.542792376e+00 1.459615541e+00 
1.191787635e+00 1.537934863e+00 1.459615541e+00 
1.204151058e+00 1.535806810e+00 1.474442372e+00 
1.203277336e+00 1.540479275e+00 1.474442372e+00 
1.205071309e+00 1.529237602e+00 1.474442372e+00 
1.222049431e+00 1.512768320e+00 1.474442372e+00 
1.224556858e+00 1.511102887e+00 1.474442372e+00 
1.224577537e+00 1.507540711e+00 1.474442372e+00 
1.208752315e+00 1.515914138e+00 1.474442372e+00 
1.205893331e+00 1.523639896e+00 1.474442372e+00 
1.205896433e+00 1.521141747e+00 1.474442372e+00 
1.222830094e+00 1.512074389e+00 1.474442372e+00 
1.240681937e+00 1.505088823e+00 1.504031146e+00 
1.247907462e+00 1.490655070e+00 1.499375456e+00 
1.258585481e+00 1.483854552e+00 1.504031146e+00 
1.258306303e+00 1.486769060e+00 1.504031146e+00 
1.250049890e+00 1.490284974e+00 1.504031146e+00 
1.254118642e+00 1.488665803e+00 1.504031146e+00 
1.238572597e+00 1.523778682e+00 1.504031146e+00 
1.238738035e+00 1.520494078e+00 1.504031146e+00 
1.239689307e+00 1.513230940e+00 1.504031146e+00 
1.239606587e+00 1.518967432e+00 1.504031146e+00 
1.291733144e+00 1.468264249e+00 1.499197015e+00 
1.298233841e+00 1.454385640e+00 1.499197015e+00 
1.296238240e+00 1.460399704e+00 1.499197015e+00 
1.297861605e+00 1.458826795e+00 1.499197015e+00 
1.291795183e+00 1.466783864e+00 1.499197015e+00 
1.296827614e+00 1.459752036e+00 1.499197015e+00 
1.292960490e+00 1.460538490e+00 1.499197015e+00 
1.297153321e+00 1.459150629e+00 1.499197015e+00 
1.301961376e+00 1.460307180e+00 1.504031146e+00 
1.298926615e+00 1.462759067e+00 1.504031146e+00 
1.297551407e+00 1.465904885e+00 1.504031146e+00 
1.310779246e+00 1.460260918e+00 1.504031146e+00 
1.311851494e+00 1.458086603e+00 1.504031146e+00 
1.321848113e+00 1.452165063e+00 1.504031146e+00 
1.314641200e+00 1.455588453e+00 1.504031146e+00 
1.327537128e+00 1.449944486e+00 1.499197015e+00 
1.315305022e+00 1.453136566e+00 1.499197015e+00 
1.313340440e+00 1.454293116e+00 1.499197015e+00 
1.319375842e+00 1.452165063e+00 1.499197015e+00 
1.286666591e+00 1.476221318e+00 1.504031146e+00 
1.287778130e+00 1.473954478e+00 1.504031146e+00 
1.279327327e+00 1.478025537e+00 1.504031146e+00 
1.264042882e+00 1.483345670e+00 1.504031146e+00 
1.287778130e+00 1.473861954e+00 1.499602563e+00 
1.279108121e+00 1.475619911e+00 1.495595750e+00 
1.251600876e+00 1.483114360e+00 1.495595750e+00 
1.252945063e+00 1.477424130e+00 1.499197015e+00 
1.282747767e+00 1.474602147e+00 1.496633952e+00 
1.266536866e+00 1.481633975e+00 1.504031146e+00 
1.244846851e+00 1.557411177e+00 1.515662260e+00 
1.246658402e+00 1.551443375e+00 1.511704112e+00 
1.242238093e+00 1.553617691e+00 1.511704112e+00 
1.241641480e+00 1.556994819e+00 1.511704112e+00 
1.331970879e+00 1.470947446e+00 1.530975748e+00 
1.337868760e+00 1.468819393e+00 1.530975748e+00 
1.327896957e+00 1.472289045e+00 1.530975748e+00 
1.333275775e+00 1.470022206e+00 1.530975748e+00 
1.341394667e+00 1.467477794e+00 1.530975748e+00 
1.329627857e+00 1.467940415e+00 1.520496391e+00 
1.321141898e+00 1.469143227e+00 1.520642388e+00 
1.338220316e+00 1.462018875e+00 1.522540352e+00 
1.306012551e+00 1.474879719e+00 1.530975748e+00 
1.294963330e+00 1.477007772e+00 1.530975748e+00 
1.325605634e+00 1.469189489e+00 1.526547165e+00 
1.336977460e+00 1.467200222e+00 1.526547165e+00 
1.343563979e+00 1.465858623e+00 1.526547165e+00 
1.344801665e+00 1.465488527e+00 1.526547165e+00 
1.341180631e+00 1.466182457e+00 1.526547165e+00 
1.300055732e+00 1.476915248e+00 1.520496391e+00 
1.246935511e+00 1.558984086e+00 1.520496391e+00 
1.247826811e+00 1.556994819e+00 1.520496391e+00 
1.294190939e+00 1.530209104e+00 1.548819856e+00 
1.297388037e+00 1.527942265e+00 1.548819856e+00 
1.291740382e+00 1.533169874e+00 1.548819856e+00 
1.286828927e+00 1.542746114e+00 1.548819856e+00 
1.285862146e+00 1.545799408e+00 1.548819856e+00 
1.283080712e+00 1.549592894e+00 1.548819856e+00 
1.285262432e+00 1.547834937e+00 1.548819856e+00 
1.279883614e+00 1.551397113e+00 1.548819856e+00 
1.281662077e+00 1.551165803e+00 1.548819856e+00 
1.285634668e+00 1.547141007e+00 1.548819856e+00 
1.287788470e+00 1.539415248e+00 1.548819856e+00 
1.288035594e+00 1.537148409e+00 1.548819856e+00 
1.288233086e+00 1.535806810e+00 1.548819856e+00 
1.294320188e+00 1.516608068e+00 1.538486495e+00 
1.319603320e+00 1.507355662e+00 1.538486495e+00 
1.316992494e+00 1.515173945e+00 1.538486495e+00 
1.342971502e+00 1.537379719e+00 1.553945981e+00 
1.337502727e+00 1.526600666e+00 1.548819856e+00 
1.353078758e+00 1.521604367e+00 1.548819856e+00 
1.306818029e+00 1.545845670e+00 1.553945981e+00 
1.304296127e+00 1.550055514e+00 1.553945981e+00 
1.304776932e+00 1.548158771e+00 1.553945981e+00 
1.298711545e+00 1.526646928e+00 1.548819856e+00 
1.359020067e+00 1.527896003e+00 1.553945981e+00 
1.352073719e+00 1.530024056e+00 1.553945981e+00 
1.303597149e+00 1.551952258e+00 1.553945981e+00 
1.218743764e+00 1.580033309e+00 1.483056209e+00 
1.220729025e+00 1.578044041e+00 1.483056209e+00 
1.220992693e+00 1.577812731e+00 1.483056209e+00 
1.216918771e+00 1.580449667e+00 1.483056209e+00 
1.221613087e+00 1.575777202e+00 1.483056209e+00 
1.233974442e+00 1.552276092e+00 1.483056209e+00 
1.224528940e+00 1.557179867e+00 1.483056209e+00 
1.236125142e+00 1.605893782e+00 1.510730797e+00 
1.238337881e+00 1.601637676e+00 1.510730797e+00 
1.236104462e+00 1.606819023e+00 1.510730797e+00 
1.236378469e+00 1.605847520e+00 1.510730797e+00 
1.235737395e+00 1.614498520e+00 1.510730797e+00 
1.237944965e+00 1.603904515e+00 1.510730797e+00 
1.233793494e+00 1.618939674e+00 1.510730797e+00 
1.229362845e+00 1.578737972e+00 1.500154108e+00 
1.227894578e+00 1.617736862e+00 1.492286479e+00 
1.234077841e+00 1.574805699e+00 1.508589504e+00 
1.175747342e+00 1.378423390e+00 1.406845648e+00 
1.347423865e+00 1.537102147e+00 1.550425825e+00 
1.131544254e+00 1.279330126e+00 1.318533539e+00 
1.163202971e+00 1.342107698e+00 1.372438965e+00 
1.142455955e+00 1.323834197e+00 1.366761295e+00 
1.158872620e+00 1.315414508e+00 1.357774353e+00 
1.170119333e+00 1.299870466e+00 1.352404899e+00 
1.110178911e+00 1.227100296e+00 1.256176494e+00 
1.117635016e+00 1.249167283e+00 1.261221510e+00 
1.157988558e+00 1.286269430e+00 1.347862763e+00 
1.023471581e+00 1.007355662e+00 1.020196285e+00 
1.308317315e+00 1.627405625e+00 2.000000000e+00 
1.307010351e+00 1.632078090e+00 2.000000000e+00 
1.293687385e+00 1.632448187e+00 2.000000000e+00 
1.292652361e+00 1.633327165e+00 2.000000000e+00 
1.251355820e+00 1.636704293e+00 2.000000000e+00 
1.245415545e+00 1.649009993e+00 2.000000000e+00 
1.239159904e+00 1.686112139e+00 2.000000000e+00 
1.222874555e+00 1.687453738e+00 2.000000000e+00 
1.208993235e+00 1.840349741e+00 2.000000000e+00 
1.304093464e+00 1.573695411e+00 1.685570606e+00 
1.325973735e+00 1.559539230e+00 1.582139671e+00 
1.314676356e+00 1.569485566e+00 1.658755779e+00 
1.335542281e+00 1.589979645e+00 1.739784249e+00 
1.306433385e+00 1.595392302e+00 1.802709060e+00 
1.300032984e+00 1.598769430e+00 1.823943548e+00 
1.338154141e+00 1.613110659e+00 1.885473274e+00 
1.333004869e+00 1.561482235e+00 1.591840376e+00 
1.403315180e+00 1.600157291e+00 1.857003812e+00 
1.276983271e+00 1.567311251e+00 1.602887501e+00 
1.332462024e+00 1.586509993e+00 1.725671182e+00 
1.244938876e+00 1.587944115e+00 1.727666477e+00 
1.334154666e+00 1.616441525e+00 1.858528672e+00 
1.296205152e+00 1.575592154e+00 1.631924730e+00 
1.256445120e+00 1.573371577e+00 1.563095142e+00 
1.251316528e+00 1.562638786e+00 1.533717252e+00 
1.333518762e+00 1.611769060e+00 1.829053451e+00 
1.239356362e+00 1.560001850e+00 1.522475464e+00 
1.259047674e+00 1.600804959e+00 1.727780031e+00 
1.293387528e+00 1.581374907e+00 1.634974450e+00 
1.254080384e+00 1.584752036e+00 1.662778814e+00 
1.291867562e+00 1.616904145e+00 1.842193203e+00 
1.269361728e+00 1.631291636e+00 1.852380566e+00 
1.258999077e+00 1.618847150e+00 1.755405953e+00 
1.240697447e+00 1.622363064e+00 1.630188985e+00 
1.235010500e+00 1.630597705e+00 1.662908590e+00 
1.230114556e+00 1.637398224e+00 1.631113635e+00 
1.239904377e+00 1.666080681e+00 1.823829994e+00 
1.228427084e+00 1.651785714e+00 1.565139103e+00 
1.229866398e+00 1.669272761e+00 1.665293211e+00 
1.222333778e+00 1.670244264e+00 1.630399870e+00 
1.225918623e+00 1.654237602e+00 1.547830319e+00 
1.220521193e+00 1.679913027e+00 1.588920432e+00 
1.211388990e+00 1.665988157e+00 1.530781085e+00 
1.214984175e+00 1.669966691e+00 1.536718306e+00 
1.207570464e+00 1.805838268e+00 1.800778652e+00 

