3160.97 12631 42262
3886.73 11738 24704
3372.58 12325 35886
3263.32 12540 40609
3789.63 12142 33364
3140.88 12001 30673
3398.33 11622 24263
3918.82 12205 33375
3193.63 11761 25290
3100.35 11583 23004
3465.12 12983 45604
3163.45 10542 3038
3163.6 11034 11676
3183.6 13100 49483
3121.7 13173 50792
3372.12 11769 28260
3664.97 12132 32828
3490.38 13483 54585
3346.62 10900 7485
3381.47 12260 32321
3440.58 12367 36484
4120.57 13203 52830
3330.87 11395 19840
3485.6 11011 10679
3339.67 11709 23414
3394.77 12249 35207
3313.23 11989 26803
3600.37 11883 29576
2942.12 11824 25622
3447.13 11461 20017
3348.35 11989 28332
3126.77 11786 25081
2898.78 12493 37165
3304.62 11475 19384
2827.42 11573 18875
3435.33 12908 44734
3181.72 11323 15042
3304.18 11559 20796
3127.97 12179 32086
3485.75 10840 5971
3270.42 12386 33169
2568.65 11626 22177
3159.18 11478 17471
2588.87 12939 44857
2878.37 11189 13893
3042.88 12069 29622
2535.07 11878 26072
3451.7 13555 52924
3084.68 12672 38955
2700.15 12624 34712
2634.07 11123 9627
2774.63 12286 31455
2650.55 12392 32901
2731.75 11794 24710
3103.35 11964 26681
2918.27 12138 28685
3445.55 13454 51107
2962.85 11054 6683
2534.88 12335 32208
2725.32 13217 44864
2791.57 12284 30130
2699.45 12257 28056
3057.43 12797 39143
2673.2 12186 27816
2677.28 12870 40857
2771.82 11517 15619
3042.73 13565 51917
2671.6 12272 29648
2484.65 11249 7876
2623.77 11122 4211
2754.38 11484 10760
2825.07 13876 52545
2732.4 11563 10697
2724.85 13607 46567
2435.43 11768 12027
2405.37 12968 26382
2547.85 13683 38848
2492.85 13861 40865
2505.72 12529 16213
2396.78 12866 23680
2252.55 13073 27691
2317.47 12461 13747
2449.25 12693 20985
2401.72 12638 15128
2390.85 12966 20721
2445.5 14008 38905
2619.38 14810 54956
2298.7 12962 19540
2540.18 14628 50785
2469.75 13318 28040
2440.97 12800 17143
2745.17 15181 57659
3334.53 15597 58281
2429.18 14319 34838
2443.1 14697 41012
2370.25 14718 38861
2187.22 13407 16671
2404.92 14372 33771
2352.72 14927 36304
2207.08 14171 23443
2428.92 15203 42923
2264.4 14626 32720
2299.17 14712 33086
2386.6 15768 50943
2179.2 14693 21493
2499.42 17514 51966
3275.07 18224 61645
2227.47 17649 49364
