4019.5 5644 13900
4271.5 8412 20057
2918.33 6371 15112
1473 1636 5460
1049.83 2607 6415
6741.67 12674 27525
2983.83 6660 15805
3412.67 5768 14619
1443.17 3820 7997
3319.33 6264 14743
1884.83 3312 8100
560 560 1891
2028.83 5953 13444
4532.33 10490 25109
3953 6377 15326
3897.33 8785 19899
7531.67 17190 36101
1677.5 3462 8772
2689.5 6430 14697
358 235 684
488 718 1686
3023.83 7154 16754
5372.67 13583 27048
1257.5 2663 7024
3358.17 10108 20060
5525.33 11098 25994
238 389 460
1713.67 3699 9673
1261.17 1988 5186
530 738 1867
8820.83 19239 39693
1771 3592 8971
1922 4547 10690
342 376 960
6685.83 17012 33979
9035.17 18894 39068
1740 2265 6746
4554.17 10217 23786
1511.5 4195 8229
357 567 1423
1736 3597 9779
491 445 1009
5418.17 14316 27286
788 998 2667
2168 3379 9023
8789.5 17101 35457
1529.5 2397 6590
1896 3830 9859
3707.83 10309 21000
4007.5 6676 15829
6775.33 13793 29320
5547.67 7885 19421
3728.17 7205 17666
5623.17 8805 21401
7444 13563 29927
3738.83 10226 20161
6914.17 16526 33897
3345 4937 12499
4274.67 9601 21942
1675.5 3411 8650
1599 3877 10503
1981 4093 10574
3654.83 9728 20005
1114.5 2033 5201
2811 4566 12265
5547.17 13561 27428
6887 18643 36182
583 785 2520
3433.67 6873 15937
1825.5 3514 9141
632.333 1539 3419
949 1012 3061
1728 1569 4637
3963.5 6741 17350
5897.67 16966 31313
9093.17 17046 35597
2076.67 4529 11627
4477 11441 25515
6883.67 16689 32716
5279.33 10141 22652
6215.67 14842 30651
8559.67 17934 36913
2664.5 5970 14034
5151.67 11820 25552
6390.67 17575 32499
8877 18740 38847
2311.5 3367 9101
1249.33 2174 6419
4856 8898 21697
516 654 1793
7089.83 14263 29677
6265.5 17039 31948
916.5 2260 4363
376 581 1492
8039.83 16872 35117
611.5 1185 3162
5050.17 8523 20307
7115.33 15947 31986
698 800 2577
5142 11972 25675
1501.5 3026 7772
5355.33 15131 28618
2437.17 5937 13794
6436.5 16780 33116
6568.83 17409 33328
290 408 896
2224.5 5873 12461
1191.67 2296 5457
4883.17 12651 27030
2547 4263 10987
348 612 1448
3940.67 9753 22280
1517.83 3909 8578
1438 3921 8068
7587.33 16242 32428
595 552 1687
3560 9404 19651
241 501 994
1544 1504 4464
7451.5 18339 36686
2389.33 6642 15751
4404.67 10459 22934
1515.5 3987 8483
1219 1923 4994
522 465 1598
2792 6269 15039
1438 1587 5268
480 447 992
2325.83 5017 12467
2207.17 3106 8940
5500.5 12464 25776
2895 7859 18996
389 490 1049
593 408 992
9199.17 19480 39982
2472.17 6113 14191
1281 2516 7728
7735.83 18512 38454
1698 2426 6601
2218.33 5950 12973
6023.5 12584 26497
6859.17 16182 32188
4051.5 4558 12084
6105.67 14289 30305
2507.83 5041 13753
6772 12636 27514
9771.17 17758 36966
934 1620 4654
5735 14328 29495
3001 6880 16483
4828.33 8871 20834
2856 5999 14695
7111.17 16427 33105
1680.33 3665 8988
2846.67 4162 11459
5600.67 13388 28369
3590.5 7159 17169
3682.83 8724 19527
539.5 877 2100
5101.5 8345 20703
1107 1747 4784
4355.67 10583 23054
6522 14219 29001
2535.67 6402 14574
3893.5 10640 21202
358 215 0
3740 8937 20949
1091 1082 3238
1684 2058 5845
3640.83 6698 16216
6165.5 12762 28574
5339.5 15045 28567
3172.67 7679 17389
3850 4943 13075
656 573 2422
872 1042 3131
1059.5 1902 4822
1777 2305 7169
8215.83 18222 38254
5755.5 12419 26314
4995.83 11660 25525
900 1084 3368
272 320 721
6144.17 14280 30176
224 464 454
318 397 905
7581.5 19054 38619
3638.67 9130 19695
5299.83 15471 30534
1853.33 3276 8061
1460 1807 5284
6133.5 10117 23076
560 662 2336
412 466 1474
3484 7231 17205
2912 3514 9678
2538 3093 8090
1327 4546 7993
240 387 471
1464 1484 4443
1342 1613 4420
2688.5 3902 10969
1936.67 5513 11501
3448.67 6136 14743
2583.67 6159 14474
4635.33 12901 25813
2326.33 3506 9659
1414 1473 4424
669 1219 3206
1112.83 2333 5351
234 236 0
1893.17 4879 11361
1703.5 2498 6956
8731 14090 31584
1538 3723 9656
355 302 943
261 303 561
2240.33 5097 13027
584 1012 2645
5435.67 14265 28015
3195 7252 19362
3450.5 8760 19423
7159.83 17332 36567
690 389 1331
5165.5 14637 27585
4907.5 9413 21706
8109.17 16093 33805
5983 13214 27176
2753.67 7150 15820
885.5 2038 4216
7731.5 15649 32063
1209 2044 5355
4152.17 6641 15601
2072.83 5104 11620
583 1019 2972
224 429 0
2100.33 4856 11792
1190.83 2194 5452
2969.5 4973 12473
8538.5 17351 36810
3929.33 11297 25146
811 1073 3212
1193.67 3064 7919
7369.17 16268 34990
941.5 2110 5309
1169.67 2484 6218
4464.17 10907 23144
1980.5 4267 11168
286 269 756
3197 4710 12371
778 1143 4196
351 282 796
7442 12301 27931
5993.67 12270 26337
506 626 1742
234 265 411
6234.83 14620 31778
5862.17 16763 31294
6060 15251 31261
269 410 957
315 344 845
6536.17 14391 31275
2533.67 4992 12886
7038 17753 34582
6891.67 18163 36131
458 651 1547
464 478 1553
2141 4895 12410
1620 1933 5656
418 566 1489
6360 17407 32069
336 351 894
5992 13750 28562
922.5 1933 4457
1348 1740 4920
4210 11089 22625
1541.83 3675 7949
4450.5 9564 22310
7509 13194 29338
6317.5 17693 33679
338 323 842
618 649 1899
3107.83 7463 16911
2772.67 6515 15176
849 945 2810
5419.83 15040 27724
2521.5 7326 16489
1467 2068 6422
509 633 1773
7017 12327 26748
2719 3033 8951
1880 1919 5907
5962.83 15770 30602


1595.33 2130 5487
2050.67 4125 10081
1656 2767 7118
1755.83 3358 8459
3912.67 9288 20897
2515.33 6335 14070
2992.67 6926 17831
2753.5 4201 10913
432 305 937
1796 4450 10241
7903.33 15988 33215
2966.17 7735 17105
933 1386 4255
601 594 1937
1322 1530 5318
4010 4626 11716
3272.5 6656 16101
3906 9297 20838
10053.5 15168 33438
3505.83 9487 21364
1800.5 4805 11041
1947.67 4364 10169
1012 945 3270
1304 2092 5394
7219.83 18212 35750
852.5 1253 3254
2722.83 3702 10844
1074 2130 4762
1093.33 2233 5555
4758.83 11829 26272
1129 1243 3738
2480.83 4977 11997
2916.33 7500 16115
2283.5 3285 8849
1299.33 2208 5819
4390.5 11565 25362
851.667 2685 6600
1771 1955 5559
434 713 1745
1621.67 2913 7675
806.5 1256 3808
4092.33 8925 20858
344 737 1448
4804.17 11480 25260
1858 4727 11400
2180 2400 6516
5241.5 9746 24724
1811.67 3546 9208
1381 4181 8502
6399.17 16223 32051
2218.67 6063 13693
6091 14470 29973
3332 5357 13298
430 465 1728
7036.17 15489 32621
3300.33 4753 12056
1289 2582 6360
1000 2300 4569
485 703 2041
7468.83 19055 38742
459 766 1905
4804 9617 23728
888 1490 3966
2074.17 3398 9351
2580.83 6190 15835
7811.17 14146 29730
2187.67 5006 11991
4847.5 10984 25079
3617.33 8503 19174
2636.17 5865 15528
4016.33 8451 19188
5271.17 11055 25172
4394.5 10459 23650
3019 4860 13131
1086.17 2525 5805
975 1242 3669
3955.33 8293 18900
6607.5 17918 34848
3291.17 8444 17866
3562.83 8396 18237
6611.5 16308 32987
1348 1216 3461
2844.5 8529 17727
3926 10360 21804
1764.83 3495 8873
3835.83 10997 24053
2103.67 5326 13221
612 877 2596
1477 3766 8405
1688 2119 5574
5179 8864 21656
2064 4903 11611
1845 3187 8734
5910 14009 29634
3453.33 7958 18157
4658.33 11280 24897
5533.5 11084 25438
1371.67 3618 8142
4495 9083 21138
7671.17 17804 36442
1216.5 2087 5361
1458.5 2588 6412
1612.83 3959 8590
2626.5 5682 13363
6120.33 14951 30987
1165.5 2093 5038
1773.83 3590 9609
1371.67 3103 7834
7170.17 14480 31486
2766.33 7325 15954
1973 4360 9807
8734 19045 37207
2024.33 5463 11879
1978 3458 8943
2435.83 6654 14265
3356.5 7682 18089
2303 5841 13992
919 990 3418
4021.33 9182 23040
6193.83 16748 31324
2469.83 6389 14511
1642 3944 8983
1149 1666 4887
471 637 1770
6336.5 7953 18739
4089.5 8339 19364
4798.83 8044 19280
560 673 2469
2325 2404 7026
2201 2820 8430
4211.83 8448 19946
3801.33 8383 18667
5296.83 11814 25721
6420.33 17759 34714
1254.5 2492 6242
1476.67 2925 7478
5637.33 15638 31114
6892.5 15529 32409
2984.17 4943 11996
672 869 2658
6644.67 15186 31775
1992.83 4268 11425
4003.67 9510 22201
2336.33 4025 10332
6842.17 16207 35072
2924 4561 11688
1248 1224 3469
7744.83 17612 35619
6260.17 16591 31714
690 660 2356
485 581 1828
2718.67 4957 12021
3759.5 7061 18443
1046 1787 4396
6574.83 17623 32360
2377.33 5086 12347
803.333 1777 4275
5364.5 9047 21710
1769.5 2426 6892
4784.5 12571 29245
9066.17 17673 36079
3136 5715 14696
6820.17 15911 33137
3521 8507 19866
716 699 2555
4809.33 10432 24321
4969.67 10187 24300
604.5 897 2630
5569 14829 30196
471.5 1001 3140
1177 1405 4401
1835 1831 5801
1618.83 3972 9117
2011 4143 10711
4585.67 8134 19408
6393.5 17879 33816
1641 3404 8452
6168.67 13828 29508
6402 15984 31149
2539.67 5777 13447
758.167 1882 3957
702.833 1585 3403
2639.17 5010 12281
1155.33 2304 6091
1284.17 1976 5041
3767.33 10744 21604
1115.33 2354 5855
2572.17 7921 17439
4149.17 8943 21021
557 470 1854
6295.83 11686 25621
8865.83 18869 38200
4947 10684 25046
6408.83 14923 30323
2103.5 3310 9765
789.5 1582 3249
3319.5 8588 20762
4330.33 10341 23524
1618 2388 6241
8586 18176 36798
1444.67 2977 7201
6599.5 16056 32521
1750.17 3695 8626
2957.83 4803 11723
4067.17 6751 16162
7349.5 18183 36571
1014.67 2484 4740
3282 3990 10916
3321.33 8513 18271
2500.33 5023 13208
690 608 2351
1715 2192 5796
2885.67 5364 14227
476 526 1799
2445 4038 10778
3285.5 8548 19348
1797.33 2536 7241
5874.83 11795 25857
7169.5 13547 29406
4613.83 11294 24757
2651.83 7796 15954
3003.83 4597 11701
4809.83 9052 21460
3118 4845 11808
6643.67 16167 34418
6245.83 16503 31332
1031 1349 4228
2208.33 6499 14249
1395.83 2877 6714
1736.67 2651 8352
1924 1939 5816
3879.67 6805 17239
2432.17 6746 14893
5105.67 10071 24112
7827.83 15131 31795
6344.33 18848 33114
2690 4852 11698
7926.67 18678 36594
7124.17 14945 31469
1520.33 3311 8235
2092.33 5123 12084
935.5 1337 4017
1126 1555 4504
1046.17 2434 5029
4596.33 9798 23249
269 410 957
2518.17 4864 11746
1263.33 2010 5039
3949.67 9981 22159
5967.67 11711 25466
1757.67 3627 8851
1658.17 3794 8515
7847.5 18792 37001
4785.5 12271 27021
680 919 3239
4070 8875 20836
3259.33 8713 20487
267 351 882
224 464 454
2343.67 6867 15792
4686.17 10907 23874
2320 5057 12086
2223.5 2859 8598
6790.67 15927 32563
318 397 905
395 472 1348
1487.5 2934 8126
1578.17 2618 6940
8898.33 17913 37946
240 387 471
4078.83 10529 23842
1744 2079 5755
7160.83 16156 33562
352 518 1735
345 662 1175
1217.17 3631 7251
1097.83 3382 6760
2126.17 4032 9897
5026.17 11888 27979
6509.17 16155 31886
1170 1813 4938
4568.17 11204 24401
234 265 411
3214.33 8568 19429
350 409 992
276 332 638
818.5 1735 3819
234 236 0


571.5 489 1383
2267.83 5299 12253
1585.17 3650 9693
2407.83 5541 12794
4876.67 8782 20850
1881.33 5481 10787
746.167 1430 3625
944 923 2991
5451.17 12826 27582
2609.67 5128 12991
3370 3499 10323
358 235 684
9250 18841 37984
1951.17 5441 11933
2419 7099 16095
2311.5 6723 14064
1317.5 1847 5011
567 446 1299
5646.17 10405 23498
4880.67 11424 24032
629 502 1851
1114.17 2641 5683
7484.33 18241 35818
4675.67 11906 24866
3143 7587 18332
5742 14890 31150
1301.33 2803 6659
5145.33 13312 29980
2192.17 4140 10240
7464 18934 37100
2581.33 5279 12578
9633.83 15881 34009
2436.67 3546 9056
1028 1294 3816
238 389 460
4694.33 6770 16412
3036.83 7395 17159
1567.83 2723 7146
5728 8044 19285
988 1993 4393
4580.67 11520 24545
1977.83 3370 8497
6002.33 12344 27515
2133.33 4725 11620
2299.17 5089 12147
870 1089 3162
2831.5 4812 11860
1381.5 1922 5756
1473 1477 4446
5763.33 12920 27626
1894.17 5837 11428
1230.67 2432 6299
619.5 828 2422
775.333 2005 4457
1118.67 2167 5187
1204.33 2075 5443
961 1798 4376
379 482 1256
3036 3227 9027
694 677 2332
6918.17 12780 27696
7034.33 17366 35116
1680 2201 7015
4600.83 11914 25325
4731.33 12396 26747
707.5 1322 3172
4787.33 11766 25475
986 1225 3462
3690.5 8427 19596
1481 3140 7523
740 945 2655
3939.83 5639 14306
4211 11445 24104
1790.33 5110 10421
6980.33 14110 30445
2895.83 5066 13158
234 265 411
492 737 2129
261 303 561
2769.83 6724 15499
355 302 943
1243.5 2028 4854
500 616 1782
3322.5 3591 9747
1855 3786 10071
5519.5 12138 27052
2511.17 6370 14097
4530.67 10740 24000
2968.5 8759 17667
406 501 1730
2340 2167 6483
1392.5 1889 5365
4872.67 9109 20834
2076.33 3194 8544
3030.67 4829 12481
1258 1599 4454
1032.33 2550 4854
3719 8772 20783
2155.17 5467 12617
5602.17 13100 28324
4640.33 8221 19098
6198 12325 27248
1248 1936 4512
5705.83 11554 25875
621.5 689 1983
1311 2532 7136
1566.17 3225 7761
3913.83 7125 17251
5335.67 11512 24490
1138 891 2702
1062 2964 6181
1486.67 3670 8230
1166.5 1923 4423
2976.83 6715 15259
1012.67 2586 5226
4612.67 13310 25699
7355.5 19039 35776
3290.67 6397 15661
234 236 0
1420.67 3546 7892
434 713 1745
7366.5 17866 35278
7751.33 19031 38870
2419.17 3723 10107
997.5 1709 4277
878 1343 3212
7946.17 17496 37041
3238.67 5603 14053
5907 14494 32060
6622.17 15236 33373
1947.5 4572 11282
5149 11777 26016
1631.33 4483 10075
1409 1319 4117
6232.67 11281 24311
5940 15469 32333
2439.17 5566 14020
3254.67 7277 17868
2843 5230 13776
3032.33 6975 17061
240 387 471
4859.33 10681 23368
4263 11125 23238
3444.33 9120 23098
2458.17 5083 12503
3901.33 8020 18460
5353.5 13202 28702
5699.5 11161 24087
2623.83 5240 13328
6865.67 16331 34739
3403.83 8683 19495
1084.33 2911 7483
1572.67 3977 9868
3235.17 8268 18964
1638 3198 8056
1768.17 4709 10175
1575 1583 5223
269 410 957
6675.83 16386 34310
2340.5 3559 9250
2263 2842 8426
5567.33 10462 23418
5561.33 11328 24407
2435.17 6414 13531
5808.5 14091 30041
1267.5 1667 4689
599 1020 2968
1444.33 3771 8428
3764 8547 20139
1932.17 4980 11000
5058.67 8837 22044
992 1122 3319
7520.83 16106 36106
2800 7812 17145
286 269 756
2696.5 4271 11101
481 758 2302
5880.67 13041 29858
6467 17557 33644
4210.67 12181 23655
1366 1539 5059
660 631 2003
3665.83 8578 19364
636 799 2505
2450 6840 15578
2669 6842 16773
2089 2615 7318
4509.5 7856 18458
1113.17 2098 4579
241 501 994
2318 4701 11290
3725.83 8072 19052
1579 1476 4216
2867.17 7313 16850
582 731 2003
4195.5 4882 12490
1746 3551 8761
1696 2086 5910
318 397 905
1567.83 3639 9275
2623.17 4426 11386
3570.33 7388 18139
1326 1634 4903
1484.83 3488 8092
1466 3881 9142
855 861 2664
9475 19056 39370
7612.33 18323 36745
1857.83 3108 7786
1228 1385 3890
3134.83 6649 16119
7467.33 18461 37746
2963.83 4979 12406
988 1061 3313
7238.5 14002 32915
1131.83 2114 5567
358 215 0
1187.33 2556 6530
2219.5 4204 10615
2587.83 5502 12679
514 869 2636
1966.33 3417 8269
4965.5 11932 25593
4642 13606 26164
2925.5 4804 12133
669 681 2425
908 825 2573
338 323 842
315 344 845
6074.5 16683 33369
861 985 2802
1102.83 2124 4846
4895.5 8298 19272
6676.33 12316 27175
691 623 2092
5547.83 10419 23285
5904.67 11407 25303
3109 6068 15275
1329 1707 4913
2627 6543 14279
272 320 721
2121.17 4847 12053
2693.67 5691 14974
3159 9162 18865
336 351 894
324 379 992
1243 1321 4187
5059.17 13536 27652
1027 1309 3846
7678.83 18121 37361
8376.5 17784 37145
7123.5 19067 35527
1963 4426 11262
921 1399 4173
415 497 1606
1966.5 2743 8390
518 777 2399
1455.17 2166 5857
1788.67 4715 10188
290 408 896
1430.83 3814 8420
938 940 2678
267 351 882
7062.67 13032 27729
7019.5 14426 30561
513 385 1198
224 429 0
2151.17 4425 10564
2563 5177 12528
2133.5 5936 13048
1100.5 2215 5030
2499.17 3432 8763
1144.67 2088 4475
1704 4015 10019
224 464 454
1081.33 2140 4915
5234.5 13131 27679
1923.33 4521 10696
6720.83 13953 30068
1603.5 3295 8210
1819 3539 9024
4984 11943 26655
532 461 1247


1456.5 1986 5276
4546.17 9598 21579
7808.83 17200 34861
923 840 2895
3090.5 7669 17075
6354.67 10303 23663
5180 8601 20457
4406 12135 25154
5652.67 15008 29134
1772.5 4969 10348
1526.83 2516 6685
2094 3215 8944
5068 11010 24333
2481.67 3181 8939
7198.83 18455 36168
1800.17 3677 8774
6029 11617 25280
3513.33 6815 16782
3227.67 7082 16552
2002.33 5129 12358
871.5 2203 4545
489 528 1621
3426.83 7419 17144
666 950 3806
1669.17 3227 8608
3758 8508 19303
5771.83 14421 29004
5251.83 8264 19988
7318.33 15828 33914
4904.5 13067 27020
4414.67 9559 21501
286 269 756
1748.83 3887 10112
1608.17 3445 8140
4080.83 7946 19981
682 601 2247
4432.67 11820 24430
4263.17 8941 20378
983.333 2108 5118
3008 8104 18449
5610.83 9389 22522
1727.33 4385 9620
6516.67 15855 32900
8702.33 18873 39104
1171.5 2499 6134
497 374 951
515 883 2135
8227.67 16934 35702
7124.83 16320 34657
8019.33 17949 36029
2976.5 6411 16140
234 236 0
1961 2514 6336
6179.83 19417 31852
463 900 2115
1863.5 3439 10185
1619 2587 6884
3327 7731 18983
6436.67 16748 32699
4034.5 9072 20796
479 537 1750
6010.17 15484 30360
2247.33 2972 7727
1447.83 4327 7802
1920.67 2573 7327
853 936 3039
4891 11365 25178
6512.67 16238 32525
3101.67 6860 16541
3968 8557 19834
1134.17 2972 5668
1083 1362 4253
2403 2717 7754
3536.17 7646 17953
4056.5 9071 20424
6945.83 15783 32317
5523.67 11636 26228
4409 9918 22691
6237.67 16242 32679
1316.17 1987 6033
3890.5 10028 23117
3419.67 8657 20301
5236.83 10469 23205
2179 3179 8265
7647.67 18585 37964
4071 9996 22272
4814.33 7123 18527
2194.83 6297 14032
2311.83 4920 12157
4690.83 13355 27619
5040.5 8855 20720
6066 16640 30989
581 724 2299
7336.83 17582 34735
3823 10123 21348
4630.17 8869 20368
6233.5 15832 31415
1779 4157 12141
7462.33 17579 35472
4798.17 10186 23186
2365 5802 15665
6383.5 9065 21279
5972 13615 29874
6205.83 16545 31575
2994.67 7720 17057
5413.33 10418 23514
3351.5 6646 16249
3135.17 6652 16525
241 501 994
355 302 943
898.333 1573 4328
6133.83 15314 31259
8251.5 18778 38678
5237.17 10827 24518
2223.17 5003 13153
5067.33 12427 26611
1295 1359 4432
1595.5 4291 9209
1945.5 2888 7533
4541.17 9006 20900
992 1616 5205
6817.33 16266 33845
7984.67 18521 36565
4707.83 9723 22426
1204 2478 5463
6667.17 11271 25243
1814 2973 7696
3557.5 6407 15921
1190.33 2256 5438
1674 4080 9370
3755 10584 21654
5532.17 15397 29178
2443.83 4952 12803
2452.5 2894 8028
630 655 2304
2140 5349 13000
1573 2237 6299
654 892 2557
603 665 2478
2854.83 7742 16813
4673.17 12676 26103
5392 11949 26471
5568.33 9829 22779
2845.67 7763 16374
3258.33 7126 17040
4982.17 12552 26142
8336.67 17928 37629
3102.33 8209 19220
4523 9833 22844
8245.67 18551 37679
2263.17 5575 15114
6535 12160 26628
5812.67 11064 24994
3796.5 9123 21082
2557.17 4908 12740
1200.67 2902 7633
7450.33 18734 37020
1757.5 2701 6969
2051.5 4038 11179
1231.67 2162 5726
3095.83 4899 12391
368 479 1612
7405.33 17262 35431
238 389 460
3190.67 5357 14295
1011 839 2587
1804.33 3748 10187
6950.17 16069 33303
550 795 2270
351 282 796
8740.83 17439 36536
7847 18443 36497
2269.83 2556 7259
5149.5 12426 26461
240 387 471
1457.33 3729 8680
324 379 992
315 344 845
1894.5 3589 10687
7621.67 18701 36645
269 410 957
4728.67 7514 18764
1693.33 3816 9096
2101 5044 12190
833.333 2467 3943
1559 1933 5462
2915.17 7776 17893
6913.83 19472 36425
358 235 684
4213 9870 21210
2483.83 5682 15452
3756.5 10648 24046
590 639 2074
7603 13584 29602
2373.17 5200 14266
2071.5 2682 7499
971 1654 4689
4192.5 9526 21164
5193.83 12213 28863
3544 7501 17644
6576.33 14605 31450
963 1956 4594
958.167 2728 5407
1542.17 4448 9733
6368.83 17656 34047
2681 3073 8088
518 841 2101
2270.5 3187 8423
990.5 1182 3841
6993.5 18650 35766
876 1976 4204
290 408 896
455 615 1653
5114 11211 24861
580 436 1820
6397.5 17754 35074
1254.5 2844 7475
1626.67 2984 7662
6592.5 13702 30283
336 351 894
593 972 2374
261 303 561
7730 17209 35996
276 332 638
556 687 1954
342 376 960
1194.5 2659 6478
2805.33 7898 15798
7462.67 13531 29268
224 429 0
302.5 756 1274
3560.83 7402 17996
338 323 842
6353.5 14899 32262
3358.33 7426 17385
1062.33 2477 5296
7847.67 15814 33078
7457.67 18944 37158
3871.33 9100 20858
1195 1157 4136
532 478 1203
9026.5 18456 38684
1794 3211 8062
1440.67 2737 6587
5040.67 13317 27462
267 351 882
5735.17 14823 29915
3758.5 9925 21164
3236.83 8167 18653
631.5 1071 3288
358 215 0
5520.5 13080 28877
224 464 454
7780.83 15412 32424
234 265 411
1702 1850 5302
4615 8600 20116
4402.67 9573 21477
1735.5 3053 7803
4524.5 11459 24352
7052 12173 27916
4197.33 6383 16403


7710.5 19208 38450
2201.5 5093 13919
540 569 1724
3932 10902 23725
2038.83 5085 10692
3765.67 8026 18335
1309 1755 4992
763 818 2742
1312 1642 4599
1385.33 4090 7796
7136.17 16867 34911
1347 3455 7272
2191.5 5646 11837
1303.17 2835 6507
2008 5217 11376
4468.67 8371 20252
4763.17 10722 23209
6993.83 12726 27351
720.667 1568 3304
986.833 2152 4579
3117.17 6074 15425
6457 13700 28532
3838 8472 19123
9633.83 18398 38161
2446.5 4836 14557
2372.17 3939 10823
3817.17 9295 20103
1205.5 2702 6158
2855 4692 12947
902 1006 3363
5053.67 12206 26473
7344.5 14443 30887
7761.67 12607 26781
2290.5 2944 8295
1079 1229 4221
7781.5 18867 37748
3434.83 9780 20447
3908.17 9275 20733
1878.17 4342 10513
4700.33 9651 22024
4672.67 10650 23202
3695.33 9409 21385
5522.83 13078 28273
4660.83 13740 26762
3384.67 8178 18863
3000.33 6723 15641
1967.67 4644 10533
4036.67 8261 19256
336 351 894
7324 14017 29495
2172.67 5691 12268
2199 6278 12391
4202.33 7396 18514
10398.2 16347 37184
1216.17 1758 5072
8456.83 12722 27318
1693.5 2191 6707
3128.5 6444 15755
1661 2507 6966
1744.17 2738 7801
3660.17 7999 17568
3607.5 7332 17549
534 865 2204
4032.67 7049 17651
577 483 1422
5378.83 13423 28421
2537.5 4607 11517
986 1334 3420
3481.33 8662 19453
5778.5 14240 28582
3553.67 10307 20681
3770.83 7890 18166
969 2281 4862
500.167 760 1820
4725.33 8029 18537
3975.67 7810 18432
3968.5 9869 22309
1503.33 4249 8929
3847.5 8534 20313
8186.17 17117 35830
614 426 1411
1457.5 2884 8273
2663.83 7417 14772
9134.67 18641 38585
3748.17 8106 18884
1713 1688 4901
3990.33 8750 20836
1365 2695 7040
290 408 896
4212.17 9785 21503
2175.33 3255 8754
7655.33 12706 26587
473 489 1632
2181.5 5463 11807
3179.83 8264 18898
2680.33 6128 15017
1397.5 2577 6311
1466 1515 4670
2988.67 7271 16919
1544.5 2838 7220
1196 3176 6227
4084.67 6291 17783
3265.17 8022 18071
2959.83 4669 12060
3796.67 9322 20751
3992.83 11103 25072
2938.83 7603 16728
549 649 1902
1287 2785 6270
1713 2754 7352
315 344 845
1575.67 4030 9394
5722.17 12888 27419
2301.33 5030 11626
5370.33 9889 23991
7357.17 13716 29549
756.5 1402 4195
3090.17 6455 17155
6790.67 15339 31737
413 484 1155
791 1079 2943
2787 6795 15633
2547.83 7565 15816
1038 1210 3655
6219.5 17011 33655
694 844 2879
615 877 2313
2487.67 4734 12078
4646.83 8946 21627
4792.17 10499 25698
7405.67 19516 39466
1536 2108 5794
1545 3918 8347
681.667 1620 3970
7511.5 15625 32244
2488 4736 12097
3539.67 8007 17824
3809.33 7750 18377
238 389 460
2261.67 5035 11261
6376.5 16324 34445
3678.5 9901 20731
2838 3325 9663
261 303 561
1607.33 3517 8592
6171 12992 28412
4295 10513 22333
1758.67 3942 8889
432 669 1795
856.5 1368 3858
3318.17 5847 15353
542.667 1231 2281
2778.5 7510 16133
4422.17 9945 23012
5361.67 14226 27281
4112.83 9084 21452
5441.67 11176 25898
2317 4924 12157
1298.33 3038 6879
3055.67 8209 17300
1572 4120 9420
8381 15540 33022
3714.17 7166 17277
4689.5 9590 22002
994.833 2216 5054
1286 2988 6334
1757 1833 6176
342 376 960
6897.83 17287 36993
1957.67 5223 11108
12142.2 18398 38954
1023.5 1369 3892
3374.83 7310 17546
3800 8303 18914
1033 990 3152
5688.67 12931 27772
1987 2361 7362
5105.17 12741 26519
799 1147 3175
1039.17 2339 6046
1837.5 3464 10281
1112 1805 5585
543 755 2247
530 537 1679
8542.33 18863 40121
1812 3464 9283
6858.83 15657 33251
7709.83 18088 37231
318 397 905
1638.83 2627 7184
440 528 1383
994 1192 3511
1822.67 5405 11112
572 487 1307
7251.17 11237 25948
9371.67 17083 37691
338 323 842
800.5 1199 3392
6242.5 15383 31496
7855 15615 32890
6175.17 15461 32219
8515 18419 37323
1439.5 1589 4851
3983 8493 19192
1950.67 5322 11308
7983.33 15676 33862
6079.5 14246 29434
530 789 2101
4350 4541 11483
7513.17 19302 39050
358 235 684
833 913 3124
2145 5868 12107
351 282 796
3093.33 8509 18865
4695 11893 26297
720.167 1872 4524
4910.83 9131 22187
4187.67 8746 20321
355 302 943
2073.33 5746 11906
7981 16568 34490
286 269 756
2289.5 5025 11375
8280.33 18635 37514
7448.17 17839 37006
1304.83 2849 6776
337 577 1264
267 351 882
4808.17 13629 26349
2085.83 4628 10859
3039.17 7873 17030
1553.33 4034 8446
8635.67 17067 35145
3594.5 8503 19092
5681.83 14884 31366
4832.33 11448 26391
269 410 957
240 387 471
2765.83 6104 14681
567 370 957
324 379 992
7238.83 13493 29054
931.5 2316 5084
224 429 0
6471 14099 29432
3079.83 6824 15780
3795.17 7864 17729
234 265 411
234 236 0
2250.17 4106 10681
7405.17 13202 29805
2091.83 4476 11256
7115 16284 33724
999 1211 3741
1776.17 5175 10257
321 738 1647
358 215 0
1132 1782 4967
617 570 2704
5139 14545 27956
1104.5 1974 4680
1267 3489 6371
2445.67 4672 11259
2373.67 3137 8721
5434 15843 28526
3314.67 9350 19463
5545.33 14323 30468
272 320 721
9168.67 18389 37914
1401.5 2322 6182
506 726 1939
1208 2174 6121


368 479 1612
723.5 1450 3740
3002 8370 16551
3841.33 7687 18315
3504.83 7494 17573
6426.67 13543 28929
4788.67 11489 25707
5860.33 16267 31363
1024 2669 5408
3358 6767 16991
7509.83 14542 31112
5692.83 11067 25102
4512.17 7855 19125
3474.83 8208 18944
5030.17 13071 27105
1846.5 2023 5562
407 439 1221
3584.33 9669 21369
4194.67 8656 20278
2810.83 5155 12738
2750.83 6034 15329
526.5 1083 3281
7007.5 14295 30501
8322.33 18116 36529
3352.67 7718 17232
5249.5 13584 27760
4492.17 12119 25484
8390 18332 36861
1846.83 4011 9375
7169.67 18549 36033
2884.5 7794 16369
4734.83 12095 25204
2000.83 3651 8904
655 617 1799
315 344 845
5841.67 13066 27913
461 474 1403
4454.67 11492 24237
801.5 1384 3705
4864.33 10008 22946
7376.83 16256 34264
1112.33 2147 4789
6729.83 16663 33225
1801.5 2458 6850
703.5 926 3452
1379.67 2730 7003
3943 7436 17588
1851.17 3437 8673
1267.67 2858 7179
2086 2315 7030
2071.17 4107 10162
3269.83 5690 14549
336 351 894
2129.33 3903 9575
4292.17 9224 21821
413 568 1727
691 652 2221
3614.5 7947 18391
4883.5 12987 27063
1216 1547 5361
5035.83 9619 21877
1169 3022 8433
324 379 992
573 716 2288
6434.83 14371 30447
1740.17 4956 9466
9063.33 19640 39318
2787.83 5878 13681
6049.17 13649 28109
2721 6119 15688
1115.5 2065 6051
3293 3746 9555
4768.83 7817 19968
5077.33 12807 26484
3470 9509 18619
4746.33 11647 25161
841 901 2669
3055.67 3383 9475
2023.67 3437 9507
5919.17 15215 30196
4209 7269 17372
2426.33 6381 13909
234 265 411
918.5 2292 4229
2661.5 5239 13427
358 235 684
5738.33 16283 30311
5380.17 12983 27073
238 389 460
821 858 2632
2298.5 3998 10288
2870 6635 16354
3143.83 7415 17041
5183.67 12804 26944
563 880 2319
484 597 1773
685 404 1233
4278.67 10658 24199
1884.17 4465 11732
2141.5 3865 9858
1532.5 1825 5373
1491 4013 8786
4815 7268 18089
6809 18646 36265
1713.5 2455 6625
6060.17 14897 30075
672 588 1799
7833 17862 35746
962.5 1827 4313
5698.17 10643 24238
2704 4079 10882
571 940 2521
953.833 1661 3913
5736.17 13853 29877
4180.17 10126 22492
2490 5330 13346
5431.17 11707 26121
3560.83 7808 17762
1864 4936 11077
892.667 2112 3940
4016.33 8051 19414
6933.33 17551 33913
3006.67 5938 14977
2853.33 8426 16901
6475.5 16260 30714
4656.5 7608 18407
926.5 1931 4319
3413.17 7621 17673
2350 2655 7429
4325.33 7884 18888
3259.5 5587 13871
3497 5704 16514
3167.5 6300 16224
1444.67 2722 6857
3117.17 8081 17938
6508.83 17593 34815
819.167 2224 3813
2866.5 6404 16233
643 806 2535
2460.17 5400 12948
7515.67 17718 35165
1879 3730 8859
479 631 1841
2236.5 2814 8904
3188.83 8498 18510
4357.67 12880 24212
3532 8521 19229
2337.33 6058 13893
7692 18431 37733
837 1175 3831
906.167 2057 4097
2134 6238 13460
3345 8374 18034
2601 4021 10491
6738 15988 32715
1626.33 2843 7478
5862.83 10716 24612
2339.33 4714 12736
7891.33 16494 34474
4074.5 10774 23076
2479 3872 10165
3543.67 9018 19843
6451.5 16286 31756
6496.17 16925 32977
4025 11456 23692
1765.67 2530 6737
2587.83 7820 16470
3342.17 7729 17229
3333.5 8039 17414
6362.5 15332 30204
4579.17 12315 25531
3628.33 9325 20294
3986.17 9153 21244
3781.5 11587 21675
628 872 2419
6396.5 15559 30559
6328.83 17751 33573
342 376 960
1870 5114 11322
338 323 842
4216 7216 17435
8987.67 17972 37434
7636.5 17334 35740
2071.5 5218 12838
6257.67 13630 29031
3174.5 5465 13725
2447.67 6041 12974
514 507 1765
1987.33 2589 7319
947 835 2615
651 703 1874
7562.83 17099 34814
351 282 796
2962 6301 16538
1912.83 4237 12271
355 302 943
241 501 994
261 303 561
234 236 0
3945.83 10612 22661
968 1564 4762
3655.67 8904 19376
286 269 756
2945.33 6326 15998
272 320 721
4797.33 12844 26846
6752.17 18187 35324
6102.33 14742 30048
1878.83 4708 10691
6106.67 13550 28350
1684.67 4905 9362
4492.5 9198 21331
8678.67 18829 38595
2505.67 6490 14571
7738.67 18966 39244
1674 3737 9099
358 215 0
8537.5 17657 37270
1737 4047 9225
887 781 2439
6812.33 16882 33724
1314 2850 7360
1967 2323 6609
7233.17 18227 36023
931 1741 3995
6966.83 15885 33705
1745.5 4030 10058
5887.67 12196 27892
1215.5 1997 5101
6478.67 14938 32580
1034 2387 6445
2439.67 3931 10485
7147.33 18287 35909
2669.83 6800 15087
1879.5 2681 6925
9627.83 18722 38011
1168.5 1598 4833
3481.83 9807 20756
6175.5 12929 28718
5200.17 11881 26371
8545.33 16084 35469
5005.17 12717 25777
1854 3913 9789
4253.67 10358 23080
3687.17 8671 21034
7951 16560 36153
290 408 896
318 397 905
2418 4159 10556
7743 17032 34405
7894.67 18795 38233
8266.17 15860 32668
269 410 957
940.833 1924 4563
3543.83 9743 20020
2595.33 5646 13366
5247.83 14237 28706
6690.83 17111 33580
267 351 882
5095.5 11287 25151
4519.17 11099 24594
6949.17 17024 33998
224 429 0
2132.5 4815 12580
1760.5 4456 10290
3183.83 5924 13791
1051 1183 4328
551 767 2231
5469 14037 28986
4429.83 9707 22835
7447.83 12288 28453
224 464 454
1291 3405 8477
5054.67 9627 23061
240 387 471
5521 11336 26881
1436.5 3730 8673
6880.67 19226 36779
7443.83 18179 34983


7050.17 19351 37211
3581 7047 17935
2599.67 7150 14991
5286.5 14765 30557
9147 19171 39314
451 446 1692
833.667 2070 5140
1894 2667 7868
7028.67 16538 36311
5293.83 11791 26098
1240 2363 6465
4044 10296 22412
5909.33 10500 24715
567 654 2156
629.5 1087 2669
2163.33 5169 13228
2790.33 4951 13770
779 1020 3673
4690.17 8994 21435
2571.67 6100 13320
998.833 1765 4325
831.833 1766 4502
960 879 2980
1241 1845 4912
5737.83 13724 29688
1003.5 1709 4555
2743.33 4450 12876
2155.5 5551 12929
7606.33 15723 35405
806.333 1996 4543
3453 5460 14222
1751 3462 9065
4860.83 10332 23341
2710.17 6121 13463
1439.5 2700 6983
3898.67 6478 15576
1847 1567 4628
1231.17 2451 6058
2725.33 7108 15819
1344.17 2160 5905
751.5 890 3179
3055.67 7448 17630
1175.5 1607 4497
3257.83 7505 18414
667.833 1672 3382
1563 2133 6214
1364.33 2983 7655
10034.8 19145 39254
4120 7970 18625
7347.67 18627 36816
6742.83 14475 30324
628 830 2542
3716 8563 19560
1662 2381 7557
754 778 2722
4037.67 10273 20875
4218 8974 20306
6129.5 18208 33305
4082.33 9973 21693
4577.67 9816 20956
3115.33 5990 13814
7789.5 12366 26976
1762.17 3609 9132
1290.67 2355 5539
7730.17 18370 36601
3247.67 6176 15287
1829.83 3710 9880
2504.5 6161 14704
1111.67 2598 5756
2021.33 5053 12771
405 670 1727
1291.67 3441 7380
1424 3578 9030
2478.33 6758 14112
1525 2279 6710
1590 2388 7121
4099.5 10057 22091
1756 2124 6386
338 323 842
1126.33 2848 6784
2700.83 5758 13236
3862.5 6099 15053
6321.33 14735 30434
4910.17 13002 27480
1626 1980 5461
1381.67 2764 6920
250 343 261
3040.5 7065 16571
358 235 684
3300.17 7258 17534
4571.17 11488 25394
4195 8334 20090
3451 8502 19159
4471.83 12597 25416
3295.33 8314 18423
2076.33 4848 12156
6393.33 17509 35964
1062 2660 5203
7491.5 18568 36968
4815.17 9185 21664
336 351 894
3144 5957 14752
5530.17 14048 30106
1542 1833 5006
5326 16419 32604
383 569 1031
324 379 992
3508.33 8708 19177
3032 3242 8356
1293 1479 4486
4385.67 12130 23644
4479 10069 23289
376 593 1149
1710.17 3243 8815
4646.83 9324 22267
4694.67 10843 24961
5988 11335 25236
6648.83 15586 32644
3223.17 7315 17961
3413 8362 18882
1195 1215 3932
826 1149 3790
3605.5 6707 16191
6946 14857 32468
4429.83 9820 21337
3814 10327 23323
1134.5 2572 5457
4308.5 8232 19480
561 440 1534
2120.5 3518 9704
1224.33 2706 6592
1121 1667 4643
3601.5 6965 17158
6198 12791 27939
2653.17 7149 15679
6169.5 12849 28038
1772.83 3903 9578
4940.5 9991 22497
7200.5 13205 30615
3545.83 9233 20453
290 408 896
2768.33 7088 16602
3938 8550 20299
6140.67 11204 25043
1420 955 3452
4527.33 8179 18801
4594 9458 21139
3657.5 8305 18807
1622.33 2870 8353
751 1109 3756
5332.83 13427 27896
6221 13135 29733
1236.5 2006 4771
4277 10050 22122
646.333 1567 2791
1326.67 2664 6645
639 685 2567
1598.17 3469 7721
918 860 2813
286 269 756
1293 2303 5807
355 302 943
3506.5 5923 14773
1078.83 1518 4118
10329.2 18900 37956
234 236 0
1807.33 4263 10339
1196.83 2763 6362
2455.5 6215 13481
9705.33 18903 37741
1471 2617 6510
418 530 1862
7335.17 19357 38332
1137.33 2322 5357
6093.5 15018 30841
5451.33 10412 24077
3810.33 9090 20814
224 464 454
5880.67 8583 20345
4595.83 10526 23434
6311.67 16897 32848
549 491 1693
8127 18335 36753
7202.5 18551 36743
261 289 370
3313 5795 14601
1902 1977 5351
3230.33 4854 13097
4188.33 7640 18524
6140.17 18368 35971
5228.33 14821 29109
661 833 2742
5835.83 12851 27237
6908.5 15980 32688
398 661 1586
6903.17 16124 33767
2446.33 5037 13054
1309 1365 4541
1689.17 4815 10188
995 870 3002
318 397 905
757 1690 4324
1082.17 2777 5606
2440 3443 9120
1640.17 4565 9484
3673 9219 20212
3035.83 7597 17252
4857 12424 26194
7001.67 12732 28489
5704.83 14360 30116
3741.83 9063 20383
261 303 561
2888.83 7643 17247
793 1001 3200
1979 1964 5995
2856.67 7883 18190
1331.5 2034 5331
1219.5 2573 6110
7498.17 18912 38879
462 953 1908
6576 16271 34775
1558.5 1926 5258
757 680 2322
224 429 0
620 810 2210
751 1077 2876
2718.17 6454 15480
747.167 1347 2986
1609 1774 4955
409 575 1208
1447.67 1946 4987
7063.67 18016 36581
428 454 1256
342 376 960
351 282 796
2352.17 6833 14017
4317 12713 26503
272 320 721
6293.67 14965 31247
3502.5 10234 20478
4221.83 11520 23563
2860 6136 14175
241 501 994
5991.83 11706 25791
267 351 882
7875.5 18816 37464
6369.33 16906 32911
240 387 471
3015.5 6035 14243
4251.5 6841 17207
8006.67 18451 36751
1589.5 3728 9042
6106.5 16027 32573
6426.67 16592 34684
3935.67 8302 19221
1638 1666 4842
664.667 1556 2761
2083.33 4254 12568
7461.83 15505 34138
1698 1762 5312
315 344 845
712.5 1496 3414
1824.33 4340 11774
536 420 1107
414 551 1092
3742.5 11186 20553
589 820 2273
3329.67 6723 15667
5803.17 12589 26834
1567.33 2864 7306
1986.5 3705 11209
3730.5 8238 18895
6109.17 12237 26917
9304.67 18774 37378
2747.5 6840 16430
269 410 957
358 215 0


6528 15874 33206
5871.67 15110 29946
4886.83 14007 27455
762 590 1879
5044 9185 21076
1887.83 3661 9415
1832.17 4158 10020
586 439 1187
1043 1232 3738
1835.5 3002 8767
1601.5 2487 7995
3414.5 10252 20005
1929 5181 11507
3234.17 6661 15869
3883.33 10206 21525
620 726 2221
7115.5 16397 35088
887.5 1509 3860
4066.33 10417 23174
2334.67 4441 11425
4307.17 11222 26851
1939.5 4560 10466
901.833 2353 4863
1626 1404 4367
5642.67 11039 25345
2254.17 5945 14098
3542.17 7268 18323
2037.33 4963 11644
8341.83 14562 30261
476 838 1802
4582.83 10163 22842
711 841 2443
3035.5 7715 17359
7200.5 14795 30496
6325.17 17062 33795
3750.5 9001 20865
693 854 2525
1176.5 1698 4670
2248.67 5429 13700
2772.17 4971 12481
2296.33 7577 15236
1618.5 4550 10250
8064.5 17817 36445
8301.5 17355 35467
358 215 0
7808 13154 29801
7047.17 16481 33860
3808.67 10068 21033
2987.83 4867 12779
7213.83 15103 30562
2010.17 5045 11693
2832.33 4510 12363
2580.5 5796 15265
1147 1206 3837
1825 4208 10157
1659 3046 8126
6980.17 18427 36239
521 529 1578
1854.17 3948 10418
2764 6999 15717
3201.67 5261 14887
899.333 2183 4252
4887.5 13193 29886
760 671 2340
1275.33 2670 7194
1817 1714 5787
2200.83 3421 9387
1165 1553 4278
1148.5 2952 7638
787 680 2419
752 587 1687
2423.67 6345 14831
1526 4981 9393
3569.17 8303 20557
694 485 1650
8307.83 14778 31434
1383.5 3778 8561
2353.5 5189 13595
2242.33 3544 9657
6386 15111 30764
1479.17 3219 8962
421 589 1569
6250.83 8940 20816
4015.33 9933 22107
286 269 756
6787.33 19029 35314
4103.33 10993 24866
3302.17 8812 18278
6218.33 10783 24629
4543.33 9807 21817
3258.17 6492 16328
3623.5 6014 15871
4066 6657 16465
2610.5 4690 12338
1442.67 3404 9382
689 404 1189
7689.33 18674 36969
324 379 992
756 796 2265
1949.83 5026 11230
1018.17 2084 5056
1888.5 5604 11228
7859.33 18496 39194
9582.33 14674 32367
801.667 2396 4252
2083.17 5782 13263
562 519 1520
224 429 0
720.5 921 2661
6312 14951 30096
2583.17 4609 12191
2792.67 7108 16409
382 526 1406
4543.67 11515 27425
2638 3049 10193
429 1178 2378
517 500 1492
8350 16626 36144
860 735 2552
7590.83 18305 35741
3093.33 4663 13107
2606.67 5071 13522
472 530 1552
5504.83 8999 21909
7724.67 19177 37420
6795.67 18458 34132
669 666 2092
696 1093 3432
1055 1936 5488
757 936 2836
1509 1874 4865
531 434 1157
1080 1408 3874
946.833 2251 4432
1159.17 1801 4702
3148.67 6761 15581
1906.67 3913 9573
2326.5 4818 11458
1556.83 3212 8477
3828.17 9818 20920
1054.83 2388 5805
3991.83 10867 22217
5940.67 15738 29962
3318.33 8717 19829
1590 1393 4244
224 464 454
5119.83 10241 23437
3162.67 6707 18153
4517.83 9931 22417
2839.67 7617 16729
5608.83 15916 30700
841 929 2805
5526.17 8178 19737
290 408 896
1484 1552 4738
4736.33 9539 22109
827.5 1735 4164
2524 5985 15433
342 376 960
2896.33 5480 14810
3913.33 9911 22054
889 825 3047
3012.33 5886 15336
1327 1417 4473
1841.5 5067 10417
3510 7850 19151
8044.67 18435 36391
432 305 937
851 1699 4113
1892 2381 6577
3033.5 7365 16584
5827.83 12038 28408
7647.17 15605 34553
7559.17 14998 30671
358 235 684
1753.83 2807 8371
1738.67 4340 9936
2123.5 5033 12374
7417.17 15354 32160
6321.33 15462 31046
336 351 894
3255.67 5977 15610
1145 1503 3899
4326.33 9257 21465
1856 4940 10702
1561.33 3915 9773
2558.17 7181 16441
1081 1055 3608
318 397 905
7288 17227 35165
374 529 1520
7183 18725 36440
520 730 2261
7583 18788 36992
522 555 1580
682 1113 2302
531 568 1664
240 387 471
6061.5 15070 30402
276 332 638
261 303 561
633.5 1114 3002
655 617 1799
1071.5 2435 6203
2487.17 5018 12250
6040.5 15834 31851
527 477 1390
5099.5 10504 23884
4320.67 10363 23661
1118.5 2015 6574
1879.33 4626 10768
1243.5 1522 3923
2460 6213 14112
7853.33 19025 37181
713 959 2704
351 282 796
488 677 1687
8304.5 17564 35505
7620.83 15069 32586
847 943 3018
571 675 1950
338 323 842
1714.83 4362 9867
2856.5 3437 10330
1445.67 2803 8033
2333.83 4955 11468
2838.5 4495 11441
7420.5 18375 36085
7835.67 16257 34868
1909 5597 11502
5905.67 16165 31630
8920.67 17978 36670
5838.33 10873 23964
477 525 1206
1111.5 1915 5421
9242.67 15785 34566
234 236 0
6357.33 16226 33793
484 454 1307
791.5 1943 3986
2046.33 5645 12067
241 501 994
2711.5 5368 14322
658 591 1888
1987.5 2183 6876
269 410 957
2033.5 3611 10701
6119.17 17119 32784
607.667 1211 2813
473 697 1689
234 265 411
2050.33 4995 11991
880 1393 3811
10641.2 19363 39511
3956.33 9657 21269
1453 1889 6381
5810.17 9794 22570
1784.17 3109 8568
355 319 801
506 622 1670
6388.83 15162 32109
267 351 882
4160.5 9291 20958
6437.17 17123 34004
5737 12951 27775
4088.67 7131 18591
2578.5 5016 12256
1965.17 3774 11326
6112.67 13510 29986
424 324 865


6790.33 17345 35056
269 410 957
1884.5 3325 9301
1479.17 3262 8382
342 462 1212
1289.67 2236 6021
1348.67 2701 7178
8082.33 19505 40002
5208 10278 23669
5656.67 14343 28991
3999.5 10199 22864
2326.17 3057 8234
823.667 1532 4337
500 392 1288
337 577 1264
7107.33 13712 29636
3708.5 6436 16915
3174.83 8185 18841
3746.17 9698 21377
3173.33 8263 18798
2638 3776 10036
685 1140 3156
1520 1707 4812
1396.83 3541 8521
3659.67 6588 16072
5266.83 11240 24594
2127.83 2962 8075
6175.17 16176 33725
267 351 882
2164 5601 12881
4236.5 9406 22529
351 282 796
1000.83 1569 4372
7218.83 16755 34087
1029 1034 3620
3201.67 8360 19223
402 695 1744
2030.5 4615 11889
2242.67 4336 10414
4599.17 10725 23583
4197.17 8239 18854
5143 11608 25772
7866.67 17681 36521
5482.33 9251 22014
7872.33 14402 30260
3263.67 5490 14958
5481.33 11873 25911
1387 1310 4734
3594.33 8330 20989
6503.5 15816 32936
2595.5 4313 10942
4757.17 11398 24963
6090 15685 31278
7631.33 18999 37340
240 387 471
1168 2163 5347
6136.17 12153 27105
492 1188 2569
8215 18938 37669
2322.67 6152 15353
2897.5 7748 16729
1527 1578 4804
1223 2676 6683
2023.5 5299 11011
8433.17 17841 37347
1588.67 4243 9539
3088 8884 19025
8207.67 19736 41025
7060.33 15982 33834
1180.5 2263 6236
1728 2208 5822
972 1095 3538
4090 9951 22787
3431.67 8550 19557
6921.67 18786 37256
6768.5 17747 35655
2792.67 6650 16323
3421.5 9376 19460
2400 6393 15496
7774.33 18312 37183
6018.17 13141 29438
234 236 0
7705.33 15312 33451
7486.33 17453 35450
647 744 2745
3154.67 7520 16954
8034 17191 34648
1604 3298 8708
3647.67 7890 18663
4052.83 9535 22461
1016.5 1708 4676
4294.33 11014 22985
1521 2061 5805
1024.67 2642 6322
1909 5546 10414
7570.33 17212 35044
4047.33 9933 22635
6569 14443 30530
4711.67 8910 21187
1251.67 1944 4698
4245.5 7456 19022
3082.33 8289 18872
965 1137 3459
3798.5 9530 22096
2526.67 3710 9538
1377 1757 5059
1606.17 3011 7724
2226.33 4562 10441
3418.83 8148 18542
1672 3846 9473
9327.67 16538 35345
272 320 721
698 695 2107
965.333 1969 5273
4319.33 8204 19241
1151 1310 3781
1320.67 3225 7800
6635 18725 35390
6467.5 16161 32716
3075.5 8237 18697
2760.17 8029 17761
1573 3091 7941
8989 18205 37796
4353 11564 23788
1653.83 4606 10287
5000.67 10200 23259
2904.17 7283 16594
4353 10984 23606
4950.33 12102 25029
6112 12270 27335
1967.5 4792 10974
6015.67 12710 26703
1056 2210 5650
7317.33 17457 35239
6550 15620 32018
1214.5 3243 7467
4516.33 12207 26349
2214.33 5271 12302
2230.5 3774 9675
224 464 454
5574 13791 28269
1926.5 2257 6188
1323 1469 3940
234 265 411
1806 2842 7918
8413.17 16495 33963
649 1089 2856
2154.67 5932 12450
1698.5 3837 9061
6068 15431 31144
3498.83 8950 20873
1259.67 2583 6620
5138.33 11575 25275
3348.67 7150 17418
602.5 1077 2535
1610.5 2260 6724
6461.17 12758 29191
1364.5 2433 6598
2014.67 5685 12169
817.5 1466 3354
2258.17 6029 13408
2486 5713 14530
355 302 943
2292 4478 10441
6220.5 14066 29610
7717.33 19191 38923
768 575 1969
5419 7654 20097
1690.17 4187 10184
3095.17 7629 17709
2693.83 4099 10814
336 351 894
1521 1988 5361
286 269 756
241 501 994
581 732 2184
5690.33 14329 28355
3087.83 6991 16836
5942.17 14553 30935
2232.33 4492 13247
5477.17 13627 28085
573 711 2129
408 575 1395
634.167 1499 2999
3725.17 4013 10793
8313.33 18270 38255
6733.5 18946 36915
3731.17 10093 22433
5343.33 12649 26697
1350.33 2469 7454
4956 11554 25144
3876.17 4264 11021
3350.67 4452 12288
3514.17 7970 18785
238 389 460
3216.17 7581 17709
1526.67 3474 8453
3308.83 9247 19456
3127.5 7530 16870
2796.33 7593 16388
4089.5 7672 17857
3309 5392 13565
2486.17 5632 13715
1319.83 3137 7612
8924.5 17592 36245
6804.5 16930 34411
5190.67 10546 24162
767 906 2838
8303.83 16762 34592
5854.17 11389 26418
3629.5 7810 18177
4428.17 13126 24539
6971.33 15567 32645
1239 1237 3796
1305.5 2315 6446
2689.5 3388 9349
1793.33 4035 10410
3564.17 7964 18528
5896.67 17246 30001
4659.33 11259 24485
414 429 1886
1151.83 2953 7063
710 1218 3184
2669.17 6638 16118
4906.83 11378 24601
324 379 992
290 408 896
2504 3483 9375
3426.67 8796 19439
261 303 561
1400.17 3578 8613
788.833 1577 3867
4325.83 11082 23549
358 235 684
4824.67 13683 26892
2886.17 7614 16636
4390.5 9737 23169
5778.83 15100 29197
338 323 842
389.5 768 1728
1981.17 3922 9755
7404.67 17325 35321
358 215 0
483 785 2411
342 376 960
1011.5 1518 3873
3214.5 5483 14255
224 429 0
1589.5 3035 7580
2890.33 5770 14664
876 1197 3595
2222.33 5560 13394
1678 1892 5680
2137.17 3911 9517
6163.5 17044 31739
6878.17 14562 31564
1008.5 1080 2868
949 1189 3446
809.5 1198 3329
4363.5 6387 15731
5482.67 14470 29152
906 2103 4786
4431.5 12567 24174
1454 3047 7750
7576.17 19097 37305
4675.83 8150 19386
637 1031 2620
633 1164 2659
6342.5 11777 26964
6477.17 14986 31614
5351.83 13069 28076
733 724 2685
7483 15540 32080
8498.67 16878 35161
7372 17470 36104


838 918 2833
4135.17 11757 22785
4485.5 8439 20762
7469.67 16930 36248
1529.5 2378 6206
2948.83 7358 15950
1111.17 2951 7011
2820.33 8512 16328
2062.5 2935 8329
4667.67 6255 17567
2214 2268 7285
582 548 1719
3058.5 7240 16431
7174.83 15820 33512
3438.33 6707 16161
1633 4344 11615
767.5 1018 3471
6789.83 17585 35380
3739 6667 16323
7053.5 16439 34650
848 1258 3653
1306.17 2634 6730
2585.33 5612 15635
2029 2394 6606
7265.67 12903 29700
7112.33 15442 32309
4671.67 11029 24966
441 450 992
3917.5 6574 16485
1426.67 3144 7960
7141.5 16242 35478
447 534 1425
4326.17 8635 20463
1256.67 2793 6501
4720.17 10687 24809
3450.5 6415 16215
668.833 1441 3946
4584.5 11709 25797
1338 1555 4671
393 559 1871
286 269 756
8998.5 18115 36598
2989.33 9164 18932
2152.67 4085 12660
3093 3405 9135
1407.83 3995 9311
3502.17 7576 19515
3828.83 8898 20763
1679.33 2528 6728
1397 1573 4730
5879.5 15440 30463
3447.83 8762 19602
2065 2139 7105
6555 14688 31598
9508.33 18485 38756
1728.83 2806 7320
1290.67 2764 6723
2317 3691 10474
1334 1554 4184
1480.5 2717 7204
1574.5 3140 8718
4052.33 7157 17125
5744.5 14490 29685
4769.33 10226 24675
380 496 1299
269 410 957
4802 8858 20915
3277 7343 16445
4129.33 6176 16286
5882.67 14096 30574
624 758 2204
1791.67 3421 10316
510 846 2619
604 473 1727
7374.33 16126 34672
4527.5 9812 23187
4232.17 10772 23212
461.5 457 1696
633 803 2799
772 794 2747
1709 3121 8215
4118.33 7437 17979
5714.67 8489 22700
8071.83 19298 36905
1782.33 3978 10025
6698.33 18237 33848
1384.5 1579 4859
592 395 1618
4658.67 8222 20585
829 1011 3015
924.333 1986 5718
4358.83 11940 25059
7738.83 19458 36378
2353.83 5765 13170
3021.67 6749 16385
4949.33 11270 26922
1218 1424 4084
3252.5 5489 14143
3946.83 9420 22600
3254.17 7586 18036
2927.67 7976 18837
2933.83 7923 16735
549 402 1270
681 638 2153
6951.17 16170 33411
342 376 960
4547.5 11771 24389
241 501 994
1317 1433 4095
2199.33 6159 14419
1798.67 3101 7799
3463.67 7506 18082
2497 5866 14806
1153 2551 6302
1865.5 4029 10980
2613.5 4023 11345
1739 1447 4243
1012.33 2129 5810
4145.5 11230 23658
3036.5 7558 16639
3772.83 7846 19945
1208 1579 3997
3247.83 8607 18908
4235.67 10953 23602
3409.17 9078 21597
358 235 684
2550.33 7354 15717
3317.5 7581 17468
234 265 411
763 800 2523
1729 1840 5635
4839.67 9931 23822
7737.33 15546 32627
4374.83 10571 23366
224 464 454
240 387 471
2219 3035 8834
1585.83 3530 8825
3321 7532 17873
3370.83 7341 16787
8559.67 19270 38908
276 332 638
5515.67 11164 26058
224 429 0
3074 7700 16790
3487.5 7333 17159
6969.17 15821 34487
7298.17 16954 35788
3408.5 6744 16854
779 595 2210
8052.67 18846 36614
3402.17 10267 19682
8400.33 18487 38168
358 215 0
351 282 796
1054 3195 6109
1088 1724 5330
7887.17 19634 36782
1500.5 1897 5598
4803.33 11999 28800
9630.83 18443 37998
576 588 1886
2725.67 6549 15636
3121.67 7660 16705
1337.17 3814 7526
1324.5 1686 4124
1536.17 3381 8066
664.667 1671 2986
1274.5 2427 6540
267 351 882
7262.17 15299 32377
6812.83 16966 35663
1528 3576 8673
2423 7171 15517
2981.33 7975 17369
7004.17 14022 30469
1218.67 2859 7385
395 555 1568
891 915 3234
5762.33 13096 30184
8284.67 19190 37228
3172.5 6653 16087
1335.67 3918 7422
1631 1717 4999
5603.67 13572 29099
1344.5 2854 7171
2728.67 6491 15944
3020.83 7598 16114
1384.5 3155 7490
1135 1583 3947
2247.33 6339 14797
6713.5 11814 27019
420 476 1367
4026.5 8895 20815
1231 1212 3527
3084.33 6601 16074
826 928 2941
355 302 943
987.5 1726 5117
1788.67 3045 7394
4243.17 8647 20581
5657.5 15981 29956
1110 1239 3909
3516.67 8679 20522
715 1044 3115
261 303 561
4408.83 10354 23294
1534 1457 4253
792 715 2695
2974.83 7745 16551
2132.33 2869 7784
290 408 896
318 397 905
524 426 1307
869.167 2074 4424
7546.5 13044 30243
2403.67 6293 14768
8185.83 19195 36736
5762.83 15649 33324
1287 1701 4121
3593.5 6362 15810
1796.17 3109 7480
6481 17580 33640
2397.17 2826 7485
7084.5 14408 31834
7864.33 19259 36297
338 323 842
238 389 460
1135.33 2443 6219
1508.33 3476 7974
234 236 0
690 704 2496
1854.67 4278 13158
638.667 1450 2825
1473.33 2762 6831
1063.83 1990 6000
2436.83 5281 14060
6796.17 15399 31626
6485.33 11109 25387
8825.83 18914 38632


4729.5 11026 25245
1654.33 3904 11476
5057.67 7907 18126
6031.17 12526 27906
2719 7543 16648
1254.67 2705 6479
1315.33 3385 7888
933 939 3164
3425 3860 9818
3054.67 5492 13348
1217.5 2415 6380
7621.67 18185 36659
1172.67 4089 9390
527 751 2207
355 302 943
8097.83 18879 37791
2060 2112 6068
3991.33 9667 21193
4741.67 13055 25516
1671.33 3595 9373
994 1111 3661
711 653 2488
7019.5 18685 36447
704 709 1928
6451.83 16676 32304
3386 4594 13097
2254.83 5086 11701
885.333 2219 4732
2912.17 8213 17839
788 1277 3153
3710.33 8343 19501
3640 6931 17251
9077.33 18099 37661
2558.67 7085 14715
3701.83 11432 23704
574 749 2164
4898 12027 26651
798 946 2554
594.333 1119 3032
3646.5 8752 19418
397.5 623 1523
581 1072 2689
6879.5 18220 36077
2775.5 5747 13791
4851 13519 26729
1360 3200 9291
5626.5 8104 18689
6908 12890 29041
6533.33 16868 32616
1200 2848 6863
7763.67 15940 33243
449 389 1054
2748.83 5092 12266
6320.17 14280 29105
2699 6603 16561
977 1255 3692
2818.67 6456 14830
5515.83 10764 25887
2130.17 5165 12230
5023 13228 27149
1175 1411 4306
1302 2768 6868
875 779 2603
3785.5 8138 18322
6690 14076 30142
1465.5 2300 6989
4349.83 9313 21980
7816 14286 31393
6843.17 15760 32097
7920.33 18955 38692
497 529 1595
2498 5161 11825
4436 8043 18200
3705.83 8621 19436
7329.83 17947 35080
2894.17 5584 15710
7807 17301 35338
2917 3405 9525
5155.33 13146 27136
5739.33 11800 26125
4568.83 11754 25226
1922.67 2855 7130
1457.17 2561 6759
869.667 1876 4020
6835.5 16082 33428
1160 2939 5907
1353.33 2544 6641
2016.33 5259 11931
2617.67 3552 9636
3558.5 8230 18133
3446.83 9673 19587
2643 5152 12665
5134.5 9180 21090
2451.33 6239 14222
3995.67 8266 19259
1122 1591 4710
1367.5 2244 6703
8119.5 15454 32947
3867.83 8267 19206
2172.33 5030 11641
1518 1896 6007
3512.5 4244 11712
5124 13869 28999
2389.5 2728 7088
4429.5 8089 18204
915 935 2793
8391.33 16676 34013
5865 14317 30121
891 1379 4186
4760.33 8266 19937
1379 1235 3840
3081.5 8324 18987
4009.17 10409 22780
7637.83 17453 36269
4166 9487 21813
4223.67 8879 20380
4830.83 11993 25430
3770.17 8907 20417
2041.17 6274 14565
1094.67 2295 5763
1837.33 5636 11730
4707.33 7956 18301
4166.33 10200 22594
3856 10625 23442
2767.83 4931 12799
8066.67 18649 37064
272 320 721
7577 17661 34532
2803.67 4930 11785
1312.17 3874 8105
6520.83 16277 32376
8016.17 19797 40008
1397 1549 4622
1814 2877 7317
1953.33 3870 9576
2672 2747 7117
1396.83 3198 7212
450 692 1761
3283 8222 17953
355.167 744 1864
5414.83 12744 27852
4340.67 11451 24500
805 999 3308
6789.5 13616 29219
1144 2601 5847
2619.83 5136 11876
2411.67 5959 13869
6822.83 17729 33708
956 870 3488
618 633 1788
6775 12357 26912
2868.5 5712 13652
5905.67 12923 29090
3510.83 11125 21472
458 397 1351
2536.67 5277 12554
3720 4581 11720
3762.5 6391 15811
4450.17 9351 23445
3838.17 9023 21033
290 408 896
1509.5 2835 7005
8221.83 17052 34602
7514.17 17831 35806
818.667 1938 4641
261 303 561
5216.33 10498 24748
318 397 905
286 269 756
7763.33 17353 35576
6479 18028 34611
6887.67 12334 27348
2539.83 5915 13195
893 792 2627
358 235 684
950.5 1624 5421
571 603 1779
3154.33 4870 11700
1180.5 2885 6118
234 265 411
7706.33 19691 39366
530 520 1738
336 351 894
238 389 460
519 767 2411
7467.5 15914 32541
3182.5 4450 11490
719 991 2682
342 331 805
269 410 957
458.5 851 2061
1978.83 5613 12762
8857.5 16509 35942
4962.17 13497 27346
708 596 1842
2761 5018 12239
4013 7610 17829
4113.83 7773 17872
7740.67 19262 38853
7106.5 18505 36129
2344.67 3793 9382
2670.83 4943 11946
6006 14530 31936
3798.67 8209 18458
423 569 1603
4604.33 13135 25577
3033.5 8857 18243
8974.83 13616 29371
502 521 1747
4471.83 10785 24531
351 282 796
358 215 0
4281 10244 23895
3386.83 8358 19158
989.667 2708 5757
7222.83 18045 36361
6159.17 16706 32447
764 698 2501
1640.5 2856 7177
4207.33 8153 18635
3594 9688 20051
1361 1912 5486
615 737 2458
7030.17 16956 34192
315 344 845
5260.17 11341 25368
7623.83 17785 36785
5832.5 14802 29379
224 464 454
7141 17964 34341
724 947 2793
401 472 1529
3744.33 7924 17906
9323.17 19644 40648
844.333 1757 3937
1025.5 1601 4581
1404.67 2902 8943
656.833 1646 3500
286 247 0
4470.17 8608 19801
453 543 1721
5179.33 13842 27551
925 901 3118
2782.67 6592 14775
2464.83 5336 13175
7767.17 17612 36433
9267.33 17719 39418
6172.5 14497 30956
1703 2882 8050
6673.5 16631 32636
377.5 634 1346
3499.33 6528 16410
914.5 1122 3522
2781.67 7323 17813
7220 13995 30378
6665.83 17984 33932
324 379 992
241 501 994
1008 1333 3805
1114.5 1468 4378
5966.17 7989 19204
718 814 2526
449.5 1051 2149
2108.67 5308 12604
5714 14939 30940
393 559 1144
3651.17 8721 20156
224 429 0
515 746 1906
6599.33 14062 29282
240 387 471
3263 5231 13760
342 376 960


1276 1547 4571
2152.5 4739 11814
3577.17 9193 19935
379 465 1069
7244.33 17124 34886
1980.83 4724 10196
8753.5 19040 40076
2614.83 6102 14446
3336.67 5868 14971
1303 2332 5612
760.333 1876 3212
2960.5 4200 12070
1091.5 2949 6296
418 569 1575
2485.83 5435 13853
2702 3666 9937
324 379 992
1285.83 3213 7982
3140 7652 17383
3866 7223 19048
1543 2044 6644
5939 9730 22569
1013.67 1856 4609
2059.17 2812 7644
6850 17660 35405
405 636 1155
1344.33 2946 6823
2083 5239 13358
338 323 842
821 899 2934
2018 3981 10201
3134.67 7596 17220
4754 14126 26447
6426.17 16760 32714
1709 2025 5030
1003.5 1705 4521
1035 2369 5826
1166 1152 3756
6677.17 15572 34520
3312.17 6524 16282
1271.5 3502 6940
3752.5 9995 20909
7136.5 14613 30446
5431 11992 26971
7001.67 19206 36070
4390 10145 23533
8541.17 18476 38513
2289.17 4433 10236
788 1267 3676
435 520 1739
5820.67 13325 28245
6074.67 12953 28953
4077.33 8285 19949
4698.83 8617 21387
2875.83 9181 17905
3652.67 6768 16366
2546 4426 11301
1066.5 2138 5289
915 871 3015
3373.33 6661 16351
2254 3532 9598
3515 6868 17677
2226.17 5155 12773
3379.83 7123 17710
4543.17 9740 22109
5568 14219 29794
4168.17 9987 21561
873 1199 3068
5060.5 14068 27425
4529 7093 18081
1804 1864 5355
267 351 882
1278 1253 4245
903 1009 3534
1321.67 3358 9106
7131.5 17626 35809
2068.17 5344 11662
5775.83 14625 30542
1046 1201 3753
6496.5 15872 33953
5385 13649 28777
3222.67 6897 16682
5345.67 17773 29547
543 451 1621
806.5 1643 4179
1248.5 2596 6594
2598.83 4191 11000
3092.5 7384 17185
2398 6628 13873
1723.5 4433 9584
657 662 1985
2422 6336 15736
3454 5588 16182
2498.67 4650 12797
7639.5 15996 35400
4924.5 10141 23038
1191.33 2736 6434
4209.5 10760 22273
3038.83 7817 17043
4273.17 9711 21751
1104.67 3542 7729
1821.17 3757 9414
3775.33 8161 19293
2188.5 4486 10836
290 408 896
224 464 454
4884.5 8806 21782
2028.67 4524 11435
781 1256 3154
2880.5 4251 11440
3975.33 9287 21487
2430.33 6060 13718
3157.17 8591 17635
2794.83 6173 15172
375 600 1029
3520 4884 13047
4880.83 9756 22657
1999.83 4517 10198
2210.17 5066 12061
7128.33 19939 40492
5005.83 10086 23823
3168 7336 19078
3412.17 6435 16104
1812.5 2825 8401
1963.83 3020 9473
2975.33 6076 15269
5223.5 11879 26234
430 419 1305
596 774 2090
998 1410 4232
673 728 2618
2381 4905 12216
6051.67 15131 32488
5948 15106 32184
261 248 0
2881 4408 11978
6850.33 14623 32315
6754.67 17375 34625
1440.33 3039 8686
336 351 894
460 492 1793
6114.17 13721 30379
1880 1975 5534
2054.17 5595 12712
318 397 905
234 265 411
4296.5 10252 22524
960.833 2444 5290
1873.17 4282 9619
935 2182 4473
3647 3948 10672
963.833 2315 5498
1195.5 2553 6593
3317 6980 16871
2005.33 4538 10323
3442 3261 9490
4034.17 8030 19516
3984.33 9896 21553
5127.5 10712 25007
1867 4090 9521
2790.5 7111 16847
1061.67 2199 4771
7829 19269 38782
3779.5 10800 23593
2966.5 4889 13200
1726 4831 10215
408 655 1951
2294.67 4393 10449
5717.33 15145 30541
1347 2530 6337
5414.5 13637 28968
1057.5 1580 4655
3069.83 6685 16270
646 724 2239
358 235 684
492 785 2463
613.5 1207 3010
1175.33 2831 6101
719 625 1833
1261.5 1691 4710
2346.67 4958 12261
2638.67 5325 13439
7407.17 19041 37720
2986 7868 17059
1707 1949 4986
4941.83 12454 26360
5743.5 13557 29944
4853.5 11143 24449
363 719 1385
6591.67 15023 34103
358 215 0
5675 15941 30956
2641.5 7415 16243
6923.67 17435 35193
286 269 756
2752 6083 14529
5248.33 13999 26887
5318.33 12560 27880
956.667 2034 4376
609 471 1808
623 976 2982
492 591 1810
2787.33 8052 16425
978 1261 3619
5537 13986 29063
272 320 721
2784.5 5458 14864
384 649 1469
860.5 1392 4101
1855.33 4903 10743
1806 2917 8170
2760.83 5898 14286
1169 2181 5418
2992.67 7686 17030
1779.83 4992 10386
418 533 1294
3696.17 7285 17731
3722.33 8112 19254
351 282 796
224 429 0
1884.83 3672 10193
1074.67 2042 4656
2285.17 4459 10274
2129.17 3415 9478
967.833 1930 4645
1349.5 2306 7459
2052.83 4491 10253
1792.5 3138 9128
8470.67 18165 37838
1610.5 2420 7619
7230.33 18856 37635
2430.67 4385 10642
240 387 471
5372.67 11013 25308
2039 2303 6739
4880.33 14148 27729
3647 9046 20203
637 765 2258
817 1575 4052
7714 18549 37772
1010.5 1323 3890
4360.33 9959 22008
8678.5 18426 39174
3283.67 9037 19915
3149 8045 17531
3575.17 10028 21963
3286.33 5343 13445
261 303 561
893 1084 3189
1310 2035 6275
1544 1672 4863
355 302 943
241 501 994
269 410 957
3811 8865 19583
4376.5 11199 26121
3826.17 8372 20606
1058 1346 4055
1401 1969 4982
7259.83 16587 37300
2923.67 8416 17391
2262.5 6233 13507
4651 9565 21658
1184.5 1765 4857


4666.33 12510 25788
2868.17 7317 16980
1686.67 4904 10700
4355.83 7274 17454
759 768 2590
3853.17 7585 19121
6748.83 15665 33284
3682.5 5923 14558
3447.67 6043 14771
2912.67 7409 18425
890 850 3000
1455.33 3042 7950
967.667 2337 5665
1204.5 2510 5725
500 573 1643
4956 7294 18585
1045 986 3101
2674.83 7109 15814
1754 2254 6273
2818 4294 11904
2278 2471 7355
6585.83 14372 31014
2169.67 5575 13901
659 941 2370
2722 6258 15923
1156.67 2698 6007
4526.83 11460 25513
488 527 1493
5837.67 11476 25931
6562 13366 29086
4655.5 9900 23453
4309.67 6501 17021
3879 5151 14284
241 501 994
2822.5 6137 16250
691 738 2440
1701 1630 4628
1890.5 3506 10183
3979.83 9004 20160
2310 2918 8132
4516.33 10672 22848
740 1803 2886
4632.83 11226 24930
5300.83 10405 23940
3643.5 9948 22634
2141.5 4496 10875
1269.5 2627 5805
589 634 1877
972 2273 4825
581.5 1309 2479
6078.67 14545 32551
2824.17 6926 16935
769 812 2621
234 265 411
1720 2948 7132
3754.17 8798 20049
1059.5 1488 4361
2058.17 5288 12859
7227.17 18323 37813
2170 5165 12669
5314.33 11185 24975
358 235 684
6078 15096 30878
3092.5 7086 17162
7885.83 18240 38824
2104.67 4444 10192
1525.33 3481 8289
4665.67 9871 22602
1848.33 4596 11565
1946.33 2915 7628
543 451 1621
6691.83 13024 30303
1275.5 2488 6978
530 611 1683
1201.33 2304 5351
8211.83 15320 32798
1662 2041 5653
1980.5 6028 13509
1312 2688 7047
4672.67 9849 23164
1953.5 4615 12526
3679.5 9611 20029
1020 1277 3520
687.5 1882 4253
1382.83 2056 5813
4091.67 11285 24649
1610.17 3588 8637
1524.5 1967 5470
5394.17 10417 23964
759.5 1316 3966
4435.33 9505 22445
482 611 1644
2182.33 5198 13037
1403 3618 8387
4440.67 12099 25243
2714.17 6455 15741
1343 2424 6537
1260.33 2810 6034
2640 3150 8860
1364.83 3599 8063
4680.83 7689 20407
6305.83 13151 28606
3059.33 8102 19587
3021.5 5392 14069
6654.5 16600 32595
5387.83 12202 28301
675 1152 2417
554 808 2053
3703.5 5875 15581
6075.83 11912 27397
428 649 1181
4535 5429 14336
1163 1641 4613
5617.67 6835 17230
336 351 894
1756.67 2998 7294
830 1023 2953
318 397 905
9339.67 19187 39448
1849.5 4578 10607
4284.67 11052 23146
3017 8528 18436
656 588 1952
286 269 756
3122.5 6636 16723
3752.67 9410 21722
355 302 943
1045 1833 4146
5107.17 11555 26611
1273.83 2177 5183
5360.5 13840 26798
1510.5 3866 9984
3453.5 10448 20285
2538 6679 14732
2544 3957 10238
3898.33 8655 20095
8396.67 16376 33746
10356.5 16024 33501
600 429 1023
2293.83 4185 10405
537 687 1779
5263 14424 29788
455 498 1215
4946.83 10480 24311
1071.83 2497 5724
4736.67 8714 20502
224 429 0
4576.17 10452 23297
1486.83 4062 9373
535 777 1945
5950.83 16186 30868
1891.67 4910 11712
1096.5 2261 5138
7115.17 16763 36771
351 282 796
290 408 896
846 983 2980
2743 7656 17090
2148 5146 12532
3422.17 4879 12764
5464.83 7395 18715
272 320 721
993 2036 5049
4779.17 10671 24046
443 580 1632
1360.17 2398 5886
2248 6634 14251
505 510 1284
324 379 992
1561.5 3182 8480
492.5 923 1883
1060.83 1864 4467
654 931 2305
2478.5 3072 8248
6595.17 17092 35436
2225.33 4220 10826
3413.33 6034 14487
6553.83 14325 29126
949.333 2300 4762
358 215 0
6417.5 17724 36219
1463 1357 4015
416 786 1473
1666 2123 5860
4157.33 9142 20253
1041.33 2011 4725
224 464 454
240 387 471
2417.17 6363 14553
234 236 0
3450.5 7954 18654
5915.33 14185 28889
1107.5 1229 3591
2477.17 3959 10619
1073 1190 3518
7991 15996 33320
6496 12975 28363
2660.83 6645 15389
2314.5 5555 13455
618 649 1899
1392.33 3433 7730
7540.83 16546 34714
1310.83 3310 7414
4593.5 11242 24102
5748.5 14503 30701
1301 1699 5122
4531 13375 26295
3879 9232 20262
433 584 1330
1262.5 2531 5784
2318.67 5578 14460
5620 15639 30086
2541.83 6663 15572
6491.5 16976 33131
4636.17 10864 23781
671 1015 2383
10131.8 19781 40311
644 1061 2257
388 591 1155
342 376 960
1098 1391 4253
1048.5 1870 4175
408 524 1064
580 679 2057
269 410 957
5011.67 9123 21093
708 921 2795
564 535 1819
1266 1803 4783
7853 16288 33525
6085 9496 22054
604 1045 2190
1323.5 3670 7423
6063.5 11225 25806
6340.67 17250 34218
4044.33 9922 22719
4275.5 9335 20608
3215.33 6115 14892
315 344 845
4976.17 11787 26104
1377 1482 4412
391 490 1021
7926.83 19453 39229
2409 4391 12038
1807.5 2120 7219
2616.5 3321 9057
1193.17 2865 6233
545 745 1788
481 438 1247
338 323 842
3892 8265 19821
4540.83 8894 20224
5507 13932 28854
238 389 460
2562.17 6639 15279
5304.5 14263 26981
7033 16614 34307
853.333 2353 5364
1364 1476 4361
2455.67 4912 13941
7776.33 15099 32750
261 303 561
1360.5 2291 6055
1424.67 3184 8231
1786.33 3669 8922
834 1027 3514


4115.67 9529 20961
1844.67 3947 9237
4291.17 8464 19529
690 929 2533
2947 7755 17788
1093.17 2043 5292
3312.17 6458 16360
324 379 992
2478.5 4893 12077
1890.83 4610 9914
2868 8230 17926
7949.5 16045 33347
4990 9506 22294
1944.67 5120 10729
557 826 2224
338 323 842
2515 6572 14631
3678.5 5903 14512
6169.83 13721 28309
1779.83 4465 9223
1764.5 4794 10348
1330.83 3295 7474
3237.17 6473 14902
290 408 896
3309 6437 14963
318 397 905
392 797 2021
3648.17 9377 19932
2949.67 6388 14642
5500.83 14919 30064
3586.5 7948 18495
2619.67 6344 14357
1417 1566 5170
376 581 1492
3267.67 8754 18124
4494.67 10740 25472
4306 10936 24478
4099.67 9952 21413
4706.17 13073 27540
2496.5 7051 14558
2418.83 4879 11581
3897.67 11295 23202
2205.67 5278 12724
6742.5 16845 35304
3264.83 8003 17983
1382.33 2811 7552
2008.83 5807 13723
358 235 684
5436.67 8714 20447
4221 9115 20327
2945.5 4892 11670
3856.33 8207 19255
623 826 2457
1953.33 4143 11268
2516.17 5868 14013
3892.67 10458 22046
1034.17 2680 6051
3859.17 9188 19834
934.833 1631 3999
5180.5 8887 21272
422 571 1307
5011.33 8451 20264
989 1766 4473
1993.17 3835 10078
8721 11253 26010
1871.83 3132 9598
6628.5 17053 34983
6232.17 13152 28301
775 619 2035
2067.33 3617 10119
937.333 2743 4798
341 594 1578
1827.33 4408 9510
234 236 0
1654.17 4334 9211
1629.17 4807 10388
3168.67 6585 15531
6105.5 16929 33528
2037.17 4181 11356
4340.17 10854 23439
6382 17689 35001
2988.33 5470 13177
492 570 1711
1594.5 2891 7997
8816.33 17600 37038
2835.67 8091 17571
1048.33 2474 6286
2061.5 5005 11686
637 657 1801
2436.5 7111 17322
4883.83 10391 23179
496 709 2178
4334.83 9068 20496
2427.67 5067 12174
4174.5 9758 21108
4250 8232 19409
830 674 2081
1434.33 2225 5662
241 501 994
3180 4049 11215
3909 4718 13211
3062.33 6014 14849
3007 6293 14586
5290.5 9115 23091
424 324 865
3862.5 9173 19733
3682.5 7416 18340
3783.83 10564 20635
887 894 3066
3288 5959 14883
601 768 2417
1664 2045 5748
2666.17 5589 13918
4005 10627 22289
4461.67 9055 20515
336 351 894
6215.5 15674 32412
723 1084 2889
3899.67 10346 20749
3670.33 9657 20314
1802.5 2439 7147
380 587 1739
1687.83 4584 9419
6443.33 13244 30557
5526.33 10490 23554
701 1308 3900
5846.33 17613 31201
4891.5 12943 26937
7866.33 19347 38655
2605.67 5075 12401
3663.83 9683 20436
351 282 796
2361.33 6238 14288
2209.83 4938 11965
240 387 471
7586.67 15386 32673
471 637 1770
2277.5 2735 7461
2027 2233 6456
5384.33 7996 18898
997 2308 5219
3385.83 6202 15011
6032 13762 28900
2516.5 4074 10354
1850.67 3249 9626
234 265 411
683.833 1915 3709
907 964 3078
1705.5 4523 9303
269 410 957
1358 1787 5279
2659.5 6738 15786
344 291 621
4600 8076 19000
6894 12841 28551
8157 15737 32877
3871.33 9482 20669
1801.33 6009 13216
5369 8058 18504
315 344 845
773 982 2771
976.667 2695 4906
3645.67 9509 19716
1237 1648 4657
3963.33 9397 19953
645 652 1820
2690.5 4933 12924
2186.5 2736 7425
4380.5 9163 21482
1269.17 1775 4985
1863 2061 6107
4212 9236 20021
7197.5 17823 36623
3771.83 6378 15456
2508 5806 13407
4505.67 9815 21957
1654.5 3386 8655
2529.5 2826 8423
1373 1703 4730
1226.5 1545 3981
224 464 454
5214.83 11386 26355
6695.83 15386 31875
432 305 937
8256.83 18226 38392
6635 18438 35885
5223.67 12773 27078
5303.5 11680 28294
4464.67 9510 21952
4096.67 11134 22533
3304.83 8964 18683
1332.33 3357 8472
760 1029 3398
3368.33 9719 19514
3421.67 10327 20029
272 320 721
740 1006 2728
3145 3895 10842
7871.83 13122 28823
224 429 0
8357.33 16907 35903
6292.17 14677 30479
777 824 2449
7857.33 16595 33382
7181.33 18842 36662
1457 1405 3977
1541.5 2183 5893
1942.67 4391 10078
1973.67 4297 11451
6736 16045 32985
577 947 2719
1692.33 3048 8625
4521.5 9938 22613
1166.17 2061 5445
2820.17 5742 13997
3323.83 8172 19218
8616.5 18173 37869
1901.83 4671 10133
358 215 0
3950.83 6985 17309
6044.5 15182 31788
1285.5 2337 7124
6439.17 13570 28500
1748.5 4590 9625
3981.33 8825 19607
1118.17 1906 4532
990 896 3524
3912 9972 20915
661.333 2035 4078
1565.67 3991 9048
7756.5 17834 37814
4971 12930 26003
1373.5 3150 7165
1930.33 5405 12708
4469.5 12184 25510
562 392 1635
4571.5 10483 23240
1352 1645 4284
1656.33 4685 10196
5599.17 13823 30204
457 453 1414
1411.67 3955 8971
6733.5 16981 36411
4432.17 9414 21512
267 351 882
6999.33 14899 31266
2671.83 5004 12658
435 464 1687
415 544 1265
7928.67 16163 33662
3091 6661 15385
3027.67 5933 14306
4386.67 9933 22591
3887.33 7088 17514
6218.67 13799 28994
355 319 801
4402.83 10498 24561
7838.5 14893 31716
809.5 1775 4343
4323.67 8344 20097
4283.33 10373 21913
2849 6675 16178
1221.83 3432 8157
6665.5 16078 32798
462 724 1946
1834 3634 8928
8150.17 16387 35670
8572.17 18468 39409
1076.5 2743 7132
1317 1447 3948
935 1044 3947
669 1077 2772
6886.83 16326 33282
805 895 2509
4684.83 13528 25747


5927.83 8807 22210
342 307 0
3833.67 7876 18586
1925.5 3523 10176
337 334 520
2916 6962 15948
6890.83 18074 36078
936 780 2675
1308.5 1702 4710
1295 3670 8553
3705.33 8471 19622
4247 11104 22436
6919.83 14807 29536
7823.67 18111 36399
3767.67 10873 20234
9099.33 19250 40408
788 727 2394
2878.5 6823 15624
6192.5 17557 32022
6662.5 17433 33079
2944.83 5976 15536
1490.33 4066 8915
1910 2054 5834
2856.5 7583 15838
7515 18772 37120
8175.67 19399 38045
2159.67 6437 12080
4428.17 8258 19327
2377.5 3519 9546
6561.83 15531 30626
6716.5 16647 33299
4336.5 11954 23193
5350.5 8624 20833
7065.5 15059 30250
2040.5 2363 6649
7053.5 14312 29718
1578.5 2831 7492
4859.33 10117 21861
3271 8502 18601
5040.17 9617 21781
3542 7861 18031
2407.17 5226 13732
2765.17 6971 15316
5142.33 10199 22547
2940 6301 14801
7432.5 15771 32711
2986.67 7368 17081
6573 15191 29657
7059.33 16271 32606
8054.5 17158 35529
2702.83 6963 14934
2372.17 5526 12709
1398 1230 3587
3165 5827 14321
2870.17 6431 15508
7069.67 14926 30011
2293 5669 12203
3986.33 7919 18828
6175.33 15563 30342
6383.5 11055 26251
6864 15408 31343
6633.5 15874 32112
3101 8533 19707
1770.33 4307 11322
3007.5 6219 16855
2853.83 8023 16417
3701 3922 10220
3365.33 5614 14099
4298.5 9556 21232
1969.33 5030 11493
5087.83 9699 22045
1570.83 3972 9569
3848 8367 19809
2782.33 5990 14689
2725.17 6210 13967
6720.5 17399 35544
8348.33 19863 40289
1175 2147 5464
3612.67 9257 19764
1070 1551 4290
797 895 3424
2137.5 2933 8187
5937.83 15367 30275
5179.5 13009 27848
2991.33 7322 16501
4433.67 9546 21588
8070.33 16698 34050
1504.67 3387 8289
6774.83 15090 29515
7725.33 17051 34003
4233.83 11508 23014
1411.83 3040 7219
3665.17 9578 19898
615.5 1023 3156
3357.67 8325 18447
744 1922 3633
609 1133 2765
4682.5 11610 24183
2533 5093 12729
3604.5 9762 19954
2490.67 6287 14157
2100.5 5776 11874
2251 2484 7016
4169.33 8723 20009
5337.17 8483 20239
4908 12376 27749
1520 1587 4366
6705.67 17215 32821
1484.67 2989 7299
2579.17 4587 13592
2819.5 5105 13789
6910.83 17460 35595
8377 17623 36588
1969.17 5843 11872
2331 2884 8366
6530.33 12745 29020
2824.33 6384 15148
3445.17 7959 18450
5297.17 8788 21645
1206.17 2304 5903
4170.5 7031 17521
5202.17 9618 22721
1306 1601 4636
779.833 1719 4733
517 846 2487
1655 3124 8978
3237.17 7179 17909
5723.83 10385 23805
1825.5 2155 6147
7391.33 13213 29356
2625.67 6451 14932
3959.67 8841 20040
2639.67 6264 14097
5639.83 13625 28932
6688.67 16257 32387
4604.83 10747 23553
1199.5 2652 6994
1714.83 4145 9994
3103.17 4001 10362
1251.5 2249 6475
6514.5 12914 27878
4706.17 9776 21855
8267.83 17975 38222
4695.83 10146 21907
2348.83 6109 13533
1433.33 2879 7284
8170.17 16287 33571
2424.83 6182 13743
1504 1732 4742
4071 10691 22360
1643 3100 7997
4321.33 11313 23163
7269.33 18274 37113
3884.33 9328 21065
3967.83 7992 18859
1699 1782 5589
2490.83 6851 14619
9248.83 16293 34661
2914.5 8051 17348
6406.17 16732 32650
1056 1279 3697
5886.5 12362 27770
4858.5 13019 26382
5319.17 9480 21741
8669.5 18510 39819
4185.83 8435 20074
1110 1112 3488
4322 11103 22584
6301 15557 31609
4874.5 10461 22855
2208.17 5309 12134
1399 3273 7994
4129.5 10032 21618
2120 5134 12058
699.5 1289 3565
4209.5 9939 21111
4666.83 10436 22204
2974.67 7608 17730
7341.5 16394 33515
4107.67 5322 14401
5471.33 11078 24657
1556.5 3377 8201
635 775 2457
3629 8383 19310
1421 3470 8508
1925.17 5507 11744
2753.17 5932 13917
6675 15204 31130
1282 1303 4327
1883 2494 6719
7075.33 17219 34196
7589.83 17257 35700
2810.33 7682 16323
2423.83 4748 11545
3062.67 8730 17983
7305.83 15081 32508
1511.33 3999 9446
3572 7714 18281
7740.83 16492 33581
7581.67 16343 33428
8528.33 16147 32850
4863.17 11171 26560
1204 1681 4449
7388 13824 29608
548 559 1886
596 653 1988
3852.33 10803 20391
7432.5 14228 31160
2031 2456 6520
2736.67 7360 14988
2550.67 6342 14911
4345.67 10665 23329
5697.5 15165 28977
551 479 1466
6244.17 14550 29101
1607.17 3311 9065
564 395 1376
970.5 1539 3744
7693.67 19643 38514
6258 16082 30939
2332 4140 10264
2725.33 6155 14611
2477.67 6202 13854
354 637 1477
2211 4273 10183
4435.5 8782 21024
3883.67 10056 20011
3904.67 9186 19849
2779.5 6992 15722
5831 12313 26756
1438.5 1806 4788
480 583 1798
1299 2006 5009
1259 1268 3679
6705 18842 37753
1743.33 3964 10003
8048.17 18813 37425
7851.67 16815 34849
6242 16117 32298
4691.83 12054 25068
1591 1599 4675
7151.83 15426 31497
4386.83 10165 22142
2264.33 6501 13555
2198 6084 12111
3392.67 8075 18424
4187.33 8122 19174
6863.33 17122 33934
6316.5 15334 29819
1405.5 4277 10314
3520.67 9158 19755
4645.5 10894 24081
1917.33 3733 9929
4606.67 7552 18052
6850.17 15084 29723
6292.83 15800 30754
6301.5 14324 29036
6354.17 11725 26870
6120.5 10208 24946
948.5 2402 5865
2562.83 4357 11424
3643.83 7031 17247
3292 5825 14578
4446 11756 24738
9251.67 15848 34004
2821 4279 12487
1211 2056 6077
2552 4468 11404
5002.83 9837 22371
6581.5 15123 30337
1178 2515 6024
3829.67 10164 20187
1584 2245 6154
344 291 621
805 804 2554
2431.83 4692 12323
4408.67 9080 20683
5907.83 15407 29425
2332.33 4829 12671
3807.83 8348 18482
688 665 2281
3925.17 6109 17103
324 379 992
5840 15911 30786
241 501 994
4797.33 10407 22241
5943.5 15066 29119
3422.5 7130 17524
250 343 261
4812 11458 24173
3982 8320 19634
2471.83 4566 11876
6314 16064 32025
1644.33 3731 9335
6625.5 15379 30368
1470 1778 5345
4877.67 7785 18848
1484.5 2555 6742
668 551 2113
744 872 2601


4872.83 11644 25634
944.333 2380 5351
8044.67 18687 37418
3983 8455 20944
5292.5 9440 21792
1862.67 3779 9465
7661.83 14526 31395
1442 1572 5514
2032.67 5916 12194
2105.83 4963 12464
4211.67 12656 23633
1542.5 2722 6608
358 215 0
1993.5 4162 10627
1085.5 2728 5470
798.167 2163 4887
1268.5 2851 7325
337 577 1264
573 759 2595
1843.17 4160 9735
3874 9338 20906
719 1511 3164
4580.5 11025 24304
240 387 471
1442 2074 6146
3533.5 9254 20640
9184 16280 35508
1694.17 4462 9644
1069 1230 3934
6327.33 16416 32469
1748 3868 9551
2832.67 6791 15042
4738.33 6348 16921
3601.33 7327 18078
2636.5 6812 16162
1531 2267 6328
4518.67 10118 24012
1583.67 3728 8569
454 557 1761
1482 1866 6272
1931.5 2419 6766
3875.33 9168 20307
2436.67 5756 13815
1365 1623 4810
4812.83 9546 22400
8491.33 17660 36314
704 1034 3076
589 709 2494
4717.67 9623 23200
3158 7623 18008
7821.67 17002 34251
367 709 1374
6689.83 18474 36150
1296 1970 5617
267 351 882
1873.83 3908 10167
2595 5290 14222
1923.83 5757 11957
1622.67 3904 8757
5444.5 10834 25457
3625.5 8625 20260
1988.67 4956 12033
7980.67 18698 36690
7673.67 17879 36065
6101.33 14940 31662
582 425 1750
6633.67 16312 33141
2177 4458 12136
525 474 1583
944 1929 4214
2375.5 3183 7934
338 323 842
3936 8342 19764
2291.17 3188 8289
2307 2542 7039
3830.17 9204 20549
867 1136 3138
2844.83 6338 15813
1885.17 4649 10618
2147.33 3485 9958
544 456 1618
8749.83 18328 40279
3985.67 7991 20218
2857.33 5600 15377
3006.5 7225 17786
1825 3744 8802
2245.33 3636 10004
5438.33 11735 26574
2586.33 4060 12308
429 251 304
2900.67 6916 16396
630.167 1587 2897
1712.33 4747 11004
1414.83 4299 9135
481 505 1382
1474 1918 5605
1882 2384 6376
758.833 1774 4015
2177.5 3082 7512
3629.83 7762 19245
4718.5 11876 25711
9079.17 17359 36191
1077.17 2010 4599
2245.33 4442 12357
290 408 896
3440.33 7269 17807
1036.5 1713 4429
2920.5 6127 16480
6248 12241 26594
6834.33 18467 33505
2964.5 7869 18327
4447 9840 23712
1471.67 3139 7739
4276 10880 23344
1707.33 2527 6543
1621.17 4198 8889
4677.17 13222 26286
324 379 992
2478.83 5380 14998
3545.67 8582 19889
3267.67 7149 17417
1553 2609 6444
1441.67 2733 6253
2559.67 4967 13540
4927.67 7991 21398
6506.83 14664 29596
5414 12546 26323
1050 2048 5271
525 446 1417
4383.5 11336 25504
336 351 894
4399.83 8542 20956
4814 12676 26071
276 332 638
1696.67 2814 7056
7672.67 19719 38154
462 724 1799
8164.33 19232 37827
9312.67 18269 37416
1405.17 3889 7570
3361.33 5015 14409
430 568 1304
6989.5 14031 31250
3554 7528 18776
8513.17 18481 37462
1144.33 2899 6509
2514.83 4408 10637
3218.83 6011 15910
238 389 460
1206.17 2244 5590
5556.33 12735 26594
749 972 2895
6319.83 14597 29561
1430.83 3209 8503
4426.67 9639 23118
2703.33 7169 16891
2422 2823 7720
1513.5 2629 6567
1560 2599 7046
6052.5 16863 32043
4077.33 9210 21707
1084 1195 4645
2414.83 3231 9188
1121 1986 5162
2195.83 4091 10314
286 269 756
6976.17 16962 34162
3551.33 8448 18908
241 501 994
2544 4029 11059
7110.67 18232 36487
3134.67 8502 19696
3475.17 9660 22961
5019.5 12856 28724
704 1396 3141
5043.17 12736 27693
5899.83 14829 30535
2101.83 5657 12437
674 846 2763
2269.67 4537 13253
3473.33 8400 18342
5854.33 10699 24620
1203 3359 6743
1416.83 3905 7845
6911.33 17237 36037
3359.83 6470 17181
541 560 1791
6778 16255 32662
4590.83 10880 25185
746.5 1203 3430
2577.33 7210 16346
2609.67 5233 14373
675 649 2612
4557.83 8403 21242
5732 12493 26633
7012.67 18991 36401
4339.67 11695 24203
1831.83 3252 8899
3183 9492 20237
1639.67 4377 9322
6440.67 12251 28110
3495 7474 18446
638 520 1759
6907.17 15507 32905
625 570 1894
559.5 916 1874
6304.67 15439 32261
355 302 943
614 673 1868
6849.5 17941 34424
2553.67 7355 15343
1818.67 3747 9119
1521.5 2808 6607
234 236 0
3730.17 9549 20667
7326.33 15246 34243
4997.67 11554 26021
460 469 1264
2459.5 7312 14337
2190.83 5891 14312
318 397 905
1134.17 2294 6213
733.833 1657 3304
6871.67 17759 33947
517 492 1652
1656 1544 5006
605 596 1839
7152.33 14982 33399
2955.5 2994 7976
388 583 1302
1305.5 1950 6132
2024 2250 6464
2060.5 4538 11218
496 535 1788
796.5 1635 4021
8563.33 18001 37190
8172.5 18537 37469
8163.67 17998 36510
414 609 1581
10684.5 18289 37553
652 636 2369
516 500 1552
1429 1740 4825
7114.83 13696 29686
8034 18501 36858
569 720 1799
893 1020 3078
434 532 1109
7041.67 18349 36566
5344.5 12738 29457
4316 13850 26478
234 265 411
224 429 0
4177 8934 21275
342 376 960
315 344 845
1670.33 4226 9432
2005 3129 7777
628.5 1217 2661
5767.33 16216 31249
5695.17 16349 30734
6021.5 18071 32008
1808.67 4173 10034
1719.33 3455 8569
8335 19689 37898
824 1143 3168
269 410 957
261 303 561
5375.5 12519 26066
6379.33 11636 27259
911.5 1490 3788
8160.67 16201 34795


4747.33 11439 24977
1335.5 2271 6167
2062.83 4184 11344
1221 1520 4431
4639 10285 22625
988 812 2409
5156.83 13564 27038
6199.83 14575 30974
354 540 1476
1670.67 4252 9217
458 605 1825
758.167 1454 4386
3566.33 8677 18715
1636.83 2980 8569
3141.67 5020 13454
1226.33 2931 6966
2508.5 5253 12603
3429.83 8180 18370
7002.5 15542 31580
1014.17 1695 4537
4196 8638 20743
2425.5 5897 13336
4165.5 10231 22168
4986.67 12088 25739
1577.17 3957 8725
489.5 650 2291
2730.17 6887 16399
4452.67 11012 22969
4265.33 9628 21882
6638.67 17205 34414
3114 5167 13863
2602.5 3429 9537
3163 5913 14893
3151.17 7244 17839
633 697 2384
2540.67 5596 13286
5030 10516 22857
6428 15912 34271
5506.33 10730 23577
3803.5 8086 19812
1728.33 3851 10491
2714.83 4821 12521
597 985 2904
7250.33 17941 38266
5596 12638 27884
5190.5 9849 22764
6551.17 11872 26230
8069 15252 31750
7086.83 17496 36884
3305.17 6456 16007
1349 1502 4733
4624.5 12526 24862
1187 1414 4204
2984.5 5760 14163
1281.33 2611 7707
4751.5 9304 21333
472 531 1443
1077.5 2963 8074
6540 11479 25931
3314 7895 18318
5547.5 8628 20029
2602.67 7206 15845
7376 17280 35466
4425.67 11705 23797
2814.5 5987 15038
5848.5 17200 30935
358 235 684
1193.5 1567 4409
2602 5906 13442
2966 5921 13700
3493.83 8736 18830
6332.67 15917 31426
234 265 411
1278.67 2681 7026
5869.17 15269 30836
5345.33 12704 26187
2074.67 5529 13196
2123.5 3843 9225
5700.83 13646 30070
4878.5 13882 29884
4158 9067 20829
2424.5 5410 12500
1619.17 4331 8907
3214.33 9269 18141
2241.17 3433 9659
3928.67 9229 20294
1196.5 1832 6160
2552.67 7626 15343
1561.67 3826 8251
2743.33 6565 15841
3362.83 5934 15664
1651.5 3896 9184
4338.83 11169 23137
5669.33 12107 26863
964.333 1918 4617
1883.67 3302 8575
3660.17 7757 18208
600 833 2411
955 1087 3118
2462.33 6536 13847
318 397 905
2606.33 4862 12360
1109 1446 3972
7516.83 15089 31622
4701.83 11696 25412
6599 11737 26557
5368.17 12367 26366
7393 17862 37549
879.5 1161 3025
937 929 2506
1355 2321 7116
3658.83 10720 21430
1818.67 2254 7072
936 791 2386
3643.17 9004 19641
4518 11008 24860
2055.67 3138 8629
974 942 3184
405 561 1804
8610 17421 35873
709 1176 3423
412 535 1566
3990.17 7617 18263
1142.5 2166 6115
896.167 2216 5478
2450.17 5111 12459
3498.33 7077 17469
6405.33 12866 28367
7435.67 16946 35649
2345.5 6101 13440
7475.67 14467 30330
941 987 3041
3973.67 10779 21958
7322.33 18574 39040
3250.17 4124 11109
3774.83 8364 18444
6396.83 17208 33086
6930.5 13496 28481
290 408 896
7853.67 16590 34966
629 813 2427
4144.17 9876 21606
2671.67 6630 16243
3753.33 9966 21438
3285 5623 14504
2410.5 3802 9757
351 282 796
338 323 842
5114.67 9711 22373
1557 1559 4941
3180.5 5825 14660
238 389 460
4928.17 10642 22731
2830.67 5170 13421
9329.67 17111 36272
1452.5 1649 5126
335 607 1136
1846.17 4289 10913
2038 3638 8770
848 946 2584
1434.5 3829 8509
6164.83 17147 32532
803.167 2217 4860
3584.33 9068 20101
3363.5 7048 16907
3092.67 7858 17339
7184.5 17309 35500
2422.33 6820 14869
6493.17 18188 35715
4216.5 11570 23683
5006.67 10195 22754
5756.5 10559 24148
4817 13629 28271
2420.67 6865 14768
3217.5 9448 19294
7312.33 16797 34899
399 539 1788
3904.17 7723 19117
5674.33 14779 30517
3818.67 11087 21744
3432.17 9381 21408
2848.83 6996 16418
1330.5 1207 3769
3034.17 7689 17285
2791 5832 13393
234 236 0
5325.33 12742 27990
901 1255 3484
6779.33 18357 36006
6744.67 15342 31262
5529.5 11574 25599
932 1322 3880
2962.33 7624 16468
6173.17 10017 24068
4000.5 11931 23775
4143.17 10189 21955
6624.17 15337 31051
491 496 1865
1364 1742 4887
6355.67 16422 32210
1252.83 2881 7567
2439.83 5706 13287
4174.83 7872 19693
5021.17 10683 23288
486 503 1086
549 402 1270
1419 1648 5032
861 888 2463
224 464 454
2253 4372 11756
1681.17 4306 9594
3448.67 9185 18523
4161 10907 22396
1981.83 4759 12130
2588 3840 9827
336 351 894
2665 2464 7580
358 215 0
224 429 0
1108 1901 5640
723 922 2431
7214 15614 31593
5131 13586 25766
1186 1044 3188
7010.17 12668 28270
5276 10963 23894
5862.67 15554 30764
978.5 1824 4895
4426.5 11620 24341
4242.17 10079 22549
1253 1292 4003
6873.67 17358 35542
3839.17 6420 15753
1196 1336 3908
5776.67 13141 28429
7042.33 12135 27686
6155.67 16954 31776
286 269 756
240 387 471
3892.83 7667 18219
4047.5 10629 21899
241 501 994
4678.33 10712 22976
739 959 2730
2535 5924 14451
2710 6237 14562
6743 15624 33740
5876.33 9991 23240
998 1212 3880
315 344 845
324 379 992
499 415 1753
269 410 957
704.833 1511 3486
1714 1470 4579
355 302 943
4865 10853 23622
1939.17 3823 8738
267 351 882
1247 1689 4730
4832.67 9069 21440
913.833 2207 5857
1631.83 3663 8539


1320.5 1714 4900
3359.83 7044 16132
1317.33 3089 7249
2591.67 7263 14624
3441.5 7460 17558
7274.5 14979 33397
2268.5 4969 13264
5392.5 11680 24564
2046 2802 7605
696 912 2734
1367 1631 4462
830.833 2058 3825
667 1119 2903
2533.67 6648 14507
3717.17 7232 17576
2046.5 5058 11360
1654 1567 5210
1148.67 1956 5288
5984.33 14518 31469
6104.83 15222 31794
3251.17 4808 12326
643 491 1730
1090 1958 5024
6265.83 12633 28356
5987.33 12185 26966
4845.17 12523 27480
2719.83 6913 15663
2149.5 3722 10116
2291.67 4641 12020
3719.17 10717 21826
1406.67 3364 8272
3603 3785 10430
2013 2318 6408
3933.83 7135 16778
2195.83 4632 10953
1815 2932 8029
1935.67 3063 8063
3586.17 6488 15563
2229.33 5645 12353
2313.5 4294 11949
2385.67 3964 11453
7237 15710 32203
8140.17 16555 34810
1162.17 2350 6574
796 716 2095
660 622 1819
799 741 2572
458.5 859 1804
5314.17 13181 27847
7324 18054 37276
7746.33 17613 36643
5891.33 17023 32027
1296 1807 5011
4173.17 9209 21760
5181.17 9678 22398
2365.33 5609 13631
2246 2831 8030
3010.5 8126 16726
5294.33 13915 28962
457 443 1138
4041.67 7108 16931
2506.67 6924 13916
5020.83 10528 23584
1447 2007 5895
2587.5 6530 14115
318 397 905
682 1002 2827
2112.33 5844 12739
3772.17 6630 15830
7717.5 18255 37957
6484.67 14104 29702
503 1220 2568
1818.5 2336 6590
1932 6066 10955
358 215 0
8054.33 20404 38682
3901.17 10248 23266
978.5 1861 4629
1817 2233 6355
649 896 2727
1803.33 2622 6763
6103.17 17169 32495
1373.5 2829 7506
1255 1382 4327
843 1728 4553
1983.67 5310 11365
2189.5 4686 10917
4201.83 7251 17728
931 1056 3581
9475.5 18041 38986
5431.67 12212 26623
1611.5 4092 9456
3954.17 8767 20636
3502.5 6320 15005
894 831 2681
224 429 0
5676.83 12701 28700
2266 4608 11638
731 771 2637
3557.17 6730 16244
1078.17 2779 6154
3972.33 10239 21589
801 980 3084
1578 3266 7815
6244 11141 24740
3852.83 7105 16623
3673.33 5387 15582
3137.5 7469 17298
1944.17 5961 12034
8303.67 19399 40352
2050 2115 6214
290 408 896
1369.83 1798 5031
4312 12431 24173
3746.5 7914 20609
1292 2196 6058
3998.67 9349 22099
1190.5 1659 4233
5533 10187 24037
3320.17 8334 19822
7007.5 16233 34364
7934 17955 37286
1074.17 2248 5869
637 769 1935
2580.83 5395 13888
576.5 879 2305
3573.5 7345 18632
338 323 842
2626.17 4903 12898
3400.33 7601 17617
563.167 1104 1937
1694 3500 10017
2685 2788 7278
934 1263 3745
2536.33 5107 13290
1650 3220 9928
2764.5 8353 16471
2785.17 6612 15214
1051 1519 4193
668 750 2123
928.5 2099 5026
4555.33 11744 26449
2043.67 6037 12135
3064.33 8361 16851
392 572 1676
1548.17 3106 7589
7208.83 16411 34674
6351.33 15835 33224
1031.5 2087 4789
2911.83 5939 14929
2251.83 4677 11320
3409.33 7639 17924
3126.67 7837 18203
355 302 943
2794.17 5542 14058
7827.5 16984 34757
3218.67 5853 14944
1424.5 2121 6167
2779.33 7956 15957
390 707 1469
6056.5 11431 24935
4438.33 10609 23639
7486.17 17885 35991
3454 7194 16728
351 282 796
1400.33 3608 8224
1563 3378 8767
892.5 1362 3784
596 1153 2857
997.333 2587 5911
806.833 1477 3348
8094.17 17369 35228
695 783 2566
224 464 454
1867 2395 7033
4756.67 12792 27176
1818.5 2564 7047
391.5 480 1457
7255.5 14219 31091
6393.17 16533 33981
5391.67 10791 24002
1979 3161 8321
3311.33 7243 16556
2991 6374 15351
7288.17 14152 30777
1243 1830 5104
7646.83 15919 33430
745 697 1978
6821 17882 35597
845 1113 3555
1158.67 3038 7044
896 751 3436
3903.33 6468 15738
3681 6922 16562
747 725 2245
4694.67 11544 24475
2759.83 6703 15894
2636 5587 14326
6657.67 17832 34882
269 410 957
1341 2001 5509
3388.17 3957 10124
2479 2525 7233
241 501 994
1145 1235 3646
1807.67 4989 10863
286 269 756
3284.83 9143 20435
3692.33 9849 21098
240 387 471
7810 13636 30379
7342.83 18810 38254
8766 17672 37303
284 740 1099
3385.83 7252 16610
324 379 992
5795.33 9856 22961
3909.67 6205 16304
859.833 1696 4100
3301.83 6892 16105
2081.17 5260 11973
1417 1474 5063
560 652 1874
1039 1630 4162
3229.67 8464 19694
1023 1242 3596
1579.67 2838 7981
6546 15175 31646
1335.33 3200 7446
7823 14925 32179
2785.33 6591 14775
1468 1375 4454
2829.67 7049 16550
3569.67 7190 16791
5371.33 14021 29062
6441.33 17991 36721
4054 8621 21294
2521.17 7391 14233
579 404 1167
261 248 0
1284 1475 4333
579 775 2511
1452 1336 4322
9267.83 18999 38839
2114.67 5011 11663
410 497 1802
7029.33 16063 33628
554 725 1894
2067.5 4935 11206
2975.33 8534 17210
1658.67 4676 10385
605 834 2541
1507 1818 5569
1229.83 2220 5892
761 717 2311
2110.17 6395 12291
4789.5 7492 19114
1694.33 4164 10525
5657.83 13375 29580
4884.67 11486 23957
5240.83 14225 31066
1150.67 4102 8107
1031 1263 3988
1953.5 4795 10988
761.5 1098 3279
2883.67 8466 16632
1421.5 4244 8687
2239.83 5642 12456
8941.67 18803 38077
9093.67 17179 35133
1386.83 2624 6758
2115.33 4110 10821
5779.67 10753 24361
2412 6185 13710
261 303 561
1058 1661 4278
238 389 460
2227.5 4612 11076
2109.83 3014 8058
1221.17 1952 5262
1070 1802 4649
4981.83 11006 24184
315 344 845
499 449 1481
5411.17 12220 27128
272 320 721
841.167 2172 5509
5657.5 11533 26206
2987.67 5878 14704
5113.33 12477 26852
286 247 0
3103.17 8508 19455
1136 1413 4031
2204 3039 8268
1169 1229 3813
3883.33 6921 16264
342 376 960
7656.5 17297 34845
358 235 684
234 265 411


6027.83 11440 24869
5526.17 12153 25884
5671 10006 23014
358 215 0
2286.83 4284 10674
3268.17 6272 15753
286 247 0
2509.67 4386 11912
3218.33 5992 14764
1623.5 4656 10213
1114 1229 4365
2137.83 5871 13823
6205.83 11216 25244
8262.5 17005 35149
508 642 1839
2127 4502 12048
262 312 0
688 957 2650
7029.67 15485 31785
2118.33 4740 10717
4588.67 7647 18212
6004.67 11249 24718
240 387 471
3449.67 5368 13469
6137 15673 31884
6443.17 15261 31167
3431.83 8674 20409
4094.67 5305 13899
2671.83 6959 16960
7848.17 17499 37178
4094.33 8479 19820
907 1252 3955
6012 14852 31166
238 358 0
1435.67 3815 9751
1943.17 4683 10426
5629.33 8941 21613
5611.67 8790 20960
4854 12850 25861
493 521 1592
358 235 684
414 513 1163
1035.5 2629 5311
850 1894 3994
4597 10485 22595
2654.5 6408 15399
1543 1731 4732
5142.67 8939 21117
8700.83 18166 38268
2593.17 4250 10921
4949 11572 25324
4332.17 7116 17531
10932 18283 38503
683 743 2334
5030 12554 28096
1721.33 3983 9807
6131.17 14749 30749
424 324 865
1859 1976 6118
7818.5 17888 37245
1656.83 3103 8366
1368 1495 4675
2771.33 6322 15456
802 564 1621
272 275 0
4705.5 8325 19147
6891.17 15504 32596
1834.17 3163 8448
1144.67 2135 6386
2061.67 4916 11172
3270.5 7984 17380
2504.5 4251 10137
281 346 399
2037.5 2549 7257
267 351 882
2051.83 2939 7899
318 560 1460
8925.33 17837 37700
3191.5 8448 19160
5602.83 10088 24251
3589.33 9591 22043
2936.5 8075 16963
2191.67 5478 13054
5131.17 14774 29041
5866.17 17451 31314
1598.33 3389 7858
6135.67 11221 24351
378 540 1500
2992.33 6913 16866
8124.33 17464 36694
421 651 1822
7348.67 15920 34527
3836 8326 19130
5893 11447 26607
5053 9238 20760
399 381 954
2003.83 4715 10639
3958.5 8098 18465
7052.33 15128 31906
1455.33 2624 7584
2078.17 3653 10117
1131.83 1809 5193
3379.33 6877 16862
6667.67 17472 35939
9722.17 18877 40260
1425.5 2539 6787
5809.33 9803 22606
7362.5 15246 32377
3402.5 7994 17871
3201.17 7481 17362
2773.17 5193 13346
4930 8294 18766
1868 1824 5210
5098.67 9901 22122
4866.33 11538 24061
1099 1114 3432
5684 12375 25936
1628.5 3044 8003
4828.83 12134 24393
1466.83 3522 8337
2180.67 5215 12894
6603.83 16720 34320
3372.33 11528 19617
6617.83 14876 31184
6230.33 13216 28772
881.833 1538 4342
6784.83 12924 28197
2019.5 4614 10388
5335.5 9495 21494
4779.17 9288 20711
7607.5 19180 37279
4044 10838 22219
692 800 3312
9296.5 19453 41259
3754 8278 18681
5881.5 13158 28477
1690 1762 4964
3078 6706 15708
6455.33 14184 29832
5495.33 14924 30703
7072 18023 37004
1939.5 5497 12452
4626.17 12277 24526
1324 2740 6887
1909 4741 10608
7716.17 17611 36448
2715.17 6914 15550
4160.83 7508 17965
4611.33 10035 22807
4719.33 10299 22846
7848.67 17087 35108
2924 8076 17079
7014.33 15996 33617
4371.67 10605 22492
3277.83 7128 17543
2054.33 4544 10502
8102.5 15807 34087
2511.33 5649 14682
1965.83 4591 10380
4597.5 5624 13933
1023.5 2546 5152
775 1586 3787
5684.5 13781 29476
3481.5 7787 17614
4542.17 11641 23955
7461 16568 34974
2960.83 8557 17191
1045.67 2371 4905
1053 1535 4138
3584.5 8390 19378
2005.5 2497 7123
4899.5 12300 24842
4270 10694 22938
4124.33 7017 17011
7717.67 15515 33870
3263.83 4796 12899
1888.83 4857 10753
4368.5 11557 23820
6728 10948 25782
2724.67 6070 14832
6293.5 15934 32498
4782.83 13994 26373
5196.33 14420 28803
4165.67 11914 22511
5775.17 12032 25968
1037.33 2368 4766
1329.33 3154 7440
1190 2016 5502
2458.83 6567 14147
997.667 2042 4572
2454.67 5769 13147
4070.33 10369 22473
1307 1522 4555
2198.33 4493 12380
2124.5 4474 10728
1690.5 2546 7151
500 381 1336
1435.83 2724 6972
526 912 1888
5386.67 11095 24322
2546 7061 15016
2150.5 4774 12184
1364 2466 6700
1837.67 2970 8779
3085.5 4099 11268
3731.67 9398 20524
7079.83 16922 34806
2248 3393 9626
5277.17 11247 24482
1856.5 3576 9234
1727.67 3585 9372
1606 1905 5590
500 573 1643
7494.17 14602 30677
979 1250 3331
4744.17 10152 23940
1713.83 3674 8891
1460 1790 4717
1713.67 3244 8736
5888 10007 24268
2411.83 5084 12578
563 900 2611
7999 14590 30143
478 450 1374
3892.33 10677 22160
3006.5 6306 14980
659 714 2166
4614.83 8854 20681
1106 1566 4496
2573 3355 8975
6719.17 16609 33494
2008.5 4513 9891
3350.83 8439 17902
2643.83 7564 15630
6503.5 13928 29915
2913 3866 11096
1050.17 1927 5440
6279 14715 29827
636 804 1951
2132.5 5459 12433
4545.5 10876 22977
552 669 1857
5842.33 11565 24778
1326.17 3535 7038
1972.33 4990 11926
435 608 1564
1678.5 3568 8514
442 454 1537
4500.83 12642 25037
4431.67 11264 23373
4943.83 7653 20168
3158 6571 16403
4231.67 9303 20694
4711.17 9694 22071
3518 7795 18328
6238.33 12449 26966
2465.33 6218 13855
5012.67 13785 26806
1997 1813 5366
269 410 957
701 702 1994
5473.5 13111 28175
645 762 1896
2617.17 5502 13673
6260.17 16807 34139
338 323 842
3406.33 8017 18060
1884 5095 11421
4533.5 10150 22274
7897 18888 40145
1082 2715 5445
3562.17 5017 12950
3054 8268 17349
1980.17 3778 9591
5278.83 14666 28846
1735 3199 8571
336 351 894
286 269 756
4953 12671 25434
761.333 1674 3605
1679.5 2953 8067
830.167 1307 3449
7153.5 14662 30520
5559.67 10978 24118
1902 2380 6519
5642 14383 28207
5784.83 13386 28584
715 664 2255
6024.83 13406 28957
2113.17 4974 11318
238 389 460


3021 4072 10230
2237.5 4556 11209
5689.17 14340 30242
5860 15062 30987
3757.5 10570 22418
2064.83 4409 10362
4954.17 7813 19539
4160.83 11369 22698
2929.5 4326 11026
1954.67 3425 8224
3692.17 6814 16100
527 406 1100
4114 7916 18784
1815.67 3613 9682
2577 6834 15862
728 623 2187
2406.17 5934 13401
351 282 796
7749 17082 35147
4892.83 12470 25756
580 420 1719
2329.33 4167 10538
2580.67 8151 16144
1588 1503 4990
5279.5 11198 25263
2102.83 3937 10022
2041.17 2601 7052
6554.83 14100 30388
5261.17 10738 24081
8846.67 17457 36520
3417.5 9175 20228
3228 8343 18053
3867 8698 20402
4596.67 12534 25035
1279 1985 5192
8707.83 17773 38054
7002.83 14631 31480
2757 4534 10862
3341.83 6162 14491
1223 2111 4842
1237 2202 6536
3606.33 10147 21973
2662.83 5470 14351
5390.5 12063 26447
3489.83 8992 19863
3451 5646 14721
6539.83 15305 32204
2078.83 4370 10419
1995.5 2668 7136
980 2321 5866
290 408 896
1596.83 3559 8424
3729.33 8241 18443
2326 2364 6806
2414.17 6357 13640
2653.67 4168 10713
1848.83 4383 9944
3745 4325 11106
3125.33 8661 19816
4132.17 7913 19530
1843.33 4749 9849
4942.83 12367 27425
2123 3401 8225
2326.5 3121 8494
2380.5 6495 12997
4614.17 11450 24288
1703.5 3312 8188
4199.33 6570 16470
6712.33 14262 31039
6612.5 14932 31722
2142.17 4091 10220
1940.5 3465 8840
3850.5 5922 15045
3053.67 4815 12707
661 706 2430
3542.33 8585 19759
1972.5 3405 8444
1072.83 2267 6014
4403.33 10750 24016
4432.5 6913 17896
2676 5200 12646
1745.33 4856 10710
3132 6388 15526
2062 2068 5705
6468.5 17739 35155
2073.83 5430 11890
3457 8312 18485
1981 4060 9910
3160.5 5693 14359
487 429 1086
2422 3373 9574
5675 12581 28198
6223.83 14786 31376
8944 15557 32625
1428.83 3009 7346
3973.17 6980 17331
7568.5 17494 35155
1507.33 2840 7175
807.5 1595 3941
1067.17 2361 5985
2670.83 4119 10856
1292.33 3684 8046
4161.5 6138 15051
964.667 2051 4750
4628.67 11967 24965
3984.33 8258 18767
2233.83 4705 10748
4150.67 9804 22037
1677 1378 5078
4766.33 12474 25943
5503.83 11192 25435
7360.17 19228 37140
3698.83 9841 20448
6643 9799 22340
967.5 2285 4768
560 560 1891
3375.33 8559 19173
2229.83 4731 11844
7189.67 18610 36972
4181.67 7475 18759
4108.5 11611 23270
3670.5 8942 19872
5448.33 10284 24461
315 344 845
2247.33 4498 10637
4242.33 7210 18034
3460.17 5418 14837
1583 2756 7272
3654.33 9889 20331
1689 2532 6948
5088.17 11671 25127
2124.67 3594 9137
947 1786 4275
5029.17 10266 22449
3637.83 6306 16008
224 429 0
1760.83 2952 7639
2062 2393 6769
1774.67 4862 10839
2274.17 4546 12106
8569.67 18353 38622
1346 1185 3814
2628.67 5867 14084
1048 1335 3922
3381.67 8160 18332
3435 5207 13021
2764 4417 11361
2639.83 4086 10233
1364 1811 5681
2022.5 5780 12132
2301 5014 12636
3678.17 8546 19652
4399.5 10382 24007
1199 1408 3995
7253 17506 34769
1913.33 4882 11175
9009 18796 39426
513 628 1896
1558.5 3481 7625
2067 4569 10460
4313.5 10792 23462
4582.33 9387 21896
381 547 1555
588 658 2199
3148 6169 15959
2098 5679 12148
4612.83 8616 20046
5607.17 9400 21926
3726 8135 18337
4687.33 9855 22434
732.5 1791 3325
4105 8148 19186
1993.33 4816 11651
2343.83 4802 12313
358 235 684
3046.83 5083 12858
1058 1275 3756
1318.33 2887 7336
1311 2091 5421
7777.83 17871 36686
983 1029 3389
4551.83 11482 24872
1907.67 4480 10337
2621.67 6801 14765
336 351 894
5543.5 12669 29457
2812.17 5164 12710
2559.83 6265 14252
3712.5 3892 10400
4007.17 8313 18919
2503.33 4079 10118
1416.17 2652 6739
2627 6034 13496
987.5 2135 5001
3776.83 9810 21554
1311.83 2969 7212
7467.17 17621 35319
7616.83 18180 38577
2893.17 6926 16342
5215.5 14697 29856
234 236 0
2932.5 5360 12885
4369.5 6309 17607
7749.5 12734 32285
3093.33 5213 13518
3972.5 8111 18263
2672 7025 17921
9353 17539 36545
3493.5 4356 12281
4216 6770 16693
2132 5491 12973
8023.17 15570 34674
5694.5 11360 26620
2980 5409 13928
903 941 3336
541.167 1065 3092
1373 3444 7364
5187.33 12075 26117
340 522 1342
4337.67 12610 29157
8379.83 16564 34724
759 574 2078
6426.33 11182 25241
536 463 1805
1864.5 5281 11081
1617.17 4101 9246
536 903 2110
469 635 1914
6504.33 14494 30862
4476 8386 19769
972.5 1412 4318
2659.67 6305 15204
1794 2832 7445
1605.67 3167 7611
4185.17 11251 24258
324 379 992
5522 11654 26366
2376.17 3577 9067
821.167 1703 4256
556.5 864 3182
234 265 411
1187 1564 4809
5340.67 11688 25332
2726.17 6481 16089
3597.33 10194 20345
7585.5 17793 36475
5597.83 15927 34353
6397.5 12260 27405
355 302 943
2664.17 4645 12129
4729.5 10840 24212
342 376 960
1737.5 2443 6839
3946.5 8885 21874
781 657 2210
5434.67 11731 25819
1564.5 3922 8499
785.5 1095 3317
1786.17 3808 9517
1165.83 2773 6165
241 501 994
5277.33 11179 24992
2155.33 4224 10397
2153.5 4724 10685
1740 4085 8983
6595.33 13593 30301
2558.5 5794 13394
6132.17 13929 29798
993.667 1807 4525
449 453 1678
4948 11407 24373
267 351 882
2542.33 4211 10859
4324.17 10527 22235
6035.83 12274 27230
358 215 0
1286 1232 4519
224 464 454
424 501 1741
1947 2907 8139
1805.33 4142 9814
1121 1732 4782
5987 12217 26823
1222.33 2199 5059
286 269 756
269 410 957
338 323 842
910 1276 3545
3873.5 8336 19634
261 303 561
318 397 905
5504.33 14940 30419
805 789 2574
333 685 1627
240 387 471


