1.340783453e+00 1.645968666e+00 2.000000000e+00 
1.336618310e+00 1.647210546e+00 2.000000000e+00 
1.331206469e+00 1.647735957e+00 2.000000000e+00 
1.323566988e+00 1.648165839e+00 2.000000000e+00 
1.320783453e+00 1.648882308e+00 2.000000000e+00 
1.310502662e+00 1.651795950e+00 2.000000000e+00 
1.303540981e+00 1.653324417e+00 2.000000000e+00 
1.296944207e+00 1.657193351e+00 2.000000000e+00 
1.284245601e+00 1.669325564e+00 2.000000000e+00 
1.283554797e+00 1.673337791e+00 2.000000000e+00 
1.281435247e+00 1.680884601e+00 2.000000000e+00 
1.257737413e+00 1.682078716e+00 2.000000000e+00 
1.255983583e+00 1.691345052e+00 2.000000000e+00 
1.249407127e+00 1.693637753e+00 2.000000000e+00 
1.246305823e+00 1.701566679e+00 2.000000000e+00 
1.231230038e+00 1.723012992e+00 2.000000000e+00 
1.223414198e+00 1.781524647e+00 2.000000000e+00 
1.221727823e+00 1.854461215e+00 2.000000000e+00 
