1.408250997e+00 1.643953753e+00 2.000000000e+00 
1.395805125e+00 1.644427597e+00 2.000000000e+00 
1.383237687e+00 1.644711903e+00 2.000000000e+00 
1.351635695e+00 1.645233131e+00 2.000000000e+00 
1.313213416e+00 1.645659591e+00 2.000000000e+00 
1.284409544e+00 1.646322972e+00 2.000000000e+00 
1.279773258e+00 1.659021986e+00 2.000000000e+00 
1.277241326e+00 1.659258908e+00 2.000000000e+00 
1.258118741e+00 1.666366566e+00 2.000000000e+00 
1.254159453e+00 1.669257013e+00 2.000000000e+00 
1.250377275e+00 1.675369598e+00 2.000000000e+00 
1.247974245e+00 1.679302502e+00 2.000000000e+00 
1.247879926e+00 1.679586808e+00 2.000000000e+00 
1.242991075e+00 1.680913571e+00 2.000000000e+00 
1.242262726e+00 1.682572024e+00 2.000000000e+00 
1.241348883e+00 1.689774450e+00 2.000000000e+00 
1.240573374e+00 1.691669826e+00 2.000000000e+00 
1.235922416e+00 1.692285823e+00 2.000000000e+00 
1.234164944e+00 1.713845716e+00 2.000000000e+00 
