1.694522952e+00 1.521266073e+00 2.000000000e+00 
1.687422525e+00 1.480208275e+00 1.694824737e+00 
1.663195787e+00 1.497695165e+00 1.807358564e+00 
1.718898442e+00 1.512774574e+00 1.930525509e+00 
1.757454953e+00 1.483175634e+00 1.700819836e+00 
1.745971301e+00 1.458746244e+00 1.521190398e+00 
1.890146669e+00 1.502528787e+00 1.862567754e+00 
1.696139391e+00 1.489744882e+00 1.748732727e+00 
1.711832723e+00 1.473601702e+00 1.624775483e+00 
1.760380408e+00 1.458317004e+00 1.524910393e+00 
1.702694394e+00 1.482578430e+00 1.699622413e+00 
1.708163508e+00 1.477427542e+00 1.649506263e+00 
1.725522863e+00 1.492693578e+00 1.764235365e+00 
1.728051647e+00 1.484855271e+00 1.710790379e+00 
1.901590654e+00 1.487953269e+00 1.750337274e+00 
1.843007170e+00 1.464326372e+00 1.576519330e+00 
1.728968951e+00 1.469066682e+00 1.621015574e+00 
1.728562362e+00 1.466024672e+00 1.587304122e+00 
1.747508404e+00 1.478733927e+00 1.671546831e+00 
1.681244360e+00 1.467909598e+00 1.608442631e+00 
1.688498498e+00 1.474628147e+00 1.644980003e+00 
1.821596803e+00 1.516731053e+00 1.964947433e+00 
1.773530083e+00 1.465072878e+00 1.600340068e+00 
1.679211416e+00 1.440923427e+00 1.368582810e+00 
1.752942810e+00 1.494895769e+00 1.811836927e+00 
1.664127966e+00 1.438086707e+00 1.349408074e+00 
1.741171571e+00 1.492394976e+00 1.756124819e+00 
1.716924999e+00 1.510273781e+00 1.915669479e+00 
1.675735578e+00 1.431554784e+00 1.322793349e+00 
1.750111564e+00 1.501278391e+00 1.839114226e+00 
1.775880364e+00 1.482074539e+00 1.705226353e+00 
1.672428326e+00 1.459903328e+00 1.548539543e+00 
1.741161654e+00 1.499001549e+00 1.822342319e+00 
1.703284444e+00 1.489539593e+00 1.738554630e+00 
1.724134511e+00 1.445831700e+00 1.425141096e+00 
1.775989449e+00 1.484202079e+00 1.710279479e+00 
1.821120797e+00 1.492301663e+00 1.768865402e+00 
1.647338827e+00 1.479499095e+00 1.670788463e+00 
1.656333363e+00 1.492432301e+00 1.761345584e+00 
1.660146372e+00 1.477483530e+00 1.667020572e+00 
1.698638424e+00 1.488774425e+00 1.723083923e+00 
1.737675899e+00 1.448257843e+00 1.434496963e+00 
1.747875326e+00 1.488270534e+00 1.731857044e+00 
1.653814496e+00 1.470205102e+00 1.592077848e+00 
1.677401601e+00 1.452307635e+00 1.457639161e+00 
1.739619592e+00 1.499542765e+00 1.817680352e+00 
1.714986265e+00 1.513838344e+00 1.911270945e+00 
1.702272930e+00 1.502584775e+00 1.831179302e+00 
1.690382689e+00 1.493402758e+00 1.771787114e+00 
1.671610191e+00 1.502696751e+00 1.852509400e+00 
1.731820030e+00 1.449601553e+00 1.445561152e+00 
1.687868781e+00 1.494055951e+00 1.777870024e+00 
1.784359226e+00 1.505010918e+00 1.860412393e+00 
1.712685568e+00 1.499374802e+00 1.809976930e+00 
1.665451859e+00 1.464345035e+00 1.560625534e+00 
1.732167118e+00 1.441035403e+00 1.375272414e+00 
1.705505806e+00 1.510068492e+00 1.886156990e+00 
1.788801952e+00 1.489390292e+00 1.755645850e+00 
1.779772707e+00 1.519605099e+00 1.970024507e+00 
1.664460179e+00 1.481607973e+00 1.684630675e+00 
1.700830036e+00 1.473097811e+00 1.608945549e+00 
1.688483622e+00 1.516600414e+00 1.954753371e+00 
1.675294281e+00 1.486497583e+00 1.722102036e+00 
1.718710023e+00 1.497284587e+00 1.794282704e+00 
1.696863317e+00 1.499934681e+00 1.817512713e+00 
1.701003580e+00 1.453427393e+00 1.458477357e+00 
1.828528645e+00 1.476886326e+00 1.654112350e+00 
1.766459406e+00 1.437750779e+00 1.357502654e+00 
1.659848868e+00 1.443442883e+00 1.376254301e+00 
1.684120231e+00 1.519997014e+00 1.970918583e+00 
1.685052410e+00 1.474684135e+00 1.637188770e+00 
1.734661193e+00 1.442659052e+00 1.380804509e+00 
1.775721695e+00 1.486534908e+00 1.737852142e+00 
1.752303176e+00 1.493309445e+00 1.778604443e+00 
1.720376045e+00 1.477203591e+00 1.648189097e+00 
1.672611787e+00 1.444301364e+00 1.394359339e+00 
1.645142256e+00 1.456768005e+00 1.489394822e+00 
1.693789109e+00 1.416438049e+00 1.167942588e+00 
1.801718581e+00 1.447455350e+00 1.431343748e+00 
1.712978114e+00 1.448463132e+00 1.427967015e+00 
1.702416724e+00 1.493309445e+00 1.776449082e+00 
1.681075774e+00 1.468301514e+00 1.580734260e+00 
1.743234265e+00 1.501483680e+00 1.828066002e+00 
1.766746993e+00 1.472985835e+00 1.622061324e+00 
1.713801208e+00 1.453091466e+00 1.471625063e+00 
1.731839864e+00 1.455760222e+00 1.494320223e+00 
1.903831851e+00 1.444152063e+00 1.387917202e+00 
1.679117207e+00 1.423940429e+00 1.221403540e+00 
1.732777001e+00 1.507175783e+00 1.857458749e+00 
1.674134016e+00 1.525894407e+00 2.000000000e+00 
1.711297216e+00 1.503760521e+00 1.856883986e+00 
1.715705233e+00 1.511337551e+00 1.899009332e+00 
1.669800375e+00 1.511841442e+00 1.909610518e+00 
1.654558256e+00 1.483492899e+00 1.687201143e+00 
1.652609605e+00 1.461247037e+00 1.508896854e+00 
1.700725910e+00 1.497471213e+00 1.790514812e+00 
1.723752715e+00 1.450572010e+00 1.437498503e+00 
1.676152084e+00 1.474422858e+00 1.613248290e+00 
1.693734567e+00 1.473209787e+00 1.609935419e+00 
1.687189480e+00 1.494615830e+00 1.766310899e+00 
1.624326897e+00 1.421253009e+00 1.193870790e+00 
1.729950714e+00 1.415057014e+00 1.142126145e+00 
