364 539 1862
273 210 0
250 248 0
208 354 0
184.1 462 0
183.15 514 922
184.1 495 897
273.95 681 1460
329.5 543 1460
303.7 592 1460
208 376 363
352.5 266 922
273 243 897
250 295 988
620.1 1768 4893
863.25 1651 4893
804 1493 4355
623.85 1668 4893
606.433 1841 4893
596.433 1842 4893
560.433 1701 4180
564.6 1510 4355
553.433 1714 3979
607.5 1132 3078
409.4 1296 2799
248.95 733 2631
704 1225 3187
816.5 1077 3187
716.5 1083 3187
620.5 1339 3187
665.1 2184 7556
741.467 2216 7597
739.067 2232 7597
1122.73 1988 7556
1230.23 2066 8102
1181.23 2067 8102
1152.98 2080 8102
697.6 2426 8102
772.6 2262 8102
760.6 2340 8102
794.267 2240 7853
719.8 2238 7846
976.133 2245 8102
1059.23 2163 8102
1010.4 2227 8102
719.267 2404 7853
769.117 2171 7165
747.3 2151 7114
791.9 2175 7289
1215.73 1897 7389
913.433 2390 8416
897.033 2434 8416
1309.23 2325 8416
1656.43 2308 8416
1999.7 2792 9729
2361.42 2751 9729
2132.08 2778 9729
1230.9 2558 8525
998.567 2591 8525
788.767 2595 8525
838.433 2554 8416
797.4 3137 10077
1245.4 2812 10077
811.4 2883 10077
925.8 2876 10077
1194.8 2850 10077
779.4 3168 10077
947.8 2829 9338
881.3 2877 9338
988.833 2801 9338
740.533 3027 9137
778.9 2902 9163
885.467 2708 9264
1291.13 2667 9338
1509.53 2621 9338
1306.73 2648 9338
1175.35 2824 9356
1629.17 2753 9356


627.117 2760 7867
611.433 2848 7867
648.9 2534 7867
633.217 2622 7867
1502.93 2304 8123
1406.93 2318 8123
1219.68 2324 8123
1587.7 2560 8471
842.017 3068 8727
973.833 2355 7867
943.35 2492 8123
1061.6 2430 8123
810.9 2536 8157
654.367 2483 7867
701.233 2456 7867
822.1 2422 7867
1668.63 2740 8727
820 2935 8471
860 2844 8471
855.817 2932 8471
1077.95 2778 8727
953.283 2809 8727
920.567 2817 8727
877.467 2838 8727
798.917 3089 8727
856.6 3049 8727
1477.75 3042 8861
945.35 2608 8471
745.567 2593 8413
861.917 2707 8471
273 210 0
250 248 0
273 243 897
352.5 266 922
250 295 988
214 491 914
183.15 514 922
184.1 462 0
312.55 712 1069
323.05 631 1069
488.733 1711 5250
506.283 1659 5250
695.267 1514 5250
551.45 1555 5250
591.583 1545 5250
1091.8 1452 4529
1172 1395 4529
978.5 1465 4529
1118.8 1414 4529
442.4 1663 4437
521.2 1611 4529
745.933 1391 4437
693.25 1429 4437
612.767 1430 4437
758.25 1381 4437
538.417 1442 4437
447 1471 4437
547.083 1518 4529
731 1472 4529
600.5 1473 4529
336.55 1507 3744
414.833 1403 3744
453 1197 3744
289.95 966 1658
541 652 1661
496 697 1837
565 892 2700
374.95 1000 3129
341.9 1041 3129
467.5 936 3129
298.45 877 2189
308.7 805 2240
644 903 3129
525 908 2766
1282.9 2308 7448
964.117 2376 7146
1047.2 2250 6970
596.1 2408 7611
689.7 2393 7146
1125.95 2219 6970
628.567 2261 7128


570.4 2822 7669
579.35 2773 7669
573.1 2776 7669
587.65 2716 7669
609.95 2558 7669
587.85 2593 7669
930.783 2053 8068
910.383 2058 8068
928.95 2054 8068
632.05 2132 8068
622.45 2133 8068
612.7 2221 8068
696.95 3047 8382
819.2 2563 8382
760.8 2597 8382
747.4 2598 8382
883.8 2553 8382
692.45 3119 8382
720.4 2861 8382
705.7 3024 8382
747.15 2783 8382
680.9 3150 8382
621.783 1968 7505
621.367 2015 7505
605.45 2016 7505
703.5 1935 7006
687 1959 7006
609.5 1908 6267
563.667 1909 6267
546 1932 6267
652.167 1865 6267
643 1892 6267
1246.67 1833 6267
1352 1799 6267
1041.58 1896 7505
1009.23 1897 7505
840.333 1917 7505
814.6 1919 7438
816.6 1888 7329
814.433 1946 7179
578.45 2136 7505
583.95 2118 7505
584.9 2074 7505
273 210 0
250 248 0
208 354 0
208 376 363
184.1 462 0
1203.75 1759 4823
1195.25 1760 4823
1135.25 1782 4823
500.9 1168 2164
759.25 1166 3739
660.5 1075 2945
488.833 1454 2852
1284 1061 3550
622.667 1138 3322
505.167 1196 3070
558.5 1211 3843
770 1092 3843
658.5 1167 3843
521.5 1305 3843
779 1089 3843
585 921 1909
334 542 1885
214 491 914
704 799 1909
262.5 561 1902
273 243 897
250 295 988


250 295 988
352.5 222 0
214 491 914
272.5 566 1351
208 376 363
250 248 0
208 354 0
183.15 470 0
352.5 266 922
183.15 514 922
1064 1347 3370
1119 1370 3576
1065.33 1882 5244
781.167 2084 5244
988.3 1968 5244
860.083 1998 5244
994.667 1884 5244
955.333 1790 4881
553.65 1807 4434
777.667 1659 3975
729.333 1518 3834
824.667 1719 4152
1272.5 1743 4256
1330 1660 4614
527 747 2664
873 1065 2759
837.667 1306 3354
1143 1153 3018
393 858 2575
925 1114 2953
470 554 1834
493.5 1198 3144
604.917 1412 3271
699.533 2864 6959
772.067 2917 7873
924.133 1995 6669
1009.47 2189 7207
682.8 2106 6632
1396.08 2142 7207
1786.67 2128 7207
1408.92 2129 7207
1880.53 2087 7207
1850.67 2115 7207
776.217 2218 7207
858.733 2997 8411
794.2 3037 8411
746 3305 8411
836.2 3008 8411
758.45 3075 8411
805.933 2871 8155
866.467 2855 8411
718 3000 7873
729.2 2957 7873
905.533 2757 8411
1391.45 2312 8118
1439.45 2311 8118
1257.55 2325 8118
1531.7 2746 8411
1707.95 2732 8411
705.8 2230 7572
802.333 2203 7572
1209.55 2326 8118
993.8 2359 8118
1090.33 2332 8118
777.533 2866 7873
810.2 2829 7873
793.25 2850 7873
810.2 2587 8118
891.8 2449 8118
1005.88 2281 7770
848.55 2305 7770
822.283 2509 7770


1544.03 2313 8025
1695.87 2307 8025
1469.53 2317 8025
1088.4 1916 7816
927.417 1984 7816
1039.4 1964 7816
455.117 1773 7103
367.783 1874 7103
369.917 1856 7103
355.033 1928 7103
419.233 1797 7103
372.917 1836 7103
405.25 1818 7103
475.417 1734 7103
468.383 1758 7103
1219.67 1687 7103
393.9 2079 7253
409.9 2277 7816
451.367 2227 7816
457.783 2206 7816
636.917 2009 7816
792.783 2004 7816
473.4 2097 7816
476.367 2043 7816
517.717 2035 7816
459.133 2114 7816
996.083 2410 8025
669.783 2417 8043
970.217 2415 8025
728.133 2588 8756
771.133 2471 8756
1538 2457 8756
1019.85 2323 8025
737.133 2581 8756
273 243 897
273 210 0
208 376 363
250 248 0
184.1 462 0
208 354 0
184.1 495 897
250 295 988
482.05 1426 4673
468.133 1483 4673
534.25 1236 4673
520.333 1293 4673
448.9 1122 4359
595 1103 4359
396.7 1312 4359
386.7 1206 3952
438.9 1016 3952
344.75 1003 2467
375.5 539 1862
633 876 2964
486 782 2024
505 888 3055
498.8 909 3055
1444 1577 4972
1391 1586 4681
384.267 1764 6181
431.7 1716 6740
346.433 1801 6214
416.117 1689 6540
389.233 1620 6189


733.1 2845 9383
1073.33 2083 9127
799.733 2091 9127
796.533 2110 9127
764.983 2452 9383
788.783 2419 9383
846.383 2398 9383
787.783 2420 9383
772.533 2239 9127
765.933 2257 9127
758.25 2340 9127
742.183 2427 9127
786.067 2184 9127
731.067 2470 9127
1225.67 2185 9383
1143.67 2251 9383
755.033 2708 9383
739.7 2753 9383
746.433 2721 9383
755.733 2651 9383
1137.67 2040 9127
1146.67 2027 8845
1310 1943 8764
1036.4 1951 8764
993.333 2024 8589
762.533 1962 8581
740.733 1994 8564
667.85 2766 8845
761.4 1984 8238
751.067 1992 8190
740.783 2360 8845
679.733 2032 8589
712.783 2373 8845
273 243 897
250 295 988
492 501 1109
273 210 0
352.5 266 922
250 248 0
184.1 462 0
184.1 495 897
183.15 514 922
1197.5 1356 5020
1119.5 1510 5020
1123 1506 5020
1171 1381 5020
1402 1320 5020
1452.5 1307 5020
1027.5 1544 5020
987.5 1591 5020
543.65 1669 5737
494.667 1672 5737
670.567 1597 5737
674.567 1692 5746
604 1772 5746
606.217 1741 5746
620.133 1723 5746
669.917 1621 5737
638.367 1623 5737
578.4 1840 5746
551 1593 2895
519.5 612 2675
514.133 1084 2690
647 948 3487
572.5 997 3487
724 911 3487
921.5 1319 4083
1245 1250 4083
853 1419 4083
895 1344 4083
1176.5 1270 4083
847 1469 4083
982 1284 4083
238.167 901 1783
308.667 514 1527
249 720 2290
306.25 670 2290
216.4 694 1727
215.75 543 1551


208 354 0
184.1 509 988
471 625 1653
250 248 0
214 491 914
342.5 453 1435
273 210 0
250 295 988
273 243 897
208 376 363
184.1 495 897
184.1 462 0
549.5 1215 4376
642.433 1659 5907
758.867 1519 5907
672.2 1587 5907
598.367 1661 5907
678.4 1536 5907
546.867 1481 5094
650.367 1385 5018
599.867 1453 5018
509.933 1476 5018
689.617 1333 5018
718.367 1398 5593
557.867 1540 5593
620.533 1504 5593
717.117 1433 5593
577.867 1534 5593
544.75 1755 5593
747.417 1352 5361
660.75 1420 5361
574.967 1522 5361
741.167 2086 8299
690.517 2200 8299
678.983 2207 8299
661.717 2236 8299
693.433 2162 8299
719.417 2144 8299
740.833 2143 8299
626.933 1878 7362
639.65 2361 8299
820.533 2349 8987
816.2 2259 8794
895.033 2196 8619
937.05 2348 8812
2101 2252 9533
2063 2091 9277
849.867 2577 9533
935.7 2417 9533
898.8 2466 9533
1165.98 2105 9277
1108.98 2168 9277
1058.97 2209 9277
1113.83 2124 9277
1105.65 2203 9277
1383.33 2266 9533
1346.83 2304 9533
860.3 2369 9277
952.983 2224 9277
1116.23 2352 9533
463.75 1277 3202
314 712 2357
593.5 834 3447
514 929 3447


273 210 0
250 248 0
430.25 910 1882
443 902 1882
398.5 804 1854
495 702 1854
250 295 988
273 243 897
184.1 495 897
208 376 363
297 645 1709
184.1 462 0
208 354 0
807.933 1728 6816
536.267 1752 6816
794.233 1745 6816
609.433 1816 7129
485.233 1960 7129
566.5 1913 7129
651.333 2240 7302
785.7 2053 7667
712.45 2198 7667
688.45 2202 7667
742.767 2150 7667
826.9 1932 7304
1432.7 2197 8015
1290.57 2290 8015
739.833 2884 8754
891.817 2628 8754
868.483 2645 8754
736.633 2910 8754
745.183 2765 8754
753.083 2694 8754
702.833 2978 8754
761.333 2654 8754
750.817 2601 8015
856.217 2459 8041
862.217 2562 8406
872.2 2552 8391
633.833 2674 8216
811.483 2501 8216
1421.28 2450 8754
921.783 2571 8754
1300.82 2467 8754
782.283 2398 8015
902.2 2361 8015
869 1137 3520
983 1175 3576
471.333 822 2759
334.9 1277 3608
403.65 1212 3608
269.9 1061 3070
534.25 1006 2978
1148 1481 4299
865 1617 4613
554 1686 5050
871 1588 5130
916 1466 4190
916.75 1521 5130
565.6 1742 6560
536.033 1844 6560
754.833 1652 5930


1790.75 2538 10445
1789.75 2544 10445
1146.23 2552 10445
917.35 2617 10097
933.683 2597 10097
1037.48 2562 10097
903.283 2673 10445
835.983 2692 10445
1028.75 2658 10445
1043 2648 10445
1064.08 2566 10445
1055.23 2456 10097
2112.33 3014 11122
1529.48 2895 10759
1478.98 2962 10759
1105.73 3242 11122
1349.67 3040 11122
1125.57 3049 11122
1298.65 2980 10759
1035.65 3304 11122
1359.27 2383 9109
1001.28 2515 9724
896.283 2683 9505
1136.15 2406 9632
1034.23 2485 9882
1182.4 2430 9899
1093.23 2445 9556
1286.23 2410 9724
1112.23 2448 9732
250 248 0
242 530 713
250 295 988
352.5 222 0
463 674 1061
406 695 1076
208 376 363
208 354 0
183.15 470 0
1583 1434 4033
1215 1507 4071
891 1726 4340
728.2 1787 4455
714.533 1794 5376
665.6 1880 5376
760.067 1774 5376
643.267 2277 6466
709.667 2242 6466
984.7 2221 6466
621.567 2324 6466
435 799 1679
429.6 1032 2448
338.8 1039 1534
716 713 2143
439.95 1003 2072
429.6 1016 1739
503.25 847 2679
471.5 727 1739
480 649 2116
645 625 2049
676 714 2133
775 1244 3835
676.5 1178 2791
734.667 1180 3078
1039 1195 3988
606.5 1290 3988
1135 1108 3988


351 477 1211
208 376 363
273 243 897
184.1 495 897
250 248 0
250 295 988
208 354 0
273 210 0
184.1 462 0
479.1 1727 5439
860.3 1318 5200
888.033 1290 5200
727.7 1454 5200
869 1613 5439
760.833 1427 5200
465.1 1771 5439
487.25 1647 5439
1120.3 1441 5746
1148.03 1413 5746
1103.5 1495 5746
1243.43 1399 5746
1141.43 1440 5746
1015.7 1536 5746
987.7 1577 5746
786.667 1666 5746
861 1632 5746
926.5 1603 5746
832.133 1856 6093
984.483 1825 6093
1016.85 1783 6093
991 1182 3692
904 1192 3692
392.467 1514 3983
578.467 1244 3983
360.333 1565 3983
499.15 1293 3983
441.9 1491 3983
384.8 1520 3983
373.783 1522 3983
755 1227 3983
655.5 1206 3170
1808.1 2393 9808
717.533 2043 9445
646.7 2283 9445
700.033 2103 9445
680.833 2192 9445
634.917 2270 9097
640.917 2248 8732
604.333 1904 8011
679.2 1936 8556
630.7 1941 8531
702.2 1997 9097
658.833 2025 8899
674.2 1976 8732
1341.13 2407 9808
1809.87 2361 9808
873.95 3038 10371
1476.73 2668 10371
834.667 2743 9808
893.367 2727 9808
925.167 2468 9808
1098.23 2717 10371
1060.23 2767 10371
963.667 2789 10371
898.617 2861 10371
936.683 2831 10371
1133.98 2699 10371
424 462 1679
306 891 2774
459.5 586 1786
209.9 631 1885
348 669 2774


690.5 1658 6915
624 1729 6915
547.75 1917 6915
1041.58 1920 7039
587.75 1876 6915
597.25 1863 6915
1190.33 1885 7039
611 1826 6915
1149.25 1916 7039
697.083 1980 7039
609.85 1988 7039
624.583 2210 7883
647.867 2200 7883
594.75 2411 7883
597.15 2374 7883
602.65 2258 7883
1134.58 2055 7852
1080.83 2066 7852
1040.48 2118 8197
869.833 2076 7852
919.583 1985 7596
884.667 2057 7596
854.317 2079 7852
726.333 2099 7906
680 2114 7331
721.3 2101 7590
1333.25 1983 7596
697.917 2559 8820
727.733 2492 8588
580.25 2420 8197
690.2 2951 8450
801.883 2345 8501
654.883 2141 8220
741.383 2689 9134
782.6 2640 9134
761.8 2664 9134
1083.07 2280 9134
1082.07 2298 9134
938.267 2323 9134
918.733 2334 9134
917.733 2352 9134
828.067 2382 9134
756.867 2350 8844
788.867 2597 9134
825.067 2493 9076
738.2 3261 9390
747.667 3174 9390
876.867 2621 9390
854.933 2669 9390
900.867 2479 9390
878.933 2527 9390
873.433 2643 9390
899.867 2511 9390
723.45 2838 9134
849.433 2785 9390
752.2 3075 9390
791.8 3010 9390
767.3 3024 9390
808.2 3009 9390
720.6 3090 9134
214 491 914
183.15 470 0
273 243 897
250 248 0
250 295 988
184.1 495 897
273 210 0
184.1 462 0
415.25 1132 3984
411.833 1203 3984
603.3 1475 6026
583 1588 6659
611.5 1463 6001
552 1704 6102
547.5 1605 5975
579.85 1893 6125
363.533 861 1610
785 931 2168
383 472 1727
636 800 1854
458.5 971 1836
878 836 2151
346.167 1133 2182
654.5 1120 2198
748 668 1848
599 873 2090
735.5 1090 2198
843 1042 2198


250 248 0
273 243 897
214 491 914
280.25 596 1925
250 295 988
184.1 495 897
273 210 0
184.1 462 0
630.167 1719 5837
564.333 1869 5837
553.167 1925 5837
590.583 1754 5837
843.833 1642 5837
815.833 1627 5291
746.333 1445 5274
1029.5 1550 5291
503.3 1786 5274
540.05 1622 5274
694.55 1519 4728
535.333 1550 5124
556.833 1523 5024
562.333 1557 5274
536 1290 2431
823.5 894 2462
557 858 1991
1160 947 3289
599.5 1125 3936
443.05 941 2248
857 983 2740
759 742 2214
567.483 2323 8469
528.817 2378 8469
597.483 2241 8469
489.483 2433 8469
573.483 2280 8469
770.817 2083 8469
853.333 2019 8469
851.333 2074 8469
657.55 2105 8469
939.333 1972 8469
623.7 2118 8469
546.317 2062 7756
510.65 2268 7923
600.567 2052 7906
629.567 2102 7923
721.267 2042 7532
839.333 1983 7756
1044.83 1937 7923
847.333 1876 7656
820.167 1918 7730
1166.07 1933 7839


552.95 1413 6949
391.35 1634 6949
465.65 1544 6949
461.35 1599 6949
519.1 1474 6949
448.217 1608 7132
593.467 1561 7132
469.317 1581 7132
409.25 1731 7132
419.317 1629 7132
501.55 1580 7132
529.683 1977 7670
559.417 1859 7670
522.283 1996 7670
670.8 1770 7670
914.25 1757 7670
1324 1728 7670
552.017 1878 7670
525.4 2238 7678
632.9 1775 7670
566 2316 8216
573.4 2297 8216
617.033 2195 8216
579.033 2224 8216
1013.85 2598 8837
1322.67 2450 8837
1136.17 2478 8837
812.8 2673 8845
793.267 2705 8845
1081.23 1997 8216
525.25 2320 8216
646.55 2067 8216
1080.43 2795 9127
1077.37 2833 9383
913.917 3143 9383
972.733 2877 9127
1502.03 2756 9383
1471.37 2802 9383
1297.53 2804 9383
996.2 2874 9383
919.583 2915 9383
2116.7 2707 9383
1179.37 2832 9383
696 1297 6027
513 1321 6009
462.8 1328 6012
480.2 1327 6411
366.15 1503 6035
413.1 1372 6012
339.15 1555 6411
413.1 1436 6136
452.05 1491 6218
1021 1017 3337
1098 987 3337
905 1118 3337
273 243 897
352.5 266 922
273 210 0
184.1 495 897
250 248 0
183.15 514 922
184.1 462 0
250 295 988
561.333 1289 2639
779.5 1190 2737
698.5 1199 2737
591.5 1228 2737
322.4 762 2606
184.1 542 1885


467.567 1374 5877
471.867 1331 5986
485.7 1229 5986
451.2 1414 5986
518.233 1913 7179
675.067 1728 7179
556.067 1749 7179
534.067 1551 6616
331.567 1655 6616
375.317 1565 6616
364.867 1588 6616
483.1 2399 7179
501.967 1996 7179
507.483 1932 7179
495.1 2064 7179
2545 2254 7821
2111 2203 7191
1399.67 2320 7821
1525.17 2300 7821
1195.08 2422 7821
1218.53 2343 7821
1831 2272 7821
1268.17 2323 7821
1724.23 2847 8011
1705.07 2851 8011
2017.5 2807 8011
1080.2 2600 7821
1015.28 2862 8011
1083.67 2488 7821
1090.88 2439 7821
1078.48 2853 8011
273 210 0
250 248 0
280 917 1863
446.2 832 1863
363.933 899 1863
250 295 988
214 491 914
184.1 495 897
352.5 266 922
273 243 897
364 539 1862
183.15 470 0
184.1 462 0
288 622 1643
582 902 2265
412.5 959 2357
323.467 1415 5877
293.817 1553 5702
397.25 1380 5877
311.567 1551 4889
419.2 1052 5247
449.9 1162 5273
379.7 1191 5173
405.367 1154 5247
688.9 1032 2636
672.667 1033 2636
312.717 1359 5164
326.967 1338 4963


917.967 3132 8760
904.883 3188 8760
897.467 3212 8760
910.717 3145 8760
1463.57 2753 8760
1204.57 2813 8760
1155.32 2832 8760
2569 2487 8760
2408.5 2488 8760
2289.25 2529 8760
2332.5 2511 8760
2130.5 2535 8760
1987.7 2521 8252
904.133 3193 8760
891.633 3255 8760
928.75 2854 8760
1209.57 2691 8446
1427.57 2569 8504
1853 2567 8760
1750.17 2650 8760
1809.5 2568 8760
897.717 2943 8446
929.95 2846 8504
874.467 3014 8197
1349.4 2789 8760
1266.07 2613 7497
1306.12 2606 7497
1999.73 2481 7497
1553.07 2482 7497
1384.73 2512 7497
1420.57 2630 7820
581.933 2007 7027
760.417 1971 7027
871.233 2866 7838
273 243 897
208 354 0
273 210 0
250 295 988
250 248 0
208 376 363
184.1 462 0
184.1 495 897
683 849 3304
556.583 1293 4538
523.917 1313 4538
505.583 1429 4538
595.75 1190 4175
565.333 1089 3598
534.2 1108 3345
595.75 1177 3616
560.25 1198 3616
329.5 543 1460
435.667 1171 2568
522 816 2474
512 677 2042
322 611 1811
439 1106 2568
659.5 956 2568
486.667 1021 2568
540 997 2568


889.583 1760 7037
838.183 1786 7037
781.767 1805 7037
927.083 1750 7037
820.083 1798 7037
941.583 1737 7037
1377.5 1646 6674
1247.5 1728 6674
1363 1659 6674
1274.1 1695 6674
1297.1 1685 6674
493.267 2288 7667
501.367 2266 7667
516.833 2102 7667
853.133 1862 7667
752.467 1900 7667
847.783 1879 7667
846.333 1890 7667
697.367 1810 7037
637.583 1820 7037
456.767 1976 6778
443.667 2168 6727
629.083 1896 7037
517.75 1955 6778
450.467 2240 7104
526.883 1970 7443
550.033 1963 7440
539.733 1969 7667
496.55 1983 7491
541.883 1967 7440
534.383 1986 7667
584.883 2090 8380
590.233 2073 8380
561.633 2046 7817
705.75 1932 8017
556.283 2063 7817
711.1 1915 8017
663.25 2033 8017
675.417 2031 8017
1924.9 2395 8570
861.517 2941 9116
890.517 2817 9116
876.467 2931 9116
1500.92 2627 9116
1595.93 2531 9116
1093.42 2599 8570
554.55 2189 8380
987.033 1987 8380
727.333 2001 8380
721.983 2018 8380
1550.67 2592 8570
1372.92 2568 8486
1672.92 2518 8486
1154.42 2699 9116
1200.92 2677 9116
1012.08 2725 9116
1012.08 2706 9116
988.017 2777 9116
1206.27 2660 9116
352.5 222 0
214 491 914
183.15 470 0
250 248 0
208 354 0
250 295 988
208 376 363
352.5 266 922
183.15 514 922
606 1111 3429
432.867 1265 4308
375.25 1307 4308
466.867 1182 4308
540.25 1319 4356
515.55 1449 4356
715.767 1778 6298
693.433 1610 6148
771 971 1958
349.5 469 1837
386.75 1051 2115
321.65 1085 2115
329.75 1064 2115
308.55 1249 2115


572 599 1519
352.5 266 922
242 494 0
183.15 514 922
250 248 0
250 295 988
769.4 1548 3941
1084.7 1360 3875
846.6 1499 4076
886.6 1663 4815
891.6 1656 4815
1021.4 1603 4815
911.2 1637 4815
843.1 1697 4639
926.1 1638 5378
950.7 1612 5378
854.1 1700 5378
830.2 1780 5378
1356.2 1603 5378
931.1 1631 5378
1481.2 1593 5378
1529.2 1592 5378
1127.7 1483 4815
1122.7 1490 4815
1597 1468 4815
1343.4 1472 4390
344.167 872 3169
316.417 1106 3095
322 611 1811
852 753 2726
539 827 1998
719.5 1379 3176
680.667 1424 3176
924.667 1334 3176
1060.67 1314 3176
783 1336 3176
1178.25 1995 6254
1086.25 2096 6354
1686.5 2136 7278
1208.75 2153 7067
1277.25 2144 7067
1305.25 2095 7067
861.5 2162 7235
1376.25 1928 6529
1315.8 2030 6656
1488.25 2017 7067
1546.25 1981 7067
1395.15 2053 7067
1685.75 1979 7067
1316.83 2144 7278
1282.33 2179 7278
1267.83 2192 7278
1347.27 2160 7545
850.633 2372 9534
657.5 2402 9534
764.95 2381 9534
897.867 2283 9534
694.25 2393 9534
1266.38 2250 9534
1483 2163 9534
1441.8 2222 9534
756.667 2388 9534
1415.7 2236 9534
851.1 2351 9534
1018.2 2280 9534
792.833 2203 7832
733.583 2272 8996
712.5 2263 8904
603.75 2302 8645


579 654 1786
507 638 1727
521 689 1786
273 210 0
250 248 0
183.15 514 922
184.1 495 897
214 491 914
208 376 363
352.5 266 922
250 295 988
273 243 897
184.1 462 0
208 354 0
642.55 1542 3589
625.3 1036 3322
590.317 1612 4154
698.5 1455 4154
663 1567 4154
698 1475 4154
896.5 1417 4154
896 1437 4154
594.5 1380 3232
2093.67 2500 8984
1994.67 2527 8984
1863.5 2196 8446
1847 2268 8446
1834.17 2330 8446
1826.55 2351 8485
1820.55 2368 8485
858.9 2961 8848
902.233 2881 8848
918.3 2570 8848
909.25 2658 8848
907.8 2721 8848
1052.97 2509 8848
1067.75 2447 8848
984.55 2711 9104
975.5 2799 9104
909.817 2631 8848
1119.22 2650 9104
838.567 3355 9104
893.233 3239 9104
944.7 3180 9104
952.367 2994 9104
921.533 3233 9104
861.4 3253 9104
837.633 3105 8566
1610.73 2336 8446
1210.42 2531 8984
1142.08 2583 8984
1175.08 2556 8984
1205.42 2551 8984
1076.45 2625 8984
1090.75 2372 8848
990.217 2537 8848
1024.58 2196 7883
817.55 2429 8534
817.15 2653 8534
889 2149 7535
1010.75 2313 8310
904.633 2400 8302
566.5 1014 2100
528.667 1013 1910
473.5 912 1866
532.65 1058 1914
897.5 1020 2357
387.467 1213 3027
458.917 1212 3027
376.8 1284 3027
809.817 2747 4530
1247.67 1931 6005
1349.67 1847 6005
1133.67 2030 6005
1325.67 1898 6005
1149 1975 6005
1091 1971 4988
1131.5 1795 5442


826.867 2236 8252
774.583 2258 8252
818.783 2237 8252
584.6 2636 8252
626.35 2581 8252
1073.15 2412 8614
980.733 2460 8614
1128.32 2227 8622
1208 2186 8622
1658.5 1974 7233
1646.5 1986 7233
1596 2101 7233
1605 2080 7233
597.3 2452 7338
995.5 2127 7233
915.167 2128 7233
747.033 2131 7417
1366.6 2125 7417
604.3 2450 7996
671.733 2256 7889
632.7 2307 8252
757.883 2299 8252
729.367 2169 7689
592 2603 8252
569.6 2509 7706
896.583 2656 8885
873.533 2556 8809
1317.75 2355 9335
1301.75 2374 9335
990.4 2529 9335
916.767 2561 9335
974.4 2548 9335
1098.15 2452 9335
1080.4 2481 9335
1046.53 2522 9335
1064.4 2500 9335
824.067 2713 8959
1180.07 2439 9335
1218.57 2395 9335
1143.87 2447 9335
1521.62 2570 9698
1489.98 2582 9698
1052.3 3090 9954
957.133 3107 9954
907.533 2589 9698
796.433 2766 9698
858.483 2729 9698
859.2 2706 9698
885.833 3221 9954
1175.52 3044 9954
935.633 3190 9954
1056.47 3070 9954
1224.02 2764 9954
878.533 3392 9954
492 526 1101
250 295 988
502 639 1826
208 354 0
273 210 0
289.55 531 1801
208 376 363
184.1 462 0
250 248 0
273 243 897
184.1 495 897
587.667 1805 5350
633.667 1670 5350
535.583 1815 5350
637.667 1594 5350
1006.33 1555 5350
631.333 1743 5350
728.167 1593 5350
886.917 1558 5350
837.167 2079 6919
701 731 2540
550.5 888 2903
738 869 2903
522.25 831 2647
480.4 1605 3437
654.133 1392 3396
796.333 1236 3683
825 1229 3683
1045 1208 3683
795 1258 3683


208 376 363
250 248 0
250 295 988
419 443 1661
377.5 532 1836
283.5 591 1244
289.55 723 1443
352.5 266 922
214 491 914
208 354 0
288.4 724 1443
183.15 514 922
663 1391 3840
1146.5 1259 4564
696.167 1409 4564
892 1315 4564
1055.5 1307 4564
1098.5 1260 4564
1189 1091 3344
943 1150 3344
1045 1120 3344
747.5 1237 3344
583.667 868 2073
589 865 2210
491 881 2189
581 878 2224
651.5 739 2125
513 1018 2192
528.75 1384 2519
582 1085 2971
474.75 1125 2504
465.25 1624 6608
458.717 1814 6732
770.417 1663 6915
1042.17 1636 6915
1124 1670 7132
950 1447 6218
867 1536 6393
1223 1638 7132
1116.25 1952 8833
1351.58 1942 8833
1156.67 1803 8485
1427.33 1802 8485
1083 1775 8094
498.917 1924 7672
524.833 1807 7772
513.183 1935 7746
543.1 1723 7772
565.817 1696 7772
528.183 2117 8094
539.833 1989 8120
523.25 2058 8020
537.517 2069 8094
513.917 2106 8020
513.467 2139 8120
816 1689 7672
527.333 1723 7206
569.583 1962 8485
881.6 1877 8485
1077.58 1796 8203
587.85 1878 8485
1042.58 1869 8485
703.717 1783 8120
549.167 1941 8120
584.583 2144 8833
593.917 2096 8833
764.683 2018 8833
751.933 2059 8833
770.383 2001 8833


