468 204 0
238 218 0
258 318 432
295.5 282 924
238 266 266
372.333 570 1882
766 533 2223
666 401 1357
367 518 1773
644 431 1423
723 598 2498
429 489 1707
468 224 574
458 680 2673
468.5 650 2607
602.5 716 2899
654.833 1132 4738
571 817 3456
528.667 587 2146
342 581 1831
329 543 1523
428.5 583 2013
288 277 292
270 352 973
327.167 587 1882
494 259 783
545 470 1756
448 539 1822
365.333 858 2846
313.5 534 1216
394.333 765 2797
971 700 3072
777 582 2355
360 557 1839
643.667 777 3531
341.667 446 1698
351.333 578 1888
699 426 1632
358.667 657 2671
393.667 785 3031
418 785 3413
386.333 823 2948
387.667 719 2739
1239.67 2046 8023
344 445 1356
346 549 1781
443 846 3663
362.333 625 2444
957.667 1721 6618
438 588 2272
410 613 2547
446 602 2355
710.167 861 3963
436 769 3270
433 577 1955
491.5 583 2139
439.667 737 3043
332.667 504 1347
399.667 637 2564
648.5 699 2830
546.167 993 4371
311.333 545 1471
354.667 609 2070
402.333 841 3088
413 837 3522
339.667 601 1903
474.833 903 3814
2269.5 3990 10328
384.667 759 2754
406.667 605 2395
415.333 875 3588
471.333 720 3138
2814.67 3421 10775
410 877 3537
631.167 924 4151
368.667 757 2739
1169.17 2094 8173
457.167 939 3712
761.667 907 4087
1158.17 2015 7390
569.667 1292 4853
426.167 967 3712
1290.17 1732 7039
396.333 873 3103
585.667 930 4095
557.167 964 4446
923.5 737 3236
693.5 1065 4753
417.333 728 2827
1174.67 2062 7946
605 445 1440
454 743 3227
745 563 2289
410 876 3522
409.667 803 3171
2423 3102 9976
1570.17 2624 9302
381.333 851 2876
732.167 826 3754
367.167 915 2855
526.5 1035 4386
601.833 1070 4663
1054.17 1854 7200
887.5 1010 4710
973 1855 6717
1017.67 1780 6758
2091.83 3259 10077
1444.67 2009 8163
893 941 4179
945.333 1650 6558
353.333 656 2378
531.667 723 3178
520.5 996 4268
493.167 1042 4245
417.333 788 3043
1756.17 2525 9529
327.167 636 2174
358.167 886 2789
705.667 914 4044
545.333 984 4154
564.667 855 3826
975.667 1514 6016
1087 1647 6791
482.667 689 2748
859.5 2004 7140
711.167 1133 4819
795.667 1087 4793
602.167 1237 5160
771.833 1237 5361
2517 3011 9976
815 1600 6451
579 1125 4561
766.667 1260 5392
2423 3132 10558
717 953 4154
908.5 1464 5943
1224 1775 7024
1299.67 2180 8729
1316.17 1880 7607
1489.17 2318 8746
425.5 976 3629
803.667 997 4618
1152.5 1591 6683
2261 2864 9634
416.667 848 3537
729.333 1142 5051
978.667 1131 5295
1012 1024 4753
1211.67 1783 7257
1487.5 2108 8181
1153.83 2614 8488
1169.17 2074 7599
1369.5 1802 7282
924.5 1335 5943
931.333 1995 7140
745.667 1114 5002
750 637 2605
919.667 1206 5576
660 1405 5235
1596.67 2458 9046
979.833 1838 6725
715.5 1004 4526
984.667 1873 6824
855.667 1373 5900
751.333 1634 6308
1098.33 1819 7375
433.5 938 3646
392.667 874 3227
1799 1703 7282
621.667 1048 4495
542.333 906 3826
1130 1459 6158
809 1062 4644
736.667 890 4027
470 986 3826
458.167 1056 4495
356.833 789 2748
1001.5 2074 7564
852 1331 5634
610 807 3456
580.333 951 4136
894.5 1119 5003
877.5 1223 5344
938 1295 5650
1076.67 1682 6758
509.5 1012 4371
811.833 1231 5602
382.667 823 2830
587 742 3181
3260 4151 11965
657.833 1082 4710
374.833 872 3023
847 1023 4644
514.333 1000 3894
673 887 3987
799 1095 4945
367.167 964 3147
447 1054 4078
1308.67 1948 7607
534.167 1104 4512
725.333 1324 5617
1141 1793 7257
647.667 1157 4693
601.833 1470 5244
460.833 1042 3954
706 1513 5843
873.5 1466 5943
750.667 1375 5869
595.667 1160 5094
358.167 935 3081
443.5 1122 3996
1218.5 1778 6850
546.167 954 4004
842 1520 6466
569.667 959 4030
3143 3936 10977
790.5 1181 5309
720.667 1563 6081
747.667 1139 5069
1057.83 2506 8430
550.333 885 3801
1019.83 1422 5976
726.167 1222 5295
827 1039 4735
959.667 1081 4893
601 742 3322
1962 1930 7838
1531.5 2070 8206
1203.17 2311 8729
659.167 1169 5169
1248 1966 7607
761.5 944 4380
1436.67 2866 9910
624 807 3597
1081.5 1527 6517
681.333 1289 5559
563.667 1226 4561
660 988 4504
1396 1460 6316
579 878 3869
453 681 2690
986.667 1474 6132
649 1083 4710
651 919 4105


258 318 432
468 224 574
360 557 1839
238 218 0
394.333 765 2797
238 266 266
494 259 783
311.333 545 1471
288 277 292
270 352 973
332.667 504 1347
545 470 1756
362.333 625 2444
777 582 2355
295.5 282 924
353.333 656 2378
644 431 1423
429 489 1707
406.667 605 2395
354.667 609 2070
2841.67 3737 11232
341.667 446 1698
358.667 657 2671
699 426 1632
410 613 2547
351.333 578 1888
666 401 1357
313.5 534 1216
745 563 2289
468 204 0
605 445 1440
448 539 1822
482.667 689 2748
342 581 1831
428.5 583 2013
2774.67 3359 10808
367 518 1773
339.667 601 1903
344 445 1356
570 941 4010
750 637 2605
433 577 1955
392.667 874 3227
491.5 583 2139
2330.67 3436 10676
459.5 1193 4185
418 785 3413
327.167 636 2174
417.333 728 2827
329 543 1523
481.667 1059 4027
399.667 637 2564
387.667 719 2739
346 549 1781
443 846 3663
661.667 723 3178
384.667 759 2754
717 953 4154
652.333 1543 5401
679.667 931 4111
1321.33 2136 8038
425.5 976 3629
840.167 1534 6016
410 877 3537
416.667 848 3537
454 743 3227
749.167 852 3812
873.667 1017 4504
742.333 1122 5002
766 533 2223
439.667 737 3043
678.667 934 4151
438 588 2272
518.667 985 4134
1075 1369 5993
557.167 964 4446
648.5 699 2830
1983 3324 10384
1898 3123 9960
1040.83 1928 7063
477 1063 4219
2245.67 3235 10252
1005.83 2100 7304
327.167 587 1882
1067.83 1897 7129
450.667 1065 4093
595.667 1212 5043
1221 1556 6348
443.667 1020 3727
1368 2196 8087
834.167 1591 6158
1403.33 2222 8412
842.333 1032 4601
446 602 2355
1696.33 2178 8087
856.5 1811 6466
550.333 885 3801
409.667 803 3171
1276.83 2088 7995
762.667 1280 5200
457.167 939 3712
602.667 956 4153
410 876 3522
2409.67 3404 10808
368.667 757 2739
372.333 570 1882
730 890 4027
471.333 720 3138
1032.17 1937 7704
976.667 1789 7037
484.833 1104 4371
2062 3292 10516
894.833 1281 5574
2371.83 3171 10209
402.333 841 3088
393.667 785 3031
532.5 1274 5051
794 909 4030
1128 2228 8021
1349.33 2522 8520
640.667 1074 4936
738 1062 4893
597 910 4076
971 700 3072
2494 3625 10940
1331.17 2936 9137
895 1120 5003
413 837 3522
472.333 1063 4078
1411.17 2988 9528
1269.17 2727 8621
567.167 1648 5576
876.833 1792 6466
386.333 823 2948
1215.17 2878 8996
949.667 1820 6971
801.333 1691 6254
634.667 1139 5000
640.833 1571 5369
1871.83 2994 9934
1963 3102 10026
2310.67 3214 10318
466.5 1555 4459
2390.33 3274 10516
714.833 2063 6208
1258.17 2414 8428
1012.33 2240 7433
1364.5 1528 6326
1155 2197 8087
877 1571 6466
468.5 650 2607
1279.83 2827 9045
746.5 2120 6867
1850.67 2131 8053
2112 3270 10318
1310.5 2641 8753
1233.17 2742 8697
1370 3097 9620
814.167 1222 5295
1328.67 1439 6190
847 1041 4641
602.5 1616 5601
1195 1504 6198
1434.67 2817 9401
731 887 3987
478.833 1392 4836
1652.83 2604 8961
1184.67 1632 6900
967.333 1263 5574
1074 2700 8121
742.5 1972 6508
2047 3291 10252
1005.17 1285 5843
696.5 1282 5295
356.833 789 2748
1498.67 2996 9917
2064.33 2642 9211
745.167 1283 5548
1109.67 1769 6988
686.833 1862 6018
1635.83 2772 9536
679.833 1363 5384
1957.33 2706 9444
1178.83 2833 8679
723 598 2498
756 1046 4750
1736 2660 9211
562.333 1169 4551
1415 1282 5633
1014.33 2115 7329
800.667 1242 5295
925 1593 6697
749.667 1495 5914
738.667 2049 6084
620.667 1727 5736
1076.17 2275 8287
878 1224 5344
842.833 1656 6184
1418 1947 7779
709.333 1052 4650
1629.83 2929 9693
696.5 2050 6084
559.5 1456 5111
473.5 1527 4818
1288 2177 8038
668 1408 5335
1964.83 2955 9934
918 1813 6592
1739.33 3066 9920
578 1113 4876
570 1204 4985
2822.33 3607 10940
910.833 2009 7022
1727 2880 9628
1196.83 2069 7946
486.5 716 2899
605 1082 4942
1768 3160 10144
1240 2828 9045
589 883 3748
546.167 993 4371
823.167 1924 6656
1343.5 2709 9309
758.333 1268 5135
596 1097 4733
571 817 3456
738 1121 5000
1140.33 2051 7944
725.5 1136 4945
474.833 903 3814
1747 2779 9543
495.167 1057 4495
488.167 1086 4495
1256.33 1873 7356
2035.33 2692 9436
782 1018 4552
2243 2659 9343
477.167 1261 4251
1208 1554 6308
869.833 1625 6250
1140.33 2414 8313
1750 1934 7838
508.5 1288 4510
1430 1507 6358
490.833 921 3954
1892.33 2727 9378
458 680 2673
671.5 1494 5460
1383.17 2243 8787
2101.67 2845 9960
1545.33 2179 8087
597 1173 5051
982 1163 5501
760.5 1135 5020
903.167 1439 5958
586.667 934 4093
534.167 1104 4512
789.667 1249 5266
452 1002 3969
426.167 967 3712
2403.67 3175 10318
1858.67 2127 8437
884 1214 5359
797.667 1587 6033
415.333 875 3588
621.667 1048 4495
877.167 1238 5368
643.667 777 3531
761 1605 6181
1169.5 1524 6173
834.333 1386 5918
578 1172 4983
356.833 838 3040
799 1095 4945
2384.33 3045 10026
1207.5 1465 6173
1303.5 1534 6474
914.667 1992 7212
451.833 1038 3894
2056 3063 10026
730.667 928 4096
730 1153 5002
449.333 1092 4144
624 807 3597
1154.83 1779 7314
1511 2847 9503
385.833 926 3597
569.667 1131 4634
585.167 955 4085
530.167 1211 4927
2022.67 2619 9054
1501 1465 6251
465.5 1386 4328
488 996 3938
436 769 3270
1683 2388 9011
444 1093 4078
774.333 1254 5344
496.167 994 4371
1988.33 2810 9727
610 807 3456
876.667 1268 5525
453 681 2690
433.5 938 3646
1074.17 1559 6224
952.667 1382 5975
737 944 4380
518.5 1028 4429
417.333 788 3043
576.667 1176 5000
747.667 1139 5069
892 1471 5941
877.333 1290 5900
683.167 1291 5900
601 742 3322
603 1174 5126
1007 1396 6066


295.5 282 924
468 204 0
448 539 1822
468 224 574
372.333 570 1882
238 266 266
644 431 1423
605 445 1440
832.5 2303 6018
288 277 292
745 563 2289
1298.67 2906 7849
327.167 636 2174
313.5 534 1216
723 598 2498
429 489 1707
666 401 1357
367 518 1773
766 533 2223
329 543 1523
341.667 446 1698
923.5 737 3236
494 259 783
368.667 757 2739
238 218 0
446 602 2355
1578.67 2223 7838
750 637 2605
394.333 765 2797
346 549 1781
438 588 2272
365.333 858 2846
387.667 719 2739
358.667 657 2671
335.667 531 1181
545 470 1756
433 577 1955
344 445 1356
468.5 650 2607
410 876 3522
2222 2842 9453
258 318 432
270 352 973
399.667 637 2564
384.667 759 2754
416.667 848 3537
311.333 545 1471
621.667 1048 4495
457.167 939 3712
435.667 884 3580
443 846 3663
382.667 823 2830
387 933 3089
491.5 583 2139
362.333 625 2444
1023 1384 5766
406.667 605 2395
740.667 1507 5499
1637.67 2338 8157
417.333 788 3043
732.167 826 3754
354.667 609 2070
722.667 1273 5344
713.5 1427 5427
413 837 3522
417.333 728 2827
410 877 3537
382 846 2746
622.667 807 3597
339.667 601 1903
471.333 720 3138
353.333 656 2378
360 557 1839
418 785 3413
458 680 2673
517 1044 4185
409.667 803 3171
410 613 2547
1853.83 3018 8968
975.5 1912 6832
381.333 851 2876
699 426 1632
1077.83 1833 6557
557.167 964 4446
648.5 699 2830
402.333 841 3088
1089.5 1468 6198
717 953 4154
1579.67 2353 8156
1029 1451 5900
327.167 587 1882
848.667 1478 5651
1095.67 1369 5927
482.667 689 2748
367.167 964 3147
342 581 1831
585.667 930 4095
358.167 935 3081
495.167 1057 4495
571 817 3456
604.667 1175 4502
546.167 993 4371
428.5 583 2013
425.5 976 3629
392.667 874 3227
755.167 1403 5419
367.167 915 2855
358.167 886 2789
1033 1380 5975
460.833 1032 3788
374.833 872 3023
689.167 891 4029
794 909 4030
484.5 1010 3806
1093.67 1679 6700
924.667 1304 5683
1005.67 1222 5295
531.667 723 3178
538.167 1014 4337
384.833 821 2923
490.833 921 3954
392.667 1052 3293
1597 2073 7774
414.167 1004 3637
999.5 1513 5983
899 1296 5625
469.667 1101 4136
703.5 1315 5344
1909.83 3171 9278
444 1093 4078
526.5 1035 4386
686.667 1344 5092
656 1394 5353
850.167 1451 5643
580.333 951 4136
971 700 3072
623.667 1048 4878
415.833 1120 3830
1287.17 1795 6867
1450 1936 7513
729 1130 5002
2487 3603 9487
665.167 1332 5084
1087.33 1794 6534
646.5 1047 4510
1219 2117 7441
2578 3281 10001
1182 1144 5060
351.333 578 1888
717.5 1600 5900
1029.5 1835 7142
1238.5 2004 7599
1990.67 2673 8963
454 743 3227
729.167 1035 4568
1396.67 2479 8112
1947 3044 9411
2336.33 3623 9910
608.667 1104 4512
2021 2279 8031
1245 1738 6850
1180.33 2285 7774
443.5 1122 3996
1618 2370 8847
1405.33 2442 8356
550.333 885 3801
1537.5 2362 8265
882 1316 5353
3058.5 4116 11525
762.5 1347 5559
696.5 1253 5077
1601 2350 7971
582.667 1218 4721
800.167 1547 5927
452 1080 4076
1229.5 1673 6540
973.833 1526 5894
439.667 737 3043
536.167 1027 4202
532.667 913 4078
979.167 1400 5785
553 1239 4770
701.333 1533 5611
899 1033 4650
436 769 3270
671.667 1262 5026
588 1188 4510
1208.67 1473 6268
1352.67 1652 6557
418 1232 3996
847.833 1557 6532
634.5 777 3531
983.333 1547 5943
1128.67 1344 5708
713.667 1223 5295
2206.67 2755 9079
601 742 3322
1033.17 1285 5541
914.5 1143 5051
2566.5 3465 9604
731 887 3987
609.167 1095 4553
2045 3255 9444
660 988 4504
737 944 4380
494.5 1053 4144
1310 1658 6824
396.333 873 3103
624.5 681 2690
481.667 1059 4027
358.667 835 2737
1664.67 1956 7629
1599 1967 7722
1330 2071 7731
927.667 1269 5332
2847.5 3742 11259
1919.67 2286 8023
710.333 1518 5448
1041.17 1347 5691
767.5 861 3963
1204.33 2109 7254
1359.67 2362 7997
597 910 4076
740.667 937 4153
727.667 879 3835
928 1190 5157
845.167 1205 5152
1023.67 1523 6416
888 1325 5458
856.333 1180 5109
631.167 924 4151
426.167 967 3712
378.167 866 2957
459.5 1193 4185
393.667 785 3031
386.333 823 2948
1437.67 1952 7166
591.167 1181 5002


238 218 0
238 266 266
270 352 973
644 431 1423
468 204 0
258 318 432
545 470 1756
360 557 1839
494 259 783
699 426 1632
351.333 578 1888
429 489 1707
384.667 759 2754
468 224 574
346 549 1781
341.667 446 1698
399.667 637 2564
448 539 1822
372.333 570 1882
745 563 2289
446 602 2355
605 445 1440
410 613 2547
418 785 3413
288 277 292
750 637 2605
666 401 1357
413 837 3522
313.5 534 1216
624 807 3597
761.167 1072 4936
1228.33 2077 7905
387.667 719 2739
311.333 545 1471
723 598 2498
406.667 605 2395
362.333 625 2444
415.333 875 3588
582.667 934 4151
749.167 852 3812
2147.5 3081 9886
775.667 1564 6226
368.667 757 2739
804.167 1173 5253
394.333 765 2797
482.667 689 2748
3003 3327 10517
354.667 609 2070
634.5 777 3531
471.333 720 3138
847 593 2330
358.667 657 2671
1159.67 1892 7332
353.333 656 2378
295.5 282 924
426.167 967 3712
367 518 1773
552.833 960 4237
329 543 1523
737 944 4380
339.667 601 1903
410 877 3537
729 1356 5477
766 533 2223
694.667 988 4504
438 588 2272
572.667 1496 4951
2149.33 3151 10294
342 581 1831
332.667 504 1347
458 680 2673
2733 3100 9935
571 817 3456
610 807 3456
468.5 650 2607
344 445 1356
906.167 1295 5533
971 700 3072
1879.33 2924 9712
753.833 1886 6417
601 742 3322
433.5 938 3646
1388 2310 8297
2063 2587 9852
812.667 1118 5060
382.667 823 2830
433 577 1955
494.833 1095 4012
1131 1166 5369
1658.5 1791 7206
648.5 699 2830
417.333 728 2827
443 846 3663
409.667 803 3171
631.167 924 4151
803 1354 5909
602.667 956 4153
653.167 1393 5460
725.667 1287 5411
1402.5 2100 8297
579 878 3869
1389.17 1803 7140
3087 3596 11007
327.167 636 2174
1203.33 1816 7171
831 1499 6168
557.167 964 4446
633 899 3884
597 910 4076
1446.67 2075 8348
666.667 1296 5419
732.167 826 3754
1026 2071 7473
622 931 4111
839 1131 5295
755.667 1263 5353
491.5 583 2139
834.167 1149 5195
792.5 1524 5959
778 1285 5419
744 1486 5858
518.5 1028 4429
585.667 930 4095
546.167 993 4371
457.167 939 3712
387 933 3089
587 742 3181
495.167 1057 4495
1477.5 2005 7771
675.167 1094 5002
760.333 1321 5668
358.167 935 3081
569.333 1125 4561
1676.83 2443 9504
570.333 1094 4553
990.167 1688 6848
1277.67 2107 8181
356.833 838 3040
614.667 1178 4985
528.667 587 2146
761.667 907 4087
418 1232 3996
1563.67 1976 7924
1348.67 2445 8447
897 1561 6425
600 1167 4900
782 1018 4552
638 953 4154
1255 2053 8029
436 769 3270
1097.5 1267 5601
1512.5 2292 8720
384.833 821 2923
564.667 1158 4536
367.167 964 3147
392.667 1052 3293
484.5 1010 3806
821 1230 5367
1080.33 1676 6966
803.667 997 4618
1067.5 1291 5659
1106.67 2843 8330
901.333 1849 7000
766 1449 5941
721.5 1619 5809
1438.67 2279 8614
1746.67 2046 8348
591.333 1204 5344
1505.67 1795 7381
1372.17 1777 7082
710.167 861 3963
1611.67 1938 7980
829.5 1210 5493
1432.33 2310 8322
1497.67 1743 7056
453 681 2690
1103.67 2229 8147
585.167 1253 4785
1414 2059 8055
1376.33 1772 7088
1260.5 1790 7022
1370.67 2052 8023
1865.67 2475 9529
1096 2030 7565
901 1868 7255
1550.67 2143 8506
727.167 887 4021
1079.17 1817 7082
1096.17 1843 7140
1863.67 2164 8930
1072.33 1688 7000
1514.83 2344 9080
711.5 1368 5601
640.667 1074 4936
1266.67 1515 6641
722.5 1814 6308
770 1527 6018
852 1184 5353
990 1799 7000
1061.5 2093 7565
1308.67 1539 6658
1359.67 1814 7548
660.833 1381 5385
1075.67 1312 5876
1323.67 1640 6733
842 1566 6724
1171.67 1361 6001
1582.5 2166 8930
1921.67 2432 9420
1045.67 1466 6333
774 1709 6142
1077.67 1919 7424
788.667 1827 6615
1178.67 1831 7599
1231.67 1659 6739
745.5 1469 5941
765.833 1342 5769
1207.67 2051 7897
486.5 716 2899
752.5 1393 5769
490.833 921 3954
695 1755 5834
824.667 1333 5975
719.333 1659 6059
789.5 1366 5918
402.333 841 3088
1347 1824 7456
1599.67 1954 7972
443.5 1122 3996
496.167 994 4371
612.5 928 4096
807.667 1432 5926
872.5 1327 5751
1508 2266 8571
876.5 1413 6193
728.667 1588 5832
560 1256 4554
531.667 723 3178
1166 1894 7674
761 1753 6491
1049 1827 7017
1029.67 2051 7389
1050.33 2112 7548
1541.5 1611 6764
623.667 1048 4878
707 1342 5452
1264.33 2010 7924
707 1609 5766
761 1409 5851
713 1839 6183
396.333 873 3103
1454.67 2430 8947
757.667 1867 7017
923.833 1557 6724
1034.83 2115 7697
1359 1808 7490
986.667 1791 6848
1435.67 2038 8121
1050.33 2156 7972
949 2079 7338
809 1584 6326
857.333 1840 6966
932 1750 6733
525.667 943 4144
770.5 1609 6117
1119.5 1915 7423
763 1347 5751
1444.83 2099 8139
1431.67 1758 7148
1066.67 2232 8147
679.667 1490 5568
327.167 587 1882
1115 1889 7274
356.833 789 2748
845.667 1767 6790
1172 1870 7424
721.5 1580 5743
1994 2400 9420
739.333 1287 5419
841.5 1470 6340
1273.67 1939 7697
1117.67 1839 7157
487.333 743 3227
567 1363 4568
682.5 1486 5585
1123 1410 6268
1056 1184 5435
973.333 1326 5777
2014 2750 9685
1350.5 2193 8296
773 1430 5860
1078 1943 7447
1330.67 1976 7723
977.333 1532 6450
580 1308 5045
847 1267 5510
717.333 1704 5918
418 1183 3704
765.667 1808 6549
1011 1312 5768
783 1595 6574
1042.67 1661 6824
975 2459 7406
988.333 2481 7515
1142.67 2078 8121
748 1443 5642
702.667 1445 5468
399.333 1075 3402
410 876 3522
564.667 913 3668
1264.67 1660 6908
760.667 1832 6666
663.5 1139 5069


344 445 1356
258 318 432
468 224 574
468 204 0
332.667 504 1347
429 489 1707
2854 3241 9843
605 445 1440
666 401 1357
644 431 1423
238 266 266
288 277 292
766 533 2223
491.5 583 2139
448 539 1822
2742 3290 9843
433 577 1955
777 582 2355
313.5 534 1216
351.333 578 1888
482.667 689 2748
238 218 0
270 352 973
367 518 1773
295.5 282 924
745 563 2289
699 426 1632
360 557 1839
676 1507 5967
329 543 1523
2572.67 3978 10184
750 637 2605
1068 1697 6634
1207 1469 6049
428.5 583 2013
362.333 625 2444
454 743 3227
494 259 783
342 581 1831
704 1742 6399
545 470 1756
1022 737 3236
358.667 657 2671
311.333 545 1471
341.667 446 1698
410 613 2547
794 1658 6326
384.667 759 2754
346 549 1781
354.667 609 2070
439 768 2827
399.667 637 2564
406.667 605 2395
372.333 570 1882
997.667 2128 7537
396.333 873 3103
971 700 3072
2236 2728 9368
436 769 3270
339.667 601 1903
953 924 4151
723 598 2498
1419 1616 6539
1691 2155 7978
457.167 939 3712
443 846 3663
327.167 636 2174
409.667 803 3171
2123 2758 9661
439.667 737 3043
387.667 719 2739
2215 2757 9368
700.667 1017 4667
353.333 656 2378
2854 3290 10135
416.667 848 3537
1135.17 1767 6866
1105.33 2080 7349
1323.67 2251 7848
671 910 4076
1227 904 4085
637 901 3888
1531.5 1862 7373
550.333 885 3801
415.333 875 3588
438 588 2272
1742.67 2378 8429
532.667 913 4078
1719.67 2590 8894
486.5 716 2899
426.167 967 3712
368.667 757 2739
885.167 1523 5976
1208.67 1478 6483
1604 2058 7763
567.667 1086 4733
760.167 1065 4753
1129.17 1257 5766
1168 1095 4945
446 602 2355
869 908 4030
394.333 765 2797
468.5 650 2607
1497.33 2347 7915
595.667 1357 4936
1219.67 1460 6098
1392 1661 6964
327.167 587 1882
1700.67 1997 8147
471.333 720 3138
458 680 2673
453 681 2690
410 877 3537
356.833 838 3040
571 817 3456
594.167 1299 4842
458.167 1056 4495
534.167 1104 4512
552.833 960 4237
1146.83 2367 8198
501 699 2830
488 996 3938
998.667 1768 6555
418 785 3413
828.667 1402 5975
1056 1375 5918
622.667 807 3597
663.5 1139 5069
948.5 1184 5516
433.5 938 3646
557.167 964 4446
653.667 1076 4692
2075 2529 8812
1089 1533 5991
528.667 587 2146
635.667 1151 4942
1391.5 1884 7749
707 957 4202
673 887 3987
1172.5 1610 6532
1280.33 1891 7247
1132.5 1930 7349
634.667 1052 4650
525.667 943 4144
413 837 3522
601 1080 4927
1129 1531 6124
589.333 1389 4994
546.167 993 4371
717 953 4154
896.667 2162 7706
388.667 829 2780
487.833 1052 3762
579 878 3869
891.5 1196 5332
566 1378 4985
518.5 1028 4429
748.333 1222 5295
425.5 976 3629
704 996 4652
1847 3474 9011
410 876 3522
1609.33 2164 8145
490.833 921 3954
601 742 3322
2097.67 2803 9320
835 1226 5625
1890 2749 9105
1784.33 2339 8420
859.667 1388 5952
713.667 1223 5295
2351 2755 9410
941.5 1797 6973
1094.33 2109 7274
1305.67 1996 7713
1952 3090 9810
1446.17 2391 8364
402.333 841 3088
768 852 3812
596 1372 5028
356.833 789 2748
1385.33 1865 7563
660 988 4504
2211 2527 8854
607.333 1384 5124
1203 1573 6474
601.667 1308 5045
669.833 1564 5809
1167.33 1908 7223
683 1082 4942
1771.67 2513 8779
708.667 1279 5302
916.5 1737 6468
2337 2710 9120
738.667 1046 4692
974.5 1562 6350
1303 1440 6098
1122.5 1655 6524
588.167 1448 5135
734 826 3754
1099.67 1571 6425
792 909 4030
663.667 1562 5719
714 1108 4985
651 919 4105
1172 2139 7839
643.333 1425 5676
629 1355 5541
564.667 1158 4536
1553.67 2245 8295
385.833 926 3597
622 931 4111
634.667 1171 5210
1354.83 2411 8256
1544 2194 7948
2298 2638 8920
599.833 1427 5086
737 944 4380
2477 2938 9676
496.167 994 4371
2959 3658 10632
934 1606 6059
1375.17 1618 6699
1477 1631 6964
1240 1643 6549
1023.83 1730 6517
888.333 1926 6408
700.833 1305 5852
2421 2685 9410
1220.33 1716 7073
699 1405 5682
634.5 777 3531
1250.83 2428 8772
1506.67 2341 8304
1003 1681 6374
978 1336 5892
1336 1733 7332


258 318 432
468 224 574
295.5 282 924
288 277 292
644 431 1423
344 445 1356
329 543 1523
358.667 835 2737
346 549 1781
468 204 0
777 582 2355
332.667 504 1347
372.333 570 1882
394.333 765 2797
360 557 1839
545 470 1756
458 680 2673
491.5 583 2139
468.5 650 2607
745 563 2289
399.667 637 2564
429 489 1707
238 266 266
238 218 0
433 577 1955
448 539 1822
494 259 783
666 401 1357
313.5 534 1216
384.667 759 2754
446 602 2355
387.667 719 2739
723 598 2498
367 518 1773
380.5 1150 3104
341.667 446 1698
699 426 1632
339.667 601 1903
457.167 939 3712
362.333 625 2444
358.667 657 2671
311.333 545 1471
354.667 609 2070
438 588 2272
750 637 2605
410 613 2547
368.667 757 2739
417.333 788 3043
410 877 3537
443 846 3663
471.333 720 3138
557.167 964 4446
971 700 3072
797.167 1491 5734
1196.17 2496 7872
2738.83 3619 9803
406.667 605 2395
436 769 3270
2243.5 3728 9793
396.333 873 3103
439.667 737 3043
605 445 1440
409.667 803 3171
418 785 3413
270 352 973
382.667 823 2830
2149 2535 9245
2008 2881 9204
342 581 1831
413 837 3522
766 533 2223
2708 3815 10042
410 876 3522
402.333 841 3088
601 742 3322
454 743 3227
910.5 1223 5516
490.833 921 3954
700.667 1017 4667
916.167 940 4171
1034.67 1541 6268
1572 1772 7266
552.833 960 4237
1466 1856 7240
2754.83 3821 10293
792 1118 4960
327.167 636 2174
634.5 777 3531
1363 1924 7275
945 1607 6426
1397.33 1912 7357
482.667 689 2748
871 1390 5734
1965.17 2967 8995
673 887 3987
1131.33 1354 6000
622.667 807 3597
387 933 3089
1680.67 2391 8264
567.667 1086 4733
965.667 1387 5884
727 1161 5012
1089.33 2127 7631
1664.5 2123 8182
1076.33 1386 6115
1284.83 2208 8182
453 681 2690
928 1322 5743
891.667 1436 5884
427 1261 4062
822.667 1504 5869
647.333 1227 4960
451.667 1253 3955
623.5 1293 4853
782.333 1446 5584
1083.33 1459 6526
1206.5 2439 8190
809 1242 5319
647.333 927 3987
486.5 716 2899
356.833 838 3040
496.167 994 4371
660 949 4171
1033.67 1981 7082
660 988 4504
864.833 1346 5419
787.333 1530 5760
416.667 848 3537
725.5 1136 4945
846.667 1613 6118
1160.33 1958 7324
1185.67 1925 7791
921.667 1175 5353
327.167 587 1882
1121.67 1881 7266
648.5 699 2830
714.667 1223 5295
792 1544 6084
2245.67 2880 9734
866 1340 5385
488 996 3938
983.667 1666 6658
948.5 1184 5516
1713 1887 7591
384.833 821 2923
550.333 885 3801
636 1057 4570
425.5 976 3629
445.833 1045 3823
777 1138 4960
1807.83 2690 8938
739.5 1405 5452
651 919 4105
887 1321 5668
857.667 1948 6951
837.167 1456 6018
1301.5 1724 6867
908.167 1169 5195
966.833 1870 6833
1294.33 2528 8456
1029.83 1732 6701
1012.67 1740 7042
703 1244 5344
767 1402 5419
511.167 1108 4537
737 944 4380
735.333 1086 4954
998.667 1932 6864
1073.67 1594 6584
458.167 1056 4495
2753.33 3482 9945
1660 2381 8262
1424.33 2488 8672
635.167 1272 4804
1210.83 2356 8055
607.667 947 3970
671 910 4076
589 883 3748
855.667 1697 6609
883.5 1334 5601
1550 2615 8836
428.5 583 2013
656.167 1205 4894
493.167 1042 4245
773.833 1368 5518
910 1129 5129
622.667 903 3814
828.5 1366 5716
659.167 1169 5169
678.667 934 4151
794 909 4030
589 1344 5344
569.667 959 4030
744.667 1571 5809
2086.67 2684 8985
682.667 1508 5726
1117.33 1944 7232
2798.83 3676 10359
611.667 1391 5402
571 817 3456
1391.67 1810 7082
351.333 578 1888
518.5 1028 4429
852.5 1495 6084
970.5 1350 5809
1532 2176 8106
661.667 723 3178
1569 1568 6633
1235.33 2298 7981
826 1437 5952
528.667 587 2146
791.333 997 4618
628.667 1061 4584
432.5 1057 3772
969 2027 7441
803.333 1416 5625
1512.33 2625 8836
1044.5 1336 5952
1001.5 1563 6509
2284.67 2839 9501
2238.33 2930 9251
636.167 1231 5103
943.667 1149 5195
758 865 3752
426.167 967 3712
551.667 1224 4787
944 1253 5677
855.667 1996 7275
766 879 3835
1265.5 1301 5900
1984.17 2850 9102
806.667 1665 6385
2758.17 3662 10083
1965.17 3014 9485
1423.33 1842 7156
830 1615 6584
415.333 875 3588
434.667 1169 3938
1635 1447 6265
833 1173 5253
1959 2503 8860
404.5 1074 3889
1046 1488 6076


295.5 282 924
238 266 266
238 218 0
258 318 432
342 581 1831
468 224 574
360 557 1839
468 204 0
1330.17 2404 7922
605 445 1440
1202.33 2195 7690
372.333 570 1882
351.333 578 1888
528.667 587 2146
344 445 1356
406.667 605 2395
358.667 657 2671
329 543 1523
270 352 973
367 518 1773
311.333 545 1471
947 1846 6316
384.667 759 2754
288 277 292
341.667 446 1698
417.333 788 3043
448 539 1822
346 549 1781
362.333 625 2444
644 431 1423
666 401 1357
745 563 2289
1123.67 1768 6698
429 489 1707
766 533 2223
353.333 656 2378
416.667 848 3537
745 1373 5683
399.667 637 2564
387.667 719 2739
313.5 534 1216
454 743 3227
468.5 650 2607
354.667 609 2070
661.667 723 3178
368.667 757 2739
545 470 1756
417.333 728 2827
425.5 976 3629
339.667 601 1903
491.5 583 2139
458 680 2673
410 613 2547
847 593 2330
494 259 783
394.333 765 2797
433 577 1955
327.167 636 2174
571 817 3456
436 769 3270
439.667 737 3043
396.333 873 3103
327.167 587 1882
402.333 841 3088
699 426 1632
750 637 2605
794 909 4030
410 876 3522
482.667 689 2748
1158 1692 6641
443 846 3663
749.167 852 3812
971 700 3072
1015.67 2260 6450
717 953 4154
732.167 826 3754
585.667 930 4095
457.167 939 3712
857.5 1160 5078
762 1193 5117
743 1370 5402
899 1402 6041
1393.83 2262 7882
409.667 803 3171
458.167 1056 4495
660 1545 6084
731 887 3987
730 890 4027
426.167 967 3712
2039.17 2560 8629
723 598 2498
829.5 1289 5851
433.5 938 3646
2440.67 3531 9851
601 1080 4927
948 1184 5359
681.5 1154 4945
833 1590 6268
1527.17 2205 7740
532.667 913 4078
793 1072 4936
525.667 943 4144
671 910 4076
415.333 875 3588
653 1468 5175
634.5 777 3531
631.167 924 4151
737 944 4380
602.667 956 4153
358.667 835 2737
657.167 1383 5344
735.333 1152 5068
1113.83 2020 6774
767.5 861 3963
1234.33 2058 7590
534.167 1104 4512
413 837 3522
601 742 3322
683.333 899 3884
765 1332 5485
418 785 3413
410 877 3537
870 1028 4812
660 988 4504
840.5 1264 5419
1397.67 1502 6534
566.833 1082 4512
637 901 3888
1602.5 1881 7290
757 891 4029
904 1173 5117
550.333 885 3801
2635 3449 9851
2359.33 3195 9727
1004.5 1966 6431
1428.5 2615 8355
382.667 823 2830
1357.67 2192 7698
564.833 1228 4570
995.5 1301 5975
1438 1750 6824
1662 1535 6574
446 602 2355
471.333 720 3138
829 1469 5900
1068.67 1810 6383
613 1342 5117
784 1003 4537
760.5 1135 5020
2584 3057 9585
1590 1559 6824
651 919 4105
456.333 1062 4078
399.333 1075 3402
1012.5 1197 5634
557.167 964 4446
1729 1364 6483
1919 2045 8304
841 1450 6268
2656 3506 9917
757.333 1214 5126
998.5 1589 6284
2431 2757 9194
490.833 921 3954
540.333 993 4371
1444.5 1895 7456
815 1503 5694
402.667 974 3295
640.667 1074 4936
766.333 1183 5192
579 878 3869
1528 2203 7714
501 699 2830
492.167 1273 5051
622.667 807 3597
930.667 1885 6365
438 588 2272
486.5 716 2899
332.667 504 1347
1094.5 1868 6658
1882 3363 9710
772.333 1200 5295
920 1239 5785
1542 2190 7698
1132.17 1594 6450
1571 1970 7698
2455.5 3588 9917
1143.67 2564 8105
1686.5 2030 7846
1121 1772 7175
1219.67 1682 6516
742.333 1122 5002
762.167 1094 5002
568.167 1047 4576
1069.5 2123 6866
1106.33 2024 6915
1679.5 2563 9078
449.333 1092 4144
1594.67 2184 7714
443.5 1122 3996
1489.67 2450 8588
453 681 2690
1830 2265 8597
484.5 1010 3806
1512.5 1946 7565
356.833 838 3040
2609 3163 9651
1023.67 1942 6706
1152.67 2161 7630
496.167 994 4371
367.167 964 3147
1619.5 2053 8187
1088.5 2295 6950
1998.67 2804 9444
358.167 935 3081
809 1114 5051
1214 2212 7698
2292.67 3375 9727
683 1082 4942
2744.67 3989 11006
488 996 3938
1498.17 2227 8163
1353.5 1636 6592
736.667 1125 5017
2313 3699 10084
1088.5 2326 7549
1436.5 1985 7631
543.5 1229 4927
1834.67 3025 9154
623.667 1048 4878
612.5 928 4096
518.5 1028 4429
2455.5 3637 10209
575.167 1017 4510
692 1243 5344
630.167 1198 5069
404.5 1074 3889
1088.17 1771 6299
2864.33 3986 10981
1095.67 1784 6359
2457 3790 10425
786 1124 5051
807.167 1990 6144
2651.33 3708 10425
840.167 1539 6102
707 957 4202
877.5 1223 5344
1661.5 2103 8414
1011.17 2345 7615
899.5 1311 5900


346 549 1781
468 224 574
270 352 973
238 218 0
288 277 292
666 401 1357
468 204 0
238 266 266
448 539 1822
644 431 1423
360 557 1839
372.333 570 1882
332.667 504 1347
313.5 534 1216
494 259 783
545 470 1756
341.667 446 1698
406.667 605 2395
399.667 637 2564
605 445 1440
351.333 578 1888
384.667 759 2754
362.333 625 2444
353.333 656 2378
699 426 1632
311.333 545 1471
554 689 2748
382 846 2746
745 563 2289
750 637 2605
446 602 2355
358.667 657 2671
354.667 609 2070
333 588 1822
342 581 1831
804 1570 5749
634.5 777 3531
387.667 719 2739
388.667 829 2780
295.5 282 924
258 318 432
329 543 1523
429 489 1707
394.333 765 2797
365.333 858 2846
410 613 2547
624 807 3597
766 533 2223
460.5 1099 3753
454 743 3227
601 742 3322
439.667 737 3043
597.333 1289 4636
367 518 1773
588 1260 4619
344 445 1356
1029.67 1380 5785
438 588 2272
368.667 757 2739
723 598 2498
528.667 587 2146
433.5 938 3646
777 582 2355
436 769 3270
1099 1584 6508
418 785 3413
517.167 992 3721
491.5 583 2139
410 876 3522
426.167 967 3712
471.333 720 3138
433 577 1955
757 891 4029
618.5 989 4136
544.667 1264 4561
410 877 3537
636 1057 4570
428.5 583 2013
1166.33 1072 4710
496.167 994 4371
495.5 1057 4429
1718.5 1689 6940
842.5 1315 5510
1025.17 1343 5667
415.333 875 3588
417.333 728 2827
339.667 601 1903
860 1984 6867
413 837 3522
710.167 861 3963
457.167 939 3712
400 841 2876
691.667 1029 4399
396.333 873 3103
565.667 989 3920
517.833 1085 4495
919.833 1587 6018
587 742 3181
443 846 3663
610 807 3456
358.667 835 2737
1292.5 1267 5475
585.667 930 4095
396.333 862 2996
566.833 1082 4512
1016.67 1158 5094
579 1125 4561
526.5 1035 4386
734 826 3754
574.667 968 4012
409.667 803 3171
2516.33 3387 10875
1123.33 1137 4985
659.167 1169 5169
1807.33 2907 10001
564.833 1228 4570
1717 2456 8947
972.667 1873 6867
468.5 650 2607
700.667 1017 4667
666.5 929 4096
402.333 841 3088
618 1377 5152
813 1272 5178
637.667 1058 4693
458 680 2673
381.333 851 2876
955.5 1243 5200
808.5 1599 5841
1253.67 1980 7674
1194.5 1655 6600
997.667 1795 6925
830.333 1560 6001
1621.67 2337 8523
1524 1264 5542
1303 1123 4968
992.333 1955 7215
971 700 3072
1344.33 1278 5559
867.333 1727 6583
417.333 788 3043
1740.67 2045 8006
1190.67 1260 5292
996.5 1413 5843
1217.33 1249 5292
1314 1751 6908
1305.83 1335 5642
1916.67 2804 9494
902.167 1489 6001
1001 1293 5344
1242.5 2768 9105
1238 2108 7773
521.5 929 3727
889.333 1746 6850
1483.83 1541 6491
671.333 1519 5460
1034.67 1962 7507
1193.83 2379 8830
804.333 1616 5952
1395.33 1455 6141
1170 1294 5542
750 1303 5193
548.833 1057 4495
1020.17 1274 5535
1289 1771 6908
1331 2188 8256
1206.17 1815 7099
1382.33 1778 7223
1116 1422 5875
808.5 1421 5775
765 1383 5442
1564.5 1416 6057
1764 1404 5966
1879.5 2606 9135
940.5 1508 6074
893 941 4179
1682.33 2494 9105
901.833 1274 5334
990.5 1726 6600
1145.67 1352 5734
794.5 1158 4960
636 1340 4692
938.667 1153 4968
1194.67 1364 5943
1229.33 1219 5266
722 1411 5584
1323.5 1280 5599
845.667 1668 6142
1054.67 1585 6417
1193.17 2138 8181
1024.67 1327 5610
1174.33 1314 5567
987.667 1262 5335
599.333 1064 4543
1087.67 1881 7332
550.333 885 3801
1399 1318 5717
1561 2059 8023
1363 1405 6044
1191.33 1799 6966
1392.5 1261 5426
1650.33 2299 8356
1203 1611 6716
658.167 1299 4868
984.667 1597 6366
327.167 636 2174
1960.5 2766 9397
831.333 1497 5943
1174 2373 8228
1056.67 1522 6359
1737 2818 9511
699 1410 5383
1315 1688 6850
1276.67 2053 7774
964.167 1303 5535
719.833 1423 5668
1109.67 2207 8155
903.167 1426 5943
964.333 1319 5559
858.667 1438 5792
673 887 3987
1866 2035 8147
1205 1548 6658
1005.17 1423 6066
1760.67 1986 8106
1986.67 2643 9661
1225.5 1828 7497
942.833 1588 6216
1939 1883 7599
1717.67 2436 9105
1283.5 1273 5533
960.667 1607 6583
568.667 996 4386
622 931 4111
633 1168 4684
786 949 4121
1431.5 2958 10001
809.5 1358 5717
998.667 1732 6867
679.833 1462 5235
994 1255 5249
1034.33 1672 6692
1387 1346 5691
619.167 973 4151
1142.17 1318 5559
683 1082 4942
1079.17 1460 6384
540.333 993 4371
802 1301 5244
1721.67 2706 9135
652 1363 4801
574 986 4053
794.167 1301 5195
1896 3075 10583
1529 1643 6924
1620 1514 6641
983.167 1479 6250
2012 2015 8147
1381 1817 7565
839.333 1697 6018
1552.33 2594 9105
981.667 1166 4985
774.667 1310 5295
1384.33 1692 7065
1139 1145 5000
1255.5 1659 6758
1014.67 1710 6692
1269.5 1805 7174
688 964 4229
1358.17 1547 6433
974 2121 7372
1010.33 1891 7332
1722.33 2650 9152
1352.67 2662 9086
680.333 1334 5344
737.667 1508 5734
1313.67 1630 6758
2014 1952 8089
1089.67 1818 7274
823 1350 5477
1576.67 2149 8256
984.667 2052 7372
626.333 1637 5485
636 1162 4626
921.5 1507 6044
671 910 4076
1390 1757 7340
1074 1906 7616
870.667 1656 6442
956.333 1306 5510
647.333 927 3987
1313 1693 6816
1790.67 2341 8970
1178 2467 9079
1229.5 2222 8190
731.167 1332 5210
1233.33 1702 6867
1121.33 1891 7449
1003.17 1499 6326
1174.67 1556 6483
1147.67 1325 5567
585.667 1410 5160
1106 2001 7771
1057.33 2219 7954
1451 1906 7657
1810 1726 7174
1060 1147 4985
1506.67 2062 7997
718.667 1529 5659
1618 1577 6699
1586.67 2115 8055
1448 1544 6500
1185.33 1726 6850
894.333 1634 6059
687.167 1035 4457
1681.5 2256 8523


295.5 282 924
288 277 292
270 352 973
666 401 1357
342 581 1831
468 204 0
448 539 1822
367 518 1773
468 224 574
399.667 637 2564
344 445 1356
766 533 2223
2375.83 3972 10590
351.333 578 1888
482.667 689 2748
605 445 1440
750 637 2605
468.5 650 2607
545 470 1756
745 563 2289
329 543 1523
570.333 1272 4619
723 598 2498
644 431 1423
2004.67 3772 10451
494 259 783
238 218 0
491.5 583 2139
842.667 949 4171
648.5 699 2830
1776.33 2325 8864
238 266 266
634.5 777 3531
622.667 807 3597
346 549 1781
429 489 1707
847 593 2330
971 700 3072
360 557 1839
313.5 534 1216
443 846 3663
372.333 570 1882
848.667 944 4380
327.167 636 2174
570.333 1094 4553
607.667 1167 4652
446 602 2355
494.5 1053 4144
603.667 1255 4894
394.333 765 2797
458 680 2673
409.667 803 3171
416.667 848 3537
333 588 1822
341.667 446 1698
382 846 2746
332.667 504 1347
406.667 605 2395
358.667 657 2671
384.667 759 2754
258 318 432
368.667 757 2739
425.5 976 3629
1998.83 3356 10450
311.333 545 1471
410 613 2547
387.667 719 2739
483.5 1091 4061
365.333 858 2846
651 919 4105
438 588 2272
601 742 3322
732.167 826 3754
557.167 964 4446
362.333 625 2444
417.333 728 2827
339.667 601 1903
381.333 851 2876
418 785 3413
660 988 4504
471.333 720 3138
729.167 1106 5020
528.667 587 2146
658.333 1307 5659
812.667 1118 5060
457.167 939 3712
916.167 940 4171
740.667 937 4153
761.667 907 4087
1368.67 1408 6483
1068.67 1086 4954
707 957 4202
1274.33 3187 9793
410 877 3537
1250.67 1278 5927
675.167 1094 5002
439 770 3054
526.5 1035 4386
1002.5 2048 7839
552.833 960 4237
1641.5 1757 7624
689.167 891 4029
847.167 1236 5576
699 426 1632
882 1600 6592
978.667 1131 5295
354.667 609 2070
387 933 3089
590 927 3987
384.833 821 2923
1088.17 1316 6044
791.667 1982 6675
556.833 1031 4412
413 837 3522
732.833 1538 6234
915.167 1028 4812
958.167 1129 5129
704.167 1285 5852
1450.17 2531 9254
809 1114 5051
1535 2355 8804
965.167 1541 6767
753.167 962 4280
673 887 3987
1576.17 1558 7108
1046.17 1127 5086
834.167 1149 5195
1125.33 2398 8788
585.667 930 4095
1547.83 2510 9613
610 807 3456
614.667 1178 4985
1317.17 1362 6359
1398.5 1641 7232
1840.67 1855 7749
582.667 934 4151
1671.33 2419 9130
496.167 994 4371
402.333 841 3088
795.667 1190 5452
576.333 1189 4836
490.833 921 3954
1288.5 2605 9178
946.667 2082 8021
1403.33 2006 8107
817.667 1167 5126
1096.67 1261 5851
994.667 2064 7957
804.167 1173 5253
1045.17 1215 5727
1472.5 2373 8830
1468.67 1790 7591
879.667 1285 5909
1138.67 2143 8281
1304.17 1411 6476
623.667 1048 4878
495.167 1057 4495
1063.17 1195 5510
824.667 1520 6526
619 1175 5419
1509 1853 7698
1191.83 2341 8603
725.667 1597 6549
855.667 1356 6018
939.167 1466 6508
1612.17 2040 8498
761.167 1072 4936
925.833 1263 5627
617.833 1088 4803
1548.83 2866 10169
710.167 861 3963
1058.83 1799 7616
549.167 773 3180
1180.17 1965 7715
812.667 1216 5510
1135.17 1170 5386
1181.17 1636 7199
939.167 1259 5785
706.167 917 4087
1179.83 1430 6476
1334.17 1388 6417
614.667 1356 5051
909.167 1033 4603
1451.83 1577 7108
749.167 852 3812
1062.17 1241 5785
853.167 1401 6384
870.167 1427 6442
996.667 1111 5078
640.667 1074 4936
727.167 887 4021
1056.83 1655 7199
1717 2675 10045
1528.17 2358 9014
638 953 4154
1108.33 1701 7323
546.167 993 4371
587 742 3181
854.833 1769 7217
922.167 1440 6450
602.667 956 4153
566.5 916 3779
1449.67 1983 8331
1343.83 2087 8121
1046.5 2047 7623
410 876 3522
619 1353 5485
1468.83 1603 7166
786.667 1317 5952
1501.17 1588 7274
1252.67 1872 8048
1735.17 1858 8081
396.333 862 2996
882.167 1003 4537
1434.67 1504 6842
972.833 2056 7689
1169.17 1915 7689
1673.33 2381 9296
1519.17 1763 7649
1484.17 1783 7583
585.667 1310 4993
1073.83 1681 7257
1042.83 1752 7449
1307.33 1669 7274
1325.67 1688 7390
899.167 1029 4595
981 1256 5625
1003.5 1719 7323
848.5 1772 6858
803.667 1166 5060
797 1362 6268
1622.67 1868 8015
1112.17 1597 7133
1057.5 1982 7831
1162.83 1942 7630
1083.67 2623 9537
1063 1281 5900
896.167 1502 6701
733.667 1472 6450
1690.83 1830 7748
1781.33 2205 8930
415.333 875 3588
433 577 1955
1612.83 2021 8498
1666.33 2446 9262
1308.67 1662 7332
1428.83 1795 7583
1360.17 1708 7456
783.167 1041 4585
1416.33 2461 8804
910.833 1547 7017
1231.67 2118 8746
1197.5 2119 8055
1627.83 1903 8139
1150.5 1725 7573
1073.67 1971 7656
1662.33 1923 8205
1544.17 1689 7591
631.167 924 4151
991.167 1492 6824
1221.67 1691 7449
902.5 1629 6966
1443.67 1864 7649
594.667 1069 4504
579 878 3869
793.667 1805 7507
954 1675 7090
945.5 1730 7283
561 955 4085
812.667 1612 6767
1206.33 1670 7274
1189.5 2093 8023
1676 2497 9529
813.167 1305 5975
1012.33 1718 7299
732.833 1360 6168
1433.83 2026 8248
1552.67 1634 7398
939.667 1446 6700
622 931 4111
563.667 1048 4495


605 445 1440
258 318 432
311.333 545 1471
288 277 292
238 266 266
295.5 282 924
494 259 783
468 204 0
406.667 605 2395
353.333 656 2378
342 581 1831
329 543 1523
313.5 534 1216
468 224 574
777 582 2355
341.667 446 1698
372.333 570 1882
666 401 1357
362.333 625 2444
358.667 657 2671
745 563 2289
468.5 650 2607
410 613 2547
699 426 1632
458 680 2673
700 919 4105
344 445 1356
766 533 2223
482.667 689 2748
634.5 777 3531
429 489 1707
339.667 601 1903
238 218 0
2164.83 2995 9387
360 557 1839
545 470 1756
644 431 1423
399.667 637 2564
417.333 728 2827
454 743 3227
446 602 2355
608.5 1294 5092
725.167 1274 5043
418 785 3413
384.667 759 2754
346 549 1781
394.333 765 2797
410 877 3537
367 518 1773
749.5 1017 4504
416.667 848 3537
971.667 1749 6592
491.5 583 2139
1659.67 2564 8556
723 598 2498
327.167 636 2174
453 681 2690
557.167 964 4446
438 588 2272
471.333 720 3138
545.167 1237 4536
448 539 1822
601 742 3322
1488 2208 8049
486.5 716 2899
759.333 1314 5419
270 352 973
402.333 841 3088
396.333 873 3103
387.667 719 2739
356.833 838 3040
457.167 939 3712
495.167 1057 4495
443 846 3663
433.5 938 3646
368.667 757 2739
354.667 609 2070
509.5 1034 4185
1329.5 2162 7808
2300 2317 8645
460.5 1099 3753
1878 2056 7939
426.167 967 3712
415.333 875 3588
2240 2190 8180
327.167 587 1882
622.667 807 3597
409.667 803 3171
602.667 956 4153
971 700 3072
585.667 930 4095
1058 1294 5691
413 837 3522
351.333 578 1888
433 577 1955
732.167 826 3754
638.167 1293 5092
2882 3352 10609
436 769 3270
410 876 3522
710.167 861 3963
749.167 852 3812
520.5 996 4268
884 1115 5086
494.5 1053 4144
548.833 1100 4700
767.5 1140 5069
610.333 856 3795
761.667 907 4087
439.667 737 3043
532.667 913 4078
631.167 924 4151
587 742 3181
585.167 955 4085
404.167 901 3180
911 1041 4644
689.167 891 4029
740.667 937 4153
356.833 789 2748
552.833 960 4237
943 1355 5852
706.167 917 4087
923.5 737 3236
1336.33 2060 7721
408.833 928 3238
915.167 1028 4812
566.833 1082 4512
612.5 928 4096
958.167 1129 5129
727.167 887 4021
870.833 1422 5869
776.833 1619 5877
766.333 1183 5192
673 887 3987
483.5 1091 4061
2277 3561 10841
623.667 1048 4878
817.667 1167 5126
927.5 1481 5991
1052 2080 7499
938.5 1435 5918
1500 2667 8472
1420.5 2293 7883
1892.17 3072 9418
1395.67 1547 6517
966.167 1585 6534
663.5 1317 5135
1020.17 1288 5619
806.333 1963 6575
830.333 2279 6650
699.167 1659 5908
1994 2984 9061
1552 1561 6816
1047 1326 5918
538.167 1014 4337
2284.5 2900 9270
896.167 1308 5685
1039.5 1696 6740
886 1953 6575
2334 2865 9369
2366.5 3119 10177
1297.5 2190 7837
1535.33 1930 7367
1091.67 1318 5734
610 807 3456
1076 2396 7574
710.5 1189 5003
970.333 2397 7499
910 2269 6650
1981 3026 9793
954.667 1539 6168
908.333 2201 6600
384.833 821 2923
579.833 1528 5385
2013 3342 9868
589.833 1350 4902
832.167 1556 5892
1260 2055 7215
1575.17 2625 8269
834.167 1149 5195
1724 2740 9044
675.167 1094 5002
946.333 2081 7424
929.667 2058 6999
1583.17 1971 7489
967.667 1338 5800
1705.67 2312 8237
2441 2936 9661
1714 2281 8123
1015.17 1722 6650
2219 2406 8732
741.833 1445 5400
1333.17 1371 5942
819 1328 5500
831.167 1376 5851
1503 2483 8195
1285.67 1734 6838
813.5 1795 6433
579 878 3869
2230.83 4249 10027
411.5 1048 3579
2048.5 2738 8912
2175 2446 8763
837.667 1568 6093
943.5 1543 6209
1300.5 2043 7697
1217 1948 7107
1479.5 2072 7730
789.667 1448 5818
753.833 1315 5344
1693 2500 8620
511.5 1027 4202
872 1214 5419
719.833 1646 6234
1875 2382 8703
1318.5 1746 6872
1700.67 2015 7831
1427.17 1810 7266
1039.67 1423 6232
1012.5 1732 6676
1331.17 1969 7398
974.833 1910 6982
567.667 1086 4733
1133 2534 8156
1279.17 1549 6359
490.833 921 3954
546.167 993 4371
885.167 1198 5434
840.167 1517 5927
1595 1953 7507
1009.17 1178 5368
804.167 1011 4519
2507 2542 8964
1163.67 1403 6166
730.167 1507 5866
930.5 1787 6699
1359.5 1745 6872
700.167 1450 5310
873 1670 6440
1503 2248 8055
1072.17 1306 5727
2139.5 2552 8964
1081.5 1698 6825
814.167 1222 5295
1076.33 1537 6316
1925 3169 9451
1043.5 1596 6740
878.5 2365 6800
957.333 1416 5941
2239.5 3011 9612
1077.67 1511 6308
518.5 1028 4429
474.5 1071 3954
2432 2744 9279
783.167 1041 4585
1014.33 1928 7000
709.167 1472 5460
1627 2044 7923
640.667 1074 4936
1524 2026 7657
626 1382 5109
1384 1846 7341
1830 1835 7274
501 699 2830
857.667 1319 5624
1090 1381 6001
1600 1622 6842
911.167 1608 6457
1084 1534 6326
1282.5 1495 6332
983.167 1481 6193
1607.33 2025 7799
847.167 1478 5941
1613.5 1933 7438
1631 1921 7773
889.333 2246 6592
1022.5 1800 7081
2706 2766 9396
2071 2734 8763
770.5 1031 4568
979 1010 4710
573.5 1331 4861
590.167 1389 5017
1510 3015 8554
2442.5 3080 9885
1421.33 1987 7591
728.167 1486 5491
892.167 1284 5492
946 2008 7157
761.5 944 4380
1174.17 1224 5561
753.167 962 4280
716.5 1285 5051
1649 2447 8169
1077.67 2113 7639
1547 2382 8154
707 957 4202
1464 2268 8115
475.833 1019 3834
2430 2616 9144
473.833 1106 4429
1561.5 1944 7454
809 1114 5051
2082 2925 9171
725.5 1254 5117
1369 1658 6857
1166.17 1456 6283
1380.17 1758 7108
2096 2876 9052
2270.5 2950 9369
1022 1556 6251
701.667 1505 5491
1749 2232 8480
2236.5 2823 9262
673 1254 4977
792.833 1384 5693
466.833 1050 3768
2036 2239 8513
1491 2088 7848
2352 2356 8854
2073 2941 9087
1050.17 1244 5627
661.5 901 3888
2195 2223 8562
2277 3517 9926
1391.67 1694 7050
544.667 1264 4561
1377 1366 5927
824.833 1313 5400
2272 2375 8854
1560 2089 8063
1352.17 1618 6791
2481 2790 9328
628 1279 5017
1315.67 1709 6840
764.167 1432 5485
742 1467 5817
719.167 1365 5278
2198 2509 8847
684.833 1289 5261
996.5 1307 5685
2204 2112 8105
1698.5 3331 8970
708.667 1457 5368
705.167 1421 5310
1613 2844 8589
2402.5 2614 9096
809 1704 6242
639.833 1492 5400
940 2629 7355
740.5 1253 5152
588.5 1459 4993
746.833 1448 5751
2563 2458 8880
647.167 1047 4583
1698.5 3375 9885
789 1243 5344
715.5 1615 5808
677.167 1437 5252


494 259 783
238 266 266
295.5 282 924
288 277 292
699 426 1632
545 470 1756
666 401 1357
360 557 1839
327.167 587 1882
372.333 570 1882
327.167 636 2174
238 218 0
313.5 534 1216
468 224 574
605 445 1440
311.333 545 1471
367 518 1773
351.333 578 1888
468 204 0
406.667 605 2395
429 489 1707
329 543 1523
362.333 625 2444
341.667 446 1698
454 743 3227
766 533 2223
468.5 650 2607
634.5 777 3531
723 598 2498
417.333 788 3043
354.667 609 2070
745 563 2289
458 680 2673
346 549 1781
353.333 656 2378
342 581 1831
438 588 2272
446 602 2355
384.667 759 2754
358.667 657 2671
258 318 432
387.667 719 2739
394.333 765 2797
847 593 2330
644 431 1423
750 637 2605
399.667 637 2564
624 807 3597
482.667 689 2748
457.167 939 3712
448 539 1822
794 909 4030
410 613 2547
737 944 4380
636 1057 4570
1439.67 1825 7383
671 910 4076
579 1125 4561
368.667 757 2739
1125.67 1927 7325
602.667 956 4153
410 877 3537
270 352 973
971 700 3072
418 785 3413
571 817 3456
471.333 720 3138
601 742 3322
402.667 974 3295
426.167 967 3712
456.333 1062 4078
344 445 1356
443 846 3663
399.333 1075 3402
673 887 3987
339.667 601 1903
415.333 875 3588
2404 3558 10384
491.5 583 2139
488 996 3938
557.167 964 4446
433.5 938 3646
486.5 716 2899
413 837 3522
601 1080 4927
525.667 943 4144
528.667 587 2146
433 577 1955
453 681 2690
410 876 3522
570.333 1094 4553
356.833 838 3040
579 878 3869
439.667 737 3043
867 1576 6260
773.167 1626 6100
874 1558 6517
1894.33 2915 10227
392.667 1052 3293
875 1386 5918
532.667 913 4078
823.5 1667 6560
409.667 803 3171
663.5 1139 5069
651 919 4105
628.833 1515 5526
504.167 1553 5111
839 1131 5295
857 1392 5602
402.333 841 3088
991.667 1334 5601
984 1451 6268
332.667 504 1347
518.5 1028 4429
2014.67 2871 10144
910 1129 5129
367.167 964 3147
680 1447 5610
566.833 1082 4512
1765.33 2713 9628
883 1473 6268
985.5 1632 6692
540.333 993 4371
969.333 1642 6640
2241 2739 9878
1131.67 1694 6867
449.333 1092 4144
494.5 1053 4144
765 1332 5485
823.5 1594 6268
564.667 1158 4536
534.167 1104 4512
1478.67 2508 8797
692.167 1419 6093
612.5 928 4096
844 1578 6517
2115 2906 10227
550.333 885 3801
1232.67 1666 6867
648.5 699 2830
1267.67 1935 7774
2271.67 2699 9529
1023.33 2287 7679
1229.33 2350 8281
443.5 1122 3996
496.167 994 4371
1514.67 1803 7423
2271.67 2722 9961
1867 2697 9444
1906 2464 9446
358.167 935 3081
759 1354 5485
995.5 1301 5975
1070.17 2156 7855
484.5 1010 3806
1156 1593 6842
787 1155 5353
2061 2795 9654
534.5 1260 4695
1532 2422 9012
1434 2025 8147
858.5 1554 6217
1630 2224 8663
607.333 1428 5060
1204.17 2064 7425
1816 2708 9378
609.5 1267 5402
416.667 848 3537
425.5 976 3629
516.333 1197 4637
960 1340 6102
1587 2255 8930
660 988 4504
1879.33 2950 9795
492.167 1273 5051
862.5 1354 5818
746 1055 4652
949 1762 7175
622 931 4111
887.5 1010 4710
569.667 1168 4692
783.667 872 3878
2495.33 3949 10560
1213 1912 7383
640.667 1074 4936
668.167 1136 4945
404.5 1074 3889
596 1209 4985
786 1124 5051
796.167 1604 6326
1071.5 1718 6865
922.5 1452 6268
490.833 921 3954
689 949 4171
384.833 821 2923
809 1114 5051
749.167 852 3812
458.167 1056 4495
356.833 789 2748
1388.67 2147 8040
1136.33 1995 7406
737.5 1106 5020
619 1175 5419
1504.33 2910 9368


288 277 292
295.5 282 924
360 557 1839
468 224 574
429 489 1707
468 204 0
666 401 1357
238 266 266
766 533 2223
605 445 1440
344 445 1356
342 581 1831
332.667 504 1347
238 218 0
311.333 545 1471
491.5 583 2139
723 598 2498
367 518 1773
406.667 605 2395
644 431 1423
745 563 2289
372.333 570 1882
353.333 656 2378
468.5 650 2607
270 352 973
971 700 3072
545 470 1756
384.667 759 2754
339.667 601 1903
399.667 637 2564
458 680 2673
392.667 874 3227
387.667 719 2739
362.333 625 2444
346 549 1781
448 539 1822
750 637 2605
446 602 2355
258 318 432
571 817 3456
313.5 534 1216
416.667 848 3537
410 877 3537
449.333 1092 4144
624 807 3597
358.667 657 2671
410 613 2547
341.667 446 1698
554 689 2748
494 259 783
447 1054 4078
634.5 777 3531
351.333 578 1888
418 785 3413
471.333 720 3138
413 837 3522
699 426 1632
601 742 3322
438 588 2272
651 919 4105
1675 1913 7050
452 1002 3969
737 944 4380
496.167 994 4371
735.333 1086 4954
333 588 1822
648.333 1179 5003
990.833 1444 5966
636 1057 4570
358.667 835 2737
410 876 3522
329 543 1523
1480.67 2554 8338
368.667 757 2739
1752.67 2115 7781
1829 2534 8396
394.333 765 2797
415.333 875 3588
860 937 4153
365.333 858 2846
1463.33 1978 7415
399.333 1075 3402
1501 2179 7814
717.333 1101 4745
660 988 4504
2205.33 3690 9802
402.333 841 3088
1851.17 2625 8671
425.5 976 3629
2539 3129 9627
433.5 938 3646
402.667 974 3295
622 931 4111
660 949 4171
382 846 2746
2019.67 3107 9528
396.333 862 2996
1457.5 2043 7640
587.667 1079 4561
630.333 1194 4794
896 1118 5060
1429.5 2747 8914
458.167 1056 4495
673.333 1402 5193
579 1125 4561
439 770 3054
647.333 927 3987
870.5 907 4087
837 872 3878
940 1888 6698
785.5 1685 6368
3059 4027 10092
552.833 960 4237
426.167 967 3712
1126 940 4171
787.667 1175 5419
805 1329 5625
530.167 1211 4927
2120.67 2624 9054
613 1342 5117
1044 1254 5510
1852.83 2590 8430
1739.67 2184 8013
472 580 1897
490.833 921 3954
587 742 3181
690.333 1470 5619
3602 3488 9719
518.5 1028 4429
1783.5 2935 9053
1158.67 1610 6466
610 807 3456
1003.33 1498 6049
433.167 1049 3788
382.667 823 2830
710.833 1138 4960
409.667 803 3171
492.167 1273 5051
1627.33 2672 8563
703.333 1101 4604
1953 2553 8746
557.167 964 4446
1057 1456 5984
1142.5 1563 6359
819.833 1609 6117
1258.83 1979 7339
1227 1514 6260
794 909 4030
457.167 939 3712
2550.33 3632 9702
733 1134 4854
938.333 1928 6492
792.667 1478 5751
640 1254 5061
784.5 1343 5508
1373.83 1953 7382
3365 4210 11007
754.833 1386 5292
1085 1346 6044
579 878 3869
1675 2148 7896
443 846 3663
560.667 1129 4570
1621.5 2526 8204
501 699 2830
1285 1995 7548
908.833 1929 6658
876.667 1867 6374
444 1093 4078
834.167 1149 5195
749.167 852 3812
1496 1921 7249
772.833 1371 5501
525.667 943 4144
674.333 1339 5135
818.333 1505 6075
1016.67 1578 6102
638 953 4154
1755.67 2440 8220
803 1394 5527
1076.67 1954 7307
2530.67 4123 9961
534.167 1104 4512
1474 1917 7108
1023.67 1305 5975
765.333 1503 5677
621.667 1048 4495
680.667 1345 5143
896 1079 4727
1240 1550 6718
1109.67 1686 7017
1555.33 1945 7424
661.333 1411 5244
839 1131 5295
327.167 636 2174
822.333 1428 5927
386.833 894 3023
971.333 1838 6831
1785.67 2656 8378
758.667 1415 5417
1437.67 2244 7971
1068.33 1762 6999
1023 1552 6268
400 841 2876
691 1311 5244
887 1049 4661
453 681 2690
821.833 1273 5869
962.667 1850 6560
841.167 1627 6234
780.5 1436 5717
797.333 1520 5976
663.5 1139 5069
973.333 1773 7016
885 1580 6442
807 1136 5020
735.333 1521 5976
1320.33 1501 6451
760.333 1309 5144
1602.67 2185 8165
973 1074 4936
612.5 928 4096
671 910 4076
1534.67 2017 7599
582.833 1267 4968
1890 2430 8506
751 1240 5135
653.333 1518 5392
2627 2915 9227
540.333 993 4371


288 277 292
468 224 574
270 352 973
494 259 783
666 401 1357
468 204 0
699 426 1632
448 539 1822
545 470 1756
258 318 432
644 431 1423
332.667 504 1347
766 533 2223
605 445 1440
238 266 266
313.5 534 1216
341.667 446 1698
311.333 545 1471
354.667 609 2070
353.333 656 2378
665.667 742 3322
410 613 2547
777 582 2355
745 563 2289
362.333 625 2444
662.667 720 3138
417.333 788 3043
723 598 2498
238 218 0
406.667 605 2395
327.167 636 2174
360 557 1839
351.333 578 1888
971 700 3072
367 518 1773
413 837 3522
1844 2833 9113
358.667 657 2671
648.5 699 2830
344 445 1356
796 837 3613
624.5 681 2690
454 743 3227
416.667 848 3537
410 877 3537
365.333 858 2846
399.667 637 2564
339.667 601 1903
1260.5 1908 7082
295.5 282 924
1299.17 2416 7915
418 785 3413
342 581 1831
394.333 765 2797
491.5 583 2139
372.333 570 1882
346 549 1781
429 489 1707
387.667 719 2739
384.667 759 2754
396.333 873 3103
433 577 1955
749.167 852 3812
329 543 1523
436 769 3270
558 1353 4568
540.333 993 4371
2858.33 2993 9384
402.333 841 3088
602.5 716 2899
386.333 823 2948
893 941 4179
750 637 2605
727.167 887 4021
610 807 3456
557.167 964 4446
823 841 3671
1211.67 1365 5918
561 955 4085
801 876 3880
774 1055 4526
1547.67 1715 6982
439 768 2827
570.333 1094 4553
443 846 3663
409.667 803 3171
569.167 945 4012
753.167 962 4280
382 846 2746
468.5 650 2607
458 680 2673
717 953 4154
496.167 994 4371
741.167 1724 5677
911 1057 4586
1241.67 1414 5993
783.667 872 3878
425.5 976 3629
552.833 960 4237
2339.67 4011 11100
727.667 879 3835
707 1758 5559
960.5 978 4454
923.5 737 3236
1509.17 2325 8379
490.833 921 3954
815.667 919 4105
761.667 907 4087
957 1176 5283
838.167 1059 4595
457.167 939 3712
602.667 956 4153
811.667 1332 5909
1692.5 2228 8413
796.333 1043 4537
1492.17 2601 8645
1539.67 1905 7016
415.333 875 3588
624 807 3597
736.667 890 4027
368.667 757 2739
458.167 1056 4495
1234.67 1938 7108
439.667 737 3043
1396.17 2123 7965
901.833 1242 5450
1242.5 1943 7456
703.667 865 3752
571 817 3456
692.333 910 4076
582.667 934 4151
2100.33 3731 9945
460.833 1042 3954
433.5 938 3646
426.167 967 3712
474.833 903 3814
956.333 1513 6508
393.667 785 3031
1799.33 3472 9886
1224.67 1236 5625
542.333 906 3826
479.667 727 2853
634.5 777 3531
482.667 689 2748
1177.17 2203 7041
612 899 3721
1013.33 1277 5659
659.333 885 3801
531.667 723 3178
747.667 1139 5069
2100.33 3762 10544
1241 2513 8152
660 988 4504
1894 2762 8819
1049.67 2084 6600
769 1876 6342
729.333 1142 5051
621 1773 5069
755.667 1263 5353
675.167 1094 5002
1242.33 2139 7748
761.5 944 4380
631.167 924 4151
687.167 1594 5526
374.833 872 3023
606.667 1196 4570
834.167 1149 5195
1439.5 1768 6682
384.833 821 2923
1240.67 2242 7156
809 1114 5051
1062.17 1847 6559
913.667 996 4652
634.667 1171 5210
685.167 1897 5701
1080 2014 6824
1002.17 1318 5751
564.667 1336 4602
518.5 1028 4429
607.167 1063 4795
1754.33 2851 8860
905.333 1678 5960
580.333 951 4136
2655.83 3628 10333
367.167 964 3147
640.667 1074 4936
711.167 1479 5402
645.5 1247 5312
1242.5 2747 8379
984.167 1300 5703
327.167 587 1882
1112.5 2026 6992
1923.67 3340 9854
564.667 1158 4536
1147.33 1934 6787
566.833 1082 4512
446 602 2355
1011 1277 5650
1343.5 2385 8287
1274.83 1816 6515
1065.33 2297 7101
974 1128 5094
1036.17 2123 6551
772.333 1200 5295
358.167 935 3081
1180.33 1964 7014
746.5 1326 5419
1684 2983 9211
780.333 1348 5458
410 876 3522
378.167 866 2957
1097.33 1418 6465
626 1382 5109
683.333 899 3884
1228 1295 5943
867.333 1737 6297
438 588 2272
558 1175 4502
617.833 1088 4803
466.5 1009 3806
647.667 1500 5319


238 218 0
258 318 432
468 204 0
351.333 578 1888
238 266 266
494 259 783
468 224 574
590 927 3987
288 277 292
329 543 1523
295.5 282 924
429 489 1707
666 401 1357
387.667 719 2739
699 426 1632
270 352 973
605 445 1440
644 431 1423
448 539 1822
501 699 2830
367 518 1773
313.5 534 1216
399.667 637 2564
766 533 2223
545 470 1756
346 549 1781
518.5 1008 4070
723 598 2498
433.167 1049 3788
1917.5 2429 8579
415.333 875 3588
433.5 938 3646
750 637 2605
745 563 2289
341.667 446 1698
971 700 3072
458 680 2673
368.667 757 2739
410 613 2547
394.333 765 2797
327.167 636 2174
438 588 2272
468.5 650 2607
372.333 570 1882
360 557 1839
622.667 807 3597
486.5 716 2899
344 445 1356
706.167 917 4087
491.5 583 2139
1865.33 2908 9253
525.833 1012 4371
579 1125 4561
358.667 657 2671
388.667 829 2780
554 689 2748
406.667 605 2395
384.667 759 2754
433 577 1955
681.667 1067 4684
453 681 2690
311.333 545 1471
356.833 838 3040
362.333 625 2444
443 846 3663
416.667 848 3537
563.667 1048 4495
332.667 504 1347
446 602 2355
418 785 3413
1905.33 3024 9261
505 998 4012
1599.5 2090 7830
1571.33 2642 8862
622.667 903 3814
568.667 996 4386
354.667 609 2070
426.167 967 3712
327.167 587 1882
471.333 720 3138
353.333 656 2378
436 769 3270
740.667 937 4153
845.667 1887 6352
563 1225 5045
439.667 737 3043
356.833 789 2748
413 837 3522
1288.83 2455 8381
940.667 1936 6816
610.333 856 3795
410 877 3537
713.667 1087 4750
602.667 956 4153
457.167 939 3712
631.167 924 4151
2220.67 3399 10176
1195.5 1011 4676
1095.5 879 3810
1378.5 1444 6440
923.5 737 3236
1276.5 1277 5791
555 1160 4586
1373.5 1217 5525
495.667 921 3789
528.667 587 2146
1817.5 2025 7863
1327.17 1906 7281
707 957 4202
877 1546 6233
1503.5 2338 8322
1768.17 2470 9087
956.5 1499 6215
602.167 1237 5160
339.667 601 1903
1905.5 2443 8770
409.667 803 3171
1387.5 1603 6773
856.333 1392 6041
1424 2328 8155
550.333 885 3801
803.667 997 4618
493.167 1042 4245
777 582 2355
2080.67 3253 9910
1442.5 1833 7373
559.167 1126 4677
342 581 1831
1862.5 2607 9153
582.667 934 4151
1518.5 1613 7022
926.333 1608 6349
1606.5 2031 7929
594.333 925 3861
454 743 3227
499.667 975 3889
635.667 1043 4462
571 817 3456
417.333 788 3043
991.667 1528 6517
561 955 4085
1028.17 1494 6440
599.333 1128 4867
1012 1313 5765
2943.17 3803 10800
425.5 976 3629
665.333 1158 4960
761.5 944 4380
806 1069 4801
1606.5 1729 7355
1137.5 1128 5060
907.333 1237 5591
1189.83 1933 7598
385.833 926 3597
545.333 984 4154
912.167 1559 6333
972.667 1990 6833
2439.33 3474 10242
634.5 777 3531
1598.5 1819 7530
1315.5 1334 5909
548.833 1050 4412
1579.5 1723 7347
1483.5 1517 6498
661.5 901 3888
1548.5 2148 8313
657.833 1082 4710
614 1109 4627
749.667 1274 5344
881.333 1794 6526
651 919 4105
556.833 1031 4412
520.5 996 4268
927.333 1797 6799
1475.17 2293 8279
552.667 911 3844
1576.17 2340 8571
511.167 1108 4537
601 742 3322
759.333 1017 4667
510.5 1030 4055
854.667 1082 4942
803.167 1066 4725
693.333 1283 5325
1990.67 2897 9694
636 1057 4570
839.667 1283 5485
488 996 3938
626.333 1199 5094
534.167 1104 4512
765.833 1281 5393
572 923 3858
1075.67 1355 6173
959.667 1420 6066
770.667 964 4446
1089.17 1999 7389
755.333 1284 5716
552.833 960 4237
696.833 1200 5292
1412.17 2142 8015
639.333 1098 4693
840.667 1275 5591
1478.5 1573 6681
763.667 1080 4776
526.5 1035 4386
852.5 1495 6084
660 988 4504
621 1028 4429
1043.33 2286 7839
392.667 874 3227
1326.5 1898 7266
1181.67 1301 5900
512 927 3872
1051.5 1535 6574
668.833 1129 5266
718.167 1490 5875
1667.5 2536 8878
452 1002 3969
1188.5 2115 7723
645.333 1265 5185
1057.17 1945 7372
1367.5 1527 6498
1027.33 1598 6523
396.333 873 3103
997.833 1803 7082
684.167 1463 5626
743.333 1223 5295
962 1676 6724
649.667 1312 5192
470 986 3826
695 1423 5667
763 1271 5369
869.667 1726 6523
458.167 1056 4495
687 1112 4861
898 1630 6541
944.333 1617 6523
1449.5 1500 6448
1250.5 1238 5725
1486.5 1483 6506
1304.5 1565 6640
745.5 1641 6098
737.5 1106 5020
658.833 1114 4719
698.5 1340 5634
770 1385 5817
1007.67 1438 6206
960.167 1577 6473
1377.17 2091 7989
857.833 1688 6457
921.167 1509 6140
447 1054 4078
1478.5 1451 6448
1147 1089 5028
849.333 1354 5975
866.667 1255 5616
600 1167 4900
867.5 1244 5425
789.667 1430 6041
1384.5 1950 7757
970.167 1611 6824
2253.17 3780 10735
509.333 1212 4695
2218.5 3613 10469
1082.5 1677 7189
1650.5 1593 7022
2080.67 2602 9164
793.333 1326 5817
787.667 1175 5419
707.833 1398 5777
636.167 1231 5103
1374.5 1916 7406
697.667 1344 5344
810.333 1584 6233


238 266 266
258 318 432
494 259 783
468 224 574
238 218 0
666 401 1357
311.333 545 1471
295.5 282 924
329 543 1523
288 277 292
468 204 0
429 489 1707
406.667 605 2395
362.333 625 2444
372.333 570 1882
417.333 728 2827
545 470 1756
723 598 2498
446 602 2355
313.5 534 1216
339.667 601 1903
699 426 1632
482.667 689 2748
468.5 650 2607
923.5 737 3236
1677 1747 7006
458 680 2673
745 563 2289
766 533 2223
605 445 1440
384.667 759 2754
346 549 1781
387.667 719 2739
399.667 637 2564
367 518 1773
644 431 1423
360 557 1839
732.167 826 3754
443 846 3663
1320.67 2112 7580
1988 1861 7621
1338.67 2093 7580
344 445 1356
327.167 636 2174
270 352 973
341.667 446 1698
454 743 3227
1915.67 2539 8505
448 539 1822
750 637 2605
491.5 583 2139
761.667 907 4087
438 588 2272
358.667 657 2671
457.167 939 3712
585.333 1300 5045
710.167 861 3963
342 581 1831
410 613 2547
471.333 720 3138
887.5 1010 4710
1454 2503 8022
585.667 930 4095
418 785 3413
2152.67 2864 9493
2621.67 4089 9993
413 837 3522
557.167 964 4446
410 877 3537
884.667 1057 4725
386.333 823 2948
2962.83 3650 10000
717 953 4154
335.667 531 1181
889.333 1547 6084
1403.33 1734 6930
1915.67 2578 9061
648.5 699 2830
425.5 976 3629
1115.5 1587 6282
356.833 838 3040
351.333 578 1888
1320.33 1645 6867
1863 2260 8137
453 681 2690
1673.67 2425 8155
1317 2202 7814
905.333 1426 5943
626 885 3801
1686 1738 7047
486.5 716 2899
368.667 757 2739
433 577 1955
705.667 1472 5619
1273 1343 5975
439.667 737 3043
358.167 935 3081
416.667 848 3537
1692.67 2321 8137
354.667 609 2070
589 883 3748
841.667 1808 6556
353.333 656 2378
466.5 1009 3806
394.333 765 2797
367.167 964 3147
610.333 856 3795
788.833 1446 5694
951.333 1666 6867
2093 2575 8629
777 582 2355
789.667 1523 6066
356.833 789 2748
895 1120 5003
1361 1575 6499
509.5 1012 4371
1774 1661 6930
1861.33 2657 8820
792.333 1320 5636
436 769 3270
1554 2488 8246
426.167 967 3712
595.333 1273 4661
327.167 587 1882
931 1528 6175
687.667 1062 4511
693.5 1065 4753
1101.33 1611 6356
1525 1926 7314
1682.67 2569 8505
1482 2503 8413
693.333 1473 5368
571 817 3456
402.333 841 3088
1743 2474 8289
769.333 1672 6175
2417.33 3643 9784
971 700 3072
396.333 873 3103
1584 1832 7423
1637 2427 7981
622.667 903 3814
609.167 1095 4553
634.5 777 3531
624 807 3597
691 1070 4663
737 944 4380
597 910 4076
675.667 1267 5120
793.333 1417 5909
1426.33 1980 7873
721 1661 5777
913.667 996 4652
771.667 1345 5419
754 1362 5668
433.5 938 3646
601 742 3322
1580.17 2428 8004
415.333 875 3588
1190 1767 7148
392.667 874 3227
627 949 4121
990 1177 5559
748.333 1382 5441
732 1398 5587
631.167 924 4151
445.833 1045 3823
601.333 1200 5060
2759.17 3649 9952
795 1252 5344
676.333 1419 5310
839.667 1283 5485
960 1278 5616
385.833 926 3597
502 1021 3969
458.167 1056 4495
550 960 4136
624.333 1311 5244
654 1468 5261
700 1635 5461
852 1184 5353
621.667 1048 4495
900.333 1360 5900
1262.33 2163 7572
409.667 803 3171
872 1214 5419
936.5 1528 6190
799.333 1308 5559
715.5 1004 4526
534.167 1104 4512
410 876 3522
923.667 1366 5918
470 986 3826
1700 2316 7930
1397 1304 5909
393.667 785 3031
2112 1558 6488
749.167 852 3812
1349.67 1640 6476
1799 1918 7888
883.333 1445 5918
1152 1372 5975
660 988 4504
528.667 587 2146
675.167 1094 5002
930.667 1315 5943
839 1131 5295
752 1413 5634
405.333 1099 3639
940.333 1381 6268
450.667 1065 4093
585.167 955 4085
639.667 1114 4787
814.167 1222 5295
626.333 1199 5094
727.167 887 4021
490.833 921 3954
1271 1517 6407
747.667 1139 5069
754.333 1208 5235
727.333 1323 5295
606.333 1147 4603
774.333 1254 5344
602.667 956 4153
749.667 1274 5344
546.167 993 4371
982 1163 5501
1649.67 2378 7906
803 1244 5344
518.5 1028 4429
934.667 1736 6389
452 1061 4076
1804.67 2330 8479
728.5 1212 5237
1224.33 1948 7189
2873.83 3888 10377
1688 1676 6913
2885.83 3701 10582
640.667 1074 4936


258 318 432
468 224 574
238 266 266
545 470 1756
344 445 1356
644 431 1423
605 445 1440
327.167 587 1882
468 204 0
295.5 282 924
666 401 1357
1639 1965 7024
288 277 292
491.5 583 2139
238 218 0
313.5 534 1216
750 637 2605
745 563 2289
394.333 765 2797
766 533 2223
777 582 2355
368.667 757 2739
372.333 570 1882
327.167 636 2174
1022 737 3236
494 259 783
601.667 1310 4686
971 700 3072
367 518 1773
622.667 807 3597
360 557 1839
429 489 1707
740.667 937 4153
699 426 1632
987.833 2481 7423
783.667 872 3878
387 933 3089
406.667 605 2395
501 699 2830
582.667 934 4151
723 598 2498
362.333 625 2444
700 919 4105
415.333 875 3588
311.333 545 1471
531.667 723 3178
351.333 578 1888
353.333 656 2378
454 743 3227
342 581 1831
601 742 3322
546.667 930 4076
749.5 1017 4504
341.667 446 1698
426.167 967 3712
270 352 973
626 885 3801
634.5 777 3531
354.667 609 2070
642.667 1246 5650
356.833 789 2748
410 613 2547
329 543 1523
358.667 657 2671
2441.17 3879 9543
448 539 1822
339.667 601 1903
417.333 728 2827
439.667 737 3043
433.5 938 3646
433 577 1955
707 957 4202
438 588 2272
399.667 637 2564
608.667 1346 5051
346 549 1781
335.667 531 1181
732.167 826 3754
1147 1089 5028
446 602 2355
802.5 1086 4954
384.667 759 2754
387.667 719 2739
790.5 1111 5078
458 680 2673
464.167 1046 4162
468.5 650 2607
631.167 924 4151
794 909 4030
737 944 4380
1363.33 2673 8136
1227 904 4085
1552 3131 8827
671 910 4076
418 785 3413
1549.5 2303 8098
830 1223 5295
887.5 1010 4710
509.5 1012 4371
458.167 1056 4495
898.5 1004 4462
2818.67 3496 10459
742 1180 5144
571 817 3456
410 877 3537
678 1160 5094
436 769 3270
637 901 3888
610.333 856 3795
1557.5 2188 7745
396.333 873 3103
1791 2578 8743
849.333 1674 6600
2631 3401 10451
2423 2573 8478
1718 3664 8945
382.667 823 2830
760.667 1234 5192
428.5 583 2013
2183 2852 8750
771.667 1412 5967
1204 1608 6825
689.167 891 4029
906.167 1608 6234
404.167 901 3180
367.167 964 3147
1204.67 2320 7789
564.667 1158 4536
2259 2783 9511
471.333 720 3138
1064.67 2202 6940
1168 1824 6807
740.167 1224 5109
1046 1170 5377
484.5 1010 3806
839 1131 5295
1748.67 3321 9022
851.667 1836 6646
570.333 1094 4553
625.667 1325 5060
518.5 1028 4429
731 887 3987
580.333 951 4136
1170.5 1833 6808
1252 2228 7722
791.333 1143 5192
1128.5 1979 6808
453 681 2690
1475 2599 8098
409.667 803 3171
2194.33 2891 8778
1191.33 2095 7664
358.167 935 3081
1495 2015 7347
443 846 3663
2109 2381 8121
482.667 689 2748
585.667 930 4095
845.667 1775 6600
2990 3129 9877
1150.5 1970 7232
408.833 928 3238
1229.67 1373 6206
486.5 716 2899
692.167 1419 6093
560 906 3679
665 911 3961
984.667 1586 6609
589 883 3748
631.833 1220 5034
457.167 939 3712
356.833 838 3040
684.333 1360 5719
1065.83 2504 7699
588 921 3737
660 949 4171
962.833 1589 6758
945.5 1549 6517
613.667 1219 4693
872 1214 5419
755.167 1403 5909
1150.83 1840 6966
1027.17 1487 6341
854.167 1400 5851
749.167 852 3812
604.167 917 3785
622 931 4111
1080.5 2101 7051
413 837 3522
1233 2266 7974
636.333 1205 5000
1824 1894 7033
611.333 1199 4626
506.167 1033 3812
520.5 996 4268
608.667 1199 4600
530.333 949 4121
977.667 1003 4528
590.667 923 3858
2609.67 3367 9943
1208.67 1837 6857
614.667 1178 4985
1749.67 2897 9369
894.667 1559 6216
911.667 1629 6382
623.667 1048 4878
1207.5 2348 7861
602.667 956 4153
675.167 1094 5002
941.833 1608 6341
1573.33 2461 8363
557.167 964 4446


494 259 783
360 557 1839
468 204 0
258 318 432
666 401 1357
644 431 1423
468 224 574
545 470 1756
313.5 534 1216
448 539 1822
605 445 1440
238 218 0
288 277 292
394.333 765 2797
777 582 2355
295.5 282 924
766 533 2223
699 426 1632
429 489 1707
368.667 757 2739
238 266 266
572.5 680 2673
344 445 1356
358.667 835 2737
665.667 742 3322
750 637 2605
342 581 1831
329 543 1523
367 518 1773
622.667 807 3597
428.5 583 2013
433 577 1955
491.5 583 2139
341.667 446 1698
723 598 2498
1492 1331 5935
346 549 1781
1959.67 3594 9593
351.333 578 1888
410 613 2547
358.667 657 2671
816 1730 6226
384.667 759 2754
399.667 637 2564
1121.33 2335 7704
745 563 2289
1340 1869 7289
552.833 960 4237
971 700 3072
372.333 570 1882
365.333 858 2846
2271 2104 7820
1656 2156 7657
624.5 681 2690
982 1887 7141
387.667 719 2739
270 352 973
999 1783 6800
443 846 3663
1011.5 2457 7839
482.667 689 2748
1319.5 2366 8713
648.5 699 2830
311.333 545 1471
393.667 785 3031
1310.33 2808 7864
457.167 939 3712
354.667 609 2070
707 957 4202
794 909 4030
520.5 996 4268
362.333 625 2444
731 887 3987
900 1893 7321
749.167 852 3812
406.667 605 2395
353.333 656 2378
454 743 3227
1325.5 1807 6973
799 1095 4945
1316 1747 6834
425.5 976 3629
1554 2249 7672
854.667 1536 6044
944 1594 6414
1158 1670 6626
426.167 967 3712
706.167 917 4087
785 1511 6001
869 908 4030
1115.67 1511 6399
783.667 872 3878
415.333 875 3588
1052.67 1176 5283
339.667 601 1903
1078.5 1504 6115
955.5 1510 6067
740.667 937 4153
886 1503 6050
409.667 803 3171
1001.67 1413 5975
1333.5 1548 6532
1575.83 1820 7440
433.5 938 3646
509.5 1012 4371
980.667 1200 5295
439.667 737 3043
436 769 3270
716.167 1376 5535
564.667 855 3826
803.667 997 4618
717 953 4154
561 955 4085
887.5 1010 4710
675.667 1267 5120
923.5 737 3236
416.667 848 3537
602.667 956 4153
624.333 1489 5310
727.667 879 3835
759.333 1017 4667
704.667 1204 5344
980.667 1204 5467
531.667 723 3178
1045.5 1510 6167
582.667 934 4151
708.333 1172 5117
631.167 924 4151
671 910 4076
685.833 1201 5200
711.167 1133 4819
906.167 1620 6340
585.667 1197 4867
806 1069 4801
458.167 1056 4495
621.5 1338 5160
853.5 1573 6282
657.833 1082 4710
574.667 1358 5169
1531 1455 6342
969.5 1262 5909
870.667 1061 4927
672 1325 5334
740.333 1144 5126
1036 1514 6282
1546 1853 7232
715.5 1004 4526
747.667 1139 5069
1417 1357 5918
1051.5 1554 6483
2013.33 2275 7930
828 1361 5926
1336.5 2324 8180
570.833 1499 5319
751.333 1107 4842
878 2034 6783
396.333 873 3103
528.667 587 2146
1325.67 1701 7064
1059.67 1652 6574
844.5 1075 4985
987 2084 7649
926.833 1698 6750
1510 1474 6474
949.167 1549 6341
582 1229 5094
1361.67 1631 6849
456 1016 3770
1102.33 1451 6268
1103 1780 6799
600 1167 4900
777 1849 6767
511.833 1447 5060
536.167 1354 4870
621.667 1048 4495
867.5 1760 6566
699.833 1579 6102
598 1119 4617
585.333 831 3429
705.333 1386 5676
814.5 1225 5353
1577 2062 7606
2098 2589 9003
1060.67 1621 6572
683.333 899 3884
1022 1531 6390
841.667 949 4171
719.667 1397 5800
604.5 1521 5719
1095.5 1439 6107
732.167 826 3754
689.167 891 4029
402.333 841 3088
624.333 1311 5244
1084.67 1223 5492
2137.83 3353 9485
766 1421 5900
821 1230 5367
593.333 1057 4583
417.333 728 2827
1392.5 1569 6558
579 1125 4561
843 1225 5625
967 1434 6051
959 1529 6233
800 1290 5900
575.167 1504 5616
381.333 851 2876
1247 1488 6316
2507.67 3260 9051
585.667 930 4095
446 602 2355
570.333 1094 4553
438 588 2272
588.167 1642 5918
1229.17 1422 6143
2589.33 3776 10209
410 876 3522
2389.5 3325 9004
684.667 1332 5441
635.5 1139 4842
580.333 951 4136
471.333 720 3138
327.167 636 2174
418 785 3413
755.333 1284 5716
631.333 1162 5109
697.333 1405 5535
1527 1592 6842
694.667 988 4504
1013 2257 7664
726 1427 5832
848.5 1639 6406
614.667 1178 4985
1472 1434 6316
564.667 1158 4536
410 877 3537
672.333 1432 5501
756.667 1060 4585
1406 2036 7588
835.667 1241 5452
675.833 1308 5317
1869.67 2319 7764
1896 1892 7604
518.5 1028 4429
615.667 1124 4641
684 1476 5943
610.167 1143 4694
1381.67 1659 7065
770 1385 5817
374.833 872 3023
993 1579 6557
914.333 1521 6067
384.833 821 2923
1559.5 2294 7715
327.167 587 1882
413 837 3522
573.833 1354 5011
756.667 1125 5017
584.333 1184 4609
913.667 996 4652
691.5 1422 5567
686.167 1061 4626
761.167 1072 4936
367.167 964 3147
507.5 1311 4519
358.167 935 3081
958.167 1129 5129
443.5 1122 3996
812.667 1118 5060
466.5 1009 3806
2507.67 3297 9800
535.167 1418 4994
847.833 1549 6259
992.167 1484 6066
848.667 944 4380
1035.17 1539 6482
557.167 964 4446
915 1866 6966
2393 3405 10018
780.167 1246 5541
540 1204 4658
1721.67 1897 7555
1395 1759 7116
1567.5 2197 7729
915.167 1028 4812
1934.5 2956 8779
932.167 1054 4870
681.667 1067 4684
1370.67 1858 7232
2454 3350 9244
735 1146 4951
653.167 1393 5460
809 1114 5051
490.833 921 3954


258 318 432
313.5 534 1216
288 277 292
360 557 1839
344 445 1356
311.333 545 1471
341.667 446 1698
745 563 2289
494 259 783
666 401 1357
238 218 0
295.5 282 924
468 204 0
329 543 1523
448 539 1822
238 266 266
433 577 1955
435.667 884 3580
354.667 609 2070
723 598 2498
468 224 574
346 549 1781
362.333 625 2444
396.333 873 3103
384.667 759 2754
644 431 1423
545 470 1756
436 769 3270
358.667 657 2671
438 588 2272
622.667 807 3597
391.333 1147 3214
372.333 570 1882
367 518 1773
417.333 728 2827
446 602 2355
270 352 973
605 445 1440
663.5 1641 5619
949.167 1572 6601
923.5 737 3236
491.5 583 2139
327.167 636 2174
399.667 637 2564
368.667 757 2739
457.167 939 3712
665.667 742 3322
394.333 765 2797
717.667 1678 5725
406.667 605 2395
443 846 3663
1282.67 1543 6908
730.667 928 4096
1070.67 2193 8023
342 581 1831
2161 2831 10425
429 489 1707
964 1246 5650
339.667 601 1903
413 837 3522
1767 2255 8995
991.667 2384 8261
1096.67 2091 8065
778.333 1558 6282
2200 3409 11083
733.333 1432 6224
775.667 1747 6574
518.5 1028 4429
468.5 650 2607
1647.67 2079 8755
876.833 1696 6973
732.167 826 3754
504.667 1518 4712
412.167 1274 4138
387.667 719 2739
1932 2888 10567
356.833 789 2748
643.667 777 3531
1887 2932 10400
1062.33 2304 8220
915.167 1028 4812
683.833 1342 5441
1252.67 2373 8463
827.667 1788 7082
514 1319 4712
1403.67 2038 7889
766 533 2223
1531 2094 8579
376.5 1172 3180
811.667 1631 6299
1155 1797 7199
1030.33 2340 7945
335.5 915 2256
585.667 930 4095
557.167 964 4446
1183.67 1532 6575
828 1738 7148
625 885 3801
1577 2931 9917
2149 2464 9768
1504.33 2112 8412
1435.67 2197 8439
1245.67 1560 6850
367.167 964 3147
531.667 723 3178
1164.33 2404 8553
508.5 1309 4570
1501.67 2119 8755
495.167 1057 4495
1081.67 1949 7773
1596 2337 8995
327.167 587 1882
1743.67 2274 9504
764 1688 6232
412.167 1225 3846
482.667 689 2748
456.5 1358 4570
454 743 3227
777 582 2355
1621 2295 8995
1466.67 2521 9910
1171.67 2453 8952
1223.5 2415 9127
1473.5 1528 6524
694.667 988 4504
1209.17 1199 5518
570.333 1094 4553
552 1011 4130
409.667 803 3171
694.333 1406 5716
815.667 919 4105
623.667 1048 4878
464.167 1225 4138
689.167 891 4029
1205.67 1790 7424
782.167 1372 5975
588.833 1654 5312
1044.5 1897 7771
1395.67 2078 8181
1589.67 2459 9245
1732.67 2295 9021
1757.67 2768 10001
1252.17 1668 6915
622.667 903 3814
799 1095 4945
709.167 1221 5295
641.833 1210 5251
2366.5 3603 11515
552.333 1118 4677
1416.67 2344 9127
710.167 861 3963
558.333 1403 5144
356.833 838 3040
1695.83 3498 11067
1550.67 1906 8006
882.167 1003 4537
732.333 1275 5526
1250.67 1770 7257
920.333 1543 6499
1494.17 1823 7664
1492.67 1925 8006
1290.17 1386 6433
580.333 951 4136
458 680 2673
453 681 2690
873.667 1114 5051
514.333 1000 3894
410 613 2547
1358.33 2152 8412
471.333 720 3138
439.667 737 3043
599 904 3780
418 785 3413
981.167 1214 5510
437.833 1123 3655
2239.17 3408 11375
886.333 1554 6499
501 699 2830
820.667 1659 6365
410 877 3537
1475.33 2088 8378
669.5 1682 5809
1312.17 1644 7282
1271.17 1518 6474
1249.33 1705 7139
917.667 1836 7730
761.167 1072 4936
1142.67 1115 5086
713.167 1141 5002
486.5 716 2899
737.5 927 4136
706.167 917 4087
1242.67 1773 7482
1713 2273 8961
711.667 1243 5344
351.333 578 1888
1863 2450 9744
848.667 944 4380
572 923 3858
410 876 3522
842.667 949 4171
618.5 1095 4562
1047.67 1345 6407
566.5 916 3779
699 426 1632
1021.17 1288 5851
706 1731 5876
488.167 1086 4495
456.5 1309 4278
1156.67 1628 6850
914.667 1130 5078
939.167 1278 5785
732.667 1316 5541
847 1041 4641
775.667 1305 5727
1212.33 1722 7081
1349.17 1627 7340
971 700 3072
563 1225 5045
1374 2252 8703
1158 1728 7082
2054 2860 10366
1573 2342 8961
630 1143 5192
1068.67 1086 4954
1747.67 2102 8930
1243 2068 7989
909.167 1033 4603
1169.67 1631 6908
1598.67 1917 8181
1634.67 2781 10085
836.333 1695 6574
749.167 852 3812
1135.17 1170 5386
544 1168 4712
1149.83 2176 8203
2333 3099 11007
1450.67 2014 7831
879.5 1382 6425
1452.67 1957 8181
955.667 1553 6842
485.667 1081 3803
597 910 4076
913.667 996 4652
408.833 928 3238
640.667 1074 4936
402.333 841 3088
794 909 4030
392.667 874 3227
657.667 1265 5434
2155 3453 10916
412.167 1226 3872
564.667 913 3668
836.667 1817 7214
827 1702 6441
1161 2708 8612
571 817 3456
602.667 956 4153
1767.67 2805 10143
717 953 4154
727.167 887 4021
589 883 3748
442.5 1212 4089
1324 2541 9394
1351.17 3316 9719
393.667 785 3031
1568 2077 8637
742.333 1337 5650
813 1298 5993
560 945 4012
1626.83 3060 10244
469.667 1101 4136
778.167 1098 4994
1573.67 3072 10259
2092 2393 9602
637 901 3888
332.667 504 1347
552.833 960 4237
747.667 1139 5069
750 637 2605
478.667 1091 3789
416.667 848 3537
444 1094 4093
752.667 1106 5020
636.167 1692 5601
1565.83 3303 10152
859 1602 6299
2433 2980 11007
1823.67 3019 10366
729.167 1035 4568
1206.33 1884 7830
458.667 1027 3719
761.667 1265 5541
386.333 823 2948
551.5 1536 5144
1452 2936 10143
425.5 976 3629
549.833 1013 4371
530.333 949 4121
1596.67 2482 9270
819.167 1190 5452
1588.17 1973 8220
1646.17 2052 8447
512 927 3872
1673.33 2386 9302
1427.83 2137 8404
1841.67 3153 10833
1821.67 3063 10567
1927.83 2696 10342
772.667 1227 5624
1873 2669 10077
587.667 1595 5293
2102 2612 9935
1690.67 2223 8930
1678.17 2046 8238
423.167 1193 3823
495.667 921 3789
1898 2649 10011
1772.67 2715 10010
840 1094 4985
883.167 1350 6198
1310.83 2093 8264
855.333 1643 6772
1387.67 2056 7840
1283.67 2667 9228
507.167 1501 5004
1634.67 2829 10351
1575.67 2196 8922
1272.83 2233 8671
423.167 1241 4089
1639.67 2475 9478


270 352 973
468 224 574
313.5 534 1216
238 218 0
605 445 1440
666 401 1357
448 539 1822
238 266 266
644 431 1423
346 549 1781
438 588 2272
468 204 0
295.5 282 924
341.667 446 1698
367 518 1773
410 613 2547
766 533 2223
288 277 292
971 700 3072
482.667 689 2748
745 563 2289
358.667 657 2671
399.667 637 2564
468.5 650 2607
458 680 2673
494 259 783
750 637 2605
342 581 1831
384.667 759 2754
545 470 1756
416.667 848 3537
571 817 3456
446 602 2355
394.333 765 2797
368.667 757 2739
699 426 1632
509.5 1012 4371
351.333 578 1888
429 489 1707
471.333 720 3138
311.333 545 1471
353.333 656 2378
258 318 432
418 785 3413
454 743 3227
433.5 938 3646
665.667 742 3322
1480.5 2163 8173
362.333 625 2444
415.333 875 3588
406.667 605 2395
426.167 967 3712
723 598 2498
648.5 699 2830
339.667 601 1903
344 445 1356
491.5 583 2139
1137.5 1819 7232
396.333 873 3103
409.667 803 3171
443 846 3663
387.667 719 2739
372.333 570 1882
410 877 3537
360 557 1839
460.833 1042 3954
414.167 1004 3637
327.167 636 2174
405.667 846 3080
327.167 587 1882
413 837 3522
453 681 2690
550.333 885 3801
752 1224 5344
457.167 939 3712
894 1542 6268
486.5 716 2899
607.5 1281 4836
576.667 1221 4628
367.167 964 3147
356.833 838 3040
895 1120 5003
358.167 935 3081
387 933 3089
982 1163 5501
329 543 1523
1289.17 2243 8281
843.167 1183 5078
1536.67 3196 8809
569.667 959 4030
458.167 1056 4495
580 1308 5045
427 1261 4062
911 1041 4644
1836.5 2194 8264
717 953 4154
923.5 737 3236
425.5 976 3629
739.333 1287 5419
609.167 1095 4553
534.167 1104 4512
1187 1465 6408
691 1070 4663
391.167 915 3556
631.167 924 4151
687.667 1062 4511
557.167 964 4446
603 1180 4663
621.667 1048 4495
560.667 1129 4570
749.167 852 3812
655.833 1194 5011
643.667 777 3531
546.167 954 4004
762.833 1581 5959
721 1355 5353
602.667 956 4153
356.833 789 2748
639.667 1114 4787
747.667 1139 5069
884.167 1404 6018
689.167 1258 5126
727.167 887 4021
2404.5 3179 10403
2200.5 2953 9488
669.5 1400 5619
1667.5 1994 7749
730.333 1483 5942
1001.67 1433 6041
795.667 1372 5711
732.167 826 3754
889.5 1200 5386
544.333 1307 4721
439.667 737 3043
2046.5 2213 8421
719.667 1341 5343
834.667 1442 5877
578.833 1351 4845
493.167 1042 4245
436 769 3270
792.333 1387 5460
1963.5 2845 8998
803.667 997 4618
551.667 1224 4787
418 1232 3996
597 910 4076
681.167 1183 5077
761.667 907 4087
1130.67 2036 7591
903.667 1397 5993
434.667 1169 3938
889.167 1539 6102
604.667 1475 5627
1953.5 2312 8846
860 1297 5559
1041.67 1542 6491
675.167 1094 5002
1497 1740 7257
847 1041 4641
1207.67 2045 7723
474.833 903 3814
354.667 609 2070
393.667 785 3031
1737.17 2215 8248
773 1430 5860
611.667 1395 5337
1105.67 1713 6948
1340 1434 6408
777.667 1393 5834
2161.5 2173 8421
921.5 1332 5834
975.833 1701 6808
1217.17 2046 7774
606.333 1147 4603
653.833 1172 4885
769.667 1422 5708
1560.33 2489 8407
566.833 1082 4512
710.167 861 3963
807.333 1364 5818
2556.5 2857 9362
1716.5 2223 8356
919.667 1206 5576
528.667 587 2146
433 577 1955
858.667 1320 5694
1506.5 1759 7340
1147.33 1420 6350
1371.17 1731 7166
585.667 930 4095
1046.67 1682 6850
906.5 1226 5444
1368.67 2007 8081
626.333 1199 5094
531.667 723 3178
2113.5 2959 9445
1096.33 1784 7175
855.333 1312 5542
490.833 921 3954
725.167 1267 5353
900.333 1345 5918
889.5 1330 5785
1388.67 1385 6141
857.5 1160 5078
777 582 2355
1284.67 1888 7591
1327.33 1497 6483
868.667 1358 5700
661.167 1145 4985
648.667 1179 5003
474 1301 4552
546.167 993 4371
609.167 1390 5169
979.167 1190 5341
1947.5 1989 7989
691.833 1200 5295
641.167 1371 5169
797 1451 5869
708.833 1608 6168
1822.5 2674 8544
893.667 1169 5094
931.5 1611 6758
2304 3126 10062
1146.33 1402 6198
935.667 1549 6341
1074.67 1441 6057
1658.5 3018 9572
2100.5 2928 9430
1115.67 1433 6132
1623 2672 8515
1150.67 1472 6425
1362 1782 7424
404.5 1074 3889
736.667 1482 5711
687.167 1035 4457
1216.33 1812 7232
727.667 1074 4936
785.667 1390 5484
804.667 1263 5353
943.167 1477 6168
714.333 1370 5326
731.167 1035 4460
2224 3121 10004
898 1227 5510
688.833 1556 5677
710.667 1048 4878
417.333 728 2827
1085.83 2305 8248
1253 1765 7415
2358.5 2782 9138
1001.17 1473 6465
669.667 1105 4569
1011.17 1301 5703
564.667 855 3826
1464 2699 8789
959 1552 6515
899.333 1327 5766
1120.5 1668 6925
2568.5 3111 9628
1746.83 2849 8848
850.333 1789 7008
1109.33 1622 6850
870.5 1684 6650
1382 2799 8403
1092 1302 5869
966.833 2099 8147
978.5 1482 6359
650.833 1280 5151
922.667 1220 5634
693.5 1065 4753
1042.67 1162 5225
582.667 934 4151
968.667 1324 5975
1044 1316 6018
1064 1513 6797
800 1543 6093
1145.17 1689 7157
1085.83 1809 7174
948 1841 7499
960 1570 6667
778.5 1465 6083
954.667 1204 5419
892.167 1579 6526
773.833 1582 6541
823 1723 6716
870.5 1457 6077
386.333 823 2948


270 352 973
238 266 266
288 277 292
468 224 574
448 539 1822
468 204 0
313.5 534 1216
360 557 1839
238 218 0
351.333 578 1888
346 549 1781
699 426 1632
605 445 1440
358.667 657 2671
545 470 1756
384.667 759 2754
750 637 2605
365.333 858 2846
666 401 1357
333 588 1822
723 598 2498
494 259 783
446 602 2355
2563.67 3230 9994
644 431 1423
951 887 3987
382 846 2746
425.5 976 3629
295.5 282 924
344 445 1356
342 581 1831
367 518 1773
766 533 2223
1379.67 1962 7324
258 318 432
429 489 1707
341.667 446 1698
433 577 1955
399.667 637 2564
387.667 719 2739
416.667 848 3537
372.333 570 1882
745 563 2289
457.167 939 3712
491.5 583 2139
622.667 807 3597
410 613 2547
665.667 742 3322
1651.67 2182 8205
717 953 4154
394.333 765 2797
435.667 884 3580
648.5 699 2830
329 543 1523
777 582 2355
971 700 3072
409.667 803 3171
443 846 3663
732.167 826 3754
689.167 891 4029
368.667 757 2739
353.333 656 2378
1133 2195 7505
311.333 545 1471
1506.67 2180 8173
1166.33 2125 7514
1166.67 2202 7549
736.5 1562 5734
393.667 785 3031
406.667 605 2395
354.667 609 2070
339.667 601 1903
1681.67 2256 8610
417.333 728 2827
362.333 625 2444
438 588 2272
494.5 1053 4144
454 743 3227
948 1241 5375
1358.33 2385 7995
987.833 1473 6363
1361.67 2036 7729
799 1035 4460
749.167 852 3812
1563.67 2310 8564
740.667 937 4153
1173.67 1749 6699
869 908 4030
841.667 949 4171
763.667 1080 4776
1327 2394 8471
778.5 1113 4861
439.667 737 3043
402.333 841 3088
482.667 689 2748
783.667 872 3878
381.333 851 2876
417.333 788 3043
723.167 1083 4528
1800.67 2500 9054
1277 3003 8210
1059.5 2096 6957
1332.67 2213 7872
582.667 934 4151
386.333 823 2948
624.5 681 2690
1175.33 2255 7905
783.167 1041 4585
1165.67 1837 7213
756.667 1060 4585
707 957 4202
1440.67 1972 7437
923.5 737 3236
1238.67 2100 7698
602.667 956 4153
585.667 930 4095
925.333 1656 6308
616.667 1194 4561
1575 2530 8876
497.833 972 3727
653.167 1099 4651
1328.33 3038 8993
700.5 806 3456
1491.67 2215 8132
413 837 3522
1031.67 2243 7283
817.667 1167 5126
436 769 3270
520.5 996 4268
1344.67 2064 7688
1611 2611 9320
727.667 879 3835
1416.67 2159 8120
692.5 1138 4842
1137.17 2077 7174
443.5 1045 3695
925.167 1059 4661
894.5 1119 5003
458 680 2673
955.333 1973 6914
900.667 1875 6424
332.667 504 1347
1245 1608 6365
741.667 1141 5003
706.167 917 4087
570.333 1094 4553
590.667 923 3858
685.667 1305 5126
1233.83 2235 7688
757.667 1072 4669
1435 2657 9659
870.667 1061 4927
1070.67 1841 6742
557.167 964 4446
468.5 650 2607
1397.67 2182 8089
683.333 899 3884
1238.67 2297 7981
747.667 1139 5069
1574.67 2289 8537
749.5 1061 4634
1413 1606 6433
670.5 1199 5069
1002.33 1611 6517
989 1972 6914
1321.67 1922 7298
1414.67 2445 8486
1052.67 1176 5283
2791.33 3598 10293
887.667 1272 5900
751.333 1107 4842
948.333 1874 6424
531.667 723 3178
561 955 4085
919.5 1905 6757
1071.67 1795 6989
410 876 3522
623.333 1157 4651
327.167 636 2174
1004.67 1228 5559
418 785 3413
660.833 1202 4885
795.667 1087 4793
392.667 874 3227
626 1303 5051
1183.67 1789 6725
874.333 1526 6290
542.333 906 3826
1253.67 1742 6575
1130.67 1779 6699
1700.67 2405 8622
1351.67 1996 7703
1110.67 1712 6530
1315 2483 8845
1303.33 2417 8322
1031.33 1468 6093
580.333 951 4136
807 1345 5918
410 877 3537
876.667 1271 5851
627.667 1241 5117
581.5 1266 4561
716.667 1188 4944
1103.33 2160 7473
640.667 1306 5682
627 866 3801
1579.67 2087 7773
803.667 997 4618
1634.67 2290 8579
546.667 930 4076
918.667 1683 6333
621.667 1048 4495
528.667 985 3777
509.5 1012 4371
1647 2152 8178
471.333 720 3138
1050 1398 6224
1304.67 2030 7672
631.167 924 4151
447 1054 4078
1300.67 2066 7591
701 1122 4675
1767.67 2312 8637
794 909 4030
1287 2183 7821
651.5 1177 4842
721.833 1155 4945
1273.67 2023 7505
2553.33 3430 9934
799 1095 4945
1585.67 2241 8220
571 817 3456
671 910 4076
1376.67 2250 8271
704.667 1204 5344
1421.67 2293 8506
819.833 1300 5441
1361 1681 6731
585.667 1197 4867
2248.5 3221 9827
2253.83 3625 10659
458.167 1056 4495
1031.5 2341 7015
399.333 1075 3402
736.667 890 4027


