1.456064950e+00 1.537460853e+00 1.678688525e+00 
1.250048859e+00 1.656227415e+00 1.746156648e+00 
1.335626097e+00 1.568055890e+00 1.725610200e+00 
1.331237566e+00 1.586364731e+00 1.733406193e+00 
1.407644822e+00 1.590701036e+00 1.748051002e+00 
1.419932709e+00 1.583473862e+00 1.748051002e+00 
1.564365126e+00 1.564683209e+00 1.725610200e+00 
1.305245758e+00 1.597205493e+00 1.748051002e+00 
1.285351083e+00 1.607323536e+00 1.746156648e+00 
1.301149795e+00 1.604432667e+00 1.748051002e+00 
1.294812756e+00 1.612141653e+00 1.748051002e+00 
1.308856056e+00 1.594796435e+00 1.733406193e+00 
1.237224400e+00 1.663213683e+00 1.746156648e+00 
1.463282621e+00 1.606119007e+00 1.784189435e+00 
1.433440609e+00 1.610696218e+00 1.784189435e+00 
1.460892335e+00 1.607564442e+00 1.784189435e+00 
1.420517847e+00 1.605396290e+00 1.759562842e+00 
1.301881217e+00 1.597446398e+00 1.748051002e+00 
1.303197776e+00 1.607805348e+00 1.752859745e+00 
1.251219134e+00 1.615032522e+00 1.746156648e+00 
1.286278525e+00 1.627800530e+00 1.748051002e+00 
1.258241662e+00 1.637436762e+00 1.752859745e+00 
1.256193681e+00 1.634064081e+00 1.748051002e+00 
1.393162668e+00 1.615273428e+00 1.784189435e+00 
1.294373903e+00 1.621296073e+00 1.784189435e+00 
1.273844353e+00 1.668272705e+00 1.784189435e+00 
1.249317437e+00 1.740303541e+00 1.784189435e+00 
1.248732300e+00 1.761262346e+00 1.784189435e+00 
1.261167349e+00 1.682967960e+00 1.784189435e+00 
1.286767115e+00 1.647072994e+00 1.784189435e+00 
1.258534231e+00 1.708985787e+00 1.784189435e+00 
1.274087185e+00 1.661768249e+00 1.784189435e+00 
1.218744002e+00 1.586605637e+00 1.670892532e+00 
1.199531890e+00 1.597687304e+00 1.670892532e+00 
1.214550322e+00 1.589255601e+00 1.670892532e+00 
1.214306612e+00 1.596482775e+00 1.687577413e+00 
1.229471328e+00 1.576487593e+00 1.678688525e+00 
1.230885606e+00 1.592869188e+00 1.687577413e+00 
1.244490053e+00 1.568055890e+00 1.678688525e+00 
1.278768286e+00 1.556251506e+00 1.678688525e+00 
1.269798128e+00 1.562033245e+00 1.678688525e+00 
1.279645992e+00 1.551433390e+00 1.678688525e+00 
1.232299590e+00 1.628041436e+00 1.707030965e+00 
1.245075190e+00 1.607323536e+00 1.710018215e+00 
1.249171153e+00 1.600096362e+00 1.710018215e+00 
1.199580749e+00 1.637677668e+00 1.707030965e+00 
1.262483909e+00 1.577210311e+00 1.725610200e+00 
1.239126097e+00 1.627077813e+00 1.707030965e+00 
1.258826799e+00 1.579137557e+00 1.725610200e+00 
1.270137507e+00 1.568778608e+00 1.725610200e+00 
1.244684903e+00 1.625873284e+00 1.710018215e+00 
1.247562025e+00 1.606841725e+00 1.702076503e+00 
1.231860737e+00 1.632859552e+00 1.710018215e+00 
1.212161205e+00 1.544447121e+00 1.626812386e+00 
1.216257168e+00 1.537219947e+00 1.626812386e+00 
1.247708309e+00 1.543242592e+00 1.655956284e+00 
1.208260094e+00 1.578896651e+00 1.627176685e+00 
1.183879462e+00 1.582992050e+00 1.648451730e+00 
1.195338502e+00 1.580101180e+00 1.610491803e+00 
1.225521650e+00 1.562515057e+00 1.651438980e+00 
1.002633119e+00 1.062153698e+00 1.000000000e+00 
1.077238151e+00 1.075885329e+00 1.102659381e+00 
1.040228204e+00 1.078294387e+00 1.095956284e+00 
1.029549444e+00 1.010840761e+00 1.050783242e+00 
1.019016969e+00 1.015899783e+00 1.038032787e+00 
1.040228204e+00 1.071067213e+00 1.071329690e+00 
1.005705091e+00 1.065526379e+00 1.067759563e+00 
1.002633119e+00 1.068176343e+00 1.069653916e+00 
1.029549444e+00 1.062153698e+00 1.069653916e+00 
1.021942657e+00 1.044085762e+00 1.064626594e+00 
1.044177882e+00 1.054444712e+00 1.071329690e+00 
1.029549444e+00 1.002409058e+00 1.000000000e+00 
1.019016969e+00 1.009154421e+00 1.000000000e+00 
1.086307782e+00 1.020236088e+00 1.060400729e+00 
1.155792861e+00 1.284268851e+00 1.252531876e+00 
1.201238444e+00 1.272946278e+00 1.343606557e+00 
1.158962259e+00 1.216333414e+00 1.292750455e+00 
1.248342013e+00 1.249337509e+00 1.343606557e+00 
1.193777940e+00 1.312936642e+00 1.343606557e+00 
1.257264482e+00 1.348590701e+00 1.383825137e+00 
1.194509362e+00 1.367140448e+00 1.383825137e+00 
1.164423640e+00 1.316550229e+00 1.343606557e+00 
1.197922762e+00 1.350517947e+00 1.383825137e+00 
1.193144236e+00 1.370754035e+00 1.383825137e+00 
1.235030135e+00 1.379667550e+00 1.407285974e+00 
1.192997952e+00 1.384485666e+00 1.407285974e+00 
1.091184026e+00 1.285714286e+00 1.216976321e+00 
1.102009070e+00 1.287882438e+00 1.233806922e+00 
1.134532768e+00 1.250060226e+00 1.245901639e+00 
1.117563780e+00 1.267405444e+00 1.245901639e+00 
1.120343183e+00 1.262587328e+00 1.245901639e+00 
1.103423054e+00 1.250060226e+00 1.232058288e+00 
1.132387361e+00 1.205974464e+00 1.218069217e+00 
1.153598596e+00 1.190556492e+00 1.218069217e+00 
1.120830895e+00 1.240664900e+00 1.218069217e+00 
1.128730252e+00 1.215369790e+00 1.218069217e+00 
1.124488005e+00 1.239701277e+00 1.218069217e+00 
1.053881510e+00 1.117080222e+00 1.118542805e+00 
1.124926858e+00 1.093953264e+00 1.125828780e+00 
1.072410767e+00 1.103830402e+00 1.133624772e+00 
1.104739614e+00 1.135870874e+00 1.183825137e+00 
1.173200702e+00 1.112743917e+00 1.138797814e+00 
1.092988005e+00 1.189351963e+00 1.140036430e+00 
1.066315682e+00 1.217297037e+00 1.126338798e+00 
1.195435927e+00 1.164297760e+00 1.184189435e+00 
1.397697484e+00 1.467116358e+00 1.443060109e+00 
1.429880047e+00 1.436521320e+00 1.445610200e+00 
1.485664131e+00 1.492652373e+00 1.455227687e+00 
1.183586893e+00 1.601300891e+00 1.576976321e+00 
1.197922762e+00 1.561792339e+00 1.578797814e+00 
1.194607080e+00 1.568296796e+00 1.566047359e+00 
1.189243125e+00 1.580342086e+00 1.606047359e+00 
1.208552662e+00 1.568778608e+00 1.602550091e+00 
1.196703628e+00 1.576969405e+00 1.599562842e+00 
1.189487127e+00 1.579137557e+00 1.601238616e+00 

1.095669982e+00 1.000000000e+00 1.000000000e+00 
1.019016969e+00 1.009154421e+00 1.000000000e+00 
1.005705091e+00 1.059744640e+00 1.000000000e+00 
1.114491808e+00 1.130811853e+00 1.167504554e+00 
1.042129901e+00 1.157552397e+00 1.178360656e+00 
1.057928613e+00 1.141652614e+00 1.178360656e+00 
1.037058806e+00 1.138279933e+00 1.167504554e+00 
1.099765945e+00 1.080462539e+00 1.077158470e+00 
1.031304857e+00 1.073958082e+00 1.072568306e+00 
1.092890579e+00 1.135870874e+00 1.146739526e+00 
1.103861908e+00 1.109130330e+00 1.134863388e+00 
1.084552370e+00 1.125993736e+00 1.122695811e+00 
1.079286132e+00 1.087207902e+00 1.110601093e+00 
1.086307782e+00 1.020236088e+00 1.060400729e+00 
1.021942657e+00 1.044085762e+00 1.064626594e+00 
1.005705091e+00 1.065526379e+00 1.067759563e+00 
1.029549444e+00 1.027704168e+00 1.062295082e+00 
1.075190170e+00 1.013249819e+00 1.036138434e+00 
1.019016969e+00 1.015899783e+00 1.038032787e+00 
1.088599473e+00 1.208865334e+00 1.279781421e+00 
1.149697776e+00 1.195856420e+00 1.279781421e+00 
1.072605910e+00 1.216092508e+00 1.279781421e+00 
1.115418373e+00 1.198988196e+00 1.279781421e+00 
1.184464599e+00 1.414117080e+00 1.421857923e+00 
1.190803686e+00 1.410262587e+00 1.421857923e+00 
1.201531012e+00 1.403517225e+00 1.421857923e+00 
1.183099181e+00 1.420862443e+00 1.421857923e+00 
1.183196899e+00 1.420380631e+00 1.421857923e+00 
1.169104740e+00 1.425921465e+00 1.421857923e+00 
1.165398771e+00 1.440857625e+00 1.421857923e+00 
1.150331480e+00 1.341845338e+00 1.350528233e+00 
1.135800761e+00 1.352686100e+00 1.350528233e+00 
1.118587771e+00 1.354854252e+00 1.350528233e+00 
1.233177297e+00 1.337749940e+00 1.357231330e+00 
1.170616442e+00 1.378222115e+00 1.357231330e+00 
1.190705968e+00 1.355576969e+00 1.357231330e+00 
1.148478642e+00 1.428089617e+00 1.371074681e+00 
1.172176712e+00 1.402553602e+00 1.371074681e+00 
1.268870685e+00 1.385931101e+00 1.421857923e+00 
1.251121416e+00 1.391471934e+00 1.421857923e+00 
1.213477765e+00 1.391953746e+00 1.421857923e+00 
1.251560269e+00 1.390026500e+00 1.421857923e+00 
1.330067291e+00 1.646350277e+00 1.686047359e+00 
1.308317730e+00 1.516020236e+00 1.530054645e+00 
1.716500878e+00 1.813779812e+00 1.744772313e+00 

1.300078994e+00 1.411226211e+00 1.552349727e+00 
1.269844939e+00 1.422789689e+00 1.552349727e+00 
1.297542422e+00 1.416767044e+00 1.552349727e+00 
1.288472791e+00 1.419657914e+00 1.552349727e+00 
1.141505851e+00 1.467598169e+00 1.505792350e+00 
1.173785840e+00 1.388581065e+00 1.514316940e+00 
1.219036571e+00 1.386653818e+00 1.514316940e+00 
1.161595377e+00 1.399180920e+00 1.514316940e+00 
1.148917496e+00 1.435316791e+00 1.514316940e+00 
1.145114102e+00 1.440134907e+00 1.514316940e+00 
1.195045933e+00 1.443266683e+00 1.531948998e+00 
1.225570509e+00 1.431703204e+00 1.531948998e+00 
1.187146577e+00 1.468802698e+00 1.531948998e+00 
1.189389409e+00 1.464948205e+00 1.544408015e+00 
1.208991516e+00 1.435316791e+00 1.544408015e+00 
1.192120246e+00 1.444471212e+00 1.519781421e+00 
1.189194558e+00 1.457239219e+00 1.531948998e+00 
1.195631071e+00 1.394603710e+00 1.527723133e+00 
1.174614687e+00 1.467116358e+00 1.527723133e+00 
1.169397308e+00 1.483979764e+00 1.556575592e+00 
1.204993271e+00 1.437244038e+00 1.552349727e+00 
1.193387946e+00 1.445675741e+00 1.552349727e+00 
1.202457578e+00 1.442784871e+00 1.552349727e+00 
1.267311293e+00 1.428330523e+00 1.552349727e+00 
1.253949678e+00 1.430257769e+00 1.552349727e+00 
1.198069046e+00 1.576969405e+00 1.683497268e+00 
1.206163546e+00 1.556010600e+00 1.683497268e+00 
1.200604740e+00 1.571428571e+00 1.683497268e+00 
1.203627853e+00 1.561551433e+00 1.683497268e+00 
1.197971621e+00 1.583714768e+00 1.683497268e+00 
1.226740784e+00 1.544447121e+00 1.683497268e+00 
1.230300468e+00 1.593591906e+00 1.688743169e+00 
1.244099766e+00 1.561792339e+00 1.688743169e+00 
1.237078116e+00 1.566610455e+00 1.688743169e+00 
1.216842305e+00 1.635750422e+00 1.688743169e+00 
1.229032475e+00 1.601782703e+00 1.688743169e+00 
1.360737273e+00 1.512406649e+00 1.683497268e+00 
1.397015799e+00 1.507829439e+00 1.683497268e+00 
1.265652428e+00 1.538424476e+00 1.683497268e+00 
1.289057929e+00 1.533365454e+00 1.683497268e+00 
1.291594500e+00 1.514815707e+00 1.683497268e+00 
1.319973669e+00 1.543242592e+00 1.688743169e+00 
1.292957870e+00 1.561069622e+00 1.688743169e+00 
1.208504096e+00 1.486870634e+00 1.616976321e+00 
1.180319778e+00 1.518188388e+00 1.610928962e+00 
1.170665009e+00 1.549265237e+00 1.610928962e+00 
1.219719134e+00 1.441098530e+00 1.554681239e+00 
1.220889409e+00 1.436039509e+00 1.558397086e+00 
1.198751609e+00 1.458925560e+00 1.566193078e+00 
1.171737858e+00 1.526138280e+00 1.572313297e+00 
1.176418958e+00 1.517706577e+00 1.572313297e+00 
1.177296665e+00 1.477234401e+00 1.556575592e+00 
1.181782621e+00 1.470007227e+00 1.556575592e+00 
1.186658865e+00 1.493134185e+00 1.580837887e+00 
1.185683733e+00 1.495784148e+00 1.574134791e+00 
1.199141896e+00 1.444230306e+00 1.592349727e+00 
1.229081334e+00 1.475307155e+00 1.616976321e+00 
1.196606202e+00 1.504215852e+00 1.616976321e+00 
1.194070509e+00 1.509756685e+00 1.616976321e+00 
1.183635752e+00 1.525415563e+00 1.616976321e+00 
1.216208309e+00 1.478198025e+00 1.616976321e+00 
1.194168227e+00 1.506384004e+00 1.616976321e+00 
1.189389409e+00 1.516502048e+00 1.616976321e+00 
1.215525746e+00 1.495061431e+00 1.624918033e+00 
1.202652721e+00 1.506384004e+00 1.618870674e+00 
1.183733177e+00 1.518670200e+00 1.616976321e+00 
1.194948215e+00 1.506624910e+00 1.624918033e+00 
1.205968403e+00 1.492411467e+00 1.616976321e+00 
1.205870977e+00 1.499397735e+00 1.616976321e+00 
1.180222352e+00 1.536015418e+00 1.639417122e+00 
1.189291984e+00 1.526860997e+00 1.623096539e+00 
1.196411059e+00 1.528065526e+00 1.632714026e+00 
1.293739029e+00 1.491206938e+00 1.624918033e+00 
1.277843768e+00 1.492411467e+00 1.618870674e+00 
1.324166179e+00 1.449289328e+00 1.616976321e+00 
1.263311878e+00 1.471211756e+00 1.616976321e+00 
1.307197191e+00 1.489520597e+00 1.624918033e+00 
1.295590989e+00 1.495543243e+00 1.658870674e+00 
1.184610884e+00 1.564924115e+00 1.658870674e+00 
1.190072264e+00 1.564201397e+00 1.645464481e+00 
1.196801346e+00 1.513370272e+00 1.658870674e+00 
1.191925102e+00 1.556974223e+00 1.645464481e+00 
1.186366296e+00 1.564442303e+00 1.658870674e+00 
1.045933294e+00 1.033726813e+00 1.056903461e+00 
1.005705091e+00 1.059744640e+00 1.000000000e+00 
1.029549444e+00 1.002409058e+00 1.000000000e+00 
1.021942657e+00 1.028426885e+00 1.000000000e+00 
1.086307782e+00 1.020236088e+00 1.060400729e+00 
1.021942657e+00 1.044085762e+00 1.064626594e+00 
1.095669982e+00 1.000000000e+00 1.000000000e+00 
1.029549444e+00 1.010840761e+00 1.050783242e+00 
1.002633119e+00 1.068176343e+00 1.069653916e+00 
1.029549444e+00 1.062153698e+00 1.069653916e+00 
1.002633119e+00 1.062153698e+00 1.000000000e+00 
1.005705091e+00 1.065526379e+00 1.067759563e+00 
1.021942657e+00 1.035654059e+00 1.024626594e+00 
1.253657109e+00 1.258251024e+00 1.244881603e+00 
1.334552370e+00 1.275596242e+00 1.253770492e+00 
1.206992393e+00 1.375572151e+00 1.459380692e+00 
1.173005559e+00 1.386653818e+00 1.459380692e+00 
1.153208602e+00 1.387376536e+00 1.459380692e+00 
1.136727033e+00 1.435075885e+00 1.433224044e+00 
1.189584552e+00 1.385449289e+00 1.429653916e+00 
1.366685196e+00 1.355576969e+00 1.458069217e+00 
1.193583090e+00 1.361599615e+00 1.429653916e+00 
1.198361615e+00 1.367622260e+00 1.439271403e+00 
1.252681978e+00 1.312213924e+00 1.354535519e+00 
1.160912815e+00 1.377981209e+00 1.400801457e+00 
1.165593915e+00 1.367622260e+00 1.394754098e+00 
1.149502633e+00 1.414598892e+00 1.408597450e+00 
1.180319778e+00 1.304745844e+00 1.293114754e+00 
1.161010240e+00 1.370272224e+00 1.354535519e+00 
1.175736396e+00 1.342568056e+00 1.354535519e+00 
1.054710357e+00 1.085039749e+00 1.106375228e+00 
1.035254535e+00 1.176583956e+00 1.114316940e+00 
1.164813634e+00 1.167911347e+00 1.231038251e+00 
1.114199239e+00 1.168152252e+00 1.231038251e+00 
1.064218841e+00 1.190556492e+00 1.231839709e+00 
1.056124342e+00 1.158034209e+00 1.192714026e+00 
1.040228204e+00 1.159238738e+00 1.193806922e+00 
1.117173786e+00 1.142375331e+00 1.207213115e+00 

1.029549444e+00 1.002409058e+00 1.000000000e+00 
1.019016969e+00 1.009154421e+00 1.000000000e+00 
1.002633119e+00 1.062153698e+00 1.000000000e+00 
1.021942657e+00 1.044085762e+00 1.064626594e+00 
1.132826214e+00 1.051312937e+00 1.093624772e+00 
1.031304857e+00 1.073958082e+00 1.072568306e+00 
1.029549444e+00 1.027704168e+00 1.062295082e+00 
1.002633119e+00 1.068176343e+00 1.069653916e+00 
1.112053833e+00 1.071308119e+00 1.072568306e+00 
1.019016969e+00 1.015899783e+00 1.038032787e+00 
1.029549444e+00 1.010840761e+00 1.050783242e+00 
1.095669982e+00 1.005781739e+00 1.031329690e+00 
1.040667057e+00 1.092507829e+00 1.105792350e+00 
1.056465769e+00 1.114912069e+00 1.117304189e+00 
1.070947923e+00 1.083594315e+00 1.117304189e+00 
1.135751902e+00 1.112262106e+00 1.126921676e+00 
1.083382095e+00 1.102144062e+00 1.123205829e+00 
1.123464014e+00 1.258251024e+00 1.313661202e+00 
1.158474839e+00 1.379667550e+00 1.444954463e+00 
1.147064658e+00 1.387135630e+00 1.454571949e+00 
1.169153599e+00 1.298723199e+00 1.454571949e+00 
1.250146284e+00 1.325222838e+00 1.460692168e+00 
1.157353130e+00 1.408817152e+00 1.473442623e+00 
1.162083090e+00 1.373403999e+00 1.473442623e+00 
1.168227033e+00 1.327150084e+00 1.473442623e+00 
1.173249561e+00 1.430257769e+00 1.511475410e+00 
1.178613224e+00 1.394844616e+00 1.511475410e+00 
1.184757168e+00 1.353408817e+00 1.511475410e+00 
1.111614980e+00 1.328113708e+00 1.345792350e+00 
1.116637507e+00 1.305709468e+00 1.345792350e+00 
1.114638092e+00 1.310768490e+00 1.345792350e+00 
1.161449093e+00 1.298723199e+00 1.345792350e+00 
1.107275307e+00 1.328836425e+00 1.345792350e+00 
1.100351083e+00 1.337268128e+00 1.345792350e+00 
1.092646870e+00 1.347627078e+00 1.345792350e+00 
1.111468695e+00 1.140207179e+00 1.167285974e+00 
1.050711820e+00 1.125271019e+00 1.138943534e+00 
1.061488297e+00 1.209828957e+00 1.285391621e+00 
1.058318607e+00 1.234160443e+00 1.285391621e+00 
1.066023113e+00 1.143820766e+00 1.217632058e+00 
1.044665594e+00 1.191279210e+00 1.228488160e+00 
1.090550029e+00 1.195856420e+00 1.260765027e+00 
1.220060562e+00 1.448325705e+00 1.582805100e+00 
1.266872440e+00 1.414117080e+00 1.520510018e+00 
1.243368344e+00 1.578655746e+00 1.708852459e+00 
1.256047396e+00 1.537219947e+00 1.708852459e+00 
1.293788765e+00 1.514574801e+00 1.708852459e+00 
1.252974547e+00 1.548783426e+00 1.708852459e+00 
1.245708894e+00 1.506865815e+00 1.672714026e+00 
1.239516384e+00 1.515779330e+00 1.670819672e+00 
1.233031012e+00 1.548301614e+00 1.672714026e+00 
1.290763604e+00 1.496747772e+00 1.672714026e+00 
1.215233177e+00 1.524933751e+00 1.637522769e+00 
1.234542715e+00 1.515297519e+00 1.642331512e+00 
1.235566706e+00 1.513611178e+00 1.650273224e+00 
1.225911937e+00 1.463502770e+00 1.641384335e+00 
1.227764775e+00 1.528788244e+00 1.651948998e+00 
1.204895553e+00 1.494579619e+00 1.601384335e+00 
1.314461673e+00 1.605155384e+00 1.730127505e+00 
1.326456992e+00 1.561551433e+00 1.731220401e+00 
1.315389116e+00 1.574319441e+00 1.731220401e+00 
1.282232300e+00 1.524692845e+00 1.708852459e+00 
1.648867759e+00 1.570946760e+00 1.769253188e+00 
1.472595085e+00 1.574560347e+00 1.769253188e+00 
1.543396723e+00 1.549265237e+00 1.730127505e+00 
1.275307197e+00 1.702963141e+00 1.769253188e+00 
1.275403745e+00 1.698145025e+00 1.769253188e+00 
1.331676419e+00 1.606600819e+00 1.769253188e+00 
1.331919251e+00 1.595760058e+00 1.769253188e+00 
1.342987127e+00 1.582992050e+00 1.769253188e+00 
1.301053248e+00 1.664900024e+00 1.769253188e+00 
1.301541837e+00 1.637195856e+00 1.769253188e+00 
1.288083675e+00 1.666827271e+00 1.769253188e+00 
1.285058514e+00 1.675018068e+00 1.769253188e+00 
1.303393798e+00 1.629486871e+00 1.769253188e+00 
1.321922177e+00 1.628282342e+00 1.769253188e+00 

1.210552077e+00 1.562033245e+00 1.741639344e+00 
1.214550322e+00 1.555287882e+00 1.741639344e+00 
1.236444412e+00 1.554083353e+00 1.741639344e+00 
1.266187829e+00 1.523488316e+00 1.741639344e+00 
1.241759216e+00 1.530233679e+00 1.741639344e+00 
1.194558221e+00 1.539869911e+00 1.681238616e+00 
1.191047396e+00 1.518911106e+00 1.679344262e+00 
1.257460503e+00 1.449530234e+00 1.646703097e+00 
1.227423347e+00 1.464466394e+00 1.646703097e+00 
1.245757753e+00 1.478679836e+00 1.649908925e+00 
1.218353716e+00 1.465670923e+00 1.645610200e+00 
1.241564365e+00 1.451698386e+00 1.640655738e+00 
1.293788765e+00 1.458925560e+00 1.649908925e+00 
1.291056173e+00 1.459166466e+00 1.649908925e+00 
1.186561439e+00 1.532401831e+00 1.649908925e+00 
1.226887068e+00 1.492411467e+00 1.670309654e+00 
1.220596840e+00 1.489520597e+00 1.646703097e+00 
1.189389409e+00 1.496506866e+00 1.649908925e+00 
1.243027209e+00 1.488316068e+00 1.649908925e+00 
1.226935927e+00 1.484943387e+00 1.646703097e+00 
1.185000878e+00 1.494338714e+00 1.641311475e+00 
1.319923932e+00 1.502770417e+00 1.702513661e+00 
1.183050614e+00 1.551674295e+00 1.702513661e+00 
1.199629315e+00 1.536015418e+00 1.703606557e+00 
1.190754827e+00 1.549987955e+00 1.710309654e+00 
1.252389409e+00 1.461575524e+00 1.684735883e+00 
1.202457578e+00 1.499156830e+00 1.684735883e+00 
1.251901697e+00 1.482052517e+00 1.684735883e+00 
1.227813634e+00 1.490484221e+00 1.684735883e+00 
1.224595377e+00 1.503011323e+00 1.702513661e+00 
1.212648625e+00 1.520838352e+00 1.702513661e+00 
1.208698947e+00 1.514574801e+00 1.697559199e+00 
1.200117028e+00 1.520115635e+00 1.697559199e+00 
1.229227618e+00 1.505179475e+00 1.703606557e+00 
1.247805734e+00 1.489038786e+00 1.697559199e+00 
1.312366881e+00 1.446157552e+00 1.697559199e+00 
1.289739614e+00 1.465670923e+00 1.697559199e+00 
1.267018724e+00 1.472416285e+00 1.697559199e+00 
1.273259216e+00 1.471693568e+00 1.697559199e+00 
1.333039789e+00 1.425680559e+00 1.594899818e+00 
1.295883558e+00 1.427366900e+00 1.594899818e+00 
1.258434757e+00 1.439171284e+00 1.612167577e+00 
1.238346109e+00 1.463743676e+00 1.626229508e+00 
1.274283207e+00 1.415803421e+00 1.587613843e+00 
1.199239321e+00 1.478920742e+00 1.609908925e+00 
1.226253072e+00 1.435557697e+00 1.587613843e+00 
1.201433587e+00 1.473139003e+00 1.587613843e+00 
1.225911937e+00 1.451698386e+00 1.587613843e+00 
1.257656524e+00 1.431462298e+00 1.587613843e+00 
1.198849327e+00 1.483979764e+00 1.587613843e+00 
1.240150088e+00 1.531197302e+00 1.741639344e+00 
1.244148625e+00 1.524451939e+00 1.741639344e+00 
1.270090696e+00 1.506624910e+00 1.741639344e+00 
1.497755998e+00 1.495061431e+00 1.741639344e+00 
1.481372147e+00 1.502288605e+00 1.741639344e+00 
1.019016969e+00 1.015899783e+00 1.038032787e+00 
1.044177882e+00 1.054444712e+00 1.071329690e+00 
1.032913985e+00 1.050349313e+00 1.044080146e+00 
1.029744587e+00 1.091062395e+00 1.071329690e+00 
1.075190170e+00 1.013249819e+00 1.036138434e+00 
1.031304857e+00 1.073958082e+00 1.072568306e+00 
1.002633119e+00 1.068176343e+00 1.069653916e+00 
1.075190170e+00 1.006745363e+00 1.000000000e+00 
1.002633119e+00 1.062153698e+00 1.000000000e+00 
1.112053833e+00 1.071308119e+00 1.072568306e+00 
1.019016969e+00 1.009154421e+00 1.000000000e+00 
1.029549444e+00 1.062153698e+00 1.069653916e+00 
1.040228204e+00 1.071067213e+00 1.071329690e+00 
1.197873903e+00 1.413153457e+00 1.308123862e+00 
1.204359274e+00 1.368826789e+00 1.301639344e+00 
1.225473084e+00 1.255360154e+00 1.299016393e+00 
1.231129315e+00 1.352686100e+00 1.383242259e+00 
1.212014921e+00 1.377981209e+00 1.383242259e+00 
1.207528672e+00 1.287641532e+00 1.299016393e+00 
1.384727911e+00 1.316550229e+00 1.383242259e+00 
1.253853130e+00 1.323777403e+00 1.383242259e+00 
1.228593622e+00 1.354854252e+00 1.383242259e+00 
1.224790228e+00 1.357986027e+00 1.383242259e+00 
1.178856934e+00 1.301373163e+00 1.299016393e+00 
1.174760971e+00 1.176583956e+00 1.208743169e+00 
1.079578701e+00 1.131052758e+00 1.181930783e+00 
1.071386776e+00 1.252469285e+00 1.296757741e+00 
1.142773552e+00 1.208865334e+00 1.296757741e+00 
1.083479520e+00 1.233196820e+00 1.296757741e+00 
1.107177589e+00 1.177547579e+00 1.246265938e+00 
1.069436220e+00 1.198265478e+00 1.246265938e+00 
1.076409304e+00 1.167911347e+00 1.128160291e+00 
1.079139848e+00 1.119971091e+00 1.119344262e+00 
1.032377706e+00 1.156829680e+00 1.102659381e+00 
1.063682563e+00 1.150325223e+00 1.116648452e+00 
1.036863663e+00 1.086966996e+00 1.113078324e+00 
1.050955822e+00 1.226933269e+00 1.142222222e+00 
1.054710357e+00 1.214406167e+00 1.142222222e+00 
1.053588941e+00 1.217778848e+00 1.142222222e+00 
1.062024576e+00 1.176102144e+00 1.142222222e+00 
1.059488882e+00 1.190074681e+00 1.142222222e+00 

1.366199532e+00 1.473139003e+00 1.682040073e+00 
1.212502341e+00 1.518429294e+00 1.682040073e+00 
1.214940609e+00 1.509274874e+00 1.682040073e+00 
1.223522528e+00 1.499638641e+00 1.682040073e+00 
1.178710650e+00 1.554565165e+00 1.682040073e+00 
1.171591574e+00 1.566851361e+00 1.682040073e+00 
1.271407256e+00 1.474343532e+00 1.682040073e+00 
1.235420421e+00 1.482052517e+00 1.682040073e+00 
1.249366004e+00 1.479402554e+00 1.682040073e+00 
1.234250146e+00 1.491688750e+00 1.682040073e+00 
1.188755705e+00 1.525174657e+00 1.682040073e+00 
1.188657987e+00 1.536738135e+00 1.682040073e+00 
1.268724400e+00 1.415321609e+00 1.533187614e+00 
1.203384143e+00 1.470729945e+00 1.533187614e+00 
1.200360737e+00 1.479161648e+00 1.533187614e+00 
1.194607080e+00 1.479884365e+00 1.533187614e+00 
1.272820363e+00 1.410503493e+00 1.533187614e+00 
1.203286425e+00 1.470970850e+00 1.533187614e+00 
1.187000293e+00 1.515779330e+00 1.533187614e+00 
1.294713283e+00 1.403517225e+00 1.533187614e+00 
1.216842305e+00 1.439653096e+00 1.533187614e+00 
1.347182563e+00 1.400144543e+00 1.533187614e+00 
1.208698947e+00 1.446157552e+00 1.533187614e+00 
1.260190170e+00 1.420139725e+00 1.533187614e+00 
1.229276477e+00 1.432425921e+00 1.533187614e+00 
1.095669982e+00 1.000000000e+00 1.000000000e+00 
1.019016969e+00 1.009154421e+00 1.000000000e+00 
1.002633119e+00 1.062153698e+00 1.000000000e+00 
1.029549444e+00 1.002409058e+00 1.000000000e+00 
1.171737858e+00 1.102384967e+00 1.119198543e+00 
1.122878877e+00 1.125752831e+00 1.131730419e+00 
1.144528964e+00 1.108648518e+00 1.131730419e+00 
1.002633119e+00 1.068176343e+00 1.069653916e+00 
1.029549444e+00 1.062153698e+00 1.069653916e+00 
1.031012288e+00 1.057094676e+00 1.056903461e+00 
1.025063487e+00 1.063599133e+00 1.050783242e+00 
1.019016969e+00 1.015899783e+00 1.038032787e+00 
1.029549444e+00 1.010840761e+00 1.050783242e+00 
1.045933294e+00 1.033726813e+00 1.056903461e+00 
1.050468110e+00 1.112503011e+00 1.091147541e+00 
1.107129023e+00 1.104312214e+00 1.089471767e+00 
1.112053833e+00 1.071308119e+00 1.072568306e+00 
1.105617320e+00 1.082389786e+00 1.071329690e+00 
1.064657695e+00 1.057335582e+00 1.066520947e+00 
1.103861908e+00 1.099012286e+00 1.071329690e+00 
1.356933879e+00 1.363045049e+00 1.365755920e+00 
1.186415155e+00 1.297277764e+00 1.325173042e+00 
1.275649503e+00 1.365935919e+00 1.465428051e+00 
1.349423640e+00 1.386894724e+00 1.476284153e+00 
1.426176126e+00 1.385208384e+00 1.469653916e+00 
1.045445582e+00 1.154179716e+00 1.146812386e+00 
1.080602692e+00 1.132498193e+00 1.180837887e+00 
1.084162376e+00 1.218260660e+00 1.271038251e+00 
1.116247221e+00 1.187424717e+00 1.271038251e+00 
1.071484201e+00 1.266200915e+00 1.271038251e+00 
1.078993563e+00 1.254637437e+00 1.271038251e+00 

1.166325336e+00 1.440857625e+00 1.609326047e+00 
1.220889409e+00 1.491929656e+00 1.614499089e+00 
1.210649503e+00 1.496265960e+00 1.614499089e+00 
1.160961673e+00 1.410503493e+00 1.573187614e+00 
1.160863956e+00 1.443266683e+00 1.573187614e+00 
1.138433879e+00 1.429294146e+00 1.558542805e+00 
1.208455237e+00 1.400867261e+00 1.587613843e+00 
1.175443827e+00 1.400144543e+00 1.565245902e+00 
1.252828262e+00 1.521561070e+00 1.651366120e+00 
1.204456700e+00 1.532160925e+00 1.648451730e+00 
1.209722937e+00 1.515056613e+00 1.648451730e+00 
1.223376243e+00 1.525415563e+00 1.673078324e+00 
1.215476887e+00 1.504456757e+00 1.636939891e+00 
1.198507899e+00 1.536256324e+00 1.673078324e+00 
1.193144236e+00 1.505902192e+00 1.636939891e+00 
1.213136337e+00 1.529751867e+00 1.673078324e+00 
1.232494734e+00 1.484702481e+00 1.628998179e+00 
1.183391750e+00 1.544688027e+00 1.614499089e+00 
1.289253950e+00 1.500843170e+00 1.654936248e+00 
1.173151843e+00 1.549024331e+00 1.614499089e+00 
1.271114687e+00 1.524451939e+00 1.666666667e+00 
1.240784084e+00 1.562996868e+00 1.691293260e+00 
1.246147747e+00 1.550710672e+00 1.691293260e+00 
1.257656524e+00 1.542038063e+00 1.691293260e+00 
1.219816559e+00 1.671163575e+00 1.698943534e+00 
1.204993271e+00 1.699349554e+00 1.698943534e+00 
1.324508484e+00 1.560346904e+00 1.727431694e+00 
1.329967817e+00 1.519152012e+00 1.705719490e+00 
1.302516091e+00 1.553601542e+00 1.705719490e+00 
1.248195728e+00 1.596723681e+00 1.720728597e+00 
1.265602692e+00 1.571187666e+00 1.720728597e+00 
1.267211820e+00 1.532160925e+00 1.691293260e+00 
1.227130778e+00 1.696458685e+00 1.733479053e+00 
1.218256290e+00 1.756685136e+00 1.771511840e+00 
1.215623171e+00 1.770657673e+00 1.771511840e+00 
1.220499415e+00 1.721512888e+00 1.771511840e+00 
1.231909596e+00 1.677908938e+00 1.771511840e+00 
1.228788765e+00 1.696940496e+00 1.771511840e+00 
1.260874781e+00 1.588291978e+00 1.749799636e+00 
1.265848449e+00 1.587087449e+00 1.749799636e+00 
1.267407841e+00 1.579378463e+00 1.749799636e+00 
1.252291691e+00 1.607082631e+00 1.749799636e+00 
1.241418081e+00 1.622018791e+00 1.771511840e+00 
1.248537156e+00 1.609732595e+00 1.771511840e+00 
1.253853130e+00 1.606600819e+00 1.771511840e+00 
1.284765945e+00 1.574078535e+00 1.771511840e+00 
1.254534816e+00 1.591664659e+00 1.771511840e+00 
1.236054125e+00 1.624427849e+00 1.771511840e+00 
1.019016969e+00 1.009154421e+00 1.000000000e+00 
1.095669982e+00 1.000000000e+00 1.000000000e+00 
1.002633119e+00 1.068176343e+00 1.069653916e+00 
1.031304857e+00 1.073958082e+00 1.072568306e+00 
1.005705091e+00 1.065526379e+00 1.067759563e+00 
1.029549444e+00 1.062153698e+00 1.069653916e+00 
1.108347864e+00 1.097085040e+00 1.100983607e+00 
1.104447045e+00 1.100698627e+00 1.102659381e+00 
1.072410767e+00 1.090339677e+00 1.080218579e+00 
1.045787010e+00 1.104794026e+00 1.134280510e+00 
1.095669982e+00 1.005781739e+00 1.031329690e+00 
1.075190170e+00 1.013249819e+00 1.036138434e+00 
1.019016969e+00 1.015899783e+00 1.038032787e+00 
1.086307782e+00 1.020236088e+00 1.060400729e+00 
1.029549444e+00 1.027704168e+00 1.062295082e+00 
1.112053833e+00 1.071308119e+00 1.072568306e+00 
1.064657695e+00 1.057335582e+00 1.066520947e+00 
1.105666179e+00 1.312936642e+00 1.375300546e+00 
1.096401404e+00 1.330281860e+00 1.375300546e+00 
1.103325629e+00 1.290532402e+00 1.314899818e+00 
1.136580749e+00 1.265719104e+00 1.375300546e+00 
1.124585430e+00 1.301854975e+00 1.375300546e+00 
1.163838502e+00 1.407371718e+00 1.550746812e+00 
1.165691340e+00 1.386412913e+00 1.508561020e+00 
1.149746343e+00 1.387617442e+00 1.542805100e+00 
1.094499707e+00 1.185256565e+00 1.207431694e+00 
1.120099473e+00 1.142616237e+00 1.169763206e+00 
1.093036864e+00 1.168393158e+00 1.154681239e+00 
1.102594207e+00 1.164779571e+00 1.215081967e+00 
1.187195143e+00 1.257287401e+00 1.285391621e+00 
1.236931831e+00 1.237292219e+00 1.285391621e+00 
1.154866296e+00 1.264032763e+00 1.285391621e+00 
1.165252487e+00 1.194892797e+00 1.281092896e+00 
1.153549737e+00 1.213442544e+00 1.281092896e+00 

1.002633119e+00 1.068176343e+00 1.069653916e+00 
1.095669982e+00 1.005781739e+00 1.031329690e+00 
1.021942657e+00 1.028426885e+00 1.000000000e+00 
1.086307782e+00 1.020236088e+00 1.060400729e+00 
1.021942657e+00 1.044085762e+00 1.064626594e+00 
1.029549444e+00 1.002409058e+00 1.000000000e+00 
1.048127560e+00 1.053481089e+00 1.082112933e+00 
1.002633119e+00 1.062153698e+00 1.000000000e+00 
1.047981276e+00 1.072271742e+00 1.089908925e+00 
1.031304857e+00 1.073958082e+00 1.072568306e+00 
1.029549444e+00 1.010840761e+00 1.050783242e+00 
1.029549444e+00 1.062153698e+00 1.069653916e+00 
1.021942657e+00 1.035654059e+00 1.024626594e+00 
1.205529549e+00 1.421103349e+00 1.675992714e+00 
1.155012580e+00 1.441821248e+00 1.675992714e+00 
1.210893212e+00 1.412912551e+00 1.675992714e+00 
1.193387946e+00 1.431944110e+00 1.675992714e+00 
1.231617028e+00 1.407371718e+00 1.675992714e+00 
1.147015799e+00 1.422307878e+00 1.639854281e+00 
1.159645114e+00 1.419176102e+00 1.603424408e+00 
1.202896431e+00 1.393399181e+00 1.639854281e+00 
1.197532768e+00 1.401589978e+00 1.639854281e+00 
1.234640140e+00 1.387858347e+00 1.639854281e+00 
1.136190755e+00 1.419417008e+00 1.615591985e+00 
1.161790521e+00 1.398217297e+00 1.625209472e+00 
1.161400527e+00 1.404480848e+00 1.619089253e+00 
1.241418081e+00 1.352686100e+00 1.619089253e+00 
1.244636337e+00 1.379426644e+00 1.625209472e+00 
1.188170568e+00 1.366176825e+00 1.615591985e+00 
1.177296665e+00 1.382317514e+00 1.619089253e+00 
1.180124927e+00 1.379908456e+00 1.615591985e+00 
1.194363078e+00 1.321850157e+00 1.407868852e+00 
1.113614102e+00 1.318718381e+00 1.376539162e+00 
1.117954067e+00 1.345699831e+00 1.407868852e+00 
1.203481568e+00 1.315345700e+00 1.407868852e+00 
1.148673786e+00 1.298241388e+00 1.376539162e+00 
1.137019602e+00 1.305468562e+00 1.376539162e+00 
1.143261264e+00 1.245483016e+00 1.332459016e+00 
1.122732592e+00 1.312213924e+00 1.376539162e+00 
1.191827677e+00 1.322572874e+00 1.407868852e+00 
1.036863663e+00 1.086966996e+00 1.113078324e+00 
1.049444119e+00 1.164779571e+00 1.204517304e+00 
1.075092744e+00 1.177306673e+00 1.255300546e+00 
1.176223815e+00 1.173211274e+00 1.255300546e+00 
1.062414570e+00 1.213442544e+00 1.255300546e+00 
1.069631363e+00 1.187665623e+00 1.255300546e+00 
1.153013458e+00 1.129848229e+00 1.161821494e+00 
1.103861908e+00 1.109130330e+00 1.134863388e+00 
1.081041545e+00 1.128643700e+00 1.139089253e+00 
1.057489760e+00 1.131293664e+00 1.125027322e+00 
1.099912229e+00 1.132257287e+00 1.183752277e+00 
1.073727326e+00 1.138520838e+00 1.185646630e+00 
1.064755120e+00 1.153697904e+00 1.191766849e+00 
1.127072264e+00 1.146952542e+00 1.191766849e+00 

1.314754242e+00 1.518188388e+00 1.761894353e+00 
1.178856934e+00 1.643459407e+00 1.752276867e+00 
1.182075190e+00 1.636954951e+00 1.752276867e+00 
1.204944412e+00 1.535774512e+00 1.727650273e+00 
1.211039497e+00 1.530233679e+00 1.727650273e+00 
1.195143359e+00 1.555769694e+00 1.727650273e+00 
1.232104447e+00 1.509756685e+00 1.727650273e+00 
1.211624634e+00 1.495302337e+00 1.722768670e+00 
1.197337624e+00 1.529751867e+00 1.722768670e+00 
1.190023406e+00 1.552397013e+00 1.722768670e+00 
1.237516969e+00 1.483738858e+00 1.722768670e+00 
1.222693681e+00 1.569501325e+00 1.752276867e+00 
1.214160328e+00 1.585160202e+00 1.752276867e+00 
1.230934172e+00 1.534329077e+00 1.761894353e+00 
1.223473669e+00 1.541797157e+00 1.761894353e+00 
1.256825629e+00 1.522765599e+00 1.761894353e+00 
1.202652721e+00 1.607564442e+00 1.752276867e+00 
1.209722937e+00 1.600819080e+00 1.752276867e+00 
1.190023406e+00 1.621055167e+00 1.752276867e+00 
1.202945290e+00 1.604191761e+00 1.752276867e+00 
1.193485372e+00 1.614791616e+00 1.752276867e+00 
1.193973084e+00 1.535774512e+00 1.695373406e+00 
1.195143359e+00 1.498915924e+00 1.689617486e+00 
1.194558221e+00 1.513852084e+00 1.676867031e+00 
1.203920421e+00 1.482052517e+00 1.705938069e+00 
1.225082797e+00 1.477957119e+00 1.665355191e+00 
1.386922177e+00 1.476511684e+00 1.698142077e+00 
1.183001755e+00 1.472657191e+00 1.660473588e+00 
1.196898771e+00 1.481570706e+00 1.691438980e+00 
1.176028964e+00 1.622741508e+00 1.680947177e+00 
1.302077238e+00 1.467357263e+00 1.689326047e+00 
1.190852253e+00 1.464948205e+00 1.664189435e+00 
1.291495026e+00 1.477234401e+00 1.704990893e+00 
1.267407841e+00 1.586123826e+00 1.783606557e+00 
1.252486834e+00 1.593591906e+00 1.783606557e+00 
1.293300176e+00 1.574560347e+00 1.783606557e+00 
1.247513166e+00 1.734280896e+00 1.783606557e+00 
1.240832943e+00 1.755480607e+00 1.783606557e+00 
1.251999122e+00 1.711876656e+00 1.783606557e+00 
1.232007022e+00 1.511443026e+00 1.730564663e+00 
1.346840257e+00 1.515538424e+00 1.761894353e+00 
1.300029257e+00 1.504456757e+00 1.730564663e+00 
1.517115272e+00 1.499397735e+00 1.737267760e+00 
1.290763604e+00 1.486870634e+00 1.723861566e+00 
1.095669982e+00 1.005781739e+00 1.031329690e+00 
1.029549444e+00 1.002409058e+00 1.000000000e+00 
1.095669982e+00 1.000000000e+00 1.000000000e+00 
1.019016969e+00 1.009154421e+00 1.000000000e+00 
1.019016969e+00 1.015899783e+00 1.038032787e+00 
1.029549444e+00 1.027704168e+00 1.062295082e+00 
1.002633119e+00 1.062153698e+00 1.000000000e+00 
1.002633119e+00 1.068176343e+00 1.069653916e+00 
1.029549444e+00 1.062153698e+00 1.069653916e+00 
1.029549444e+00 1.010840761e+00 1.050783242e+00 
1.025063487e+00 1.063599133e+00 1.050783242e+00 
1.177881802e+00 1.417971573e+00 1.408670310e+00 
1.180076068e+00 1.380149362e+00 1.408670310e+00 
1.215623171e+00 1.359431462e+00 1.408670310e+00 
1.222839965e+00 1.352445194e+00 1.408670310e+00 
1.198361615e+00 1.373163093e+00 1.408670310e+00 
1.209479228e+00 1.372199470e+00 1.408670310e+00 
1.235517847e+00 1.321127439e+00 1.408670310e+00 
1.227423347e+00 1.338713563e+00 1.408670310e+00 
1.296079579e+00 1.283787039e+00 1.289617486e+00 
1.267115272e+00 1.294145989e+00 1.289617486e+00 
1.386190755e+00 1.286677909e+00 1.322185792e+00 
1.364540667e+00 1.292459648e+00 1.322185792e+00 
1.439145699e+00 1.284750662e+00 1.322185792e+00 
1.349912229e+00 1.305709468e+00 1.322185792e+00 
1.124049152e+00 1.376535775e+00 1.313224044e+00 
1.166179052e+00 1.357745122e+00 1.346375228e+00 
1.209771796e+00 1.308359431e+00 1.350091075e+00 
1.140433002e+00 1.154179716e+00 1.183825137e+00 
1.104934757e+00 1.260900988e+00 1.210346084e+00 
1.130095670e+00 1.214887979e+00 1.195919854e+00 
1.114199239e+00 1.181642978e+00 1.172313297e+00 
1.138970158e+00 1.207660805e+00 1.186958106e+00 
1.119465477e+00 1.238255842e+00 1.268561020e+00 
1.199531890e+00 1.186702000e+00 1.268561020e+00 
1.107616442e+00 1.274150807e+00 1.268561020e+00 
1.131948508e+00 1.217056131e+00 1.268561020e+00 
1.061293154e+00 1.115634787e+00 1.143825137e+00 
1.042568754e+00 1.079980728e+00 1.130054645e+00 
1.059830310e+00 1.060949169e+00 1.086921676e+00 
1.031012288e+00 1.065526379e+00 1.107686703e+00 
1.166471621e+00 1.133943628e+00 1.147540984e+00 
1.158864833e+00 1.147916165e+00 1.147540984e+00 

1.368344061e+00 1.357022404e+00 1.468633880e+00 
1.371073727e+00 1.344736208e+00 1.468633880e+00 
1.277647747e+00 1.391231029e+00 1.527213115e+00 
1.287837917e+00 1.386653818e+00 1.527213115e+00 
1.149648917e+00 1.448325705e+00 1.527213115e+00 
1.159157402e+00 1.433148639e+00 1.527213115e+00 
1.165008777e+00 1.416767044e+00 1.527213115e+00 
1.159839965e+00 1.417007950e+00 1.527213115e+00 
1.171055295e+00 1.412430740e+00 1.527213115e+00 
1.183879462e+00 1.407853529e+00 1.527213115e+00 
1.201921299e+00 1.402312696e+00 1.527213115e+00 
1.169982446e+00 1.373885811e+00 1.459453552e+00 
1.290424225e+00 1.571669477e+00 1.576029144e+00 
1.238784962e+00 1.590460130e+00 1.553588342e+00 
1.275550029e+00 1.585882920e+00 1.576029144e+00 
1.253314804e+00 1.572874006e+00 1.561384335e+00 
1.282279111e+00 1.578173934e+00 1.576029144e+00 
1.281840257e+00 1.578655746e+00 1.576029144e+00 
1.227813634e+00 1.707540352e+00 1.612167577e+00 
1.235030135e+00 1.686822452e+00 1.612167577e+00 
1.237565828e+00 1.681281619e+00 1.612167577e+00 
1.241369222e+00 1.677668032e+00 1.612167577e+00 
1.261556466e+00 1.613587087e+00 1.580837887e+00 
1.251511703e+00 1.597446398e+00 1.576029144e+00 
1.261214160e+00 1.591664659e+00 1.576029144e+00 
1.248878584e+00 1.645145748e+00 1.580837887e+00 
1.222010825e+00 1.604191761e+00 1.576029144e+00 
1.242149503e+00 1.662972778e+00 1.612167577e+00 
1.251023991e+00 1.655263792e+00 1.612167577e+00 
1.251609128e+00 1.648277523e+00 1.612167577e+00 
1.266579871e+00 1.622018791e+00 1.612167577e+00 
1.368101229e+00 1.600819080e+00 1.597959927e+00 
1.371319485e+00 1.567092267e+00 1.597959927e+00 
1.312220597e+00 1.604914478e+00 1.597959927e+00 
1.367124049e+00 1.603469044e+00 1.597959927e+00 
1.402671153e+00 1.598650927e+00 1.612167577e+00 
1.276234640e+00 1.615273428e+00 1.612167577e+00 
1.273747806e+00 1.619850638e+00 1.612167577e+00 
1.308171445e+00 1.612141653e+00 1.612167577e+00 
1.395406671e+00 1.551433390e+00 1.597959927e+00 
1.251950556e+00 1.622259696e+00 1.612167577e+00 
1.021942657e+00 1.028426885e+00 1.000000000e+00 
1.052223523e+00 1.092989641e+00 1.089471767e+00 
1.002633119e+00 1.068176343e+00 1.069653916e+00 
1.029549444e+00 1.017827030e+00 1.000000000e+00 
1.005705091e+00 1.065526379e+00 1.067759563e+00 
1.044177882e+00 1.054444712e+00 1.071329690e+00 
1.081187829e+00 1.077089858e+00 1.082112933e+00 
1.029549444e+00 1.027704168e+00 1.062295082e+00 
1.029549444e+00 1.062153698e+00 1.069653916e+00 
1.002633119e+00 1.062153698e+00 1.000000000e+00 
1.040228204e+00 1.071067213e+00 1.071329690e+00 
1.021942657e+00 1.035654059e+00 1.024626594e+00 
1.005705091e+00 1.059744640e+00 1.000000000e+00 
1.035108250e+00 1.113225729e+00 1.153442623e+00 
1.121123464e+00 1.083353409e+00 1.126921676e+00 
1.056612054e+00 1.147434353e+00 1.197814208e+00 
1.045787010e+00 1.104794026e+00 1.134280510e+00 
1.120343183e+00 1.223319682e+00 1.285245902e+00 
1.123317730e+00 1.260178270e+00 1.287067395e+00 
1.148624927e+00 1.444230306e+00 1.468633880e+00 
1.156182855e+00 1.354613346e+00 1.457559199e+00 
1.126097133e+00 1.410985305e+00 1.457559199e+00 
1.147015799e+00 1.379908456e+00 1.459453552e+00 
1.153988590e+00 1.391471934e+00 1.468633880e+00 
1.134776770e+00 1.390508311e+00 1.457559199e+00 
1.200751024e+00 1.361599615e+00 1.468633880e+00 
1.252486834e+00 1.350758853e+00 1.457559199e+00 
1.138336161e+00 1.400385449e+00 1.459453552e+00 
1.149405208e+00 1.361840520e+00 1.457559199e+00 
1.174712405e+00 1.364008673e+00 1.459453552e+00 
1.121952311e+00 1.362804144e+00 1.418433515e+00 
1.164374781e+00 1.323295591e+00 1.389799636e+00 
1.162570802e+00 1.339677186e+00 1.397158470e+00 
1.175492393e+00 1.319200193e+00 1.402550091e+00 
1.160912815e+00 1.349313418e+00 1.421420765e+00 
1.136775892e+00 1.337027222e+00 1.388123862e+00 
1.274283207e+00 1.337027222e+00 1.430601093e+00 

1.029549444e+00 1.002409058e+00 1.000000000e+00 
1.029549444e+00 1.010840761e+00 1.050783242e+00 
1.019016969e+00 1.015899783e+00 1.038032787e+00 
1.021942657e+00 1.044085762e+00 1.064626594e+00 
1.059830310e+00 1.060949169e+00 1.086921676e+00 
1.044177882e+00 1.054444712e+00 1.071329690e+00 
1.019016969e+00 1.009154421e+00 1.000000000e+00 
1.040228204e+00 1.071067213e+00 1.071329690e+00 
1.302126975e+00 1.336063599e+00 1.525027322e+00 
1.289253950e+00 1.344977114e+00 1.525027322e+00 
1.177540374e+00 1.414357986e+00 1.536684882e+00 
1.178028087e+00 1.398940014e+00 1.536684882e+00 
1.197337624e+00 1.387858347e+00 1.536684882e+00 
1.192022528e+00 1.393640087e+00 1.536684882e+00 
1.188999415e+00 1.361599615e+00 1.525027322e+00 
1.188511703e+00 1.377017586e+00 1.525027322e+00 
1.186220012e+00 1.385931101e+00 1.525027322e+00 
1.289496782e+00 1.384485666e+00 1.536684882e+00 
1.244051200e+00 1.354854252e+00 1.525027322e+00 
1.258387946e+00 1.349795230e+00 1.525027322e+00 
1.176711527e+00 1.409298964e+00 1.525027322e+00 
1.181587771e+00 1.397735485e+00 1.525027322e+00 
1.187633996e+00 1.493856902e+00 1.575810565e+00 
1.196362493e+00 1.409298964e+00 1.575810565e+00 
1.195338502e+00 1.442784871e+00 1.575810565e+00 
1.195874781e+00 1.424716936e+00 1.575810565e+00 
1.185196021e+00 1.506143098e+00 1.575810565e+00 
1.195338502e+00 1.485666105e+00 1.575810565e+00 
1.187731714e+00 1.488797880e+00 1.575810565e+00 
1.215672030e+00 1.398217297e+00 1.575810565e+00 
1.193826799e+00 1.484943387e+00 1.556357013e+00 
1.162326799e+00 1.433148639e+00 1.536684882e+00 
1.219280281e+00 1.483979764e+00 1.607140255e+00 
1.195045933e+00 1.519392917e+00 1.607140255e+00 
1.316851960e+00 1.467839075e+00 1.607140255e+00 
1.302419544e+00 1.471693568e+00 1.607140255e+00 
1.264139848e+00 1.576487593e+00 1.617559199e+00 
1.265117028e+00 1.545892556e+00 1.617559199e+00 
1.104447045e+00 1.100698627e+00 1.102659381e+00 
1.115515799e+00 1.234401349e+00 1.178142077e+00 
1.060951726e+00 1.178029391e+00 1.091366120e+00 
1.152428321e+00 1.105034931e+00 1.117304189e+00 
1.131168227e+00 1.181883883e+00 1.169326047e+00 
1.105763604e+00 1.139484462e+00 1.163788707e+00 
1.221767115e+00 1.208142616e+00 1.189726776e+00 
1.102594207e+00 1.200433630e+00 1.150455373e+00 
1.101521358e+00 1.176583956e+00 1.115409836e+00 
1.062170860e+00 1.131052758e+00 1.108706740e+00 
1.102691633e+00 1.130330041e+00 1.154098361e+00 
1.134191633e+00 1.218983377e+00 1.246630237e+00 
1.094889702e+00 1.265960010e+00 1.344553734e+00 
1.110493563e+00 1.270537220e+00 1.346448087e+00 
1.341135167e+00 1.234401349e+00 1.337194900e+00 
1.159449971e+00 1.243314864e+00 1.339089253e+00 
1.147357226e+00 1.484702481e+00 1.469726776e+00 
1.144333821e+00 1.487834257e+00 1.469726776e+00 
1.147649795e+00 1.473139003e+00 1.469726776e+00 
1.121806027e+00 1.298241388e+00 1.406848816e+00 
1.129022820e+00 1.295591424e+00 1.406848816e+00 
1.092549152e+00 1.316550229e+00 1.406848816e+00 
1.131655939e+00 1.295109612e+00 1.406848816e+00 
1.119270626e+00 1.302336786e+00 1.406848816e+00 
1.153598596e+00 1.254637437e+00 1.406848816e+00 
1.131753365e+00 1.280414358e+00 1.406848816e+00 
1.143846401e+00 1.261382799e+00 1.406848816e+00 
1.138775015e+00 1.269332691e+00 1.406848816e+00 
1.133899064e+00 1.279209829e+00 1.406848816e+00 
1.178466940e+00 1.342808962e+00 1.466448087e+00 
1.174663546e+00 1.337509034e+00 1.460400729e+00 
1.158864833e+00 1.350999759e+00 1.488888889e+00 
1.160912815e+00 1.338954469e+00 1.464626594e+00 
1.198020187e+00 1.329077331e+00 1.457267760e+00 
1.174809830e+00 1.331968200e+00 1.462732240e+00 
1.221962259e+00 1.322331968e+00 1.488888889e+00 

1.308074898e+00 1.373403999e+00 1.587103825e+00 
1.316705676e+00 1.372922187e+00 1.587103825e+00 
1.260971328e+00 1.376294869e+00 1.587103825e+00 
1.162765652e+00 1.399421826e+00 1.587103825e+00 
1.173200702e+00 1.394603710e+00 1.587103825e+00 
1.160961673e+00 1.399662732e+00 1.587103825e+00 
1.170616442e+00 1.427607805e+00 1.591912568e+00 
1.151501755e+00 1.476993496e+00 1.587103825e+00 
1.177442949e+00 1.501324982e+00 1.618287796e+00 
1.177442949e+00 1.469766321e+00 1.610491803e+00 
1.218500000e+00 1.416767044e+00 1.623242259e+00 
1.178418081e+00 1.422789689e+00 1.623242259e+00 
1.220840550e+00 1.393158275e+00 1.623242259e+00 
1.218305149e+00 1.422066972e+00 1.623242259e+00 
1.187048859e+00 1.524451939e+00 1.667395264e+00 
1.189389409e+00 1.531679113e+00 1.675191257e+00 
1.199678174e+00 1.490484221e+00 1.681821494e+00 
1.302273259e+00 1.460852807e+00 1.681821494e+00 
1.373853130e+00 1.460130089e+00 1.681821494e+00 
1.230154184e+00 1.478679836e+00 1.681821494e+00 
1.257949093e+00 1.472657191e+00 1.681821494e+00 
1.181831480e+00 1.471693568e+00 1.650491803e+00 
1.229617613e+00 1.468079981e+00 1.676429872e+00 
1.244977472e+00 1.463020959e+00 1.672204007e+00 
1.180222352e+00 1.609009877e+00 1.680145719e+00 
1.161449093e+00 1.563478680e+00 1.636065574e+00 
1.179003218e+00 1.622982414e+00 1.669216758e+00 
1.161546811e+00 1.539147193e+00 1.636065574e+00 
1.209284084e+00 1.545169839e+00 1.738724954e+00 
1.176565243e+00 1.635509516e+00 1.669216758e+00 
1.180124927e+00 1.633341364e+00 1.680145719e+00 
1.186707724e+00 1.598410022e+00 1.674025501e+00 
1.187292861e+00 1.599855457e+00 1.680145719e+00 
1.197483909e+00 1.528788244e+00 1.694644809e+00 
1.189291984e+00 1.574560347e+00 1.680145719e+00 
1.197337624e+00 1.514815707e+00 1.681821494e+00 
1.189535693e+00 1.521801975e+00 1.681821494e+00 
1.187341428e+00 1.580101180e+00 1.680145719e+00 
1.253314804e+00 1.479161648e+00 1.702586521e+00 
1.214062902e+00 1.499638641e+00 1.694644809e+00 
1.236151843e+00 1.497229583e+00 1.707395264e+00 
1.240930369e+00 1.471934474e+00 1.680145719e+00 
1.322118198e+00 1.464225488e+00 1.694644809e+00 
1.231811878e+00 1.473620814e+00 1.681821494e+00 
1.253999415e+00 1.516020236e+00 1.738724954e+00 
1.255216501e+00 1.492170561e+00 1.738724954e+00 
1.199727033e+00 1.576487593e+00 1.738724954e+00 
1.190803686e+00 1.587087449e+00 1.738724954e+00 
1.206943534e+00 1.569501325e+00 1.738724954e+00 
1.200848449e+00 1.581787521e+00 1.740546448e+00 
1.180953774e+00 1.634304987e+00 1.740546448e+00 
1.188365418e+00 1.615273428e+00 1.740546448e+00 
1.195874781e+00 1.606600819e+00 1.740546448e+00 
1.213575190e+00 1.521801975e+00 1.738724954e+00 
1.503560562e+00 1.605396290e+00 1.742222222e+00 
1.583235810e+00 1.609973500e+00 1.767795993e+00 
1.556708602e+00 1.615032522e+00 1.767795993e+00 
1.464941486e+00 1.608528066e+00 1.742222222e+00 
1.281012288e+00 1.629486871e+00 1.767795993e+00 
1.269602106e+00 1.672849916e+00 1.767795993e+00 
1.342401989e+00 1.620573356e+00 1.799125683e+00 
1.290228204e+00 1.625391472e+00 1.799125683e+00 
1.323531305e+00 1.624909660e+00 1.799125683e+00 
1.287791106e+00 1.662250060e+00 1.799125683e+00 
1.193826799e+00 1.676704409e+00 1.799125683e+00 
1.062317145e+00 1.126234642e+00 1.172313297e+00 
1.019016969e+00 1.009154421e+00 1.000000000e+00 
1.075190170e+00 1.006745363e+00 1.000000000e+00 
1.005705091e+00 1.059744640e+00 1.000000000e+00 
1.002633119e+00 1.062153698e+00 1.000000000e+00 
1.145406671e+00 1.043844857e+00 1.091730419e+00 
1.029646870e+00 1.131534570e+00 1.106375228e+00 
1.040667057e+00 1.092507829e+00 1.105792350e+00 
1.097717964e+00 1.078776199e+00 1.104553734e+00 
1.021942657e+00 1.044085762e+00 1.064626594e+00 
1.034376829e+00 1.114189352e+00 1.069653916e+00 
1.019016969e+00 1.015899783e+00 1.038032787e+00 
1.064657695e+00 1.057335582e+00 1.066520947e+00 
1.005705091e+00 1.065526379e+00 1.067759563e+00 
1.086307782e+00 1.020236088e+00 1.060400729e+00 
1.095669982e+00 1.005781739e+00 1.031329690e+00 
1.075190170e+00 1.013249819e+00 1.036138434e+00 
1.045787010e+00 1.104794026e+00 1.134280510e+00 
1.318314804e+00 1.285473380e+00 1.343315118e+00 
1.218061147e+00 1.300891351e+00 1.343315118e+00 
1.354593329e+00 1.280655264e+00 1.343315118e+00 
1.376828555e+00 1.273909901e+00 1.343315118e+00 
1.165545056e+00 1.328354613e+00 1.514535519e+00 
1.150477765e+00 1.359913274e+00 1.515774135e+00 
1.144480105e+00 1.361599615e+00 1.524808743e+00 
1.153842305e+00 1.420139725e+00 1.587103825e+00 
1.190852253e+00 1.379667550e+00 1.587103825e+00 
1.165155061e+00 1.398217297e+00 1.587103825e+00 
1.189048274e+00 1.379908456e+00 1.587103825e+00 
1.155646577e+00 1.419898820e+00 1.587103825e+00 
1.166959333e+00 1.397976391e+00 1.587103825e+00 
1.144577823e+00 1.381594796e+00 1.549071038e+00 
1.148673786e+00 1.376776680e+00 1.555774135e+00 
1.142627267e+00 1.424235124e+00 1.520582878e+00 
1.256582797e+00 1.355576969e+00 1.543023679e+00 
1.254923932e+00 1.356781498e+00 1.523570128e+00 
1.210454359e+00 1.357504216e+00 1.519344262e+00 
1.120830895e+00 1.172006745e+00 1.175227687e+00 
1.143797542e+00 1.175379427e+00 1.182076503e+00 
1.141310708e+00 1.139243556e+00 1.175227687e+00 
1.085332651e+00 1.302095881e+00 1.328888889e+00 
1.102984201e+00 1.297036859e+00 1.328888889e+00 
1.076506729e+00 1.338472657e+00 1.328888889e+00 
1.094597133e+00 1.298723199e+00 1.328888889e+00 
1.122537449e+00 1.254396531e+00 1.278105647e+00 
1.122050029e+00 1.273668995e+00 1.278105647e+00 
1.090550029e+00 1.285714286e+00 1.278105647e+00 
1.115369514e+00 1.216333414e+00 1.267468124e+00 
1.119806905e+00 1.286677909e+00 1.328888889e+00 
1.163643359e+00 1.276318959e+00 1.328888889e+00 
1.171152721e+00 1.255841966e+00 1.328888889e+00 
1.147454652e+00 1.175379427e+00 1.205318761e+00 
1.074117320e+00 1.217537943e+00 1.234025501e+00 
1.044714160e+00 1.193447362e+00 1.182076503e+00 

1.147503511e+00 1.456275596e+00 1.656539162e+00 
1.147503511e+00 1.480366177e+00 1.656539162e+00 
1.188316852e+00 1.426403276e+00 1.656539162e+00 
1.241710650e+00 1.421103349e+00 1.656539162e+00 
1.186268871e+00 1.360154180e+00 1.558397086e+00 
1.239662668e+00 1.354854252e+00 1.558397086e+00 
1.233957578e+00 1.320404722e+00 1.497996357e+00 
1.215720597e+00 1.323536497e+00 1.497996357e+00 
1.184367174e+00 1.337268128e+00 1.497996357e+00 
1.229812756e+00 1.323054686e+00 1.490637523e+00 
1.155305149e+00 1.346422549e+00 1.497996357e+00 
1.155012580e+00 1.363285955e+00 1.517449909e+00 
1.331576946e+00 1.350517947e+00 1.544699454e+00 
1.240979228e+00 1.352445194e+00 1.539890710e+00 
1.225375366e+00 1.358708745e+00 1.553879781e+00 
1.244490053e+00 1.415321609e+00 1.616976321e+00 
1.354496782e+00 1.410985305e+00 1.616976321e+00 
1.231324459e+00 1.387617442e+00 1.612459016e+00 
1.127511118e+00 1.449048422e+00 1.620400729e+00 
1.140286717e+00 1.437966755e+00 1.593005464e+00 
1.160571387e+00 1.437725849e+00 1.599635701e+00 
1.154573727e+00 1.424476030e+00 1.594244080e+00 
1.141554418e+00 1.427366900e+00 1.597959927e+00 
1.129559099e+00 1.439653096e+00 1.597959927e+00 
1.137946167e+00 1.432185016e+00 1.591912568e+00 
1.183879462e+00 1.407853529e+00 1.609180328e+00 
1.223912522e+00 1.399180920e+00 1.612459016e+00 
1.170616442e+00 1.391471934e+00 1.594244080e+00 
1.167251902e+00 1.403758131e+00 1.596138434e+00 
1.179393505e+00 1.397494580e+00 1.597959927e+00 
1.164911352e+00 1.407853529e+00 1.599635701e+00 
1.218305149e+00 1.402553602e+00 1.599635701e+00 
1.154671445e+00 1.439894001e+00 1.612459016e+00 
1.168324459e+00 1.419176102e+00 1.620400729e+00 
1.162765652e+00 1.408335341e+00 1.565100182e+00 
1.164082212e+00 1.384244760e+00 1.577850638e+00 
1.158084552e+00 1.421103349e+00 1.583970856e+00 
1.159937683e+00 1.370031318e+00 1.552058288e+00 
1.179978642e+00 1.391231029e+00 1.583970856e+00 
1.211332066e+00 1.380390267e+00 1.576320583e+00 
1.178954652e+00 1.617200675e+00 1.746448087e+00 
1.210064365e+00 1.533365454e+00 1.746448087e+00 
1.194168227e+00 1.544447121e+00 1.746448087e+00 
1.183733177e+00 1.605396290e+00 1.746448087e+00 
1.177199239e+00 1.677427126e+00 1.746448087e+00 
1.191144822e+00 1.597928210e+00 1.746448087e+00 
1.194168227e+00 1.568537702e+00 1.746448087e+00 
1.390675834e+00 1.562274151e+00 1.777777778e+00 
1.372147455e+00 1.573114912e+00 1.777777778e+00 
1.378876536e+00 1.565646832e+00 1.777777778e+00 
1.274964892e+00 1.586846543e+00 1.777777778e+00 
1.270675834e+00 1.599132739e+00 1.777777778e+00 
1.282621416e+00 1.584919297e+00 1.777777778e+00 
1.234932709e+00 1.599614551e+00 1.777777778e+00 
1.300956700e+00 1.582028427e+00 1.777777778e+00 
1.201531012e+00 1.650686582e+00 1.777777778e+00 
1.196655061e+00 1.680317996e+00 1.777777778e+00 
1.212843768e+00 1.624427849e+00 1.777777778e+00 
1.527794032e+00 1.557456035e+00 1.777777778e+00 
1.300857226e+00 1.529510961e+00 1.746448087e+00 
1.400623171e+00 1.528788244e+00 1.746448087e+00 
1.206553540e+00 1.483738858e+00 1.681821494e+00 
1.197191340e+00 1.494338714e+00 1.707322404e+00 
1.262238151e+00 1.490484221e+00 1.707322404e+00 
1.181295202e+00 1.505420381e+00 1.707322404e+00 
1.431246343e+00 1.523729222e+00 1.746448087e+00 
1.255070217e+00 1.492170561e+00 1.707322404e+00 
1.190072264e+00 1.526138280e+00 1.710309654e+00 
1.174956115e+00 1.525656468e+00 1.707322404e+00 
1.189974547e+00 1.496747772e+00 1.673879781e+00 
1.058221182e+00 1.135629969e+00 1.146156648e+00 
1.062317145e+00 1.132016382e+00 1.146156648e+00 
1.095669982e+00 1.000000000e+00 1.000000000e+00 
1.044177882e+00 1.054444712e+00 1.071329690e+00 
1.031304857e+00 1.073958082e+00 1.072568306e+00 
1.029549444e+00 1.027704168e+00 1.062295082e+00 
1.021942657e+00 1.044085762e+00 1.064626594e+00 
1.112053833e+00 1.071308119e+00 1.072568306e+00 
1.002633119e+00 1.068176343e+00 1.069653916e+00 
1.029939438e+00 1.168152252e+00 1.116648452e+00 
1.037741369e+00 1.086966996e+00 1.123351548e+00 
1.087478057e+00 1.098530475e+00 1.128160291e+00 
1.029549444e+00 1.010840761e+00 1.050783242e+00 
1.095669982e+00 1.005781739e+00 1.031329690e+00 
1.021942657e+00 1.035654059e+00 1.024626594e+00 
1.002633119e+00 1.062153698e+00 1.000000000e+00 
1.021942657e+00 1.028426885e+00 1.000000000e+00 
1.029549444e+00 1.002409058e+00 1.000000000e+00 
1.084308660e+00 1.195856420e+00 1.174134791e+00 
1.100497367e+00 1.183329318e+00 1.187978142e+00 
1.126097133e+00 1.179233920e+00 1.192131148e+00 
1.167056758e+00 1.167670441e+00 1.164371585e+00 
1.195435927e+00 1.271500843e+00 1.246921676e+00 
1.103861908e+00 1.325945555e+00 1.247941712e+00 
1.108494149e+00 1.301373163e+00 1.247941712e+00 
1.120782036e+00 1.298000482e+00 1.247941712e+00 
1.117222645e+00 1.301132257e+00 1.247941712e+00 
1.223229959e+00 1.224765117e+00 1.204298725e+00 
1.183976887e+00 1.275596242e+00 1.207577413e+00 
1.194558221e+00 1.192724645e+00 1.194681239e+00 
1.245757753e+00 1.280173452e+00 1.262222222e+00 
1.151843183e+00 1.394844616e+00 1.270309654e+00 
1.167593037e+00 1.328113708e+00 1.305792350e+00 
1.212941194e+00 1.285955192e+00 1.305792350e+00 
1.210113224e+00 1.305950373e+00 1.305792350e+00 
1.170909011e+00 1.325704649e+00 1.305792350e+00 
1.173151843e+00 1.318477475e+00 1.305792350e+00 
1.279695728e+00 1.226210552e+00 1.230163934e+00 
1.257167934e+00 1.262828234e+00 1.230163934e+00 

1.166910474e+00 1.472175379e+00 1.557377049e+00 
1.167398186e+00 1.439894001e+00 1.557377049e+00 
1.158133411e+00 1.351722477e+00 1.535664845e+00 
1.155451434e+00 1.387617442e+00 1.535664845e+00 
1.171103862e+00 1.395567333e+00 1.557377049e+00 
1.202213868e+00 1.526138280e+00 1.589289617e+00 
1.204359274e+00 1.497229583e+00 1.589289617e+00 
1.283937975e+00 1.492411467e+00 1.589289617e+00 
1.196752487e+00 1.571428571e+00 1.589289617e+00 
1.200360737e+00 1.562274151e+00 1.589289617e+00 
1.185244880e+00 1.572874006e+00 1.589289617e+00 
1.202311293e+00 1.525897374e+00 1.589289617e+00 
1.202116150e+00 1.550469766e+00 1.589289617e+00 
1.211478350e+00 1.627318718e+00 1.643570128e+00 
1.239223815e+00 1.579619369e+00 1.640874317e+00 
1.213331480e+00 1.591182848e+00 1.640874317e+00 
1.243319778e+00 1.550710672e+00 1.640874317e+00 
1.207333821e+00 1.622741508e+00 1.640874317e+00 
1.235274137e+00 1.586846543e+00 1.640874317e+00 
1.463867759e+00 1.546615273e+00 1.640874317e+00 
1.215281744e+00 1.589255601e+00 1.659234973e+00 
1.243563487e+00 1.579860275e+00 1.659234973e+00 
1.253999415e+00 1.567814984e+00 1.659234973e+00 
1.340939146e+00 1.571428571e+00 1.694426230e+00 
1.303540082e+00 1.586605637e+00 1.694426230e+00 
1.222352253e+00 1.621536979e+00 1.680000000e+00 
1.224497659e+00 1.616718863e+00 1.684808743e+00 
1.312170860e+00 1.574319441e+00 1.694426230e+00 
1.310804564e+00 1.579619369e+00 1.694426230e+00 
1.242344353e+00 1.628764153e+00 1.716138434e+00 
1.299932709e+00 1.592869188e+00 1.716138434e+00 
1.369903452e+00 1.584678391e+00 1.716138434e+00 
1.249073435e+00 1.602264515e+00 1.716138434e+00 
1.228252487e+00 1.703685859e+00 1.716138434e+00 
1.207626390e+00 1.722476512e+00 1.716138434e+00 
1.200409596e+00 1.743194411e+00 1.716138434e+00 
1.230397894e+00 1.651891111e+00 1.716138434e+00 
1.226740784e+00 1.708263069e+00 1.716138434e+00 
1.202457578e+00 1.741748976e+00 1.716138434e+00 
1.219329140e+00 1.714526620e+00 1.716138434e+00 
1.241466647e+00 1.632377740e+00 1.716138434e+00 
1.019016969e+00 1.015899783e+00 1.038032787e+00 
1.031304857e+00 1.073958082e+00 1.072568306e+00 
1.005705091e+00 1.065526379e+00 1.067759563e+00 
1.095669982e+00 1.005781739e+00 1.031329690e+00 
1.029549444e+00 1.010840761e+00 1.050783242e+00 
1.095669982e+00 1.000000000e+00 1.000000000e+00 
1.005705091e+00 1.059744640e+00 1.000000000e+00 
1.019016969e+00 1.009154421e+00 1.000000000e+00 
1.029549444e+00 1.002409058e+00 1.000000000e+00 
1.021942657e+00 1.044085762e+00 1.064626594e+00 
1.244684903e+00 1.323295591e+00 1.286047359e+00 
1.249951141e+00 1.341604433e+00 1.491584699e+00 
1.299394383e+00 1.313900265e+00 1.421930783e+00 
1.289739614e+00 1.318959287e+00 1.428051002e+00 
1.294812756e+00 1.283064322e+00 1.295009107e+00 
1.264970743e+00 1.294868706e+00 1.295009107e+00 
1.153159743e+00 1.383281137e+00 1.477085610e+00 
1.157450848e+00 1.366417731e+00 1.477085610e+00 
1.139896723e+00 1.337749940e+00 1.475264117e+00 
1.152086893e+00 1.325704649e+00 1.475264117e+00 
1.150038912e+00 1.405444471e+00 1.495081967e+00 
1.070021358e+00 1.226451457e+00 1.120874317e+00 
1.064365126e+00 1.123825584e+00 1.102659381e+00 
1.128145114e+00 1.149602505e+00 1.175227687e+00 
1.148039789e+00 1.121898338e+00 1.126265938e+00 
1.060269163e+00 1.130089135e+00 1.113078324e+00 
1.091866589e+00 1.162852325e+00 1.172313297e+00 
1.077238151e+00 1.075885329e+00 1.102659381e+00 
1.103861908e+00 1.068417249e+00 1.100765027e+00 
1.065632826e+00 1.174656709e+00 1.117304189e+00 
1.093719427e+00 1.096362322e+00 1.105792350e+00 
1.053637507e+00 1.181883883e+00 1.089253188e+00 
1.185196021e+00 1.133702722e+00 1.175227687e+00 
1.087770626e+00 1.265960010e+00 1.190819672e+00 
1.174078408e+00 1.208383522e+00 1.200801457e+00 
1.124341720e+00 1.258732835e+00 1.267030965e+00 
1.161205383e+00 1.243796675e+00 1.267030965e+00 
1.119904330e+00 1.285714286e+00 1.267030965e+00 
1.102642774e+00 1.294627801e+00 1.267030965e+00 
1.371269748e+00 1.238978559e+00 1.267030965e+00 

1.169982446e+00 1.617923392e+00 1.630455373e+00 
1.171835284e+00 1.610937124e+00 1.630455373e+00 
1.167056758e+00 1.623946037e+00 1.630455373e+00 
1.174273552e+00 1.603228138e+00 1.630455373e+00 
1.172322996e+00 1.609973500e+00 1.630455373e+00 
1.162619368e+00 1.628282342e+00 1.630455373e+00 
1.157645699e+00 1.638400385e+00 1.630455373e+00 
1.280962551e+00 1.493134185e+00 1.647868852e+00 
1.278622001e+00 1.497711395e+00 1.647868852e+00 
1.287106495e+00 1.481570706e+00 1.647868852e+00 
1.286717379e+00 1.490243315e+00 1.647868852e+00 
1.280573435e+00 1.497470489e+00 1.647868852e+00 
1.188804272e+00 1.509756685e+00 1.630455373e+00 
1.193192803e+00 1.503974946e+00 1.630455373e+00 
1.183440609e+00 1.522042881e+00 1.630455373e+00 
1.267407841e+00 1.492170561e+00 1.630455373e+00 
1.180514921e+00 1.532883642e+00 1.630455373e+00 
1.174956115e+00 1.583232956e+00 1.630455373e+00 
1.174663546e+00 1.585160202e+00 1.630455373e+00 
1.176808953e+00 1.576246688e+00 1.630455373e+00 
1.179637215e+00 1.550469766e+00 1.630455373e+00 
1.179539789e+00 1.569501325e+00 1.630455373e+00 
1.210698362e+00 1.519633823e+00 1.647868852e+00 
1.211283499e+00 1.498675018e+00 1.647868852e+00 
1.208455237e+00 1.531679113e+00 1.647868852e+00 
1.212014921e+00 1.528065526e+00 1.669581056e+00 
1.184708309e+00 1.561310528e+00 1.669581056e+00 
1.176711527e+00 1.626355095e+00 1.669581056e+00 
1.178564365e+00 1.623223320e+00 1.669581056e+00 
1.207821240e+00 1.546856179e+00 1.669581056e+00 
1.181880339e+00 1.587087449e+00 1.669581056e+00 
1.181100059e+00 1.609009877e+00 1.669581056e+00 
1.199336747e+00 1.557937846e+00 1.669581056e+00 
1.212453774e+00 1.475307155e+00 1.562622951e+00 
1.169689877e+00 1.482534329e+00 1.562622951e+00 
1.165789058e+00 1.562996868e+00 1.571876138e+00 
1.172615565e+00 1.545410744e+00 1.565828780e+00 
1.179149503e+00 1.487593351e+00 1.563934426e+00 
1.183489468e+00 1.467116358e+00 1.560801457e+00 
1.173590696e+00 1.532883642e+00 1.570054645e+00 
1.187146577e+00 1.477957119e+00 1.570054645e+00 
1.225180515e+00 1.485666105e+00 1.573551913e+00 
1.165106202e+00 1.533365454e+00 1.563934426e+00 
1.183538034e+00 1.481811612e+00 1.563934426e+00 
1.520283792e+00 1.445193929e+00 1.562622951e+00 
1.258241662e+00 1.458443748e+00 1.576539162e+00 
1.225960503e+00 1.482775235e+00 1.608743169e+00 
1.193192803e+00 1.502047699e+00 1.609180328e+00 
1.198556758e+00 1.493856902e+00 1.630455373e+00 
1.260093622e+00 1.450975669e+00 1.590965392e+00 
1.201433587e+00 1.490484221e+00 1.605828780e+00 
1.180807490e+00 1.529029150e+00 1.611001821e+00 
1.083382095e+00 1.102144062e+00 1.123205829e+00 
1.010971328e+00 1.099253192e+00 1.118542805e+00 
1.040667057e+00 1.092507829e+00 1.105792350e+00 
1.095669982e+00 1.000000000e+00 1.000000000e+00 
1.002633119e+00 1.068176343e+00 1.069653916e+00 
1.005705091e+00 1.065526379e+00 1.067759563e+00 
1.054417788e+00 1.060467357e+00 1.066520947e+00 
1.021942657e+00 1.044085762e+00 1.064626594e+00 
1.019016969e+00 1.015899783e+00 1.038032787e+00 
1.029549444e+00 1.010840761e+00 1.050783242e+00 
1.064657695e+00 1.057335582e+00 1.066520947e+00 
1.029549444e+00 1.062153698e+00 1.069653916e+00 
1.031304857e+00 1.073958082e+00 1.072568306e+00 
1.112053833e+00 1.071308119e+00 1.072568306e+00 
1.095669982e+00 1.005781739e+00 1.031329690e+00 
1.002633119e+00 1.062153698e+00 1.000000000e+00 
1.005705091e+00 1.059744640e+00 1.000000000e+00 
1.019016969e+00 1.009154421e+00 1.000000000e+00 
1.291398479e+00 1.223319682e+00 1.226593807e+00 
1.136727033e+00 1.231028668e+00 1.252386157e+00 
1.108250439e+00 1.255841966e+00 1.250491803e+00 
1.129169105e+00 1.256564683e+00 1.283497268e+00 
1.111127267e+00 1.256805589e+00 1.283497268e+00 
1.083284669e+00 1.294386895e+00 1.283497268e+00 
1.163545933e+00 1.246446639e+00 1.283497268e+00 
1.296275600e+00 1.306432185e+00 1.295154827e+00 
1.205870977e+00 1.463020959e+00 1.318397086e+00 
1.242588356e+00 1.354854252e+00 1.334280510e+00 
1.251121416e+00 1.323295591e+00 1.334280510e+00 
1.354739614e+00 1.319682004e+00 1.310892532e+00 
1.369514336e+00 1.296555047e+00 1.332313297e+00 
1.355178467e+00 1.296795953e+00 1.332313297e+00 
1.379072557e+00 1.263550952e+00 1.332313297e+00 
1.184610884e+00 1.140448085e+00 1.137850638e+00 
1.062122001e+00 1.140688991e+00 1.178069217e+00 
1.054222645e+00 1.177065767e+00 1.178069217e+00 
1.322264482e+00 1.435316791e+00 1.424262295e+00 
1.399063780e+00 1.410985305e+00 1.377486339e+00 
1.229617613e+00 1.414117080e+00 1.420182149e+00 
1.417788180e+00 1.398458203e+00 1.434899818e+00 

1.051345816e+00 1.070826307e+00 1.122112933e+00 
1.095669982e+00 1.000000000e+00 1.000000000e+00 
1.031012288e+00 1.057094676e+00 1.056903461e+00 
1.044177882e+00 1.054444712e+00 1.071329690e+00 
1.045933294e+00 1.033726813e+00 1.056903461e+00 
1.031304857e+00 1.073958082e+00 1.072568306e+00 
1.025063487e+00 1.063599133e+00 1.050783242e+00 
1.005705091e+00 1.065526379e+00 1.067759563e+00 
1.059830310e+00 1.060949169e+00 1.086921676e+00 
1.002633119e+00 1.062153698e+00 1.000000000e+00 
1.019016969e+00 1.009154421e+00 1.000000000e+00 
1.005705091e+00 1.059744640e+00 1.000000000e+00 
1.029549444e+00 1.002409058e+00 1.000000000e+00 
1.019016969e+00 1.015899783e+00 1.038032787e+00 
1.029549444e+00 1.010840761e+00 1.050783242e+00 
1.144333821e+00 1.412671645e+00 1.546302368e+00 
1.152330895e+00 1.467839075e+00 1.577632058e+00 
1.157206846e+00 1.462780053e+00 1.577632058e+00 
1.157304564e+00 1.462298241e+00 1.577632058e+00 
1.173688414e+00 1.431221392e+00 1.577632058e+00 
1.166861615e+00 1.436280414e+00 1.577632058e+00 
1.180807490e+00 1.413876174e+00 1.577632058e+00 
1.175931246e+00 1.418935196e+00 1.577632058e+00 
1.180904915e+00 1.413635269e+00 1.577632058e+00 
1.201287303e+00 1.406649000e+00 1.577632058e+00 
1.185683733e+00 1.412189834e+00 1.577632058e+00 
1.173785840e+00 1.430980487e+00 1.577632058e+00 
1.171445290e+00 1.433389545e+00 1.577632058e+00 
1.162034231e+00 1.433389545e+00 1.553005464e+00 
1.166813049e+00 1.432907733e+00 1.553005464e+00 
1.159449971e+00 1.450493857e+00 1.577632058e+00 
1.164326214e+00 1.445434835e+00 1.577632058e+00 
1.164423640e+00 1.444953023e+00 1.577632058e+00 
1.200702165e+00 1.377981209e+00 1.541493625e+00 
1.146820655e+00 1.384485666e+00 1.541493625e+00 
1.151453189e+00 1.395326427e+00 1.546302368e+00 
1.167056758e+00 1.389785594e+00 1.546302368e+00 
1.555538327e+00 1.450734763e+00 1.648961749e+00 
1.312413692e+00 1.450975669e+00 1.648961749e+00 
1.275842598e+00 1.474825343e+00 1.648961749e+00 
1.280669982e+00 1.460852807e+00 1.648961749e+00 
1.185293446e+00 1.545892556e+00 1.648961749e+00 
1.198069046e+00 1.511443026e+00 1.648961749e+00 
1.196947630e+00 1.538665382e+00 1.648961749e+00 
1.182758046e+00 1.559865093e+00 1.648961749e+00 
1.256143944e+00 1.451216574e+00 1.617632058e+00 
1.207821240e+00 1.488797880e+00 1.617632058e+00 
1.278964307e+00 1.450975669e+00 1.604881603e+00 
1.191535108e+00 1.497470489e+00 1.624335155e+00 
1.215428028e+00 1.506624910e+00 1.648961749e+00 
1.261995319e+00 1.485184293e+00 1.648961749e+00 
1.230056466e+00 1.498434112e+00 1.648961749e+00 
1.222059684e+00 1.503011323e+00 1.648961749e+00 
1.237955822e+00 1.496506866e+00 1.648961749e+00 
1.175931246e+00 1.340158998e+00 1.474972678e+00 
1.170372440e+00 1.361599615e+00 1.490710383e+00 
1.191925102e+00 1.352445194e+00 1.482914390e+00 
1.203822996e+00 1.354131535e+00 1.497413479e+00 
1.228154769e+00 1.348831607e+00 1.477959927e+00 
1.224497659e+00 1.359190556e+00 1.533551913e+00 
1.137604740e+00 1.355817875e+00 1.481675774e+00 
1.129510532e+00 1.366899542e+00 1.502222222e+00 
1.124341720e+00 1.405444471e+00 1.510163934e+00 
1.115076946e+00 1.395567333e+00 1.479781421e+00 
1.197873903e+00 1.364008673e+00 1.519052823e+00 
1.144772674e+00 1.364249578e+00 1.521675774e+00 
1.158425980e+00 1.337268128e+00 1.347686703e+00 
1.158572264e+00 1.337027222e+00 1.347686703e+00 
1.225277940e+00 1.283787039e+00 1.387686703e+00 
1.223815097e+00 1.303059504e+00 1.387686703e+00 
1.210356934e+00 1.326668273e+00 1.387686703e+00 
1.199531890e+00 1.335822693e+00 1.387686703e+00 
1.214745465e+00 1.308118526e+00 1.387686703e+00 
1.197045056e+00 1.279450735e+00 1.356357013e+00 
1.191486249e+00 1.295591424e+00 1.356357013e+00 
1.188706846e+00 1.319200193e+00 1.356357013e+00 
1.330895260e+00 1.254155625e+00 1.363060109e+00 
1.095231129e+00 1.267405444e+00 1.328670310e+00 
1.124683148e+00 1.232715008e+00 1.328670310e+00 
1.089769748e+00 1.274391713e+00 1.328670310e+00 
1.147405793e+00 1.225969646e+00 1.328670310e+00 
1.109225571e+00 1.235846784e+00 1.328670310e+00 
1.205675834e+00 1.246928451e+00 1.349653916e+00 
1.198507899e+00 1.260178270e+00 1.356357013e+00 
1.223376243e+00 1.246205734e+00 1.348561020e+00 
1.187097718e+00 1.287641532e+00 1.349653916e+00 
1.177296665e+00 1.248373886e+00 1.330783242e+00 
1.118100351e+00 1.218019754e+00 1.189143898e+00 
1.047006144e+00 1.208624428e+00 1.179526412e+00 
1.137458455e+00 1.203083594e+00 1.159489982e+00 
1.027598888e+00 1.103107685e+00 1.137413479e+00 
1.160327677e+00 1.131534570e+00 1.195264117e+00 
1.170275015e+00 1.180438449e+00 1.230819672e+00 
1.200117028e+00 1.168874970e+00 1.230819672e+00 

1.150526624e+00 1.437484943e+00 1.564080146e+00 
1.141456992e+00 1.462298241e+00 1.564080146e+00 
1.141359567e+00 1.486629728e+00 1.564080146e+00 
1.163887361e+00 1.566369550e+00 1.620983607e+00 
1.163984786e+00 1.542038063e+00 1.620983607e+00 
1.194460796e+00 1.415803421e+00 1.620983607e+00 
1.187341428e+00 1.444712118e+00 1.620983607e+00 
1.195338502e+00 1.379185738e+00 1.599271403e+00 
1.183148040e+00 1.391231029e+00 1.599271403e+00 
1.172810708e+00 1.374849434e+00 1.576903461e+00 
1.150819193e+00 1.398458203e+00 1.576903461e+00 
1.171006437e+00 1.492170561e+00 1.620983607e+00 
1.171006437e+00 1.456034690e+00 1.620983607e+00 
1.164472499e+00 1.494820525e+00 1.620983607e+00 
1.168812171e+00 1.435557697e+00 1.599271403e+00 
1.180710064e+00 1.415321609e+00 1.599271403e+00 
1.171884143e+00 1.419417008e+00 1.599271403e+00 
1.153891164e+00 1.442303060e+00 1.599271403e+00 
1.700555881e+00 1.726090099e+00 1.708779599e+00 
1.791837332e+00 1.707299446e+00 1.708779599e+00 
1.678320655e+00 1.731390026e+00 1.708779599e+00 
1.773308953e+00 1.725608287e+00 1.708779599e+00 
1.441875366e+00 1.814502530e+00 1.664772313e+00 
1.474057929e+00 1.801493616e+00 1.664772313e+00 
1.472302516e+00 1.809925319e+00 1.664772313e+00 
1.628145114e+00 1.746326186e+00 1.664772313e+00 
1.529160328e+00 1.752830643e+00 1.664772313e+00 
1.665301346e+00 1.721753794e+00 1.664772313e+00 
1.605032183e+00 1.815947964e+00 1.708779599e+00 
1.643847279e+00 1.764875934e+00 1.708779599e+00 
1.622197191e+00 1.778848470e+00 1.708779599e+00 
1.656866589e+00 1.736449048e+00 1.708779599e+00 
1.029549444e+00 1.017827030e+00 1.000000000e+00 
1.095669982e+00 1.000000000e+00 1.000000000e+00 
1.021942657e+00 1.028426885e+00 1.000000000e+00 
1.005705091e+00 1.059744640e+00 1.000000000e+00 
1.002633119e+00 1.068176343e+00 1.069653916e+00 
1.044177882e+00 1.054444712e+00 1.071329690e+00 
1.040228204e+00 1.071067213e+00 1.071329690e+00 
1.029549444e+00 1.062153698e+00 1.069653916e+00 
1.005705091e+00 1.065526379e+00 1.067759563e+00 
1.002633119e+00 1.062153698e+00 1.000000000e+00 
1.029549444e+00 1.027704168e+00 1.062295082e+00 
1.021942657e+00 1.035654059e+00 1.024626594e+00 
1.095669982e+00 1.005781739e+00 1.031329690e+00 
1.162375658e+00 1.285473380e+00 1.251876138e+00 
1.153159743e+00 1.192001927e+00 1.226593807e+00 
1.138823874e+00 1.242833052e+00 1.247868852e+00 
1.110590989e+00 1.333172729e+00 1.264335155e+00 
1.116637507e+00 1.291014213e+00 1.254936248e+00 
1.111956407e+00 1.302818598e+00 1.254936248e+00 
1.225863078e+00 1.306913997e+00 1.299234973e+00 
1.175687537e+00 1.308359431e+00 1.299234973e+00 
1.254242247e+00 1.306673091e+00 1.299234973e+00 
1.273844353e+00 1.299927728e+00 1.299234973e+00 
1.217232300e+00 1.242351241e+00 1.251876138e+00 
1.139506437e+00 1.373163093e+00 1.525027322e+00 
1.156329140e+00 1.366899542e+00 1.526703097e+00 
1.157011995e+00 1.367863166e+00 1.531511840e+00 
1.138433879e+00 1.406649000e+00 1.497559199e+00 
1.152330895e+00 1.356299687e+00 1.520000000e+00 
1.166471621e+00 1.350517947e+00 1.555191257e+00 
1.144285255e+00 1.337990846e+00 1.507249545e+00 
1.160717671e+00 1.344013491e+00 1.510382514e+00 
1.140822996e+00 1.378944833e+00 1.551329690e+00 
1.043300176e+00 1.067935437e+00 1.111183971e+00 
1.134874195e+00 1.094675982e+00 1.120437158e+00 
1.155646577e+00 1.114189352e+00 1.133624772e+00 
1.049834114e+00 1.171524934e+00 1.174134791e+00 
1.183733177e+00 1.136834498e+00 1.149945355e+00 
1.033742832e+00 1.131052758e+00 1.136174863e+00 
1.083382095e+00 1.102144062e+00 1.123205829e+00 
1.138385020e+00 1.168874970e+00 1.187686703e+00 
1.083528379e+00 1.192965550e+00 1.187686703e+00 
1.133703920e+00 1.180679354e+00 1.187686703e+00 
1.103130486e+00 1.183811130e+00 1.187686703e+00 

1.432513166e+00 1.526138280e+00 1.735591985e+00 
1.480640726e+00 1.522524693e+00 1.735591985e+00 
1.270479813e+00 1.602264515e+00 1.757304189e+00 
1.410962551e+00 1.575764876e+00 1.757304189e+00 
1.417984201e+00 1.566369550e+00 1.757304189e+00 
1.289789350e+00 1.580823898e+00 1.757304189e+00 
1.274429491e+00 1.592869188e+00 1.757304189e+00 
1.286521358e+00 1.584437485e+00 1.757304189e+00 
1.271699824e+00 1.593110094e+00 1.757304189e+00 
1.280962551e+00 1.527824621e+00 1.735591985e+00 
1.263361615e+00 1.535533606e+00 1.735591985e+00 
1.277697484e+00 1.531438208e+00 1.735591985e+00 
1.431635459e+00 1.562755962e+00 1.757304189e+00 
1.234883850e+00 1.706094917e+00 1.757304189e+00 
1.243904915e+00 1.635268610e+00 1.757304189e+00 
1.251413985e+00 1.619609733e+00 1.757304189e+00 
1.257606788e+00 1.605155384e+00 1.757304189e+00 
1.229910181e+00 1.710431221e+00 1.725974499e+00 
1.238687244e+00 1.692363286e+00 1.735591985e+00 
1.240296372e+00 1.594314623e+00 1.695009107e+00 
1.247025453e+00 1.556492411e+00 1.692677596e+00 
1.250000000e+00 1.583714768e+00 1.700400729e+00 
1.261702750e+00 1.569983137e+00 1.698724954e+00 
1.257557051e+00 1.584196579e+00 1.735591985e+00 
1.262726741e+00 1.558901470e+00 1.725974499e+00 
1.226789643e+00 1.625150566e+00 1.721165756e+00 
1.238931246e+00 1.613587087e+00 1.725974499e+00 
1.234298713e+00 1.609491689e+00 1.721165756e+00 
1.248586015e+00 1.585882920e+00 1.725974499e+00 
1.240491516e+00 1.595037340e+00 1.721165756e+00 
1.257606788e+00 1.581064804e+00 1.719271403e+00 
1.223473669e+00 1.668272705e+00 1.687650273e+00 
1.219621709e+00 1.559865093e+00 1.640000000e+00 
1.236834406e+00 1.513370272e+00 1.640000000e+00 
1.265895260e+00 1.509274874e+00 1.665938069e+00 
1.266626682e+00 1.505902192e+00 1.669071038e+00 
1.445582212e+00 1.476752590e+00 1.691511840e+00 
1.262434172e+00 1.554324259e+00 1.685974499e+00 
1.312998830e+00 1.503974946e+00 1.665938069e+00 
1.423250439e+00 1.500120453e+00 1.673296903e+00 
1.294859567e+00 1.485666105e+00 1.664262295e+00 
1.316217086e+00 1.503011323e+00 1.697559199e+00 
1.406474547e+00 1.498675018e+00 1.670965392e+00 
1.029549444e+00 1.002409058e+00 1.000000000e+00 
1.002633119e+00 1.062153698e+00 1.000000000e+00 
1.086307782e+00 1.020236088e+00 1.060400729e+00 
1.021942657e+00 1.028426885e+00 1.000000000e+00 
1.029549444e+00 1.010840761e+00 1.050783242e+00 
1.002633119e+00 1.068176343e+00 1.069653916e+00 
1.029549444e+00 1.062153698e+00 1.069653916e+00 
1.025063487e+00 1.063599133e+00 1.050783242e+00 
1.043300176e+00 1.059503734e+00 1.060400729e+00 
1.021942657e+00 1.035654059e+00 1.024626594e+00 
1.095669982e+00 1.000000000e+00 1.000000000e+00 
1.343086600e+00 1.455311973e+00 1.344772313e+00 
1.349034523e+00 1.428330523e+00 1.387540984e+00 
1.525160913e+00 1.414598892e+00 1.378287796e+00 
1.576067876e+00 1.411467116e+00 1.453916211e+00 
1.105958748e+00 1.229342327e+00 1.253114754e+00 
1.111322411e+00 1.187424717e+00 1.253114754e+00 
1.100692510e+00 1.240905806e+00 1.253114754e+00 
1.226253072e+00 1.375813057e+00 1.339599271e+00 
1.242149503e+00 1.359913274e+00 1.339599271e+00 
1.190072264e+00 1.449530234e+00 1.339599271e+00 
1.193826799e+00 1.403999036e+00 1.339599271e+00 
1.200068169e+00 1.379185738e+00 1.339599271e+00 
1.180904915e+00 1.195856420e+00 1.310309654e+00 
1.120684611e+00 1.401589978e+00 1.336029144e+00 
1.122781451e+00 1.379908456e+00 1.336029144e+00 
1.215184318e+00 1.326427367e+00 1.336029144e+00 
1.205529549e+00 1.328113708e+00 1.336029144e+00 
1.122683733e+00 1.332690918e+00 1.321530055e+00 
1.132826214e+00 1.320645628e+00 1.321530055e+00 
1.145114102e+00 1.307154902e+00 1.321530055e+00 
1.122050029e+00 1.357022404e+00 1.321530055e+00 
1.195923640e+00 1.295109612e+00 1.321530055e+00 
1.149502633e+00 1.342086244e+00 1.336029144e+00 
1.137653599e+00 1.351240665e+00 1.336029144e+00 
1.157450848e+00 1.340640809e+00 1.336029144e+00 
1.159011118e+00 1.335581788e+00 1.336029144e+00 
1.013701872e+00 1.112262106e+00 1.092386157e+00 
1.005705091e+00 1.065526379e+00 1.067759563e+00 
1.061000585e+00 1.072994459e+00 1.104480874e+00 
1.021260094e+00 1.124066490e+00 1.113734062e+00 
1.159742539e+00 1.170802216e+00 1.140692168e+00 
1.064462551e+00 1.182847507e+00 1.139089253e+00 
1.058708894e+00 1.205251747e+00 1.175300546e+00 
1.063975132e+00 1.199710913e+00 1.175300546e+00 

1.095669982e+00 1.005781739e+00 1.031329690e+00 
1.029549444e+00 1.002409058e+00 1.000000000e+00 
1.019016969e+00 1.015899783e+00 1.038032787e+00 
1.005705091e+00 1.059744640e+00 1.000000000e+00 
1.029549444e+00 1.027704168e+00 1.062295082e+00 
1.019016969e+00 1.009154421e+00 1.000000000e+00 
1.029549444e+00 1.010840761e+00 1.050783242e+00 
1.005705091e+00 1.065526379e+00 1.067759563e+00 
1.025063487e+00 1.063599133e+00 1.050783242e+00 
1.339379754e+00 1.312936642e+00 1.307395264e+00 
1.143114980e+00 1.396530956e+00 1.397814208e+00 
1.146430661e+00 1.380872079e+00 1.397814208e+00 
1.159888824e+00 1.367863166e+00 1.397814208e+00 
1.139409011e+00 1.353649723e+00 1.335519126e+00 
1.178662083e+00 1.347867984e+00 1.337413479e+00 
1.136288180e+00 1.366417731e+00 1.337413479e+00 
1.156182855e+00 1.350036136e+00 1.337413479e+00 
1.228642481e+00 1.324741026e+00 1.328160291e+00 
1.197825336e+00 1.325945555e+00 1.337413479e+00 
1.147990930e+00 1.370754035e+00 1.359781421e+00 
1.142627267e+00 1.387135630e+00 1.366484517e+00 
1.199483031e+00 1.348831607e+00 1.397814208e+00 
1.192022528e+00 1.350517947e+00 1.397814208e+00 
1.174712405e+00 1.354131535e+00 1.397814208e+00 
1.164033645e+00 1.363285955e+00 1.397814208e+00 
1.255608543e+00 1.345940737e+00 1.397814208e+00 
1.175882680e+00 1.351963382e+00 1.397814208e+00 
1.237858397e+00 1.348108889e+00 1.397814208e+00 
1.338794617e+00 1.271500843e+00 1.270528233e+00 
1.243563487e+00 1.286677909e+00 1.279708561e+00 
1.129705383e+00 1.297277764e+00 1.277887067e+00 
1.185732300e+00 1.389303782e+00 1.557085610e+00 
1.198166472e+00 1.525415563e+00 1.676284153e+00 
1.198264190e+00 1.501084076e+00 1.676284153e+00 
1.210161791e+00 1.483497952e+00 1.676284153e+00 
1.210015506e+00 1.492170561e+00 1.676284153e+00 
1.184415740e+00 1.470729945e+00 1.617704918e+00 
1.182660328e+00 1.482534329e+00 1.619380692e+00 
1.182562902e+00 1.506865815e+00 1.619380692e+00 
1.194948215e+00 1.493856902e+00 1.644954463e+00 
1.215184318e+00 1.434834980e+00 1.644954463e+00 
1.185293446e+00 1.486388822e+00 1.637158470e+00 
1.194850790e+00 1.518188388e+00 1.644954463e+00 
1.281255120e+00 1.412430740e+00 1.651657559e+00 
1.205529549e+00 1.427366900e+00 1.637158470e+00 
1.197191340e+00 1.468802698e+00 1.637158470e+00 
1.206846109e+00 1.476270778e+00 1.644954463e+00 
1.218500000e+00 1.442062154e+00 1.676284153e+00 
1.218402575e+00 1.466393640e+00 1.676284153e+00 
1.209137800e+00 1.407853529e+00 1.613989071e+00 
1.176808953e+00 1.448566610e+00 1.613989071e+00 
1.195094500e+00 1.423512407e+00 1.619380692e+00 
1.187780281e+00 1.435316791e+00 1.604954463e+00 
1.197727618e+00 1.411708022e+00 1.617704918e+00 
1.714452896e+00 1.616477957e+00 1.773989071e+00 
1.447826214e+00 1.624186943e+00 1.773989071e+00 
1.408522528e+00 1.629486871e+00 1.773989071e+00 
1.255119953e+00 1.674536256e+00 1.773989071e+00 
1.240588941e+00 1.689231510e+00 1.773989071e+00 
1.263019310e+00 1.636954951e+00 1.773989071e+00 
1.253168520e+00 1.674777162e+00 1.773989071e+00 
1.237175834e+00 1.618887015e+00 1.735956284e+00 
1.383557636e+00 1.596241869e+00 1.734863388e+00 
1.610005851e+00 1.620332450e+00 1.773989071e+00 
1.046811001e+00 1.216092508e+00 1.254061931e+00 
1.145699239e+00 1.151770658e+00 1.227905282e+00 
1.085820070e+00 1.141170802e+00 1.199708561e+00 
1.030963429e+00 1.175379427e+00 1.180837887e+00 
1.061927150e+00 1.211274392e+00 1.254061931e+00 
1.035937098e+00 1.247651168e+00 1.254061931e+00 
1.078262142e+00 1.205492652e+00 1.254061931e+00 
1.086649210e+00 1.188147434e+00 1.254061931e+00 
1.044177882e+00 1.236810407e+00 1.254061931e+00 
1.041983616e+00 1.161165984e+00 1.113078324e+00 
1.029549444e+00 1.062153698e+00 1.069653916e+00 
1.031304857e+00 1.073958082e+00 1.072568306e+00 
1.077530720e+00 1.059021922e+00 1.100327869e+00 
1.188999415e+00 1.121416526e+00 1.129908925e+00 
1.127852545e+00 1.134184534e+00 1.125100182e+00 
1.056319485e+00 1.123825584e+00 1.123351548e+00 
1.194850790e+00 1.116598410e+00 1.129908925e+00 

1.002633119e+00 1.062153698e+00 1.000000000e+00 
1.021942657e+00 1.035654059e+00 1.024626594e+00 
1.021942657e+00 1.028426885e+00 1.000000000e+00 
1.095182270e+00 1.184292941e+00 1.140036430e+00 
1.069436220e+00 1.169597687e+00 1.133187614e+00 
1.084552370e+00 1.198024572e+00 1.137122040e+00 
1.026331188e+00 1.093953264e+00 1.130054645e+00 
1.096986542e+00 1.158275114e+00 1.143825137e+00 
1.089526039e+00 1.197783667e+00 1.143825137e+00 
1.101228789e+00 1.156829680e+00 1.143825137e+00 
1.160327677e+00 1.121416526e+00 1.131730419e+00 
1.031304857e+00 1.073958082e+00 1.072568306e+00 
1.044177882e+00 1.054444712e+00 1.071329690e+00 
1.002633119e+00 1.068176343e+00 1.069653916e+00 
1.035839672e+00 1.087689713e+00 1.086921676e+00 
1.112053833e+00 1.071308119e+00 1.072568306e+00 
1.029549444e+00 1.010840761e+00 1.050783242e+00 
1.029549444e+00 1.027704168e+00 1.062295082e+00 
1.025063487e+00 1.063599133e+00 1.050783242e+00 
1.350351083e+00 1.402312696e+00 1.421930783e+00 
1.266968988e+00 1.411467116e+00 1.421930783e+00 
1.379169105e+00 1.434353168e+00 1.455664845e+00 
1.265310123e+00 1.432425921e+00 1.421930783e+00 
1.385313049e+00 1.432907733e+00 1.455664845e+00 
1.177247806e+00 1.435557697e+00 1.455664845e+00 
1.154768871e+00 1.510720308e+00 1.455664845e+00 
1.154134874e+00 1.512888461e+00 1.455664845e+00 
1.166910474e+00 1.457239219e+00 1.455664845e+00 
1.395942071e+00 1.424476030e+00 1.455664845e+00 
1.377802809e+00 1.435316791e+00 1.455664845e+00 
1.176321533e+00 1.440375813e+00 1.455664845e+00 
1.304660620e+00 1.363526861e+00 1.330783242e+00 
1.302808660e+00 1.409539870e+00 1.353369763e+00 
1.418080749e+00 1.385449289e+00 1.336102004e+00 
1.182270334e+00 1.150084317e+00 1.171220401e+00 
1.135849327e+00 1.158756926e+00 1.180255009e+00 
1.106738736e+00 1.366899542e+00 1.305865209e+00 
1.108347864e+00 1.355095158e+00 1.305865209e+00 
1.156475424e+00 1.330763671e+00 1.305865209e+00 
1.091622879e+00 1.391471934e+00 1.305865209e+00 
1.120538327e+00 1.343049868e+00 1.305865209e+00 
1.137897308e+00 1.331004577e+00 1.305865209e+00 
1.164667349e+00 1.299686822e+00 1.305865209e+00 
1.193777940e+00 1.296555047e+00 1.305865209e+00 
1.162131949e+00 1.328595519e+00 1.305865209e+00 
1.192510240e+00 1.190315587e+00 1.238615665e+00 
1.106982738e+00 1.301614069e+00 1.245464481e+00 
1.177296665e+00 1.190556492e+00 1.295519126e+00 
1.112541545e+00 1.226692363e+00 1.295519126e+00 
1.107372733e+00 1.233437726e+00 1.295519126e+00 
1.167739321e+00 1.207901710e+00 1.295519126e+00 
1.106982738e+00 1.242592146e+00 1.207795993e+00 
1.315096548e+00 1.589255601e+00 1.806193078e+00 
1.306222937e+00 1.596723681e+00 1.806193078e+00 
1.314511410e+00 1.523006504e+00 1.784480874e+00 
1.305637800e+00 1.530474584e+00 1.784480874e+00 
1.197581334e+00 1.696458685e+00 1.741566485e+00 
1.302758923e+00 1.506865815e+00 1.733697632e+00 
1.215769456e+00 1.634786798e+00 1.755409836e+00 
1.210454359e+00 1.593110094e+00 1.747613843e+00 
1.298516676e+00 1.509756685e+00 1.746448087e+00 
1.203871562e+00 1.619850638e+00 1.745792350e+00 
1.211722352e+00 1.698145025e+00 1.806193078e+00 
1.206650965e+00 1.767044086e+00 1.806193078e+00 
1.208894090e+00 1.729221874e+00 1.806193078e+00 
1.211917203e+00 1.679113467e+00 1.806193078e+00 
1.217476009e+00 1.661768249e+00 1.806193078e+00 
1.209089233e+00 1.710190316e+00 1.806193078e+00 
1.213965184e+00 1.667309082e+00 1.806193078e+00 
1.236785547e+00 1.586605637e+00 1.696830601e+00 
1.304660620e+00 1.491206938e+00 1.716721311e+00 
1.259997074e+00 1.507588533e+00 1.714826958e+00 
1.294420714e+00 1.494338714e+00 1.711912568e+00 
1.256094207e+00 1.631173211e+00 1.806193078e+00 
1.245757753e+00 1.633823175e+00 1.806193078e+00 
1.222352253e+00 1.634304987e+00 1.806193078e+00 
1.282913985e+00 1.534810889e+00 1.784480874e+00 
1.242100644e+00 1.542038063e+00 1.784480874e+00 
1.239857519e+00 1.554565165e+00 1.784480874e+00 
1.267311293e+00 1.537701759e+00 1.784480874e+00 
1.239906378e+00 1.551915201e+00 1.784480874e+00 
1.219523991e+00 1.649963864e+00 1.806193078e+00 
1.264093037e+00 1.599373645e+00 1.806193078e+00 
1.238394675e+00 1.577692122e+00 1.784480874e+00 
