406.333 997 3028
390.333 1351 3428
894.833 1418 4315
378.667 895 2971
470.333 714 2124
766 1368 4249
655.333 950 3037
438.333 1423 4249
450 1125 3402
295 774 2202
697 822 2924
839 1066 3863
578.667 1379 4274
687 862 2616
390.333 1379 3797
843.167 1610 4793
550.833 1109 3797
390.333 1334 3319
918 1116 3888
450 1170 3880
307.333 544 1272
629.333 986 3402
666.667 1249 3972
743 1162 3972
819.667 1452 4424
774.333 1490 4424
1024 1574 4735
1191 1571 4735
784 941 3319
954.333 1416 4341
402 1126 3428
291.667 706 1900
1064 1309 4424
1036 1411 4341
913.333 1597 4818
941 1365 4274
603 731 2493
634 985 3428
1002.33 1379 4315
798 946 3494
257.333 602 1750
682 772 2518
671.333 959 3319
743 821 2950
416.333 668 1923
735 1233 3972
429.667 984 2996
1062 1323 4257
307.333 572 1641
301 775 2602
301 730 2124
662 704 2380
681 942 2996
393 654 1848
301.333 591 1465
257.333 557 1272
586.667 1167 3880
256.333 477 1071
594.333 868 2858
562 611 2124
248 533 1048
482 989 3428
428 636 1923
434.333 761 2317
412 685 2032
253.667 632 1500
242.333 573 821
338 412 1096
399 452 1528
500 576 2098
374 410 1272
301.333 506 1180
208 291 394
324 349 826
494 580 1666
218 220 0
208 262 0
508 537 1554
218 242 702


308 827 2093
700 895 2971
1382 1815 4793
470.333 714 2124
375.333 886 2426
1020.33 1359 4315
1006.33 1504 4424
473.833 1386 3428
1088 1313 4257
676.833 1369 4249
840 1524 4424
1140 1372 4341
474.333 1016 2971
433.333 722 2035
574 1200 3448
355.667 1274 3423
355.667 1230 2971
570.333 835 2749
634 985 3428
715.667 1116 3972
355.667 1202 2602
586 899 2858
359 974 2493
438.333 771 2098
509.667 949 3028
367.333 771 1923
1194.5 1636 4735
587 1232 3797
682 772 2518
624 1015 3178
283.833 885 1869
426 701 2032
839 1066 3863
754 934 3011
428 636 1923
545.167 1206 3365
630.667 989 3120
359 1019 2971
946.667 1523 4424
440.667 1101 3178
383.667 783 2202
557.333 1226 3448
1511 1729 4818
368 760 2032
453 775 2602
788 939 3037
798 946 3494
603 731 2493
806.667 1390 4341
1419.33 1773 4793
470.333 742 2493
1062.5 1478 4424
667.667 1193 3822
367.333 816 2401
608 1249 3880
405 853 2602
782.667 1454 4341
416.333 668 1923
616.5 1143 3797
490.5 977 2971
547.667 1023 3428
307.333 572 1641
453 730 2124
634 940 2950
367.333 788 2032
359 991 2602
784 941 3319
257.333 602 1750
494 580 1666
393.833 844 2576
640 895 2858
562 611 2124
342.667 934 2269
371.167 932 2487
330.667 799 2098
714.667 1248 3880
755 1410 4274
351 936 2352
253.667 632 1500
697 822 2924
438.333 816 2576
1002.83 1512 4709
459 685 2032
291.667 706 1900
743 821 2950
242.333 573 821
472.667 920 2726
301.333 506 1180
500 576 2098
399 452 1528
303.333 601 1333
393 654 1848
257.333 581 1180
248 533 1048
508 537 1554
365.833 784 1923
256.333 477 1071
374 410 1272
338 412 1096
662 704 2380
208 291 394
324 349 826
311.333 544 1272
218 220 0
208 262 0
218 242 702


822 1722 4793
695.333 1313 4341
685.333 1314 4191
532.833 1582 4643
560.833 1335 4249
1089 1340 4366
480.333 1423 3771
897.333 1612 4735
480.333 1424 3797
416.333 668 1923
432.667 985 3428
563.667 1103 3515
730 820 2749
483.667 1213 3797
492 1215 3880
1182 1474 4818
285.5 815 2119
510.333 1105 3797
352 1003 2971
1112.33 1471 4424
697 822 2924
656.833 1408 4274
458.833 1434 3817
348.667 1213 2945
453.333 1148 3448
301 730 2124
378.667 895 2971
730.333 1110 3972
480.333 1468 4249
360.333 1005 3054
348.667 1230 3054
348.667 1258 3423
301 775 2602
446.333 703 2124
428 636 1923
339.333 1189 2721
348.667 1214 2971
572.333 845 2617
682 772 2518
947.5 1292 4257
627.333 941 3319
995.333 1685 4793
301.333 591 1465
412 685 2032
466.333 1403 3547
927.833 1478 4424
470.333 742 2493
253.667 632 1500
706.333 1049 3494
404.167 939 3028
594.333 868 2858
494 580 1666
609 846 2749
1010 1758 4818
242.333 573 821
808 964 3344
743 821 2950
1049.67 1692 4818
980 1406 4366
301.333 506 1180
785.667 1571 4424
393 654 1848
257.333 602 1750
256.333 477 1071
307.333 544 1272
562 611 2124
901 1029 3494
291.667 706 1900
374 410 1272
257.333 557 1272
662 704 2380
500 576 2098
508 537 1554
399 452 1528
248 533 1048
307.333 572 1641
338 412 1096
208 262 0
208 291 394
218 242 702
218 220 0
324 349 826


1044.5 1456 4735
887 1658 4735
674 1429 4274
742 1575 4643
301.333 591 1465
685.333 1314 4191
348.667 1214 2971
415.667 1264 3423
552.167 1506 4249
779.667 1163 3880
1027 1645 4793
445.5 1184 3423
478 1150 3178
683.5 1410 3909
860.333 1202 3972
863 982 3344
291.667 706 1900
707 840 2774
920.667 1667 4793
649 1432 4249
360.333 1005 3054
566.333 892 2887
1329 1575 4793
450 1170 3880
900 1044 3494
735 1233 3972
631.333 939 3037
1007.83 1518 4709
701 1296 3972
747.333 1102 3713
482 989 3428
997 1261 4274
812.333 1149 3863
510.333 1105 3797
352 1003 2971
285.5 815 2119
378.667 895 2971
446.333 703 2124
405.667 953 3054
974.333 1764 4818
730 820 2749
947.5 1292 4257
1288.5 1926 5187
951.5 1566 4735
301 730 2124
627.333 941 3319
307.333 572 1641
307.333 544 1272
723 843 2792
992 1176 3888
609 846 2749
723 835 2749
828.333 1383 4424
751.667 1416 4249
1033.67 1622 4818
242.333 573 821
301 775 2602
594.333 868 2858
682 772 2518
500 576 2098
412 685 2032
428 636 1923
257.333 557 1272
743 821 2950
416.333 668 1923
374 410 1272
446.333 731 2493
257.333 602 1750
301.333 506 1180
248 533 1048
562 611 2124
256.333 477 1071
338 412 1096
399 452 1528
494 580 1666
662 704 2380
208 262 0
508 537 1554
208 291 394
324 349 826
218 242 702
218 220 0


826 1445 4424
348.667 1258 3423
518.833 1290 4249
960.333 1412 4424
697 822 2924
741.333 1167 3854
848.333 1425 4424
450 1170 3880
811 1198 3972
1558 1802 4818
798 946 3494
434.333 761 2317
869.333 1526 4735
429.167 1125 3423
405.667 953 3054
563.667 1103 3515
352 1003 2971
566.333 892 2887
301.333 591 1465
585 1358 4274
747.333 1102 3713
896.833 1693 4793
695.333 1313 4341
671 1511 4643
911.333 1543 4793
433.333 722 2035
393 654 1848
360.333 1005 3054
416.333 668 1923
446.333 703 2124
291.667 706 1900
631.333 939 3037
594.333 868 2858
378.667 895 2971
730 820 2749
510.333 1105 3797
570.333 835 2749
500 576 2098
446.333 731 2493
301 775 2602
301 730 2124
432.667 985 3428
307.333 544 1272
307.333 572 1641
257.333 557 1272
242.333 573 821
248 533 1048
285.5 815 2119
494 580 1666
257.333 602 1750
256.333 477 1071
662 704 2380
627.333 941 3319
428 636 1923
743 821 2950
412 685 2032
399 452 1528
562 611 2124
208 291 394
508 537 1554
324 349 826
374 410 1272
301.333 506 1180
218 220 0
338 412 1096
208 262 0
218 242 702


853 1534 4424
513.5 1073 3402
1041.33 1634 4793
402 1126 3428
397.333 1367 3428
803 1126 3797
470.333 714 2124
893 1451 4424
348.667 1230 3054
895 1389 4424
817 1390 3972
664.5 1439 4274
1025 1198 3972
855 1374 4274
513.5 1074 3428
348.667 1214 2971
863 982 3344
746 1166 3880
509.5 1221 3547
416.333 668 1923
388 912 2971
570.333 835 2749
520.333 1154 3448
997.167 1601 4643
549 995 3428
547.667 1023 3428
651.333 956 3319
470.5 1181 3448
1118 1595 4793
257.333 557 1272
517 1176 3880
784.333 1371 3941
877.667 1364 4249
881 1105 3797
393 654 1848
682 772 2518
904 1102 3713
1001 1279 4191
360.333 755 1923
640 895 2858
464.333 1083 3054
820 1223 3972
428 636 1923
854 1410 4249
947 1076 3494
445.333 1439 4249
969 1149 3863
253.667 632 1500
359 1019 2971
429 1354 3547
440.667 1101 3178
1066 1322 4341
788 939 3037
634 985 3428
912 1335 4249
573 945 2996
355.667 1274 3423
723 843 2792
257.333 602 1750
784 941 3319
446.333 731 2493
541.667 1027 2996
301.333 591 1465
307.333 572 1641
242.333 573 821
1048 1557 4643
1002.5 1589 4643
453 730 2124
412 685 2032
301 775 2602
248 533 1048
368 736 2124
301.333 506 1180
723 892 2887
339.333 1189 2721
662 704 2380
700 895 2971
562 611 2124
500 576 2098
374 410 1272
743 821 2950
358.5 772 2144
291.667 706 1900
256.333 477 1071
399 452 1528
730 820 2749
307.333 544 1272
586 899 2858
508 537 1554
494 580 1666
208 291 394
218 242 702
338 412 1096
208 262 0
324 349 826
218 220 0


363.667 1344 3448
550.833 1109 3797
784 945 3319
348.667 1214 2971
745.667 1622 4361
747.167 1416 4073
360.333 1005 3054
470.833 1295 3817
253.667 632 1500
566.333 892 2887
1090 1331 4424
647.333 948 3319
795.5 1589 4643
348.667 1230 3054
967 1083 3494
730 820 2749
411.833 1363 3817
584.5 1631 4643
401.167 1372 3817
631.333 939 3037
913 1104 3863
822.667 1338 4249
645.333 983 3120
563.667 1108 3515
429.167 1125 3423
845.333 1268 4341
563.833 1253 3880
682 772 2518
763 1346 4249
348.667 1258 3423
285.5 815 2119
944 1393 4424
348.667 1213 2945
831 944 3319
763.333 1108 3797
404.5 1117 3365
469 1132 3428
543.667 1264 3880
756 1162 3972
291.667 706 1900
882.333 1714 4793
446.333 703 2124
405.667 953 3054
505.333 1429 4249
442.833 1516 4073
378.667 895 2971
805.333 1393 4341
418.333 1181 3423
1365.33 1757 4818
805 1575 4274
352 1003 2971
301 730 2124
428 636 1923
712 1118 3880
494 580 1666
594.333 868 2858
257.333 557 1272
570.333 835 2749
482 989 3428
301.333 591 1465
446.333 731 2493
697 822 2924
301 775 2602
763 828 2950
300.167 970 2571
393 654 1848
256.333 477 1071
500 576 2098
257.333 602 1750
248 533 1048
662 704 2380
412 685 2032
295 774 2202
307.333 544 1272
562 611 2124
508 537 1554
374 410 1272
338 412 1096
399 452 1528
601.333 939 3028
301.333 506 1180
307.333 572 1641
218 220 0
324 349 826
218 242 702
208 291 394
416.333 668 1923
208 262 0
242.333 573 821


1053.67 1512 4793
1046.17 1672 5187
368 736 2124
301 775 2602
978.667 1382 4424
486 1233 3797
393 654 1848
504.5 1023 3428
412 685 2032
1145 1375 4424
1090.67 1607 5187
295 774 2202
972 1334 4366
594.333 868 2858
378.667 895 2971
1088 1463 4735
861.167 1464 4643
698.833 1744 3966
359 1019 2971
257.333 602 1750
253.667 632 1500
434.333 761 2317
1040 1271 4257
937 1542 4793
784 945 3319
446.333 703 2124
977.667 1521 4793
794 986 3402
291.667 706 1900
798 1359 4249
877.667 1312 4341
367.333 771 1923
802 1372 4341
617.5 1191 3797
647.333 948 3319
257.333 557 1272
727 1301 3822
798 946 3494
494 580 1666
605.333 953 3293
743 821 2950
301.333 591 1465
831 944 3319
307.333 544 1272
416.333 668 1923
478 1150 3178
712.333 1125 3679
494.333 1030 3227
428 636 1923
570.333 835 2749
875.5 1278 4007
730 820 2749
730.333 1110 3972
446.333 731 2493
563.667 1108 3515
835.5 1286 4249
697 822 2924
682 772 2518
307.333 572 1641
695.333 992 3428
256.333 477 1071
662 704 2380
242.333 573 821
301.333 506 1180
562 611 2124
338 412 1096
248 533 1048
500 576 2098
508 537 1554
208 262 0
399 452 1528
324 349 826
374 410 1272
218 242 702
208 291 394
218 220 0


990 1282 4341
628 984 2996
283.833 885 1869
845.667 1204 3972
819 1288 4274
513.5 1097 3310
257.333 602 1750
820 1223 3972
513.5 1095 3054
355.667 1201 2576
253.667 632 1500
780.333 1353 4249
788 939 3037
541.667 1027 2996
682 772 2518
521.667 1051 3054
1007 1455 4424
843.5 1458 4643
549 950 2950
446.333 703 2124
307.333 572 1641
929 1059 3494
697 822 2924
508.5 1544 4643
624 1015 3178
755 1410 4274
297.333 805 2352
570.333 835 2749
368 760 2032
509.833 1248 3817
730 820 2749
509.833 1220 3448
450 815 2458
418.833 1351 3448
693.167 1428 4249
634 985 3428
946 1238 4249
616.5 1143 3797
257.333 557 1272
453 775 2602
667.667 1193 3822
840 1524 4424
405 853 2602
1134.5 1831 4818
446.667 1143 3423
743 821 2950
700 895 2971
440.667 1101 3178
699 1118 3880
764 963 3161
490.5 977 2971
634 940 2950
301.333 591 1465
248 533 1048
445.333 1439 4249
671.333 931 2950
587 1232 3797
779.667 1308 3972
728 1419 4274
355.667 1246 3054
393 654 1848
660 902 2858
359 974 2493
839 1066 3863
355.667 1202 2602
367.333 771 1923
718.167 1425 4274
394.667 869 2602
1319.33 1766 4735
359 991 2602
418.833 1379 3817
472.667 920 2726
547.667 1023 3428
474.333 1016 2971
608 1249 3880
367.333 788 2032
459 685 2032
367.333 816 2401
312 1101 2571
355.667 1229 2945
662 704 2380
784 941 3319
291.667 706 1900
355.667 1230 2971
359 1019 2971
399 452 1528
500 576 2098
426 701 2032
355.667 1274 3423
603 731 2493
307.333 544 1272
470.333 742 2493
301.333 506 1180
607 911 2858
562 611 2124
338 412 1096
256.333 477 1071
416.333 668 1923
428 636 1923
494 580 1666
242.333 573 821
374 410 1272
324 349 826
218 242 702
218 220 0
208 291 394
208 262 0
508 537 1554


391.833 1303 3115
457.333 1357 3428
402 1149 3310
855 1374 4274
841.333 1496 4424
863.333 1352 4249
969 1153 3863
951 1105 3713
803.333 1419 4274
929 1276 4191
707.333 1448 4249
517 1176 3880
899.333 1325 4249
378.667 895 2971
509.5 1221 3547
469 1132 3428
682 772 2518
756 1162 3972
701 1296 3972
1130.33 1581 4793
1061 1408 4341
433.333 722 2035
426 1322 3397
743 821 2950
404.167 939 3028
550.833 1109 3797
301 775 2602
586.667 1167 3880
446.333 703 2124
359 1019 2971
631.333 939 3037
831 944 3319
482 989 3428
697 822 2924
446.333 731 2493
412 685 2032
689.333 1484 4249
303.333 601 1333
929 1063 3494
1134 1343 4257
700.667 1119 3854
368 736 2124
1461.5 1844 4818
594.333 868 2858
730 820 2749
500 576 2098
784 945 3319
257.333 602 1750
253.667 632 1500
897 1448 4424
494 580 1666
804.667 1410 4249
878.667 1467 4341
339.333 1189 2721
307.333 544 1272
562 611 2124
248 533 1048
294.333 773 2202
291.667 706 1900
662 704 2380
307.333 572 1641
257.333 557 1272
416.333 668 1923
440.667 1101 3178
428 636 1923
834.333 1335 4165
464.333 1083 3054
301.333 506 1180
399 452 1528
338 412 1096
374 410 1272
256.333 477 1071
208 291 394
208 262 0
218 242 702
218 220 0
242.333 573 821
324 349 826
508 537 1554


736.833 1347 4341
936 1257 4073
901.333 1322 4341
348.667 1258 3423
383.333 1176 3365
450 1170 3880
429.667 984 2996
679.5 1318 4191
694.167 1309 4274
798 946 3494
283.833 885 1869
482.667 1488 4249
257.333 602 1750
563.667 1108 3515
608.333 1166 3880
566.333 892 2887
735 1233 3972
1165 1421 4424
360.333 1005 3054
784 941 3319
760.667 1298 4249
550.833 1109 3797
496.5 1095 3448
406.333 997 3028
352 1003 2971
378.667 895 2971
1075.67 1508 4424
301 730 2124
570.333 835 2749
253.667 632 1500
621.333 945 3011
1033 1265 4257
301.333 591 1465
631.333 939 3037
672 1471 4249
647.333 948 3319
697 822 2924
835.5 1286 4249
879.5 1330 4341
428 636 1923
446.333 703 2124
301 775 2602
794 1206 3972
393 654 1848
446.333 731 2493
750 1162 3880
432.667 985 3428
1150.67 1607 4735
594.333 868 2858
1305 1607 4818
248 533 1048
257.333 557 1272
242.333 573 821
291.667 706 1900
412 685 2032
730 820 2749
682 772 2518
662 704 2380
494 580 1666
869 1095 3713
500 576 2098
416.333 668 1923
338 412 1096
307.333 572 1641
562 611 2124
256.333 477 1071
301.333 506 1180
743 821 2950
399 452 1528
285.5 815 2119
374 410 1272
208 291 394
307.333 544 1272
324 349 826
218 220 0
508 537 1554
208 262 0
218 242 702


453 730 2124
594.333 868 2858
367.333 771 1923
671.5 1187 3797
355.667 1230 2971
397.333 1395 3797
359 1019 2971
874 1258 4191
587 1232 3797
727 1475 4424
1115.5 1600 4793
631.333 939 3037
608 1249 3880
621 1433 3972
541.5 1040 3095
393 654 1848
911.667 1528 4643
559.667 1327 3722
978.667 1401 4366
478 1217 3146
946 1310 4274
592.833 1595 3863
478 1200 3037
1266.5 1784 4818
913 1104 3863
766.333 1684 4793
532 1067 3428
730 820 2749
715.667 1071 3494
826.5 1649 4793
388 912 2971
297.333 805 2352
470.333 714 2124
697 822 2924
786.667 1419 4366
830.667 1246 3972
721.667 1122 3797
668 1182 3494
307.333 544 1272
660.667 991 3428
609.5 1203 3515
784 941 3319
851 1188 3972
572 911 2858
321.833 763 1917
547.667 1023 3428
446.333 731 2493
855.5 1539 4735
798 946 3494
706 1458 4341
253.667 632 1500
478 1245 3515
666.667 1249 3972
912.667 1344 4274
257.333 557 1272
736.833 1347 4341
434.333 761 2317
301 775 2602
735.5 1369 4341
774 960 3143
368 736 2124
743 821 2950
257.333 602 1750
416.333 668 1923
433.333 722 2035
875 1088 3713
412 685 2032
291.667 706 1900
307.333 572 1641
562 611 2124
242.333 573 821
682 772 2518
662 704 2380
609 846 2749
428 636 1923
500 576 2098
301.333 591 1465
583.333 1309 3598
301.333 506 1180
324 349 826
508 537 1554
248 533 1048
524 1079 3146
494 580 1666
399 452 1528
374 410 1272
218 220 0
208 291 394
218 242 702
208 262 0
256.333 477 1071
338 412 1096


445.333 1439 4249
913 1104 3863
285.5 794 1549
785.833 1544 4643
868.667 1284 4191
933.667 1322 4341
699 1118 3880
669 1392 4341
587 1232 3797
667.667 1193 3822
1145 1372 4366
861.667 1321 4249
942 1570 4793
697 822 2924
715.667 1116 3972
916.833 1465 4643
281.833 817 1500
295 774 2202
1080.67 1517 4735
704 1328 4249
466.333 1403 3547
355.667 1274 3423
1263.33 1670 4818
1115 1314 4257
700 895 2971
573 1120 3515
509.833 1248 3817
655.333 950 3037
748.667 1114 3797
831 944 3319
436.333 771 2185
339.333 1189 2721
798 946 3494
608 1249 3880
755 1325 4341
1046.67 1541 4793
359 1019 2971
301.333 591 1465
355.667 1230 2971
486 1233 3797
416.333 668 1923
601.333 1230 3797
446.333 731 2493
388 912 2971
570.333 835 2749
573 945 2996
985.667 1381 4366
301 730 2124
1226 1800 4818
784 945 3319
586 899 2858
640 895 2858
288.667 674 1750
743 821 2950
307.333 572 1641
647.667 1217 3880
432.667 985 3428
412 685 2032
256.333 477 1071
285.667 705 1500
599.667 942 2996
494 580 1666
651.333 956 3319
301.333 506 1180
242.333 573 821
730 820 2749
301 775 2602
291.667 661 1422
393 654 1848
257.333 557 1272
662 704 2380
340.667 602 1750
291.667 706 1900
682 772 2518
428 636 1923
470.333 714 2124
338 412 1096
500 576 2098
562 611 2124
307.333 544 1272
248 533 1048
374 410 1272
508 537 1554
399 452 1528
218 220 0
218 242 702
208 262 0
324 349 826
208 291 394


769.167 1397 4366
609 846 2749
490.833 1537 4643
253.667 632 1500
828.333 1383 4424
946.333 1338 4424
730 820 2749
715.667 1071 3494
550.833 1109 3797
501.5 1528 4643
307.333 544 1272
763.333 1108 3797
758 953 3293
845.333 1268 4341
411.833 1363 3817
406.333 997 3028
816.667 1636 4793
360.333 1005 3054
346.667 1206 2945
831.5 1280 4366
620 1460 4643
348.667 1214 2971
668 1227 3972
348.667 1258 3423
390.333 1379 3797
429 1354 3547
438.333 1395 3880
744.333 1640 4793
730.333 1110 3972
348.667 1230 3054
859 1077 3863
918 1107 3888
301.333 591 1465
826 1445 4424
438.333 1423 4249
390.333 1351 3428
629.333 986 3402
697 822 2924
482 944 2950
307.333 572 1641
594.333 949 3028
594.333 868 2858
446.333 731 2493
743 821 2950
482 989 3428
450 1170 3880
440.667 1101 3178
301 730 2124
831 944 3319
927.167 1615 4818
358.5 772 2144
887.167 1698 4818
257.333 557 1272
798 946 3494
301 775 2602
929.5 1553 4818
402.167 945 2996
682 772 2518
402 1126 3428
450 1125 3402
416.333 668 1923
291.667 706 1900
551.167 1340 4274
257.333 602 1750
766 1454 4341
583.167 1159 3822
437.5 773 2202
784 945 3319
656.333 984 3054
562 611 2124
428 636 1923
472.667 920 2726
393 654 1848
256.333 477 1071
412 685 2032
593 899 2858
338 412 1096
508 537 1554
662 704 2380
494 580 1666
248 533 1048
572.333 845 2617
301.333 506 1180
500 576 2098
399 452 1528
324 349 826
218 220 0
218 242 702
242.333 573 821
374 410 1272
208 291 394
208 262 0


901.333 1317 4341
849 1088 3713
738.667 1526 4643
627.333 941 3319
307.333 572 1641
406.333 997 3028
505.333 1429 4249
697 822 2924
1284 1565 4818
481.833 1528 4274
563.667 1108 3515
828.333 1383 4424
566.333 892 2887
446.333 703 2124
348.667 1230 3054
416.333 668 1923
429.167 1125 3423
378.667 895 2971
730 820 2749
543 1313 4274
743 821 2950
428 636 1923
929 1063 3494
348.667 1258 3423
668 1227 3972
352 1003 2971
682 772 2518
742.167 1412 4643
972.667 1450 4793
609 846 2749
432.667 985 3428
547.167 1139 3547
373 915 2853
785.333 1407 4424
307.333 544 1272
453.333 1148 3448
854.167 1527 4793
550.833 1109 3797
301 730 2124
438.333 1378 3771
248 533 1048
931.667 1335 4424
446.333 731 2493
390.333 1402 3679
360.333 1005 3054
594.333 868 2858
393 654 1848
301 775 2602
285.5 815 2119
348.333 1033 2721
339.333 1189 2721
673.333 1292 4274
562 611 2124
622.167 1242 4249
402 1126 3428
410.667 952 3054
966 1176 3946
242.333 573 821
297.333 805 2352
257.333 602 1750
412 685 2032
494 580 1666
500 576 2098
301.333 591 1465
662 704 2380
553.333 1122 3880
450 1170 3880
257.333 557 1272
291.667 706 1900
256.333 477 1071
301.333 506 1180
508 537 1554
374 410 1272
253.667 632 1500
338 412 1096
208 262 0
208 291 394
324 349 826
218 242 702
399 452 1528
218 220 0


520.333 1515 4274
346.667 1206 2945
438.333 1378 3771
1109 1373 4424
913 1104 3863
509.5 1221 3547
1030 1477 4709
943.5 1367 4341
494 580 1666
468.167 1378 3817
495 1269 3822
762 1620 4818
682 772 2518
253.667 632 1500
763.333 1108 3797
505.333 1429 4249
611.833 1433 4643
701 1296 3972
906 1316 4274
435.667 1132 3423
730.333 1110 3972
470.833 1295 3817
629 853 2749
378.667 895 2971
895 1389 4424
557.833 1543 4643
1025 1279 4274
481 1462 3822
631.333 939 3037
550.833 1109 3797
360.333 1005 3054
966 1249 4249
405.667 953 3054
988 1532 4818
594.333 868 2858
472.333 1471 3822
415.667 1264 3423
798 946 3494
295 774 2202
471.5 1123 3365
986 1594 4818
291.667 706 1900
568.5 1534 4643
436.333 771 2185
647.333 948 3319
845 1269 4165
307.333 572 1641
430.667 1350 3448
482 989 3428
586.667 1167 3880
831 944 3319
610 1319 4274
446.333 703 2124
285.5 815 2119
697 822 2924
840.667 1298 4249
469 1132 3428
303.333 601 1333
307.333 544 1272
517 1176 3880
418.333 1181 3423
352 1003 2971
520.333 1154 3448
730 820 2749
712 1118 3880
784 945 3319
428 636 1923
301 730 2124
446.333 731 2493
257.333 602 1750
301 775 2602
500 576 2098
416.333 668 1923
393 654 1848
257.333 557 1272
743 825 2950
256.333 477 1071
242.333 573 821
248 533 1048
374 410 1272
301.333 506 1180
399 452 1528
562 611 2124
662 704 2380
338 412 1096
218 220 0
324 349 826
412 685 2032
218 242 702
208 262 0
208 291 394
508 537 1554


390.333 1374 3310
1021.33 1721 5187
438.333 1395 3880
401.167 1351 3247
828.333 1383 4424
592.667 1331 4249
378.667 895 2971
730 820 2749
882.333 1639 4793
578.667 1379 4274
390.333 1402 3679
450 1125 3402
364.667 1090 3054
482 989 3428
547.167 1139 3547
679.333 988 3146
856.333 1642 4793
839 1066 3863
301 730 2124
257.333 557 1272
715.667 1116 3972
676.833 1471 4643
930.333 1574 4793
352 1003 2971
440.667 1101 3178
622.167 1242 4249
785.333 1407 4424
390.333 1400 3423
673.333 1292 4274
402 1126 3428
412 685 2032
410.667 952 3054
301 775 2602
294.333 773 2202
438.333 1378 3771
993.667 1672 4818
450 1170 3880
1226 1664 5187
931.667 1335 4424
428 636 1923
297.333 805 2352
547.333 1126 3448
478.333 1019 3178
952.167 1887 5187
348.333 1033 2721
715.667 1071 3494
553.333 1122 3880
291.667 706 1900
798 1710 4793
655.333 950 3037
594.333 868 2858
812.167 1654 4793
999.5 1587 4818
706 1458 4341
735.5 1369 4341
1009.67 1506 4818
393 654 1848
975.5 1513 4735
743 821 2950
1087 1492 4735
257.333 602 1750
972 1334 4366
256.333 477 1071
494 580 1666
562 611 2124
301.333 591 1465
798 946 3494
662 704 2380
307.333 572 1641
672 774 2467
253.667 632 1500
509.667 949 3028
500 576 2098
307.333 544 1272
242.333 573 821
629 853 2749
301.333 506 1180
338 412 1096
416.333 668 1923
248 533 1048
399 452 1528
697 822 2924
508 537 1554
324 349 826
218 242 702
374 410 1272
208 262 0
218 220 0
208 291 394


1631 1948 4818
754.333 1208 3797
743 821 2950
907.5 1312 4274
367 1089 2996
790.833 1353 4073
790.333 1156 3863
566.333 892 2887
594.333 868 2858
603 731 2493
751.5 1144 3704
494.333 1030 3227
660.667 991 3428
433.333 722 2035
611.333 1389 4191
1001 1279 4191
494 580 1666
599.667 942 2996
470.333 742 2493
352 1003 2971
412 685 2032
678.5 1474 4643
301.333 591 1465
486 1233 3797
429.667 1277 3423
707 840 2774
450.5 1233 3448
647.333 948 3319
364.667 1090 3054
429.667 984 2996
811.167 1463 4643
496.5 1095 3448
784.167 1471 4643
450.5 1232 3423
458.833 1058 3247
450.5 1261 3817
573 1120 3515
832.333 1383 4191
857.5 1217 3880
733.333 1391 4249
446.333 703 2124
434.333 761 2317
383.333 1176 3365
570.333 835 2749
358.5 772 2144
378.667 895 2971
301 730 2124
904 1106 3713
307.333 572 1641
627 1224 3822
927 1280 3972
831 944 3319
307.333 544 1272
863 986 3344
1066 1317 4341
301 775 2602
257.333 602 1750
257.333 557 1272
428 636 1923
525.333 1081 3319
1025 1202 3972
1078.5 1587 4735
1487 1731 4793
1069 1349 4366
950.333 1277 3946
532 1067 3428
840 989 3428
253.667 632 1500
947 1080 3494
780.667 1200 3771
734 1219 3797
248 533 1048
723.667 1380 3883
969 1153 3863
881 1109 3797
301.333 506 1180
978.333 1423 4366
256.333 477 1071
730 820 2749
291.667 706 1900
562 611 2124
242.333 573 821
429.333 1010 2996
208 291 394
508 537 1554
338 412 1096
784 945 3319
285.5 815 2119
662 704 2380
374 410 1272
682 772 2518
399 452 1528
500 576 2098
208 262 0
218 242 702
324 349 826
218 220 0


714.667 1248 3880
591.667 962 2996
512 1160 3054
307.333 572 1641
1048 1306 4341
906.333 1377 4341
853.333 1436 4424
1020 1418 4424
1043 1374 4341
1014 1284 4257
533 1146 3178
281.833 845 1869
706.333 1077 3863
301 730 2124
667.667 1193 3822
681 1332 4249
599.667 942 2996
343.833 1054 2493
339.333 1189 2721
429 1354 3547
680.667 998 3428
973.333 1351 4315
509.5 1193 3178
515.333 774 2467
418.833 1379 3817
355.667 1230 2971
401.667 1266 3397
608 1249 3880
794 986 3402
397.333 1395 3797
808 968 3344
355.667 1229 2945
351 936 2352
388 912 2971
339.333 1161 2352
821.333 1714 4793
445.333 1411 3880
823.667 1652 4793
355.667 1246 3054
355.667 1274 3423
667.333 1162 3771
397.333 1367 3428
1311 1577 4818
712.333 1267 4165
1040 1271 4257
669 1392 4341
445.333 1439 4249
928.333 1328 4257
359 974 2493
291.667 706 1900
470.333 714 2124
359 991 2602
752.5 1256 4165
587 1232 3797
359 1019 2971
570.333 835 2749
517 1154 3178
853 990 3494
301.333 591 1465
285.5 815 2119
307.333 544 1272
393 654 1848
671.333 959 3319
831 944 3319
368 781 2602
605.333 953 3293
743 825 2950
295 774 2202
434.333 761 2317
730.333 1110 3972
586 899 2858
697 822 2924
428 636 1923
316 863 2294
257.333 602 1750
248 533 1048
253.667 632 1500
562 611 2124
547.667 1023 3428
662 704 2380
301.333 506 1180
594.333 868 2858
494 580 1666
367.333 816 2401
416.333 668 1923
500 576 2098
257.333 557 1272
374 410 1272
412 685 2032
399 452 1528
508 537 1554
208 262 0
242.333 573 821
338 412 1096
208 291 394
218 242 702
218 220 0
256.333 477 1071
324 349 826


473.833 1430 3880
1016 1152 3863
986.667 1486 4643
517 1176 3880
549 974 2858
731.5 1598 4643
1106.33 1632 4818
355.667 1274 3423
949 1314 4191
257.333 602 1750
440.667 1101 3178
903.667 1533 4643
627.333 941 3319
563 1015 2996
755 1410 4274
950.167 1710 4818
935.333 1314 4165
748.667 1114 3797
611 994 3310
517.667 981 2919
353.667 1245 2827
1051.67 1524 4793
695.333 992 3428
875.333 1722 4793
303.333 601 1333
301 730 2124
307.333 544 1272
616.5 1143 3797
1011 1313 4073
718.167 1425 4274
1047 1315 4249
491.333 1005 2971
866.667 1316 4249
647.333 1458 4249
622 912 2971
494 580 1666
473.833 1386 3428
676.833 1369 4249
840 1524 4424
728 1419 4274
875 1088 3713
986.333 1462 4424
566.333 892 2887
926 1236 3972
944 1503 4341
257.333 557 1272
359 1019 2971
393 654 1848
446.333 731 2493
504.5 1023 3428
301 775 2602
307.333 572 1641
547.667 978 2950
697 822 2924
779.667 1308 3972
412 685 2032
798 946 3494
446.333 703 2124
472.667 920 2726
730 820 2749
662 704 2380
416.333 668 1923
743 821 2950
562 611 2124
428 636 1923
967 1322 4341
242.333 573 821
500 576 2098
301.333 506 1180
508 537 1554
609 846 2749
374 410 1272
338 412 1096
291.667 706 1900
706.5 1114 3448
256.333 477 1071
248 533 1048
399 452 1528
218 220 0
218 242 702
208 262 0
324 349 826
208 291 394


