777 1023 3658
590.333 1014 3310
796 1089 3867
543.333 850 2933
522 798 2681
719 975 3259
859.333 1883 5288
615.167 1229 3725
900.5 1294 4435
1087 1426 4746
595.333 1255 4244
814.333 1224 4028
525.5 1028 3227
892 1204 4036
480 992 2850
537.333 877 2784
740.667 1104 3658
521 828 2681
774 1057 3776
528.667 954 2890
580.667 947 2941
814.833 1293 4369
782.333 1447 4720
1025 1235 4303
1580 1923 5841
623 839 3090
718 1005 3259
703.667 1126 3867
910 1108 3882
646.833 1101 3607
776 928 3314
1313.5 1765 5464
671.333 1018 3592
1134 1841 5339
954.833 1769 4812
884.667 1318 4435
639 907 3208
1305 1944 5464
883 1237 4036
831 1189 3882
1008 1213 4119
743 992 3617
680.333 1250 3994
930 1239 4435
1063 1217 4185
1253 1455 4962
785 1019 3658
1363 1694 5464
1168.33 1795 5314
481 800 2282
421 660 2022
530.667 1036 3585
456.333 784 2179
679.667 1043 3617
874.167 1438 4384
582 938 2941
586.667 920 3090
505.833 921 2799
1078.33 1418 4511
490.333 729 2231
754 1252 4244
612 834 2691
456.333 831 2681
978.667 1472 4962
914 1253 4303
793 902 3105
516 728 2282
421 613 1520
409 682 1729
911 1088 3882
534.667 933 2808
446.333 648 2113
1208 1738 5064
515 1052 3234
427.667 816 2231
675 790 2655
394.667 696 2113
559 679 2179
615 824 2958
519 711 2164
757.667 1237 3994
797.333 1086 3816
560 649 2179
1053 1224 4185
388 485 1227
659 722 2537
454.667 818 2380
522 701 2431
425 499 1611
551 682 2179
419 573 1505
394.667 649 1611
1354 1949 5841
345.333 510 1454
558 584 1878
470 581 1729
262 302 659
262 258 0
252 345 777
324 361 952
485 572 1703
252 300 0


749 1022 3658
930.5 1288 4435
638.333 1015 3443
487.333 1061 2952
898 1180 4185
530.667 1036 3585
906.5 1305 4394
1114 1859 4962
1051 1278 4409
660.333 1056 3710
794 882 3105
1177.17 1808 5273
1275 1762 5464
935.833 1519 4911
846 1367 4237
586.667 920 3090
889 1213 4185
1011.33 1433 4896
737.333 1111 4119
1129.5 1527 4962
648.333 1198 4011
581.333 798 2681
794.667 1387 4369
1378 1702 5339
1232.33 1630 5064
654.333 1171 4160
1243.67 1786 5464
586.333 1414 3969
910.333 1362 4687
456.333 784 2179
615 824 2958
711.333 1404 4369
743 992 3617
902 1295 4259
1145.33 1974 5841
776 928 3314
481 800 2282
1024 1283 4409
409 682 1729
1114 1432 4911
394.667 649 1611
456.333 831 2681
1107 1274 4409
592.667 1036 3592
1041 1255 4259
580.667 947 2941
1507 1928 5841
555.667 956 3039
867.667 1310 4394
543.333 850 2933
793 902 3105
454.667 818 2380
685.667 1159 4119
527.667 1002 3186
537.333 877 2784
521 828 2681
551 682 2179
911 1088 3882
1199 1682 5182
639 907 3208
421 660 2022
623 1123 3735
1198 1438 4962
1195.67 1803 5273
785 1019 3658
912.667 1551 4911
623 839 3090
690.333 1054 3607
612 834 2691
740 1045 3867
512.667 1078 2977
516 728 2282
644.333 988 3592
612.667 1287 3820
490.333 729 2231
534.667 933 2808
522 701 2431
427.667 816 2231
675 790 2655
446.333 648 2113
522.667 1028 2784
1493 1756 5464
421 613 1520
560 649 2179
485 572 1703
659 722 2537
394.667 696 2113
388 485 1227
558 584 1878
419 573 1505
425 499 1611
345.333 510 1454
559 679 2179
519 711 2164
470 581 1729
262 302 659
252 300 0
252 345 777
262 258 0
324 361 952


551.667 1171 3820
785 1019 3658
646.833 1101 3607
910.5 1689 5464
737.333 1111 4119
590.333 1014 3310
896.667 1413 4746
750 974 3526
552 1185 4087
639 907 3208
530.667 1036 3585
746.667 1220 4160
703.667 1126 3867
697.333 1034 3501
549 1151 3688
797.333 1077 3816
732 1030 3735
660.333 1056 3710
615 824 2958
794 882 3105
718.333 1182 3969
686 1043 3617
900.333 1224 4193
705 839 3090
787.833 1263 4369
636.333 973 3460
456.333 784 2179
555.667 956 3039
537.333 877 2784
1111.5 1634 4962
785 905 3105
528.667 954 2890
697 1033 3467
841.333 1248 4278
633.333 983 3193
1171 1452 4962
1050 1231 4303
409 682 1729
1100 1458 4896
849 1213 4153
637 1393 4160
608 1069 3592
616 986 3227
456.333 831 2681
502.333 985 3161
505.833 921 2799
1521.5 2065 5841
581.333 798 2681
911 1087 3882
639.833 1447 4812
628.667 919 3039
696.667 1419 4746
539.667 915 2890
736.167 1311 4369
522 701 2431
543.333 850 2933
546.833 933 2948
1146 1470 4962
1007.83 1511 4937
516 728 2282
1021.33 1399 4687
884.667 1318 4435
502.333 949 2784
657 851 2999
1416.67 2096 5841
1630.5 2022 5841
421 660 2022
928.833 1551 4937
612 834 2691
1598.33 2041 5841
659 722 2537
680.333 871 3039
560 649 2179
776 928 3314
793 902 3105
394.667 696 2113
427.667 816 2231
586.667 920 3090
519 711 2164
419 573 1505
525.5 1028 3227
345.333 510 1454
421 613 1520
490.333 729 2231
559 679 2179
394.667 649 1611
454.667 818 2380
675 790 2655
470 581 1729
446.333 648 2113
551 682 2179
425 499 1611
558 584 1878
388 485 1227
252 300 0
485 572 1703
324 361 952
262 258 0
252 345 777
262 302 659


537.333 877 2784
528.667 954 2890
572.167 1194 3754
787 973 3460
794 881 3105
757 1019 3658
971.5 1405 4962
1287.5 1833 5464
1199.17 2000 5841
785 905 3105
881.333 1533 4537
575.167 1228 4153
874 1225 4435
530.667 1000 3208
539.667 915 2890
582 974 3318
660.333 1056 3710
527.667 966 2809
515 1052 3234
603.333 1123 3820
580.667 947 2941
615 824 2958
740 1045 3867
511.333 1103 2952
756.167 1396 4369
623 839 3090
530.667 1036 3585
683.833 1273 4160
555.667 956 3039
679.667 1043 3617
938 1096 3882
639 907 3208
644.333 988 3592
703.667 1126 3867
505.833 921 2799
1416.67 1938 5841
612 834 2691
943.333 1392 4937
638.333 1015 3443
1451 1761 5339
521 828 2681
543.333 850 2933
527.667 1002 3186
1233.33 1956 5841
534.667 933 2808
793 902 3105
776 928 3314
529.667 1183 3376
883.333 1667 5314
522 701 2431
691.333 1152 3969
421 660 2022
456.333 784 2179
897 1210 4185
586.667 920 3090
490.333 729 2231
659 722 2537
522 798 2681
796.667 1249 4394
769.167 1692 5182
409 682 1729
394.667 649 1611
446.333 648 2113
559 679 2179
551 682 2179
516 728 2282
519 711 2164
929 1129 3882
456.333 831 2681
421 613 1520
419 573 1505
454.667 818 2380
560 649 2179
558 584 1878
388 485 1227
394.667 696 2113
675 790 2655
798.333 1172 4160
427.667 816 2231
425 499 1611
345.333 510 1454
470 581 1729
485 572 1703
262 258 0
324 361 952
252 345 777
252 300 0
262 302 659


869 1201 4185
821.167 1564 4761
639 907 3208
1041 1263 4369
539.667 915 2890
545.667 1055 3318
505.833 921 2799
668.333 1030 3592
617 866 2941
794 881 3105
782.333 1338 4278
763 1030 3617
850 1093 3867
856 1057 3776
521 828 2681
613.5 1066 3585
587.333 1247 3443
543.333 850 2933
537.333 877 2784
718.667 1279 4237
456.333 784 2179
860.5 1398 4812
456.333 831 2681
761 1044 3735
691.333 1152 3969
805 951 3314
612 834 2691
719 975 3259
902 1111 3882
748 974 3318
726.333 1018 3458
797.333 1086 3816
551.333 1043 3234
1127.33 1765 5064
695 1081 3735
922 1402 4962
910 1108 3882
681 1154 3886
1187 1949 5841
990 1187 4035
697 824 2958
783.5 1108 3776
679.667 1043 3617
527.667 1002 3186
818.167 1718 4435
623 1299 3886
528.667 954 2890
530.667 1000 3208
1343.33 1747 5841
875.5 1279 4435
795 988 3592
1019 1266 4218
838 1123 3820
481 800 2282
810 940 3223
732 1277 4237
427.667 816 2231
623 839 3090
927.333 1254 4193
638.333 1015 3443
1187 1604 5464
850 1476 4303
394.667 649 1611
516 728 2282
580.667 947 2941
939 1101 3882
703.667 1126 3867
515.667 1076 2999
421 660 2022
559 679 2179
519 711 2164
490.333 729 2231
555.667 956 3039
599.333 1152 3467
793 902 3105
691 1696 3903
421 613 1520
785 905 3105
586.667 920 3090
345.333 510 1454
419 573 1505
833.667 1252 4185
454.667 818 2380
409 682 1729
659 722 2537
551 682 2179
446.333 648 2113
560 649 2179
581.333 798 2681
394.667 696 2113
522 701 2431
470 581 1729
425 499 1611
675 790 2655
324 361 952
252 300 0
558 584 1878
388 485 1227
252 345 777
262 258 0
485 572 1703
262 302 659


631.667 1174 4244
785 1019 3658
794 881 3105
555.667 956 3039
551 1296 3501
699 1064 3617
825 992 3617
616.667 1250 4035
740 1045 3867
623 810 2537
639 907 3208
631.667 1145 3691
765.667 1354 4812
567.333 892 2933
776 928 3314
566 1080 3109
528.667 954 2890
456.333 831 2681
615 824 2958
1199 1463 4962
521 828 2681
785 905 3105
551.5 1040 2977
1250 2000 5841
602 1096 3443
539.667 915 2890
446.333 648 2113
695 1081 3735
537.333 877 2784
586.333 1418 3984
623 839 3090
613.5 1066 3585
394.667 649 1611
941.5 1599 4915
796 1219 4394
569 865 2808
669.833 1107 3710
1034.67 1480 4896
670 1003 3467
534.667 933 2808
596.167 1119 3607
910 1108 3882
928.833 1629 5464
1328 1802 5841
555.167 1107 3458
566 880 2799
505.833 921 2799
612 1051 3458
1094.33 1520 5064
409 682 1729
427.667 816 2231
454.667 818 2380
483.667 792 2164
490.333 729 2231
1004 1273 4435
516 728 2282
421 613 1520
394.667 696 2113
519 711 2164
612 834 2691
546.833 933 2948
522 701 2431
659 722 2537
421 660 2022
481 800 2282
675 790 2655
419 573 1505
551 682 2179
558 584 1878
1073.33 1411 4911
388 485 1227
560 649 2179
470 581 1729
485 572 1703
425 499 1611
559 679 2179
793 902 3105
324 361 952
252 345 777
262 302 659
345.333 510 1454
252 300 0
262 258 0


715.833 1364 4102
874 1504 4614
529.667 1192 3776
1389.33 1765 5464
612 1081 3193
774 1057 3776
534.667 933 2808
515.667 1076 2999
797.333 1086 3816
660.333 1056 3710
1191.5 1868 5841
650 869 3090
1163 1438 4896
1166 1645 5288
968.667 1390 4435
456.333 831 2681
1080 1428 4812
1204 1540 5273
750 974 3526
995 1269 4409
629.667 1327 3867
760.667 1282 4244
515.667 1112 3376
480 992 2850
986 1216 4259
745.667 1125 3816
487.333 1061 2952
697 824 2958
1185.5 2084 5841
679.667 1043 3617
1004 1236 4409
555.667 956 3039
526.333 1027 3161
796.667 1249 4394
942 1490 4562
1045 1417 4746
1086 1338 4435
716.833 1309 4102
880.833 1844 5314
711.333 1404 4369
1021.83 1573 4911
614.333 1056 3310
641.833 1145 3501
785 905 3105
837.333 1600 5182
639 907 3208
785 1019 3658
522 701 2431
616 986 3227
705 839 3090
586.667 920 3090
964 1189 4112
638.333 1015 3443
628.667 919 3039
612 834 2691
790.333 1157 4028
537.333 877 2784
832.333 1241 4134
543.333 850 2933
519 711 2164
872.333 1215 4193
657 851 2999
546.833 933 2948
528.667 954 2890
644.333 988 3592
1018.33 1468 4805
1042.67 1478 4962
659 722 2537
798 962 3617
427.667 816 2231
633.333 983 3193
394.667 696 2113
456.333 784 2179
521 828 2681
793 902 3105
421 613 1520
590 1091 3176
794 881 3105
1324.33 1839 5841
1241.33 1626 5339
716.333 1183 3735
446.333 648 2113
973.333 1580 4655
409 682 1729
870 1140 3867
560 649 2179
394.667 649 1611
581.333 798 2681
776 928 3314
551 682 2179
911 1087 3882
748 974 3318
1034.17 1979 5339
454.667 818 2380
559 679 2179
490.333 729 2231
739.833 1154 3725
516 728 2282
675 790 2655
421 660 2022
419 573 1505
470 581 1729
345.333 510 1454
558 584 1878
388 485 1227
324 361 952
425 499 1611
485 572 1703
252 300 0
262 302 659
262 258 0
252 345 777


756 1031 3607
696.333 939 3157
615.167 1229 3725
657 1220 3969
704.333 1529 4388
427.667 816 2231
627.667 1270 3903
537.333 877 2784
581.667 1031 3193
680.667 1205 3886
633.333 983 3193
505.833 921 2799
615 824 2958
565.667 1139 3607
1081.5 1639 5288
669.833 1107 3710
825 992 3617
593.667 922 2958
1369.33 1706 5464
1000.5 1562 4812
555.667 956 3039
878.833 1931 4786
648.5 958 3208
892.167 1569 4805
703.667 1397 4011
776 1271 4011
864 1195 4036
851.5 1205 4185
763 1030 3617
777 1023 3658
1218 1447 4687
647.833 1071 3607
1247.33 1840 5841
528.667 954 2890
526.333 1027 3161
843 1044 3735
787 1209 4244
727.667 1224 3970
797.333 1077 3816
1116 1711 5464
487.333 1061 2952
886.667 1324 4435
732.667 1140 3867
638.333 1015 3443
788.333 1098 3710
785 905 3105
1253.67 1824 5841
719 975 3259
1048.67 1758 5314
409 682 1729
616 986 3227
750.167 1509 4028
623 839 3090
646.833 1101 3607
783.333 1345 4278
644.333 988 3592
1058 1256 4435
757.667 1292 4112
779 1386 4496
394.667 696 2113
776 928 3314
697 1481 3984
902 1121 3882
690.333 1064 3607
694.667 1060 3617
1082.67 1549 4962
761.5 1076 3658
740.333 1124 3761
421 660 2022
612 834 2691
807.333 1270 4384
543.333 850 2933
534.667 933 2808
522 701 2431
490.333 729 2231
454.667 818 2380
794 881 3105
793 902 3105
659 722 2537
446.333 648 2113
456.333 831 2681
830.667 1733 4538
516 728 2282
483.667 792 2164
675 790 2655
546.833 933 2948
560 649 2179
1233.17 1902 5841
551 682 2179
913 1469 4805
559 679 2179
394.667 649 1611
345.333 510 1454
388 485 1227
530.667 1036 3585
911 1088 3882
419 573 1505
721 907 3208
519 711 2164
485 572 1703
425 499 1611
558 584 1878
252 300 0
324 361 952
262 258 0
421 613 1520
581.333 798 2681
470 581 1729
252 345 777
262 302 659


701 1192 4119
764.333 1141 4119
865.333 1380 4278
712.667 1395 4369
544.333 1280 3729
993 1219 4218
1113.83 1892 5314
1158.17 1830 5314
880.833 1510 4746
1256 1517 4962
1039.33 1433 4896
898.333 1272 4369
870.5 1247 4185
549 1151 3688
668.333 1030 3592
1265.33 1819 5314
1173.5 1587 4937
647.833 1071 3607
877 1123 3867
1150.5 1864 5064
1004.83 1718 4915
546.833 933 2948
582 974 3318
523 1131 3227
596.167 1119 3607
555.667 956 3039
639 907 3208
932.333 1644 4896
797.333 1086 3816
745.667 1125 3816
719.333 1652 4435
951.667 1443 4746
739.333 1154 3761
527.667 1002 3186
1152.67 1736 5288
552 1185 4087
615 824 2958
776 928 3314
1272.33 1795 5314
1122.33 1905 5841
660.333 1056 3710
1244 1728 5064
793 902 3105
660.167 1232 4112
1195.83 1690 4962
741.833 1283 4160
911 1088 3882
456.333 831 2681
580.333 828 2681
593.667 922 2958
636.333 973 3460
530.667 1036 3585
844.5 1530 4812
671.333 1018 3592
543.333 850 2933
832.5 1619 4687
660.667 1332 4153
394.667 649 1611
454.667 818 2380
887 1030 3632
805.667 1441 4435
1314.33 1698 5464
877.333 1347 4614
560 649 2179
537.333 877 2784
1589 1880 5841
951 1201 4185
421 613 1520
1318 1638 5288
446.333 648 2113
528.667 954 2890
785 905 3105
1209.33 1837 5339
716 962 3617
1048.33 1390 4629
409 682 1729
623 839 3090
394.667 696 2113
505.833 921 2799
902 1111 3882
1540 1897 5841
551 682 2179
1139.67 1720 4962
427.667 816 2231
659 722 2537
1128 1379 4786
1004 1236 4409
490.333 729 2231
516 728 2282
421 660 2022
522 701 2431
539.667 915 2890
419 573 1505
425 499 1611
502.333 985 3161
675 790 2655
388 485 1227
345.333 510 1454
470 581 1729
794 881 3105
519 711 2164
559 679 2179
485 572 1703
262 302 659
558 584 1878
252 345 777
252 300 0
262 258 0
324 361 952


739.333 1154 3761
914 1253 4303
672.667 1320 4087
581.667 1031 3193
733 1207 3994
669.833 1107 3710
670 1003 3467
481 800 2282
881.333 1221 4237
587 1277 3611
647 1314 3617
911 1087 3882
963 1272 4394
908.333 1179 4134
556 1082 3310
1205 1417 4962
932.333 1237 4384
838 1276 4384
543.333 850 2933
817 1351 4153
639 907 3208
590.333 1014 3310
515.667 1112 3376
906.333 1681 5314
1264.33 1636 5273
668.333 1030 3592
680.333 1250 3994
739 1202 3761
1503.33 1980 5841
650 869 3090
1145.33 1828 5339
502.333 985 3161
636.333 973 3460
608 1069 3592
873.333 1219 4028
1220.33 1694 5464
528.667 954 2890
768.667 1234 4035
740 1045 3867
1133 1350 4435
537.333 877 2784
752.167 1399 4134
668.167 1187 3607
505.833 921 2799
975.333 1554 4896
662 1235 3837
586.667 920 3090
612 1050 3458
1431 1693 5339
789.333 1395 4614
555.167 1107 3458
793 902 3105
732.833 1514 4388
783.167 1428 4244
521 828 2681
794 881 3105
821.333 1244 4160
675 790 2655
580.667 947 2941
555.667 956 3039
394.667 696 2113
776 928 3314
695 1081 3735
841.333 1377 4537
657 851 2999
454.667 818 2380
716 962 3617
522 798 2681
910 1108 3882
615 824 2958
421 660 2022
602 1096 3443
559 679 2179
761 1044 3735
659 722 2537
456.333 831 2681
1489.67 2020 5841
394.667 649 1611
427.667 816 2231
814.333 1224 4028
1506 1957 5841
788.667 1392 4134
582 938 2941
527.667 966 2809
516 728 2282
560 649 2179
522 701 2431
519 711 2164
446.333 648 2113
409 682 1729
785 905 3105
1011.5 1488 4687
622.667 1500 3684
1119.5 1504 4786
698 1064 3617
551 682 2179
456.333 784 2179
419 573 1505
425 499 1611
1049.83 1678 5314
558 584 1878
490.333 729 2231
612 834 2691
345.333 510 1454
470 581 1729
485 572 1703
324 361 952
252 300 0
252 345 777
388 485 1227
262 302 659
262 258 0
421 613 1520


527.667 1002 3186
877.333 1689 4937
592.667 1036 3592
777 1023 3658
596.5 1377 4655
943.667 1649 4896
612 834 2691
762.833 1552 4687
866 1077 3816
534.667 933 2808
732.667 1140 3867
743 992 3617
803 1249 4394
522 798 2681
795 988 3592
1014.33 1377 4720
911 1087 3882
774 1057 3776
575.167 1228 4153
859.5 1419 4812
926.333 1214 4160
977 1194 4303
586.667 1063 3443
565.667 1139 3607
537.333 877 2784
625.667 1156 3710
793 902 3105
1233.67 1854 5464
675.333 1019 3234
856 1198 4112
1240.33 1624 5182
815.667 1763 5182
797.333 1086 3816
394.667 649 1611
888 1111 4119
1224 1691 5182
1069 1338 4435
794 881 3105
889 1098 3841
716 1154 3886
776 1053 3658
543.333 850 2933
556 1049 3376
1366 1711 5464
555.667 956 3039
546.833 933 2948
798 962 3617
697 824 2958
1070 1316 4409
528.667 954 2890
521 828 2681
639 907 3208
1072 1312 4409
540.667 916 2890
785 905 3105
705 839 3090
691.833 1153 3725
1283.5 1877 5841
593.667 922 2958
523 1095 2850
490.333 729 2231
650 869 3090
427.667 816 2231
1069 1365 4962
522 701 2431
409 682 1729
454.667 818 2380
628.667 919 3039
446.333 648 2113
559 679 2179
776 928 3314
657 851 2999
505.833 921 2799
421 660 2022
519 711 2164
551 682 2179
394.667 696 2113
659 722 2537
1203 1715 5339
456.333 831 2681
481 800 2282
345.333 510 1454
1186 1775 5314
761.5 1076 3658
485 572 1703
516 728 2282
419 573 1505
560 649 2179
483.667 792 2164
470 581 1729
425 499 1611
324 361 952
675 790 2655
558 584 1878
252 300 0
421 613 1520
252 345 777
388 485 1227
262 302 659
262 258 0


846.667 1418 4343
980.5 1668 5064
785 1019 3658
592.667 1036 3592
772.833 1287 4278
612.667 1287 3820
1204.67 1658 5314
802.667 1420 4687
740 1045 3867
1208 1455 4896
1305 1527 4937
555.667 956 3039
525.5 1028 3227
716 962 3617
639 907 3208
702 1269 4153
647.833 1071 3607
629.167 1239 3725
952 1171 4185
528.667 954 2890
644.333 988 3592
612 834 2691
593.667 922 2958
842.333 1253 4278
991 1223 4394
738.167 1387 4278
581.333 798 2681
1202.5 1540 4911
519 711 2164
891.333 1511 4896
521 828 2681
749 1022 3658
616.667 1214 3658
911 1087 3882
821 1221 4153
903.667 1394 4394
1328.33 1901 5841
917.333 1417 4680
1058 1256 4435
730.667 1495 4720
692.833 1153 3725
700.667 1175 3816
793 902 3105
709 1337 4185
623 839 3090
522.667 1028 2784
795.5 1457 4537
1041.33 1385 4720
615 824 2958
543.333 850 2933
530.667 1036 3585
625.667 1156 3710
626.667 1348 4160
1190.5 1664 4962
888.167 1793 5464
421 660 2022
889.667 1445 4746
394.667 649 1611
935 1159 4119
776 928 3314
638.333 1015 3443
865 1211 3903
481 800 2282
783.833 1249 4160
546.833 933 2948
843 1044 3735
897 1174 4244
659 722 2537
1299 1551 4937
1141.67 1714 5273
785 905 3105
1130 1719 5464
963 1272 4394
409 682 1729
910 1117 3882
1111 1448 4771
446.333 648 2113
490.333 729 2231
483.667 792 2164
516 728 2282
1247 1594 5339
454.667 818 2380
522 701 2431
559 679 2179
427.667 816 2231
914.667 1349 4394
456.333 831 2681
1328 1551 4962
560 649 2179
421 613 1520
675 790 2655
794 882 3105
539.667 915 2890
345.333 510 1454
558 584 1878
394.667 696 2113
551 682 2179
388 485 1227
485 572 1703
425 499 1611
470 581 1729
262 258 0
252 300 0
252 345 777
419 573 1505
324 361 952
262 302 659


749 1022 3658
593.667 922 2958
582 974 3318
582 938 2941
761.333 1194 4369
525.5 1028 3227
774.333 1465 4915
592.667 1036 3592
709.667 1242 4369
1114 1290 4435
502.333 985 3161
676.167 1366 4812
740 1045 3867
528.667 954 2890
732.667 1227 4119
515.667 1112 3376
832 974 3526
732 1030 3735
631.667 1138 3867
776 928 3314
537.333 877 2784
660 1189 4112
784.333 1179 4119
483.667 792 2164
551.667 1171 3820
794 881 3105
623 839 3090
1015 1349 4680
615 824 2958
688.333 1069 3710
995 1269 4409
421 613 1520
1035.33 1569 5464
454.667 818 2380
612 834 2691
421 660 2022
543.333 850 2933
580.667 947 2941
644.333 988 3592
1285.33 1802 5841
490.333 729 2231
943.333 1392 4937
530.667 1036 3585
979.333 1284 4384
519 711 2164
653 1287 4369
929.333 1446 5273
793 902 3105
539.667 915 2890
798.333 1172 4160
456.333 831 2681
516 728 2282
785 905 3105
638.333 1015 3443
603.333 1123 3820
559 679 2179
521 828 2681
911 1087 3882
891.667 1440 4937
446.333 648 2113
394.667 649 1611
675 790 2655
1078 1323 4435
427.667 816 2231
522 701 2431
639 907 3208
981.833 1929 5288
419 573 1505
560 649 2179
551 682 2179
555.667 956 3039
659 722 2537
394.667 696 2113
388 485 1227
485 572 1703
345.333 510 1454
470 581 1729
425 499 1611
324 361 952
409 682 1729
558 584 1878
252 300 0
262 258 0
252 345 777
262 302 659


639 907 3208
697 1033 3467
750 974 3526
873 1236 4384
738.833 1300 4278
846 1177 3903
749 1022 3658
633.333 983 3193
633.667 1084 3467
888 1111 4119
790 1403 4496
755.833 1249 4160
884.167 1767 4761
693 1043 3526
984 1310 4394
936.167 1534 4937
1162 1660 5339
734.5 1163 3728
1503 1849 5841
877 1123 3867
647.833 1071 3607
555.167 1107 3458
1048.5 1471 4805
525.333 1174 2952
1162.5 1640 5464
1346.83 1899 5841
502.333 949 2784
932 1192 4237
773.167 1437 4687
636.333 973 3460
889 1098 3841
1000.33 1687 4962
539.667 915 2890
555.667 956 3039
849 1179 4134
831.333 1343 4496
1126 1439 4962
543.333 850 2933
545.667 1055 3318
938 1096 3882
537.333 877 2784
918.667 1715 5314
1029.33 1501 4896
701 1064 3607
616 986 3227
625.667 1156 3710
467 784 2179
791 1186 3867
758.5 1099 3735
1092 1275 4394
505.833 921 2799
612 834 2691
866 1077 3816
913.5 1640 4786
617 866 2941
516 728 2282
601.333 1051 3458
1288 1595 5464
737.5 1505 4388
793 902 3105
683.167 1533 4256
843 1044 3735
467 831 2681
718.667 1279 4237
776 928 3314
952 1171 4185
748 1041 3475
521 828 2681
530.667 1007 3032
623 839 3090
481 800 2282
1144.5 1674 5182
814.667 1193 4185
794 882 3105
522 701 2431
528.667 954 2890
593.667 922 2958
599.667 1037 3157
660 1189 4112
615 1071 3460
519 711 2164
421 660 2022
546.833 933 2948
574 1206 3688
490.333 729 2231
421 613 1520
446.333 648 2113
427.667 816 2231
454.667 818 2380
715 1059 3585
551 682 2179
559 679 2179
596.167 1119 3607
394.667 696 2113
558 584 1878
394.667 649 1611
522 798 2681
560 649 2179
409 682 1729
659 722 2537
675 790 2655
485 572 1703
1078 1287 4409
419 573 1505
345.333 510 1454
470 581 1729
324 361 952
262 258 0
252 300 0
388 485 1227
262 302 659
425 499 1611
252 345 777


1064.5 1425 4435
690.667 1267 3867
886.5 1267 4394
572.167 1194 3754
878 1089 3867
670 1003 3467
832 974 3526
814.333 1442 4405
592.667 1036 3592
999 1594 4812
515 1052 3234
914.667 1645 5314
695.333 1387 3970
772.667 1360 4384
633.333 983 3193
1123 1461 4812
696.667 1346 3969
646.667 1185 3710
951.5 1613 4805
538.667 1137 3458
503.5 876 2681
394.667 649 1611
1028.33 1458 4614
650 869 3090
753.333 1179 4237
546.833 933 2948
592.333 1185 3468
764.333 1141 4119
705 839 3090
692.833 1153 3725
512.667 1078 2977
660.333 1056 3710
1124 1404 4962
794 881 3105
973.5 1531 4771
776 937 3314
590.333 1014 3310
537.333 877 2784
975.833 1528 4761
1081 1453 4746
913 1222 4303
543.333 850 2933
869 1176 4185
1114 1504 4937
489.667 908 2666
555.667 956 3039
1096.67 1531 4937
1066 1273 4435
839 1019 3658
745 1436 4011
528.667 954 2890
1092.33 1526 4805
657 851 2999
540.667 916 2890
1456 1836 5841
487.333 1061 2952
639 907 3208
732 1030 3735
911 1088 3882
797.333 1086 3816
822 1018 3592
891.5 1619 4538
505.833 921 2799
421 613 1520
831 1022 3658
456.333 784 2179
421 660 2022
636.333 973 3460
612 834 2691
481 836 2659
615 824 2958
750 1290 4153
874.5 1632 4537
466 912 2450
394.667 696 2113
1059.33 1528 4896
1157.67 1678 5464
785 905 3105
522 701 2431
559 679 2179
659 722 2537
490.333 729 2231
519 711 2164
551 682 2179
409 682 1729
522 798 2681
516 728 2282
505 869 2666
427.667 816 2231
446.333 648 2113
454.667 818 2380
345.333 510 1454
711.667 1312 3882
388 485 1227
560 649 2179
470 581 1729
558 584 1878
419 573 1505
324 361 952
262 302 659
252 345 777
485 572 1703
425 499 1611
675 790 2655
252 300 0
262 258 0


608 1069 3592
911 1087 3882
582 974 3318
826.833 1428 4405
777 1023 3658
1024.33 1561 5288
577.333 1198 3878
756.333 1224 4087
743 992 3617
973.667 1492 4746
850.833 1299 4278
817.333 1093 3816
658 1258 4153
456.333 831 2681
877 1123 3867
737.5 1099 3607
771.833 1216 4028
657 851 2999
1018 1284 4394
644.333 988 3592
540.667 916 2890
572.167 1194 3754
1122 1387 4771
546.833 933 2948
1347 1556 4962
530.667 1036 3585
657 822 2446
774 1057 3776
1053 1214 4185
576 1227 4087
1184.33 1829 5314
515.667 1112 3376
969 1349 4435
543.333 850 2933
1015 1277 4369
995 1336 4435
900.5 1390 4680
966.5 1844 5182
1281.83 1823 5841
615 824 2958
776 928 3314
639 907 3208
521 828 2681
785 905 3105
895.5 1249 4259
794 881 3105
409 682 1729
999.5 1715 4937
1349 1648 5339
502.333 985 3161
628.667 919 3039
872.667 1304 4394
1210 1473 4896
1051 1517 4805
669.833 1107 3710
581.667 1031 3193
634.833 1179 3710
421 613 1520
586.667 920 3090
814 1030 3735
612 834 2691
427.667 816 2231
776 1053 3658
946.333 1245 4134
833.667 1252 4185
793 902 3105
394.667 649 1611
762.667 1186 3816
456.333 784 2179
650 869 3090
739.333 1154 3761
519 711 2164
560 649 2179
895 1210 4028
537.333 877 2784
551 682 2179
446.333 648 2113
1196.17 1865 5339
528.667 954 2890
394.667 696 2113
522 701 2431
1038.67 1529 4915
534.667 933 2808
597.333 1484 4138
516 728 2282
559 679 2179
675 790 2655
454.667 818 2380
727.667 1224 3970
659 722 2537
421 660 2022
848.167 1519 4896
345.333 510 1454
558 584 1878
388 485 1227
490.333 729 2231
425 499 1611
1314.5 1778 5464
485 572 1703
324 361 952
419 573 1505
262 258 0
470 581 1729
262 302 659
252 300 0
252 345 777


626.5 1166 3886
911 1087 3882
638.333 1015 3443
633.333 983 3193
1026 1379 4687
1166 1578 5064
1405 1641 5339
527.667 1002 3186
725 1275 4369
796 1089 3867
1100.33 1441 4911
590.333 1014 3310
794 881 3105
986 1216 4259
1332.5 1862 5841
1273.33 1643 5464
980 1234 4237
848.667 1567 4962
394.667 696 2113
1141 1592 5314
487.333 1061 2952
580.667 947 2941
644.333 988 3592
824.333 1398 4896
528.667 954 2890
539.667 915 2890
421 613 1520
703.667 1126 3867
1318 1542 4937
797.333 1086 3816
654.333 1171 4160
639 907 3208
1091.33 1637 5314
763 1030 3617
602.333 1257 4112
854.5 1199 4185
825.667 1263 4394
530.667 1036 3585
1196.33 1802 5464
586.667 920 3090
679.667 1043 3617
565.667 1139 3607
793 902 3105
785 905 3105
555.667 956 3039
525.5 1028 3227
646.833 1101 3607
612 834 2691
623 839 3090
787 973 3460
792 1492 4405
537 1261 3878
761 1044 3735
1141.67 1889 5841
505.833 921 2799
502.333 985 3161
615 824 2958
660.333 1056 3710
537.333 877 2784
581.333 798 2681
559 679 2179
456.333 831 2681
543.333 850 2933
427.667 816 2231
776 928 3314
552 1185 4087
516 728 2282
1356 1533 4962
454.667 818 2380
409 682 1729
394.667 649 1611
659 722 2537
519 711 2164
421 660 2022
467 784 2179
446.333 648 2113
425 499 1611
675 790 2655
522 701 2431
490.333 729 2231
1058 1256 4435
783.333 1498 4896
419 573 1505
560 649 2179
345.333 510 1454
470 581 1729
485 572 1703
558 584 1878
551 682 2179
262 302 659
388 485 1227
252 300 0
324 361 952
262 258 0
252 345 777


876.333 1398 4614
1621 1927 5841
930.333 1372 4896
580.333 1331 4035
565.667 1139 3607
785 905 3105
633.333 983 3193
1456 1800 5464
1081.5 1639 5288
740 1045 3867
1296 1663 5339
703.667 1126 3867
595.333 1255 4244
580.333 828 2681
1114 1290 4435
837.333 1346 4405
1077 1297 4435
673.333 1327 4256
616.667 1250 4035
872.667 1304 4394
1445.33 1834 5464
586.667 1063 3443
1368.5 1998 5841
1409.5 1964 5841
757 1019 3658
623.333 1392 4347
421 613 1520
502.333 985 3161
1087 1667 5339
907.667 1293 4384
487.333 1061 2952
939 1101 3882
538.667 1137 3458
802 1407 4812
794 881 3105
756.833 1488 4388
761.333 1194 4369
1246.5 1625 4962
592.667 1036 3592
537.333 877 2784
515 1052 3234
588.333 1199 3611
1256 1543 4962
995 1269 4409
685.667 1159 4119
749 1022 3658
483.667 792 2164
580.667 947 2941
675 1344 4347
421 660 2022
709.667 1593 4537
612 834 2691
885.667 1324 4435
446.333 648 2113
603.333 1123 3820
623 839 3090
644.333 988 3592
1055.33 1690 5182
539.667 915 2890
798.333 1172 4160
586.667 920 3090
691.333 1152 3969
560 649 2179
456.333 831 2681
516 728 2282
675 790 2655
543.333 850 2933
878.667 1420 4896
891.667 1440 4937
490.333 729 2231
1426 1911 5464
581.333 798 2681
617 866 2941
394.667 649 1611
716 962 3617
776 928 3314
636.333 973 3460
394.667 696 2113
519 711 2164
427.667 816 2231
528.667 954 2890
639 907 3208
981.833 1929 5288
555.667 956 3039
522 701 2431
701 1064 3607
345.333 510 1454
409 682 1729
659 722 2537
485 572 1703
559 679 2179
419 573 1505
551 682 2179
454.667 818 2380
470 581 1729
388 485 1227
252 345 777
425 499 1611
324 361 952
262 258 0
558 584 1878
252 300 0
262 302 659


592.667 989 3090
1049 1279 4435
763.333 1208 4112
697 1033 3467
883 1769 4746
869 1201 4185
536.667 1247 3611
794 882 3105
566 879 2799
639 907 3208
661.667 1332 4153
697 824 2958
650 869 3090
810 1249 4303
732 1030 3735
552 1185 4087
619.333 1567 4655
989.5 1332 4394
505.833 921 2799
592.667 1036 3592
421 613 1520
791 1736 4720
727.333 1434 4496
902 1111 3882
945.5 1396 4680
521 828 2681
615.667 1031 3335
546.833 933 2948
625.667 1156 3710
534.667 933 2808
697.667 1305 4112
718 1005 3259
567.333 892 2933
972.667 1656 5464
1198 1473 4962
697.333 1034 3501
1012.5 1476 4962
522 798 2681
655.5 1361 4153
793 902 3105
530.667 1036 3585
797.333 1086 3816
692.833 1153 3725
539.667 915 2890
1414 1854 5841
894.5 1521 4746
565.667 1139 3607
765.667 1141 3816
612 834 2691
659 722 2537
593.667 922 2958
944.667 1775 5314
569 865 2808
591.333 867 2890
929 1701 4889
753.667 1324 4369
528.667 954 2890
640 1019 3234
784.333 1179 4119
409 682 1729
1281 1621 5464
454.667 818 2380
559 679 2179
660.333 1056 3710
944.667 1373 4384
667 1018 3458
427.667 816 2231
913.5 1431 4562
694 850 2933
487.333 1061 2952
456.333 784 2179
675 790 2655
776 928 3314
732.667 1227 4119
456.333 831 2681
481 800 2282
470 581 1729
522 701 2431
1306.67 1923 5841
519 711 2164
866 1077 3816
394.667 696 2113
516 728 2282
551 682 2179
490.333 729 2231
560 649 2179
419 573 1505
421 660 2022
485 572 1703
388 485 1227
345.333 510 1454
394.667 649 1611
425 499 1611
558 584 1878
446.333 648 2113
262 258 0
252 345 777
324 361 952
739 851 2999
262 302 659
252 300 0


577 1186 3534
761.333 1153 4119
590.333 1014 3310
647.333 1233 4087
814 1030 3735
958.333 1274 4384
691.833 1153 3725
1118 1469 4962
994.667 1512 4937
534.667 933 2808
502.333 985 3161
967.333 1653 4812
626 1084 3585
1443 1931 5464
794 1212 4134
927.667 1322 4384
1532.67 2037 5841
552.667 1057 3186
931.5 1320 4435
1211 1763 5314
615.667 1089 3467
715.333 1194 3969
822.333 1214 4160
515.667 1112 3376
913.833 1837 4394
950.667 1549 4761
672.667 1418 4185
866 1086 3816
1207 1434 4962
850 1093 3867
822 1105 3776
739.667 1142 3735
644.333 988 3592
941 1381 4687
580.333 828 2681
798 962 3617
924 1145 4185
749 1022 3658
1523 1805 5464
1540.33 1973 5841
745.667 1125 3816
1266.33 1800 5339
1154 1683 5288
586.667 920 3090
793 902 3105
922.833 1779 4394
627.667 1270 3903
394.667 649 1611
991 1223 4394
1033.33 1446 4896
546.833 933 2948
794 881 3105
528.667 954 2890
556 1049 3376
1106 1384 4812
902 1111 3882
785 905 3105
421 613 1520
726.667 1294 4369
539.667 915 2890
1071 1289 4409
750 974 3526
689.667 1136 3607
456.333 784 2179
758.5 1099 3735
543.333 850 2933
1468 1825 5464
1231 1933 5339
537.333 877 2784
750.667 1181 3903
719 975 3259
456.333 831 2681
555.667 956 3039
487.333 1061 2952
776 928 3314
1259.33 1758 5314
612 834 2691
454.667 818 2380
1124.67 1886 5288
920.833 1839 4629
544.333 1280 3729
427.667 816 2231
1460.33 2139 5841
615 824 2958
522 701 2431
446.333 648 2113
490.333 729 2231
623 839 3090
639 907 3208
409 682 1729
675 790 2655
1322 1610 5339
559 679 2179
659 722 2537
893.5 1249 4303
560 649 2179
421 660 2022
394.667 696 2113
1155.33 1453 4911
558 584 1878
581.333 798 2681
425 499 1611
551 682 2179
516 728 2282
345.333 510 1454
388 485 1227
485 572 1703
470 581 1729
419 573 1505
262 302 659
519 711 2164
252 345 777
324 361 952
262 258 0
252 300 0


