1419 1665 4981
784.5 1132 3909
335.9 1188 3351
248.85 863 2020
529.9 1264 3818
550.5 1059 3135
600.9 1271 3976
231.25 892 1971
1411.5 1762 4806
883.667 1373 4407
937.667 1364 4641
586.5 1037 3134
709 1013 3018
403.567 1384 4067
933.667 1423 4532
800 973 3244
657.6 1198 3709
729 966 3086
264.167 1085 2711
161.6 648 665
430.9 1067 3460
1208.5 1771 4872
655 889 2819
230 1034 2462
671 806 2253
236 1018 2063
570.9 1273 4125
367.3 1037 2911
355.067 978 2886
290.667 1372 3551
867 1050 3335
544.4 1244 3891
306 817 2794
212.667 737 1862
403.567 1427 4532
1193.6 1773 4872
834.667 1237 4067
236 1061 2528
241.167 1043 2553
250.5 651 1971
402 1469 4356
354.067 1274 4016
354.067 1231 3551
223 957 1888
452 643 1828
376.5 693 2129
417.9 963 2820
286.667 1197 3376
428.5 1498 4590
575.667 935 2860
219.6 622 1288
442.067 1076 3551
299.667 1301 4016
234.25 1107 2528
277.167 1189 3351
404.5 661 2062
254.167 1147 3193
241.167 1000 2088
338 647 1555
717 1010 3134
254.167 1104 2728
536 1039 3134
439.467 1111 3551
440 645 2062
299.667 1258 3551
221.25 1003 1888
222 569 1130
226.5 464 1488
429.067 972 2911
284.667 702 2220
911.9 1814 4872
1303 1764 4755
219.6 579 823
180.6 691 1130
496 587 1514
1400.5 1789 5106
176.5 534 732
226.5 424 823
216 236 0
171 258 0
348.667 616 1555
216 260 574
242 299 823
171 298 665


482 1153 3485
886.5 1450 4415
231.25 892 1971
861 1379 4016
429.067 972 2911
655 889 2819
813.4 1315 3825
1016 1403 4415
344.9 1159 3102
411 871 2794
671.667 1603 4232
238.85 845 1953
932.4 1421 4125
338 647 1555
774.5 1488 4249
324.75 862 2293
335.833 882 2560
784.25 1271 3624
471 1194 3485
368.567 1604 4466
332.067 936 2728
617.1 1332 3676
361.5 882 2594
376.733 1329 3384
993 1357 4374
372.667 891 2685
748 985 3134
378.8 1466 4016
476.467 1652 4532
997 1242 4125
230 991 1997
909 1274 4016
441.5 1111 3251
355.7 1358 3716
1143.67 1628 4981
277.167 1189 3351
807.267 1560 4374
690.85 1330 3950
976.6 1523 4532
221.25 1003 1888
362.233 1540 3950
263.3 1396 3227
490.233 1622 4532
330.65 1484 3427
344.417 1454 3427
392.567 1436 4016
286.667 1154 2911
282.1 1178 2911
212.667 737 1862
361.567 1527 3892
782 1076 3551
367.8 1467 3892
475.3 1187 3485
321.5 933 2662
231.25 893 1997
249.5 1287 3193
986.6 1493 4466
477 1088 3259
540.6 1348 4001
230 1034 2462
459.5 1026 3134
983.1 1838 4872
180.6 691 1130
371 661 2062
692 1094 3434
601.6 1339 4001
341.067 1170 3376
678 935 2860
236 1061 2528
997 1200 3650
250.5 651 1971
440.4 1335 3892
794.25 1219 3775
250.4 1115 2711
370.5 829 2560
223 957 1888
816.6 1522 4265
264.167 1085 2711
277.667 1311 3376
355.667 984 2911
277.767 1195 3376
238.85 848 2220
417.9 963 2820
236.5 1183 2553
547.067 1609 4532
972 1382 4115
376.5 693 2129
263.9 1341 3376
348.667 616 1555
241.167 1043 2553
180.6 694 1397
652 1021 3310
327.85 1045 2794
219.6 619 1488
877 1073 3485
496 587 1514
522.067 1197 3551
393.267 1422 3892
440 645 2062
161.6 648 665
373.667 899 2794
591.25 1015 3259
765.5 1281 3775
284.667 702 2220
249.25 662 1953
1114.1 1657 4714
222 569 1130
265.417 944 2246
219.6 579 823
452 643 1828
792.5 1229 3800
226.5 424 823
449 817 2794
176.5 534 732
216 260 574
171 298 665
226.5 464 1488
171 258 0
216 236 0
242 299 823


230 991 1997
1040 1364 4641
299.667 1258 3551
256.5 1321 3302
849 1788 5106
283.75 1457 4590
882 1232 3716
306 817 2794
236 1018 2063
288.5 1292 3925
335.3 981 2820
234.25 1107 2528
249.5 1287 3193
256.5 1364 3767
1165 1532 4981
236 1061 2528
243 1138 3102
826.4 1419 4465
786.667 1272 4067
872.5 1399 4407
277.167 1189 3351
359.9 1060 3302
243.6 1120 2553
717 1010 3134
346.467 990 2911
238.85 845 1953
290.667 1415 4016
799 1050 3159
355.067 978 2886
479.9 1238 3891
161.6 648 665
394.067 1111 3551
536 1039 3134
236.5 1183 2553
427.4 1102 3551
231.25 892 1971
913 1186 3909
937 1237 4067
677.6 1526 4641
869.6 1460 4641
440 645 2062
869 1055 3335
536.6 1279 4067
814 1694 4872
520.9 1667 4641
180.6 694 1397
686 1027 3025
940 1257 4125
868 1715 5106
231.25 893 1997
265.417 944 2246
782 1076 3551
418.667 1383 4067
249.25 662 1953
513 801 2378
376.5 693 2129
452 643 1828
371 661 2062
575.667 935 2860
851.4 1643 4981
717 972 2911
348.667 616 1555
913 1441 4641
813 1070 3393
219.6 579 823
238.85 848 2220
219.6 619 1488
338 647 1555
355.667 984 2911
520.4 1280 4125
550.5 1059 3135
841.6 1728 4981
176.5 534 732
226.5 424 823
212.667 737 1862
573.5 867 2819
226.5 464 1488
250.5 651 1971
284.667 702 2220
216 236 0
242 299 823
171 298 665
222 569 1130
496 587 1514
216 260 574
171 258 0


324.033 1420 3485
365.667 1335 3485
365.5 1365 3618
349.367 1393 3643
356.767 1342 3485
686 873 2819
407.267 1499 4466
236.1 857 1953
1219 1576 4755
161.6 648 665
337.65 1564 3801
969.5 1447 4641
372.667 891 2685
934.25 1399 4415
349 1358 3551
370.5 829 2560
512.967 1630 5106
386.85 1551 4232
771.333 1519 4641
476.5 858 2794
268.5 1111 2711
1087 1363 4249
346.467 990 2911
908.6 1597 4714
263.75 1276 3376
268.567 1158 2911
500.4 1673 4806
574.667 1204 3775
337.65 1581 3950
378.65 1401 4016
543.4 1312 4125
962.25 1461 4532
347.567 1348 3485
375.5 819 2311
234.1 1233 2911
531.75 1221 3775
444.683 1703 4872
193.35 697 1197
696.667 1035 3127
1241 1574 4981
286.667 1154 2911
328.3 904 2246
508.25 966 3043
1091 1369 4290
768 1432 4415
283.933 1482 3691
342.067 874 2246
322.9 1084 2711
263.3 1393 3427
930 1392 4158
874 1067 3460
417.9 963 2820
687.75 1444 4140
241.167 1000 2088
338 1359 3427
745 1178 3950
897 1132 3909
367.65 1402 3892
219.6 619 1488
547.667 1065 3201
586.5 1062 3310
760.4 1283 4125
446.233 1484 4207
429.067 972 2911
389.583 1615 4290
404.65 1507 4532
250.5 651 1971
212.667 737 1862
950.15 1981 5446
694.65 1468 4356
820 1263 4067
268.567 1201 3376
726.4 1270 3891
241.167 1043 2553
398.067 1505 4466
793 997 3218
415 883 2794
223 957 1888
504.483 1740 4930
219.6 579 823
370.667 1347 3643
342.9 1222 3460
452 643 1828
371 661 2062
552 1207 3775
249.25 662 1953
709 1278 3858
534 913 2860
700 840 2578
440 645 2062
320.9 927 2637
222 569 1130
376.5 693 2129
1072 1584 4755
427.4 1102 3551
338 647 1555
479.667 1083 3110
355.067 978 2886
429 801 2378
176.5 534 732
260.367 1192 2893
332.067 936 2728
456.667 1041 2952
462.5 820 2469
284.667 702 2220
496 587 1514
226.5 464 1488
226.5 424 823
348.667 616 1555
242 299 823
216 236 0
171 298 665
171 258 0
216 260 574


790 1713 5106
359.1 1278 3336
356.75 1047 3259
250.4 1072 2246
503.9 1452 4016
428.3 1102 3460
1144 1554 4981
759.5 1252 3950
230 991 1997
598.4 1675 4590
359.9 1060 3302
686 867 2819
627.8 1750 5106
1281.5 1838 5446
250.45 1163 2404
384.4 1491 4283
1259.6 1870 5446
439.467 1111 3551
1113 1571 4872
221.25 1003 1888
825 1668 5106
429 801 2378
676 910 2819
241.167 1000 2088
250.45 1157 2337
572.5 1255 3800
730.5 1436 4374
370.267 1287 3427
984 1191 3558
401.567 1279 3551
219.85 802 1488
268.167 903 2685
609 1440 4590
238.85 808 1555
372.3 1317 3925
257.4 1149 2820
541.8 1279 3891
355.667 984 2911
252.2 1117 2404
1046.5 1890 5446
515.3 1304 4125
248.85 863 2020
270.367 1203 3069
431 985 3134
986 1373 4407
305.867 1346 3716
372.3 1274 3460
347.2 1586 4466
259.2 1194 2978
1095 1418 4641
315.867 1357 3892
1167 1562 5106
1065 1423 4465
961.3 1918 5446
430.767 1482 4532
275.5 1188 3285
901 1227 3716
264.167 1085 2711
782.167 1618 4872
476 1021 3310
417 913 2860
315.867 1314 3427
485.8 1456 4016
902 1217 3818
419.6 1473 4441
257.4 1146 2553
738.1 1667 4872
601.3 1721 4872
1064 1435 4532
937 1237 4067
304.7 1348 3801
419.6 1430 3976
594.6 1749 4872
711.1 1703 4872
604.5 1091 3434
983 1388 4181
223 957 1888
874 1067 3460
844 1054 3393
940 1257 4125
751.3 1496 4641
909 1274 4016
304.7 1305 3336
176.5 534 732
751.5 1074 3376
717 972 2911
219.6 622 1288
371 661 2062
180.6 694 1397
906 1238 3891
782 1076 3551
236.1 857 1953
738.5 1241 3825
306 817 2794
250.5 651 1971
374.3 1114 3485
284.667 702 2220
452 643 1828
249.25 662 1953
346.467 990 2911
440 645 2062
348.667 616 1555
222 569 1130
376.5 693 2129
335.3 981 2820
161.6 648 665
496 587 1514
415.5 1399 3950
219.6 579 823
226.5 464 1488
216 236 0
171 258 0
242 299 823
171 298 665
216 260 574
226.5 424 823


411.767 1585 4356
536 1039 3134
771.333 1519 4641
421.767 1596 4532
416.5 858 2794
236 1018 2063
671 806 2253
427.4 1102 3551
762.35 1789 4930
351.5 1149 2728
749 985 3134
740 1261 3775
1267.5 1819 4981
843 1066 3310
394.067 1111 3551
629 873 2819
439.817 1563 4356
286.667 1197 3376
356.067 1168 3193
270.367 1203 3069
290.667 1372 3551
338 647 1555
372.667 891 2685
451.4 1334 4016
392.7 1598 4232
919 1449 4532
230 1034 2462
335.833 882 2560
417.9 963 2820
355.667 984 2911
375.5 819 2311
761 1071 3160
236.6 1067 2553
351.5 1192 3193
868 1192 3775
468.583 1588 4590
767 1078 3259
830 1332 4001
336.5 1151 2911
686 1027 3025
290.667 1415 4016
329.5 954 2436
219.6 619 1488
282.1 1221 3376
717 972 2911
241.1 1310 3485
346.9 956 2662
796 1043 3135
607.9 1324 3891
449 817 2794
243.5 1260 3127
411 871 2794
265.417 944 2246
765 1065 3201
991 1234 3909
180.6 691 1130
219.6 579 823
390.517 1605 4290
923 1390 4641
457.583 1589 4466
234.1 1233 2911
906.4 1713 4872
286.667 1154 2911
717 1010 3134
236.5 1183 2553
241.167 1043 2553
263.75 1276 3376
238.85 845 1953
342.067 874 2246
850.667 1266 3976
376.5 693 2129
360.25 850 2293
249.25 662 1953
236.6 1024 2088
381.067 1315 3867
874 1053 3244
322.9 1084 2711
630 1082 3284
349.75 970 2685
860 1080 3335
452 643 1828
386.583 1112 3025
328.3 904 2246
180.6 694 1397
176.5 534 732
847.5 1304 4067
712.3 1441 4125
440 645 2062
250.5 651 1971
264.167 1085 2711
678 935 2860
238.85 848 2220
348.667 616 1555
212.667 737 1862
222 569 1130
371 661 2062
284.667 702 2220
250.4 1115 2711
223 957 1888
496 587 1514
226.5 424 823
226.5 464 1488
370.5 829 2560
216 236 0
242 299 823
171 258 0
171 298 665
216 260 574


857 1523 4981
275.5 1145 2820
531.75 1221 3775
260.3 1459 3825
431 985 3134
453.75 1192 3599
342.9 1222 3460
431.5 1073 3485
562.6 1461 4465
725.5 1397 4374
343.433 1185 2911
356.4 1491 4590
671 806 2253
907 1573 5106
693.6 1696 4930
516.85 1792 4623
805.5 1651 4930
957.5 1378 4374
241.1 1310 3485
1105 1370 4641
727.5 1102 3551
611.5 1207 3775
238.85 848 2220
355.667 984 2911
955.5 1347 4249
329.9 1118 2820
808 1387 4641
697.9 1405 4465
442.9 1485 4590
270.75 1353 3950
966.5 1384 4641
243.5 1217 2662
778 1392 4465
349.4 1414 4016
331 1530 4590
268.5 1111 2711
763.5 1157 3650
243.5 1260 3127
585.4 1430 4641
234.1 1233 2911
268.167 903 2685
508.25 966 3043
356.75 1047 3259
335.3 981 2820
212.667 737 1862
701.5 1012 3218
402.4 1122 3485
236.6 1024 2088
415.4 1226 4125
219.6 619 1488
263.75 1276 3376
250.5 651 1971
1067 1311 4249
601 1189 3650
265.417 944 2246
476 1021 3310
284.667 702 2220
161.6 648 665
408.4 1149 3551
731.5 1048 3393
249.5 1287 3193
784.5 1132 3909
306 817 2794
452 643 1828
230 1034 2462
417 913 2860
572.6 1472 4641
573.5 867 2819
739.1 1836 5106
236.5 1183 2553
501.85 1794 4806
440 645 2062
376.5 693 2129
219.6 579 823
869 1824 5106
180.6 691 1130
496 587 1514
226.5 424 823
222 569 1130
176.5 534 732
249.25 662 1953
180.6 694 1397
348.667 616 1555
371 661 2062
226.5 464 1488
242 299 823
216 236 0
171 298 665
171 258 0
216 260 574


657.4 1383 4641
260.367 1192 2893
418.667 1383 4067
585.067 1259 3976
1214 1530 4714
349.75 970 2685
659.667 1370 4641
870 1070 3393
352.9 983 2728
236.6 1024 2088
549.6 1673 4930
567.333 1627 5106
530.4 1524 4590
765.1 1574 4981
457.9 1128 3485
956 1289 4067
860.65 1582 5106
243.6 1101 2662
522.067 1197 3551
299.667 1258 3551
657.4 1360 4125
265.417 944 2246
1029 1228 3976
987 1280 4125
329.5 954 2436
864.25 1330 4374
814 1369 4374
403.567 1427 4532
782 1076 3551
345.067 1169 3069
236.6 1067 2553
786 966 3086
496.6 1589 4872
221.25 997 1821
823 1027 3269
642.267 1367 4158
414.4 998 2911
236 1018 2063
630 1082 3284
897 1132 3909
656 1188 3800
793 997 3218
745 1178 3950
401.267 1423 4049
417.9 963 2820
418.667 1426 4532
456.667 1041 2952
277.167 1189 3351
429 801 2378
800 973 3244
526 966 3043
238.85 808 1555
299.667 1301 4016
249.2 1183 2802
342.067 874 2246
575.667 935 2860
623.067 1218 3818
341.067 1170 3376
263.9 1298 2911
286.667 1197 3376
221.25 1003 1888
356.067 1168 3193
429.067 972 2911
358.067 1273 3709
243.5 1217 2662
843 1066 3310
572.667 1482 4590
241.167 1043 2553
338 647 1555
223 957 1888
275.5 1188 3285
690.5 1234 3841
527.5 954 2860
369.333 913 2311
264.167 1085 2711
241.1 1310 3485
388 891 2685
230 1034 2462
180.6 694 1397
449 817 2794
346.9 956 2662
286.667 1154 2911
275.5 1145 2820
238.85 848 2220
376.5 693 2129
485.5 985 3134
230 991 1997
381.067 1007 2911
370.9 1265 3618
327.1 1004 2794
591.25 1015 3259
672.667 1054 3285
222 569 1130
219.6 579 823
559 1029 3135
236.1 857 1953
411 871 2794
161.6 648 665
375.5 819 2311
180.6 691 1130
176.5 534 732
370.5 829 2560
440 645 2062
171 298 665
371 661 2062
416.5 858 2794
333.9 1160 2978
226.5 464 1488
250.5 651 1971
373.667 899 2794
356.75 1047 3259
284.667 702 2220
348.667 616 1555
452 643 1828
496 587 1514
249.25 662 1953
219.6 619 1488
226.5 424 823
242 299 823
216 236 0
171 258 0
216 260 574


1029 1228 3976
793 997 3218
992 1568 5106
384.5 1375 4283
552 1207 3775
814 1369 4374
737.6 1533 4981
1014.67 1503 4981
665.4 1300 4125
1067 1311 4249
403.6 1640 4623
409.467 1432 4532
525.767 1715 4981
431 985 3134
230 991 1997
180.6 691 1130
496.6 1589 4872
559 1029 3135
370.9 1265 3618
1018 1263 4125
656 1188 3800
860.65 1582 5106
221.25 1003 1888
480.267 1613 4623
231.25 893 1997
180.6 694 1397
646.067 1260 3976
591.25 1015 3259
265.417 944 2246
231.25 892 1971
597.5 1242 3818
343.5 1271 3950
482.567 1565 4641
243.6 1144 3127
414.4 998 2911
650.467 1376 4641
212.667 737 1862
241.167 1043 2553
268.5 1111 2711
250.5 651 1971
452 643 1828
431.5 1073 3485
243.6 1101 2662
800 973 3244
417.9 963 2820
642.267 1367 4158
306 817 2794
264.167 1042 2246
395.4 1045 2911
659.667 1370 4641
286.667 1197 3376
534 913 2860
347.5 1270 3643
864.25 1330 4374
786 966 3086
897 1132 3909
623.067 1218 3818
841.667 1235 3950
740.667 1066 3310
549.067 1141 3551
1545 1864 5446
284.667 702 2220
219.6 619 1488
236.6 1024 2088
219.6 579 823
236.6 1067 2553
404.5 661 2062
424.5 996 2911
249.25 662 1953
440 645 2062
376.5 693 2129
1324 1890 5446
429.067 972 2911
241.167 1000 2088
496 587 1514
348.667 616 1555
226.5 464 1488
338 647 1555
176.5 534 732
226.5 424 823
216 260 574
242 299 823
222 569 1130
216 236 0
171 298 665
171 258 0


383.467 1326 4016
409.467 1432 4532
764.5 1476 4590
268.167 903 2685
231.25 893 1997
594.6 1316 3950
984 1548 4714
476 1021 3310
760.4 1283 4125
398.3 1423 4441
219.6 619 1488
783.667 1594 4872
676 910 2819
814 1369 4374
212.667 737 1862
772.4 1281 3891
545 1595 5106
230 991 1997
370.9 1265 3618
820 1263 4067
867 1094 3434
358.5 1269 3767
826 1367 4140
374.3 1114 3485
709 1013 3018
257.4 1192 3285
250.4 1115 2711
534 913 2860
381.067 1315 3867
243.6 1144 3127
180.6 691 1130
409.467 1389 4067
264.167 1085 2711
671 806 2253
418.667 1383 4067
656 1188 3800
223 957 1888
736 997 3218
717.5 1313 3899
180.6 694 1397
306 817 2794
417.9 963 2820
277.167 1189 3351
219.6 579 823
519 1489 4590
356.067 1168 3193
427.4 1102 3551
418.667 1426 4532
249.25 662 1953
429.067 972 2911
243.6 1101 2662
788 1263 3858
231.25 892 1971
766 1555 4641
335.3 981 2820
346.467 990 2911
236.6 1024 2088
250.5 651 1971
221.25 1003 1888
238.85 848 2220
265.417 944 2246
440 645 2062
371 661 2062
264.167 1042 2246
355.667 984 2911
241.167 1043 2553
392.667 1320 4016
284.667 702 2220
806.667 1279 3950
355.067 978 2886
277.767 1195 3376
1760 2107 5446
222 569 1130
226.5 424 823
452 643 1828
226.5 464 1488
1064 1404 4415
236.6 1067 2553
348.667 616 1555
338 647 1555
496 587 1514
176.5 534 732
376.5 693 2129
216 236 0
171 258 0
171 298 665
242 299 823
216 260 574


360.25 850 2293
1016 1639 5106
729 966 3086
857.4 1481 4590
256.5 1323 3076
416.5 858 2794
932.6 1666 4714
243 1095 2637
752.5 1221 3818
424.5 996 2911
254.1 1396 3193
230 1034 2462
256.5 1364 3767
813.5 1500 4374
250.4 1115 2711
277.167 1189 3351
540 1051 3134
835 1176 3800
223 957 1888
975.5 1526 4981
993 1357 4374
795.4 1436 4356
1147.4 1804 5446
774.733 1844 5106
784.6 1542 4590
730.517 1703 4872
968 1231 3909
826.4 1419 4465
872.5 1399 4407
520.4 1280 4125
359.9 1060 3302
723 1723 4930
469.667 1036 3025
337.917 1542 4356
445.5 820 2469
1291 1724 5446
389 1614 4590
231.25 892 1971
833.517 1830 5446
889.667 1399 4641
161.6 648 665
678 935 2860
1195 1588 5106
671 806 2253
301.667 934 2436
236.5 1183 2553
299.667 1272 3376
238.85 848 2220
856.667 1549 4641
717 1010 3134
236.1 860 2220
474.167 1728 4872
263.9 1341 3376
277.667 1311 3376
810 1050 3335
388.333 1601 4532
479.9 1238 3891
417 1541 4125
388 891 2685
264.167 1085 2711
643 840 2578
421 1596 4590
786.267 1703 5106
249.5 1244 2728
375.5 819 2311
683.267 1576 4532
370.5 829 2560
277.167 1146 2886
860 1045 3218
290.667 1415 4016
320.9 927 2637
411 871 2794
835.667 1408 4407
799 1050 3159
813 1070 3393
786.667 1272 4067
336.5 1209 3376
376.5 693 2129
332.067 936 2728
250.5 651 1971
717 972 2911
219.6 579 823
180.6 691 1130
701.833 1516 4181
655 889 2819
348.667 616 1555
394.067 1111 3551
180.6 694 1397
176.5 534 732
219.6 619 1488
440 645 2062
212.667 737 1862
226.5 424 823
381.067 1007 2911
355.067 978 2886
452 643 1828
496 587 1514
226.5 464 1488
342.067 874 2246
284.667 702 2220
249.25 662 1953
242 299 823
216 260 574
171 298 665
216 236 0
171 258 0
222 569 1130


313.583 1522 4356
1246 1628 4981
1068 1318 4067
1196 1397 4125
880.1 1559 4641
1089 1426 4407
268.167 903 2685
1052.6 1676 4872
414.4 998 2911
380.65 1506 4532
624.85 1286 3800
966.5 1474 4532
717 1010 3134
351 1463 4067
1238 1632 4981
353.667 651 1971
772.5 1488 4532
571.4 1353 4067
1077 1293 4067
238.85 848 2220
542.6 1378 4067
854.5 1201 3950
429.067 972 2911
888.5 1445 4356
306 817 2794
679.5 1062 3310
281.5 1215 3351
219.6 579 823
1018.67 1635 4755
268.5 1111 2711
417.9 963 2820
770.25 1270 3599
638.833 1505 4356
234.1 1193 2246
877.9 1610 4641
545.25 1019 3109
755.5 1119 3551
810 1050 3335
247.1 1337 3551
677.5 1123 3434
719.35 1584 4590
1056 1266 3976
874 1067 3460
238.85 845 1953
221.25 1003 1888
281.5 1172 2886
837 1111 3551
575.667 935 2860
263.75 1276 3376
284.667 702 2220
408.4 1149 3551
1131 1464 4465
695.9 1416 4125
589.5 1300 4016
526.4 1695 5106
447.733 1613 4590
249.25 662 1953
250.4 1072 2246
276.75 1380 4016
223 957 1888
234.1 1233 2911
747.5 1080 3335
1062.5 1658 4872
270.9 1418 3950
335.9 1145 2886
457.9 1128 3485
236.1 820 1555
338 647 1555
441.85 1098 3284
236 1018 2063
219.6 619 1488
894 1105 3551
573.5 867 2819
371 661 2062
376.5 693 2129
423.9 990 2886
367.3 1037 2911
452 643 1828
341.067 1170 3376
587.917 1319 3599
440 645 2062
249.5 1287 3193
527.5 954 2860
1080 1451 4407
257.4 1149 2820
180.6 694 1397
783 1029 3218
580 1096 3193
236.5 1140 2088
596.5 1081 3200
236.5 1183 2553
222 569 1130
250.4 1115 2711
226.5 464 1488
176.5 534 732
161.6 648 665
496 587 1514
226.5 424 823
348.667 616 1555
171 258 0
216 236 0
242 299 823
171 298 665
216 260 574


1269.33 1861 4930
452 643 1828
482.9 1471 4590
656.5 971 2918
288.5 1249 3460
585.4 1424 4590
1137.9 1798 4806
243 1095 2637
329.9 1118 2820
431 985 3134
902 1406 4374
712 1171 3709
346.9 1264 3618
731.5 1048 3393
180.6 694 1397
573.5 867 2819
238.85 845 1953
338 647 1555
957.5 1383 4641
543.4 1312 4125
763.5 1157 3650
429.067 972 2911
230 991 1997
784.5 1132 3909
432.25 1247 3599
601 1189 3650
420.1 1093 2977
755.5 1119 3551
1278.5 1844 4930
329.9 1161 3285
402.4 1122 3485
932.5 1344 4290
725 1267 3950
933 1434 4641
371 661 2062
903.9 1483 4641
417 913 2860
701.5 1012 3218
349.5 1313 4016
335.9 1188 3351
212.667 737 1862
342.9 1265 3925
180.6 691 1130
807.5 1178 3950
1485.5 1917 4981
601.5 1277 4001
236.5 1183 2553
398.3 1423 4441
342.9 1222 3460
826 1373 4140
1230 1764 4806
431.5 1073 3485
440 645 2062
243 1138 3102
611.5 1207 3775
404 1120 3259
476 1021 3310
268.167 903 2685
1103.6 1666 4714
236 1018 2063
254.167 1147 3193
219.6 619 1488
241.167 1043 2553
277.167 1189 3351
1073.3 1816 4806
355.667 984 2911
355.067 978 2886
230 1034 2462
284.667 702 2220
223 957 1888
236 1061 2528
264.167 1085 2711
250.4 1115 2711
250.5 651 1971
249.25 662 1953
306 817 2794
219.6 579 823
348.667 616 1555
376.5 693 2129
176.5 534 732
496 587 1514
1368 1694 4755
226.5 464 1488
171 258 0
226.5 424 823
216 236 0
171 298 665
216 260 574
222 569 1130
242 299 823


778 1392 4465
367.3 1037 2911
784.5 1132 3909
731.5 1048 3393
1091.5 1602 4981
452 643 1828
697.75 1438 4239
390.4 1270 3460
299.667 1301 4016
681.1 1453 4441
329.9 1118 2820
611.5 1207 3775
231.25 893 1997
266.75 1151 2644
872.5 1364 4316
268.5 1111 2711
266.75 1157 2711
404.85 1627 4930
414.85 1638 5106
657.6 1198 3709
243.5 1260 3127
234.1 1193 2246
704.25 1178 3683
283.75 1457 4590
807.5 1178 3950
776.75 1569 4755
883.667 1373 4407
254.1 1414 4125
702.4 1425 4465
808 1387 4641
572.6 1472 4641
676.35 1618 5106
282.1 1178 2911
408.4 1149 3551
656.5 971 2918
671 806 2253
531.75 1221 3775
223 957 1888
288.5 1292 3925
234.1 1187 2179
803.067 1452 4641
286.667 1154 2911
256.5 1364 3767
423.9 990 2886
231.25 892 1971
422.15 1036 2886
221.25 1003 1888
247.1 1337 3551
442.067 1076 3551
800 973 3244
286.667 1197 3376
431 985 3134
429.067 972 2911
430.9 1067 3460
431.5 1073 3485
219.6 619 1488
275.5 1145 2820
415.4 1226 4125
241.1 1310 3485
180.6 694 1397
212.667 737 1862
234.1 1233 2911
424.5 996 2911
263.75 1276 3376
243.5 1217 2662
453.75 1192 3599
270.75 1353 3950
275.5 1188 3285
219.6 579 823
356.75 1047 3259
1097.75 1889 5446
250.5 651 1971
371 661 2062
236 1061 2528
712 889 2819
284.667 702 2220
176.5 534 732
476 1021 3310
249.25 662 1953
236.1 860 2220
180.6 691 1130
306 817 2794
376.5 693 2129
402.4 1122 3485
222 569 1130
496 587 1514
226.5 424 823
417 913 2860
348.667 616 1555
497 645 2062
236.1 857 1953
226.5 464 1488
216 260 574
216 236 0
171 258 0
171 298 665
268.167 903 2685
242 299 823


703.25 1200 3683
275.5 1188 3285
585.4 1430 4641
778 1392 4465
1067 1311 4249
254.1 1414 4125
808 1387 4641
359.9 1060 3302
338 647 1555
731.5 1048 3393
256.5 1364 3767
729 966 3086
573.5 867 2819
697.9 1405 4465
955.5 1347 4249
784.5 1132 3909
387.65 1583 5106
247.1 1337 3551
288.5 1249 3460
415.4 1226 4125
429.067 972 2911
421.3 1025 2886
241.1 1310 3485
243.5 1217 2662
624.75 1378 4415
283.75 1457 4590
275.5 1145 2820
223 957 1888
704.25 1178 3683
807.5 1178 3950
611.5 1207 3775
671 806 2253
270.75 1353 3950
424.5 996 2911
356.75 1047 3259
236.6 1067 2553
376.5 693 2129
782 1076 3551
276.75 1380 4016
531.75 1221 3775
476 1021 3310
248.85 863 2020
736 997 3218
431.5 1073 3485
234.1 1187 2179
343.433 1185 2911
431 985 3134
219.6 579 823
508.25 966 3043
236.5 1140 2088
238.85 845 1953
212.667 737 1862
236.5 1183 2553
234.1 1233 2911
408.4 1149 3551
219.6 619 1488
263.75 1276 3376
395.4 1045 2911
180.6 691 1130
268.167 903 2685
306 817 2794
402.4 1122 3485
417 913 2860
161.6 648 665
440 645 2062
348.667 616 1555
226.5 464 1488
222 569 1130
249.25 662 1953
496 587 1514
452 643 1828
250.5 651 1971
226.5 424 823
193.35 697 1197
371 661 2062
284.667 702 2220
242 299 823
234.1 1193 2246
176.5 534 732
216 260 574
171 258 0
216 236 0
171 298 665


808 1387 4641
800 973 3244
784.5 1132 3909
778 1392 4465
241.167 1043 2553
374.3 1114 3485
697.9 1405 4465
331 1487 4125
697.4 1618 4781
755 1584 4781
774 1614 5106
442.067 1076 3551
434.9 1656 5106
346.9 1264 3618
431.5 1073 3485
403.567 1427 4532
335.9 1188 3351
415.4 1226 4125
221.25 1003 1888
476 1021 3310
257.4 1192 3285
342.9 1265 3925
482.9 1471 4590
265.417 944 2246
354.067 1274 4016
236 1018 2063
241.167 1000 2088
354.067 1231 3551
795.267 1589 5106
341.067 1127 2911
532.4 1624 5106
254.167 1104 2728
243.5 1260 3127
234.25 1064 2063
286.667 1197 3376
329.9 1118 2820
299.667 1258 3551
575.667 935 2860
249.25 662 1953
429.067 972 2911
234.25 1101 2461
234.25 1107 2528
431 985 3134
392.4 1418 4441
338 647 1555
299.667 1301 4016
331 1530 4590
430.9 1067 3460
336.5 1194 3376
180.6 691 1130
161.6 648 665
452 643 1828
265.417 943 2220
243 1095 2637
231.25 893 1997
442.9 1485 4590
277.167 1189 3351
342.9 1222 3460
731.5 1048 3393
250.5 651 1971
219.6 579 823
417.9 963 2820
288.5 1249 3460
527.5 954 2860
428.5 1498 4590
243 1138 3102
230 991 1997
275.5 1188 3285
306 817 2794
335.3 981 2820
212.667 737 1862
371 661 2062
573.5 867 2819
284.667 702 2220
355.667 984 2911
222 569 1130
193.35 697 1197
288.5 1292 3925
247.1 1337 3551
408.4 1149 3551
440 645 2062
496 587 1514
427.4 1102 3551
223 957 1888
348.667 616 1555
226.5 464 1488
226.5 424 823
376.5 693 2129
236.5 1183 2553
176.5 534 732
219.6 619 1488
216 260 574
216 236 0
171 258 0
171 298 665
242 299 823


976.5 1300 3950
429 801 2378
337.1 983 2513
372.6 1547 4466
686 867 2819
347.567 1391 3950
407.5 977 2728
268.567 1201 3376
510.433 1809 4806
782 1076 3551
329.9 1161 3285
238.85 848 2220
374.3 1114 3485
759 1307 3858
272.7 1420 3643
231.25 892 1971
243.5 1217 2662
377.5 1298 3709
361.3 1318 3801
448.667 1105 3551
370.9 1265 3618
1012 1320 4067
180.6 694 1397
355.667 984 2911
356.75 1047 3259
624.833 1347 4125
347.567 1348 3485
236.6 1067 2553
212.667 737 1862
831.4 1544 4590
236.5 1183 2553
277.167 1189 3351
236.1 857 1953
301.667 934 2436
383.467 1326 4016
806.4 1287 3891
944.5 1318 4016
834 1391 4374
1217.5 1590 4714
265.417 944 2246
416.5 858 2794
409.467 1432 4532
719.4 1695 4590
375.5 819 2311
614.667 1010 3134
344.9 1159 3102
411 871 2794
161.6 648 665
268.567 1158 2911
360.25 850 2293
290.667 1415 4016
243.5 1260 3127
405.067 1316 3867
338 647 1555
230 991 1997
857.4 1650 5106
219.6 619 1488
559 1029 3135
1011 1324 4067
328.3 904 2246
333.9 1160 2978
776.4 1608 4872
991 1267 3950
656 1194 3800
826 1373 4140
545.25 1019 3109
370.5 829 2560
922.8 1498 4641
230 1034 2462
630 1088 3284
248.65 1161 2711
913 1257 3841
249.25 662 1953
610 824 2402
643 840 2578
221.25 1003 1888
327.1 1004 2794
346.9 956 2662
342.067 874 2246
248.65 1155 2644
222 569 1130
678 935 2860
404.5 661 2062
219.6 579 823
376.5 693 2129
176.5 534 732
440 645 2062
348.667 616 1555
346.467 990 2911
496 587 1514
887.4 1329 4125
452 643 1828
223 957 1888
236 1018 2063
388 891 2685
264.167 1085 2711
250.5 651 1971
527.5 954 2860
226.5 424 823
717 972 2911
226.5 464 1488
216 260 574
284.667 702 2220
242 299 823
171 298 665
171 258 0
216 236 0


698.5 1218 3709
263.75 1276 3376
236 1018 2063
180.6 691 1130
236 1061 2528
219.6 622 1288
531.75 1221 3775
359.9 1060 3302
711 971 2918
306 817 2794
450 998 2911
249.25 662 1953
415.4 1226 4125
572.6 1472 4641
339.9 1187 3044
1616 2032 5106
243 1095 2637
1247.5 1694 4755
604.5 1091 3434
241.1 1269 2794
710.5 1027 3269
419.6 1473 4441
911 1218 3818
527.5 954 2860
346.9 1221 3153
733 910 2819
356.75 1047 3259
485.5 985 3134
344.9 1159 3102
374.3 1114 3485
711.1 1453 4316
1148.83 1760 4872
876 1204 3775
371 661 2062
270.75 1353 3950
586.5 1062 3310
238.85 845 1953
374.1 1319 3618
161.6 648 665
948.5 1414 4641
230 991 1997
1063.6 1802 4930
417.9 963 2820
452 643 1828
180.6 694 1397
259.2 1194 2978
376.5 693 2129
918.5 1428 4316
219.6 579 823
381.067 1007 2911
238.85 848 2220
869 1055 3335
230 1034 2462
671 806 2253
250.5 651 1971
241.167 1043 2553
212.667 737 1862
440 645 2062
284.667 702 2220
255.7 1332 2893
338 647 1555
176.5 534 732
223 957 1888
226.5 464 1488
301.667 934 2436
236.6 1024 2088
226.5 424 823
222 569 1130
348.667 616 1555
678 935 2860
171 258 0
216 260 574
171 298 665
242 299 823
496 587 1514
216 236 0


508.25 966 3043
1105 1370 4641
234.1 1193 2246
238.85 848 2220
808 1387 4641
1067 1311 4249
247.1 1337 3551
918 1219 3950
585.4 1430 4641
283.75 1457 4590
212.667 737 1862
356.75 1047 3259
276.75 1380 4016
957.5 1378 4374
701.5 1012 3218
697.9 1405 4465
263.75 1276 3376
270.75 1353 3950
219.6 579 823
381.067 1007 2911
611.5 1207 3775
1048 1376 4641
784.5 1132 3909
241.1 1310 3485
243.5 1217 2662
736 997 3218
249.5 1287 3193
763.5 1157 3650
281.5 1172 2886
440 645 2062
275.5 1145 2820
655.5 1189 3650
282.1 1221 3376
1529.5 1932 5106
476 1021 3310
782 1076 3551
476 1015 3259
180.6 691 1130
338 647 1555
1254.83 1975 4930
431 985 3134
415.4 1226 4125
236.1 857 1953
776.833 1804 4806
275.5 1188 3285
367.3 1037 2911
1311 1851 4930
234.1 1233 2911
431.5 1073 3485
236.5 1140 2088
250.5 651 1971
243.5 1260 3127
236.5 1183 2553
219.6 619 1488
1029.7 1875 4872
249.25 662 1953
408.4 1149 3551
424.5 996 2911
284.667 702 2220
268.5 1111 2711
242.2 1106 2228
452 643 1828
731.5 1048 3393
423.9 990 2886
348.667 616 1555
1547 1825 4981
176.5 534 732
402.4 1122 3485
755.5 1119 3551
335.3 981 2820
161.6 648 665
306 817 2794
222 569 1130
193.35 697 1197
268.167 903 2685
223 957 1888
1298.5 1745 4872
417 913 2860
573.5 867 2819
1548 1784 4981
371 661 2062
376.5 693 2129
226.5 464 1488
496 587 1514
216 236 0
242 299 823
226.5 424 823
171 258 0
171 298 665
216 260 574


268.167 903 2685
263.75 1276 3376
430.9 1067 3460
231.25 892 1971
265.417 943 2220
671 806 2253
243.5 1260 3127
374.65 1479 4466
299.95 1513 4466
268.5 1111 2711
778 1392 4465
234.1 1192 2220
331 1530 4590
697.9 1405 4465
476 1021 3310
408.4 1149 3551
573.5 867 2819
731.5 1048 3393
241.1 1310 3485
586.4 1441 4465
979 1602 4981
531.75 1221 3775
442.9 1485 4590
810 1799 4930
801.5 1357 4158
236 1018 2063
729 966 3086
234.1 1233 2911
219.6 619 1488
270.75 1353 3950
450.15 1679 4806
773 1383 4290
748.75 1858 4930
562.6 1461 4465
972.75 1677 4806
601 1189 3650
794.75 1830 4930
250.4 1115 2711
375.45 1713 4806
236.6 1024 2088
752.5 1221 3818
356.75 1047 3259
1444.33 1948 5106
424.5 996 2911
414.5 1054 3302
835 1176 3800
335.3 981 2820
431 985 3134
415.4 1226 4125
236 1061 2528
230 991 1997
212.667 737 1862
452 643 1828
359.9 1060 3302
717 972 2911
808 1387 4641
572.6 1472 4641
431.5 1073 3485
343.5 1271 3950
402.4 1122 3485
342.9 1265 3925
180.6 691 1130
243 1138 3102
284.667 702 2220
222 569 1130
417 913 2860
236.6 1067 2553
367.3 1037 2911
306 817 2794
161.6 648 665
440 645 2062
223 957 1888
329.9 1161 3285
250.5 651 1971
376.5 693 2129
176.5 534 732
329.9 1118 2820
336.5 1194 3376
219.6 579 823
226.5 424 823
249.25 662 1953
180.6 694 1397
404.5 661 2062
496 587 1514
226.5 464 1488
348.667 616 1555
242 299 823
171 258 0
216 236 0
171 298 665
216 260 574


