1.131958084e+00 1.428571429e+00 1.583767110e+00 
1.121312708e+00 1.623827910e+00 1.660882977e+00 
1.456974717e+00 1.660783232e+00 1.831887411e+00 
1.113550898e+00 1.372311087e+00 1.572778099e+00 
1.174539587e+00 1.272476558e+00 1.409485252e+00 
1.371257485e+00 1.633204633e+00 1.819163293e+00 
1.297626747e+00 1.402647546e+00 1.585502217e+00 
1.153248836e+00 1.663541092e+00 1.819163293e+00 
1.161011311e+00 1.499172642e+00 1.655870445e+00 
1.057884232e+00 1.305570877e+00 1.424522846e+00 
1.325349301e+00 1.332046332e+00 1.563716985e+00 
1.419827013e+00 1.466629895e+00 1.744746482e+00 
1.246618097e+00 1.639271925e+00 1.823983035e+00 
1.318695941e+00 1.354109211e+00 1.504337767e+00 
1.121312708e+00 1.639271925e+00 1.732022364e+00 
1.422599468e+00 1.766685052e+00 1.924040871e+00 
1.228099135e+00 1.490347490e+00 1.732022364e+00 
1.121312708e+00 1.614451186e+00 1.639868903e+00 
1.472388556e+00 1.494208494e+00 1.749566223e+00 
1.161011311e+00 1.523993381e+00 1.748023906e+00 
1.066089820e+00 1.178709322e+00 1.245228456e+00 
1.280328011e+00 1.422504137e+00 1.655870445e+00 
1.305167665e+00 1.567567568e+00 1.765760555e+00 
1.355954757e+00 1.519580805e+00 1.765760555e+00 
1.406964072e+00 1.679536680e+00 1.852901484e+00 
1.376801730e+00 1.700496415e+00 1.852901484e+00 
1.542914172e+00 1.746828461e+00 1.912859071e+00 
1.654025283e+00 1.745173745e+00 1.912859071e+00 
1.383233533e+00 1.397683398e+00 1.639868903e+00 
1.496562209e+00 1.659680088e+00 1.836899942e+00 
1.129075183e+00 1.499724214e+00 1.660882977e+00 
1.055666667e+00 1.268063982e+00 1.366300366e+00 
1.569527611e+00 1.600661886e+00 1.852901484e+00 
1.550898204e+00 1.656922228e+00 1.836899942e+00 
1.469283433e+00 1.759514617e+00 1.928860613e+00 
1.487691284e+00 1.631549917e+00 1.823983035e+00 
1.262807718e+00 1.281853282e+00 1.480624639e+00 
1.283433134e+00 1.421952565e+00 1.660882977e+00 
1.528496341e+00 1.639271925e+00 1.831887411e+00 
1.392548237e+00 1.400441258e+00 1.673607095e+00 
1.032823021e+00 1.210700496e+00 1.337381916e+00 
1.315369261e+00 1.304467733e+00 1.485444380e+00 
1.308272122e+00 1.407611693e+00 1.639868903e+00 
1.355954757e+00 1.331494760e+00 1.568729516e+00 
1.138611444e+00 1.247104247e+00 1.370734529e+00 
1.350632069e+00 1.558742416e+00 1.765760555e+00 
1.147483034e+00 1.421400993e+00 1.577597841e+00 
1.568196939e+00 1.608383894e+00 1.820705610e+00 
1.066089820e+00 1.194153337e+00 1.316367843e+00 
1.061876248e+00 1.306122449e+00 1.501638712e+00 
1.061876248e+00 1.281301710e+00 1.409485252e+00 
1.302062542e+00 1.266960838e+00 1.458839406e+00 
1.314703925e+00 1.398234970e+00 1.577597841e+00 
1.123087159e+00 1.239382239e+00 1.356275304e+00 
1.062097804e+00 1.204633205e+00 1.282436861e+00 
1.032823021e+00 1.185879757e+00 1.245228456e+00 
1.251940785e+00 1.522338665e+00 1.748023906e+00 
1.032157685e+00 1.141753999e+00 1.206477733e+00 
1.257041251e+00 1.357418643e+00 1.550992867e+00 
1.235528942e+00 1.215664644e+00 1.409485252e+00 
1.026613440e+00 1.172642030e+00 1.202043570e+00 
1.182302063e+00 1.424158853e+00 1.660882977e+00 
1.146373919e+00 1.229453944e+00 1.370734529e+00 
1.150587492e+00 1.298400441e+00 1.446693657e+00 
1.135728543e+00 1.256480971e+00 1.391748602e+00 
1.030383899e+00 1.227247656e+00 1.289184500e+00 
1.022842981e+00 1.194704909e+00 1.158280316e+00 
1.086493679e+00 1.105901820e+00 1.211297474e+00 
1.127079175e+00 1.127964699e+00 1.294582610e+00 
1.194278110e+00 1.196359625e+00 1.404472720e+00 
1.110445775e+00 1.104798676e+00 1.245228456e+00 
1.062097804e+00 1.157749586e+00 1.227491806e+00 
1.000000000e+00 1.039161611e+00 1.075959129e+00 
1.077178975e+00 1.071152785e+00 1.159244265e+00 
1.190286094e+00 1.198565913e+00 1.321187584e+00 
1.006653360e+00 1.000000000e+00 1.000000000e+00 
1.000000000e+00 1.023166023e+00 1.000000000e+00 
1.199600798e+00 1.174848318e+00 1.299595142e+00 
1.006653360e+00 1.012134584e+00 1.135338346e+00 

1.066533599e+00 1.334804192e+00 1.403508772e+00 
1.327345309e+00 1.372311087e+00 1.572778099e+00 
1.781104458e+00 1.879757308e+00 1.924040871e+00 
1.174539587e+00 1.272476558e+00 1.409485252e+00 
1.111332668e+00 1.367346939e+00 1.467707731e+00 
1.540472389e+00 1.628240485e+00 1.831887411e+00 
1.531157685e+00 1.708218423e+00 1.852901484e+00 
1.176868263e+00 1.643132929e+00 1.660882977e+00 
1.585495675e+00 1.602868174e+00 1.820705610e+00 
1.311931470e+00 1.633756205e+00 1.819163293e+00 
1.420492349e+00 1.719249862e+00 1.852901484e+00 
1.620093147e+00 1.635410921e+00 1.836899942e+00 
1.177200931e+00 1.439051296e+00 1.572778099e+00 
1.149922156e+00 1.276889134e+00 1.392326971e+00 
1.243512974e+00 1.540540541e+00 1.664738770e+00 
1.098248170e+00 1.581356867e+00 1.659919028e+00 
1.098248170e+00 1.557087700e+00 1.572778099e+00 
1.241073187e+00 1.339216768e+00 1.529978793e+00 
1.283433134e+00 1.421952565e+00 1.660882977e+00 
1.337769128e+00 1.494208494e+00 1.765760555e+00 
1.098248170e+00 1.541643685e+00 1.501638712e+00 
1.251497006e+00 1.374517375e+00 1.550992867e+00 
1.100465735e+00 1.415885273e+00 1.480624639e+00 
1.153248836e+00 1.303916161e+00 1.404472720e+00 
1.200709914e+00 1.402095974e+00 1.583767110e+00 
1.106009980e+00 1.303916161e+00 1.370734529e+00 
1.656353959e+00 1.781025924e+00 1.912859071e+00 
1.252162342e+00 1.558190844e+00 1.732022364e+00 
1.315369261e+00 1.304467733e+00 1.485444380e+00 
1.276779774e+00 1.438499724e+00 1.612685560e+00 
1.050454424e+00 1.366795367e+00 1.360323887e+00 
1.145043247e+00 1.265306122e+00 1.391748602e+00 
1.419827013e+00 1.466629895e+00 1.744746482e+00 
1.363273453e+00 1.393822394e+00 1.580489686e+00 
1.146373919e+00 1.229453944e+00 1.370734529e+00 
1.224329341e+00 1.543849972e+00 1.648737228e+00 
1.281215569e+00 1.424158853e+00 1.601503759e+00 
1.100465735e+00 1.440706012e+00 1.572778099e+00 
1.491461743e+00 1.718698290e+00 1.852901484e+00 
1.154801730e+00 1.485934915e+00 1.612685560e+00 
1.116877578e+00 1.310535025e+00 1.424522846e+00 
1.232423819e+00 1.554881412e+00 1.664738770e+00 
1.866932801e+00 1.832322118e+00 1.928860613e+00 
1.106453759e+00 1.297848869e+00 1.391748602e+00 
1.163007319e+00 1.306122449e+00 1.501638712e+00 
1.385894877e+00 1.396580254e+00 1.585502217e+00 
1.392548237e+00 1.400441258e+00 1.673607095e+00 
1.262807718e+00 1.281853282e+00 1.480624639e+00 
1.398314704e+00 1.645339217e+00 1.836899942e+00 
1.805941450e+00 1.856591285e+00 1.924040871e+00 
1.174539587e+00 1.287920574e+00 1.480624639e+00 
1.568529607e+00 1.693877551e+00 1.852901484e+00 
1.305833001e+00 1.536679537e+00 1.736842105e+00 
1.106009980e+00 1.328736900e+00 1.462887989e+00 
1.266134398e+00 1.567567568e+00 1.748023906e+00 
1.131071191e+00 1.349145063e+00 1.501638712e+00 
1.382346640e+00 1.680639823e+00 1.836899942e+00 
1.138611444e+00 1.247104247e+00 1.370734529e+00 
1.271789754e+00 1.509100938e+00 1.732022364e+00 
1.187957418e+00 1.417539989e+00 1.572778099e+00 
1.225992681e+00 1.442912300e+00 1.660882977e+00 
1.066089820e+00 1.194153337e+00 1.316367843e+00 
1.163007319e+00 1.281301710e+00 1.409485252e+00 
1.283433134e+00 1.397131826e+00 1.568729516e+00 
1.106009980e+00 1.313292885e+00 1.391748602e+00 
1.100465735e+00 1.425261997e+00 1.501638712e+00 
1.383233533e+00 1.397683398e+00 1.639868903e+00 
1.032823021e+00 1.210700496e+00 1.337381916e+00 
1.190286094e+00 1.198565913e+00 1.321187584e+00 
1.123641384e+00 1.344180916e+00 1.496626181e+00 
1.287425150e+00 1.372311087e+00 1.550992867e+00 
1.235528942e+00 1.215664644e+00 1.409485252e+00 
1.089598802e+00 1.393822394e+00 1.437439753e+00 
1.108560878e+00 1.392719250e+00 1.479467901e+00 
1.081614770e+00 1.319360177e+00 1.404472720e+00 
1.337103792e+00 1.567015996e+00 1.748023906e+00 
1.363938789e+00 1.656370656e+00 1.823983035e+00 
1.095143047e+00 1.394925538e+00 1.453441296e+00 
1.030383899e+00 1.227247656e+00 1.289184500e+00 
1.325349301e+00 1.332046332e+00 1.563716985e+00 
1.153248836e+00 1.328736900e+00 1.496626181e+00 
1.528829009e+00 1.712630998e+00 1.907846539e+00 
1.166999335e+00 1.256480971e+00 1.391748602e+00 
1.055666667e+00 1.268063982e+00 1.366300366e+00 
1.355954757e+00 1.331494760e+00 1.568729516e+00 
1.022842981e+00 1.194704909e+00 1.158280316e+00 
1.176092482e+00 1.386100386e+00 1.525544631e+00 
1.062097804e+00 1.157749586e+00 1.227491806e+00 
1.194278110e+00 1.196359625e+00 1.404472720e+00 
1.127079175e+00 1.127964699e+00 1.294582610e+00 
1.063428476e+00 1.210148924e+00 1.256988625e+00 
1.123087159e+00 1.239382239e+00 1.356275304e+00 
1.032823021e+00 1.199117485e+00 1.227491806e+00 
1.026613440e+00 1.172642030e+00 1.202043570e+00 
1.199600798e+00 1.174848318e+00 1.299595142e+00 
1.105011976e+00 1.311086597e+00 1.370734529e+00 
1.032157685e+00 1.141753999e+00 1.206477733e+00 
1.110445775e+00 1.104798676e+00 1.245228456e+00 
1.086493679e+00 1.105901820e+00 1.211297474e+00 
1.302062542e+00 1.266960838e+00 1.458839406e+00 
1.000000000e+00 1.039161611e+00 1.075959129e+00 
1.077178975e+00 1.071152785e+00 1.159244265e+00 
1.068751164e+00 1.178709322e+00 1.245228456e+00 
1.006653360e+00 1.000000000e+00 1.000000000e+00 
1.000000000e+00 1.023166023e+00 1.000000000e+00 
1.006653360e+00 1.012134584e+00 1.135338346e+00 

1.408516301e+00 1.828461114e+00 1.924040871e+00 
1.324240186e+00 1.602868174e+00 1.836899942e+00 
1.317586826e+00 1.603419746e+00 1.807981492e+00 
1.216123087e+00 1.751241037e+00 1.895122421e+00 
1.234752495e+00 1.615002758e+00 1.819163293e+00 
1.586161011e+00 1.617760618e+00 1.841719684e+00 
1.181192947e+00 1.663541092e+00 1.727009832e+00 
1.458638057e+00 1.767788196e+00 1.912859071e+00 
1.181192947e+00 1.664092664e+00 1.732022364e+00 
1.138611444e+00 1.247104247e+00 1.370734529e+00 
1.149479042e+00 1.421952565e+00 1.660882977e+00 
1.236638057e+00 1.487038058e+00 1.677655678e+00 
1.347305389e+00 1.330943188e+00 1.529978793e+00 
1.183411178e+00 1.547710976e+00 1.732022364e+00 
1.188955422e+00 1.548814120e+00 1.748023906e+00 
1.648037259e+00 1.691671263e+00 1.928860613e+00 
1.051563540e+00 1.328185328e+00 1.408521303e+00 
1.201153027e+00 1.488141202e+00 1.732022364e+00 
1.095808383e+00 1.431880860e+00 1.572778099e+00 
1.601683300e+00 1.690016547e+00 1.852901484e+00 
1.325349301e+00 1.332046332e+00 1.563716985e+00 
1.298624750e+00 1.655267512e+00 1.823983035e+00 
1.166888224e+00 1.669608384e+00 1.735878157e+00 
1.093590818e+00 1.547710976e+00 1.567765568e+00 
1.163228876e+00 1.511858798e+00 1.664738770e+00 
1.061876248e+00 1.281301710e+00 1.409485252e+00 
1.113550898e+00 1.372311087e+00 1.572778099e+00 
1.347526946e+00 1.490899062e+00 1.765760555e+00 
1.181192947e+00 1.688361831e+00 1.819163293e+00 
1.101352628e+00 1.432984004e+00 1.588779641e+00 
1.093590818e+00 1.557087700e+00 1.588779641e+00 
1.093590818e+00 1.572531715e+00 1.659919028e+00 
1.061876248e+00 1.306122449e+00 1.501638712e+00 
1.158571524e+00 1.266409266e+00 1.409485252e+00 
1.146373919e+00 1.229453944e+00 1.370734529e+00 
1.087380572e+00 1.534473249e+00 1.524580682e+00 
1.093590818e+00 1.548262548e+00 1.572778099e+00 
1.242403859e+00 1.344732488e+00 1.504530557e+00 
1.315369261e+00 1.304467733e+00 1.485444380e+00 
1.492015968e+00 1.591285163e+00 1.820705610e+00 
1.278997339e+00 1.397683398e+00 1.639868903e+00 
1.523840985e+00 1.808052951e+00 1.924040871e+00 
1.062097804e+00 1.204633205e+00 1.282436861e+00 
1.135728543e+00 1.256480971e+00 1.391748602e+00 
1.171878244e+00 1.652509653e+00 1.683824947e+00 
1.478930805e+00 1.693877551e+00 1.852901484e+00 
1.174539587e+00 1.287920574e+00 1.480624639e+00 
1.030383899e+00 1.227247656e+00 1.289184500e+00 
1.331558882e+00 1.457253172e+00 1.673607095e+00 
1.130516966e+00 1.396580254e+00 1.583767110e+00 
1.257041251e+00 1.357418643e+00 1.550992867e+00 
1.190286094e+00 1.198565913e+00 1.321187584e+00 
1.266799734e+00 1.345284060e+00 1.529978793e+00 
1.533599468e+00 1.848317705e+00 1.928860613e+00 
1.022842981e+00 1.194704909e+00 1.158280316e+00 
1.399201597e+00 1.410369553e+00 1.644688645e+00 
1.355954757e+00 1.331494760e+00 1.568729516e+00 
1.559993347e+00 1.811913955e+00 1.928860613e+00 
1.513639388e+00 1.654164368e+00 1.841719684e+00 
1.062097804e+00 1.157749586e+00 1.227491806e+00 
1.384342648e+00 1.745173745e+00 1.852901484e+00 
1.123087159e+00 1.239382239e+00 1.356275304e+00 
1.032823021e+00 1.210700496e+00 1.337381916e+00 
1.032157685e+00 1.141753999e+00 1.206477733e+00 
1.066089820e+00 1.178709322e+00 1.245228456e+00 
1.235528942e+00 1.215664644e+00 1.409485252e+00 
1.461077844e+00 1.446221732e+00 1.673607095e+00 
1.055666667e+00 1.268063982e+00 1.366300366e+00 
1.110445775e+00 1.104798676e+00 1.245228456e+00 
1.032823021e+00 1.185879757e+00 1.245228456e+00 
1.302062542e+00 1.266960838e+00 1.458839406e+00 
1.194278110e+00 1.196359625e+00 1.404472720e+00 
1.199600798e+00 1.174848318e+00 1.299595142e+00 
1.127079175e+00 1.127964699e+00 1.294582610e+00 
1.026613440e+00 1.172642030e+00 1.202043570e+00 
1.066089820e+00 1.194153337e+00 1.316367843e+00 
1.086493679e+00 1.105901820e+00 1.211297474e+00 
1.000000000e+00 1.023166023e+00 1.000000000e+00 
1.000000000e+00 1.039161611e+00 1.075959129e+00 
1.006653360e+00 1.012134584e+00 1.135338346e+00 
1.006653360e+00 1.000000000e+00 1.000000000e+00 
1.077178975e+00 1.071152785e+00 1.159244265e+00 

1.556553560e+00 1.681742967e+00 1.912859071e+00 
1.451763140e+00 1.793160507e+00 1.912859071e+00 
1.310046574e+00 1.666850524e+00 1.823983035e+00 
1.355289421e+00 1.747380033e+00 1.895122421e+00 
1.062097804e+00 1.204633205e+00 1.282436861e+00 
1.317586826e+00 1.603419746e+00 1.807981492e+00 
1.093590818e+00 1.548262548e+00 1.572778099e+00 
1.138168330e+00 1.575841147e+00 1.659919028e+00 
1.228986693e+00 1.709321566e+00 1.819163293e+00 
1.380350632e+00 1.520132377e+00 1.748023906e+00 
1.544910180e+00 1.785990072e+00 1.924040871e+00 
1.158017299e+00 1.531715389e+00 1.659919028e+00 
1.179640719e+00 1.512961942e+00 1.612685560e+00 
1.316367265e+00 1.656370656e+00 1.753614806e+00 
1.434020625e+00 1.541643685e+00 1.765760555e+00 
1.435795077e+00 1.420297849e+00 1.644688645e+00 
1.055666667e+00 1.268063982e+00 1.366300366e+00 
1.332002661e+00 1.341974628e+00 1.534798535e+00 
1.474163007e+00 1.798124655e+00 1.924040871e+00 
1.293413174e+00 1.668505240e+00 1.819163293e+00 
1.101352628e+00 1.432984004e+00 1.588779641e+00 
1.238411843e+00 1.370656371e+00 1.556583767e+00 
1.745841650e+00 1.747380033e+00 1.924040871e+00 
1.161011311e+00 1.523993381e+00 1.748023906e+00 
1.460412508e+00 1.454495312e+00 1.673607095e+00 
1.350632069e+00 1.558742416e+00 1.765760555e+00 
1.281658683e+00 1.396580254e+00 1.585502217e+00 
1.532155689e+00 1.715940430e+00 1.907846539e+00 
1.328010645e+00 1.593491451e+00 1.765760555e+00 
1.358837658e+00 1.486486486e+00 1.715828032e+00 
1.182302063e+00 1.424158853e+00 1.660882977e+00 
1.524950100e+00 1.574186431e+00 1.823983035e+00 
1.402084498e+00 1.512410370e+00 1.744746482e+00 
1.201153027e+00 1.488141202e+00 1.732022364e+00 
1.095808383e+00 1.431880860e+00 1.572778099e+00 
1.051563540e+00 1.328185328e+00 1.408521303e+00 
1.113550898e+00 1.372311087e+00 1.572778099e+00 
1.158571524e+00 1.266409266e+00 1.409485252e+00 
1.131514970e+00 1.404302261e+00 1.588779641e+00 
1.509868929e+00 1.851627137e+00 1.928860613e+00 
1.347305389e+00 1.330943188e+00 1.529978793e+00 
1.492015968e+00 1.591285163e+00 1.820705610e+00 
1.718895542e+00 1.940981798e+00 2.000000000e+00 
1.494677312e+00 1.742415885e+00 1.912859071e+00 
1.061876248e+00 1.281301710e+00 1.409485252e+00 
1.278997339e+00 1.397683398e+00 1.639868903e+00 
1.066089820e+00 1.194153337e+00 1.316367843e+00 
1.066089820e+00 1.178709322e+00 1.245228456e+00 
1.342648037e+00 1.343629344e+00 1.538268749e+00 
1.521623420e+00 1.527302813e+00 1.749566223e+00 
1.266799734e+00 1.345284060e+00 1.529978793e+00 
1.342648037e+00 1.339216768e+00 1.529978793e+00 
1.412729874e+00 1.641478213e+00 1.852901484e+00 
1.361721224e+00 1.659680088e+00 1.819163293e+00 
1.549347971e+00 1.773303916e+00 1.928860613e+00 
1.022842981e+00 1.194704909e+00 1.158280316e+00 
1.061876248e+00 1.306122449e+00 1.501638712e+00 
1.257041251e+00 1.357418643e+00 1.550992867e+00 
1.315369261e+00 1.304467733e+00 1.485444380e+00 
1.194278110e+00 1.196359625e+00 1.404472720e+00 
1.135728543e+00 1.256480971e+00 1.391748602e+00 
1.146373919e+00 1.229453944e+00 1.370734529e+00 
1.032823021e+00 1.185879757e+00 1.245228456e+00 
1.355954757e+00 1.331494760e+00 1.568729516e+00 
1.138611444e+00 1.247104247e+00 1.370734529e+00 
1.110445775e+00 1.104798676e+00 1.245228456e+00 
1.158571524e+00 1.281853282e+00 1.480624639e+00 
1.032823021e+00 1.210700496e+00 1.337381916e+00 
1.062097804e+00 1.157749586e+00 1.227491806e+00 
1.026613440e+00 1.172642030e+00 1.202043570e+00 
1.235528942e+00 1.215664644e+00 1.409485252e+00 
1.032157685e+00 1.141753999e+00 1.206477733e+00 
1.086493679e+00 1.105901820e+00 1.211297474e+00 
1.127079175e+00 1.127964699e+00 1.294582610e+00 
1.190286094e+00 1.198565913e+00 1.321187584e+00 
1.302062542e+00 1.266960838e+00 1.458839406e+00 
1.000000000e+00 1.023166023e+00 1.000000000e+00 
1.199600798e+00 1.174848318e+00 1.299595142e+00 
1.000000000e+00 1.039161611e+00 1.075959129e+00 
1.077178975e+00 1.071152785e+00 1.159244265e+00 
1.006653360e+00 1.012134584e+00 1.135338346e+00 
1.006653360e+00 1.000000000e+00 1.000000000e+00 

1.411177645e+00 1.675675676e+00 1.852901484e+00 
1.093590818e+00 1.572531715e+00 1.659919028e+00 
1.206808383e+00 1.590182019e+00 1.819163293e+00 
1.500554225e+00 1.657473800e+00 1.852901484e+00 
1.325349301e+00 1.332046332e+00 1.563716985e+00 
1.354845642e+00 1.522338665e+00 1.743011375e+00 
1.426036593e+00 1.664644236e+00 1.852901484e+00 
1.161011311e+00 1.523993381e+00 1.748023906e+00 
1.401197605e+00 1.539437397e+00 1.765760555e+00 
1.898203593e+00 1.872586873e+00 1.928860613e+00 
1.392548237e+00 1.400441258e+00 1.673607095e+00 
1.150587492e+00 1.298400441e+00 1.446693657e+00 
1.440008649e+00 1.720353006e+00 1.912859071e+00 
1.147150366e+00 1.499172642e+00 1.659919028e+00 
1.131514970e+00 1.404302261e+00 1.588779641e+00 
1.236638057e+00 1.487038058e+00 1.677655678e+00 
1.095808383e+00 1.431880860e+00 1.572778099e+00 
1.238411843e+00 1.370656371e+00 1.556583767e+00 
1.062097804e+00 1.204633205e+00 1.282436861e+00 
1.250831670e+00 1.627688913e+00 1.823983035e+00 
1.358837658e+00 1.486486486e+00 1.715828032e+00 
1.458305389e+00 1.812465527e+00 1.924040871e+00 
1.324240186e+00 1.602868174e+00 1.836899942e+00 
1.308050566e+00 1.712079426e+00 1.895122421e+00 
1.467952761e+00 1.729729730e+00 1.924040871e+00 
1.149922156e+00 1.276889134e+00 1.392326971e+00 
1.123087159e+00 1.239382239e+00 1.356275304e+00 
1.101352628e+00 1.432984004e+00 1.588779641e+00 
1.138611444e+00 1.247104247e+00 1.370734529e+00 
1.158571524e+00 1.266409266e+00 1.409485252e+00 
1.055666667e+00 1.268063982e+00 1.366300366e+00 
1.281658683e+00 1.396580254e+00 1.585502217e+00 
1.257041251e+00 1.357418643e+00 1.550992867e+00 
1.113550898e+00 1.372311087e+00 1.572778099e+00 
1.347305389e+00 1.330943188e+00 1.529978793e+00 
1.201153027e+00 1.488141202e+00 1.732022364e+00 
1.241073187e+00 1.339216768e+00 1.529978793e+00 
1.194278110e+00 1.196359625e+00 1.404472720e+00 
1.158571524e+00 1.281853282e+00 1.480624639e+00 
1.061876248e+00 1.306122449e+00 1.501638712e+00 
1.061876248e+00 1.281301710e+00 1.409485252e+00 
1.149479042e+00 1.421952565e+00 1.660882977e+00 
1.066089820e+00 1.178709322e+00 1.245228456e+00 
1.066089820e+00 1.194153337e+00 1.316367843e+00 
1.032823021e+00 1.185879757e+00 1.245228456e+00 
1.022842981e+00 1.194704909e+00 1.158280316e+00 
1.026613440e+00 1.172642030e+00 1.202043570e+00 
1.051563540e+00 1.328185328e+00 1.408521303e+00 
1.190286094e+00 1.198565913e+00 1.321187584e+00 
1.032823021e+00 1.210700496e+00 1.337381916e+00 
1.032157685e+00 1.141753999e+00 1.206477733e+00 
1.302062542e+00 1.266960838e+00 1.458839406e+00 
1.278997339e+00 1.397683398e+00 1.639868903e+00 
1.146373919e+00 1.229453944e+00 1.370734529e+00 
1.355954757e+00 1.331494760e+00 1.568729516e+00 
1.135728543e+00 1.256480971e+00 1.391748602e+00 
1.127079175e+00 1.127964699e+00 1.294582610e+00 
1.235528942e+00 1.215664644e+00 1.409485252e+00 
1.000000000e+00 1.039161611e+00 1.075959129e+00 
1.199600798e+00 1.174848318e+00 1.299595142e+00 
1.077178975e+00 1.071152785e+00 1.159244265e+00 
1.110445775e+00 1.104798676e+00 1.245228456e+00 
1.062097804e+00 1.157749586e+00 1.227491806e+00 
1.006653360e+00 1.000000000e+00 1.000000000e+00 
1.086493679e+00 1.105901820e+00 1.211297474e+00 
1.000000000e+00 1.023166023e+00 1.000000000e+00 
1.006653360e+00 1.012134584e+00 1.135338346e+00 

1.429141717e+00 1.724765582e+00 1.852901484e+00 
1.203260146e+00 1.470490899e+00 1.655870445e+00 
1.554444444e+00 1.779922780e+00 1.924040871e+00 
1.129075183e+00 1.499724214e+00 1.660882977e+00 
1.125970060e+00 1.632653061e+00 1.660882977e+00 
1.395874917e+00 1.499724214e+00 1.732022364e+00 
1.174539587e+00 1.272476558e+00 1.409485252e+00 
1.455755156e+00 1.678985108e+00 1.852901484e+00 
1.093590818e+00 1.557087700e+00 1.588779641e+00 
1.457085828e+00 1.644787645e+00 1.852901484e+00 
1.405189621e+00 1.645339217e+00 1.765760555e+00 
1.303725882e+00 1.672366244e+00 1.823983035e+00 
1.543579508e+00 1.539437397e+00 1.765760555e+00 
1.430472389e+00 1.636514065e+00 1.823983035e+00 
1.203260146e+00 1.471042471e+00 1.660882977e+00 
1.093590818e+00 1.548262548e+00 1.572778099e+00 
1.435795077e+00 1.420297849e+00 1.644688645e+00 
1.357950765e+00 1.521787093e+00 1.748023906e+00 
1.200598802e+00 1.552123552e+00 1.683824947e+00 
1.138611444e+00 1.247104247e+00 1.370734529e+00 
1.119760479e+00 1.381687810e+00 1.572778099e+00 
1.241073187e+00 1.339216768e+00 1.529978793e+00 
1.207806387e+00 1.515168229e+00 1.664738770e+00 
1.525061211e+00 1.761720905e+00 1.895122421e+00 
1.226879574e+00 1.427468285e+00 1.660882977e+00 
1.225992681e+00 1.442912300e+00 1.660882977e+00 
1.294965403e+00 1.405956977e+00 1.639868903e+00 
1.174650699e+00 1.530060673e+00 1.664738770e+00 
1.605455755e+00 1.758411473e+00 1.924040871e+00 
1.032823021e+00 1.185879757e+00 1.245228456e+00 
1.205588822e+00 1.527302813e+00 1.748023906e+00 
1.383455090e+00 1.634859349e+00 1.759784076e+00 
1.445553560e+00 1.630998345e+00 1.819163293e+00 
1.447771124e+00 1.488141202e+00 1.732022364e+00 
1.123087159e+00 1.239382239e+00 1.356275304e+00 
1.315369261e+00 1.304467733e+00 1.485444380e+00 
1.463073852e+00 1.486486486e+00 1.715828032e+00 
1.527611444e+00 1.584114727e+00 1.807981492e+00 
1.101352628e+00 1.295091009e+00 1.370734529e+00 
1.287425150e+00 1.372311087e+00 1.550992867e+00 
1.170547572e+00 1.476006619e+00 1.588779641e+00 
1.407185629e+00 1.553226696e+00 1.765760555e+00 
1.146373919e+00 1.229453944e+00 1.370734529e+00 
1.429807053e+00 1.656370656e+00 1.819163293e+00 
1.491683300e+00 1.472145615e+00 1.673607095e+00 
1.157906188e+00 1.672366244e+00 1.819163293e+00 
1.506320692e+00 1.512410370e+00 1.744746482e+00 
1.030383899e+00 1.227247656e+00 1.289184500e+00 
1.100465735e+00 1.440706012e+00 1.572778099e+00 
1.147039255e+00 1.625482625e+00 1.683824947e+00 
1.154801730e+00 1.485934915e+00 1.612685560e+00 
1.570858283e+00 1.607832322e+00 1.836899942e+00 
1.385894877e+00 1.396580254e+00 1.585502217e+00 
1.283433134e+00 1.421952565e+00 1.660882977e+00 
1.468396540e+00 1.615002758e+00 1.819163293e+00 
1.242847638e+00 1.399889686e+00 1.577597841e+00 
1.098248170e+00 1.581356867e+00 1.659919028e+00 
1.342648037e+00 1.343629344e+00 1.538268749e+00 
1.032823021e+00 1.210700496e+00 1.337381916e+00 
1.383233533e+00 1.397683398e+00 1.639868903e+00 
1.158571524e+00 1.281853282e+00 1.480624639e+00 
1.222000665e+00 1.445118588e+00 1.577597841e+00 
1.062097804e+00 1.204633205e+00 1.282436861e+00 
1.066089820e+00 1.194153337e+00 1.316367843e+00 
1.022842981e+00 1.194704909e+00 1.158280316e+00 
1.558882236e+00 1.737451737e+00 1.895122421e+00 
1.528609448e+00 1.755102041e+00 1.895122421e+00 
1.163007319e+00 1.281301710e+00 1.409485252e+00 
1.135728543e+00 1.256480971e+00 1.391748602e+00 
1.061876248e+00 1.306122449e+00 1.501638712e+00 
1.026613440e+00 1.172642030e+00 1.202043570e+00 
1.106453759e+00 1.284611142e+00 1.409485252e+00 
1.062097804e+00 1.157749586e+00 1.227491806e+00 
1.342648037e+00 1.370656371e+00 1.556583767e+00 
1.087380572e+00 1.534473249e+00 1.524580682e+00 
1.302062542e+00 1.266960838e+00 1.458839406e+00 
1.327345309e+00 1.372311087e+00 1.572778099e+00 
1.235528942e+00 1.215664644e+00 1.409485252e+00 
1.194278110e+00 1.196359625e+00 1.404472720e+00 
1.110445775e+00 1.104798676e+00 1.245228456e+00 
1.355954757e+00 1.331494760e+00 1.568729516e+00 
1.100133067e+00 1.304467733e+00 1.413341045e+00 
1.055666667e+00 1.268063982e+00 1.366300366e+00 
1.032157685e+00 1.141753999e+00 1.206477733e+00 
1.127079175e+00 1.127964699e+00 1.294582610e+00 
1.347305389e+00 1.330943188e+00 1.529978793e+00 
1.066089820e+00 1.178709322e+00 1.245228456e+00 
1.251497006e+00 1.374517375e+00 1.550992867e+00 
1.199600798e+00 1.174848318e+00 1.299595142e+00 
1.190286094e+00 1.198565913e+00 1.321187584e+00 
1.000000000e+00 1.039161611e+00 1.075959129e+00 
1.006653360e+00 1.012134584e+00 1.135338346e+00 
1.086493679e+00 1.105901820e+00 1.211297474e+00 
1.000000000e+00 1.023166023e+00 1.000000000e+00 
1.077178975e+00 1.071152785e+00 1.159244265e+00 
1.006653360e+00 1.000000000e+00 1.000000000e+00 

1.103570858e+00 1.619966906e+00 1.664738770e+00 
1.228099135e+00 1.490347490e+00 1.732022364e+00 
1.383233533e+00 1.399889686e+00 1.639868903e+00 
1.093590818e+00 1.548262548e+00 1.572778099e+00 
1.357729208e+00 1.773303916e+00 1.840755735e+00 
1.358727212e+00 1.659680088e+00 1.785232312e+00 
1.101352628e+00 1.432984004e+00 1.588779641e+00 
1.174872255e+00 1.592939879e+00 1.735878157e+00 
1.030383899e+00 1.227247656e+00 1.289184500e+00 
1.238411843e+00 1.370656371e+00 1.556583767e+00 
1.586826347e+00 1.612796470e+00 1.852901484e+00 
1.292304059e+00 1.401544402e+00 1.639868903e+00 
1.390884897e+00 1.755102041e+00 1.895122421e+00 
1.093590818e+00 1.557087700e+00 1.588779641e+00 
1.504990020e+00 1.476006619e+00 1.673607095e+00 
1.347305389e+00 1.330943188e+00 1.529978793e+00 
1.135617432e+00 1.630446773e+00 1.735878157e+00 
1.250499002e+00 1.778268064e+00 1.895122421e+00 
1.128520958e+00 1.635410921e+00 1.735878157e+00 
1.281658683e+00 1.396580254e+00 1.585502217e+00 
1.469061876e+00 1.487589630e+00 1.744746482e+00 
1.408960080e+00 1.616657474e+00 1.819163293e+00 
1.290973387e+00 1.420849421e+00 1.601503759e+00 
1.236638057e+00 1.489795918e+00 1.677655678e+00 
1.147150366e+00 1.499172642e+00 1.659919028e+00 
1.424040585e+00 1.578047435e+00 1.836899942e+00 
1.236748503e+00 1.569773855e+00 1.748023906e+00 
1.315369261e+00 1.304467733e+00 1.485444380e+00 
1.369261477e+00 1.621070050e+00 1.819163293e+00 
1.093590818e+00 1.572531715e+00 1.659919028e+00 
1.051563540e+00 1.328185328e+00 1.408521303e+00 
1.489687292e+00 1.646993933e+00 1.852901484e+00 
1.093590818e+00 1.547710976e+00 1.567765568e+00 
1.414504325e+00 1.399338114e+00 1.639868903e+00 
1.369483034e+00 1.489795918e+00 1.732022364e+00 
1.130738523e+00 1.494760066e+00 1.648737228e+00 
1.173652695e+00 1.503033646e+00 1.660882977e+00 
1.223331337e+00 1.575841147e+00 1.748023906e+00 
1.364604125e+00 1.519580805e+00 1.765760555e+00 
1.055666667e+00 1.268063982e+00 1.366300366e+00 
1.448658017e+00 1.824048538e+00 1.924040871e+00 
1.158571524e+00 1.266409266e+00 1.409485252e+00 
1.131514970e+00 1.404302261e+00 1.588779641e+00 
1.197826347e+00 1.666850524e+00 1.819163293e+00 
1.156242848e+00 1.714837286e+00 1.785232312e+00 
1.113550898e+00 1.372311087e+00 1.572778099e+00 
1.397427146e+00 1.646993933e+00 1.836899942e+00 
1.139942116e+00 1.530060673e+00 1.659919028e+00 
1.770013307e+00 1.847766133e+00 1.928860613e+00 
1.397205589e+00 1.747380033e+00 1.823983035e+00 
1.095808383e+00 1.431880860e+00 1.572778099e+00 
1.061876248e+00 1.281301710e+00 1.409485252e+00 
1.146373919e+00 1.229453944e+00 1.370734529e+00 
1.335329341e+00 1.495311638e+00 1.748023906e+00 
1.190286094e+00 1.198565913e+00 1.321187584e+00 
1.257041251e+00 1.357418643e+00 1.550992867e+00 
1.032823021e+00 1.185879757e+00 1.245228456e+00 
1.241073187e+00 1.339216768e+00 1.529978793e+00 
1.182302063e+00 1.424158853e+00 1.660882977e+00 
1.062097804e+00 1.204633205e+00 1.282436861e+00 
1.158571524e+00 1.281853282e+00 1.480624639e+00 
1.325349301e+00 1.332046332e+00 1.563716985e+00 
1.061876248e+00 1.306122449e+00 1.501638712e+00 
1.369261477e+00 1.335355764e+00 1.568729516e+00 
1.061322023e+00 1.413678985e+00 1.495662233e+00 
1.123087159e+00 1.239382239e+00 1.356275304e+00 
1.032157685e+00 1.141753999e+00 1.206477733e+00 
1.194278110e+00 1.196359625e+00 1.404472720e+00 
1.032823021e+00 1.210700496e+00 1.337381916e+00 
1.026613440e+00 1.172642030e+00 1.202043570e+00 
1.302062542e+00 1.266960838e+00 1.458839406e+00 
1.135728543e+00 1.256480971e+00 1.391748602e+00 
1.057884232e+00 1.305570877e+00 1.424522846e+00 
1.066089820e+00 1.178709322e+00 1.245228456e+00 
1.235528942e+00 1.215664644e+00 1.409485252e+00 
1.199600798e+00 1.174848318e+00 1.299595142e+00 
1.110445775e+00 1.104798676e+00 1.245228456e+00 
1.086493679e+00 1.105901820e+00 1.211297474e+00 
1.127079175e+00 1.127964699e+00 1.294582610e+00 
1.261698603e+00 1.396580254e+00 1.583767110e+00 
1.062097804e+00 1.157749586e+00 1.227491806e+00 
1.066089820e+00 1.194153337e+00 1.316367843e+00 
1.006653360e+00 1.000000000e+00 1.000000000e+00 
1.077178975e+00 1.071152785e+00 1.159244265e+00 
1.006653360e+00 1.012134584e+00 1.135338346e+00 
1.000000000e+00 1.039161611e+00 1.075959129e+00 
1.138611444e+00 1.247104247e+00 1.370734529e+00 
1.000000000e+00 1.023166023e+00 1.000000000e+00 
1.022842981e+00 1.194704909e+00 1.158280316e+00 

1.562654691e+00 1.712630998e+00 1.924040871e+00 
1.557664671e+00 1.800882515e+00 2.000000000e+00 
1.106453759e+00 1.284611142e+00 1.409485252e+00 
1.061876248e+00 1.306122449e+00 1.501638712e+00 
1.512752495e+00 1.640926641e+00 1.852901484e+00 
1.184963407e+00 1.558742416e+00 1.732022364e+00 
1.123087159e+00 1.239382239e+00 1.356275304e+00 
1.197272122e+00 1.442912300e+00 1.660882977e+00 
1.135728543e+00 1.256480971e+00 1.391748602e+00 
1.623419827e+00 1.637065637e+00 1.852901484e+00 
1.587272122e+00 1.765030336e+00 2.000000000e+00 
1.057884232e+00 1.305570877e+00 1.424522846e+00 
1.508316700e+00 1.614451186e+00 1.841719684e+00 
1.257041251e+00 1.357418643e+00 1.550992867e+00 
1.113550898e+00 1.372311087e+00 1.572778099e+00 
1.585495675e+00 1.685603971e+00 1.912859071e+00 
1.434575516e+00 1.686155543e+00 1.895122421e+00 
1.326568862e+00 1.840595698e+00 1.764603817e+00 
1.100465735e+00 1.440706012e+00 1.572778099e+00 
1.032823021e+00 1.210700496e+00 1.337381916e+00 
1.030383899e+00 1.227247656e+00 1.289184500e+00 
1.150587492e+00 1.298400441e+00 1.446693657e+00 
1.553559548e+00 1.579702151e+00 1.820705610e+00 
1.485029940e+00 1.729178158e+00 1.924040871e+00 
1.383233533e+00 1.399889686e+00 1.639868903e+00 
1.158571524e+00 1.266409266e+00 1.409485252e+00 
1.512087159e+00 1.717595146e+00 1.924040871e+00 
1.389886893e+00 1.422504137e+00 1.655870445e+00 
1.055666667e+00 1.268063982e+00 1.366300366e+00 
1.392548237e+00 1.628240485e+00 1.819163293e+00 
1.445553560e+00 1.602316602e+00 1.836899942e+00 
1.106009980e+00 1.303916161e+00 1.370734529e+00 
1.395209581e+00 1.635410921e+00 1.836899942e+00 
1.272455090e+00 1.535576393e+00 1.732022364e+00 
1.292304059e+00 1.401544402e+00 1.639868903e+00 
1.032823021e+00 1.185879757e+00 1.245228456e+00 
1.345309381e+00 1.596249311e+00 1.736842105e+00 
1.392548237e+00 1.400441258e+00 1.673607095e+00 
1.190286094e+00 1.198565913e+00 1.321187584e+00 
1.264359947e+00 1.404302261e+00 1.634856372e+00 
1.355954757e+00 1.331494760e+00 1.568729516e+00 
1.062097804e+00 1.204633205e+00 1.282436861e+00 
1.414504325e+00 1.399338114e+00 1.639868903e+00 
1.066089820e+00 1.178709322e+00 1.245228456e+00 
1.138611444e+00 1.247104247e+00 1.370734529e+00 
1.179640719e+00 1.512961942e+00 1.612685560e+00 
1.335550898e+00 1.499172642e+00 1.709273183e+00 
1.190507651e+00 1.446773304e+00 1.622132254e+00 
1.146373919e+00 1.229453944e+00 1.370734529e+00 
1.241073187e+00 1.339216768e+00 1.529978793e+00 
1.444111776e+00 1.583563155e+00 1.772508194e+00 
1.347305389e+00 1.330943188e+00 1.529978793e+00 
1.347526946e+00 1.490899062e+00 1.765760555e+00 
1.158571524e+00 1.281853282e+00 1.480624639e+00 
1.236638057e+00 1.489795918e+00 1.677655678e+00 
1.417498337e+00 1.587975731e+00 1.819163293e+00 
1.325349301e+00 1.332046332e+00 1.563716985e+00 
1.315369261e+00 1.304467733e+00 1.485444380e+00 
1.066089820e+00 1.194153337e+00 1.316367843e+00 
1.324240186e+00 1.425813569e+00 1.660882977e+00 
1.032157685e+00 1.141753999e+00 1.206477733e+00 
1.302062542e+00 1.266960838e+00 1.458839406e+00 
1.022842981e+00 1.194704909e+00 1.158280316e+00 
1.062097804e+00 1.157749586e+00 1.227491806e+00 
1.235528942e+00 1.215664644e+00 1.409485252e+00 
1.086493679e+00 1.105901820e+00 1.211297474e+00 
1.026613440e+00 1.172642030e+00 1.202043570e+00 
1.194278110e+00 1.196359625e+00 1.404472720e+00 
1.199600798e+00 1.174848318e+00 1.299595142e+00 
1.000000000e+00 1.023166023e+00 1.000000000e+00 
1.127079175e+00 1.127964699e+00 1.294582610e+00 
1.077178975e+00 1.071152785e+00 1.159244265e+00 
1.110445775e+00 1.104798676e+00 1.245228456e+00 
1.006653360e+00 1.012134584e+00 1.135338346e+00 
1.000000000e+00 1.039161611e+00 1.075959129e+00 
1.006653360e+00 1.000000000e+00 1.000000000e+00 

1.520292748e+00 1.585769443e+00 1.836899942e+00 
1.279441118e+00 1.421400993e+00 1.577597841e+00 
1.050454424e+00 1.366795367e+00 1.360323887e+00 
1.424262808e+00 1.542746828e+00 1.765760555e+00 
1.406520293e+00 1.589078875e+00 1.823983035e+00 
1.203260146e+00 1.483728627e+00 1.638133796e+00 
1.032823021e+00 1.210700496e+00 1.337381916e+00 
1.407185629e+00 1.553226696e+00 1.765760555e+00 
1.203260146e+00 1.482625483e+00 1.588779641e+00 
1.098248170e+00 1.541092113e+00 1.496626181e+00 
1.030383899e+00 1.227247656e+00 1.289184500e+00 
1.380793746e+00 1.624931054e+00 1.819163293e+00 
1.385894877e+00 1.396580254e+00 1.585502217e+00 
1.222000665e+00 1.445118588e+00 1.577597841e+00 
1.315369261e+00 1.304467733e+00 1.485444380e+00 
1.208693945e+00 1.458356315e+00 1.588779641e+00 
1.531603460e+00 1.681191395e+00 1.852901484e+00 
1.422821025e+00 1.682846111e+00 1.895122421e+00 
1.226879574e+00 1.402647546e+00 1.568729516e+00 
1.158571524e+00 1.266409266e+00 1.409485252e+00 
1.066089820e+00 1.194153337e+00 1.316367843e+00 
1.479707252e+00 1.462768891e+00 1.673607095e+00 
1.325349301e+00 1.332046332e+00 1.563716985e+00 
1.199933466e+00 1.730281302e+00 1.895122421e+00 
1.276779774e+00 1.438499724e+00 1.612685560e+00 
1.363938789e+00 1.656370656e+00 1.823983035e+00 
1.059436460e+00 1.322669608e+00 1.453441296e+00 
1.241073187e+00 1.339216768e+00 1.529978793e+00 
1.106453759e+00 1.297848869e+00 1.391748602e+00 
1.200820359e+00 1.567015996e+00 1.735878157e+00 
1.347305389e+00 1.330943188e+00 1.529978793e+00 
1.200820359e+00 1.551571980e+00 1.664738770e+00 
1.161011311e+00 1.328185328e+00 1.473877000e+00 
1.140274784e+00 1.623827910e+00 1.664738770e+00 
1.322799069e+00 1.666298952e+00 1.819163293e+00 
1.283433134e+00 1.421952565e+00 1.660882977e+00 
1.491017964e+00 1.561500276e+00 1.819163293e+00 
1.271789754e+00 1.509100938e+00 1.732022364e+00 
1.032823021e+00 1.185879757e+00 1.245228456e+00 
1.163007319e+00 1.306122449e+00 1.501638712e+00 
1.305833001e+00 1.536679537e+00 1.736842105e+00 
1.420492349e+00 1.719249862e+00 1.852901484e+00 
1.131071191e+00 1.349145063e+00 1.501638712e+00 
1.616433799e+00 1.888582460e+00 1.928860613e+00 
1.158793746e+00 1.509100938e+00 1.659919028e+00 
1.355954757e+00 1.331494760e+00 1.568729516e+00 
1.327345309e+00 1.372311087e+00 1.572778099e+00 
1.154801730e+00 1.485934915e+00 1.612685560e+00 
1.326679973e+00 1.495311638e+00 1.748023906e+00 
1.369926813e+00 1.409817981e+00 1.609408136e+00 
1.187957418e+00 1.417539989e+00 1.572778099e+00 
1.283433134e+00 1.397131826e+00 1.568729516e+00 
1.062097804e+00 1.204633205e+00 1.282436861e+00 
1.026613440e+00 1.172642030e+00 1.202043570e+00 
1.157906188e+00 1.672366244e+00 1.819163293e+00 
1.308272122e+00 1.392167678e+00 1.568729516e+00 
1.252162342e+00 1.558190844e+00 1.732022364e+00 
1.380350632e+00 1.600110314e+00 1.765760555e+00 
1.345974717e+00 1.661334804e+00 1.823983035e+00 
1.098248170e+00 1.565912852e+00 1.588779641e+00 
1.123087159e+00 1.239382239e+00 1.356275304e+00 
1.300731870e+00 1.376172090e+00 1.550992867e+00 
1.100465735e+00 1.415885273e+00 1.480624639e+00 
1.419827013e+00 1.466629895e+00 1.744746482e+00 
1.098248170e+00 1.541643685e+00 1.501638712e+00 
1.106009980e+00 1.303916161e+00 1.370734529e+00 
1.339432468e+00 1.664644236e+00 1.823983035e+00 
1.124196274e+00 1.357970215e+00 1.501638712e+00 
1.739407851e+00 1.852730281e+00 1.912859071e+00 
1.100465735e+00 1.425261997e+00 1.501638712e+00 
1.140274784e+00 1.639271925e+00 1.735878157e+00 
1.176092482e+00 1.386100386e+00 1.525544631e+00 
1.225992681e+00 1.442912300e+00 1.660882977e+00 
1.177200931e+00 1.439051296e+00 1.572778099e+00 
1.266134398e+00 1.567567568e+00 1.748023906e+00 
1.106009980e+00 1.313292885e+00 1.391748602e+00 
1.166999335e+00 1.256480971e+00 1.391748602e+00 
1.106009980e+00 1.328736900e+00 1.462887989e+00 
1.069194943e+00 1.485934915e+00 1.495662233e+00 
1.098248170e+00 1.556536128e+00 1.567765568e+00 
1.302062542e+00 1.266960838e+00 1.458839406e+00 
1.383233533e+00 1.397683398e+00 1.639868903e+00 
1.055666667e+00 1.268063982e+00 1.366300366e+00 
1.098248170e+00 1.557087700e+00 1.572778099e+00 
1.100465735e+00 1.440706012e+00 1.572778099e+00 
1.127079175e+00 1.127964699e+00 1.294582610e+00 
1.194278110e+00 1.196359625e+00 1.404472720e+00 
1.145043247e+00 1.265306122e+00 1.391748602e+00 
1.098248170e+00 1.581356867e+00 1.659919028e+00 
1.262807718e+00 1.281853282e+00 1.480624639e+00 
1.066089820e+00 1.178709322e+00 1.245228456e+00 
1.174539587e+00 1.287920574e+00 1.480624639e+00 
1.062097804e+00 1.157749586e+00 1.227491806e+00 
1.265469062e+00 1.381136238e+00 1.550992867e+00 
1.235528942e+00 1.215664644e+00 1.409485252e+00 
1.086493679e+00 1.105901820e+00 1.211297474e+00 
1.032157685e+00 1.141753999e+00 1.206477733e+00 
1.138611444e+00 1.247104247e+00 1.370734529e+00 
1.146373919e+00 1.229453944e+00 1.370734529e+00 
1.190286094e+00 1.198565913e+00 1.321187584e+00 
1.022842981e+00 1.194704909e+00 1.158280316e+00 
1.110445775e+00 1.104798676e+00 1.245228456e+00 
1.077178975e+00 1.071152785e+00 1.159244265e+00 
1.006653360e+00 1.012134584e+00 1.135338346e+00 
1.006653360e+00 1.000000000e+00 1.000000000e+00 
1.000000000e+00 1.039161611e+00 1.075959129e+00 
1.000000000e+00 1.023166023e+00 1.000000000e+00 
1.199600798e+00 1.174848318e+00 1.299595142e+00 

1.122310712e+00 1.597352454e+00 1.600539811e+00 
1.165890220e+00 1.627137341e+00 1.660882977e+00 
1.129075183e+00 1.512410370e+00 1.638133796e+00 
1.430472389e+00 1.636514065e+00 1.823983035e+00 
1.421379242e+00 1.703805847e+00 1.852901484e+00 
1.436016633e+00 1.624379482e+00 1.819163293e+00 
1.506320692e+00 1.514616657e+00 1.744746482e+00 
1.494344644e+00 1.488141202e+00 1.715828032e+00 
1.396096474e+00 1.661334804e+00 1.823983035e+00 
1.479707252e+00 1.582460011e+00 1.807981492e+00 
1.332224218e+00 1.677330392e+00 1.819163293e+00 
1.205588822e+00 1.527302813e+00 1.748023906e+00 
1.459968729e+00 1.609487038e+00 1.819163293e+00 
1.113550898e+00 1.372311087e+00 1.572778099e+00 
1.200598802e+00 1.552123552e+00 1.683824947e+00 
1.173652695e+00 1.503033646e+00 1.660882977e+00 
1.315369261e+00 1.304467733e+00 1.485444380e+00 
1.364604125e+00 1.519580805e+00 1.765760555e+00 
1.328010645e+00 1.593491451e+00 1.765760555e+00 
1.613659348e+00 1.750689465e+00 1.924040871e+00 
1.567531603e+00 1.655267512e+00 1.836899942e+00 
1.149922156e+00 1.276889134e+00 1.392326971e+00 
1.145043247e+00 1.607832322e+00 1.654906497e+00 
1.355954757e+00 1.331494760e+00 1.568729516e+00 
1.130516966e+00 1.396580254e+00 1.583767110e+00 
1.228099135e+00 1.490347490e+00 1.732022364e+00 
1.061876248e+00 1.306122449e+00 1.501638712e+00 
1.251940785e+00 1.522338665e+00 1.748023906e+00 
1.158571524e+00 1.266409266e+00 1.409485252e+00 
1.100465735e+00 1.440706012e+00 1.572778099e+00 
1.281658683e+00 1.396580254e+00 1.585502217e+00 
1.414504325e+00 1.399338114e+00 1.639868903e+00 
1.182302063e+00 1.424158853e+00 1.660882977e+00 
1.325349301e+00 1.332046332e+00 1.563716985e+00 
1.158571524e+00 1.281853282e+00 1.480624639e+00 
1.135728543e+00 1.256480971e+00 1.391748602e+00 
1.320248170e+00 1.697186983e+00 1.819163293e+00 
1.063428476e+00 1.210148924e+00 1.256988625e+00 
1.479707252e+00 1.464975179e+00 1.673607095e+00 
1.616101131e+00 1.619415334e+00 1.820705610e+00 
1.327789088e+00 1.495863210e+00 1.743011375e+00 
1.106453759e+00 1.284611142e+00 1.409485252e+00 
1.833998669e+00 1.895752896e+00 1.928860613e+00 
1.257041251e+00 1.357418643e+00 1.550992867e+00 
1.347305389e+00 1.330943188e+00 1.529978793e+00 
1.194278110e+00 1.196359625e+00 1.404472720e+00 
1.383233533e+00 1.399889686e+00 1.639868903e+00 
1.032823021e+00 1.210700496e+00 1.337381916e+00 
1.030383899e+00 1.227247656e+00 1.289184500e+00 
1.458416500e+00 1.677330392e+00 1.852901484e+00 
1.190286094e+00 1.198565913e+00 1.321187584e+00 
1.396984032e+00 1.656370656e+00 1.819163293e+00 
1.446218896e+00 1.687810259e+00 1.836899942e+00 
1.087380572e+00 1.534473249e+00 1.524580682e+00 
1.066089820e+00 1.178709322e+00 1.245228456e+00 
1.235528942e+00 1.215664644e+00 1.409485252e+00 
1.026613440e+00 1.172642030e+00 1.202043570e+00 
1.057440452e+00 1.305019305e+00 1.424522846e+00 
1.055666667e+00 1.268063982e+00 1.366300366e+00 
1.302062542e+00 1.266960838e+00 1.458839406e+00 
1.066089820e+00 1.194153337e+00 1.316367843e+00 
1.032823021e+00 1.185879757e+00 1.245228456e+00 
1.138611444e+00 1.247104247e+00 1.370734529e+00 
1.154801730e+00 1.485934915e+00 1.612685560e+00 
1.146373919e+00 1.229453944e+00 1.370734529e+00 
1.416721890e+00 1.615002758e+00 1.802968961e+00 
1.170547572e+00 1.476006619e+00 1.588779641e+00 
1.062097804e+00 1.157749586e+00 1.227491806e+00 
1.127079175e+00 1.127964699e+00 1.294582610e+00 
1.086493679e+00 1.105901820e+00 1.211297474e+00 
1.110445775e+00 1.104798676e+00 1.245228456e+00 
1.032157685e+00 1.141753999e+00 1.206477733e+00 
1.000000000e+00 1.039161611e+00 1.075959129e+00 
1.000000000e+00 1.023166023e+00 1.000000000e+00 
1.006653360e+00 1.012134584e+00 1.135338346e+00 
1.006653360e+00 1.000000000e+00 1.000000000e+00 
1.022842981e+00 1.194704909e+00 1.158280316e+00 
1.077178975e+00 1.071152785e+00 1.159244265e+00 
1.199600798e+00 1.174848318e+00 1.299595142e+00 

1.351851630e+00 1.621621622e+00 1.836899942e+00 
1.484364604e+00 1.571980143e+00 1.785232312e+00 
1.461299401e+00 1.607832322e+00 1.836899942e+00 
1.093590818e+00 1.572531715e+00 1.659919028e+00 
1.116655356e+00 1.527302813e+00 1.648737228e+00 
1.161011311e+00 1.523993381e+00 1.748023906e+00 
1.147483034e+00 1.421400993e+00 1.577597841e+00 
1.313705921e+00 1.605626034e+00 1.807981492e+00 
1.323464405e+00 1.600661886e+00 1.823983035e+00 
1.392548237e+00 1.400441258e+00 1.673607095e+00 
1.050454424e+00 1.366795367e+00 1.360323887e+00 
1.182745842e+00 1.699393271e+00 1.819163293e+00 
1.032823021e+00 1.210700496e+00 1.337381916e+00 
1.236638057e+00 1.489795918e+00 1.677655678e+00 
1.266355955e+00 1.521787093e+00 1.748023906e+00 
1.238411843e+00 1.370656371e+00 1.556583767e+00 
1.350632069e+00 1.558742416e+00 1.765760555e+00 
1.636726547e+00 1.662437948e+00 1.852901484e+00 
1.101352628e+00 1.432984004e+00 1.588779641e+00 
1.383233533e+00 1.397683398e+00 1.639868903e+00 
1.367709248e+00 1.594594595e+00 1.819163293e+00 
1.228099135e+00 1.490347490e+00 1.732022364e+00 
1.191949434e+00 1.482625483e+00 1.664738770e+00 
1.131958084e+00 1.428571429e+00 1.583767110e+00 
1.095808383e+00 1.431880860e+00 1.572778099e+00 
1.113550898e+00 1.372311087e+00 1.572778099e+00 
1.577292083e+00 1.710424710e+00 1.852901484e+00 
1.061876248e+00 1.281301710e+00 1.409485252e+00 
1.241073187e+00 1.339216768e+00 1.529978793e+00 
1.030383899e+00 1.227247656e+00 1.289184500e+00 
1.275005323e+00 1.399889686e+00 1.580489686e+00 
1.548902196e+00 1.576392719e+00 1.820705610e+00 
1.062097804e+00 1.204633205e+00 1.282436861e+00 
1.281658683e+00 1.396580254e+00 1.585502217e+00 
1.308715902e+00 1.690016547e+00 1.819163293e+00 
1.292304059e+00 1.401544402e+00 1.639868903e+00 
1.325349301e+00 1.332046332e+00 1.563716985e+00 
1.417498337e+00 1.587975731e+00 1.819163293e+00 
1.446773120e+00 1.612244898e+00 1.836899942e+00 
1.146373919e+00 1.229453944e+00 1.370734529e+00 
1.158571524e+00 1.266409266e+00 1.409485252e+00 
1.061876248e+00 1.306122449e+00 1.501638712e+00 
1.389886893e+00 1.543849972e+00 1.765760555e+00 
1.123087159e+00 1.239382239e+00 1.356275304e+00 
1.158571524e+00 1.281853282e+00 1.480624639e+00 
1.360612109e+00 1.519580805e+00 1.748023906e+00 
1.149479042e+00 1.421952565e+00 1.660882977e+00 
1.627192282e+00 1.765030336e+00 1.912859071e+00 
1.257041251e+00 1.357418643e+00 1.550992867e+00 
1.729873586e+00 1.765030336e+00 1.928860613e+00 
1.026613440e+00 1.172642030e+00 1.202043570e+00 
1.032823021e+00 1.185879757e+00 1.245228456e+00 
1.022842981e+00 1.194704909e+00 1.158280316e+00 
1.055666667e+00 1.268063982e+00 1.366300366e+00 
1.135728543e+00 1.256480971e+00 1.391748602e+00 
1.347305389e+00 1.330943188e+00 1.529978793e+00 
1.315369261e+00 1.304467733e+00 1.485444380e+00 
1.302062542e+00 1.266960838e+00 1.458839406e+00 
1.190286094e+00 1.198565913e+00 1.321187584e+00 
1.439787092e+00 1.482625483e+00 1.715828032e+00 
1.194278110e+00 1.196359625e+00 1.404472720e+00 
1.138611444e+00 1.247104247e+00 1.370734529e+00 
1.086493679e+00 1.105901820e+00 1.211297474e+00 
1.066089820e+00 1.194153337e+00 1.316367843e+00 
1.235528942e+00 1.215664644e+00 1.409485252e+00 
1.032157685e+00 1.141753999e+00 1.206477733e+00 
1.062097804e+00 1.157749586e+00 1.227491806e+00 
1.355954757e+00 1.331494760e+00 1.568729516e+00 
1.127079175e+00 1.127964699e+00 1.294582610e+00 
1.051563540e+00 1.328185328e+00 1.408521303e+00 
1.110445775e+00 1.104798676e+00 1.245228456e+00 
1.000000000e+00 1.039161611e+00 1.075959129e+00 
1.066089820e+00 1.178709322e+00 1.245228456e+00 
1.077178975e+00 1.071152785e+00 1.159244265e+00 
1.006653360e+00 1.000000000e+00 1.000000000e+00 
1.199600798e+00 1.174848318e+00 1.299595142e+00 
1.000000000e+00 1.023166023e+00 1.000000000e+00 
1.006653360e+00 1.012134584e+00 1.135338346e+00 

1.163007319e+00 1.281301710e+00 1.409485252e+00 
1.257041251e+00 1.357418643e+00 1.550992867e+00 
1.106009980e+00 1.303916161e+00 1.370734529e+00 
1.308383234e+00 1.533370105e+00 1.732022364e+00 
1.098248170e+00 1.557087700e+00 1.572778099e+00 
1.125970060e+00 1.648097077e+00 1.732022364e+00 
1.100465735e+00 1.440706012e+00 1.572778099e+00 
1.443113772e+00 1.572531715e+00 1.807981492e+00 
1.252162342e+00 1.558190844e+00 1.732022364e+00 
1.345309381e+00 1.692222835e+00 1.852901484e+00 
1.603792415e+00 1.761169333e+00 1.924040871e+00 
1.281658683e+00 1.396580254e+00 1.585502217e+00 
1.266134398e+00 1.567567568e+00 1.748023906e+00 
1.274783766e+00 1.669056812e+00 1.765760555e+00 
1.221889554e+00 1.452289024e+00 1.596684018e+00 
1.123087159e+00 1.239382239e+00 1.356275304e+00 
1.468174983e+00 1.721456150e+00 1.895122421e+00 
1.233976713e+00 1.610590182e+00 1.717563139e+00 
1.512752495e+00 1.651406509e+00 1.841719684e+00 
1.179640719e+00 1.549917264e+00 1.606516291e+00 
1.491017964e+00 1.601213458e+00 1.823983035e+00 
1.256043247e+00 1.758411473e+00 1.744746482e+00 
1.179640719e+00 1.540540541e+00 1.585502217e+00 
1.704258150e+00 1.862658577e+00 1.928860613e+00 
1.469061876e+00 1.487589630e+00 1.744746482e+00 
1.371479042e+00 1.807501379e+00 1.924040871e+00 
1.215568862e+00 1.467181467e+00 1.660882977e+00 
1.347305389e+00 1.330943188e+00 1.529978793e+00 
1.337769128e+00 1.469387755e+00 1.673607095e+00 
1.411510313e+00 1.788196360e+00 1.924040871e+00 
1.119760479e+00 1.381687810e+00 1.572778099e+00 
1.059436460e+00 1.322669608e+00 1.453441296e+00 
1.174539587e+00 1.272476558e+00 1.409485252e+00 
1.325349301e+00 1.332046332e+00 1.563716985e+00 
1.385007984e+00 1.661334804e+00 1.841719684e+00 
1.414282768e+00 1.565912852e+00 1.765760555e+00 
1.341761144e+00 1.497517926e+00 1.732022364e+00 
1.306054558e+00 1.530612245e+00 1.673607095e+00 
1.066089820e+00 1.178709322e+00 1.245228456e+00 
1.301175649e+00 1.425261997e+00 1.660882977e+00 
1.267132402e+00 1.542195256e+00 1.677655678e+00 
1.383233533e+00 1.397683398e+00 1.639868903e+00 
1.427811045e+00 1.533921677e+00 1.765760555e+00 
1.242182302e+00 1.381136238e+00 1.550992867e+00 
1.075737192e+00 1.299503585e+00 1.369577791e+00 
1.225992681e+00 1.442912300e+00 1.660882977e+00 
1.158571524e+00 1.281853282e+00 1.480624639e+00 
1.430805057e+00 1.727523442e+00 1.912859071e+00 
1.392548237e+00 1.400441258e+00 1.673607095e+00 
1.331337325e+00 1.682846111e+00 1.836899942e+00 
1.030383899e+00 1.227247656e+00 1.289184500e+00 
1.179640719e+00 1.565361280e+00 1.677655678e+00 
1.305167665e+00 1.567567568e+00 1.765760555e+00 
1.468840319e+00 1.619966906e+00 1.823983035e+00 
1.032823021e+00 1.185879757e+00 1.245228456e+00 
1.351851630e+00 1.621621622e+00 1.836899942e+00 
1.150587492e+00 1.298400441e+00 1.446693657e+00 
1.061876248e+00 1.306122449e+00 1.501638712e+00 
1.350964737e+00 1.633756205e+00 1.836899942e+00 
1.376580173e+00 1.408163265e+00 1.605937922e+00 
1.106453759e+00 1.284611142e+00 1.409485252e+00 
1.355954757e+00 1.331494760e+00 1.568729516e+00 
1.032823021e+00 1.210700496e+00 1.337381916e+00 
1.138611444e+00 1.247104247e+00 1.370734529e+00 
1.149922156e+00 1.276889134e+00 1.392326971e+00 
1.443779108e+00 1.478764479e+00 1.715828032e+00 
1.135728543e+00 1.256480971e+00 1.391748602e+00 
1.055666667e+00 1.268063982e+00 1.366300366e+00 
1.066089820e+00 1.194153337e+00 1.316367843e+00 
1.235528942e+00 1.215664644e+00 1.409485252e+00 
1.022842981e+00 1.194704909e+00 1.158280316e+00 
1.315369261e+00 1.304467733e+00 1.485444380e+00 
1.302062542e+00 1.266960838e+00 1.458839406e+00 
1.266799734e+00 1.345284060e+00 1.529978793e+00 
1.146373919e+00 1.229453944e+00 1.370734529e+00 
1.194278110e+00 1.196359625e+00 1.404472720e+00 
1.062097804e+00 1.204633205e+00 1.282436861e+00 
1.249722555e+00 1.600661886e+00 1.693657220e+00 
1.062097804e+00 1.157749586e+00 1.227491806e+00 
1.077178975e+00 1.071152785e+00 1.159244265e+00 
1.199600798e+00 1.174848318e+00 1.299595142e+00 
1.026613440e+00 1.172642030e+00 1.202043570e+00 
1.210246174e+00 1.473800331e+00 1.606516291e+00 
1.190286094e+00 1.198565913e+00 1.321187584e+00 
1.127079175e+00 1.127964699e+00 1.294582610e+00 
1.110445775e+00 1.104798676e+00 1.245228456e+00 
1.006653360e+00 1.000000000e+00 1.000000000e+00 
1.000000000e+00 1.039161611e+00 1.075959129e+00 
1.006653360e+00 1.012134584e+00 1.135338346e+00 
1.000000000e+00 1.023166023e+00 1.000000000e+00 
1.032157685e+00 1.141753999e+00 1.206477733e+00 
1.086493679e+00 1.105901820e+00 1.211297474e+00 

1.157906188e+00 1.672366244e+00 1.819163293e+00 
1.469061876e+00 1.487589630e+00 1.744746482e+00 
1.051563540e+00 1.316602317e+00 1.298631193e+00 
1.384453094e+00 1.730281302e+00 1.895122421e+00 
1.439565536e+00 1.586872587e+00 1.807981492e+00 
1.482812375e+00 1.607832322e+00 1.836899942e+00 
1.326679973e+00 1.495311638e+00 1.748023906e+00 
1.306719894e+00 1.646442361e+00 1.836899942e+00 
1.252162342e+00 1.558190844e+00 1.732022364e+00 
1.305833001e+00 1.536679537e+00 1.736842105e+00 
1.623419827e+00 1.635410921e+00 1.841719684e+00 
1.434908184e+00 1.607280750e+00 1.819163293e+00 
1.488356620e+00 1.744622173e+00 1.924040871e+00 
1.325349301e+00 1.332046332e+00 1.563716985e+00 
1.337769128e+00 1.494208494e+00 1.765760555e+00 
1.471612109e+00 1.686707115e+00 1.895122421e+00 
1.049123752e+00 1.329288472e+00 1.289184500e+00 
1.057884232e+00 1.305570877e+00 1.424522846e+00 
1.580618762e+00 1.715388858e+00 1.912859071e+00 
1.330006653e+00 1.611141754e+00 1.819163293e+00 
1.171878244e+00 1.652509653e+00 1.683824947e+00 
1.098248170e+00 1.581356867e+00 1.659919028e+00 
1.702149035e+00 1.799779371e+00 1.928860613e+00 
1.603459747e+00 1.603419746e+00 1.820705610e+00 
1.327345309e+00 1.372311087e+00 1.572778099e+00 
1.242847638e+00 1.496414782e+00 1.677655678e+00 
1.200820359e+00 1.567015996e+00 1.735878157e+00 
1.297626747e+00 1.402647546e+00 1.585502217e+00 
1.359725216e+00 1.493105350e+00 1.732022364e+00 
1.414504325e+00 1.399338114e+00 1.639868903e+00 
1.151918164e+00 1.303916161e+00 1.421245421e+00 
1.087380572e+00 1.534473249e+00 1.524580682e+00 
1.392548237e+00 1.400441258e+00 1.673607095e+00 
1.266134398e+00 1.567567568e+00 1.748023906e+00 
1.363938789e+00 1.609487038e+00 1.836899942e+00 
1.557997339e+00 1.728626586e+00 1.924040871e+00 
1.100465735e+00 1.440706012e+00 1.572778099e+00 
1.062097804e+00 1.204633205e+00 1.282436861e+00 
1.098248170e+00 1.557087700e+00 1.572778099e+00 
1.184963407e+00 1.558742416e+00 1.732022364e+00 
1.138611444e+00 1.247104247e+00 1.370734529e+00 
1.261698603e+00 1.557087700e+00 1.732022364e+00 
1.158571524e+00 1.281853282e+00 1.480624639e+00 
1.119760479e+00 1.381687810e+00 1.572778099e+00 
1.241073187e+00 1.339216768e+00 1.529978793e+00 
1.242847638e+00 1.399889686e+00 1.577597841e+00 
1.517409847e+00 1.640375069e+00 1.841719684e+00 
1.061876248e+00 1.281301710e+00 1.409485252e+00 
1.677312043e+00 1.871483729e+00 1.928860613e+00 
1.383233533e+00 1.399889686e+00 1.639868903e+00 
1.251497006e+00 1.374517375e+00 1.550992867e+00 
1.287425150e+00 1.372311087e+00 1.550992867e+00 
1.053670659e+00 1.250413679e+00 1.337381916e+00 
1.355954757e+00 1.331494760e+00 1.568729516e+00 
1.066089820e+00 1.194153337e+00 1.316367843e+00 
1.292526281e+00 1.549917264e+00 1.748023906e+00 
1.149479042e+00 1.421952565e+00 1.660882977e+00 
1.135728543e+00 1.256480971e+00 1.391748602e+00 
1.032157685e+00 1.141753999e+00 1.206477733e+00 
1.051674651e+00 1.267512410e+00 1.289184500e+00 
1.260590153e+00 1.398234970e+00 1.577597841e+00 
1.190286094e+00 1.198565913e+00 1.321187584e+00 
1.294965403e+00 1.405956977e+00 1.639868903e+00 
1.062097804e+00 1.157749586e+00 1.227491806e+00 
1.022842981e+00 1.194704909e+00 1.158280316e+00 
1.347305389e+00 1.330943188e+00 1.529978793e+00 
1.061876248e+00 1.306122449e+00 1.501638712e+00 
1.055666667e+00 1.243243243e+00 1.274146906e+00 
1.123087159e+00 1.239382239e+00 1.356275304e+00 
1.032823021e+00 1.185879757e+00 1.245228456e+00 
1.302062542e+00 1.266960838e+00 1.458839406e+00 
1.088268130e+00 1.210700496e+00 1.337381916e+00 
1.055666667e+00 1.268063982e+00 1.366300366e+00 
1.315369261e+00 1.304467733e+00 1.485444380e+00 
1.146373919e+00 1.229453944e+00 1.370734529e+00 
1.174539587e+00 1.272476558e+00 1.409485252e+00 
1.086493679e+00 1.105901820e+00 1.211297474e+00 
1.194278110e+00 1.196359625e+00 1.404472720e+00 
1.235528942e+00 1.215664644e+00 1.409485252e+00 
1.066089820e+00 1.178709322e+00 1.245228456e+00 
1.026613440e+00 1.172642030e+00 1.202043570e+00 
1.110445775e+00 1.104798676e+00 1.245228456e+00 
1.199600798e+00 1.174848318e+00 1.299595142e+00 
1.127079175e+00 1.127964699e+00 1.294582610e+00 
1.006653360e+00 1.000000000e+00 1.000000000e+00 
1.006653360e+00 1.012134584e+00 1.135338346e+00 
1.000000000e+00 1.023166023e+00 1.000000000e+00 
1.077178975e+00 1.071152785e+00 1.159244265e+00 
1.000000000e+00 1.039161611e+00 1.075959129e+00 

1.373364604e+00 1.649200221e+00 1.841719684e+00 
1.266799734e+00 1.345284060e+00 1.529978793e+00 
1.188178975e+00 1.726420298e+00 1.895122421e+00 
1.030383899e+00 1.227247656e+00 1.289184500e+00 
1.412729874e+00 1.641478213e+00 1.852901484e+00 
1.491239521e+00 1.616657474e+00 1.852901484e+00 
1.347305389e+00 1.330943188e+00 1.529978793e+00 
1.337769128e+00 1.469387755e+00 1.673607095e+00 
1.228099135e+00 1.490347490e+00 1.732022364e+00 
1.195276114e+00 1.721456150e+00 1.895122421e+00 
1.066089820e+00 1.178709322e+00 1.245228456e+00 
1.369483034e+00 1.489795918e+00 1.732022364e+00 
1.365934797e+00 1.404302261e+00 1.634856372e+00 
1.424040585e+00 1.578047435e+00 1.836899942e+00 
1.135617432e+00 1.630446773e+00 1.735878157e+00 
1.131958084e+00 1.428571429e+00 1.583767110e+00 
1.404968064e+00 1.781025924e+00 1.924040871e+00 
1.101352628e+00 1.432984004e+00 1.588779641e+00 
1.092260146e+00 1.543849972e+00 1.567765568e+00 
1.414836993e+00 1.584666299e+00 1.841719684e+00 
1.274118430e+00 1.683949255e+00 1.895122421e+00 
1.093590818e+00 1.548262548e+00 1.572778099e+00 
1.306054558e+00 1.555432984e+00 1.765760555e+00 
1.093590818e+00 1.572531715e+00 1.659919028e+00 
1.121312708e+00 1.639271925e+00 1.732022364e+00 
1.147039255e+00 1.625482625e+00 1.683824947e+00 
1.153248836e+00 1.648097077e+00 1.748023906e+00 
1.356841650e+00 1.783232212e+00 1.924040871e+00 
1.347526946e+00 1.490899062e+00 1.765760555e+00 
1.093590818e+00 1.557087700e+00 1.588779641e+00 
1.433133733e+00 1.472697187e+00 1.744746482e+00 
1.472388556e+00 1.489244346e+00 1.749566223e+00 
1.062097804e+00 1.204633205e+00 1.282436861e+00 
1.411177645e+00 1.675675676e+00 1.852901484e+00 
1.153248836e+00 1.663541092e+00 1.819163293e+00 
1.121312708e+00 1.623827910e+00 1.660882977e+00 
1.280328011e+00 1.422504137e+00 1.655870445e+00 
1.325349301e+00 1.332046332e+00 1.563716985e+00 
1.182302063e+00 1.399338114e+00 1.568729516e+00 
1.066089820e+00 1.194153337e+00 1.316367843e+00 
1.257041251e+00 1.402095974e+00 1.583767110e+00 
1.257041251e+00 1.357418643e+00 1.550992867e+00 
1.158571524e+00 1.281853282e+00 1.480624639e+00 
1.355954757e+00 1.331494760e+00 1.568729516e+00 
1.182302063e+00 1.424158853e+00 1.660882977e+00 
1.161011311e+00 1.523993381e+00 1.748023906e+00 
1.154801730e+00 1.485934915e+00 1.612685560e+00 
1.061876248e+00 1.281301710e+00 1.409485252e+00 
1.414504325e+00 1.399338114e+00 1.639868903e+00 
1.478487691e+00 1.769442912e+00 1.928860613e+00 
1.100133067e+00 1.304467733e+00 1.413341045e+00 
1.451874251e+00 1.815223387e+00 1.928860613e+00 
1.032823021e+00 1.185879757e+00 1.245228456e+00 
1.392548237e+00 1.400441258e+00 1.673607095e+00 
1.061876248e+00 1.306122449e+00 1.501638712e+00 
1.480039920e+00 1.735245450e+00 1.928860613e+00 
1.129186294e+00 1.399889686e+00 1.577597841e+00 
1.315369261e+00 1.304467733e+00 1.485444380e+00 
1.129075183e+00 1.499724214e+00 1.660882977e+00 
1.161011311e+00 1.499172642e+00 1.655870445e+00 
1.138611444e+00 1.247104247e+00 1.370734529e+00 
1.055666667e+00 1.268063982e+00 1.366300366e+00 
1.228321357e+00 1.617760618e+00 1.823983035e+00 
1.032823021e+00 1.210700496e+00 1.337381916e+00 
1.371257485e+00 1.680639823e+00 1.836899942e+00 
1.249612109e+00 1.517926089e+00 1.736842105e+00 
1.152694611e+00 1.305019305e+00 1.424522846e+00 
1.383233533e+00 1.399889686e+00 1.639868903e+00 
1.298292083e+00 1.421400993e+00 1.588779641e+00 
1.235528942e+00 1.215664644e+00 1.409485252e+00 
1.146373919e+00 1.229453944e+00 1.370734529e+00 
1.176092482e+00 1.386100386e+00 1.525544631e+00 
1.123087159e+00 1.239382239e+00 1.356275304e+00 
1.032157685e+00 1.141753999e+00 1.206477733e+00 
1.135728543e+00 1.256480971e+00 1.391748602e+00 
1.256154358e+00 1.374517375e+00 1.550992867e+00 
1.086493679e+00 1.105901820e+00 1.211297474e+00 
1.199600798e+00 1.174848318e+00 1.299595142e+00 
1.302062542e+00 1.266960838e+00 1.458839406e+00 
1.190286094e+00 1.198565913e+00 1.321187584e+00 
1.026613440e+00 1.172642030e+00 1.202043570e+00 
1.242403859e+00 1.344732488e+00 1.504530557e+00 
1.062097804e+00 1.157749586e+00 1.227491806e+00 
1.194278110e+00 1.196359625e+00 1.404472720e+00 
1.127079175e+00 1.127964699e+00 1.294582610e+00 
1.077178975e+00 1.071152785e+00 1.159244265e+00 
1.006653360e+00 1.000000000e+00 1.000000000e+00 
1.006653360e+00 1.012134584e+00 1.135338346e+00 
1.022842981e+00 1.194704909e+00 1.158280316e+00 
1.110445775e+00 1.104798676e+00 1.245228456e+00 
1.000000000e+00 1.039161611e+00 1.075959129e+00 
1.000000000e+00 1.023166023e+00 1.000000000e+00 

1.461299401e+00 1.605074462e+00 1.836899942e+00 
1.426480373e+00 1.478764479e+00 1.715828032e+00 
1.353071856e+00 1.720353006e+00 1.895122421e+00 
1.278997339e+00 1.397683398e+00 1.639868903e+00 
1.066089820e+00 1.194153337e+00 1.316367843e+00 
1.131958084e+00 1.428571429e+00 1.583767110e+00 
1.197826347e+00 1.666850524e+00 1.819163293e+00 
1.325349301e+00 1.332046332e+00 1.563716985e+00 
1.715901530e+00 1.741864313e+00 1.928860613e+00 
1.182190951e+00 1.721456150e+00 1.823983035e+00 
1.236638057e+00 1.489795918e+00 1.677655678e+00 
1.412729874e+00 1.641478213e+00 1.852901484e+00 
1.238411843e+00 1.370656371e+00 1.556583767e+00 
1.158571524e+00 1.266409266e+00 1.409485252e+00 
1.093590818e+00 1.557087700e+00 1.588779641e+00 
1.138611444e+00 1.247104247e+00 1.370734529e+00 
1.147150366e+00 1.499172642e+00 1.659919028e+00 
1.113550898e+00 1.372311087e+00 1.572778099e+00 
1.347305389e+00 1.330943188e+00 1.529978793e+00 
1.222887558e+00 1.602868174e+00 1.823983035e+00 
1.355954757e+00 1.331494760e+00 1.568729516e+00 
1.146373919e+00 1.229453944e+00 1.370734529e+00 
1.479707252e+00 1.464975179e+00 1.673607095e+00 
1.093590818e+00 1.572531715e+00 1.659919028e+00 
1.306054558e+00 1.555432984e+00 1.765760555e+00 
1.095808383e+00 1.431880860e+00 1.572778099e+00 
1.315369261e+00 1.304467733e+00 1.485444380e+00 
1.355400532e+00 1.657473800e+00 1.895122421e+00 
1.508760479e+00 1.678433536e+00 1.924040871e+00 
1.266799734e+00 1.345284060e+00 1.529978793e+00 
1.149479042e+00 1.421952565e+00 1.660882977e+00 
1.225660013e+00 1.506894650e+00 1.683824947e+00 
1.109780439e+00 1.383342526e+00 1.550028918e+00 
1.384120426e+00 1.654715940e+00 1.852901484e+00 
1.066089820e+00 1.178709322e+00 1.245228456e+00 
1.163228876e+00 1.511858798e+00 1.664738770e+00 
1.429918164e+00 1.720904578e+00 1.924040871e+00 
1.228099135e+00 1.490347490e+00 1.732022364e+00 
1.061876248e+00 1.281301710e+00 1.409485252e+00 
1.153248836e+00 1.638720353e+00 1.727009832e+00 
1.026613440e+00 1.172642030e+00 1.202043570e+00 
1.481481703e+00 1.615002758e+00 1.852901484e+00 
1.158571524e+00 1.281853282e+00 1.480624639e+00 
1.121312708e+00 1.651958081e+00 1.709273183e+00 
1.101352628e+00 1.432984004e+00 1.588779641e+00 
1.257041251e+00 1.357418643e+00 1.550992867e+00 
1.123087159e+00 1.239382239e+00 1.356275304e+00 
1.061876248e+00 1.306122449e+00 1.501638712e+00 
1.051563540e+00 1.328185328e+00 1.408521303e+00 
1.093368596e+00 1.448428020e+00 1.524580682e+00 
1.087380572e+00 1.534473249e+00 1.524580682e+00 
1.309602794e+00 1.591285163e+00 1.823983035e+00 
1.235528942e+00 1.215664644e+00 1.409485252e+00 
1.275560213e+00 1.563706564e+00 1.819163293e+00 
1.129075183e+00 1.499724214e+00 1.660882977e+00 
1.134841650e+00 1.403750689e+00 1.588779641e+00 
1.504324684e+00 1.527302813e+00 1.760748024e+00 
1.022842981e+00 1.194704909e+00 1.158280316e+00 
1.059436460e+00 1.322669608e+00 1.453441296e+00 
1.032823021e+00 1.210700496e+00 1.337381916e+00 
1.135728543e+00 1.256480971e+00 1.391748602e+00 
1.190286094e+00 1.198565913e+00 1.321187584e+00 
1.194278110e+00 1.196359625e+00 1.404472720e+00 
1.062097804e+00 1.204633205e+00 1.282436861e+00 
1.302062542e+00 1.266960838e+00 1.458839406e+00 
1.229762475e+00 1.497517926e+00 1.748023906e+00 
1.161011311e+00 1.523993381e+00 1.748023906e+00 
1.032823021e+00 1.185879757e+00 1.245228456e+00 
1.055666667e+00 1.268063982e+00 1.366300366e+00 
1.032157685e+00 1.141753999e+00 1.206477733e+00 
1.062097804e+00 1.157749586e+00 1.227491806e+00 
1.199600798e+00 1.174848318e+00 1.299595142e+00 
1.110445775e+00 1.104798676e+00 1.245228456e+00 
1.030383899e+00 1.227247656e+00 1.289184500e+00 
1.086493679e+00 1.105901820e+00 1.211297474e+00 
1.000000000e+00 1.023166023e+00 1.000000000e+00 
1.000000000e+00 1.039161611e+00 1.075959129e+00 
1.077178975e+00 1.071152785e+00 1.159244265e+00 
1.006653360e+00 1.012134584e+00 1.135338346e+00 
1.127079175e+00 1.127964699e+00 1.294582610e+00 
1.006653360e+00 1.000000000e+00 1.000000000e+00 

1.207806387e+00 1.714285714e+00 1.823983035e+00 
1.092260146e+00 1.543849972e+00 1.567765568e+00 
1.153248836e+00 1.638720353e+00 1.727009832e+00 
1.599467731e+00 1.635962493e+00 1.852901484e+00 
1.469061876e+00 1.487589630e+00 1.744746482e+00 
1.200598802e+00 1.552123552e+00 1.683824947e+00 
1.546906188e+00 1.693325979e+00 1.907846539e+00 
1.489354624e+00 1.632653061e+00 1.836899942e+00 
1.190286094e+00 1.198565913e+00 1.321187584e+00 
1.173098470e+00 1.638720353e+00 1.735878157e+00 
1.190951430e+00 1.578599007e+00 1.736842105e+00 
1.368596141e+00 1.772200772e+00 1.928860613e+00 
1.315369261e+00 1.304467733e+00 1.485444380e+00 
1.030383899e+00 1.227247656e+00 1.289184500e+00 
1.369483034e+00 1.489795918e+00 1.732022364e+00 
1.197826347e+00 1.666850524e+00 1.819163293e+00 
1.268684631e+00 1.669056812e+00 1.895122421e+00 
1.328010645e+00 1.593491451e+00 1.765760555e+00 
1.464404524e+00 1.604522890e+00 1.823983035e+00 
1.151475050e+00 1.503033646e+00 1.659919028e+00 
1.347526946e+00 1.490899062e+00 1.765760555e+00 
1.174872255e+00 1.592939879e+00 1.735878157e+00 
1.280106454e+00 1.349145063e+00 1.529978793e+00 
1.113550898e+00 1.372311087e+00 1.572778099e+00 
1.457085828e+00 1.644787645e+00 1.852901484e+00 
1.232756487e+00 1.729729730e+00 1.895122421e+00 
1.543579508e+00 1.584114727e+00 1.823983035e+00 
1.181636727e+00 1.685052399e+00 1.736842105e+00 
1.281658683e+00 1.396580254e+00 1.585502217e+00 
1.228099135e+00 1.490347490e+00 1.732022364e+00 
1.101352628e+00 1.432984004e+00 1.588779641e+00 
1.504324684e+00 1.567567568e+00 1.819163293e+00 
1.131514970e+00 1.404302261e+00 1.588779641e+00 
1.518962076e+00 1.723662438e+00 1.928860613e+00 
1.257041251e+00 1.357418643e+00 1.550992867e+00 
1.175870259e+00 1.690016547e+00 1.736842105e+00 
1.138168330e+00 1.575841147e+00 1.659919028e+00 
1.392548237e+00 1.400441258e+00 1.673607095e+00 
1.057884232e+00 1.305570877e+00 1.424522846e+00 
1.175316035e+00 1.498069498e+00 1.648737228e+00 
1.517631404e+00 1.757859901e+00 1.928860613e+00 
1.055666667e+00 1.268063982e+00 1.366300366e+00 
1.239853626e+00 1.724765582e+00 1.895122421e+00 
1.151918164e+00 1.303916161e+00 1.421245421e+00 
1.292304059e+00 1.401544402e+00 1.639868903e+00 
1.423819029e+00 1.578599007e+00 1.802968961e+00 
1.066089820e+00 1.194153337e+00 1.316367843e+00 
1.148148370e+00 1.623276338e+00 1.664738770e+00 
1.182302063e+00 1.424158853e+00 1.660882977e+00 
1.251940785e+00 1.522338665e+00 1.748023906e+00 
1.414504325e+00 1.399338114e+00 1.639868903e+00 
1.267465070e+00 1.606177606e+00 1.823983035e+00 
1.158571524e+00 1.266409266e+00 1.409485252e+00 
1.051563540e+00 1.328185328e+00 1.408521303e+00 
1.325349301e+00 1.332046332e+00 1.563716985e+00 
1.420936128e+00 1.594594595e+00 1.819163293e+00 
1.173652695e+00 1.503033646e+00 1.660882977e+00 
1.063428476e+00 1.210148924e+00 1.256988625e+00 
1.066089820e+00 1.178709322e+00 1.245228456e+00 
1.205588822e+00 1.527302813e+00 1.748023906e+00 
1.139942116e+00 1.530060673e+00 1.659919028e+00 
1.095808383e+00 1.431880860e+00 1.572778099e+00 
1.207806387e+00 1.515168229e+00 1.664738770e+00 
1.347305389e+00 1.330943188e+00 1.529978793e+00 
1.335329341e+00 1.495311638e+00 1.748023906e+00 
1.383233533e+00 1.399889686e+00 1.639868903e+00 
1.146373919e+00 1.229453944e+00 1.370734529e+00 
1.061876248e+00 1.281301710e+00 1.409485252e+00 
1.158571524e+00 1.281853282e+00 1.480624639e+00 
1.032823021e+00 1.210700496e+00 1.337381916e+00 
1.061876248e+00 1.306122449e+00 1.501638712e+00 
1.194278110e+00 1.196359625e+00 1.404472720e+00 
1.138611444e+00 1.247104247e+00 1.370734529e+00 
1.123087159e+00 1.239382239e+00 1.356275304e+00 
1.032823021e+00 1.185879757e+00 1.245228456e+00 
1.355954757e+00 1.333701048e+00 1.568729516e+00 
1.032157685e+00 1.141753999e+00 1.206477733e+00 
1.022842981e+00 1.194704909e+00 1.158280316e+00 
1.026613440e+00 1.172642030e+00 1.202043570e+00 
1.110445775e+00 1.104798676e+00 1.245228456e+00 
1.062097804e+00 1.157749586e+00 1.227491806e+00 
1.127079175e+00 1.127964699e+00 1.294582610e+00 
1.235528942e+00 1.215664644e+00 1.409485252e+00 
1.302062542e+00 1.266960838e+00 1.458839406e+00 
1.086493679e+00 1.105901820e+00 1.211297474e+00 
1.006653360e+00 1.000000000e+00 1.000000000e+00 
1.077178975e+00 1.071152785e+00 1.159244265e+00 
1.135728543e+00 1.256480971e+00 1.391748602e+00 
1.006653360e+00 1.012134584e+00 1.135338346e+00 
1.000000000e+00 1.023166023e+00 1.000000000e+00 
1.000000000e+00 1.039161611e+00 1.075959129e+00 
1.199600798e+00 1.174848318e+00 1.299595142e+00 

1.121312708e+00 1.636514065e+00 1.638133796e+00 
1.541137725e+00 1.827909542e+00 2.000000000e+00 
1.153248836e+00 1.648097077e+00 1.748023906e+00 
1.128520958e+00 1.623827910e+00 1.625988047e+00 
1.412729874e+00 1.641478213e+00 1.852901484e+00 
1.255932801e+00 1.612796470e+00 1.819163293e+00 
1.113550898e+00 1.372311087e+00 1.572778099e+00 
1.347305389e+00 1.330943188e+00 1.529978793e+00 
1.448658017e+00 1.782680640e+00 1.924040871e+00 
1.246618097e+00 1.639271925e+00 1.823983035e+00 
1.121312708e+00 1.651958081e+00 1.709273183e+00 
1.161011311e+00 1.499172642e+00 1.655870445e+00 
1.104236194e+00 1.479867623e+00 1.588779641e+00 
1.182302063e+00 1.424158853e+00 1.660882977e+00 
1.225660013e+00 1.506894650e+00 1.683824947e+00 
1.313594810e+00 1.423607281e+00 1.606516291e+00 
1.431359281e+00 1.784335356e+00 1.924040871e+00 
1.419827013e+00 1.466629895e+00 1.744746482e+00 
1.061876248e+00 1.281301710e+00 1.409485252e+00 
1.032823021e+00 1.185879757e+00 1.245228456e+00 
1.337769128e+00 1.494208494e+00 1.765760555e+00 
1.311931470e+00 1.690016547e+00 1.895122421e+00 
1.480594145e+00 1.746828461e+00 1.924040871e+00 
1.095808383e+00 1.431880860e+00 1.572778099e+00 
1.154801730e+00 1.485934915e+00 1.612685560e+00 
1.275560213e+00 1.563706564e+00 1.819163293e+00 
1.384120426e+00 1.654715940e+00 1.852901484e+00 
1.121312708e+00 1.650854937e+00 1.659919028e+00 
1.309602794e+00 1.591285163e+00 1.823983035e+00 
1.129075183e+00 1.499724214e+00 1.660882977e+00 
1.135728543e+00 1.256480971e+00 1.391748602e+00 
1.134841650e+00 1.403750689e+00 1.588779641e+00 
1.061876248e+00 1.306122449e+00 1.501638712e+00 
1.057440452e+00 1.305019305e+00 1.424522846e+00 
1.153248836e+00 1.638720353e+00 1.727009832e+00 
1.522732535e+00 1.800882515e+00 1.928860613e+00 
1.161011311e+00 1.523993381e+00 1.748023906e+00 
1.677312043e+00 1.796469939e+00 2.000000000e+00 
1.481481703e+00 1.615002758e+00 1.852901484e+00 
1.146373919e+00 1.229453944e+00 1.370734529e+00 
1.059436460e+00 1.322669608e+00 1.453441296e+00 
1.225770459e+00 1.499724214e+00 1.664738770e+00 
1.179862275e+00 1.440706012e+00 1.612685560e+00 
1.495121091e+00 1.919470491e+00 2.000000000e+00 
1.093368596e+00 1.448428020e+00 1.524580682e+00 
1.337769128e+00 1.469387755e+00 1.673607095e+00 
1.229762475e+00 1.497517926e+00 1.748023906e+00 
1.055666667e+00 1.268063982e+00 1.366300366e+00 
1.392548237e+00 1.821842250e+00 1.924040871e+00 
1.297626747e+00 1.402647546e+00 1.585502217e+00 
1.257041251e+00 1.357418643e+00 1.550992867e+00 
1.401974052e+00 1.790954220e+00 1.924040871e+00 
1.526613440e+00 1.753998897e+00 1.928860613e+00 
1.331337325e+00 1.682846111e+00 1.836899942e+00 
1.350964737e+00 1.633756205e+00 1.836899942e+00 
1.533379907e+00 1.709321566e+00 1.928860613e+00 
1.123087159e+00 1.239382239e+00 1.356275304e+00 
1.510645376e+00 1.713182570e+00 1.912859071e+00 
1.355954757e+00 1.331494760e+00 1.568729516e+00 
1.584830339e+00 1.701599559e+00 1.912859071e+00 
1.032823021e+00 1.210700496e+00 1.337381916e+00 
1.508316700e+00 1.614451186e+00 1.841719684e+00 
1.032157685e+00 1.141753999e+00 1.206477733e+00 
1.190286094e+00 1.198565913e+00 1.321187584e+00 
1.235528942e+00 1.215664644e+00 1.409485252e+00 
1.062097804e+00 1.204633205e+00 1.282436861e+00 
1.392548237e+00 1.400441258e+00 1.673607095e+00 
1.302062542e+00 1.266960838e+00 1.458839406e+00 
1.066089820e+00 1.194153337e+00 1.316367843e+00 
1.308715902e+00 1.305570877e+00 1.475612107e+00 
1.030383899e+00 1.227247656e+00 1.289184500e+00 
1.200709914e+00 1.402095974e+00 1.583767110e+00 
1.194278110e+00 1.196359625e+00 1.404472720e+00 
1.066089820e+00 1.178709322e+00 1.245228456e+00 
1.022842981e+00 1.194704909e+00 1.158280316e+00 
1.280106454e+00 1.349145063e+00 1.529978793e+00 
1.062097804e+00 1.157749586e+00 1.227491806e+00 
1.086493679e+00 1.105901820e+00 1.211297474e+00 
1.138611444e+00 1.247104247e+00 1.370734529e+00 
1.026613440e+00 1.172642030e+00 1.202043570e+00 
1.127079175e+00 1.127964699e+00 1.294582610e+00 
1.325349301e+00 1.332046332e+00 1.563716985e+00 
1.199600798e+00 1.174848318e+00 1.299595142e+00 
1.077178975e+00 1.071152785e+00 1.159244265e+00 
1.006653360e+00 1.012134584e+00 1.135338346e+00 
1.110445775e+00 1.104798676e+00 1.245228456e+00 
1.000000000e+00 1.023166023e+00 1.000000000e+00 
1.006653360e+00 1.000000000e+00 1.000000000e+00 
1.000000000e+00 1.039161611e+00 1.075959129e+00 

1.946773120e+00 1.953116382e+00 1.928860613e+00 
1.363495010e+00 1.544953116e+00 1.732022364e+00 
1.355954757e+00 1.331494760e+00 1.568729516e+00 
1.465402528e+00 1.602316602e+00 1.823983035e+00 
1.105788423e+00 1.479316051e+00 1.577597841e+00 
1.387779774e+00 1.624931054e+00 1.785232312e+00 
1.387447106e+00 1.516271373e+00 1.744746482e+00 
1.238411843e+00 1.370656371e+00 1.556583767e+00 
1.257041251e+00 1.357418643e+00 1.550992867e+00 
1.262807718e+00 1.281853282e+00 1.480624639e+00 
1.361610113e+00 1.509652510e+00 1.714092925e+00 
1.190507651e+00 1.446773304e+00 1.622132254e+00 
1.301175649e+00 1.425261997e+00 1.660882977e+00 
1.149922156e+00 1.276889134e+00 1.392326971e+00 
1.268351963e+00 1.644787645e+00 1.807981492e+00 
1.527611444e+00 1.584114727e+00 1.807981492e+00 
1.190286094e+00 1.198565913e+00 1.321187584e+00 
1.260590153e+00 1.398234970e+00 1.577597841e+00 
1.174539587e+00 1.287920574e+00 1.480624639e+00 
1.095808383e+00 1.431880860e+00 1.572778099e+00 
1.135728543e+00 1.256480971e+00 1.391748602e+00 
1.313040585e+00 1.691671263e+00 1.895122421e+00 
1.062097804e+00 1.204633205e+00 1.282436861e+00 
1.184963407e+00 1.558742416e+00 1.732022364e+00 
1.147483034e+00 1.583011583e+00 1.659919028e+00 
1.332002661e+00 1.341974628e+00 1.534798535e+00 
1.161343979e+00 1.558742416e+00 1.664738770e+00 
1.292304059e+00 1.401544402e+00 1.639868903e+00 
1.104236194e+00 1.479867623e+00 1.588779641e+00 
1.147483034e+00 1.421400993e+00 1.577597841e+00 
1.401308716e+00 1.685603971e+00 1.895122421e+00 
1.191949434e+00 1.482625483e+00 1.664738770e+00 
1.383344644e+00 1.690016547e+00 1.895122421e+00 
1.161343979e+00 1.558190844e+00 1.659919028e+00 
1.166888224e+00 1.462217319e+00 1.625988047e+00 
1.161343979e+00 1.574186431e+00 1.735878157e+00 
1.242847638e+00 1.496414782e+00 1.677655678e+00 
1.415391218e+00 1.641478213e+00 1.807981492e+00 
1.432135729e+00 1.549917264e+00 1.748023906e+00 
1.349522954e+00 1.645890789e+00 1.819163293e+00 
1.158571524e+00 1.266409266e+00 1.409485252e+00 
1.150587492e+00 1.298400441e+00 1.446693657e+00 
1.116655356e+00 1.527302813e+00 1.648737228e+00 
1.241073187e+00 1.339216768e+00 1.529978793e+00 
1.100133067e+00 1.304467733e+00 1.413341045e+00 
1.113550898e+00 1.372311087e+00 1.572778099e+00 
1.061876248e+00 1.281301710e+00 1.409485252e+00 
1.463073852e+00 1.488692774e+00 1.715828032e+00 
1.066089820e+00 1.194153337e+00 1.316367843e+00 
1.278775782e+00 1.553778268e+00 1.736842105e+00 
1.478376580e+00 1.584666299e+00 1.765760555e+00 
1.414504325e+00 1.399338114e+00 1.639868903e+00 
1.066089820e+00 1.178709322e+00 1.245228456e+00 
1.435795077e+00 1.422504137e+00 1.644688645e+00 
1.570858283e+00 1.605074462e+00 1.836899942e+00 
1.061876248e+00 1.306122449e+00 1.501638712e+00 
1.032823021e+00 1.210700496e+00 1.337381916e+00 
1.032823021e+00 1.185879757e+00 1.245228456e+00 
1.146373919e+00 1.229453944e+00 1.370734529e+00 
1.211133067e+00 1.474903475e+00 1.639868903e+00 
1.543579508e+00 1.541643685e+00 1.765760555e+00 
1.579174983e+00 1.753998897e+00 1.912859071e+00 
1.850964737e+00 1.833425262e+00 1.924040871e+00 
1.572854291e+00 1.622724766e+00 1.841719684e+00 
1.493900865e+00 1.583011583e+00 1.760748024e+00 
1.215568862e+00 1.467181467e+00 1.660882977e+00 
1.420492349e+00 1.424158853e+00 1.660882977e+00 
1.030383899e+00 1.227247656e+00 1.289184500e+00 
1.491683300e+00 1.474351903e+00 1.673607095e+00 
1.381015968e+00 1.540540541e+00 1.727009832e+00 
1.349966733e+00 1.551020408e+00 1.732022364e+00 
1.026613440e+00 1.172642030e+00 1.202043570e+00 
1.343091816e+00 1.639823497e+00 1.748602275e+00 
1.506320692e+00 1.514616657e+00 1.744746482e+00 
1.447771124e+00 1.490347490e+00 1.732022364e+00 
1.062097804e+00 1.157749586e+00 1.227491806e+00 
1.512530273e+00 1.663541092e+00 1.841719684e+00 
1.032157685e+00 1.141753999e+00 1.206477733e+00 
1.347305389e+00 1.330943188e+00 1.529978793e+00 
1.055666667e+00 1.268063982e+00 1.366300366e+00 
1.235528942e+00 1.215664644e+00 1.409485252e+00 
1.022842981e+00 1.194704909e+00 1.158280316e+00 
1.147260812e+00 1.435741864e+00 1.577597841e+00 
1.000000000e+00 1.039161611e+00 1.075959129e+00 
1.199600798e+00 1.174848318e+00 1.299595142e+00 
1.086493679e+00 1.105901820e+00 1.211297474e+00 
1.383233533e+00 1.399889686e+00 1.639868903e+00 
1.051563540e+00 1.328185328e+00 1.408521303e+00 
1.302062542e+00 1.266960838e+00 1.458839406e+00 
1.110445775e+00 1.104798676e+00 1.245228456e+00 
1.315369261e+00 1.304467733e+00 1.485444380e+00 
1.127079175e+00 1.127964699e+00 1.294582610e+00 
1.194278110e+00 1.196359625e+00 1.404472720e+00 
1.000000000e+00 1.023166023e+00 1.000000000e+00 
1.006653360e+00 1.012134584e+00 1.135338346e+00 
1.077178975e+00 1.071152785e+00 1.159244265e+00 
1.006653360e+00 1.000000000e+00 1.000000000e+00 

1.337103792e+00 1.567015996e+00 1.748023906e+00 
1.255267465e+00 1.409266409e+00 1.577597841e+00 
1.202262142e+00 1.518477661e+00 1.588779641e+00 
1.066089820e+00 1.194153337e+00 1.316367843e+00 
1.558882236e+00 1.599007170e+00 1.836899942e+00 
1.464626081e+00 1.638168781e+00 1.836899942e+00 
1.429363273e+00 1.670711528e+00 1.852901484e+00 
1.540252828e+00 1.660783232e+00 1.852901484e+00 
1.555555556e+00 1.636514065e+00 1.836899942e+00 
1.536260812e+00 1.586872587e+00 1.820705610e+00 
1.216234198e+00 1.510755654e+00 1.612685560e+00 
1.049123752e+00 1.344732488e+00 1.360323887e+00 
1.331558882e+00 1.472697187e+00 1.744746482e+00 
1.061876248e+00 1.281301710e+00 1.409485252e+00 
1.305833001e+00 1.536679537e+00 1.736842105e+00 
1.314703925e+00 1.613348042e+00 1.819163293e+00 
1.260590153e+00 1.398234970e+00 1.577597841e+00 
1.090374584e+00 1.460011031e+00 1.480624639e+00 
1.087380572e+00 1.534473249e+00 1.524580682e+00 
1.147039255e+00 1.625482625e+00 1.683824947e+00 
1.314482369e+00 1.429123001e+00 1.660882977e+00 
1.509203593e+00 1.623827910e+00 1.831887411e+00 
1.200598802e+00 1.536679537e+00 1.612685560e+00 
1.204479707e+00 1.305570877e+00 1.475612107e+00 
1.140274784e+00 1.639271925e+00 1.735878157e+00 
1.098248170e+00 1.557087700e+00 1.572778099e+00 
1.128853626e+00 1.576944291e+00 1.654906497e+00 
1.266134398e+00 1.567567568e+00 1.748023906e+00 
1.389886893e+00 1.422504137e+00 1.655870445e+00 
1.125970060e+00 1.648097077e+00 1.732022364e+00 
1.399201597e+00 1.412575841e+00 1.644688645e+00 
1.098248170e+00 1.556536128e+00 1.567765568e+00 
1.095143047e+00 1.394925538e+00 1.453441296e+00 
1.119760479e+00 1.381687810e+00 1.572778099e+00 
1.087380572e+00 1.519029233e+00 1.453441296e+00 
1.408072522e+00 1.824048538e+00 1.924040871e+00 
1.157906188e+00 1.656922228e+00 1.748023906e+00 
1.409625416e+00 1.789851076e+00 1.924040871e+00 
1.098248170e+00 1.565912852e+00 1.588779641e+00 
1.098248170e+00 1.581356867e+00 1.659919028e+00 
1.305610778e+00 1.519580805e+00 1.727009832e+00 
1.125970060e+00 1.632653061e+00 1.660882977e+00 
1.733865602e+00 1.748483177e+00 1.928860613e+00 
1.335550898e+00 1.577495863e+00 1.802968961e+00 
1.553559548e+00 1.579702151e+00 1.820705610e+00 
1.306719894e+00 1.646442361e+00 1.836899942e+00 
1.157906188e+00 1.672366244e+00 1.819163293e+00 
1.479263473e+00 1.611141754e+00 1.820705610e+00 
1.100465735e+00 1.415885273e+00 1.480624639e+00 
1.055666667e+00 1.268063982e+00 1.366300366e+00 
1.174539587e+00 1.272476558e+00 1.409485252e+00 
1.100465735e+00 1.425261997e+00 1.501638712e+00 
1.362275449e+00 1.571428571e+00 1.802968961e+00 
1.252162342e+00 1.558190844e+00 1.732022364e+00 
1.100465735e+00 1.440706012e+00 1.572778099e+00 
1.241073187e+00 1.339216768e+00 1.529978793e+00 
1.205588822e+00 1.515168229e+00 1.612685560e+00 
1.429141717e+00 1.424710425e+00 1.673607095e+00 
1.062097804e+00 1.204633205e+00 1.282436861e+00 
1.051563540e+00 1.328185328e+00 1.408521303e+00 
1.066089820e+00 1.178709322e+00 1.245228456e+00 
1.123087159e+00 1.239382239e+00 1.356275304e+00 
1.308272122e+00 1.407611693e+00 1.639868903e+00 
1.414504325e+00 1.399338114e+00 1.639868903e+00 
1.106453759e+00 1.309431881e+00 1.501638712e+00 
1.264359947e+00 1.404302261e+00 1.634856372e+00 
1.355954757e+00 1.333701048e+00 1.568729516e+00 
1.057884232e+00 1.305570877e+00 1.424522846e+00 
1.150587492e+00 1.298400441e+00 1.446693657e+00 
1.347526946e+00 1.490899062e+00 1.765760555e+00 
1.251497006e+00 1.374517375e+00 1.550992867e+00 
1.325349301e+00 1.332046332e+00 1.563716985e+00 
1.146373919e+00 1.229453944e+00 1.370734529e+00 
1.071856287e+00 1.354660783e+00 1.442259495e+00 
1.032823021e+00 1.210700496e+00 1.337381916e+00 
1.026613440e+00 1.172642030e+00 1.202043570e+00 
1.030383899e+00 1.227247656e+00 1.289184500e+00 
1.235528942e+00 1.215664644e+00 1.409485252e+00 
1.225992681e+00 1.442912300e+00 1.660882977e+00 
1.302062542e+00 1.266960838e+00 1.458839406e+00 
1.062097804e+00 1.157749586e+00 1.227491806e+00 
1.257041251e+00 1.357418643e+00 1.550992867e+00 
1.190286094e+00 1.198565913e+00 1.321187584e+00 
1.106009980e+00 1.328736900e+00 1.462887989e+00 
1.138611444e+00 1.247104247e+00 1.370734529e+00 
1.194278110e+00 1.196359625e+00 1.404472720e+00 
1.032823021e+00 1.185879757e+00 1.245228456e+00 
1.110445775e+00 1.104798676e+00 1.245228456e+00 
1.135728543e+00 1.256480971e+00 1.391748602e+00 
1.127079175e+00 1.127964699e+00 1.294582610e+00 
1.199600798e+00 1.174848318e+00 1.299595142e+00 
1.000000000e+00 1.023166023e+00 1.000000000e+00 
1.022842981e+00 1.194704909e+00 1.158280316e+00 
1.086493679e+00 1.105901820e+00 1.211297474e+00 
1.000000000e+00 1.039161611e+00 1.075959129e+00 
1.006653360e+00 1.012134584e+00 1.135338346e+00 
1.006653360e+00 1.000000000e+00 1.000000000e+00 
1.032157685e+00 1.141753999e+00 1.206477733e+00 
1.077178975e+00 1.071152785e+00 1.159244265e+00 

1.176868263e+00 1.667402096e+00 1.748023906e+00 
1.537591484e+00 1.514065085e+00 1.744746482e+00 
1.518075183e+00 1.698290127e+00 1.895122421e+00 
1.205588822e+00 1.527302813e+00 1.748023906e+00 
1.226879574e+00 1.415885273e+00 1.550992867e+00 
1.348303393e+00 1.760066189e+00 1.895122421e+00 
1.597691284e+00 1.778819636e+00 1.928860613e+00 
1.098248170e+00 1.581356867e+00 1.659919028e+00 
1.493013972e+00 1.603419746e+00 1.807981492e+00 
1.032823021e+00 1.210700496e+00 1.337381916e+00 
1.154801730e+00 1.485934915e+00 1.612685560e+00 
1.462852295e+00 1.724214010e+00 1.895122421e+00 
1.278997339e+00 1.397683398e+00 1.639868903e+00 
1.236194278e+00 1.438499724e+00 1.577597841e+00 
1.363938789e+00 1.656370656e+00 1.823983035e+00 
1.493790419e+00 1.821842250e+00 1.928860613e+00 
1.483920825e+00 1.603419746e+00 1.802968961e+00 
1.359725216e+00 1.493105350e+00 1.732022364e+00 
1.268130406e+00 1.426916713e+00 1.638133796e+00 
1.206032601e+00 1.419746277e+00 1.562753036e+00 
1.096917498e+00 1.565361280e+00 1.545016387e+00 
1.561324019e+00 1.719249862e+00 1.924040871e+00 
1.324240186e+00 1.425813569e+00 1.660882977e+00 
1.444000665e+00 1.828461114e+00 1.924040871e+00 
1.063428476e+00 1.210148924e+00 1.256988625e+00 
1.061876248e+00 1.281301710e+00 1.409485252e+00 
1.066089820e+00 1.178709322e+00 1.245228456e+00 
1.271789754e+00 1.509100938e+00 1.732022364e+00 
1.534264804e+00 1.602868174e+00 1.785232312e+00 
1.339432468e+00 1.664644236e+00 1.823983035e+00 
1.558216900e+00 1.603971318e+00 1.819163293e+00 
1.188511643e+00 1.432984004e+00 1.572778099e+00 
1.438234864e+00 1.604522890e+00 1.819163293e+00 
1.292304059e+00 1.682846111e+00 1.819163293e+00 
1.275449102e+00 1.381687810e+00 1.572778099e+00 
1.190286094e+00 1.198565913e+00 1.321187584e+00 
1.176868263e+00 1.643132929e+00 1.660882977e+00 
1.311931470e+00 1.633756205e+00 1.819163293e+00 
1.420492349e+00 1.719249862e+00 1.852901484e+00 
1.345974717e+00 1.661334804e+00 1.823983035e+00 
1.443779108e+00 1.478764479e+00 1.715828032e+00 
1.517852961e+00 1.685052399e+00 1.852901484e+00 
1.238411843e+00 1.370656371e+00 1.556583767e+00 
1.477711244e+00 1.560397132e+00 1.765760555e+00 
1.489687292e+00 1.707666851e+00 1.836899942e+00 
1.032823021e+00 1.185879757e+00 1.245228456e+00 
1.100465735e+00 1.440706012e+00 1.572778099e+00 
1.123087159e+00 1.239382239e+00 1.356275304e+00 
1.158571524e+00 1.281853282e+00 1.480624639e+00 
1.197272122e+00 1.442912300e+00 1.660882977e+00 
1.061876248e+00 1.306122449e+00 1.501638712e+00 
1.066089820e+00 1.194153337e+00 1.316367843e+00 
1.225992681e+00 1.418091561e+00 1.568729516e+00 
1.325349301e+00 1.332046332e+00 1.563716985e+00 
1.380350632e+00 1.600110314e+00 1.765760555e+00 
1.135728543e+00 1.256480971e+00 1.391748602e+00 
1.392548237e+00 1.400441258e+00 1.673607095e+00 
1.158571524e+00 1.266409266e+00 1.409485252e+00 
1.176092482e+00 1.386100386e+00 1.525544631e+00 
1.347305389e+00 1.330943188e+00 1.529978793e+00 
1.302062542e+00 1.266960838e+00 1.458839406e+00 
1.138611444e+00 1.247104247e+00 1.370734529e+00 
1.355954757e+00 1.331494760e+00 1.568729516e+00 
1.235528942e+00 1.215664644e+00 1.409485252e+00 
1.146373919e+00 1.229453944e+00 1.370734529e+00 
1.504990020e+00 1.607832322e+00 1.836899942e+00 
1.022842981e+00 1.194704909e+00 1.158280316e+00 
1.194278110e+00 1.196359625e+00 1.404472720e+00 
1.062097804e+00 1.157749586e+00 1.227491806e+00 
1.199600798e+00 1.174848318e+00 1.299595142e+00 
1.266799734e+00 1.345284060e+00 1.529978793e+00 
1.110445775e+00 1.104798676e+00 1.245228456e+00 
1.086493679e+00 1.105901820e+00 1.211297474e+00 
1.055666667e+00 1.268063982e+00 1.366300366e+00 
1.331669993e+00 1.493105350e+00 1.664738770e+00 
1.032157685e+00 1.141753999e+00 1.206477733e+00 
1.026613440e+00 1.172642030e+00 1.202043570e+00 
1.127079175e+00 1.127964699e+00 1.294582610e+00 
1.006653360e+00 1.000000000e+00 1.000000000e+00 
1.006653360e+00 1.012134584e+00 1.135338346e+00 
1.000000000e+00 1.023166023e+00 1.000000000e+00 
1.077178975e+00 1.071152785e+00 1.159244265e+00 
1.000000000e+00 1.039161611e+00 1.075959129e+00 
