1.518679724e+00 1.486228814e+00 1.656908064e+00 
1.517228872e+00 1.488347458e+00 1.656908064e+00 
1.338290170e+00 1.489406780e+00 1.679506934e+00 
1.279289082e+00 1.519067797e+00 1.679506934e+00 
1.534155241e+00 1.597457627e+00 1.769731210e+00 
1.458469351e+00 1.618114407e+00 1.769731210e+00 
1.583968081e+00 1.584216102e+00 1.769731210e+00 
1.457018498e+00 1.625529661e+00 1.769731210e+00 
1.294523032e+00 1.718220339e+00 1.772299264e+00 
1.590496917e+00 1.574682203e+00 1.769731210e+00 
1.582517229e+00 1.592690678e+00 1.769731210e+00 
1.574051505e+00 1.596927966e+00 1.769731210e+00 
1.497883932e+00 1.634004237e+00 1.772299264e+00 
1.343126587e+00 1.643538136e+00 1.772299264e+00 
1.342038448e+00 1.656779661e+00 1.772299264e+00 
1.305645992e+00 1.668961864e+00 1.772299264e+00 
1.304557853e+00 1.682203390e+00 1.772299264e+00 
1.315318825e+00 1.655720339e+00 1.686355076e+00 
1.252689880e+00 1.652012712e+00 1.682074987e+00 
1.442268408e+00 1.563559322e+00 1.683787023e+00 
1.421956474e+00 1.567796610e+00 1.683787023e+00 
1.290170475e+00 1.626588983e+00 1.682074987e+00 
1.269858542e+00 1.570444915e+00 1.659476117e+00 
1.331519768e+00 1.575211864e+00 1.686355076e+00 
1.563895539e+00 1.579978814e+00 1.705187468e+00 
1.569698948e+00 1.568855932e+00 1.705187468e+00 
1.007254262e+00 1.023305085e+00 1.112823147e+00 
1.052230686e+00 1.054555085e+00 1.162985790e+00 
1.106637650e+00 1.127648305e+00 1.198767334e+00 
1.000000000e+00 1.046080508e+00 1.133025167e+00 
1.000000000e+00 1.022245763e+00 1.000000000e+00 
1.007254262e+00 1.000000000e+00 1.000000000e+00 
1.361262242e+00 1.351694915e+00 1.454545455e+00 
1.388103011e+00 1.364406780e+00 1.502140045e+00 
1.296215452e+00 1.386652542e+00 1.502140045e+00 
1.404062387e+00 1.346927966e+00 1.407464475e+00 
1.250513602e+00 1.634004237e+00 1.613764766e+00 
1.245435618e+00 1.400423729e+00 1.566683787e+00 
1.304195140e+00 1.402542373e+00 1.614963191e+00 
1.243259340e+00 1.413135593e+00 1.520972436e+00 
1.263813565e+00 1.440148305e+00 1.593562746e+00 
1.220529561e+00 1.436440678e+00 1.566683787e+00 
1.267682263e+00 1.257944915e+00 1.360554700e+00 
1.195865071e+00 1.219279661e+00 1.321520288e+00 
1.300810301e+00 1.356461864e+00 1.366033213e+00 
1.150163221e+00 1.134004237e+00 1.260229413e+00 
1.117519042e+00 1.133474576e+00 1.248929978e+00 
1.175311571e+00 1.273305085e+00 1.321520288e+00 
1.317252811e+00 1.322033898e+00 1.366033213e+00 
1.229718535e+00 1.376059322e+00 1.366033213e+00 
1.158142909e+00 1.171080508e+00 1.296010957e+00 

1.254866159e+00 1.458156780e+00 1.653997603e+00 
1.217386289e+00 1.483580508e+00 1.653997603e+00 
1.382541168e+00 1.486228814e+00 1.679678137e+00 
1.381815742e+00 1.500000000e+00 1.679678137e+00 
1.294764599e+00 1.543432203e+00 1.679678137e+00 
1.293797606e+00 1.509533898e+00 1.679506934e+00 
1.491355096e+00 1.629237288e+00 1.902756377e+00 
1.384717446e+00 1.645127119e+00 1.902756377e+00 
1.305404425e+00 1.706567797e+00 1.902756377e+00 
1.336597751e+00 1.672139831e+00 1.902756377e+00 
1.347237577e+00 1.670550847e+00 1.902756377e+00 
1.251239028e+00 1.571504237e+00 1.744221880e+00 
1.288719623e+00 1.546080508e+00 1.744221880e+00 
1.290895901e+00 1.564088983e+00 1.812532101e+00 
1.369241930e+00 1.566207627e+00 1.816812190e+00 
1.264538992e+00 1.606991525e+00 1.812532101e+00 
1.436948132e+00 1.560911017e+00 1.838212635e+00 
1.321122234e+00 1.593220339e+00 1.816812190e+00 
1.475879579e+00 1.550317797e+00 1.816812190e+00 
1.418087051e+00 1.556144068e+00 1.789933231e+00 
1.372627494e+00 1.613347458e+00 1.838212635e+00 
1.007254262e+00 1.023305085e+00 1.112823147e+00 
1.052230686e+00 1.054555085e+00 1.162985790e+00 
1.000000000e+00 1.022245763e+00 1.000000000e+00 
1.000000000e+00 1.046080508e+00 1.133025167e+00 
1.007254262e+00 1.000000000e+00 1.000000000e+00 
1.127433442e+00 1.295550847e+00 1.381955145e+00 
1.211340588e+00 1.313559322e+00 1.502140045e+00 
1.195865071e+00 1.234639831e+00 1.416195857e+00 
1.150163221e+00 1.134004237e+00 1.260229413e+00 
1.177003990e+00 1.146186441e+00 1.271357644e+00 
1.136621690e+00 1.245762712e+00 1.343605547e+00 
1.110264781e+00 1.250529661e+00 1.343605547e+00 
1.181598114e+00 1.385063559e+00 1.541174456e+00 
1.215451578e+00 1.472987288e+00 1.631398733e+00 
1.280256075e+00 1.400953390e+00 1.589453861e+00 
1.273244106e+00 1.467161017e+00 1.658277692e+00 
1.239390642e+00 1.379237288e+00 1.568053416e+00 
1.325957925e+00 1.509004237e+00 1.679678137e+00 
1.256317011e+00 1.534957627e+00 1.679506934e+00 
1.318703663e+00 1.473516949e+00 1.679506934e+00 
1.242776206e+00 1.426377119e+00 1.589453861e+00 

1.000000000e+00 1.022245763e+00 1.000000000e+00 
1.007254262e+00 1.000000000e+00 1.000000000e+00 
1.455688792e+00 1.744703390e+00 1.724191063e+00 
1.456776931e+00 1.720338983e+00 1.724191063e+00 
1.454116794e+00 1.468220339e+00 1.716486903e+00 
1.448313384e+00 1.470338983e+00 1.716486903e+00 
1.393180994e+00 1.488877119e+00 1.716486903e+00 
1.301293435e+00 1.603813559e+00 1.716486903e+00 
1.300205296e+00 1.617055085e+00 1.716486903e+00 
1.297303591e+00 1.635063559e+00 1.716486903e+00 
1.327651070e+00 1.560911017e+00 1.716486903e+00 
1.326562931e+00 1.574152542e+00 1.716486903e+00 
1.312295974e+00 1.583156780e+00 1.716486903e+00 
1.508886471e+00 1.681144068e+00 1.724191063e+00 
1.463547334e+00 1.681673729e+00 1.724191063e+00 
1.652520856e+00 1.670550847e+00 1.724191063e+00 
1.683351469e+00 1.645127119e+00 1.724191063e+00 
1.682626043e+00 1.655720339e+00 1.724191063e+00 
1.678273486e+00 1.670021186e+00 1.724191063e+00 
1.209406601e+00 1.332627119e+00 1.382468755e+00 
1.242292347e+00 1.309851695e+00 1.382468755e+00 
1.295248458e+00 1.245762712e+00 1.434343434e+00 
1.140974247e+00 1.206567797e+00 1.361753124e+00 
1.103494378e+00 1.231991525e+00 1.361753124e+00 
1.289807762e+00 1.361758475e+00 1.529019004e+00 
1.348204570e+00 1.323622881e+00 1.529019004e+00 
1.295248458e+00 1.551906780e+00 1.603663756e+00 
1.272518680e+00 1.525953390e+00 1.557952405e+00 
1.369604643e+00 1.433262712e+00 1.626262626e+00 
1.321122234e+00 1.424788136e+00 1.619243280e+00 
1.318462096e+00 1.421080508e+00 1.557952405e+00 
1.460645629e+00 1.408898305e+00 1.621811334e+00 
1.319912949e+00 1.415783898e+00 1.603663756e+00 
1.356184258e+00 1.388771186e+00 1.619243280e+00 
1.361262242e+00 1.379237288e+00 1.603663756e+00 
1.121146173e+00 1.166843220e+00 1.257661359e+00 
1.125498731e+00 1.127648305e+00 1.275808937e+00 
1.221980413e+00 1.172669492e+00 1.321520288e+00 
1.052230686e+00 1.054555085e+00 1.162985790e+00 
1.007254262e+00 1.023305085e+00 1.112823147e+00 
1.000000000e+00 1.046080508e+00 1.133025167e+00 

1.000000000e+00 1.022245763e+00 1.000000000e+00 
1.007254262e+00 1.000000000e+00 1.000000000e+00 
1.455688792e+00 1.744703390e+00 1.724191063e+00 
1.456776931e+00 1.720338983e+00 1.724191063e+00 
1.454116794e+00 1.468220339e+00 1.716486903e+00 
1.448313384e+00 1.470338983e+00 1.716486903e+00 
1.393180994e+00 1.488877119e+00 1.716486903e+00 
1.301293435e+00 1.603813559e+00 1.716486903e+00 
1.300205296e+00 1.617055085e+00 1.716486903e+00 
1.297303591e+00 1.635063559e+00 1.716486903e+00 
1.327651070e+00 1.560911017e+00 1.716486903e+00 
1.326562931e+00 1.574152542e+00 1.716486903e+00 
1.312295974e+00 1.583156780e+00 1.716486903e+00 
1.508886471e+00 1.681144068e+00 1.724191063e+00 
1.463547334e+00 1.681673729e+00 1.724191063e+00 
1.652520856e+00 1.670550847e+00 1.724191063e+00 
1.683351469e+00 1.645127119e+00 1.724191063e+00 
1.682626043e+00 1.655720339e+00 1.724191063e+00 
1.678273486e+00 1.670021186e+00 1.724191063e+00 
1.209406601e+00 1.332627119e+00 1.382468755e+00 
1.242292347e+00 1.309851695e+00 1.382468755e+00 
1.295248458e+00 1.245762712e+00 1.434343434e+00 
1.140974247e+00 1.206567797e+00 1.361753124e+00 
1.103494378e+00 1.231991525e+00 1.361753124e+00 
1.289807762e+00 1.361758475e+00 1.529019004e+00 
1.348204570e+00 1.323622881e+00 1.529019004e+00 
1.295248458e+00 1.551906780e+00 1.603663756e+00 
1.272518680e+00 1.525953390e+00 1.557952405e+00 
1.369604643e+00 1.433262712e+00 1.626262626e+00 
1.321122234e+00 1.424788136e+00 1.619243280e+00 
1.318462096e+00 1.421080508e+00 1.557952405e+00 
1.460645629e+00 1.408898305e+00 1.621811334e+00 
1.319912949e+00 1.415783898e+00 1.603663756e+00 
1.356184258e+00 1.388771186e+00 1.619243280e+00 
1.361262242e+00 1.379237288e+00 1.603663756e+00 
1.121146173e+00 1.166843220e+00 1.257661359e+00 
1.125498731e+00 1.127648305e+00 1.275808937e+00 
1.221980413e+00 1.172669492e+00 1.321520288e+00 
1.052230686e+00 1.054555085e+00 1.162985790e+00 
1.007254262e+00 1.023305085e+00 1.112823147e+00 
1.000000000e+00 1.046080508e+00 1.133025167e+00 

1.418087051e+00 1.556144068e+00 1.789933231e+00 
1.269616975e+00 1.608050847e+00 1.789933231e+00 
1.311449402e+00 1.572033898e+00 1.789933231e+00 
1.185709104e+00 1.158368644e+00 1.248758774e+00 
1.169024302e+00 1.166313559e+00 1.291559664e+00 
1.195865071e+00 1.154661017e+00 1.255778120e+00 
1.158142909e+00 1.171080508e+00 1.296010957e+00 
1.140974247e+00 1.206567797e+00 1.361753124e+00 
1.103494378e+00 1.231991525e+00 1.361753124e+00 
1.456293072e+00 1.424258475e+00 1.613764766e+00 
1.335872325e+00 1.438029661e+00 1.613764766e+00 
1.449038810e+00 1.427966102e+00 1.613764766e+00 
1.454116794e+00 1.450741525e+00 1.619243280e+00 
1.448313384e+00 1.452860169e+00 1.619243280e+00 
1.402611534e+00 1.477224576e+00 1.703989043e+00 
1.363680087e+00 1.487817797e+00 1.725389488e+00 
1.215451578e+00 1.472987288e+00 1.631398733e+00 
1.336839318e+00 1.514830508e+00 1.725389488e+00 
1.295973885e+00 1.493114407e+00 1.703989043e+00 
1.217627856e+00 1.490995763e+00 1.699708954e+00 
1.254140733e+00 1.529131356e+00 1.703989043e+00 
1.113891911e+00 1.201271186e+00 1.183187810e+00 
1.052230686e+00 1.054555085e+00 1.162985790e+00 
1.000000000e+00 1.046080508e+00 1.133025167e+00 
1.007254262e+00 1.000000000e+00 1.000000000e+00 
1.007254262e+00 1.023305085e+00 1.112823147e+00 
1.000000000e+00 1.022245763e+00 1.000000000e+00 
1.114980051e+00 1.176906780e+00 1.183187810e+00 
1.229960102e+00 1.302436441e+00 1.416195857e+00 
1.183532826e+00 1.323622881e+00 1.456428694e+00 
1.209889735e+00 1.318855932e+00 1.456428694e+00 

1.327771491e+00 1.531250000e+00 1.732408834e+00 
1.289445049e+00 1.648834746e+00 1.717856531e+00 
1.325957925e+00 1.673728814e+00 1.722136620e+00 
1.336113892e+00 1.604343220e+00 1.815100154e+00 
1.383750453e+00 1.586864407e+00 1.815100154e+00 
1.411316649e+00 1.507944915e+00 1.729155966e+00 
1.532462822e+00 1.507415254e+00 1.729155966e+00 
1.404787813e+00 1.525423729e+00 1.729155966e+00 
1.499818643e+00 1.502118644e+00 1.717856531e+00 
1.450005803e+00 1.506885593e+00 1.717856531e+00 
1.402853101e+00 1.536016949e+00 1.750556412e+00 
1.450489663e+00 1.518538136e+00 1.750556412e+00 
1.310482408e+00 1.513771186e+00 1.702277007e+00 
1.000000000e+00 1.022245763e+00 1.000000000e+00 
1.007254262e+00 1.000000000e+00 1.000000000e+00 
1.000000000e+00 1.046080508e+00 1.133025167e+00 
1.007254262e+00 1.023305085e+00 1.112823147e+00 
1.052230686e+00 1.054555085e+00 1.162985790e+00 
1.106637650e+00 1.127648305e+00 1.198767334e+00 
1.067706202e+00 1.133474576e+00 1.248929978e+00 
1.392455568e+00 1.341101695e+00 1.531587057e+00 
1.270825535e+00 1.531779661e+00 1.656565657e+00 
1.353886834e+00 1.469279661e+00 1.637733265e+00 
1.316527385e+00 1.429555085e+00 1.635165211e+00 
1.301777294e+00 1.525423729e+00 1.652114364e+00 
1.377221618e+00 1.445444915e+00 1.637733265e+00 
1.301051868e+00 1.402542373e+00 1.592021914e+00 
1.253052593e+00 1.463453390e+00 1.573874337e+00 
1.292951034e+00 1.435911017e+00 1.599383667e+00 
1.365614799e+00 1.409427966e+00 1.617531245e+00 
1.253415306e+00 1.420021186e+00 1.592021914e+00 
1.478055858e+00 1.439618644e+00 1.664612224e+00 
1.395598839e+00 1.438559322e+00 1.653312789e+00 
1.445411679e+00 1.433792373e+00 1.653312789e+00 
1.434530287e+00 1.423199153e+00 1.631912344e+00 
1.216902430e+00 1.559851695e+00 1.605033385e+00 
1.245194052e+00 1.441207627e+00 1.543742510e+00 
1.169024302e+00 1.166313559e+00 1.291559664e+00 
1.324990932e+00 1.271716102e+00 1.411744564e+00 
1.323540080e+00 1.273834746e+00 1.411744564e+00 

1.327771491e+00 1.531250000e+00 1.732408834e+00 
1.289445049e+00 1.648834746e+00 1.717856531e+00 
1.325957925e+00 1.673728814e+00 1.722136620e+00 
1.336113892e+00 1.604343220e+00 1.815100154e+00 
1.383750453e+00 1.586864407e+00 1.815100154e+00 
1.411316649e+00 1.507944915e+00 1.729155966e+00 
1.532462822e+00 1.507415254e+00 1.729155966e+00 
1.404787813e+00 1.525423729e+00 1.729155966e+00 
1.499818643e+00 1.502118644e+00 1.717856531e+00 
1.450005803e+00 1.506885593e+00 1.717856531e+00 
1.402853101e+00 1.536016949e+00 1.750556412e+00 
1.450489663e+00 1.518538136e+00 1.750556412e+00 
1.310482408e+00 1.513771186e+00 1.702277007e+00 
1.000000000e+00 1.022245763e+00 1.000000000e+00 
1.007254262e+00 1.000000000e+00 1.000000000e+00 
1.000000000e+00 1.046080508e+00 1.133025167e+00 
1.007254262e+00 1.023305085e+00 1.112823147e+00 
1.052230686e+00 1.054555085e+00 1.162985790e+00 
1.106637650e+00 1.127648305e+00 1.198767334e+00 
1.067706202e+00 1.133474576e+00 1.248929978e+00 
1.392455568e+00 1.341101695e+00 1.531587057e+00 
1.270825535e+00 1.531779661e+00 1.656565657e+00 
1.353886834e+00 1.469279661e+00 1.637733265e+00 
1.316527385e+00 1.429555085e+00 1.635165211e+00 
1.301777294e+00 1.525423729e+00 1.652114364e+00 
1.377221618e+00 1.445444915e+00 1.637733265e+00 
1.301051868e+00 1.402542373e+00 1.592021914e+00 
1.253052593e+00 1.463453390e+00 1.573874337e+00 
1.292951034e+00 1.435911017e+00 1.599383667e+00 
1.365614799e+00 1.409427966e+00 1.617531245e+00 
1.253415306e+00 1.420021186e+00 1.592021914e+00 
1.478055858e+00 1.439618644e+00 1.664612224e+00 
1.395598839e+00 1.438559322e+00 1.653312789e+00 
1.445411679e+00 1.433792373e+00 1.653312789e+00 
1.434530287e+00 1.423199153e+00 1.631912344e+00 
1.216902430e+00 1.559851695e+00 1.605033385e+00 
1.245194052e+00 1.441207627e+00 1.543742510e+00 
1.169024302e+00 1.166313559e+00 1.291559664e+00 
1.324990932e+00 1.271716102e+00 1.411744564e+00 
1.323540080e+00 1.273834746e+00 1.411744564e+00 

1.007254262e+00 1.000000000e+00 1.000000000e+00 
1.007254262e+00 1.023305085e+00 1.112823147e+00 
1.000000000e+00 1.046080508e+00 1.133025167e+00 
1.000000000e+00 1.022245763e+00 1.000000000e+00 
1.244952485e+00 1.376059322e+00 1.504708098e+00 
1.292346754e+00 1.336334746e+00 1.504708098e+00 
1.283883206e+00 1.465572034e+00 1.549221024e+00 
1.269133116e+00 1.517478814e+00 1.549221024e+00 
1.217143997e+00 1.400423729e+00 1.458996747e+00 
1.276628945e+00 1.368644068e+00 1.451977401e+00 
1.319912949e+00 1.257415254e+00 1.418763910e+00 
1.415185346e+00 1.426377119e+00 1.549221024e+00 
1.287268770e+00 1.251588983e+00 1.407464475e+00 
1.309998549e+00 1.437500000e+00 1.549221024e+00 
1.052230686e+00 1.054555085e+00 1.162985790e+00 
1.106637650e+00 1.127648305e+00 1.198767334e+00 
1.122597026e+00 1.212923729e+00 1.346173600e+00 
1.150163221e+00 1.134004237e+00 1.260229413e+00 
1.117519042e+00 1.133474576e+00 1.248929978e+00 
1.780558578e+00 1.782309322e+00 1.905324431e+00 
1.774029742e+00 1.671080508e+00 1.725389488e+00 
1.696409140e+00 1.579449153e+00 1.613764766e+00 
1.760972071e+00 1.722987288e+00 1.837014210e+00 
1.577439246e+00 1.648834746e+00 1.631398733e+00 
1.605730867e+00 1.642478814e+00 1.592364321e+00 
1.614435981e+00 1.552966102e+00 1.593733950e+00 
1.844396083e+00 1.695974576e+00 1.729155966e+00 

1.007254262e+00 1.000000000e+00 1.000000000e+00 
1.000000000e+00 1.022245763e+00 1.000000000e+00 
1.358118970e+00 1.549788136e+00 1.638246876e+00 
1.360899528e+00 1.487288136e+00 1.642698168e+00 
1.265505985e+00 1.306673729e+00 1.445129259e+00 
1.229234675e+00 1.337394068e+00 1.457798322e+00 
1.286543344e+00 1.306144068e+00 1.455230269e+00 
1.238665216e+00 1.385593220e+00 1.552473891e+00 
1.443235401e+00 1.444915254e+00 1.580551275e+00 
1.370692782e+00 1.423199153e+00 1.578154426e+00 
1.315560392e+00 1.430084746e+00 1.578154426e+00 
1.343852013e+00 1.340572034e+00 1.494607088e+00 
1.236851650e+00 1.384533898e+00 1.479712378e+00 
1.348929996e+00 1.328389831e+00 1.487930149e+00 
1.323540080e+00 1.367584746e+00 1.487930149e+00 
1.490388103e+00 1.475105932e+00 1.638246876e+00 
1.067706202e+00 1.133474576e+00 1.248929978e+00 
1.150163221e+00 1.134004237e+00 1.260229413e+00 
1.121146173e+00 1.166843220e+00 1.257661359e+00 
1.241566921e+00 1.331038136e+00 1.419448725e+00 
1.155241204e+00 1.346398305e+00 1.419448725e+00 
1.169024302e+00 1.251588983e+00 1.322205102e+00 
1.268407690e+00 1.243114407e+00 1.368601267e+00 
1.255350018e+00 1.250529661e+00 1.393254580e+00 
1.258977149e+00 1.231461864e+00 1.361581921e+00 
1.261878854e+00 1.255296610e+00 1.404382811e+00 
1.169024302e+00 1.166313559e+00 1.291559664e+00 
1.158142909e+00 1.171080508e+00 1.296010957e+00 
1.140974247e+00 1.181673729e+00 1.275808937e+00 
1.177003990e+00 1.146186441e+00 1.271357644e+00 
1.213275299e+00 1.328919492e+00 1.389488101e+00 
1.525208560e+00 1.575741525e+00 1.664612224e+00 
1.466449039e+00 1.828919492e+00 2.000000000e+00 
1.481924556e+00 1.777012712e+00 2.000000000e+00 
1.663278926e+00 1.759004237e+00 2.000000000e+00 
1.604519405e+00 1.689618644e+00 1.887176853e+00 
1.391730141e+00 1.761122881e+00 1.841465502e+00 
1.483012695e+00 1.729343220e+00 1.887176853e+00 
1.475879579e+00 1.587394068e+00 1.801232666e+00 
1.559303591e+00 1.523305085e+00 1.703989043e+00 
1.478660138e+00 1.742055085e+00 1.909775723e+00 
1.469713457e+00 1.759004237e+00 1.887176853e+00 
1.467537178e+00 1.781250000e+00 1.887176853e+00 
1.590496917e+00 1.703389831e+00 1.909775723e+00 
1.052230686e+00 1.054555085e+00 1.162985790e+00 
1.007254262e+00 1.023305085e+00 1.112823147e+00 
1.000000000e+00 1.046080508e+00 1.133025167e+00 
1.098657962e+00 1.120233051e+00 1.210066769e+00 

1.052230686e+00 1.054555085e+00 1.162985790e+00 
1.000000000e+00 1.022245763e+00 1.000000000e+00 
1.007254262e+00 1.000000000e+00 1.000000000e+00 
1.000000000e+00 1.046080508e+00 1.133025167e+00 
1.007254262e+00 1.023305085e+00 1.112823147e+00 
1.067706202e+00 1.133474576e+00 1.248929978e+00 
1.150163221e+00 1.134004237e+00 1.260229413e+00 
1.339983315e+00 1.423728814e+00 1.456428694e+00 
1.283157780e+00 1.350105932e+00 1.446498887e+00 
1.332970620e+00 1.336864407e+00 1.446498887e+00 
1.377463185e+00 1.398305085e+00 1.456428694e+00 
1.393906420e+00 1.376059322e+00 1.456428694e+00 
1.252689880e+00 1.425847458e+00 1.446498887e+00 
1.158142909e+00 1.171080508e+00 1.296010957e+00 
1.169024302e+00 1.166313559e+00 1.291559664e+00 
1.300326442e+00 1.262711864e+00 1.304742339e+00 
1.242776206e+00 1.340042373e+00 1.370484506e+00 
1.322089227e+00 1.317266949e+00 1.373052559e+00 
1.302502720e+00 1.257415254e+00 1.350453689e+00 
1.328618063e+00 1.299788136e+00 1.373052559e+00 
1.358481683e+00 1.636652542e+00 1.801232666e+00 
1.359569822e+00 1.623411017e+00 1.801232666e+00 
1.402007254e+00 1.619173729e+00 1.801232666e+00 
1.440454842e+00 1.604872881e+00 1.801232666e+00 
1.474066014e+00 1.582097458e+00 1.801232666e+00 
1.439124411e+00 1.470338983e+00 1.630713919e+00 
1.459436344e+00 1.463453390e+00 1.630713919e+00 
1.475154153e+00 1.459745763e+00 1.630713919e+00 
1.494740660e+00 1.454978814e+00 1.630713919e+00 
1.350018136e+00 1.479343220e+00 1.638246876e+00 
1.316406964e+00 1.502118644e+00 1.638246876e+00 
1.358723250e+00 1.422139831e+00 1.543571306e+00 
1.399468263e+00 1.547669492e+00 1.703989043e+00 
1.397291984e+00 1.543432203e+00 1.668207499e+00 
1.398621690e+00 1.514300847e+00 1.642698168e+00 
1.322451941e+00 1.530720339e+00 1.642698168e+00 
1.406601378e+00 1.516949153e+00 1.711008389e+00 
1.296457744e+00 1.568855932e+00 1.711008389e+00 
1.435618426e+00 1.609639831e+00 1.801232666e+00 
1.419296337e+00 1.515360169e+00 1.736688923e+00 
1.446137106e+00 1.488347458e+00 1.736688923e+00 

1.000000000e+00 1.022245763e+00 1.000000000e+00 
1.007254262e+00 1.000000000e+00 1.000000000e+00 
1.479385564e+00 1.684851695e+00 1.819380243e+00 
1.527022125e+00 1.667372881e+00 1.819380243e+00 
1.528472978e+00 1.652012712e+00 1.819380243e+00 
1.480836416e+00 1.669491525e+00 1.819380243e+00 
1.548059485e+00 1.630826271e+00 1.819380243e+00 
1.549510337e+00 1.615466102e+00 1.819380243e+00 
1.556039173e+00 1.597987288e+00 1.819380243e+00 
1.554588321e+00 1.613347458e+00 1.819380243e+00 
1.523999275e+00 1.616525424e+00 1.754836501e+00 
1.620239391e+00 1.538135593e+00 1.754836501e+00 
1.532462822e+00 1.507415254e+00 1.729155966e+00 
1.545034458e+00 1.609639831e+00 1.754836501e+00 
1.268770403e+00 1.579978814e+00 1.689607944e+00 
1.269858542e+00 1.566737288e+00 1.689607944e+00 
1.402853101e+00 1.511122881e+00 1.664612224e+00 
1.450489663e+00 1.493644068e+00 1.664612224e+00 
1.471527022e+00 1.451800847e+00 1.664612224e+00 
1.477330432e+00 1.450211864e+00 1.664612224e+00 
1.434530287e+00 1.423199153e+00 1.631912344e+00 
1.478055858e+00 1.439088983e+00 1.664612224e+00 
1.336113892e+00 1.579449153e+00 1.729155966e+00 
1.383750453e+00 1.561970339e+00 1.729155966e+00 
1.411316649e+00 1.507944915e+00 1.729155966e+00 
1.404787813e+00 1.525423729e+00 1.729155966e+00 
1.258977149e+00 1.231461864e+00 1.361581921e+00 
1.254383025e+00 1.487817797e+00 1.603663756e+00 
1.253294886e+00 1.501059322e+00 1.603663756e+00 
1.236005078e+00 1.478813559e+00 1.599383667e+00 
1.206746464e+00 1.512182203e+00 1.599383667e+00 
1.310240841e+00 1.415783898e+00 1.619243280e+00 
1.336597751e+00 1.372881356e+00 1.619243280e+00 
1.323056221e+00 1.411016949e+00 1.599383667e+00 
1.288719623e+00 1.323622881e+00 1.529019004e+00 
1.328618063e+00 1.307733051e+00 1.529019004e+00 
1.263813565e+00 1.390360169e+00 1.506420134e+00 
1.191270947e+00 1.433262712e+00 1.513439480e+00 
1.232740660e+00 1.474046610e+00 1.531073446e+00 
1.253415306e+00 1.395127119e+00 1.506077726e+00 
1.220529561e+00 1.399894068e+00 1.513439480e+00 
1.211340588e+00 1.313559322e+00 1.502140045e+00 
1.204570185e+00 1.494173729e+00 1.531073446e+00 
1.170716721e+00 1.406250000e+00 1.440849170e+00 
1.208197316e+00 1.329978814e+00 1.440849170e+00 
1.205537178e+00 1.391949153e+00 1.440849170e+00 
1.319912949e+00 1.252118644e+00 1.418763910e+00 
1.286543344e+00 1.421080508e+00 1.566170176e+00 
1.380123322e+00 1.354872881e+00 1.567368601e+00 
1.098657962e+00 1.120233051e+00 1.210066769e+00 
1.052230686e+00 1.054555085e+00 1.162985790e+00 
1.125498731e+00 1.127648305e+00 1.275808937e+00 
1.221980413e+00 1.172669492e+00 1.321520288e+00 
1.136621690e+00 1.245762712e+00 1.343605547e+00 
1.110264781e+00 1.250529661e+00 1.343605547e+00 
1.155241204e+00 1.327330508e+00 1.354904982e+00 
1.241566921e+00 1.311970339e+00 1.354904982e+00 
1.277838230e+00 1.246292373e+00 1.366033213e+00 
1.000000000e+00 1.046080508e+00 1.133025167e+00 
1.007254262e+00 1.023305085e+00 1.112823147e+00 

1.274694958e+00 1.567796610e+00 1.759287793e+00 
1.248337323e+00 1.610699153e+00 1.759287793e+00 
1.485310120e+00 1.518538136e+00 1.759287793e+00 
1.458953210e+00 1.561440678e+00 1.759287793e+00 
1.531978963e+00 1.592161017e+00 1.808080808e+00 
1.412525934e+00 1.527542373e+00 1.717856531e+00 
1.477571999e+00 1.523834746e+00 1.743537066e+00 
1.515536453e+00 1.613347458e+00 1.808080808e+00 
1.553014146e+00 1.587923729e+00 1.808080808e+00 
1.461129489e+00 1.558262712e+00 1.743537066e+00 
1.450005803e+00 1.502118644e+00 1.717856531e+00 
1.516503446e+00 1.513241525e+00 1.722136620e+00 
1.537540805e+00 1.509004237e+00 1.722136620e+00 
1.007254262e+00 1.023305085e+00 1.112823147e+00 
1.052230686e+00 1.054555085e+00 1.162985790e+00 
1.007254262e+00 1.000000000e+00 1.000000000e+00 
1.353282554e+00 1.352224576e+00 1.501626434e+00 
1.125498731e+00 1.127648305e+00 1.275808937e+00 
1.127433442e+00 1.295550847e+00 1.381955145e+00 
1.117519042e+00 1.133474576e+00 1.248929978e+00 
1.221980413e+00 1.172669492e+00 1.321520288e+00 
1.261878854e+00 1.255296610e+00 1.404382811e+00 
1.268407690e+00 1.243114407e+00 1.368601267e+00 
1.169024302e+00 1.166313559e+00 1.291559664e+00 
1.098657962e+00 1.120233051e+00 1.210066769e+00 
1.172893000e+00 1.249470339e+00 1.381955145e+00 
1.201426913e+00 1.494703390e+00 1.646464646e+00 
1.511425462e+00 1.456567797e+00 1.664612224e+00 
1.380848749e+00 1.405190678e+00 1.626262626e+00 
1.249062749e+00 1.509004237e+00 1.662044171e+00 
1.275420384e+00 1.466101695e+00 1.662044171e+00 
1.238665216e+00 1.461864407e+00 1.600753296e+00 
1.354007980e+00 1.416843220e+00 1.662044171e+00 
1.433804860e+00 1.505826271e+00 1.664612224e+00 
1.356425825e+00 1.409957627e+00 1.559322034e+00 

1.274694958e+00 1.567796610e+00 1.759287793e+00 
1.248337323e+00 1.610699153e+00 1.759287793e+00 
1.485310120e+00 1.518538136e+00 1.759287793e+00 
1.458953210e+00 1.561440678e+00 1.759287793e+00 
1.531978963e+00 1.592161017e+00 1.808080808e+00 
1.412525934e+00 1.527542373e+00 1.717856531e+00 
1.477571999e+00 1.523834746e+00 1.743537066e+00 
1.515536453e+00 1.613347458e+00 1.808080808e+00 
1.553014146e+00 1.587923729e+00 1.808080808e+00 
1.461129489e+00 1.558262712e+00 1.743537066e+00 
1.450005803e+00 1.502118644e+00 1.717856531e+00 
1.516503446e+00 1.513241525e+00 1.722136620e+00 
1.537540805e+00 1.509004237e+00 1.722136620e+00 
1.007254262e+00 1.023305085e+00 1.112823147e+00 
1.052230686e+00 1.054555085e+00 1.162985790e+00 
1.007254262e+00 1.000000000e+00 1.000000000e+00 
1.353282554e+00 1.352224576e+00 1.501626434e+00 
1.125498731e+00 1.127648305e+00 1.275808937e+00 
1.127433442e+00 1.295550847e+00 1.381955145e+00 
1.117519042e+00 1.133474576e+00 1.248929978e+00 
1.221980413e+00 1.172669492e+00 1.321520288e+00 
1.261878854e+00 1.255296610e+00 1.404382811e+00 
1.268407690e+00 1.243114407e+00 1.368601267e+00 
1.169024302e+00 1.166313559e+00 1.291559664e+00 
1.098657962e+00 1.120233051e+00 1.210066769e+00 
1.172893000e+00 1.249470339e+00 1.381955145e+00 
1.201426913e+00 1.494703390e+00 1.646464646e+00 
1.511425462e+00 1.456567797e+00 1.664612224e+00 
1.380848749e+00 1.405190678e+00 1.626262626e+00 
1.249062749e+00 1.509004237e+00 1.662044171e+00 
1.275420384e+00 1.466101695e+00 1.662044171e+00 
1.238665216e+00 1.461864407e+00 1.600753296e+00 
1.354007980e+00 1.416843220e+00 1.662044171e+00 
1.433804860e+00 1.505826271e+00 1.664612224e+00 
1.356425825e+00 1.409957627e+00 1.559322034e+00 

1.414459920e+00 1.711864407e+00 1.909775723e+00 
1.372990207e+00 1.655190678e+00 1.815100154e+00 
1.397049692e+00 1.600105932e+00 1.845231981e+00 
1.547936162e+00 1.586334746e+00 1.815100154e+00 
1.624591948e+00 1.661016949e+00 1.909775723e+00 
1.608146536e+00 1.683262712e+00 1.909775723e+00 
1.613949946e+00 1.681673729e+00 1.909775723e+00 
1.580340950e+00 1.684851695e+00 1.909775723e+00 
1.339741023e+00 1.644067797e+00 1.751241226e+00 
1.352315560e+00 1.528072034e+00 1.747988358e+00 
1.344335872e+00 1.548728814e+00 1.747988358e+00 
1.423165034e+00 1.538135593e+00 1.750556412e+00 
1.465723613e+00 1.521186441e+00 1.759287793e+00 
1.392334421e+00 1.547139831e+00 1.750556412e+00 
1.332729053e+00 1.583156780e+00 1.750556412e+00 
1.445895539e+00 1.546610169e+00 1.759287793e+00 
1.359327530e+00 1.523834746e+00 1.716486903e+00 
1.327771491e+00 1.531250000e+00 1.732408834e+00 
1.291862894e+00 1.483580508e+00 1.712206814e+00 
1.428001451e+00 1.469809322e+00 1.716486903e+00 
1.408173377e+00 1.495233051e+00 1.716486903e+00 
1.433804860e+00 1.468220339e+00 1.716486903e+00 
1.007254262e+00 1.000000000e+00 1.000000000e+00 
1.000000000e+00 1.022245763e+00 1.000000000e+00 
1.175311571e+00 1.273305085e+00 1.321520288e+00 
1.195865071e+00 1.219279661e+00 1.321520288e+00 
1.302502720e+00 1.290254237e+00 1.377503852e+00 
1.169024302e+00 1.166313559e+00 1.291559664e+00 
1.052230686e+00 1.054555085e+00 1.162985790e+00 
1.000000000e+00 1.046080508e+00 1.133025167e+00 
1.138556402e+00 1.170550847e+00 1.218969355e+00 
1.185709104e+00 1.158368644e+00 1.248758774e+00 
1.007254262e+00 1.023305085e+00 1.112823147e+00 
1.316527385e+00 1.429555085e+00 1.635165211e+00 
1.353886834e+00 1.469279661e+00 1.637733265e+00 
1.253052593e+00 1.463453390e+00 1.573874337e+00 
1.277596663e+00 1.460275424e+00 1.589453861e+00 
1.433079434e+00 1.452860169e+00 1.646464646e+00 
1.317978237e+00 1.421610169e+00 1.617531245e+00 
1.284608633e+00 1.386652542e+00 1.614963191e+00 
1.217143997e+00 1.415783898e+00 1.553672316e+00 
1.360536815e+00 1.404661017e+00 1.626262626e+00 
1.378430903e+00 1.466101695e+00 1.653312789e+00 
1.361262242e+00 1.379237288e+00 1.603663756e+00 
1.428726877e+00 1.460805085e+00 1.662044171e+00 

1.402611534e+00 1.477224576e+00 1.703989043e+00 
1.295973885e+00 1.493114407e+00 1.703989043e+00 
1.254140733e+00 1.529131356e+00 1.703989043e+00 
1.268407690e+00 1.559851695e+00 1.736688923e+00 
1.253415306e+00 1.611758475e+00 1.736688923e+00 
1.479506710e+00 1.510593220e+00 1.736688923e+00 
1.452665941e+00 1.537605932e+00 1.736688923e+00 
1.505622053e+00 1.488347458e+00 1.736688923e+00 
1.341191875e+00 1.781779661e+00 1.822633111e+00 
1.356184258e+00 1.729872881e+00 1.822633111e+00 
1.357272398e+00 1.705508475e+00 1.822633111e+00 
1.342280015e+00 1.757415254e+00 1.822633111e+00 
1.466449039e+00 1.684851695e+00 1.822633111e+00 
1.548661589e+00 1.684322034e+00 1.822633111e+00 
1.578041349e+00 1.642478814e+00 1.822633111e+00 
1.569096844e+00 1.658898305e+00 1.822633111e+00 
1.567283279e+00 1.680614407e+00 1.822633111e+00 
1.605005441e+00 1.592161017e+00 1.822633111e+00 
1.494256801e+00 1.595338983e+00 1.789933231e+00 
1.478781284e+00 1.647245763e+00 1.789933231e+00 
1.463788901e+00 1.671080508e+00 1.789933231e+00 
1.305404425e+00 1.300847458e+00 1.331792501e+00 
1.242050780e+00 1.338453390e+00 1.411744564e+00 
1.322814654e+00 1.284427966e+00 1.411744564e+00 
1.247854189e+00 1.336334746e+00 1.411744564e+00 
1.297424737e+00 1.320444915e+00 1.411744564e+00 
1.324990932e+00 1.271716102e+00 1.411744564e+00 
1.323540080e+00 1.273834746e+00 1.411744564e+00 
1.199976061e+00 1.394067797e+00 1.545454545e+00 
1.262241567e+00 1.427966102e+00 1.613764766e+00 
1.201426913e+00 1.494703390e+00 1.646464646e+00 
1.269133116e+00 1.458156780e+00 1.639445300e+00 
1.199250635e+00 1.476694915e+00 1.578154426e+00 
1.348204570e+00 1.408898305e+00 1.639445300e+00 
1.412042075e+00 1.445444915e+00 1.646464646e+00 
1.420747189e+00 1.379237288e+00 1.603663756e+00 
1.000000000e+00 1.046080508e+00 1.133025167e+00 
1.007254262e+00 1.023305085e+00 1.112823147e+00 
1.007254262e+00 1.000000000e+00 1.000000000e+00 
1.000000000e+00 1.022245763e+00 1.000000000e+00 
1.052230686e+00 1.054555085e+00 1.162985790e+00 
1.187885383e+00 1.165254237e+00 1.187467899e+00 
1.114980051e+00 1.176906780e+00 1.183187810e+00 
1.195865071e+00 1.154661017e+00 1.255778120e+00 

1.353040987e+00 1.723516949e+00 1.866974833e+00 
1.325957925e+00 1.570444915e+00 1.776750556e+00 
1.301051868e+00 1.606461864e+00 1.776750556e+00 
1.428968444e+00 1.656250000e+00 1.866974833e+00 
1.359811389e+00 1.658368644e+00 1.866974833e+00 
1.352557127e+00 1.561440678e+00 1.769731210e+00 
1.315076532e+00 1.586864407e+00 1.769731210e+00 
1.359327530e+00 1.548728814e+00 1.802431091e+00 
1.343852013e+00 1.600635593e+00 1.802431091e+00 
1.428001451e+00 1.469809322e+00 1.716486903e+00 
1.408173377e+00 1.495233051e+00 1.716486903e+00 
1.433804860e+00 1.468220339e+00 1.716486903e+00 
1.291862894e+00 1.483580508e+00 1.712206814e+00 
1.007254262e+00 1.000000000e+00 1.000000000e+00 
1.000000000e+00 1.022245763e+00 1.000000000e+00 
1.007254262e+00 1.023305085e+00 1.112823147e+00 
1.415669206e+00 1.385063559e+00 1.472008218e+00 
1.166606456e+00 1.317796610e+00 1.321520288e+00 
1.247370330e+00 1.231991525e+00 1.347885636e+00 
1.328618063e+00 1.300317797e+00 1.393254580e+00 
1.229960102e+00 1.302436441e+00 1.416195857e+00 
1.205054044e+00 1.338453390e+00 1.416195857e+00 
1.265022125e+00 1.500529661e+00 1.618216059e+00 
1.283883206e+00 1.480932203e+00 1.643896593e+00 
1.352073268e+00 1.451800847e+00 1.705187468e+00 
1.318703663e+00 1.473516949e+00 1.679506934e+00 
1.279289082e+00 1.488347458e+00 1.656908064e+00 
1.254140733e+00 1.516949153e+00 1.611196713e+00 
1.217143997e+00 1.415783898e+00 1.553672316e+00 
1.360536815e+00 1.404661017e+00 1.626262626e+00 
1.317978237e+00 1.421610169e+00 1.617531245e+00 
1.284608633e+00 1.386652542e+00 1.614963191e+00 
1.000000000e+00 1.046080508e+00 1.133025167e+00 
1.052230686e+00 1.054555085e+00 1.162985790e+00 
1.125498731e+00 1.127648305e+00 1.275808937e+00 
1.169024302e+00 1.166313559e+00 1.291559664e+00 

1.353040987e+00 1.723516949e+00 1.866974833e+00 
1.325957925e+00 1.570444915e+00 1.776750556e+00 
1.301051868e+00 1.606461864e+00 1.776750556e+00 
1.428968444e+00 1.656250000e+00 1.866974833e+00 
1.359811389e+00 1.658368644e+00 1.866974833e+00 
1.352557127e+00 1.561440678e+00 1.769731210e+00 
1.315076532e+00 1.586864407e+00 1.769731210e+00 
1.359327530e+00 1.548728814e+00 1.802431091e+00 
1.343852013e+00 1.600635593e+00 1.802431091e+00 
1.428001451e+00 1.469809322e+00 1.716486903e+00 
1.408173377e+00 1.495233051e+00 1.716486903e+00 
1.433804860e+00 1.468220339e+00 1.716486903e+00 
1.291862894e+00 1.483580508e+00 1.712206814e+00 
1.007254262e+00 1.000000000e+00 1.000000000e+00 
1.000000000e+00 1.022245763e+00 1.000000000e+00 
1.007254262e+00 1.023305085e+00 1.112823147e+00 
1.415669206e+00 1.385063559e+00 1.472008218e+00 
1.166606456e+00 1.317796610e+00 1.321520288e+00 
1.247370330e+00 1.231991525e+00 1.347885636e+00 
1.328618063e+00 1.300317797e+00 1.393254580e+00 
1.229960102e+00 1.302436441e+00 1.416195857e+00 
1.205054044e+00 1.338453390e+00 1.416195857e+00 
1.265022125e+00 1.500529661e+00 1.618216059e+00 
1.283883206e+00 1.480932203e+00 1.643896593e+00 
1.352073268e+00 1.451800847e+00 1.705187468e+00 
1.318703663e+00 1.473516949e+00 1.679506934e+00 
1.279289082e+00 1.488347458e+00 1.656908064e+00 
1.254140733e+00 1.516949153e+00 1.611196713e+00 
1.217143997e+00 1.415783898e+00 1.553672316e+00 
1.360536815e+00 1.404661017e+00 1.626262626e+00 
1.317978237e+00 1.421610169e+00 1.617531245e+00 
1.284608633e+00 1.386652542e+00 1.614963191e+00 
1.000000000e+00 1.046080508e+00 1.133025167e+00 
1.052230686e+00 1.054555085e+00 1.162985790e+00 
1.125498731e+00 1.127648305e+00 1.275808937e+00 
1.169024302e+00 1.166313559e+00 1.291559664e+00 

1.322451941e+00 1.666313559e+00 1.815100154e+00 
1.481561843e+00 1.619703390e+00 1.815100154e+00 
1.460161770e+00 1.625000000e+00 1.815100154e+00 
1.450489663e+00 1.518008475e+00 1.750556412e+00 
1.402853101e+00 1.530720339e+00 1.750556412e+00 
1.355579978e+00 1.572563559e+00 1.750556412e+00 
1.389675009e+00 1.567796610e+00 1.750556412e+00 
1.333454480e+00 1.583156780e+00 1.750556412e+00 
1.000000000e+00 1.022245763e+00 1.000000000e+00 
1.000000000e+00 1.046080508e+00 1.133025167e+00 
1.007254262e+00 1.023305085e+00 1.112823147e+00 
1.007254262e+00 1.000000000e+00 1.000000000e+00 
1.187885383e+00 1.231991525e+00 1.347885636e+00 
1.351106275e+00 1.296080508e+00 1.354904982e+00 
1.349655423e+00 1.313029661e+00 1.440677966e+00 
1.302502720e+00 1.257415254e+00 1.350453689e+00 
1.303953573e+00 1.343750000e+00 1.403697997e+00 
1.291621328e+00 1.300847458e+00 1.354904982e+00 
1.285092492e+00 1.313559322e+00 1.354904982e+00 
1.125498731e+00 1.127648305e+00 1.275808937e+00 
1.052230686e+00 1.054555085e+00 1.162985790e+00 
1.306976424e+00 1.587394068e+00 1.729155966e+00 
1.249909322e+00 1.577330508e+00 1.702277007e+00 
1.286422198e+00 1.560381356e+00 1.656565657e+00 
1.387981864e+00 1.527542373e+00 1.656565657e+00 
1.355458832e+00 1.439088983e+00 1.592021914e+00 
1.275903518e+00 1.620233051e+00 1.743537066e+00 
1.365614799e+00 1.408898305e+00 1.617531245e+00 
1.391730141e+00 1.448622881e+00 1.637733265e+00 
1.445411679e+00 1.438559322e+00 1.653312789e+00 
1.478055858e+00 1.439088983e+00 1.664612224e+00 

1.000000000e+00 1.022245763e+00 1.000000000e+00 
1.007254262e+00 1.000000000e+00 1.000000000e+00 
1.007254262e+00 1.023305085e+00 1.112823147e+00 
1.000000000e+00 1.046080508e+00 1.133025167e+00 
1.383750453e+00 1.586864407e+00 1.815100154e+00 
1.336113892e+00 1.604343220e+00 1.815100154e+00 
1.556039173e+00 1.597987288e+00 1.819380243e+00 
1.554588321e+00 1.613347458e+00 1.819380243e+00 
1.465723613e+00 1.521186441e+00 1.759287793e+00 
1.397049692e+00 1.575211864e+00 1.759287793e+00 
1.445895539e+00 1.546610169e+00 1.759287793e+00 
1.402853101e+00 1.536016949e+00 1.750556412e+00 
1.450489663e+00 1.518538136e+00 1.750556412e+00 
1.432716721e+00 1.774364407e+00 1.905324431e+00 
1.438520131e+00 1.759004237e+00 1.905324431e+00 
1.479385564e+00 1.709745763e+00 1.905324431e+00 
1.480836416e+00 1.694385593e+00 1.905324431e+00 
1.528472978e+00 1.676906780e+00 1.905324431e+00 
1.527022125e+00 1.692266949e+00 1.905324431e+00 
1.470317737e+00 1.614406780e+00 1.840780688e+00 
1.472131302e+00 1.736228814e+00 1.905324431e+00 
1.331519768e+00 1.254237288e+00 1.321520288e+00 
1.280739935e+00 1.263771186e+00 1.388803287e+00 
1.267682263e+00 1.252648305e+00 1.317925013e+00 
1.177003990e+00 1.146186441e+00 1.271357644e+00 
1.140974247e+00 1.183262712e+00 1.248929978e+00 
1.052230686e+00 1.054555085e+00 1.162985790e+00 
1.150163221e+00 1.134004237e+00 1.260229413e+00 
1.158142909e+00 1.171080508e+00 1.296010957e+00 
1.131302140e+00 1.147775424e+00 1.230268790e+00 
1.169024302e+00 1.166313559e+00 1.291559664e+00 
1.411316649e+00 1.507944915e+00 1.729155966e+00 
1.499818643e+00 1.502118644e+00 1.717856531e+00 
1.450005803e+00 1.506885593e+00 1.717856531e+00 
1.404787813e+00 1.525423729e+00 1.729155966e+00 
1.360536815e+00 1.404661017e+00 1.626262626e+00 
1.377221618e+00 1.445444915e+00 1.637733265e+00 
1.270825535e+00 1.531779661e+00 1.656565657e+00 
1.352315560e+00 1.503177966e+00 1.662044171e+00 
1.301777294e+00 1.525423729e+00 1.652114364e+00 
1.478055858e+00 1.439618644e+00 1.664612224e+00 
1.428726877e+00 1.460805085e+00 1.662044171e+00 
1.398984403e+00 1.430614407e+00 1.646464646e+00 
1.445411679e+00 1.433792373e+00 1.653312789e+00 
1.310482408e+00 1.513771186e+00 1.702277007e+00 
1.279530649e+00 1.482521186e+00 1.626262626e+00 
1.338774030e+00 1.379766949e+00 1.557952405e+00 
1.301051868e+00 1.402542373e+00 1.592021914e+00 
1.253415306e+00 1.420021186e+00 1.592021914e+00 
1.300326442e+00 1.417902542e+00 1.592021914e+00 
1.328618063e+00 1.323622881e+00 1.506077726e+00 
1.148228509e+00 1.303495763e+00 1.458996747e+00 

1.000000000e+00 1.022245763e+00 1.000000000e+00 
1.007254262e+00 1.000000000e+00 1.000000000e+00 
1.007254262e+00 1.023305085e+00 1.112823147e+00 
1.000000000e+00 1.046080508e+00 1.133025167e+00 
1.383750453e+00 1.586864407e+00 1.815100154e+00 
1.336113892e+00 1.604343220e+00 1.815100154e+00 
1.556039173e+00 1.597987288e+00 1.819380243e+00 
1.554588321e+00 1.613347458e+00 1.819380243e+00 
1.465723613e+00 1.521186441e+00 1.759287793e+00 
1.397049692e+00 1.575211864e+00 1.759287793e+00 
1.445895539e+00 1.546610169e+00 1.759287793e+00 
1.402853101e+00 1.536016949e+00 1.750556412e+00 
1.450489663e+00 1.518538136e+00 1.750556412e+00 
1.432716721e+00 1.774364407e+00 1.905324431e+00 
1.438520131e+00 1.759004237e+00 1.905324431e+00 
1.479385564e+00 1.709745763e+00 1.905324431e+00 
1.480836416e+00 1.694385593e+00 1.905324431e+00 
1.528472978e+00 1.676906780e+00 1.905324431e+00 
1.527022125e+00 1.692266949e+00 1.905324431e+00 
1.470317737e+00 1.614406780e+00 1.840780688e+00 
1.472131302e+00 1.736228814e+00 1.905324431e+00 
1.331519768e+00 1.254237288e+00 1.321520288e+00 
1.280739935e+00 1.263771186e+00 1.388803287e+00 
1.267682263e+00 1.252648305e+00 1.317925013e+00 
1.177003990e+00 1.146186441e+00 1.271357644e+00 
1.140974247e+00 1.183262712e+00 1.248929978e+00 
1.052230686e+00 1.054555085e+00 1.162985790e+00 
1.150163221e+00 1.134004237e+00 1.260229413e+00 
1.158142909e+00 1.171080508e+00 1.296010957e+00 
1.131302140e+00 1.147775424e+00 1.230268790e+00 
1.169024302e+00 1.166313559e+00 1.291559664e+00 
1.411316649e+00 1.507944915e+00 1.729155966e+00 
1.499818643e+00 1.502118644e+00 1.717856531e+00 
1.450005803e+00 1.506885593e+00 1.717856531e+00 
1.404787813e+00 1.525423729e+00 1.729155966e+00 
1.360536815e+00 1.404661017e+00 1.626262626e+00 
1.377221618e+00 1.445444915e+00 1.637733265e+00 
1.270825535e+00 1.531779661e+00 1.656565657e+00 
1.352315560e+00 1.503177966e+00 1.662044171e+00 
1.301777294e+00 1.525423729e+00 1.652114364e+00 
1.478055858e+00 1.439618644e+00 1.664612224e+00 
1.428726877e+00 1.460805085e+00 1.662044171e+00 
1.398984403e+00 1.430614407e+00 1.646464646e+00 
1.445411679e+00 1.433792373e+00 1.653312789e+00 
1.310482408e+00 1.513771186e+00 1.702277007e+00 
1.279530649e+00 1.482521186e+00 1.626262626e+00 
1.338774030e+00 1.379766949e+00 1.557952405e+00 
1.301051868e+00 1.402542373e+00 1.592021914e+00 
1.253415306e+00 1.420021186e+00 1.592021914e+00 
1.300326442e+00 1.417902542e+00 1.592021914e+00 
1.328618063e+00 1.323622881e+00 1.506077726e+00 
1.148228509e+00 1.303495763e+00 1.458996747e+00 
