1186.67 2507 6144
1774 2024 6258
2169.67 2552 7541
1851 1974 6257
1945 2234 6906
557.667 822 2306
1190.67 1364 4437
678.333 730 2055
466.667 833 2182
1898 1635 5582
1686.5 2954 8321
2936.5 3691 9679
1672.5 2512 7040
1127 1142 3800
1737 1409 4927
368.333 901 2122
1734.5 1711 5515
2386.83 3195 8671
931.667 1393 4446
1185.5 1392 4730
1057 828 3338
584.667 772 2657
623.667 1118 3733
1086.33 1539 5081
2265.33 3494 8485
1000 1172 3858
1064.67 1941 5804
1033.67 1337 4195
900 631 2039
2122.33 3545 8636
787 1953 4683
1979.67 2604 7856
1315 1351 4462
1209 1095 3782
1458.5 2289 6393
1784.33 2171 6803
2051.17 2313 7476
347.667 941 1872
1672 2596 7453
525 942 2481
1856.33 2513 7270
747.5 685 2423
1756 2279 7104
1363.33 2118 6057
811 729 2533
1957.33 3589 9529
1548.67 2300 6996
924 611 2113
1040 878 2828
782 1409 4429
708.667 1310 4141
497 892 2190
644.667 740 2556
566 901 2515
365.667 911 1855
1008.5 2008 5277
1190 1125 3975
725 794 2691
1212 1061 3967
829 678 2031
1716 1669 5335
922.667 1563 4749
454 902 2314
589.667 1452 3991
957.333 1837 4982
1129 1141 4225
500.333 1051 2372
775 693 2432
997.5 2628 5167
566.5 850 2415
1486 1579 5126
1312.33 2229 6130
778.5 1177 4175
712 808 2674
817.667 1894 4487
1278.17 2654 6174
1394.5 1776 5928
1151.33 1442 5066
634 502 1744
1470.33 2120 6525
656 492 1568
1322.67 3047 7453
442.667 524 1835
414.667 1137 3329
993 885 3196
2216.5 3525 9016
720.333 1959 4298
1136.33 1115 3799
548 939 2641
1297 1712 5144
1328.33 1705 5114
1547.5 1432 5126
1523.67 1461 5093
496.333 1299 3676
1883.33 2095 6554
2931.83 3387 9294
983 893 2921
1612 2127 6700
1827 2151 6845
1336.33 1283 4621
2514.83 3581 9258
628 505 1577
1637.5 3663 7766
702 1492 4120
1101 797 2829
1696.17 2726 7999
810 631 1964
1456.67 2418 6242
1279.17 2790 6237
1350 993 3566
1408.5 1913 5974
1390 2197 6193
647.5 910 3421
873 636 2214
2133.33 3539 8550
1048 827 2894
1278.5 1354 4621
2479.17 3430 8999
789 726 2456
2607.17 3392 9658
633 494 1209
2442 2541 7831
1268 1038 3825
835 688 2465
580 886 2490
1135.33 1935 5313
529 910 2340
2180 2567 7930
767 753 2650
1695 2076 6442
586.5 1124 3187
2386.83 3705 9855
1421.67 2036 6097
1143 1728 5889
958.5 1712 5139
1369.5 1104 4129
300.667 694 1568
901.167 2434 4974
1622.67 3429 7497
663 496 1611
735 1458 4386
643 483 1493
427 675 1769
2193.17 3013 8425
921 612 1981
819 676 1990
399.5 600 1677
1004 1471 4723
506 1003 2618
687 455 1543
580.667 791 1864
861 662 2357
1648 1692 5319
1221.17 2369 5930
379.333 652 1125
645 475 1118
635 484 1419
691 453 1668
366 731 1852
1906.17 2572 7292
1520.83 2858 7047
324 684 1401
621 509 1711
418 300 0
492 254 922
402 881 1955
430 322 655
582.667 816 2332
348 387 764
422 276 0
458 254 0
230 472 830
278 422 0
312 364 0
236 487 939
424 671 1702
306 455 347
624 505 999
386 370 387
562 553 1861
306 406 0
418 338 721
466 230 0
378.667 634 1108
448 283 296
230 440 0
242 463 913
242 426 0
422 318 278
466 274 746
492 216 0
486 269 822
386 340 0
458 299 304
342 414 789
448 260 0
2399 2934 8844
348 362 0
316 427 571
599 518 1042
312 395 454


718 792 2774
2356.67 3798 9688
1039 1257 4301
2677.5 3205 9131
598 974 3053
675 850 2599
2377.17 3726 9259
846.333 772 2581
856 1879 4991
915 965 3271
902 605 2131
1153.33 1631 4884
731.667 1806 4938
803 711 2432
1411 1621 5502
1273 1930 5613
388 868 1872
1351 1324 4554
699 780 2206
1054 870 2936
533.5 1442 3867
1385 1958 6390
642.667 1047 3487
975 906 3127
785 721 2358
1911.17 2550 7118
471 926 2340
780.5 973 3212
1541 2092 6426
1476.17 1920 5563
1520 1904 5964
751.167 1468 4422
530.5 1105 2894
659.667 800 2176
1794.67 2572 7225
1807.67 2795 7938
475.667 802 2222
481.667 1321 2668
869.333 1133 3520
1185.5 1844 5418
379.333 652 1125
1050 1928 5169
790 725 2432
1345.5 1240 4087
1034 844 2795
1256 1037 3320
746 751 2498
1141 1852 5561
1464.67 2285 7017
727.333 679 2131
1354 954 3404
2002.33 3351 8491
2394.5 3228 8377
836.667 927 3095
869 994 3228
770 1147 3782
844.5 1334 4737
2000.17 2650 7244
1635.67 3007 7802
831 669 1955
1449.33 2560 6596
511 776 2131
856 649 2165
1301 1024 3374
835 688 2465
438.667 1103 2501
1191.17 1346 4738
1119 778 3228
615 1017 3279
683 806 2464
1926.5 2663 7945
2278 2481 7417
1677.5 1552 5244
1392.33 1588 5139
408.333 820 2323
936 625 2481
2324 2283 6709
490.667 961 2670
1105.33 1975 5464
732 765 2165
1395.33 1944 5731
912.667 1142 3750
1127 1977 6075
1643.33 2739 7319
952 918 2870
953 965 3296
861.333 1137 3532
366 731 1852
633 494 1209
1031 1674 4738
2810 3700 9316
555.667 821 2573
702 787 2475
1094.33 2175 5311
765 767 2524
1677 2737 7336
595 1001 2953
808.5 1525 4554
1877.33 3517 8253
502 953 2558
1831 1570 5267
826 678 2190
761 1232 4017
488.667 1296 2886
763 743 2324
1033 879 2919
651 1254 3563
3470.5 3619 9326
1020 866 2911
691 453 1668
1093.33 2578 7231
824 1062 3504
1255.33 2274 6180
2968.33 3714 9504
592.5 806 2415
2297.17 3483 8884
689 812 2533
1388 1238 4150
799 712 2565
988 1301 4100
2235.33 3249 8568
1554 1192 4020
1541.33 3023 7292
798.667 935 3195
570.333 1158 3362
599 518 1042
1445 1231 4130
1355 1245 4102
324 684 1401
1216 1039 3404
2492 3721 10155
2316.33 3562 8903
2617.33 3606 9259
2399.83 3332 8956
2189 2550 7328
1882 2751 8364
695 798 2574
635 484 1419
643 483 1493
1003 1093 4017
1118.67 1892 5117
1200 1446 5118
679.333 1195 3816
954.5 876 2846
846 680 2449
634 502 1744
1019 888 3153
804.333 1621 4439
550.333 931 2828
1997 2192 6584
442.667 524 1835
378.667 634 1108
656 492 1568
815.333 1908 4992
958.5 1097 3520
1291 987 3312
1161 1602 5209
562 553 1861
399.5 600 1677
628 505 1577
3296 3663 9340
373.333 1160 2365
687 455 1543
2200.33 3318 8578
300.667 694 1568
907 607 2366
857 669 2683
621 509 1711
775 731 2515
424 671 1702
1075.67 2401 6518
1750.17 3696 7920
791 697 2332
344.333 941 1864
896.667 1695 4994
624 505 999
1291.5 1818 5535
2634.5 3391 9015
236 487 939
1333 1020 3698
427 675 1769
422 318 278
1400.5 1696 5464
316 427 571
312 364 0
486 269 822
348 387 764
386 340 0
1400 2365 6542
386 370 387
306 406 0
418 300 0
1434.67 3174 7899
492 216 0
466 274 746
312 395 454
448 283 296
2444.5 2555 8046
1059 840 2969
230 472 830
448 260 0
458 299 304
676.667 753 2030
458 254 0
242 426 0
242 463 913
418 338 721
466 230 0
789 726 2456
306 455 347
492 254 922
342 414 789
422 276 0
278 422 0
348 362 0
430 322 655
230 440 0
645 475 1118


1637 1817 5941
717 1189 4159
1439.5 2503 7764
3392.67 3443 10020
704 1230 4159
1571 1865 5722
475.333 797 2774
1088 1962 5847
1153.33 2377 5900
534.667 1288 3598
920 626 2315
1338.83 2082 6159
1238.5 2573 6253
1299 1005 3644
1493 1953 5998
1265.33 2101 6285
1066 848 3520
748 751 2373
923 961 3245
721 762 2249
798.667 1826 4755
853 1505 4697
580.333 688 2030
1251 1706 5677
1297.5 2012 5939
1943 3648 8518
1159 1606 5510
875.333 1492 4336
535.333 1146 2969
856 661 2599
1451.17 2035 6105
1613.67 2189 6986
1690 2073 6334
1101 1176 4000
955 957 3196
1589 1869 5896
980 1442 4512
831 1073 3512
789 726 2456
999.5 2154 5596
530.667 1173 2794
1492.5 1902 5881
1347.67 1482 5384
1914 2686 8485
2976 3106 8657
1004 1346 4339
2887.67 3258 8594
1586.5 1393 5511
775 725 2257
763 1627 4612
1017 887 3254
1020 866 2911
494 768 2556
594.333 1252 3337
981.5 1387 4334
2275.17 3433 8562
650.5 1264 4259
1117.67 1419 4470
634 502 1744
915 970 3128
811 729 2533
725 756 2499
1133 1139 3808
1873.17 2935 7862
1552.5 2205 6513
635 484 1419
2303.33 3575 9644
1868.33 1911 5959
1068 1171 3959
747 736 2031
596.667 1034 3012
1060.67 1448 4997
1784.5 1938 6777
629.667 1106 3596
645 475 1118
1256.33 2272 6065
584.667 772 2657
1709 2070 6251
833.667 929 2969
889.667 880 3095
1043 853 2903
428 1046 1897
1905 1598 5789
2029 1835 6352
1053 1634 5536
2357.33 3508 8602
1315.67 2071 5940
853 684 2215
831 669 1955
2485 2440 7549
1264 1069 3708
1524 2071 6200
552 1002 2859
447.333 1315 2005
1011.67 1556 4800
1648.67 3577 7839
764 744 2065
745 753 2406
784 1082 3346
929 1713 5242
989.333 1055 3674
1233 1415 4813
803.167 1625 4729
2796 3725 9717
418.333 876 1854
767 753 2650
1162 786 3211
643 483 1493
1161 1147 3824
1746.33 1981 6025
818 713 2456
827 704 2323
1257 1082 4066
300.667 694 1568
633 494 1209
1859 2332 7132
2412.33 3278 9067
685 909 2960
621 509 1711
951 930 3178
829 687 2416
883 1000 3337
1331.67 2331 6788
959 946 3337
2252 2415 7175
1191 3054 7314
378.667 634 1108
2979 3752 9785
663 496 1611
1248 2436 6141
2022 2473 7191
1093 1168 3916
473.667 837 2047
1023 887 3345
856 640 2241
1421.33 2276 6417
1026 861 2894
1879 3583 8180
424 671 1702
691 453 1668
3165 3549 9510
628 505 1577
1586.5 2126 6428
1297.33 2489 6643
324 684 1401
399.5 600 1677
599 518 1042
1190 1119 3817
740 749 2123
1997.33 3554 9154
772 731 2432
656 492 1568
861 654 2315
427 675 1769
2563.17 3443 9311
1752 1311 4939
624 505 999
838 1048 3296
961.667 2145 5263
1219.67 1217 4604
366 731 1852
687 455 1543
562 553 1861
771 745 2139
419.667 902 1871
466 230 0
312 364 0
442.667 524 1835
405.667 1103 1923
458 299 304
386 340 0
790 725 2432
230 472 830
386 370 387
492 216 0
430 322 655
422 276 0
236 487 939
492 254 922
418 338 721
316 427 571
278 422 0
348 362 0
448 283 296
306 406 0
422 318 278
306 455 347
312 395 454
458 254 0
448 260 0
230 440 0
342 414 789
348 387 764
242 463 913
486 269 822
466 274 746
242 426 0
418 300 0
812 681 1973


475.333 797 2774
1562 3120 7670
1065 1227 4067
2374 3288 8938
1596 2041 6016
1696.33 2860 7318
975 904 2811
926.333 968 3816
775 731 2515
1236.5 2492 6494
1593 1494 5168
792 1458 4003
1772.33 2085 6210
1783 2787 7635
839.667 1699 4350
1462 2911 6932
502.333 701 2406
826 1429 4067
1181.5 1607 5023
862.333 773 2581
990 920 3104
1819 1951 5865
1469.5 1993 5680
1080.67 2065 5838
638.333 952 3061
2182 2035 6251
3181.5 3576 9688
1092 841 3036
896 626 2282
654.667 1181 3557
1883 2513 7299
904 994 3412
1799 2058 6429
863 654 2065
1348.67 3138 6605
933 1532 4378
962 908 3070
971 1283 4108
1304 1816 5582
3109 3974 9906
1608 1754 5804
1838 1930 5816
1135.33 1507 4913
1049 859 2811
2457.17 3493 9216
2118.83 3378 8671
745.5 677 2499
871 1000 3387
1424.5 1865 5644
917.5 1104 3592
562 553 1861
763 757 2533
1062 1235 4067
682.667 1717 4358
879.333 1262 3857
720 773 2441
1835 1615 5709
1047 864 3019
2792.33 3769 9743
695 1307 3749
408.333 820 2323
590 1551 4185
1571.83 3818 8086
1431.33 2010 5758
835.667 937 2860
599 518 1042
1214.33 1822 5454
2787 3278 9182
1617.67 1709 5485
862.833 1577 4698
2163 2607 7706
1697.67 1999 5975
1561.17 2817 6954
1581 2785 6760
1240 1089 4084
1006 884 3205
1508 1807 5782
643 483 1493
1187 1118 4109
1583.33 2118 6690
378.667 634 1108
792 1133 3421
773.333 1481 3874
975.833 2449 5739
1108.83 1994 5484
929 938 3070
3170 4002 10065
856.333 1767 5135
390.667 849 2022
767.667 1499 4175
356.333 911 2390
1221.83 2012 5918
959 909 2954
1486 1200 4363
2522.33 3352 9052
2257.17 3477 9158
951.667 1185 3883
1052 1242 3926
796.5 945 2970
2342 2227 6719
343.333 918 1459
347.667 898 1134
925 967 3162
1579.33 3082 7074
1910 2447 7470
1502.67 2815 6547
635 484 1419
856 668 2157
2251.33 3118 8497
2010 1846 5944
2489.83 3923 9693
954 616 1915
1452.33 1670 5217
688 1299 3683
1350 2067 5937
2063.5 1991 6122
1454.5 1463 4930
2007.33 2275 6870
2874 3153 9022
753.5 667 2057
889.667 1251 4083
1861 2310 7282
436.667 1075 3121
627.667 780 2490
1625.5 2646 7310
1778 3069 8342
537.333 1007 2946
1071.33 2447 5538
1063 871 3035
837.833 1876 4553
1448.5 2853 6748
876.167 1793 5337
1864.17 3997 9655
409 713 1651
740 735 2516
1949.33 3297 8471
1328.67 2184 5976
400 719 1677
833 674 2208
1109.67 1215 4856
1860.67 2870 7862
1158.5 1640 5098
1431.17 2103 6065
1464 1577 5417
1820 3307 8605
1530.67 1727 5685
633 494 1209
622.333 1287 3228
993 909 3254
366.333 907 2507
2382 2131 6936
910 968 3355
394 694 1568
1007.17 1654 5200
718 792 2774
2156 2950 8467
1493.33 2401 6461
1989.17 2616 8137
624 505 999
1364.67 3390 6860
1798.5 3669 9434
500 1339 3490
843.667 1525 4371
858 1147 3800
1215.67 1440 4888
626.5 957 2894
717 776 2508
1090.33 1598 4941
1109 1208 4125
1074 856 3112
3133 3377 9346
2822.67 3182 8519
1477.33 2330 6218
935.667 1372 4336
424 671 1702
1848.67 2522 6827
622 520 1477
628 505 1577
1125 759 2582
2153 2059 6696
687 455 1543
1106.17 2187 5892
442.667 524 1835
1488 1957 5654
634 502 1744
668.5 1006 3388
3034 3450 9643
634 1249 3228
236 487 939
278 422 0
379.333 652 1125
403 680 1619
427 675 1769
348 362 0
306 406 0
1515.17 2450 6719
956 956 3121
1530 2833 6969
466 274 746
448 283 296
656 492 1568
418 338 721
230 440 0
486 269 822
663 496 1611
431 659 1551
312 395 454
316 427 571
386 370 387
430 322 655
242 463 913
1031 879 2911
645 475 1118
348 387 764
422 318 278
448 260 0
242 426 0
458 254 0
306 455 347
386 340 0
418 300 0
422 276 0
312 364 0
492 254 922
691 453 1668
342 414 789
492 216 0
230 472 830
466 230 0
458 299 304
488 706 2021
366 731 1852


2770.17 3125 9264
1596 1402 4663
1596.33 3105 7595
811 1194 3733
1016.5 1150 3575
890 652 2182
1071 840 2734
656.5 1261 3785
1026 906 3346
1121 830 3254
719 1183 3616
1587 2252 6325
729.5 906 2786
1095 1166 4184
1604.5 2618 7769
1077 1193 4118
961 923 3279
1106 2130 5418
1850.5 2428 7627
1224 1076 4092
496.667 1317 2811
722.667 1001 3345
1855.33 2356 6714
472.5 866 2024
462.667 1025 2677
1044 860 3153
1641 2298 6460
586.333 1008 3035
897.667 891 2987
912 988 3328
839.667 1551 4290
801.667 960 2961
915 1381 4571
545 949 2499
1430.67 1905 5855
1424.5 1536 5376
1290.33 2027 5886
1307 1324 4259
733.333 915 2885
691 453 1668
1510.67 2916 7420
402 881 1955
1752 2435 7004
2066.17 3108 8016
788 1584 4393
1075.67 1350 4080
1150 1840 5074
1336 1688 5334
633 874 2674
1334.5 2872 6777
2120.67 3037 8851
1500 2394 6681
633 494 1209
1185.17 1890 5422
427 675 1769
563.5 807 2507
2181 2379 7340
678 1188 3684
1597.33 2132 6323
556.667 1316 3236
1785 2268 6676
1240 1051 3541
743 1462 4192
814.667 963 3012
565.667 898 2657
819 982 3086
575.333 1290 3974
1597 2515 7257
1550.33 2460 6695
663 496 1611
1556.17 2309 6657
940.5 2292 5621
621 509 1711
600.167 661 2599
424 671 1702
1210.5 1665 5067
1443.33 3404 9972
2174.67 3294 9078
974.5 2142 5346
1092.5 1087 3958
1104 828 2786
806.333 1596 5016
1254 1020 3504
2260.5 3266 9147
963.667 1910 5312
1119 778 3228
584.667 772 2657
517.5 1120 2903
581.5 802 2398
643 483 1493
1151 2256 5848
561 911 2390
2115 2023 6365
1191 715 2607
672 1232 3596
1699 2361 6972
1437.67 1804 5778
1385.5 1819 5611
1522.67 1764 5863
564 1333 3604
845 1025 3446
1481.33 2914 6805
1195.5 1940 5864
524.333 1017 3161
2135.67 2204 6871
1676.67 1565 5760
1272 1048 3834
2013 1390 4747
1843.67 2039 6501
1010 890 3096
783.333 855 2774
2005 3107 7815
635 484 1419
497 892 2190
484.333 941 2481
1699 2144 6415
439 861 1914
563 880 2140
1303 964 3412
431.333 1045 2515
524 1265 3044
378.667 634 1108
358.333 859 1619
835.5 1202 4043
499.5 882 2248
1340 1303 4313
366 731 1852
1147.17 2392 5662
1021.67 1418 4838
583.5 767 1973
2018 2238 6507
399.5 600 1677
379.333 652 1125
442.667 524 1835
1678.67 2942 7778
877.5 924 2979
1039.83 1826 5041
2634 3676 10572
697.5 1040 3538
1424.17 2619 6730
1192 1064 3825
322.333 989 2314
740.667 1742 4516
542.667 1576 3770
1356.33 1598 5051
645 475 1118
493.333 1012 2490
1098 779 2665
2305.5 2726 8308
1284.33 2253 6262
742.5 1263 3925
1070.33 1194 4050
656 492 1568
1716 1353 4723
1056 846 3179
1500 1636 5557
844 1410 4730
730 1157 3615
2151 2350 7064
905 652 2314
1332 1568 4967
533 981 2590
687 455 1543
886 657 2182
547.333 992 3027
975.667 1179 3776
704 801 2683
1195.5 1793 5367
628 505 1577
324 684 1401
3109 3268 9456
1162.67 1845 5226
1555.17 2829 6846
1475.17 1793 6177
1244.67 2398 6604
1172.5 2061 6093
899 622 2157
922 908 3136
434.333 1042 2490
634 502 1744
1910.33 3154 8240
1204 1336 4538
896 626 2282
300.667 694 1568
624 505 999
486 269 822
525 901 2274
242 426 0
230 440 0
942 591 2533
466 274 746
1437.67 1497 5055
418 300 0
242 463 913
422 318 278
562 553 1861
458 254 0
422 276 0
458 299 304
1015.17 1846 5410
1057.5 1369 4109
312 395 454
466 230 0
342 414 789
492 254 922
418 338 721
386 340 0
236 487 939
312 364 0
492 216 0
448 283 296
278 422 0
230 472 830
348 362 0
448 260 0
316 427 571
306 406 0
430 322 655
599 518 1042
348 387 764
386 370 387
306 455 347


1222.33 1765 5110
1104 1156 4159
1542 2061 5754
1975 3651 9084
728.5 691 2057
1304.5 2313 6544
1450.67 2072 5731
1244.33 1526 4957
864 1059 3311
645.333 2170 4430
386 876 2165
810 713 2516
1872 2867 7727
1124.67 1050 4025
1815.67 2899 8095
1352.83 2515 6604
851 1064 3411
1816 1619 5359
2848.33 2950 8292
1340 1354 4897
1086.33 1308 4302
1609 2260 7676
669 825 2157
978.333 1625 4716
786.667 985 3294
2360.5 3199 9154
753 768 2298
379.333 652 1125
2341.5 2729 7772
394 694 1568
1641 2132 6229
992.667 825 3302
840 1107 3732
708.667 920 3236
786.333 1174 3699
1047.67 1953 5143
1153 1505 4655
926.667 860 3236
835 674 2289
1980.33 3546 9344
616.333 776 1964
1878 1920 6671
727 757 2257
930.667 1686 5100
504.5 1137 3237
1462 1895 5669
833 674 2208
1613.33 2029 5963
733 1290 3725
877.667 1214 4251
1927.67 3052 8838
789 743 2474
1141.67 1052 4241
762 749 2324
1578.17 2087 6164
1196.67 1793 5534
1068 2113 6134
1562 2623 6963
561.5 1027 3288
1366 1290 5066
794 725 2090
2384.83 3913 9368
1335.67 1590 5151
2256.33 2755 7865
704 794 2198
483.667 1396 3824
593.667 828 2490
822 1323 3966
1126.5 2580 6635
846 1222 4241
1295.67 1206 4284
599 1240 3337
1280 1389 4646
1106.67 1103 3773
1509.67 1828 5537
784 1188 3538
1461.67 1483 5350
585.5 771 1956
1121 1950 5335
1514.17 2086 5938
418.333 1096 3154
1195 1890 5206
785 738 2215
682.5 1631 4513
661.667 1272 3707
1606.5 2961 7466
889.667 1327 4623
907 985 3388
621 509 1711
707.333 1338 3867
1308 1739 5109
1926 1890 6671
1462.5 1910 5704
347.667 941 1872
1801.83 2122 6853
1673.83 2964 8007
984 915 3404
1679 1721 5925
691 453 1668
633 494 1209
828 696 2565
723.333 1124 3495
843 697 2582
863 625 2341
651.5 1022 2885
1245.33 1741 5122
817 686 2140
815 1121 3824
1149.83 1932 5286
1786 3108 8450
1575 1532 5351
1597 1836 5590
1857 1592 5488
661 847 2674
1043.5 1065 3542
1134.5 1510 4890
663 496 1611
2964 3131 9122
421.333 833 1897
2359.17 3921 9412
559 1084 2954
907.667 1103 3414
1518 1167 4721
624 505 999
689.333 1574 4261
442.667 524 1835
1344 1329 4721
2108.67 2993 8371
1685.67 1853 6048
893 631 2582
814 1411 3992
2571 3844 10554
871 1000 3387
723 773 2139
988 897 3455
2571 3740 10251
820 710 2266
1184 2470 6272
699 960 2961
644.5 789 2148
634 502 1744
1481.33 2181 6269
1537.67 2471 6552
1075 1196 3949
767 736 2106
673 811 2299
836.667 2249 5665
478.667 861 2665
1093.33 1903 5254
705 783 2475
692 797 2774
1380 2581 6803
456.667 761 1872
643 483 1493
1279.33 2093 5676
911 973 3329
635 484 1419
2213 1701 5530
2255.17 2887 7874
598 890 2691
645 475 1118
693.333 1429 4393
424 671 1702
721 771 1972
427 675 1769
324 684 1401
1586 2876 7445
415.667 1119 2314
628 505 1577
676 798 2205
687 455 1543
492 216 0
671 814 2499
599 518 1042
800.5 1301 3908
322.333 945 1568
779 734 2148
562 553 1861
643.5 1076 3405
687.667 1435 4005
458 254 0
386 370 387
366 731 1852
342 414 789
1530.5 2627 7158
454 902 2314
1196.5 1910 5305
486 269 822
312 364 0
348 387 764
1503 1648 5468
422 276 0
466 230 0
1332 1692 5509
492 254 922
386 340 0
656 492 1568
316 427 571
306 406 0
306 455 347
230 440 0
399.5 600 1677
348 362 0
418 338 721
236 487 939
230 472 830
448 283 296
242 426 0
458 299 304
418 300 0
1265.33 1487 4808
242 463 913
422 318 278
466 274 746
430 322 655
549.5 837 2616
312 395 454
278 422 0
448 260 0


648 1191 3349
1384 2178 6519
576 831 2314
2186 2345 7090
943.833 1947 4896
550.333 824 1861
867.167 1737 4698
1213 1622 5033
840 2619 4915
1046.67 1142 3866
787.167 1185 4109
655 827 2532
1101 1182 3977
693.333 959 2859
1062.33 2116 6174
1683 1516 5086
722.833 1536 4463
1251.67 1304 4722
933.667 845 3128
659 1523 3504
2051 1859 6340
1185.17 2060 6190
604.333 1313 3213
1686.67 2251 6803
654.667 1553 3993
1243.33 2304 6503
3010.67 2917 8136
706.667 954 3386
1031.67 1413 4393
530 963 2590
1306.67 1627 5042
542.333 949 2533
378.667 634 1108
1192 1058 3504
927.5 1213 4259
662 831 2533
2369.5 3522 9357
821.5 921 2970
797.5 1168 3899
477 1312 2719
1732.5 1991 6182
2295.67 3047 8126
2399.5 3008 8104
1288.33 2256 6460
718 1147 3421
1702.67 3230 7969
537.667 1020 2920
1069.67 1096 3783
636 1006 2693
1024 883 3295
899.667 1954 4851
1104 794 2683
1730.5 2648 8017
621 840 2365
1434.5 1999 6105
2135.67 3697 9626
2048 2250 6973
1084.67 1074 3699
522.333 1021 2406
797.833 1468 4621
690.833 1146 3170
600.5 777 2131
930.667 1069 3540
885 1093 3414
1170 741 2886
664.667 1226 3590
2463 3160 8861
1139 1493 4905
480 1320 3415
661 998 2943
754.667 1952 4687
1967 1899 6552
505 1227 2553
767 753 2650
708 817 2598
562 553 1861
1491.5 2446 6960
672.667 697 2556
891.5 1458 4342
1475 2012 6189
1115.67 1436 4496
568.5 777 1981
782 695 1964
1610 2472 7483
1963.67 3793 9099
2604.5 3032 8259
933.833 2735 6118
1114 1482 4689
646.333 998 2819
2437 3411 9205
599 885 2423
402 881 1955
1204 1435 4396
2293.5 3684 9629
1859 3330 8349
518.667 854 2314
1215.67 1357 4379
1455 1582 5041
399.5 600 1677
1419.83 2453 7181
675.333 1145 3078
1229.5 1490 4873
2139 2410 7018
1438 1218 4387
1059.33 1383 4370
914 1428 4361
679 836 2683
2730 2965 8217
1975.17 3115 8696
978 1091 3608
1008 921 3404
1043 1574 4988
922.833 2123 5069
1568 1520 4934
525 1015 2786
970.333 1649 5838
1585.33 2318 6894
703.667 898 2819
812.667 819 2961
769.5 949 2912
873 1257 4167
624 505 999
726.5 1245 3591
520.667 1191 2719
1062 824 3087
300.667 694 1568
634 502 1744
645 475 1118
1617 2062 6282
599 518 1042
1428 1258 4923
1549.5 2895 7184
687 455 1543
1703.5 2996 7491
1488.67 2091 6208
1339 2650 6946
3081.33 3107 8361
2296.17 3599 9724
695.667 1139 3112
366 731 1852
2833.17 3196 9105
621 863 2573
1567 2422 6995
669.667 1184 3052
427 675 1769
1745.33 2002 6502
536.667 968 2657
663 496 1611
691 453 1668
925.667 1062 3446
473.667 902 2357
748 1502 4150
324 684 1401
442.667 524 1835
628 505 1577
919 1016 3387
316 427 571
424 671 1702
1238.17 2655 6326
621 509 1711
348 362 0
230 472 830
1775.5 2049 6633
2993 3131 8771
418 300 0
379.333 652 1125
790.667 609 2581
312 364 0
230 440 0
3112.17 3425 9889
534 1262 2944
322.333 989 2314
643 483 1493
386 370 387
458 299 304
422 318 278
348 387 764
312 395 454
1881 2233 6661
627.667 780 2490
492 216 0
635 484 1419
306 455 347
430 322 655
2105 3439 8849
1289.5 1640 6090
236 487 939
466 230 0
448 260 0
448 283 296
492 254 922
422 276 0
278 422 0
2415.67 3630 9922
418 338 721
342 414 789
592.333 1299 3103
606 873 2423
386 340 0
486 269 822
242 463 913
2099.5 2547 7987
458 254 0
633 494 1209
242 426 0
466 274 746
306 406 0
398.667 1152 2481


907.333 1651 4948
856 661 2599
1710 1382 5025
1223.67 1341 5014
923.333 1819 5468
529.5 741 2507
513 994 2968
1102.67 1723 5441
903 973 3162
483 814 2499
1086 830 2952
522 937 2676
693 1187 3300
1295 1014 4241
1516 1545 5192
1071 840 2734
1349 1327 4373
1104 805 2685
530 589 1485
1015 869 3062
576 528 1686
650 1202 3253
723.667 895 3061
1753 1685 5847
1771.33 2866 7670
808.833 1366 4270
1021 873 3153
1271 1017 3487
1492.83 3156 6799
1463 1560 5084
1444 1601 5451
1006.33 1736 5142
685 1211 3315
1587.33 2739 7041
572 936 2986
1052 1207 4066
628 1365 3476
1112 1161 4042
671.333 1282 3592
1165.17 2302 6494
1317 999 3550
2180.67 2015 6662
507.5 535 1235
2384 2916 8105
573.333 914 3144
1130 1158 3817
1206 1080 3800
855 666 2231
2098.67 2847 7440
1238.5 1785 5544
559.667 738 2047
1316 1332 4362
1157.67 1423 4839
1734.5 1847 6419
480.333 555 1309
1234.33 2212 6064
935 1106 3615
478.667 861 2665
1231.67 1970 5865
1586.67 2987 7478
823 1774 4722
565.5 1146 3187
2174 1780 6171
1040.67 1402 4746
2131.83 2527 7794
2461.33 2752 7974
1552 2376 6816
1913 2187 6755
1157 820 2760
1483 1228 4279
682.667 680 2665
1693 1687 5459
378.667 634 1108
1754.67 1579 5267
1076 1154 3750
1468 1278 4913
1117.33 1671 4967
415 1115 2340
2080.67 3393 9702
693.333 993 3429
1087 1587 4767
458 810 1955
1095.17 1304 4210
2136 2083 6560
1057 846 2686
598 890 2691
855.667 1624 4329
1502.17 3343 7496
473.667 837 2047
1249 1072 3983
1016.33 1699 5301
1031.67 2095 5670
1846 2030 6502
1239 1049 3533
929 968 3412
488 706 2021
893 631 2582
1545.17 3529 8082
1465 2800 6540
716.5 1249 3790
1507 2922 7387
454.667 1038 2894
2730.67 3858 9897
974 939 3363
475.333 760 1861
1303.83 1964 6285
1049 855 3188
866 1165 3658
569 543 1586
1124 2048 5976
439.5 887 2398
2351.17 3019 8571
366 731 1852
633 494 1209
968.5 1607 4868
643 483 1493
1879.83 2852 7880
1595.17 3125 8938
797.833 2064 4629
2449.33 2848 8746
857 669 2683
399.5 600 1677
848.333 1672 4913
1036 864 2812
300.667 694 1568
562 535 1376
1095 1694 5033
718 899 2877
962 1493 4747
1923 3021 8208
531 603 1761
594 524 1835
952.667 1373 4364
1452.67 3133 6625
1537 2781 6824
942 591 2533
990 904 3320
922.833 1575 4704
1943.33 3819 9321
386.667 1164 2464
1661.17 2307 7407
880 644 2072
636.333 1355 3900
599 518 1042
691 453 1668
1258 1035 3477
1620 1884 5898
1018 916 3363
389.667 859 1915
1639 2147 6477
844.667 1175 3925
783 1250 4184
817.333 1683 4306
872 649 1889
634 502 1744
921.667 1856 4967
1480.33 2167 6742
3088.5 3561 10073
532 588 1326
2392 2999 8295
379.333 652 1125
1135 816 2693
1604.17 1982 6411
2247.33 3250 9482
687 455 1543
2024 2143 6536
1237 1733 5478
635 484 1419
742 1387 4000
1598.17 2780 7116
446.667 852 2047
738 1398 3908
1372 1335 4612
692 1015 3294
1286 995 3484
1620.67 2747 7081
818 1067 3495
528 591 1752
512 594 1594
663 496 1611
2680 2660 8079
1431.17 3215 6515
910 609 2607
1599.17 2663 6848
1144 1078 3758
549.5 837 2616
1920 1886 6507
1142 1103 3867
585 525 951
482 619 1743
2271.33 2871 7925
833 674 2208
815.333 1082 3515
1306.33 1814 5761
547 565 1652
547 552 1510
945.667 1171 3659
628 505 1577
609.667 1589 3362
1905 2211 6937
516.333 683 1835
312 364 0
230 440 0
316 427 571
458 254 0
562 553 1861
624 505 999
386 370 387
418 338 721
278 422 0
242 426 0
430 322 655
466 274 746
348 362 0
588 540 1735
422 318 278
466 230 0
621 509 1711
306 406 0
348 387 764
492 216 0
1311 1620 5379
306 455 347
242 463 913
448 283 296
645 475 1118
424 671 1702
386 340 0
458 299 304
427 675 1769
540 580 1535
236 487 939
342 414 789
422 276 0
230 472 830
418 300 0
312 395 454
492 254 922
486 269 822
448 260 0


1595.67 2248 7033
966 913 3079
1018 911 3162
344.333 941 1864
1530.67 2693 6658
1152.67 2116 5814
598.667 813 2490
492 992 2599
2389.5 3104 8485
574.667 1005 2774
1037.83 2181 5269
1032 866 3087
1398 1288 4663
933.667 1466 4663
830 662 1989
1178 1107 4084
1016 905 2979
942 946 2929
514.667 1258 3690
982 1441 5055
1579 1434 4881
835 688 2465
821 1623 4236
1008 921 3404
399.5 600 1677
926 621 1939
466 1304 2628
1070 862 2894
915 965 3271
2298 2347 7061
897 2100 5200
2741.5 3767 9700
731 1111 3403
703.333 1276 3774
971.667 1222 3557
772.333 1720 4537
860.333 1505 4429
2783.33 3452 9722
936 617 1947
833 674 2208
1086 1874 5410
2145 2811 7592
963 587 2465
963 912 3036
2621.33 3153 8628
2168.5 3553 8963
2062 2511 7094
1953.17 2688 7342
722.333 1309 4083
812 691 1890
484.667 1051 2877
686.5 697 2332
760 695 1982
1933.83 2997 7929
1054.5 2437 6190
563 1040 3388
1811 1681 5798
995.333 1040 4033
386 876 2165
1770.33 3208 7365
1132.67 1730 5086
2999.5 3069 8956
864.5 912 2712
1172 1665 5401
1006 1851 5126
2391.5 2429 7257
723 779 2624
2688.17 3541 9108
2121.67 3529 8855
2120 2439 7051
2779.67 3734 9546
1010 1264 4057
1265.5 2729 6551
764 942 2693
931 953 3254
827 701 2482
1262.67 2808 6366
890 1703 4984
1538.17 3239 7187
980.333 1406 4428
638.333 998 3312
748.333 1254 3665
1118.67 2189 5773
2371.67 3520 8905
566.333 1031 2944
1974.33 2812 8353
1790.33 2865 7856
2578.67 3783 9269
1140.33 2335 5964
1240.33 1979 5788
2531.67 3155 8791
445 1032 2490
663.667 1260 3707
690.333 1307 3883
424 671 1702
420 1127 2435
695.333 949 3236
624 505 999
857.833 1549 4094
641.667 723 2581
427 675 1769
3016 2708 7619
1347 1649 5394
2826.33 2701 7371
862 681 2482
671 1533 3900
970 906 2978
852.667 1877 4631
379.333 652 1125
1245 1795 5781
1585 2221 6317
1915.67 3414 8115
2194.67 3183 8903
1448.83 3159 7178
634 502 1744
2026.33 2103 6803
1502.67 3892 7578
622 869 2499
622.667 794 1930
1468 1228 4404
900 637 1921
1361 1281 4253
2473.33 4139 9522
442.667 524 1835
1766.67 3271 7252
1112 2837 6488
404.333 800 2332
1029 884 2710
552.667 841 2481
2948 2785 7443
544.333 930 2657
687 455 1543
324 684 1401
1540 1566 5091
695 1185 3446
643 483 1493
1018 842 2691
1550.83 2260 6760
781 1276 3799
720 782 2650
635 484 1419
691 453 1668
621 509 1711
596 904 2573
1391 912 3495
1877.67 3533 7983
527.667 973 2650
684.167 859 2599
1420 1618 5143
1642 1830 6331
425.5 903 2466
1610.67 1579 5447
912 629 2015
1513 1161 4597
726 765 2625
1516 1545 5063
1278 1802 6283
1431 1280 4153
944 928 3079
495.667 1252 3337
902 1420 4368
1650 2117 6495
2153.67 2614 7293
562 553 1861
945 948 3345
851.667 1250 3524
933 652 2114
3165.5 3965 10543
939 1290 3842
1081 1826 5202
2953.5 3832 9789
663 496 1611
2318.33 4043 9177
1047.17 1292 4664
599 518 1042
300.667 694 1568
2094.33 3247 8634
942 591 2533
868 1013 3447
380.333 894 2223
366 731 1852
476.667 975 2541
378.667 634 1108
645 475 1118
2673.33 3135 8607
1710.33 3785 7931
365.667 911 1855
646.667 706 2406
656 492 1568
492 216 0
1040 838 2774
316 427 571
342 414 789
2453.67 3554 9120
312 395 454
633 494 1209
386 340 0
448 283 296
348 362 0
422 276 0
278 422 0
430 322 655
628 505 1577
2013.67 2541 7258
458 299 304
492 254 922
486 269 822
386 370 387
448 260 0
466 230 0
458 254 0
242 426 0
466 274 746
348 387 764
306 455 347
230 440 0
775.167 1129 3429
418 338 721
242 463 913
236 487 939
422 318 278
1050.17 2099 5318
418 300 0
312 364 0
230 472 830
306 406 0


2066.33 3226 7911
2288.67 3564 9384
593 887 2423
934.5 841 2786
2186.33 2265 6923
2254.17 3297 8474
668 843 2299
732 1147 3336
629 875 2507
1472 1819 6257
468 1320 3145
380.667 870 1955
1947 2408 7348
692 797 2774
645 1248 3265
1010.5 1330 4120
796 1109 3354
950.5 1219 4101
569 543 1586
1568.17 2654 6888
800 1062 3210
651 827 2273
844 1046 3504
2625.33 3324 9522
1201.83 2146 6584
654.667 799 2248
939.333 1219 3690
712.5 1000 3121
1012 879 3520
729.5 687 1955
2041 2745 7770
627.333 1416 3634
1414.33 1785 5715
862 681 2482
1651.33 2280 6615
586.5 1124 3187
2712.83 3709 9915
1868 2992 7474
1023 1213 4158
601.333 802 1947
677 842 2349
1201.5 2402 5786
833 667 2341
1204.67 1671 5543
2844.5 2897 8273
1238.67 1295 4319
668.5 1028 2894
467.333 1273 2532
755 1131 3412
1690.67 2794 7207
628 505 1577
820 703 2399
1263.5 1502 5652
1696.5 2121 6518
1913.67 3128 7858
1355.67 2658 6643
932.5 2134 5450
324 684 1401
651 1371 4712
532 588 1326
643 483 1493
663 496 1611
1103 793 2602
1098 867 2828
562 553 1861
397.333 1153 2482
2347.83 3079 8137
347.333 934 1576
574.667 1256 3154
1189 1112 4317
710 958 2794
400 857 2340
1122.83 1966 5714
795.5 1292 3842
633 845 2231
790 725 2432
1445.67 3348 7287
686.5 697 2332
532.667 997 2343
1887.83 3648 8503
599.333 1549 3883
687 455 1543
614.667 961 2691
532 554 1060
999.667 1968 5050
644.5 789 2148
427 675 1769
852 685 2423
728 896 3161
1000.5 1801 5435
1286.5 1841 6464
988 897 3455
1172 1724 5521
591.5 1335 3600
1892.67 2620 7703
761 1116 3213
599 518 1042
665 848 2332
679 836 2683
1039 1261 4176
914 1358 3975
491 832 1872
931 965 3414
300.667 694 1568
347.333 961 2147
635 484 1419
2445 2858 7915
570.5 964 2507
1654.67 3001 7300
1161 1111 3833
903 642 2014
913 1349 3894
626.333 1254 3399
576 528 1686
584 887 2398
1808 2881 7340
622.333 803 2131
1516 1696 6382
1008.17 1698 5027
512 594 1594
675 1223 3624
1066.5 1748 5468
507.5 1112 2507
2439.83 3532 9808
1599.67 1351 4512
1171 1927 5484
1876.5 2503 7282
604 1036 2911
547 552 1510
2353 2260 6682
2275.83 3086 9000
1021.5 1637 4807
2444 2524 7444
424 671 1702
707 791 2473
617.667 1170 3245
554.333 934 2473
627 852 2197
1524.5 1380 5081
2169.17 3692 9424
993.667 1007 3692
537 981 2518
733 750 2416
547 565 1652
1170 741 2886
2121.33 3153 8258
585 525 951
947.333 1120 3667
691 453 1668
542 1002 2869
671 850 2415
1796.33 2397 7176
480.333 555 1309
1292.67 1421 4749
1898.67 3272 7949
884 1921 4770
556 903 2466
725 756 2499
591 1043 3052
366 731 1852
1932.83 3406 8560
606 887 2682
2075.67 2618 7446
656 492 1568
588 540 1735
799 712 2565
546.5 826 2157
634 502 1744
1011 887 2987
531 603 1761
2393.5 2954 8342
550 544 1209
2260.17 3590 9030
1164 795 2759
621 509 1711
1026.67 1106 3799
806.667 934 3345
562 535 1376
874.833 2024 4907
530 589 1485
499 1258 2935
581 1309 3438
492 216 0
2329.5 3013 7805
775 727 2432
633 494 1209
379.333 652 1125
482 619 1743
528 591 1752
342 414 789
540 580 1535
2059.83 3125 7899
242 463 913
645 475 1118
496 1260 3099
306 455 347
230 472 830
624 505 999
236 487 939
2173 2365 7366
306 406 0
230 440 0
448 283 296
316 427 571
863 654 2065
486 269 822
348 362 0
418 338 721
399.5 600 1677
422 318 278
348 387 764
492 254 922
312 364 0
651.5 1291 3716
516 1080 2415
312 395 454
418 300 0
3002 3664 10644
386 370 387
278 422 0
466 230 0
422 276 0
458 299 304
242 426 0
386 340 0
458 254 0
430 322 655
466 274 746
1794.33 3076 7543
448 260 0


923 967 3153
1246 2618 6987
1314.67 1563 5351
1003.67 1502 5249
968 900 3170
2708 3038 8561
1252 1798 5277
1005 2338 5659
2108.67 3195 8486
1814 2070 6485
1381.67 1528 5425
810.333 1690 4303
775 727 2432
940 943 3447
673.833 839 2581
901 986 3221
855 674 1989
1564 2235 6394
1840.83 2301 6638
836 684 2189
725 756 2499
1434.33 2308 6719
897.667 1245 4426
1019.67 1100 3808
1174.67 1406 4696
912.167 1124 4083
645 475 1118
1647 3281 9032
925.333 1730 4824
804 725 2490
1756 1656 5856
672 1062 3060
689 1153 3446
1614.5 2971 7484
1949.5 2488 8485
1167 1073 3520
642.5 748 1981
1236 1077 3707
1689.5 2282 6401
1174 1095 3699
730 754 2340
863 625 2341
1708.83 3086 7847
424 671 1702
1044 884 3010
671.5 742 2065
1383.33 1802 5659
1491.17 1538 5560
753 740 2323
385.667 869 2481
663 496 1611
557.333 1543 3900
856 649 2165
883.667 1135 3447
857 669 2683
990.333 2430 5361
963.667 1566 5080
442.667 524 1835
615.667 1310 3974
934 937 3137
1228.5 1023 3616
989 1781 5200
414.667 1137 3329
1682 2451 7106
2191.67 3120 8933
2507.67 3771 10159
781.667 981 3078
1970 3957 9705
634 502 1744
954.5 853 2778
1343.83 2576 7238
724 762 2441
628 505 1577
620 954 2846
1157.83 1886 5973
994.667 1143 4149
704 801 2683
1131.33 1450 4956
1646 1787 5856
899 964 3053
997.667 1361 4537
1291.17 1645 5316
506 999 2819
1020 866 2911
858.5 1437 4537
2272.17 3713 9863
754.667 987 3319
1118.17 1479 4632
751 745 2307
1647 1407 4914
1935 2236 7199
820 708 2457
743.333 1154 4167
768 708 2332
949 594 2266
931 964 3104
612 865 2516
624 505 999
817.333 1775 4506
716.5 1557 4201
1019 878 2837
618 945 2794
324 684 1401
1593 1409 4731
910 609 2607
793 740 2525
746 751 2498
919 981 3396
1047 864 3028
600.5 777 2131
879.5 926 2846
756.333 1427 4200
400 857 2340
1799.67 2197 6628
722 791 2591
761 752 2607
1131 827 2860
926 1683 4730
563.5 807 2507
633 874 2674
924.5 2512 5423
562 553 1861
2486.5 3489 9366
493 1009 2665
777 705 2140
919 1668 4558
1327.5 1728 5493
1760 1682 6100
1867 2355 7816
632 875 2558
687 455 1543
1071.67 2069 5430
557 919 2682
656 492 1568
1680 2085 6315
566 980 3027
803 711 2432
621 509 1711
1260 1380 4662
2981.33 3364 9524
1075 1889 6289
824 690 2625
300.667 694 1568
672.667 1200 3708
635 484 1419
1081 828 3087
962 922 3130
896 953 2961
1048.67 2071 5369
378.667 634 1108
831 669 1955
645 835 2515
1570 1851 5702
647.5 744 2131
431 659 1551
1704 2545 7231
736 772 2657
1450 1205 4241
524.333 974 2711
643 483 1493
400 719 1677
572 906 2599
1049.5 2109 5498
767 753 2650
1822.5 3075 7670
845 684 2574
599 518 1042
1864.83 2514 7234
682 775 2541
409 713 1651
427 675 1769
848.5 1149 3513
312 395 454
1312.5 2398 6352
691 453 1668
764 1107 3322
1827.83 2848 7352
748 729 1964
962 918 2987
497.667 897 2507
1395.67 1222 4244
785.667 1121 3423
906.167 1779 5091
230 472 830
448 283 296
466 230 0
236 487 939
1853.67 1914 6935
2847.5 3559 9786
230 440 0
403 680 1619
492 216 0
342 414 789
386 370 387
422 276 0
831.667 1832 4888
418 300 0
1849.67 2227 6902
487.667 1111 3403
458 254 0
379.333 652 1125
418 338 721
306 406 0
466 274 746
312 364 0
458 299 304
242 463 913
430 322 655
486 269 822
492 254 922
366 731 1852
386 340 0
448 260 0
348 362 0
348 387 764
278 422 0
242 426 0
316 427 571
306 455 347
422 318 278


547 1044 2820
2646.5 3725 9421
604 1034 2776
1508 1928 5924
748 752 2373
2955.67 3848 9929
1441.83 3203 8265
2771 3411 8730
812 691 1890
1014.67 1288 4278
1239.17 1446 4448
1030.5 1095 3691
1865 2669 7743
621.333 1030 3121
1186.5 1609 5560
790 725 2432
1672.67 2128 6436
733.5 1285 3581
2379.67 3837 9447
1961 2229 7282
864.5 1190 4066
1966 1895 6010
1066 944 3565
1216 1081 3682
479 766 2624
1752.5 2224 6671
1076 852 3312
1195 1082 3725
740.5 1038 3337
2913 2778 8024
1110.83 2289 5773
614 1067 3512
1433 1903 5720
708 1269 3526
1680 2371 6502
3190 2949 8278
1667.67 2400 6716
1232.5 1310 4360
1218 1052 3768
1312.17 3248 6734
1621 2194 6185
1917.67 2404 7265
656 492 1568
324 684 1401
889 1532 4513
3476.5 3194 8656
2376 3546 8753
2722 2603 7570
886.333 1425 4270
851.5 1378 4134
753 741 2691
788.333 1547 4697
658.5 763 2157
1703 2122 6670
466.667 833 2182
718.5 1332 3641
824.333 1491 4387
643 483 1493
1879 2455 7207
979 1671 4924
1960 3757 9214
1030 879 2878
400 857 2340
386 876 2165
1838.67 2629 7493
399.5 600 1677
2487.83 3519 9310
1282 1371 4379
1024.5 1101 4167
690.5 980 3170
732 1300 3983
2071.5 3755 8779
1730.5 1965 6294
379.333 652 1125
501.667 1248 3420
1362 1319 4421
1779.5 2686 7081
651.667 1015 2665
963 587 2465
1072 822 2803
739.333 1223 3667
944 1277 4235
834.5 883 3345
623 1026 3070
2549.83 3453 9084
896 626 2282
711.5 1287 3604
575 1024 2657
2801.67 3584 9476
2668.83 4080 9502
1348.5 1980 5831
2190.17 3022 8342
1527 2694 6579
839.5 1204 3538
2885.5 3250 8821
2596.33 3296 8406
801.833 1983 4841
686.5 697 2332
1039 869 3346
1890 1961 6569
1314 1352 4990
777.667 971 3395
1403.17 2212 6478
1086 803 2962
1122.5 1720 4933
1795.33 3172 8231
2631.5 3425 9243
1281.33 2105 6182
2343 2605 7707
1066 859 2935
670 1516 3610
1976.67 2984 8075
820 703 2399
2420 3456 8916
562 553 1861
716.333 1672 3782
815 690 2215
759.667 992 3520
826.667 1872 5714
809 722 2607
2205.67 3347 8562
628 505 1577
976.667 1142 3807
678.333 730 2055
635 484 1419
812.5 1249 3735
1012.5 1422 4238
1293 1739 5595
358.333 859 1619
1168 1097 4035
721.667 962 3061
798 706 2406
1223.67 2467 6424
1938 2989 8313
856 661 2599
845 684 2574
1737.83 2772 6956
1677 1783 5630
1527 1527 5084
716.5 971 3320
805.333 842 2774
2296 2717 7908
1793 3077 7728
634 502 1744
911.667 1621 4916
1394 1271 4279
599 518 1042
2779 3899 10986
1562.33 1962 5948
833 667 2341
1440 1583 5106
691 453 1668
3302.33 3356 8856
1024.33 1451 4655
1120.33 2602 6331
1823 1682 5614
882 1145 4101
358.333 902 2357
427 675 1769
1605 1848 5857
3113.17 3588 9697
1535.67 2692 6585
434.333 1072 3279
679 836 2683
1538.67 2053 6015
356.333 911 2390
1256.83 3017 6689
2028.17 3613 8645
1168 1447 4371
869.667 1766 5187
865.333 1149 3816
1049 1728 5517
1628.33 2582 6537
725 756 2499
1609 2763 6762
1667.67 2933 6824
1252.67 2748 6602
661 847 2674
1360 1338 4439
633 494 1209
300.667 694 1568
843 697 2582
2855.17 3505 9363
551.667 1787 4302
424 671 1702
2806 3383 9172
2346.33 3638 9048
466 230 0
905 652 2314
604 741 1973
2003 1821 5639
687 455 1543
306 455 347
663 496 1611
348 387 764
463.333 846 2139
342 414 789
645 475 1118
624 505 999
676 1032 3161
789.5 933 2803
621 509 1711
230 472 830
1141 1145 4175
418 338 721
386 340 0
492 216 0
2697 3304 8536
278 422 0
448 283 296
442.667 524 1835
242 463 913
366 731 1852
458 299 304
1459.17 2834 6673
422 318 278
348 362 0
230 440 0
430 322 655
312 395 454
448 260 0
486 269 822
378.667 634 1108
466 274 746
458 254 0
236 487 939
418 300 0
242 426 0
312 364 0
422 276 0
316 427 571
306 406 0
492 254 922
386 370 387


1278 1571 5025
857.5 2147 5780
588 1057 2868
1206.17 2759 6384
2347.67 2967 8474
519.5 1096 2674
692 797 2774
661 847 2674
679 836 2683
2278 2675 7893
2630 3782 9405
917.667 1509 4393
790.167 2160 4459
1242 1045 3590
616.667 1703 3859
770.5 1188 4050
1146.83 1529 4965
767 753 2650
1799 2406 7031
696.667 1451 4218
845.5 1763 4718
483 814 2499
1317.83 2632 6306
628 505 1577
883 1000 3337
987.833 1340 4814
1278.17 1861 5329
553 727 2131
910.667 830 3279
823 1500 4320
1490 1800 5747
2938 3594 9706
1167 1935 5264
915 1792 5060
944.833 1568 4557
1749.33 3160 7386
1163.5 2771 5896
797 1730 4487
2082 3011 8007
1479 2446 6360
1576.83 2711 6908
609.167 1033 3070
1515 1529 5410
624.667 732 2624
845 1180 3667
366 731 1852
986 924 3472
557 919 2682
503.333 1228 3121
1226.17 2604 6276
1945 1847 5992
853.833 1052 3438
562.667 1181 3641
1678 1754 5486
894.667 1138 3440
1829 1686 5671
1394.5 1866 5377
646 827 2625
633 874 2674
1320 1640 5151
717 950 3162
860.5 912 3329
514.333 1201 2661
1335.5 1245 4397
2183.67 3210 8129
1715.83 2235 6445
1667.33 2119 6324
1259.33 1775 5278
998 1320 4628
988 897 3455
1863.33 3033 7900
1227.83 2717 6774
499.333 974 2624
1469 1872 5410
356.333 911 2390
395.667 818 2223
1630.67 2777 7296
747.5 685 2423
1000.67 1102 3908
1102.67 2205 5852
936.167 1115 3892
776 1160 3449
549.667 798 2113
741 722 1947
1407.67 1100 4033
2999.33 3587 9438
404.333 800 2332
2271 3010 7936
1837 2597 7574
642 1290 3984
731 1133 3403
3216.67 3530 9475
1510 1157 4150
807.667 1381 4178
1679.5 2266 6627
1374 2177 6324
2799.5 3467 9226
1321 1938 5384
1016 1283 4150
841 659 2239
1486.33 2554 6533
857 1296 4342
502.333 1245 3766
1323.67 2105 6256
1496 1942 5975
1191 1064 3495
1429.67 1453 4942
1884.5 2354 6932
1647 1086 3725
1232 1079 3649
896 621 2031
1975 3233 9190
1638.33 2723 6974
427 675 1769
826 678 2190
656 492 1568
1834 2373 6713
676.333 1647 4036
1567.5 2404 6494
1471 1181 4069
619.333 1128 3399
1195.17 2016 6200
1623 3319 8588
1382.5 1913 5335
1863 2297 6855
2667 3532 9417
399.5 600 1677
554.333 955 2581
1184 1133 4043
621 509 1711
1765.33 2516 6932
1044.33 1578 5040
608 956 2986
1625.67 3073 7241
1634.33 2619 6534
2708 2972 8583
1636 2478 6816
911.333 1292 4193
2410 2542 7209
1940 2760 7860
893 962 3371
1195 1952 6090
1684 1694 5600
920 626 2315
942 609 2581
1115 2124 5723
470 1302 2635
300.667 694 1568
1560.33 1991 6192
3046.17 3757 9761
502 953 2558
2404.33 3545 9231
378.667 634 1108
1056 872 3412
1536.17 2027 6264
969.667 1729 4683
532.667 1239 3156
2286.17 3223 8554
1817 3091 7385
827 682 2241
824 1543 4538
2136 2521 7124
645 475 1118
643 483 1493
636.667 1266 3875
828 696 2565
846 680 2449
1091.5 1981 5202
1136.5 2079 5370
1707.5 1931 6114
1018 1262 4747
624 505 999
424 671 1702
599 518 1042
1824 3042 7820
1545 1492 5151
1871.67 2565 7052
726 765 2625
621 863 2573
1697.33 1873 5868
2488.67 3961 9236
1432.33 2513 6334
691 453 1668
306 406 0
1872 1870 5872
635 484 1419
844.167 2009 5292
492 254 922
823 725 2432
1751.5 2311 6657
663 496 1611
633 494 1209
856 649 2165
442.667 524 1835
230 472 830
242 463 913
687 455 1543
634 502 1744
2372 1877 6092
486 269 822
422 318 278
312 364 0
418 338 721
230 440 0
458 299 304
1029 885 3286
386 370 387
448 283 296
306 455 347
278 422 0
379.333 652 1125
458 254 0
448 260 0
466 274 746
849.667 897 2877
386 340 0
418 300 0
2058 2165 6589
466 230 0
430 322 655
348 387 764
492 216 0
422 276 0
348 362 0
236 487 939
562 553 1861
312 395 454
316 427 571
242 426 0
342 414 789


385.667 869 2481
1244 1368 4512
380.333 894 2223
764.333 1141 3759
761 1619 4445
566 901 2515
2403.67 2992 8582
1047.67 1419 4426
620.5 756 2499
1674 1717 5422
1569.67 1333 4980
643 483 1493
788.333 1918 4850
2521.83 4082 9377
1140.5 1378 5048
809.5 949 3388
1780 2047 6412
575.5 789 2148
1469 2137 6209
543.667 998 3312
431 825 2222
1304.33 1290 4354
1080 1276 4239
2972.33 3180 9114
917 1137 3641
1355 990 3992
829 702 2424
1604 1810 6081
937.333 1262 4051
2124.83 3353 9015
450.333 1049 2928
813.667 895 3254
1562.5 1751 5815
2681.67 3321 8856
614.333 1300 3690
984.667 1719 5083
365.667 911 1855
380.667 870 1955
1467.83 1977 6047
714.667 1270 3757
1207 1100 3624
961.667 1727 5092
379.333 652 1125
1134.67 1749 5369
818.5 984 3438
1059 1385 4209
1528.33 1837 5496
442.667 524 1835
932 1961 5103
1544.33 1807 5389
2088.67 3171 8684
2827 3053 8822
1769.5 2127 6310
484 1325 3891
754.333 1417 4003
2823.67 2793 7987
823 1386 4317
1223 1073 3666
2182.33 3148 7927
2296 2161 6430
2494.5 2850 7970
835 674 2289
447.667 1014 2507
2972.33 3915 9732
961.667 1454 4646
519 1006 2518
1195 1069 3604
633 494 1209
2198 2023 6376
2283 3088 8310
582 678 2222
1198 1572 5149
1397 1281 4739
687 455 1543
820 703 2399
826 695 2366
623.667 1081 3411
750.667 605 2131
1171 1127 3675
908.667 1519 4595
324 684 1401
934.667 1479 4379
620 855 2380
1521.5 1747 5361
596 904 2573
910 1105 3608
480 1298 3227
791 723 2315
922 1327 4200
424 671 1702
2668 3398 9189
2012.67 3571 8357
1103 1866 5517
2051.5 3633 9232
300.667 694 1568
2120 2037 6277
1206.67 1706 5251
1712.33 2167 6335
1551 2735 7736
2413 2638 7841
656 492 1568
983.667 1128 4193
2020.5 3097 7781
922 1678 4683
458 810 1955
419.667 1132 2903
621 509 1711
942 609 2581
873 1694 4801
756.667 1731 4227
810 713 2516
2815.5 4002 9880
1489 1227 4336
899 1331 4193
399.5 600 1677
2304 1913 6543
645 475 1118
736 773 2657
1260.67 2278 7574
1897 1541 5085
618.333 1275 3707
2451 2601 7962
948.667 1140 4142
1757.67 2207 6563
946.5 1873 5931
895.5 1263 4159
635 484 1419
2851 2886 8101
624 505 999
1102.67 1037 3520
2397.67 3056 8102
691 453 1668
922 1191 3882
624.667 732 2624
633.333 866 3012
745.333 1823 4667
599 518 1042
1534.67 1664 5289
562 553 1861
754.667 1777 4154
378.667 634 1108
383 888 2490
2026.33 3660 9039
628 505 1577
3211.67 3918 9771
2242.17 3101 8057
366 731 1852
505 1142 3429
1470.5 2273 6286
1647 1742 5639
941.667 814 3378
448 260 0
2158.83 3232 8835
874 1012 3504
466 230 0
422 276 0
236 487 939
312 395 454
663 496 1611
2749.33 3447 9522
242 463 913
422 318 278
306 455 347
418 338 721
458 299 304
486 269 822
458 254 0
430 322 655
348 387 764
2062.83 3139 7820
342 414 789
634 502 1744
230 472 830
278 422 0
448 283 296
386 370 387
348 362 0
427 675 1769
312 364 0
230 440 0
242 426 0
492 216 0
306 406 0
492 254 922
386 340 0
316 427 571
2605.17 3619 9663
466 274 746
418 300 0


765 759 2457
1056 1169 3563
1199 1093 3750
1342.67 1868 5705
1364.83 2601 7415
1611 1351 4796
324 684 1401
1058 836 2929
1044 881 3145
767 753 2650
1105 1108 3850
1951 2369 6974
1095.33 2321 5722
1877.67 3369 7454
907 607 2366
415.333 1078 2390
1318.33 3125 6623
1116.67 1415 4946
1255 1041 4134
1393 1627 5460
1086.5 2340 5648
517 998 2894
695 1217 3348
378.667 634 1108
428 1089 2635
1019 894 3104
1932.67 3491 8161
1258.5 1465 5106
616.5 788 1981
1051 851 3370
2259 2859 8225
2332.67 3367 9527
503.667 1329 3707
1369 1326 4505
1339.17 1374 4344
1378.5 1379 4772
995 883 2903
1025 1214 3716
873 1377 4143
991.667 1583 5169
712 792 2464
1412.67 1839 6157
1063 831 2786
459.667 774 1930
790 1154 3440
1430 2256 6248
442.667 524 1835
916 1678 4581
775 1467 4327
971.333 2073 5213
760 695 1982
1518 2113 6810
1081 1362 4193
1012 909 3196
675.333 1003 2978
1013.5 1524 4898
1186.83 2068 6084
821.667 924 3495
1135 733 2582
1425 1283 4772
599 518 1042
682.333 771 2030
740.333 1161 3331
1167 1608 5226
959.333 1844 4749
2417.33 3296 9225
2915 3040 8346
1416 2315 6222
1086 1207 3591
452.333 1025 2139
1391.83 2564 7336
556 892 2665
429 865 2030
882 2326 4804
3084.17 3114 8697
1935.33 3668 8395
1947.5 3412 7822
1913 3110 7778
1221 1125 3873
454 902 2314
761 1658 4484
789.667 1241 3991
487.667 1257 3121
1962.67 3112 8469
399.5 600 1677
300.667 694 1568
695.667 727 1930
3080.17 3754 9754
730 754 2340
1910 2284 6883
692 797 2774
752 744 2131
1690 3628 7746
1064.17 1968 5367
888.667 1381 4281
2103 2167 7271
764 927 3044
633 494 1209
473.667 902 2357
1042.67 1362 4091
2330.33 2816 8135
822.5 1562 4426
1771 2415 7123
785 731 2449
810 895 2887
626.333 773 2248
600 1058 3319
548 939 2641
845 1208 3707
836.667 1227 4025
768 708 2332
925.5 1745 4583
1323 2807 6301
1948 3822 9375
645 475 1118
1451 1680 6456
648 1413 4000
2023.67 3012 8298
1124 1166 4225
1188.33 1906 5709
687 455 1543
1487 1220 4438
439 861 1914
1099.67 2169 6210
751 745 2307
2008.83 3308 8824
1515.33 2533 6486
699.5 1218 3549
1328.5 2579 7305
2675.83 3907 9964
739.5 1503 4178
1348.67 1639 5936
790.667 609 2581
526.667 798 2599
646 827 2625
1007 1547 4913
621 509 1711
760 744 2208
462.667 1308 2701
1023 1427 4655
946 1899 4897
953 923 3103
635 484 1419
1097.17 1988 5538
1952.33 2664 7432
679 822 2682
643 483 1493
562 553 1861
571 1062 2971
1975.5 3721 8753
1020.67 1505 4356
1163 1083 3584
933.167 2017 5019
1778 2581 7393
663 496 1611
772 731 2432
1294.67 1268 4328
628 505 1577
2240.83 3217 9140
719 780 2525
694 796 2315
457.333 880 2306
427 675 1769
1020 1661 5360
656 492 1568
430 322 655
418 300 0
711 787 2390
718 776 2508
306 406 0
691 453 1668
1224 1077 3908
342 414 789
748 752 2373
624 505 999
242 426 0
386 370 387
492 254 922
422 318 278
448 260 0
312 395 454
1970.67 2532 7840
553 914 2665
278 422 0
458 254 0
634 502 1744
386 340 0
418 338 721
1088 1140 3513
316 427 571
1885.5 3227 7675
492 216 0
2322.5 2493 7307
230 440 0
424 671 1702
306 455 347
348 362 0
466 230 0
312 364 0
230 472 830
242 463 913
236 487 939
366 731 1852
448 283 296
348 387 764
466 274 746
458 299 304
486 269 822
422 276 0


1631 2416 6971
1604.33 1740 5597
859 650 2091
872.667 1398 4770
1799.67 2431 7047
651 740 2323
1554.5 1989 6234
717 1221 3808
924 611 2113
549.667 798 2113
478.667 861 2665
994 910 3052
2449 3690 9710
2340.33 3241 8812
1267.5 2819 6098
1816.83 3274 8158
1470 1238 4295
609 1085 2868
563.667 1231 3882
2629.33 3476 9015
344.333 909 1034
792 691 1890
2825.5 3249 9179
1349 1309 4581
777.667 1245 4276
1007.33 2149 5672
707 1229 4167
1108.33 2045 5731
1210.83 3187 6245
2654.67 3570 10081
1770 2629 7658
2154 2014 6366
729.167 752 2332
775 693 2432
1929.5 3485 8797
1827.5 2259 6931
753.333 1156 3874
1040.5 1782 5260
2035.5 3033 8241
2844 2889 8108
475.667 802 2222
1084.5 1099 3783
1363.33 1703 5505
1489.83 2087 5892
1212 1106 4193
920 626 2315
1417 2651 6552
1299 1019 3558
1384.67 2157 6410
2773 3045 8611
1020 1327 4588
879.5 919 2979
833 667 2341
1503 1873 5973
490 799 2573
828 696 2516
691 808 2650
2142 2071 6493
972 935 3120
710 1745 4187
2279.33 3570 8979
745 1276 4175
1185 1277 4578
547.333 1120 2903
1450.33 1799 5689
2526.67 3083 8796
1206.83 1765 5605
2733 2985 8235
356.333 911 2390
2220.5 3805 9041
1519.67 2431 6581
2329 3242 8872
1158 1086 3650
425.5 903 2466
2201.33 2661 7786
841 659 2239
688.667 1300 4167
3017.67 3449 9863
763 757 2533
1976.33 3117 8577
2129.67 3190 8674
945 915 3027
588 1159 3765
784 894 2943
1479.33 1975 5706
1121 818 2911
1068 1203 4236
720.667 1090 3421
896 621 2031
726 765 2625
1295 2928 6348
615.333 1800 4665
2715.33 2908 8124
817 686 2140
964 952 3395
761 734 2122
842.167 1095 3699
928.333 865 2852
681.5 1052 3329
1240 2356 5967
395.333 1182 2585
1526.67 2307 6507
1889.5 1770 5973
1959.67 2090 6703
545.333 1218 3072
1623 1449 4867
1027 856 2903
1141.67 1011 3506
826 678 2190
1136 1995 5602
1612.5 2445 7290
436.5 887 2248
471.5 858 2064
1144.67 2159 5797
512.667 823 2774
1135.67 1323 4413
635 484 1419
2330 2559 8008
2096.5 2400 7173
785 1713 5042
685.333 988 3279
918 939 3187
1874.17 2131 6688
2386 3539 8881
386 876 2165
1469.33 2065 5771
757 760 2366
399.5 600 1677
487.667 1270 2969
1108 1842 5480
1866.5 2611 7532
900 953 3221
1284 1039 3782
831 669 1955
568 785 1864
650.667 1110 2935
2816.5 3487 9238
1015 910 3162
365.667 880 1401
661.333 1005 3236
634 502 1744
427 675 1769
2338 2989 8165
628 505 1577
2121 2155 7316
969.333 2149 5302
772 738 2282
1155 1861 5669
747 736 2031
1215 1074 3543
789 726 2456
1335 945 3220
932.333 1025 3421
562 553 1861
1103 1590 4873
828 1137 4043
656 492 1568
766 733 2106
819.667 923 3078
1310.17 2413 6510
1466 1255 4830
571.667 779 2624
927.167 1052 3345
770 720 2040
424 671 1702
442.667 524 1835
643 483 1493
1325 2220 6335
663 496 1611
836 661 1873
896 626 2282
2149.17 3236 8696
366 731 1852
700 776 2373
599 518 1042
1658.67 2277 6655
691 453 1668
1550 1475 4839
624 505 999
475.333 760 1861
621 509 1711
837.333 1615 4334
532.667 1354 3256
418 338 721
903 644 2390
1783 2234 6440
2189.33 2759 7903
2141 2137 7008
1078.33 1616 5344
422 318 278
242 463 913
430 322 655
1177.67 1501 5081
500 1089 2785
316 427 571
1749 1643 5375
1379 2014 5764
687 455 1543
448 283 296
348 387 764
1299.5 2143 6119
378.667 634 1108
422 276 0
466 274 746
312 395 454
1672 1733 5738
386 370 387
312 364 0
230 440 0
633 494 1209
492 254 922
486 269 822
1357.83 2668 7874
386 340 0
418 300 0
236 487 939
380.333 894 2223
492 216 0
458 299 304
466 230 0
2206 3089 8463
242 426 0
458 254 0
342 414 789
1035 838 3170
306 455 347
348 362 0
230 472 830
645 475 1118
448 260 0
278 422 0
306 406 0


603 838 2073
664.667 1053 3320
1846.5 2315 6952
1026 900 3228
944 939 2829
753.5 667 2057
1351 998 3750
3330 3360 9264
1574 1933 5737
950 925 3187
2439 2519 7103
634 502 1744
1732.67 1904 6064
2119.5 3963 10259
645 835 2515
1517.67 2036 5800
486.333 1278 3052
983 911 3147
1121 788 2684
1387.33 2447 6978
347.667 941 1872
1311.67 2097 6507
1992.83 3262 8612
727 805 2599
1583 1497 5135
1579 1126 3925
3332.5 3485 9521
945 965 2978
507.5 535 1235
739 1146 4175
584 887 2398
712 1739 3783
667.333 1336 3354
3543.33 3371 9742
952 879 2786
1028 858 3046
881.833 1844 5141
979 902 2877
1002 902 2952
773 1442 4230
828 696 2565
747.5 685 2423
621 509 1711
687.667 1452 3649
845 2003 5436
1804.17 3352 8443
839 1086 3487
2454.33 2831 7957
765 767 2524
1776 3037 8437
551.667 842 1897
300.667 694 1568
1005 1515 4571
713 782 2432
2181.5 3624 8938
1244 2669 6354
671.667 1407 3378
1657.5 2817 7749
1121 838 3136
2797 2679 8064
2102.17 3206 8667
1699.5 1911 6074
2016.33 2817 7787
2453.5 3143 8798
621 858 2299
2537 3799 9289
1409 879 3429
542 855 2223
882.667 1435 4278
1382 2011 5611
585.5 771 1956
1430 1623 5184
1317 1483 4864
633 494 1209
933 967 2803
1133 810 3211
517.667 1072 3162
1597.67 1748 5287
744 768 2591
1620.67 1997 5848
827 662 2148
2814.67 3576 9429
491 832 1872
1383 1239 4201
863.167 1969 4672
1114 762 2599
957 910 2978
656 492 1568
835 688 2465
2176.17 3939 9718
727.333 679 2131
1606 1731 5503
855.667 1854 4432
628 505 1577
1017.67 1027 3623
399.5 600 1677
740 735 2516
726.5 1275 3724
548 939 2641
881 1028 3472
1466 1540 4880
1815 1978 6745
528.667 866 2021
1857 1971 6286
1294.33 1112 3874
751 1710 4327
687.167 1150 3598
1049 881 3104
1002 910 3178
504.5 1137 3237
930.667 1443 4453
1369.67 1882 5418
1638.5 2534 7409
415 1131 2507
624 505 999
2254 3506 9212
719.167 1445 3859
1109 1487 4629
531 603 1761
646.667 706 2406
962 1273 4233
849 670 2323
2216.17 2843 8274
1522.83 2578 7528
2817 3675 9619
1428.67 1565 5158
873.5 1597 5125
1333.67 1246 4269
1233.67 2052 5607
1237.5 1281 4262
576.333 1489 3757
512 594 1594
1000 899 2894
499.5 882 2248
689 972 3403
820 708 2457
356.333 911 2390
978.5 1923 5312
953 965 3296
1779 1809 6024
545 949 2499
859.5 1693 4456
2364 3386 8921
698 804 2516
1180.5 2097 6335
1403.67 1662 5251
1131.5 1347 4414
717.667 1646 4261
884.667 971 2877
1468.33 1481 4939
1987.67 2904 7807
424 671 1702
1696.67 2931 8399
1396 1832 5732
663 496 1611
643 483 1493
802.667 2316 4935
1624.33 2073 6047
474.333 1122 2507
2722.5 3435 9022
1817 2334 6819
1258 1437 4780
585 525 951
1363.5 1764 5378
1709 1779 5506
382 867 2139
691 808 2650
601 1438 3290
2370 2560 7457
471.667 1066 2481
547 565 1652
485 957 2464
1168.67 1544 4972
625.333 1067 2704
1526 1133 3992
631 863 2473
1234 1074 3665
528 591 1752
645 475 1118
1337 1317 4302
1327 1329 4277
656.5 1022 2986
576 528 1686
604 867 2340
1875.67 2597 7566
378.667 634 1108
366 731 1852
1451 1559 5139
480.333 555 1309
926 621 1939
482 619 1743
655 827 2532
377.333 884 2056
1207.17 1749 5373
1285.33 2911 6683
1626.5 2527 7122
736.667 1225 3725
691 453 1668
872 649 1889
566 901 2515
2999 3657 9487
893 631 2582
1123 2736 5639
1153.67 2157 5983
599 885 2423
598 890 2691
1417.5 2921 7846
547 552 1510
1160.33 2107 5468
879 659 2507
492 216 0
532 588 1326
1036 898 3271
430 322 655
540 580 1535
3056.5 3404 9249
418 300 0
588 540 1735
572 670 1880
1518.5 2410 6612
569 543 1586
530 589 1485
427 675 1769
599 518 1042
910 968 3355
1269 1011 3520
629.5 773 2398
458 299 304
562 553 1861
687 455 1543
242 426 0
1217 1429 4563
466 230 0
316 427 571
1389.33 2096 6118
448 283 296
306 455 347
230 472 830
324 684 1401
422 318 278
418 338 721
342 414 789
635 484 1419
466 274 746
803.333 1446 4313
2771.67 2772 7706
422 276 0
949 594 2266
242 463 913
492 254 922
486 269 822
312 364 0
386 340 0
448 260 0
348 362 0
278 422 0
386 370 387
458 254 0
236 487 939
230 440 0
562 535 1376
306 406 0
312 395 454
348 387 764


633 874 2674
1471.5 2134 6194
770 1135 4175
3122 3383 9163
557 919 2682
471.5 858 2064
2190.33 3384 8620
903 973 3162
2601.67 3702 9596
921.667 1723 4649
1129.33 1956 5837
570.333 1169 2935
463.333 975 2533
1859.5 3753 8101
436.5 887 2248
1429 2441 6213
434.667 1058 2357
779 1096 3395
453.333 968 2357
394.667 906 2139
649 856 2710
1423 1267 4195
687 455 1543
1504 2022 6536
1531 1198 4187
1560 1874 6157
676 766 2665
1399 2349 6176
1144 1455 4748
2265 3379 8302
942 591 2533
1036 864 2812
770.833 1665 4503
876 666 2323
870 1014 3437
1263 1087 3766
1934 3177 8295
940 954 3362
1358 1323 4698
617.667 907 2683
1269 1015 3967
1232 1424 4788
508.333 980 2810
1266 1018 3550
1714.5 1686 5430
633 494 1209
1303 1847 5626
1952 2246 7457
937.333 1639 4797
2001 1852 6219
1152 812 2952
1184 1094 3817
490 1267 3271
797 684 2508
324 684 1401
514 1235 2837
2820 3938 10173
991.667 2277 6090
1728 1854 6056
2422 2971 8347
1135 1391 4638
1265 1393 4880
1854.5 3334 8074
1366 1292 4201
2475.67 3335 8789
778.333 950 2794
1769.33 1824 5864
663 496 1611
2004.5 2207 6576
1438 2275 7850
531 967 2590
907 948 3195
544 951 2624
736 1150 3346
829 1075 3512
896 621 2031
2802.33 3209 8658
1286 1381 4304
843 1030 3045
595 1001 2953
427 675 1769
799 712 2565
2809.5 3280 9128
803.5 1134 3808
2360.67 3530 9303
2074 1751 5496
621 509 1711
1061.67 1922 5434
481 1301 2743
745 753 2524
959 939 3153
584 1343 3882
1188 1106 3967
366 731 1852
859 650 2091
3416.5 2980 9171
881 671 2490
1165 1527 5022
1039 876 2986
1657.67 1613 5385
2291.67 3242 8680
720.833 1715 4104
892.667 1404 4519
856.667 1067 3689
418.333 876 1854
977 905 3346
421.667 1187 2394
1775 4130 8763
645 475 1118
1095 870 3136
1968 1822 5562
927 1342 4185
861 1020 3045
1544 1879 6265
819 676 1990
656 492 1568
599 518 1042
936 617 1947
2919.67 3123 8501
912.333 985 3411
1429.83 1868 5786
859.667 1442 4430
1402 1592 5023
1041 874 3045
643 483 1493
857 1035 3271
548 939 2641
2420.17 3155 8262
1089.5 1445 4539
536.667 968 2657
869 1021 3463
500.333 1237 2961
368.333 901 2122
980.167 2026 5981
849 670 2323
555.333 943 2665
982.5 1657 5367
876 922 3052
635 484 1419
710 1010 3011
626.667 1299 3689
736 1400 4414
2389.83 3384 8878
442.667 524 1835
3064.33 3541 10555
1458.5 2247 6191
903 644 2390
914.667 1823 4540
1134 1609 5190
2298.67 3583 8887
424 671 1702
628 505 1577
2436.67 2763 8058
2942.5 3829 10618
394 694 1568
605 1038 3312
848 1035 3227
745.5 677 2499
805 880 2970
2174.83 2963 8020
379.333 652 1125
705.5 1201 3429
1119 817 3012
399.5 600 1677
1305 2449 7121
1026 855 2786
3061 2944 8390
2315.17 3490 9173
1318.5 1943 5661
496.333 750 2490
242 426 0
1161 1453 4842
902.667 1856 4600
236 487 939
624 505 999
1221.5 2932 6140
448 260 0
466 274 746
466 230 0
1097 807 2752
2004.17 3601 9086
458 254 0
709.333 2064 4689
691 453 1668
418 300 0
562 553 1861
422 318 278
458 299 304
817 2103 4858
386 340 0
418 338 721
342 414 789
306 406 0
422 276 0
492 216 0
634 502 1744
316 427 571
386 370 387
242 463 913
348 362 0
378.667 634 1108
584.667 772 2657
430 322 655
448 283 296
766.667 1144 3816
348 387 764
278 422 0
312 395 454
486 269 822
492 254 922
230 440 0
306 455 347
230 472 830
312 364 0


643 483 1493
1792.5 1888 6024
828.333 1560 4913
1603.67 2027 5905
1340 1313 4322
1003 1605 5083
2102.33 2629 8045
2123.83 3250 9025
802.333 1197 3490
749 1586 4102
829 678 2031
3103.5 3194 8792
707 792 2358
1395 2268 6438
794.5 632 1890
977.667 1212 4108
3024.33 3629 9093
2472 2147 6683
796.333 1557 4142
806 1208 3598
1379 1287 4317
1087 762 2508
574 707 2139
805.167 1494 4470
531 603 1761
1051 851 3370
772 756 2448
1342.33 2147 6248
845.667 920 2969
1061 1505 4772
752 1074 3480
777.667 1377 3891
826.5 1299 3641
409.667 1084 2390
1932 3834 9210
1213 2214 6183
2092 2649 7410
1351 995 3615
1340 1347 4380
1358.83 2501 6788
1260.33 1564 4980
2003 1766 5628
917.667 856 3446
757.833 1586 5024
908.5 1941 5411
1208 1094 3858
2554.33 3382 9031
939 2250 6151
972 1282 3699
926 1922 5847
921.5 2120 5468
649 869 2481
2227 2338 7032
1109.5 2335 6309
1270 1523 4875
1154 1140 4000
2107 2315 6822
1122 758 2533
445.333 1012 2357
1348 1826 5510
1037.83 1637 5427
1105.5 1447 4839
1558.67 2035 6415
1159 1089 3850
1742 1671 5454
1410.33 2664 7534
634 502 1744
728 1427 3733
800 748 2432
500.333 1306 3725
2187 2382 6826
695 798 2574
450 987 2098
1486 1768 5779
630 859 2466
1214 1063 3495
862 1130 3609
1473.17 2124 6295
2698 3703 9055
723 776 2156
414.667 1106 2507
1115.83 2667 6880
500.333 945 2903
907 607 2366
1788.33 2412 6855
1236 1404 4571
662.167 838 2516
1145 1122 3538
760 1476 4095
1099.5 1454 4867
585 525 951
757 1925 4783
2163 2438 6953
1856 2635 7265
1118 816 3104
632 874 2507
3222.67 3847 9546
1451.33 2411 6727
729 754 2231
1281.67 2642 6496
973 2028 6176
849.333 1173 3604
801.333 1259 3575
765 759 2457
693.333 2163 6042
2028 2431 6856
1525.33 2756 7607
490 607 1367
774.333 1581 4193
566.667 926 3429
723 779 2624
624 505 999
1272 1055 3716
689 812 2533
547 552 1510
482 619 1743
569 543 1586
975 1261 3642
1757.17 3405 8386
562 553 1861
1122 800 2811
1101 834 3179
2228 2307 6853
626.667 1517 4049
991.333 1413 4329
645 475 1118
522 938 2365
2123.5 3662 8663
1395.5 2361 6497
715 784 2406
1196 1346 4296
675 850 2599
1534.83 2262 6367
1913 1904 6469
1819.83 3105 8436
827 701 2482
562 535 1376
1147 1115 3926
1155 1157 4118
798.5 1306 4259
2965 3713 9090
1581 2010 5848
1492 1767 5512
532 554 1060
1738.5 2393 6668
705.333 1508 3867
1290.83 2965 7822
324 684 1401
1014.33 2250 6217
656 492 1568
2357 2195 6703
635 484 1419
1544 2252 6489
471 789 2131
588 540 1735
1809 2444 7007
414 666 1025
500 615 1560
1574.17 2715 7870
621 509 1711
400 719 1677
657 846 2541
691 453 1668
747.5 685 2423
1885.33 2662 7714
2480.33 3036 8645
3434 3392 9509
1829.67 3089 8116
633 494 1209
576 528 1686
480.333 555 1309
652.667 1667 4700
1115.67 1861 5747
663 496 1611
694.5 1182 3440
403 680 1619
1868 2272 6613
2100 2709 8509
528 591 1752
1341.5 2604 6890
591 907 2507
891 1749 5246
839.333 1284 3698
402 881 1955
2108 2406 6914
497 892 2190
1693.67 1915 6181
594 524 1835
734 773 2398
1751.5 3494 8438
427 675 1769
550 544 1209
439.667 1054 2409
532 588 1326
409 713 1651
1362 1356 4390
1552.67 2510 7259
479.333 1102 2417
431 659 1551
1026 855 2786
1066 838 2662
547 565 1652
1942.17 3774 8524
477 631 1484
599 518 1042
312 364 0
628 505 1577
863 625 2341
1442 1757 5468
466 274 746
418 300 0
242 463 913
530 589 1485
687 455 1543
448 632 1576
230 472 830
366 731 1852
765 767 2524
3125 3361 9468
2310.33 3722 9518
306 406 0
522.667 844 2390
504 600 1677
540 580 1535
278 422 0
644.5 789 2148
300.667 694 1568
657 822 2332
466 230 0
424 671 1702
676 816 2332
386 340 0
422 276 0
492 216 0
242 426 0
492 254 922
458 254 0
486 269 822
316 427 571
446 645 1484
458 299 304
386 370 387
348 387 764
348 362 0
306 455 347
512 594 1594
418 338 721
448 283 296
422 318 278
342 414 789
236 487 939
230 440 0
448 260 0
472 636 1634
430 322 655
312 395 454


872.667 875 3421
612.333 796 2073
722.167 1462 3883
755 790 2473
673 811 2299
742 1388 3883
991 1058 3733
1994 3086 8277
2187.67 3456 8912
464.5 815 1973
2367.67 3645 10081
623.667 885 2556
708.5 731 1956
1497 2542 7040
588.667 799 2182
1057 838 3053
952.5 832 2803
659.5 1303 3624
1439.17 2295 6577
676 810 2257
1817.67 3129 8352
2599.5 3254 8880
1668 1774 5947
1940 1897 6014
848 665 2282
1315 1384 4872
707 821 2573
631 863 2473
358.333 859 1619
772.333 1135 4192
1293.5 1257 4387
558.667 1022 3053
729 754 2231
694 470 1643
1135.67 996 3487
559.5 1021 3053
835 871 2887
715 784 2406
730 754 2340
1659 1419 5172
697 789 2449
683.333 997 3312
940 601 2657
3085 3473 9805
856 649 2165
646 827 2625
1654.67 1976 5915
1459.67 3110 7652
1373.33 1997 6377
1037 2166 6543
921 1256 4303
1066.33 2000 6047
1078.67 1042 4025
846.5 1118 3708
684 826 2406
1774.5 2550 7203
911.333 1632 5603
773.667 1481 4444
764 741 2507
1642 2171 6981
431 659 1551
624 883 2492
2359 2993 8558
383 888 2490
751.667 1744 4269
712 808 2674
736 1494 4075
2264 1984 6777
633 494 1209
2143.17 3048 8110
752 744 2131
2333 1920 6644
2243.5 2903 8221
963 587 2465
528 1026 3563
699 780 2206
1568 1841 5907
1440 1266 4397
799 712 2565
810.5 1471 4839
908.333 1895 5478
1146 791 2903
624.667 884 2516
916.5 1302 4221
1061.33 1427 4437
576 1497 3807
732.5 1251 3725
385.667 869 2481
1423 1242 4212
640.333 773 2139
628 868 2616
896 621 2031
1807 2705 8101
1112.33 1583 4856
824 697 1964
1098.17 1295 4738
1396 1250 4259
1039.17 1931 5855
400 857 2340
902 605 2131
1564.5 2411 6630
1035 862 3087
1717 1762 5964
773 1870 4539
989.667 2208 5814
1643.67 2608 7746
899 622 2157
820 708 2457
656 492 1568
427 675 1769
2691.67 3160 8729
859.333 1995 5328
900.167 1644 5300
324 684 1401
729 1428 3781
849 670 2323
1060.5 2653 7335
837 2326 5194
442.667 524 1835
1051 854 2953
1139 792 2737
366 731 1852
642.5 748 1981
776.667 967 3245
1156 1505 5870
687 455 1543
748 751 2373
643 483 1493
606 887 2682
628 505 1577
836 682 2482
822 698 1907
409 713 1651
803 711 2432
1034.83 2147 5737
2160.33 3103 8441
480.333 1298 3329
763.333 910 2776
2813.83 3139 9442
614.333 1318 3773
621 840 2365
468.667 984 3052
829 687 2416
400 719 1677
599 518 1042
1321.67 1994 6251
562 553 1861
787 740 2289
1683 2105 6382
2756.33 3506 9050
634 502 1744
2055.67 2540 7206
834.667 787 2599
378.667 634 1108
1814 2556 7305
624 505 999
1434.33 2882 7401
570.667 846 2282
793 723 2581
663 496 1611
2797.83 3482 9165
658.5 763 2157
645 475 1118
386 340 0
403 680 1619
300.667 694 1568
348 362 0
492 254 922
242 426 0
1919.5 3225 8453
1160.33 2441 6713
386 370 387
792 691 1890
635 484 1419
685 802 2383
770 720 2040
3547 3728 10360
422 276 0
703 824 2492
278 422 0
3096 2981 8416
700.5 741 1973
448 283 296
827 701 2482
486 269 822
753 710 1882
621 509 1711
418 300 0
424 671 1702
422 318 278
828 696 2565
306 406 0
712 792 2464
312 364 0
418 338 721
448 260 0
230 472 830
492 216 0
430 322 655
236 487 939
466 230 0
724 762 2441
342 414 789
316 427 571
458 299 304
230 440 0
242 463 913
458 254 0
306 455 347
348 387 764
312 395 454
466 274 746
1983.5 3458 9041


