2.000000000e+00 1.583755317e+00 2.000000000e+00 
1.729360563e+00 1.584565526e+00 2.000000000e+00 
1.712653521e+00 1.597528864e+00 2.000000000e+00 
1.548056338e+00 1.621024914e+00 2.000000000e+00 
1.532921127e+00 1.637229086e+00 2.000000000e+00 
1.532507042e+00 1.692323273e+00 2.000000000e+00 
1.517090141e+00 1.802714199e+00 2.000000000e+00 
1.474811268e+00 1.806360138e+00 2.000000000e+00 
1.444442254e+00 1.823171967e+00 2.000000000e+00 
1.426033803e+00 1.939436905e+00 2.000000000e+00 
1.393802817e+00 1.983390723e+00 2.000000000e+00 
