2.000000000e+00 1.581866558e+00 2.000000000e+00 
1.804433427e+00 1.584322554e+00 2.000000000e+00 
1.892729048e+00 1.556897257e+00 1.789870690e+00 
1.988154128e+00 1.547277937e+00 1.722480106e+00 
1.850024679e+00 1.515759312e+00 1.490964854e+00 
1.801033223e+00 1.588415882e+00 2.000000000e+00 
1.632795516e+00 1.563855915e+00 1.763096817e+00 
1.949984096e+00 1.545026607e+00 1.647877984e+00 
1.773101096e+00 1.600081867e+00 2.000000000e+00 
1.644551447e+00 1.572247237e+00 1.789870690e+00 
1.615311886e+00 1.581047892e+00 1.749419761e+00 
1.553733095e+00 1.520261973e+00 1.273624005e+00 
1.574320782e+00 1.527834630e+00 1.341677719e+00 
1.652997115e+00 1.611747851e+00 2.000000000e+00 
1.637128034e+00 1.598853868e+00 1.896303050e+00 
1.580202038e+00 1.558943921e+00 1.483753316e+00 
1.572140264e+00 1.597216537e+00 1.789870690e+00 
1.544170844e+00 1.550961932e+00 1.478448276e+00 
1.523078611e+00 1.590053213e+00 1.706979443e+00 
1.544434085e+00 1.582889889e+00 1.582145225e+00 
1.552427855e+00 1.654727794e+00 1.728199602e+00 
1.522234044e+00 1.674989767e+00 1.897712202e+00 
1.416579833e+00 1.610110520e+00 1.342921088e+00 
1.627695210e+00 1.674580434e+00 1.811671088e+00 
1.484101304e+00 1.670487106e+00 1.728199602e+00 
1.625319455e+00 1.709169054e+00 2.000000000e+00 
1.516567768e+00 1.752967663e+00 2.000000000e+00 
1.493972864e+00 1.770364306e+00 2.000000000e+00 
1.511862325e+00 1.755628326e+00 1.835129310e+00 
1.483443200e+00 1.778346296e+00 2.000000000e+00 
1.418547564e+00 1.757879656e+00 1.820872016e+00 
1.417724934e+00 1.813753582e+00 1.924486074e+00 
1.374421691e+00 1.806794924e+00 1.833803050e+00 
1.372315758e+00 1.810683586e+00 1.758289125e+00 
1.370670498e+00 1.776299632e+00 1.470407825e+00 
1.479937699e+00 1.853049529e+00 2.000000000e+00 
1.396244420e+00 1.853254196e+00 1.964439655e+00 
1.450592842e+00 1.881293492e+00 2.000000000e+00 
1.363554200e+00 1.911993451e+00 1.895639920e+00 
1.328038521e+00 1.868604175e+00 1.565898541e+00 
1.326502945e+00 1.937576750e+00 2.000000000e+00 
1.282824582e+00 1.877814163e+00 1.531830239e+00 
1.262375097e+00 1.904625460e+00 1.441064324e+00 
1.292202564e+00 1.951698731e+00 1.760692971e+00 
1.221664784e+00 1.943716742e+00 1.627901194e+00 
1.270985291e+00 1.966844044e+00 1.671584881e+00 
