3288.33 13105 30072
2832.78 12826 29812
4003.83 12775 29806
3404.32 12818 29769
2809.17 12813 29754
2757.63 12523 29546
3897.35 12288 29245
4398.33 12233 29243
3165.4 12337 29202
2806.28 12273 29191
3526.25 12263 29185
3400.33 12272 28984
3104.17 11990 28942
2949.22 12013 28839
2532.8 12126 28800
4432.5 11701 28624
2969.6 11846 28573
2513.57 11822 28532
2739.3 11817 28499
3128.67 11804 28333
3109.18 11534 28272
3313.5 11473 28188
2779.48 11439 28157
2463.3 11545 28073
2607.08 11214 27914
3460.83 11117 27887
2954.67 11175 27813
3314.17 10873 27539
2558.25 10930 27529
2263.42 10948 27512
3307.43 10915 27429
3170.75 10929 27272
3456.67 10721 27154
2083.63 10529 27136
2215.75 10321 26761
1950.1 10442 26618
3127.58 10093 26345
2302.95 10132 26294
2024.88 10127 26276
2965.42 10083 26256
2909.42 9864 25918
2474.27 9835 25898
3424.33 9818 25878
2442.6 9868 25875
2298.92 9955 25549
3536 9612 25482
3013.33 9651 25416
2137.8 9641 25408
2271.3 9575 25381
2744.92 9273 25049
2527.55 9323 24948
2731.83 9307 24914
2435.55 9398 24774
2248 9372 24616
2798.33 9090 24590
3040.08 9071 24582
2697.05 9043 24482
1979.17 9111 24481
2347.05 8840 24123
2831.08 8836 24049
2520.88 8817 24023
2350.27 8818 23987
2255.33 8919 23655
2159.33 8975 23637
3038.08 8584 23629
2535.08 8559 23590
2074.3 8577 23323
1570.42 8331 23096
2764.25 8290 22999
2179.83 8317 22981
2213.75 8313 22965
2415.58 8089 22571
2273.42 8141 22528
2031.78 8085 22397
2191.6 8082 22261
1853 8095 22177
2500.5 7769 22003
2099.82 7835 21943
2099.68 7779 21937
2049.98 7818 21903
1284.43 7813 21819
2024.17 7532 21351
2517.42 7507 21312
1818.08 7535 21285
1696.83 7536 21036
2434.08 7245 20760
1847.33 7260 20726
1321.55 7226 20666
2557.67 6990 20131
1489.17 6971 20074
1959.62 6961 20066
1786.25 6687 19506
1872.92 6675 19417
1776.58 6758 19248
1664.92 6821 19039
1605.47 6437 18808
2284.83 6397 18806
1772.5 6136 18197
1631 6216 18105
2362 5967 17537
2110 5963 17477
1664.08 5990 17327
2034 5979 17304
2083 5966 17261
2026 5979 17255
1685.33 5716 16843
2321.33 5663 16800
1965.75 5708 16783
1853.08 5405 16168
1802.33 5434 16076
1774.83 5494 15847
1995.33 5217 15485
1944.33 5175 15442
1833 5164 15382
1629.83 5187 15144
1336.75 5202 14852
1707 4878 14800
1730 4873 14748
1992.33 4861 14699
1438.83 4899 14596
1736.33 4678 14071
1890.33 4648 14030
1957 4608 14028
1531 4629 14005
1368.08 4684 13827
1487.33 4645 13773
1365.08 4642 13772
1601 4627 13721
1549 4329 13362
1548 4352 13345
1359.75 4376 13205
1325.75 4374 12972
1317.75 4387 12786
1785 4113 12668
1781 4068 12643
1776 4081 12642
1775 4104 12625
1368 4075 12619
1229.83 4112 12467
1223.83 4109 12387
1217.75 4111 12094
1685 3857 11959
1652 3827 11899
1646 3846 11881
1363 3824 11819
1360 3843 11801
1350.83 3879 11724
1252 3821 11683
1170.83 3861 11667
1579 3592 11239
1296 3545 11177
1122.33 3599 10849
1230.33 3564 10814
1230.33 3544 10803
1061.83 3589 10740
1084 3586 10731
1479 3320 10496
1467 3297 10457
1461 3316 10439
1455 3325 10354
1359.33 3352 10338
1196.33 3301 10223
1361 3074 9696
1129.33 3022 9581
1003.83 3115 9010
1244 2774 8861
1232 2799 8758
1162.33 2797 8699
1214 2791 8685
1203 2790 8625
1202 2770 8553
1131.33 2838 8450
1125.33 2878 8424
1123.33 2774 8409
1120.33 2816 8358
1115.33 2857 8243
1111.33 2873 8209
1104.33 2875 8183
768.5 2843 8083
1166 2527 8069
1164 2514 8057
1147 2507 8043
1136 2506 7983
690 2530 7925
669.333 2558 7784
1094 2507 7675
733.333 2516 7540
660 2563 7474
1046 2261 7257
1039 2279 7142
1037 2301 7108
967.333 2269 7107
1030 2253 7064
654 2267 7047
636 2262 6963
562.333 2238 6949
906.333 2228 6581
551 2280 6524
952 2014 6393
940 2003 6338
939 1983 6321
936 1959 6307
933 1991 6264
690.667 2042 6249
910 2023 6204
828.333 2006 6065
799.333 2023 5896
851 1763 5607
779.333 2030 5545
846 1761 5474
830 1727 5423
816 1744 5388
741.333 1758 5371
564.667 1749 5287
743 1475 4729
725 1470 4645
724 1479 4530
717 1483 4524
706 1501 4464
704 1501 4452
683 1511 4380
527 1484 4294
637 1222 3810
616 1232 3738
612 1205 3652
604 1215 3519
575 1223 3502
503.333 1244 3387
418 1201 3344
508 944 2860
505 965 2745
503 922 2702
487 960 2661
479 973 2540
468 991 2480
464 946 2425
376.333 956 2353
427 674 1869
399 712 1826
397 667 1783
378 722 1754
358 717 1460
349 713 1386
332 742 1010
315 753 926
270 434 876
250 464 459
237 489 358
