1.012124971e+00 1.004636785e+00 1.000000000e+00 
1.124513310e+00 1.090340031e+00 1.196266052e+00 
1.029088438e+00 1.021329212e+00 1.058939035e+00 
1.015904174e+00 1.020865533e+00 1.054201471e+00 
1.007615695e+00 1.010510046e+00 1.030233138e+00 
1.000085891e+00 1.014219474e+00 1.000000000e+00 
1.025309235e+00 1.002472952e+00 1.014462037e+00 
1.050446689e+00 1.084157651e+00 1.185855878e+00 
1.160387392e+00 1.298531685e+00 1.510254332e+00 
1.185910754e+00 1.256955178e+00 1.464031916e+00 
1.122810092e+00 1.302704791e+00 1.487750904e+00 
1.112832137e+00 1.239489954e+00 1.431804014e+00 
1.078017949e+00 1.179520866e+00 1.330164568e+00 
1.202101202e+00 1.362905719e+00 1.570097245e+00 
1.015388828e+00 1.022179289e+00 1.055791048e+00 
1.248110420e+00 1.377125193e+00 1.587644932e+00 
1.123797838e+00 1.209041731e+00 1.396552799e+00 
1.107034496e+00 1.350927357e+00 1.499251964e+00 
1.142350288e+00 1.219783617e+00 1.417186136e+00 
1.160615862e+00 1.307650696e+00 1.512778955e+00 
1.255668826e+00 1.404636785e+00 1.612672983e+00 
1.069900994e+00 1.172102009e+00 1.301333998e+00 
1.229386188e+00 1.371483771e+00 1.586990400e+00 
1.217619125e+00 1.362210201e+00 1.572528363e+00 
1.051978383e+00 1.179057187e+00 1.274622865e+00 
1.014902084e+00 1.091962906e+00 1.144215185e+00 
1.000887597e+00 1.030680062e+00 1.052144371e+00 
1.018180285e+00 1.008732612e+00 1.028425383e+00 
1.027370619e+00 1.002318393e+00 1.028705897e+00 
1.021100578e+00 1.002241113e+00 1.000000000e+00 
1.000572635e+00 1.016692427e+00 1.026835806e+00 
1.006069657e+00 1.019551777e+00 1.029516270e+00 
1.024622108e+00 1.001545595e+00 1.000000000e+00 
1.019726322e+00 1.003245750e+00 1.000000000e+00 
1.282237480e+00 1.441731066e+00 1.650012467e+00 
1.311383723e+00 1.460896445e+00 1.668027677e+00 
1.319256490e+00 1.586553323e+00 1.741584590e+00 
1.027513799e+00 1.106414219e+00 1.183206583e+00 
1.309951921e+00 1.537017002e+00 1.699601047e+00 
1.056473315e+00 1.151159196e+00 1.275776088e+00 
1.347629714e+00 1.583848532e+00 1.735600299e+00 
1.078289364e+00 1.158037094e+00 1.304450817e+00 
1.052150165e+00 1.160355487e+00 1.275776088e+00 
1.335418594e+00 1.557496136e+00 1.705367161e+00 
1.038192881e+00 1.019397218e+00 1.058752026e+00 
1.321074802e+00 1.578052550e+00 1.727122553e+00 
1.025280634e+00 1.109737249e+00 1.169960105e+00 
1.360011757e+00 1.610587326e+00 1.751838923e+00 
1.069242468e+00 1.173956723e+00 1.319349208e+00 
1.029789910e+00 1.140649150e+00 1.191840170e+00 
1.054297439e+00 1.131993818e+00 1.251527241e+00 
1.062414136e+00 1.080680062e+00 1.167747164e+00 
1.002032782e+00 1.010278207e+00 1.021911233e+00 
1.000085891e+00 1.016769706e+00 1.025308565e+00 
1.021272360e+00 1.005100464e+00 1.027365665e+00 
1.031207111e+00 1.014992272e+00 1.039739434e+00 
1.021100578e+00 1.005795981e+00 1.030762997e+00 
1.222958966e+00 1.511901082e+00 1.692619374e+00 
1.010965443e+00 1.019319938e+00 1.054014462e+00 
1.142364031e+00 1.456877898e+00 1.597743424e+00 
1.074767835e+00 1.136244204e+00 1.275713751e+00 
1.183892316e+00 1.200154560e+00 1.383275153e+00 
1.068154487e+00 1.181839258e+00 1.314424635e+00 
1.061540882e+00 1.155486862e+00 1.276305947e+00 
1.019726322e+00 1.005564142e+00 1.016269792e+00 
1.020499341e+00 1.007187017e+00 1.027989029e+00 
1.220625309e+00 1.268006182e+00 1.475127790e+00 
1.161431827e+00 1.281066461e+00 1.504363546e+00 
1.141548066e+00 1.285007728e+00 1.487719736e+00 
1.212465666e+00 1.379211747e+00 1.595094128e+00 
1.089527339e+00 1.168624420e+00 1.348242114e+00 
1.099604927e+00 1.054868624e+00 1.136267298e+00 
1.067352867e+00 1.154482226e+00 1.277677347e+00 
1.035530261e+00 1.024265842e+00 1.060809126e+00 
1.033354385e+00 1.077820711e+00 1.158957736e+00 
1.074195801e+00 1.146754250e+00 1.277147488e+00 
1.185023500e+00 1.231684699e+00 1.430339110e+00 
1.109854297e+00 1.146367852e+00 1.295038025e+00 
1.061140115e+00 1.105718702e+00 1.215465653e+00 
1.036088553e+00 1.016228748e+00 1.055884553e+00 
1.039824810e+00 1.092735703e+00 1.185544196e+00 
1.021701815e+00 1.046831530e+00 1.105161451e+00 
1.019597486e+00 1.021638331e+00 1.058939035e+00 
1.032266404e+00 1.079907264e+00 1.160765491e+00 
1.055142005e+00 1.169706337e+00 1.296658771e+00 
1.004280291e+00 1.024034003e+00 1.030233138e+00 
1.078991094e+00 1.197527048e+00 1.342413664e+00 
1.024879781e+00 1.000618238e+00 1.000000000e+00 
1.007071747e+00 1.050154560e+00 1.067666126e+00 
1.064933576e+00 1.176429675e+00 1.309531231e+00 
1.347414987e+00 1.384234930e+00 1.601483606e+00 
1.316408345e+00 1.374652241e+00 1.593379878e+00 
1.303567645e+00 1.395826893e+00 1.606096497e+00 
1.375014333e+00 1.409428130e+00 1.636454307e+00 
1.361758779e+00 1.395672334e+00 1.625233761e+00 
1.010077931e+00 1.021097372e+00 1.053297594e+00 
1.002032782e+00 1.007109737e+00 1.000000000e+00 
1.006069657e+00 1.015610510e+00 1.023500810e+00 
1.024622108e+00 1.003477589e+00 1.011781573e+00 
1.040626430e+00 1.095749614e+00 1.191684329e+00 
1.057131841e+00 1.130139104e+00 1.269978806e+00 
1.035086463e+00 1.099072643e+00 1.186385737e+00 
1.037262424e+00 1.088098918e+00 1.184577983e+00 
1.055757585e+00 1.132225657e+00 1.262654283e+00 
1.055757585e+00 1.132380216e+00 1.269978806e+00 
1.052837292e+00 1.139876352e+00 1.269978806e+00 
1.065005209e+00 1.137248841e+00 1.271069692e+00 
1.033526167e+00 1.062828439e+00 1.137233512e+00 
1.032767406e+00 1.100154560e+00 1.183611769e+00 
1.138942993e+00 1.185007728e+00 1.352075801e+00 
1.029331767e+00 1.079443586e+00 1.153565640e+00 
1.052350548e+00 1.113678516e+00 1.239932677e+00 
1.053782093e+00 1.137712519e+00 1.261656901e+00 
1.068626888e+00 1.149690881e+00 1.286778457e+00 
1.043904631e+00 1.129752705e+00 1.230893904e+00 
1.013799845e+00 1.058809892e+00 1.111613265e+00 
1.067796665e+00 1.147990726e+00 1.278830570e+00 
1.046710432e+00 1.126970634e+00 1.239932677e+00 
1.042473086e+00 1.108578053e+00 1.210977434e+00 
1.009276225e+00 1.042735703e+00 1.079510036e+00 
1.000000000e+00 1.029443586e+00 1.000000000e+00 
1.018867412e+00 1.024961360e+00 1.057941653e+00 
1.212508612e+00 1.520015456e+00 1.692525870e+00 
1.156593588e+00 1.434698609e+00 1.623987034e+00 
1.198880291e+00 1.483384853e+00 1.673575614e+00 
1.124198090e+00 1.345285935e+00 1.538399202e+00 
1.050904745e+00 1.179829985e+00 1.286310934e+00 
1.126288676e+00 1.366615147e+00 1.553328762e+00 
1.140689157e+00 1.390571870e+00 1.578107468e+00 
1.110985481e+00 1.313833076e+00 1.488685949e+00 
1.151497677e+00 1.384466770e+00 1.601608278e+00 
1.152141859e+00 1.370710974e+00 1.571936168e+00 
1.157738515e+00 1.415301391e+00 1.611582097e+00 
1.199438582e+00 1.480216383e+00 1.664038150e+00 
1.201185605e+00 1.432998454e+00 1.639197108e+00 
1.200026076e+00 1.441499227e+00 1.649046254e+00 
1.179955933e+00 1.408809892e+00 1.616787184e+00 
1.183535010e+00 1.425734158e+00 1.620620870e+00 
1.186025848e+00 1.423338485e+00 1.635643935e+00 
1.138427647e+00 1.366460587e+00 1.564705149e+00 
1.196561235e+00 1.486939722e+00 1.673575614e+00 
1.168689614e+00 1.450231839e+00 1.638449071e+00 
1.204806768e+00 1.500154560e+00 1.687476624e+00 
1.172354582e+00 1.459119011e+00 1.647612517e+00 
1.242384069e+00 1.496599691e+00 1.683829946e+00 
1.153516114e+00 1.448608964e+00 1.619218302e+00 
1.103197747e+00 1.260278207e+00 1.431710510e+00 
1.157566733e+00 1.432071097e+00 1.619218302e+00 
1.155319825e+00 1.437867079e+00 1.632620621e+00 
1.207412700e+00 1.435703246e+00 1.643030794e+00 
1.136380865e+00 1.395363215e+00 1.586865727e+00 
1.136380865e+00 1.394667697e+00 1.574678968e+00 
1.180872389e+00 1.406336940e+00 1.606127665e+00 
1.207283864e+00 1.407573416e+00 1.613358683e+00 
1.190262850e+00 1.502859351e+00 1.665471886e+00 
1.180199004e+00 1.431607419e+00 1.635643935e+00 
1.191278940e+00 1.446986090e+00 1.643030794e+00 
1.189933887e+00 1.465533230e+00 1.662947263e+00 
1.147317363e+00 1.378825348e+00 1.586429373e+00 
1.124198090e+00 1.348299845e+00 1.546658771e+00 
1.150480727e+00 1.398840804e+00 1.601608278e+00 
1.140031232e+00 1.366306028e+00 1.563177908e+00 
1.149350402e+00 1.395749614e+00 1.589421519e+00 
1.109396498e+00 1.329520866e+00 1.486285999e+00 
1.142120959e+00 1.387635240e+00 1.578107468e+00 
1.183892316e+00 1.452782071e+00 1.649046254e+00 
1.182317935e+00 1.486862442e+00 1.657399327e+00 
1.142922322e+00 1.382457496e+00 1.573027054e+00 
1.172927474e+00 1.410046368e+00 1.611582097e+00 
1.156707823e+00 1.414374034e+00 1.610148361e+00 
1.200812838e+00 1.540030912e+00 1.678998878e+00 
1.152055968e+00 1.462673879e+00 1.628007730e+00 
1.143051158e+00 1.432921175e+00 1.605223788e+00 
1.184594045e+00 1.443740340e+00 1.641752899e+00 
1.175360766e+00 1.414683153e+00 1.619374143e+00 
1.017965557e+00 1.019242658e+00 1.051146989e+00 
1.168145924e+00 1.433153014e+00 1.626761002e+00 
1.168088377e+00 1.461746522e+00 1.643560653e+00 
1.194714579e+00 1.520788253e+00 1.676100237e+00 
1.171209655e+00 1.466615147e+00 1.644620372e+00 
1.210189555e+00 1.523570325e+00 1.692525870e+00 
1.188401592e+00 1.471329212e+00 1.653659145e+00 
1.044634704e+00 1.013678516e+00 1.052736567e+00 
1.110384244e+00 1.229984544e+00 1.425539210e+00 
1.164553105e+00 1.202859351e+00 1.399700785e+00 
1.134848570e+00 1.176120556e+00 1.349364169e+00 
1.093062612e+00 1.214528594e+00 1.398298217e+00 
1.033726551e+00 1.015069552e+00 1.050336616e+00 
1.160458682e+00 1.202550232e+00 1.397394340e+00 
1.051233966e+00 1.125734158e+00 1.251246727e+00 
1.087623137e+00 1.071870170e+00 1.157555168e+00 
1.145055854e+00 1.203786708e+00 1.399202095e+00 
1.159342099e+00 1.186785162e+00 1.370028675e+00 
1.137368612e+00 1.186012365e+00 1.365820970e+00 
1.165669687e+00 1.218624420e+00 1.427066451e+00 
1.171710399e+00 1.213833076e+00 1.405155218e+00 
1.135836317e+00 1.152009274e+00 1.302643062e+00 
1.129981988e+00 1.297217929e+00 1.509163446e+00 
1.109539936e+00 1.312519320e+00 1.485787308e+00 
1.103498365e+00 1.242658423e+00 1.435263683e+00 
1.059794461e+00 1.180061824e+00 1.303048248e+00 
1.084245045e+00 1.186244204e+00 1.344564269e+00 
1.054497823e+00 1.165069552e+00 1.282414911e+00 
1.154890370e+00 1.215224111e+00 1.422702905e+00 
1.111973227e+00 1.223647604e+00 1.421175664e+00 
1.102568166e+00 1.197217929e+00 1.380158334e+00 
1.117498594e+00 1.133153014e+00 1.276524124e+00 
1.140918485e+00 1.264992272e+00 1.452468520e+00 
1.107449350e+00 1.283462133e+00 1.461102107e+00 
1.107779171e+00 1.213678516e+00 1.399264431e+00 
1.105703186e+00 1.238871716e+00 1.430900137e+00 
1.132301044e+00 1.235394127e+00 1.449881561e+00 
1.047827014e+00 1.162982998e+00 1.270352824e+00 
1.046252289e+00 1.109814529e+00 1.226218676e+00 
1.117985596e+00 1.321020093e+00 1.510815360e+00 
1.058033696e+00 1.156105100e+00 1.280077297e+00 
1.056444713e+00 1.142194745e+00 1.270352824e+00 
1.111114318e+00 1.224806801e+00 1.421175664e+00 
1.136437553e+00 1.144513138e+00 1.298435357e+00 
1.062943825e+00 1.173570325e+00 1.307442962e+00 
1.074968819e+00 1.186476043e+00 1.339016332e+00 
1.081238860e+00 1.181452859e+00 1.330632091e+00 
1.122623708e+00 1.335625966e+00 1.524716370e+00 
1.050131727e+00 1.151854714e+00 1.270352824e+00 
1.101236856e+00 1.275115920e+00 1.448884179e+00 
1.084616952e+00 1.184853168e+00 1.342382496e+00 
1.114292284e+00 1.247681607e+00 1.441809001e+00 
1.110899590e+00 1.255177743e+00 1.441092133e+00 
1.109239318e+00 1.283307573e+00 1.458546316e+00 
1.118129033e+00 1.316537867e+00 1.504083032e+00 
1.112660355e+00 1.303709428e+00 1.490182022e+00 
1.022045378e+00 1.024652241e+00 1.060279267e+00 
1.048413907e+00 1.034466770e+00 1.091042264e+00 
1.025781636e+00 1.065069552e+00 1.139851639e+00 
1.017994159e+00 1.049536321e+00 1.094034410e+00 
1.032323694e+00 1.105255023e+00 1.184422142e+00 
1.018867412e+00 1.007959815e+00 1.012311432e+00 
1.017965557e+00 1.017387944e+00 1.030762997e+00 
1.082669804e+00 1.159041731e+00 1.321499813e+00 
1.060266862e+00 1.196754250e+00 1.317198604e+00 
1.052593963e+00 1.072565688e+00 1.155466899e+00 
1.060953989e+00 1.250154560e+00 1.372553298e+00 
1.058119587e+00 1.236321484e+00 1.347961601e+00 
1.101952328e+00 1.362982998e+00 1.496665004e+00 
1.057060294e+00 1.203554869e+00 1.316481735e+00 
1.130639913e+00 1.404559505e+00 1.574180277e+00 
1.120118268e+00 1.398763524e+00 1.552830071e+00 
1.142006724e+00 1.461669243e+00 1.608683456e+00 
1.146172436e+00 1.381375580e+00 1.584590450e+00 
1.071776252e+00 1.230216383e+00 1.402225408e+00 
1.120848342e+00 1.407187017e+00 1.554762498e+00 
1.070945944e+00 1.144976816e+00 1.276679965e+00 
1.062213752e+00 1.223106646e+00 1.372553298e+00 
1.066078846e+00 1.242890263e+00 1.402225408e+00 
1.108694769e+00 1.377434312e+00 1.522503429e+00 
1.050418001e+00 1.215919629e+00 1.315047999e+00 
1.071175015e+00 1.066692427e+00 1.156526618e+00 
1.079277111e+00 1.160510046e+00 1.305915721e+00 
1.062872192e+00 1.190803709e+00 1.323369904e+00 
1.076700381e+00 1.197681607e+00 1.373270166e+00 
1.171639110e+00 1.422874807e+00 1.614823588e+00 
1.058577644e+00 1.201468315e+00 1.343598055e+00 
1.105531404e+00 1.158037094e+00 1.347338237e+00 
1.059064388e+00 1.200154560e+00 1.326704900e+00 
1.056144095e+00 1.179057187e+00 1.301396335e+00 
1.073307688e+00 1.147372488e+00 1.293510784e+00 
1.076987257e+00 1.081221020e+00 1.182365042e+00 
1.056688042e+00 1.208655332e+00 1.318476499e+00 
1.133431369e+00 1.440340031e+00 1.595748660e+00 
1.070287504e+00 1.069860896e+00 1.152412417e+00 
1.069085030e+00 1.148608964e+00 1.282134397e+00 
1.135178392e+00 1.397217929e+00 1.566575240e+00 
1.080565475e+00 1.155873261e+00 1.304107967e+00 
1.008188330e+00 1.023029366e+00 1.050617130e+00 
1.147933201e+00 1.402859351e+00 1.593473382e+00 
1.151755350e+00 1.468315301e+00 1.623145493e+00 
1.063244444e+00 1.221792890e+00 1.373270166e+00 
1.061297553e+00 1.197836167e+00 1.345281137e+00 
1.046610197e+00 1.172333849e+00 1.262934796e+00 
1.054798441e+00 1.212287481e+00 1.345281137e+00 
1.051763655e+00 1.190726430e+00 1.315609026e+00 
1.050818854e+00 1.182534776e+00 1.285375888e+00 
1.048413907e+00 1.199381762e+00 1.284846029e+00 
1.147059690e+00 1.450850077e+00 1.620246852e+00 
1.177493439e+00 1.447295209e+00 1.635955617e+00 
1.042573321e+00 1.016383308e+00 1.059468894e+00 
1.157480842e+00 1.437403400e+00 1.624329884e+00 
1.159370443e+00 1.429984544e+00 1.614698915e+00 
1.076128348e+00 1.084080371e+00 1.178250842e+00 
1.035730645e+00 1.147913447e+00 1.219735694e+00 
1.061669719e+00 1.083153014e+00 1.170115946e+00 
1.047798327e+00 1.190571870e+00 1.263402319e+00 
1.025065906e+00 1.116615147e+00 1.189564892e+00 
1.031135478e+00 1.157573416e+00 1.204556788e+00 
1.012124971e+00 1.008191654e+00 1.027178656e+00 
1.116095994e+00 1.178670788e+00 1.351577110e+00 
1.118801560e+00 1.106723338e+00 1.231641940e+00 
1.091273503e+00 1.061051005e+00 1.145991772e+00 
1.116826067e+00 1.106955178e+00 1.225377135e+00 
1.013170006e+00 1.088948995e+00 1.123363670e+00 
1.143366378e+00 1.151236476e+00 1.301365166e+00 
1.056373166e+00 1.070015456e+00 1.157430495e+00 
1.087479699e+00 1.181298300e+00 1.346870714e+00 
1.130182114e+00 1.104636785e+00 1.220546067e+00 
1.094093304e+00 1.195054096e+00 1.365976811e+00 
1.051133817e+00 1.122565688e+00 1.229927690e+00 
1.050088781e+00 1.127279753e+00 1.242893654e+00 
1.097228324e+00 1.152627512e+00 1.306352076e+00 
1.088138482e+00 1.112132921e+00 1.249189627e+00 
1.051663420e+00 1.125579598e+00 1.249189627e+00 
1.070387653e+00 1.092658423e+00 1.198291984e+00 
1.021444142e+00 1.018006182e+00 1.058658521e+00 
1.037391261e+00 1.146676971e+00 1.245698791e+00 
1.104228438e+00 1.152472952e+00 1.297999003e+00 
1.015274335e+00 1.038562597e+00 1.086741055e+00 
1.058906950e+00 1.159969088e+00 1.288773220e+00 
1.059164623e+00 1.161591963e+00 1.291453684e+00 
1.065162647e+00 1.049459042e+00 1.117940406e+00 
1.019053538e+00 1.036012365e+00 1.082159332e+00 
1.380253682e+00 1.476506955e+00 1.677845655e+00 
1.370992059e+00 1.480448223e+00 1.678344346e+00 
1.279647009e+00 1.509428130e+00 1.690967460e+00 
1.009634133e+00 1.023493045e+00 1.057411794e+00 
1.002447893e+00 1.030293663e+00 1.050617130e+00 
1.003349748e+00 1.026429675e+00 1.030233138e+00 
1.270156056e+00 1.417233385e+00 1.623457175e+00 
1.308148210e+00 1.468624420e+00 1.673388605e+00 
1.288536724e+00 1.431298300e+00 1.638636080e+00 
1.293317416e+00 1.482225657e+00 1.677066451e+00 
1.294233873e+00 1.461746522e+00 1.663664132e+00 
1.325669969e+00 1.533384853e+00 1.696297220e+00 
1.313043996e+00 1.448222566e+00 1.663664132e+00 
1.295049837e+00 1.496290572e+00 1.685045506e+00 
1.338568216e+00 1.546445131e+00 1.703684079e+00 
1.020155777e+00 1.009041731e+00 1.028955242e+00 
1.035873825e+00 1.058346213e+00 1.127072684e+00 
1.054240150e+00 1.093817620e+00 1.192338860e+00 
1.078718819e+00 1.076197836e+00 1.171954868e+00 
1.055671694e+00 1.109041731e+00 1.214063084e+00 
1.060066478e+00 1.066383308e+00 1.151103354e+00 
1.049673670e+00 1.141962906e+00 1.259911482e+00 
1.016319285e+00 1.056182380e+00 1.097899264e+00 
1.054641003e+00 1.148145286e+00 1.271724224e+00 
1.043289051e+00 1.060123648e+00 1.139415285e+00 
1.060152369e+00 1.101081917e+00 1.214063084e+00 
1.034442280e+00 1.098918083e+00 1.184889665e+00 
1.125558603e+00 1.201545595e+00 1.384584216e+00 
1.049444599e+00 1.032689335e+00 1.088268296e+00 
1.104973113e+00 1.348995363e+00 1.480457549e+00 
1.097028198e+00 1.073570325e+00 1.169617255e+00 
1.123224945e+00 1.465146832e+00 1.596185014e+00 
1.129409095e+00 1.427202473e+00 1.576549059e+00 
1.123540165e+00 1.463446677e+00 1.591540955e+00 
1.054655347e+00 1.235316847e+00 1.316886922e+00 
1.115308374e+00 1.423261206e+00 1.549183394e+00 
1.031178423e+00 1.151468315e+00 1.205086648e+00 
1.030777656e+00 1.126429675e+00 1.191123301e+00 
1.039695973e+00 1.062596600e+00 1.143778831e+00 
1.025094508e+00 1.039876352e+00 1.090512405e+00 
1.015388828e+00 1.027279753e+00 1.059749408e+00 
1.032008731e+00 1.058346213e+00 1.119997507e+00 
1.029904402e+00 1.093508501e+00 1.171425009e+00 
1.013713954e+00 1.060510046e+00 1.111145742e+00 
1.119703415e+00 1.083230294e+00 1.183518265e+00 
1.045150050e+00 1.092735703e+00 1.188193492e+00 
1.026755038e+00 1.088948995e+00 1.169087396e+00 
1.036904517e+00 1.067774343e+00 1.146646303e+00 
1.077402111e+00 1.115996909e+00 1.242550804e+00 
1.028916656e+00 1.079829985e+00 1.146085276e+00 
1.358695048e+00 1.422411128e+00 1.631654407e+00 
1.125014054e+00 1.439644513e+00 1.573775090e+00 
1.349390479e+00 1.385085008e+00 1.605441965e+00 
1.070201613e+00 1.235239567e+00 1.392563271e+00 
1.302665790e+00 1.474884080e+00 1.664162823e+00 
1.092218304e+00 1.297758887e+00 1.465340980e+00 
1.080322404e+00 1.252009274e+00 1.419274405e+00 
1.074281692e+00 1.256568779e+00 1.408895400e+00 
1.126603037e+00 1.301159196e+00 1.501589577e+00 
1.120147471e+00 1.315069552e+00 1.501589577e+00 
1.132329388e+00 1.138408037e+00 1.294882184e+00 
1.091717559e+00 1.313833076e+00 1.466026680e+00 
1.087350862e+00 1.279057187e+00 1.454837302e+00 
1.089040338e+00 1.266537867e+00 1.445112829e+00 
1.125071601e+00 1.124420402e+00 1.264836055e+00 
1.096369414e+00 1.284157651e+00 1.479678344e+00 
1.108408752e+00 1.109659969e+00 1.239808004e+00 
1.057632843e+00 1.202550232e+00 1.318258322e+00 
1.077846167e+00 1.269010819e+00 1.422297718e+00 
1.061240264e+00 1.091190108e+00 1.188131156e+00 
1.081510276e+00 1.261823802e+00 1.428998878e+00 
1.041599919e+00 1.095363215e+00 1.193336242e+00 
1.085890716e+00 1.280757342e+00 1.436915597e+00 
1.056716730e+00 1.182998454e+00 1.302892407e+00 
1.099519036e+00 1.089721793e+00 1.194582970e+00 
1.081997278e+00 1.075965997e+00 1.168744546e+00 
1.293131892e+00 1.566537867e+00 1.707019075e+00 
1.342962399e+00 1.551313756e+00 1.707019075e+00 
1.106605042e+00 1.343122102e+00 1.490369031e+00 
1.318655253e+00 1.576043277e+00 1.720951253e+00 
1.009576844e+00 1.069165379e+00 1.110771724e+00 
1.025309235e+00 1.000000000e+00 1.000000000e+00 
1.000000000e+00 1.031298300e+00 1.020383992e+00 
1.016004409e+00 1.078593509e+00 1.118345593e+00 
1.110828301e+00 1.334080371e+00 1.495667622e+00 
1.059150279e+00 1.105795981e+00 1.224691435e+00 
1.145055854e+00 1.285007728e+00 1.490026181e+00 
1.013055428e+00 1.035625966e+00 1.058035158e+00 
1.067839611e+00 1.186476043e+00 1.335993018e+00 
1.162648902e+00 1.268160742e+00 1.478556290e+00 
1.078146785e+00 1.175579598e+00 1.330258073e+00 
1.257257809e+00 1.257882535e+00 1.474005735e+00 
1.146315015e+00 1.261437403e+00 1.465964344e+00 
1.134376170e+00 1.274574961e+00 1.479834185e+00 
1.135951410e+00 1.192272025e+00 1.378225907e+00 
1.144654743e+00 1.268856260e+00 1.487969081e+00 
1.101981531e+00 1.219474498e+00 1.410173295e+00 
1.068469449e+00 1.211205564e+00 1.364418402e+00 
1.146315015e+00 1.260200927e+00 1.460509911e+00 
1.083185150e+00 1.204636785e+00 1.393155467e+00 
1.139558831e+00 1.288948995e+00 1.509350455e+00 
1.079620675e+00 1.228284389e+00 1.392874953e+00 
1.138399303e+00 1.391499227e+00 1.580663259e+00 
1.144525906e+00 1.417156105e+00 1.587520259e+00 
1.119718016e+00 1.216924266e+00 1.413290113e+00 
1.144368726e+00 1.202086553e+00 1.396272285e+00 
1.039409699e+00 1.109659969e+00 1.218862985e+00 
1.207928046e+00 1.309737249e+00 1.544975689e+00 
1.284098738e+00 1.376352396e+00 1.600953746e+00 
1.174072401e+00 1.242890263e+00 1.460852762e+00 
1.163007067e+00 1.296908810e+00 1.524342351e+00 
1.085447518e+00 1.188021638e+00 1.361550929e+00 
1.214254775e+00 1.255873261e+00 1.466057848e+00 
1.150824291e+00 1.306568779e+00 1.509817978e+00 
1.318440526e+00 1.255332303e+00 1.477122553e+00 
1.121893635e+00 1.290803709e+00 1.481018576e+00 
1.111286100e+00 1.345131376e+00 1.498254582e+00 
1.073680455e+00 1.198686244e+00 1.361831442e+00 
1.113490921e+00 1.235085008e+00 1.431336492e+00 
1.107650335e+00 1.331839258e+00 1.491989777e+00 
1.172483418e+00 1.278825348e+00 1.508072560e+00 
1.120233362e+00 1.378438949e+00 1.541204339e+00 
1.120562325e+00 1.319783617e+00 1.504176537e+00 
1.076085402e+00 1.220479134e+00 1.382464780e+00 
1.207155027e+00 1.311746522e+00 1.550430121e+00 
1.131155258e+00 1.367542504e+00 1.557349458e+00 
1.071589869e+00 1.165765070e+00 1.320720608e+00 
1.136022700e+00 1.270633694e+00 1.470546067e+00 
1.130439787e+00 1.313678516e+00 1.544975689e+00 
1.217719617e+00 1.322179289e+00 1.568476499e+00 
1.159628116e+00 1.248918083e+00 1.450162075e+00 
1.074224145e+00 1.220479134e+00 1.376636330e+00 
1.206339063e+00 1.312287481e+00 1.550430121e+00 
1.076987257e+00 1.148995363e+00 1.297001621e+00 
1.121020124e+00 1.291808346e+00 1.487221045e+00 
1.086735883e+00 1.225038640e+00 1.421580850e+00 
1.041943483e+00 1.134234930e+00 1.244015709e+00 
1.087966700e+00 1.180680062e+00 1.342320160e+00 
1.157953242e+00 1.308655332e+00 1.519667124e+00 
1.058835317e+00 1.102395672e+00 1.210603416e+00 
1.166928849e+00 1.324188563e+00 1.568476499e+00 
1.047526396e+00 1.133616692e+00 1.247413041e+00 
1.245562035e+00 1.308809892e+00 1.546565266e+00 
1.052407837e+00 1.124265842e+00 1.243392345e+00 
1.115265428e+00 1.265996909e+00 1.467335744e+00 
1.157824406e+00 1.311978362e+00 1.544975689e+00 
1.232979007e+00 1.268315301e+00 1.482327640e+00 
1.174072401e+00 1.276893354e+00 1.494826082e+00 
1.181845534e+00 1.291267388e+00 1.524342351e+00 
1.214426557e+00 1.320479134e+00 1.557287121e+00 
1.062428480e+00 1.160046368e+00 1.292731580e+00 
1.125501056e+00 1.240185471e+00 1.441653160e+00 
1.151583568e+00 1.258655332e+00 1.462286498e+00 
1.075999511e+00 1.184157651e+00 1.342320160e+00 
1.062514371e+00 1.155718702e+00 1.301053485e+00 
1.124541654e+00 1.275965997e+00 1.487439222e+00 
1.159542225e+00 1.349768161e+00 1.559936417e+00 
1.288221505e+00 1.359969088e+00 1.582377509e+00 
1.198565930e+00 1.297295209e+00 1.528705897e+00 
1.144755235e+00 1.363137558e+00 1.564081785e+00 
1.115251686e+00 1.274961360e+00 1.480706894e+00 
1.242083450e+00 1.265842349e+00 1.486161327e+00 
1.139043485e+00 1.253632148e+00 1.450785438e+00 
1.183906918e+00 1.290958269e+00 1.524342351e+00 
1.260807683e+00 1.278284389e+00 1.502431118e+00 
1.184737483e+00 1.307418856e+00 1.529983793e+00 
1.232063410e+00 1.338021638e+00 1.569006358e+00 
1.077273274e+00 1.162442040e+00 1.323120559e+00 
1.286546631e+00 1.295208655e+00 1.526461788e+00 
1.152900276e+00 1.287789799e+00 1.494265054e+00 
1.057275021e+00 1.139180835e+00 1.271381374e+00 
1.219781000e+00 1.361128284e+00 1.582377509e+00 
1.164309174e+00 1.337171561e+00 1.549089889e+00 
1.103914077e+00 1.356877898e+00 1.490026181e+00 
1.119273960e+00 1.311901082e+00 1.490649545e+00 
1.120418887e+00 1.310587326e+00 1.498254582e+00 
1.126173582e+00 1.299536321e+00 1.494794913e+00 
1.114263940e+00 1.322024730e+00 1.515272410e+00 
1.073852237e+00 1.170556414e+00 1.329759382e+00 
1.127233477e+00 1.380602782e+00 1.559936417e+00 
1.137167627e+00 1.337635240e+00 1.554481985e+00 
1.125773330e+00 1.320710974e+00 1.514524374e+00 
1.134390771e+00 1.358732612e+00 1.554481985e+00 
1.160186407e+00 1.260896445e+00 1.463034534e+00 
1.035945372e+00 1.142040185e+00 1.220265553e+00 
1.134419115e+00 1.384775889e+00 1.562990899e+00 
1.113233248e+00 1.350540958e+00 1.534565516e+00 
1.140002029e+00 1.389103555e+00 1.577982795e+00 
1.044462922e+00 1.014219474e+00 1.040300461e+00 
1.159141973e+00 1.300231839e+00 1.510534846e+00 
1.165483304e+00 1.363755796e+00 1.577982795e+00 
1.239478377e+00 1.423029366e+00 1.624579230e+00 
1.157424154e+00 1.367851623e+00 1.568944022e+00 
1.045235941e+00 1.132612056e+00 1.243080663e+00 
1.164480956e+00 1.368006182e+00 1.577982795e+00 
1.128249567e+00 1.329289026e+00 1.524965715e+00 
1.066808919e+00 1.150077280e+00 1.274872210e+00 
1.152900276e+00 1.369938176e+00 1.568382995e+00 
1.133789535e+00 1.308268934e+00 1.511064705e+00 
1.026611944e+00 1.107959815e+00 1.176318414e+00 
1.117326812e+00 1.345981453e+00 1.526492956e+00 
1.112402682e+00 1.353632148e+00 1.530451315e+00 
1.236414646e+00 1.402318393e+00 1.608153597e+00 
1.233895464e+00 1.407496136e+00 1.608153597e+00 
1.139215267e+00 1.285471406e+00 1.491678095e+00 
1.024879781e+00 1.002627512e+00 1.024030669e+00 
1.164767832e+00 1.157727975e+00 1.328730832e+00 
1.168360651e+00 1.309659969e+00 1.527428001e+00 
1.104987715e+00 1.084003091e+00 1.186136392e+00 
1.276783404e+00 1.402936631e+00 1.612766488e+00 
1.077760276e+00 1.090494590e+00 1.199943897e+00 
1.367041074e+00 1.354791345e+00 1.569629722e+00 
1.316007234e+00 1.362364760e+00 1.583593068e+00 
1.288522123e+00 1.434389490e+00 1.641347712e+00 
1.309823084e+00 1.413292117e+00 1.621836429e+00 
1.108909496e+00 1.237635240e+00 1.431710510e+00 
1.347829840e+00 1.356414219e+00 1.570876449e+00 
1.072778600e+00 1.079443586e+00 1.169710759e+00 
1.098717674e+00 1.126661515e+00 1.273064456e+00 
1.072220308e+00 1.162287481e+00 1.305230021e+00 
1.312313923e+00 1.387248841e+00 1.616911856e+00 
1.086821774e+00 1.117465224e+00 1.248036404e+00 
1.187127829e+00 1.268856260e+00 1.490182022e+00 
1.062829247e+00 1.121174652e+00 1.260098491e+00 
1.374370151e+00 1.365919629e+00 1.589733200e+00 
1.268165962e+00 1.313369397e+00 1.551552176e+00 
1.089742067e+00 1.104714065e+00 1.219766862e+00 
1.229257351e+00 1.404714065e+00 1.601857624e+00 
1.244717727e+00 1.302163833e+00 1.535126543e+00 
1.155577498e+00 1.149536321e+00 1.298497694e+00 
1.388370379e+00 1.384003091e+00 1.603634210e+00 
1.281893917e+00 1.409737249e+00 1.617753397e+00 
1.062313901e+00 1.123029366e+00 1.262872460e+00 
1.068569684e+00 1.093122102e+00 1.218364294e+00 
1.074968819e+00 1.088021638e+00 1.191341479e+00 
1.078232676e+00 1.107264297e+00 1.234789926e+00 
1.052049930e+00 1.115765070e+00 1.238280763e+00 
1.090944540e+00 1.114992272e+00 1.259817978e+00 
1.080737257e+00 1.133307573e+00 1.290487470e+00 
1.155977750e+00 1.154095827e+00 1.318694676e+00 
1.262153594e+00 1.404250386e+00 1.614387234e+00 
1.174959655e+00 1.185703246e+00 1.373238998e+00 
1.218263307e+00 1.263446677e+00 1.471138262e+00 
1.331224538e+00 1.432534776e+00 1.645867099e+00 
1.290239942e+00 1.434544049e+00 1.660453809e+00 
1.168747161e+00 1.270092736e+00 1.491241740e+00 
1.297583621e+00 1.433075734e+00 1.654469518e+00 
1.044634704e+00 1.055795981e+00 1.119779329e+00 
1.335647923e+00 1.391885626e+00 1.621836429e+00 
1.068054338e+00 1.056182380e+00 1.131436230e+00 
1.160158063e+00 1.256568779e+00 1.461725471e+00 
1.398849078e+00 1.458114374e+00 1.670178282e+00 
1.312571595e+00 1.410355487e+00 1.630812866e+00 
1.406192756e+00 1.456646059e+00 1.664193991e+00 
1.295951692e+00 1.400231839e+00 1.602823837e+00 
1.326314151e+00 1.405332303e+00 1.630812866e+00 
1.302021607e+00 1.421097372e+00 1.624142875e+00 
1.181916824e+00 1.266151468e+00 1.469330507e+00 
1.014716044e+00 1.082843895e+00 1.129129784e+00 
1.045436325e+00 1.127047913e+00 1.235787308e+00 
1.187127829e+00 1.265533230e+00 1.470078544e+00 
1.187385502e+00 1.282225657e+00 1.509288119e+00 
1.133388424e+00 1.265687790e+00 1.454650293e+00 
1.093950725e+00 1.178979907e+00 1.348584964e+00 
1.161646554e+00 1.266383308e+00 1.474223912e+00 
1.043961920e+00 1.119783617e+00 1.221668121e+00 
1.037362573e+00 1.082071097e+00 1.167934173e+00 
1.067911158e+00 1.116228748e+00 1.246540332e+00 
1.044205250e+00 1.103632148e+00 1.208889166e+00 
1.006499112e+00 1.026429675e+00 1.057411794e+00 
1.016891920e+00 1.026043277e+00 1.060279267e+00 
1.010135135e+00 1.019629057e+00 1.049339235e+00 
1.008818169e+00 1.020865533e+00 1.038181025e+00 
1.004280291e+00 1.025965997e+00 1.057068944e+00 
1.032180513e+00 1.014683153e+00 1.045941903e+00 
1.023219250e+00 1.098995363e+00 1.166749782e+00 
1.006499112e+00 1.022874807e+00 1.030233138e+00 
1.007901970e+00 1.024265842e+00 1.042544571e+00 
1.034156006e+00 1.017619784e+00 1.057598803e+00 
1.022002433e+00 1.045054096e+00 1.089421519e+00 
1.007730188e+00 1.071483771e+00 1.099145992e+00 
1.013413336e+00 1.032302937e+00 1.059905249e+00 
1.006298729e+00 1.075193199e+00 1.096309687e+00 
1.019440048e+00 1.074652241e+00 1.122397457e+00 
1.023161961e+00 1.017233385e+00 1.043448448e+00 
1.018352067e+00 1.017697063e+00 1.049089889e+00 
1.037849318e+00 1.022874807e+00 1.059718240e+00 
1.001832398e+00 1.029211747e+00 1.042264057e+00 
1.000000000e+00 1.035085008e+00 1.035812243e+00 
1.010979787e+00 1.042117465e+00 1.076455554e+00 
1.005998110e+00 1.024420402e+00 1.052487221e+00 
1.007959259e+00 1.023415765e+00 1.049276898e+00 
1.040941393e+00 1.019860896e+00 1.059468894e+00 
1.005998110e+00 1.021870170e+00 1.027178656e+00 
1.015016662e+00 1.036785162e+00 1.085774841e+00 
1.006327330e+00 1.074111283e+00 1.089546191e+00 
1.031149822e+00 1.014837713e+00 1.031448697e+00 
1.009247623e+00 1.022797527e+00 1.045225034e+00 
1.026726436e+00 1.038871716e+00 1.087894278e+00 
1.003349748e+00 1.029598145e+00 1.052144371e+00 
1.002447893e+00 1.028438949e+00 1.030233138e+00 
1.005038966e+00 1.052550232e+00 1.065546690e+00 
1.007214842e+00 1.051468315e+00 1.076112704e+00 
1.012711864e+00 1.040571870e+00 1.082720359e+00 
1.013828447e+00 1.038021638e+00 1.080039895e+00 
1.046008960e+00 1.027897991e+00 1.081629473e+00 
1.022589326e+00 1.069629057e+00 1.125545443e+00 
1.012196518e+00 1.040262751e+00 1.081660641e+00 
1.013112717e+00 1.038485317e+00 1.082190500e+00 
1.033740895e+00 1.085007728e+00 1.162136891e+00 
1.012769153e+00 1.037557960e+00 1.062398703e+00 
1.025795980e+00 1.115842349e+00 1.175695050e+00 
1.015403172e+00 1.032921175e+00 1.066886922e+00 
1.024135363e+00 1.121406491e+00 1.176411919e+00 
1.012769153e+00 1.039876352e+00 1.079323027e+00 
1.015030920e+00 1.034853168e+00 1.071250468e+00 
1.024965672e+00 1.067156105e+00 1.133618003e+00 
1.014401082e+00 1.037248841e+00 1.080289241e+00 
1.011795751e+00 1.042349304e+00 1.082190500e+00 
1.012196518e+00 1.037094281e+00 1.059749408e+00 
1.010908154e+00 1.042272025e+00 1.080133400e+00 
1.023992269e+00 1.067387944e+00 1.129659643e+00 
1.013971627e+00 1.036321484e+00 1.078793168e+00 
1.014515574e+00 1.035857805e+00 1.072777709e+00 
1.023104672e+00 1.068083462e+00 1.135675103e+00 
1.013685352e+00 1.038408037e+00 1.081380127e+00 
1.012139315e+00 1.042272025e+00 1.081629473e+00 
1.013055428e+00 1.038794436e+00 1.079946391e+00 
1.011795751e+00 1.039180835e+00 1.060279267e+00 
1.012740552e+00 1.039103555e+00 1.077982795e+00 
1.020928796e+00 1.073183926e+00 1.119997507e+00 
1.012139315e+00 1.039103555e+00 1.059718240e+00 
1.051291255e+00 1.030293663e+00 1.086647550e+00 
1.032695859e+00 1.026816074e+00 1.078232141e+00 
1.013370390e+00 1.037094281e+00 1.074897145e+00 
1.013112717e+00 1.035316847e+00 1.060279267e+00 
1.010908154e+00 1.039103555e+00 1.058222167e+00 
1.012711864e+00 1.038408037e+00 1.069473881e+00 
1.005697492e+00 1.054636785e+00 1.075645181e+00 
1.011795751e+00 1.066692427e+00 1.103634210e+00 
1.012024736e+00 1.040958269e+00 1.077515272e+00 
1.015861228e+00 1.021947450e+00 1.057598803e+00 
1.056229986e+00 1.032457496e+00 1.086834559e+00 
1.014773247e+00 1.035548686e+00 1.079572373e+00 
1.012540082e+00 1.040185471e+00 1.079291859e+00 
1.012139315e+00 1.039799073e+00 1.074304950e+00 
1.012826443e+00 1.063137558e+00 1.110179529e+00 
1.011394898e+00 1.041962906e+00 1.076175041e+00 
1.012167917e+00 1.041112828e+00 1.078232141e+00 
1.011938845e+00 1.040030912e+00 1.075925695e+00 
1.007987861e+00 1.054173107e+00 1.082190500e+00 
1.014687356e+00 1.035007728e+00 1.062648049e+00 
1.006441823e+00 1.052318393e+00 1.074055604e+00 
1.006126947e+00 1.051236476e+00 1.063738935e+00 
1.020986085e+00 1.048608964e+00 1.108745792e+00 
1.009934751e+00 1.045672334e+00 1.081473632e+00 
1.011394898e+00 1.066615147e+00 1.092164319e+00 
1.006728183e+00 1.051159196e+00 1.074117940e+00 
1.012797755e+00 1.037789799e+00 1.062928563e+00 
1.013255897e+00 1.038330757e+00 1.068414163e+00 
1.005153458e+00 1.055718702e+00 1.072341354e+00 
1.007272131e+00 1.049768161e+00 1.070533599e+00 
1.009777313e+00 1.047217929e+00 1.083780077e+00 
1.008446003e+00 1.050618238e+00 1.082720359e+00 
1.009634133e+00 1.048454405e+00 1.085587832e+00 
1.007128951e+00 1.050540958e+00 1.069193367e+00 
1.019955393e+00 1.037712519e+00 1.087644932e+00 
1.014687356e+00 1.058423493e+00 1.092444832e+00 
1.026597600e+00 1.032534776e+00 1.086304700e+00 
1.010106533e+00 1.043894900e+00 1.080663259e+00 
1.014486973e+00 1.036707883e+00 1.079510036e+00 
1.006441823e+00 1.052782071e+00 1.076549059e+00 
1.024249942e+00 1.031607419e+00 1.076268545e+00 
1.045536560e+00 1.028129830e+00 1.079821718e+00 
1.064733192e+00 1.028748068e+00 1.086304700e+00 
1.011824353e+00 1.041344668e+00 1.076175041e+00 
1.006012368e+00 1.053400309e+00 1.069131031e+00 
1.006957169e+00 1.050927357e+00 1.066419399e+00 
1.010163822e+00 1.047063369e+00 1.082907368e+00 
1.018581138e+00 1.039489954e+00 1.087115073e+00 
1.059493843e+00 1.032998454e+00 1.089515023e+00 
1.007157638e+00 1.054173107e+00 1.081099614e+00 
1.013270155e+00 1.040108192e+00 1.087115073e+00 
1.020470739e+00 1.035935085e+00 1.084870964e+00 
1.025080164e+00 1.030911901e+00 1.076268545e+00 
1.018065792e+00 1.052472952e+00 1.098460292e+00 
1.012711864e+00 1.037403400e+00 1.060809126e+00 
1.013313101e+00 1.037403400e+00 1.070969954e+00 
1.009276225e+00 1.071329212e+00 1.090886423e+00 
1.006985856e+00 1.049922720e+00 1.065266176e+00 
1.025695745e+00 1.033075734e+00 1.084434609e+00 
1.004094165e+00 1.057418856e+00 1.063458422e+00 
1.014172011e+00 1.036166924e+00 1.068227154e+00 
1.012482879e+00 1.038717156e+00 1.064518140e+00 
1.045923069e+00 1.027666151e+00 1.080912604e+00 
1.010850950e+00 1.042349304e+00 1.074928313e+00 
1.028701929e+00 1.029829985e+00 1.079852886e+00 
1.005926477e+00 1.054791345e+00 1.080382745e+00 
1.015603555e+00 1.056105100e+00 1.089515023e+00 
1.027284728e+00 1.030061824e+00 1.072247849e+00 
1.011938845e+00 1.041344668e+00 1.080569754e+00 
1.013914338e+00 1.035780526e+00 1.065546690e+00 
1.004523620e+00 1.056491499e+00 1.063925944e+00 
1.006699496e+00 1.052936631e+00 1.079946391e+00 
1.005897875e+00 1.053554869e+00 1.071873831e+00 
1.004552222e+00 1.057418856e+00 1.073525745e+00 
1.026110856e+00 1.030834621e+00 1.081380127e+00 
1.041370847e+00 1.032766615e+00 1.086554046e+00 
1.014000229e+00 1.035239567e+00 1.067697295e+00 
1.012282409e+00 1.039335394e+00 1.065858372e+00 
1.015889830e+00 1.032302937e+00 1.063209076e+00 
1.008717934e+00 1.051391036e+00 1.084870964e+00 
1.006241439e+00 1.052472952e+00 1.065328513e+00 
1.007157638e+00 1.052086553e+00 1.076736068e+00 
1.038708227e+00 1.034853168e+00 1.089515023e+00 
1.011938845e+00 1.038176198e+00 1.058658521e+00 
1.059665625e+00 1.029984544e+00 1.087457923e+00 
1.010822263e+00 1.068933539e+00 1.097992769e+00 
1.040511938e+00 1.025656878e+00 1.066606408e+00 
1.039882099e+00 1.027820711e+00 1.079042513e+00 
1.014859138e+00 1.034003091e+00 1.061401322e+00 
1.015632157e+00 1.060741886e+00 1.111706770e+00 
1.005124857e+00 1.053632148e+00 1.065858372e+00 
1.046137796e+00 1.025734158e+00 1.067136267e+00 
1.007844766e+00 1.076893354e+00 1.105660142e+00 
1.010994045e+00 1.067001546e+00 1.094159082e+00 
1.016691536e+00 1.056414219e+00 1.109618501e+00 
1.007372366e+00 1.056491499e+00 1.085307318e+00 
1.012597371e+00 1.067542504e+00 1.110709388e+00 
1.014057518e+00 1.065069552e+00 1.111675602e+00 
1.038965900e+00 1.025270479e+00 1.062211694e+00 
1.022045378e+00 1.045054096e+00 1.091914973e+00 
1.006270041e+00 1.053477589e+00 1.073837427e+00 
1.053352638e+00 1.027588872e+00 1.079915223e+00 
1.013943025e+00 1.037017002e+00 1.072341354e+00 
1.021386852e+00 1.075038640e+00 1.135924448e+00 
1.060095080e+00 1.030911901e+00 1.088704650e+00 
1.039352410e+00 1.031684699e+00 1.082626855e+00 
1.040984338e+00 1.084389490e+00 1.174198978e+00 
1.017464555e+00 1.058655332e+00 1.112579479e+00 
1.038579391e+00 1.073106646e+00 1.147363172e+00 
1.022131269e+00 1.098299845e+00 1.150012467e+00 
1.062671809e+00 1.028748068e+00 1.085307318e+00 
1.026483107e+00 1.053863988e+00 1.117161202e+00 
1.024564818e+00 1.068083462e+00 1.136890662e+00 
1.038235827e+00 1.035703246e+00 1.087707268e+00 
1.021759104e+00 1.073802164e+00 1.133586835e+00 
1.013484883e+00 1.062132921e+00 1.089951378e+00 
1.033225549e+00 1.035780526e+00 1.087644932e+00 
1.037978154e+00 1.063523957e+00 1.144526867e+00 
1.020213066e+00 1.049922720e+00 1.111145742e+00 
1.012082026e+00 1.069860896e+00 1.112953497e+00 
1.017063702e+00 1.056723338e+00 1.112236629e+00 
1.021386852e+00 1.075270479e+00 1.136173794e+00 
1.068426504e+00 1.025115920e+00 1.086024187e+00 
1.056315877e+00 1.032148377e+00 1.088704650e+00 
1.063358937e+00 1.028825348e+00 1.087364418e+00 
1.042358594e+00 1.028748068e+00 1.084964468e+00 
1.024536217e+00 1.066460587e+00 1.118657275e+00 
1.022990179e+00 1.040262751e+00 1.088174791e+00 
1.028601694e+00 1.045517774e+00 1.105348460e+00 
1.018008503e+00 1.053709428e+00 1.109088642e+00 
1.028859367e+00 1.043972179e+00 1.103291360e+00 
1.018924702e+00 1.053013910e+00 1.108278270e+00 
1.033941278e+00 1.039644513e+00 1.088174791e+00 
1.011538078e+00 1.067619784e+00 1.104164069e+00 
1.006012368e+00 1.052241113e+00 1.062928563e+00 
1.024536217e+00 1.067387944e+00 1.131810248e+00 
1.019511595e+00 1.053554869e+00 1.114543074e+00 
1.028444256e+00 1.033307573e+00 1.087083905e+00 
1.022174215e+00 1.044281298e+00 1.088174791e+00 
1.013055428e+00 1.062442040e+00 1.100579728e+00 
1.011280405e+00 1.068006182e+00 1.096029173e+00 
1.021587322e+00 1.061051005e+00 1.116787184e+00 
1.022474833e+00 1.044358578e+00 1.091914973e+00 
1.065119702e+00 1.036785162e+00 1.092413664e+00 
1.038880009e+00 1.033848532e+00 1.087831941e+00 
1.030534241e+00 1.044822257e+00 1.107031542e+00 
1.011366296e+00 1.065842349e+00 1.090637078e+00 
1.015517664e+00 1.057650696e+00 1.096403192e+00 
1.012683262e+00 1.039026275e+00 1.064829822e+00 
1.019926706e+00 1.048531685e+00 1.089951378e+00 
1.016648591e+00 1.061514683e+00 1.113826206e+00 
1.020785616e+00 1.048454405e+00 1.107935420e+00 
1.005382530e+00 1.056414219e+00 1.075988031e+00 
1.037333972e+00 1.036862442e+00 1.088985164e+00 
1.066021557e+00 1.027511592e+00 1.087894278e+00 
1.012368300e+00 1.064683153e+00 1.103914724e+00 
1.022002433e+00 1.076275116e+00 1.140225658e+00 
1.056530604e+00 1.038717156e+00 1.111145742e+00 
1.021358251e+00 1.101159196e+00 1.159705772e+00 
1.018380668e+00 1.053400309e+00 1.104101733e+00 
1.020442052e+00 1.074111283e+00 1.130750530e+00 
1.024221254e+00 1.097217929e+00 1.161825209e+00 
1.021215070e+00 1.073493045e+00 1.120059843e+00 
1.020442052e+00 1.076584235e+00 1.133430994e+00 
1.022217160e+00 1.070633694e+00 1.137077671e+00 
1.019869502e+00 1.051159196e+00 1.111426256e+00 
1.018037104e+00 1.083384853e+00 1.136423139e+00 
1.050904745e+00 1.054404946e+00 1.119748161e+00 
1.015975721e+00 1.086553323e+00 1.137545194e+00 
1.012711864e+00 1.064605873e+00 1.106221169e+00 
1.025824581e+00 1.064142195e+00 1.139072435e+00 
1.015345883e+00 1.087094281e+00 1.129472634e+00 
1.051806601e+00 1.053245750e+00 1.118470266e+00 
1.014716044e+00 1.058114374e+00 1.088985164e+00 
1.011480789e+00 1.066924266e+00 1.099488842e+00 
1.018953303e+00 1.053168470e+00 1.110896397e+00 
1.016319285e+00 1.059814529e+00 1.112953497e+00 
1.015030920e+00 1.058114374e+00 1.090325396e+00 
1.018437958e+00 1.079211747e+00 1.135456926e+00 
1.013370390e+00 1.062905719e+00 1.104693928e+00 
1.021071976e+00 1.047758887e+00 1.107748410e+00 
1.009047240e+00 1.076893354e+00 1.111145742e+00 
1.018724232e+00 1.051159196e+00 1.102387483e+00 
1.014486973e+00 1.088717156e+00 1.126075302e+00 
1.012568770e+00 1.039180835e+00 1.073681586e+00 
1.019182375e+00 1.050000000e+00 1.094065578e+00 
1.018094394e+00 1.082843895e+00 1.134553048e+00 
1.009390804e+00 1.075579598e+00 1.104600424e+00 
1.017063702e+00 1.052859351e+00 1.088985164e+00 
1.011337608e+00 1.067851623e+00 1.097369405e+00 
1.048070343e+00 1.045285935e+00 1.117504052e+00 
1.011623969e+00 1.065842349e+00 1.096091510e+00 
1.013155663e+00 1.068238022e+00 1.112205461e+00 
1.018638341e+00 1.053477589e+00 1.108901633e+00 
1.018495247e+00 1.052241113e+00 1.101047251e+00 
1.012740552e+00 1.064451314e+00 1.108028924e+00 
1.023677307e+00 1.050309119e+00 1.115820970e+00 
1.013313101e+00 1.065610510e+00 1.110428874e+00 
1.012711864e+00 1.038021638e+00 1.064798654e+00 
1.011652571e+00 1.065378671e+00 1.089359182e+00 
1.025652799e+00 1.030448223e+00 1.069193367e+00 
1.031851293e+00 1.046599691e+00 1.114480738e+00 
1.037190791e+00 1.056568779e+00 1.124454557e+00 
1.008030806e+00 1.051854714e+00 1.081909986e+00 
1.023376689e+00 1.098608964e+00 1.151228026e+00 
1.022274450e+00 1.105486862e+00 1.161856377e+00 
1.016233394e+00 1.062364760e+00 1.114293729e+00 
1.019096484e+00 1.082921175e+00 1.142999626e+00 
1.031049587e+00 1.074420402e+00 1.146116444e+00 
1.024478927e+00 1.056336940e+00 1.117878070e+00 
1.078991094e+00 1.045595054e+00 1.119748161e+00 
1.031951442e+00 1.042194745e+00 1.105348460e+00 
1.018695630e+00 1.035007728e+00 1.077982795e+00 
1.083285642e+00 1.041885626e+00 1.116350829e+00 
1.043045721e+00 1.053786708e+00 1.118501434e+00 
1.089383901e+00 1.065455951e+00 1.147456676e+00 
1.031321604e+00 1.065146832e+00 1.144776212e+00 
1.017120991e+00 1.060896445e+00 1.114823588e+00 
1.020241668e+00 1.076816074e+00 1.136454307e+00 
1.025251946e+00 1.046136012e+00 1.104818601e+00 
1.017407266e+00 1.059119011e+00 1.112766488e+00 
1.052364892e+00 1.057727975e+00 1.143186635e+00 
1.020613834e+00 1.046522411e+00 1.094314923e+00 
1.018724232e+00 1.033925811e+00 1.074585463e+00 
1.009247623e+00 1.074034003e+00 1.102886174e+00 
1.019153687e+00 1.064760433e+00 1.117161202e+00 
1.018380668e+00 1.035239567e+00 1.076175041e+00 
1.009018552e+00 1.073338485e+00 1.099239496e+00 
1.008674988e+00 1.075115920e+00 1.100143374e+00 
1.031607878e+00 1.043508501e+00 1.106938038e+00 
1.017521759e+00 1.053400309e+00 1.090979928e+00 
1.011824353e+00 1.065378671e+00 1.099239496e+00 
1.011452187e+00 1.065765070e+00 1.092444832e+00 
1.009777313e+00 1.049459042e+00 1.086554046e+00 
1.012912334e+00 1.068469861e+00 1.110896397e+00 
1.015345883e+00 1.057573416e+00 1.088704650e+00 
1.014157753e+00 1.067928903e+00 1.116350829e+00 
1.025853183e+00 1.045595054e+00 1.106688692e+00 
1.011652571e+00 1.065687790e+00 1.100236878e+00 
1.055027512e+00 1.051004637e+00 1.119748161e+00 
1.041843248e+00 1.030061824e+00 1.086554046e+00 
1.041714411e+00 1.031143740e+00 1.085587832e+00 
1.011337608e+00 1.066692427e+00 1.096372023e+00 
1.026082254e+00 1.031916538e+00 1.084777459e+00 
1.009505296e+00 1.073802164e+00 1.100766737e+00 
1.012683262e+00 1.065378671e+00 1.107280888e+00 
1.016920522e+00 1.058732612e+00 1.111675602e+00 
1.011165827e+00 1.068160742e+00 1.098647301e+00 
1.019869502e+00 1.047990726e+00 1.089515023e+00 
1.034156006e+00 1.129211747e+00 1.219081162e+00 
1.035143752e+00 1.050772798e+00 1.117691061e+00 
1.010593277e+00 1.067774343e+00 1.088673482e+00 
1.014486973e+00 1.090726430e+00 1.128132402e+00 
1.041428137e+00 1.139026275e+00 1.235319786e+00 
1.071518579e+00 1.049459042e+00 1.118314425e+00 
1.018953303e+00 1.047836167e+00 1.088798155e+00 
1.017607650e+00 1.052782071e+00 1.089234509e+00 
1.016576958e+00 1.058423493e+00 1.111332752e+00 
1.018552450e+00 1.086785162e+00 1.140817853e+00 
1.075211891e+00 1.045054096e+00 1.119218302e+00 
1.018294777e+00 1.052395672e+00 1.097182396e+00 
1.019125085e+00 1.050077280e+00 1.095592819e+00 
1.005124857e+00 1.057882535e+00 1.074678968e+00 
1.018609740e+00 1.053168470e+00 1.106470515e+00 
1.078218075e+00 1.043431221e+00 1.117504052e+00 
1.019669033e+00 1.050540958e+00 1.097088892e+00 
1.009505296e+00 1.069938176e+00 1.085463159e+00 
1.039223573e+00 1.032998454e+00 1.086741055e+00 
1.016777427e+00 1.056259660e+00 1.102293978e+00 
1.056272931e+00 1.038639876e+00 1.108527615e+00 
1.068512395e+00 1.055332303e+00 1.120589702e+00 
1.069757814e+00 1.052241113e+00 1.127384366e+00 
1.022875686e+00 1.100231839e+00 1.161233013e+00 
1.017120991e+00 1.083153014e+00 1.131716744e+00 
1.029489291e+00 1.114451314e+00 1.187258447e+00 
1.026139543e+00 1.092194745e+00 1.154968208e+00 
1.011623969e+00 1.073415765e+00 1.112423638e+00 
1.021215070e+00 1.075425039e+00 1.135675103e+00 
1.021329649e+00 1.045208655e+00 1.088143623e+00 
1.019983995e+00 1.050850077e+00 1.109805511e+00 
1.011881642e+00 1.067387944e+00 1.104351078e+00 
1.016748740e+00 1.052318393e+00 1.088704650e+00 
1.019840815e+00 1.050927357e+00 1.109556165e+00 
1.010879552e+00 1.073106646e+00 1.112392470e+00 
1.010278315e+00 1.068624420e+00 1.093504551e+00 
1.063874282e+00 1.030602782e+00 1.088330632e+00 
1.011108623e+00 1.068624420e+00 1.104351078e+00 
1.012311097e+00 1.064760433e+00 1.098709637e+00 
1.013255897e+00 1.062287481e+00 1.092756514e+00 
1.015689446e+00 1.057650696e+00 1.097899264e+00 
1.017951213e+00 1.052550232e+00 1.095655155e+00 
1.011681172e+00 1.065301391e+00 1.090200723e+00 
1.021558634e+00 1.045517774e+00 1.096839546e+00 
1.012282409e+00 1.064142195e+00 1.094564269e+00 
1.036389171e+00 1.044049459e+00 1.109805511e+00 
1.024908382e+00 1.065842349e+00 1.124828575e+00 
1.011910244e+00 1.066924266e+00 1.109462661e+00 
1.083715097e+00 1.040185471e+00 1.116693679e+00 
1.070573778e+00 1.051236476e+00 1.120558534e+00 
1.019869502e+00 1.049304482e+00 1.098179778e+00 
1.081739605e+00 1.042890263e+00 1.117659893e+00 
1.015889830e+00 1.055564142e+00 1.088268296e+00 
1.022331653e+00 1.044667697e+00 1.094408428e+00 
1.082856188e+00 1.041267388e+00 1.116070315e+00 
1.018337723e+00 1.057032457e+00 1.115259943e+00 
1.010364206e+00 1.068006182e+00 1.089234509e+00 
1.015689446e+00 1.058346213e+00 1.109088642e+00 
1.020184379e+00 1.047836167e+00 1.103977060e+00 
1.017865322e+00 1.052782071e+00 1.093442214e+00 
1.011967533e+00 1.068701700e+00 1.110584715e+00 
1.032051677e+00 1.045672334e+00 1.109899015e+00 
1.021558634e+00 1.100850077e+00 1.147861863e+00 
1.041614177e+00 1.059582689e+00 1.131186884e+00 
1.019440048e+00 1.049459042e+00 1.094564269e+00 
1.024937070e+00 1.066846986e+00 1.132963471e+00 
1.011938845e+00 1.064837713e+00 1.091166937e+00 
1.021329649e+00 1.048377125e+00 1.110054856e+00 
1.011165827e+00 1.065765070e+00 1.088424137e+00 
1.017264086e+00 1.053477589e+00 1.091727964e+00 
1.026168145e+00 1.029752705e+00 1.070284254e+00 
1.018896014e+00 1.053709428e+00 1.111426256e+00 
1.015460375e+00 1.057805255e+00 1.107561401e+00 
1.011652571e+00 1.067233385e+00 1.102106969e+00 
1.022489177e+00 1.075038640e+00 1.138262062e+00 
1.024049473e+00 1.066692427e+00 1.119810497e+00 
1.021816307e+00 1.073724884e+00 1.136828326e+00 
1.012897990e+00 1.069551777e+00 1.113826206e+00 
1.038250171e+00 1.061282844e+00 1.142999626e+00 
1.024135363e+00 1.097681607e+00 1.163726468e+00 
1.016949209e+00 1.088794436e+00 1.141191871e+00 
1.017450211e+00 1.085471406e+00 1.132059594e+00 
1.018667029e+00 1.053709428e+00 1.110086024e+00 
1.034499570e+00 1.047681607e+00 1.115197606e+00 
1.011223116e+00 1.066924266e+00 1.091104600e+00 
1.024593506e+00 1.048299845e+00 1.116350829e+00 
1.020213066e+00 1.049304482e+00 1.108652288e+00 
1.017006413e+00 1.086166924e+00 1.137607530e+00 
1.018781521e+00 1.053400309e+00 1.108465279e+00 
1.068340613e+00 1.023106646e+00 1.067136267e+00 
1.072635162e+00 1.044976816e+00 1.117410547e+00 
1.011967533e+00 1.066537867e+00 1.107810747e+00 
1.008961349e+00 1.076043277e+00 1.100423887e+00 
1.046739033e+00 1.024188563e+00 1.074897145e+00 
1.024650709e+00 1.066383308e+00 1.129129784e+00 
1.009533898e+00 1.073647604e+00 1.105161451e+00 
1.034714297e+00 1.045208655e+00 1.107218551e+00 
1.025481017e+00 1.094204019e+00 1.155560404e+00 
1.008446003e+00 1.076816074e+00 1.100673233e+00 
1.009047240e+00 1.075193199e+00 1.103634210e+00 
1.041757357e+00 1.030061824e+00 1.082190500e+00 
1.023705909e+00 1.066846986e+00 1.123301334e+00 
1.027599690e+00 1.061282844e+00 1.120870216e+00 
1.015317281e+00 1.057882535e+00 1.103447201e+00 
1.009018552e+00 1.074961360e+00 1.101826456e+00 
1.028429912e+00 1.142349304e+00 1.197699788e+00 
1.025395126e+00 1.065919629e+00 1.130376512e+00 
1.008674988e+00 1.076275116e+00 1.108371774e+00 
1.018953303e+00 1.051004637e+00 1.110709388e+00 
1.041242011e+00 1.031375580e+00 1.083780077e+00 
1.016920522e+00 1.055873261e+00 1.101732951e+00 
1.018724232e+00 1.055486862e+00 1.112236629e+00 
1.014801935e+00 1.058655332e+00 1.100766737e+00 
1.061641117e+00 1.027279753e+00 1.080725595e+00 
1.041199065e+00 1.037712519e+00 1.090013714e+00 
1.013656665e+00 1.062364760e+00 1.099488842e+00 
1.010364206e+00 1.068315301e+00 1.092756514e+00 
1.012654661e+00 1.063523957e+00 1.094034410e+00 
1.021902198e+00 1.072720247e+00 1.132776462e+00 
1.025481017e+00 1.063910355e+00 1.123426007e+00 
1.036589555e+00 1.092503864e+00 1.182894901e+00 
1.021673213e+00 1.075425039e+00 1.139228276e+00 
1.017750830e+00 1.052782071e+00 1.089359182e+00 
1.016033010e+00 1.054945904e+00 1.089234509e+00 
1.025509619e+00 1.065378671e+00 1.128101234e+00 
1.015632157e+00 1.062132921e+00 1.111862611e+00 
1.019926706e+00 1.049227202e+00 1.098397955e+00 
1.020270270e+00 1.045904173e+00 1.088985164e+00 
1.016605645e+00 1.053323029e+00 1.088985164e+00 
1.019697720e+00 1.049922720e+00 1.100704401e+00 
1.018552450e+00 1.053632148e+00 1.107748410e+00 
1.015259992e+00 1.058655332e+00 1.104164069e+00 
1.018523849e+00 1.052550232e+00 1.104880938e+00 
1.057947805e+00 1.033925811e+00 1.089234509e+00 
1.010936841e+00 1.067774343e+00 1.094564269e+00 
1.011623969e+00 1.097063369e+00 1.119529984e+00 
1.025767292e+00 1.032148377e+00 1.082969705e+00 
1.020213066e+00 1.046754250e+00 1.089234509e+00 
1.029317509e+00 1.048145286e+00 1.115633961e+00 
1.031622222e+00 1.053477589e+00 1.117691061e+00 
1.012282409e+00 1.096367852e+00 1.116132652e+00 
1.019955393e+00 1.048145286e+00 1.103603042e+00 
1.021701815e+00 1.072024730e+00 1.118470266e+00 
1.034599804e+00 1.043740340e+00 1.107031542e+00 
1.014358136e+00 1.066537867e+00 1.112236629e+00 
1.015632157e+00 1.057032457e+00 1.093847401e+00 
1.011681172e+00 1.066383308e+00 1.102574492e+00 
1.012826443e+00 1.059969088e+00 1.088268296e+00 
1.071776252e+00 1.046831530e+00 1.118220920e+00 
1.018266176e+00 1.080602782e+00 1.133493330e+00 
1.024994273e+00 1.091653787e+00 1.154344845e+00 
1.020213066e+00 1.080061824e+00 1.140568508e+00 
1.011938845e+00 1.065146832e+00 1.103197856e+00 
1.016720138e+00 1.056105100e+00 1.098709637e+00 
1.015660845e+00 1.059814529e+00 1.111862611e+00 
1.017206882e+00 1.082302937e+00 1.130625857e+00 
1.016305027e+00 1.061669243e+00 1.116787184e+00 
1.013542172e+00 1.062210201e+00 1.098273283e+00 
1.004437729e+00 1.058037094e+00 1.071250468e+00 
1.018466559e+00 1.077666151e+00 1.133430994e+00 
1.013484883e+00 1.065301391e+00 1.111862611e+00 
1.016720138e+00 1.059350850e+00 1.112423638e+00 
1.018996249e+00 1.053632148e+00 1.116631343e+00 
1.011681172e+00 1.067465224e+00 1.103447201e+00 
1.013227210e+00 1.062828439e+00 1.103447201e+00 
1.016863318e+00 1.086321484e+00 1.134428376e+00 
1.009219022e+00 1.075038640e+00 1.104538088e+00 
1.007587093e+00 1.076197836e+00 1.099675851e+00 
1.022932890e+00 1.045131376e+00 1.104538088e+00 
1.016376574e+00 1.055718702e+00 1.095312305e+00 
1.011165827e+00 1.068933539e+00 1.110335370e+00 
1.033898333e+00 1.045285935e+00 1.108527615e+00 
1.053739148e+00 1.037944359e+00 1.103010847e+00 
1.030004637e+00 1.082689335e+00 1.157087645e+00 
1.012855044e+00 1.067465224e+00 1.110366538e+00 
1.032037333e+00 1.078516229e+00 1.157804513e+00 
1.085003462e+00 1.073415765e+00 1.165845905e+00 
1.030720367e+00 1.051700155e+00 1.116693679e+00 
1.022589326e+00 1.069397218e+00 1.121431243e+00 
1.017750830e+00 1.054173107e+00 1.105691310e+00 
1.011309007e+00 1.068315301e+00 1.103353697e+00 
1.011394898e+00 1.067851623e+00 1.101140756e+00 
1.011366296e+00 1.067387944e+00 1.098709637e+00 
1.009476695e+00 1.071174652e+00 1.091727964e+00 
1.016834631e+00 1.054559505e+00 1.089920209e+00 
1.011022732e+00 1.068701700e+00 1.105254956e+00 
1.016920522e+00 1.055332303e+00 1.101296596e+00 
1.009476695e+00 1.075888717e+00 1.107218551e+00 
1.019983995e+00 1.047681607e+00 1.087894278e+00 
1.022016777e+00 1.072411128e+00 1.133493330e+00 
1.014286589e+00 1.091499227e+00 1.138043885e+00 
1.022961577e+00 1.073415765e+00 1.137420521e+00 
1.013270155e+00 1.071020093e+00 1.116070315e+00 
1.065720938e+00 1.037171561e+00 1.094501932e+00 
1.012024736e+00 1.065996909e+00 1.104725097e+00 
1.013628063e+00 1.062132921e+00 1.093722728e+00 
1.015345883e+00 1.057727975e+00 1.092444832e+00 
1.047512052e+00 1.022179289e+00 1.061650667e+00 
1.017035100e+00 1.053554869e+00 1.104974442e+00 
1.009161732e+00 1.076120556e+00 1.105161451e+00 
1.028000457e+00 1.070170015e+00 1.143248971e+00 
1.037949552e+00 1.074111283e+00 1.152194240e+00 
1.019826557e+00 1.053400309e+00 1.116350829e+00 
1.029417658e+00 1.043663060e+00 1.097649919e+00 
1.024121106e+00 1.071870170e+00 1.144339858e+00 
1.018366410e+00 1.059969088e+00 1.115633961e+00 
1.052665510e+00 1.075193199e+00 1.158708390e+00 
1.038264429e+00 1.101468315e+00 1.188661015e+00 
1.036804282e+00 1.107496136e+00 1.192619374e+00 
1.024937070e+00 1.046445131e+00 1.113576861e+00 
1.035286932e+00 1.077279753e+00 1.165970577e+00 
1.037648934e+00 1.075579598e+00 1.153503304e+00 
1.022102668e+00 1.053323029e+00 1.112485974e+00 
1.033755152e+00 1.081066461e+00 1.163913477e+00 
1.035143752e+00 1.077279753e+00 1.149669617e+00 
1.055657351e+00 1.073261206e+00 1.163882309e+00 
1.031665167e+00 1.085316847e+00 1.159518763e+00 
1.044978268e+00 1.059659969e+00 1.138324398e+00 
1.024736600e+00 1.046986090e+00 1.105971824e+00 
1.017793775e+00 1.087867079e+00 1.138791921e+00 
1.038579391e+00 1.060973725e+00 1.133867348e+00 
1.029875801e+00 1.087248841e+00 1.168277023e+00 
1.026354271e+00 1.064914992e+00 1.139851639e+00 
1.033125314e+00 1.086012365e+00 1.164723850e+00 
1.030834859e+00 1.063292117e+00 1.144339858e+00 
1.017249828e+00 1.060046368e+00 1.114262561e+00 
1.023348087e+00 1.075734158e+00 1.144776212e+00 
1.039724575e+00 1.047990726e+00 1.117878070e+00 
1.030176419e+00 1.071561051e+00 1.145867099e+00 
1.031049587e+00 1.063137558e+00 1.135643935e+00 
1.049616381e+00 1.044667697e+00 1.116537838e+00 
1.014472629e+00 1.067465224e+00 1.115540456e+00 
1.029933004e+00 1.061669243e+00 1.122958484e+00 
1.019797869e+00 1.082534776e+00 1.139571126e+00 
1.022804053e+00 1.102550232e+00 1.163196609e+00 
1.031378893e+00 1.062210201e+00 1.132620621e+00 
1.013155663e+00 1.070788253e+00 1.114013215e+00 
1.021229414e+00 1.072952087e+00 1.130999875e+00 
1.020141433e+00 1.080061824e+00 1.136017953e+00 
1.019482993e+00 1.080834621e+00 1.138604912e+00 
1.045035558e+00 1.047372488e+00 1.117878070e+00 
1.013928681e+00 1.066924266e+00 1.113576861e+00 
1.046266633e+00 1.057805255e+00 1.132028425e+00 
1.010693426e+00 1.074729521e+00 1.113296347e+00 
1.031593620e+00 1.059505410e+00 1.128412916e+00 
1.015245648e+00 1.063678516e+00 1.115104102e+00 
1.014902084e+00 1.066228748e+00 1.117878070e+00 
1.032180513e+00 1.049922720e+00 1.117348211e+00 
1.052422181e+00 1.062055641e+00 1.146303453e+00 
1.019067796e+00 1.076661515e+00 1.126854507e+00 
1.020184379e+00 1.073647604e+00 1.129285625e+00 
1.014615809e+00 1.065996909e+00 1.115633961e+00 
1.018094394e+00 1.081298300e+00 1.131342725e+00 
1.035959716e+00 1.045517774e+00 1.114979429e+00 
1.026969766e+00 1.048145286e+00 1.115104102e+00 
1.012940935e+00 1.095672334e+00 1.133649171e+00 
1.014859138e+00 1.058114374e+00 1.089920209e+00 
1.016949209e+00 1.056105100e+00 1.105940656e+00 
1.017951213e+00 1.053323029e+00 1.096372023e+00 
1.026941164e+00 1.088717156e+00 1.152131904e+00 
1.015431773e+00 1.056646059e+00 1.088985164e+00 
1.032781750e+00 1.105409583e+00 1.184952001e+00 
1.024364435e+00 1.069165379e+00 1.137327017e+00 
1.021300961e+00 1.103863988e+00 1.155217554e+00 
1.032495475e+00 1.107573416e+00 1.185045506e+00 
1.100549728e+00 1.054482226e+00 1.136236130e+00 
1.018008503e+00 1.053245750e+00 1.103634210e+00 
1.021558634e+00 1.072720247e+00 1.127103852e+00 
1.018380668e+00 1.054173107e+00 1.109369156e+00 
1.017865322e+00 1.053863988e+00 1.105660142e+00 
1.010593277e+00 1.068469861e+00 1.095499314e+00 
1.021014687e+00 1.047681607e+00 1.105691310e+00 
1.021071976e+00 1.046522411e+00 1.102293978e+00 
1.015975721e+00 1.056336940e+00 1.100236878e+00 
1.014515574e+00 1.058423493e+00 1.088455305e+00 
1.017636337e+00 1.053400309e+00 1.099520010e+00 
1.017006413e+00 1.054404946e+00 1.111706770e+00 
1.020585232e+00 1.047295209e+00 1.096403192e+00 
1.012625973e+00 1.068778980e+00 1.111675602e+00 
1.017979901e+00 1.052318393e+00 1.088985164e+00 
1.018065792e+00 1.052704791e+00 1.100766737e+00 
1.025423728e+00 1.065378671e+00 1.124018202e+00 
1.021988089e+00 1.070788253e+00 1.130999875e+00 
1.019840815e+00 1.076352396e+00 1.122490961e+00 
1.025824581e+00 1.066924266e+00 1.141191871e+00 
1.021243758e+00 1.075038640e+00 1.134397207e+00 
1.035616152e+00 1.084080371e+00 1.172765241e+00 
1.013628063e+00 1.067310665e+00 1.112236629e+00 
1.019411360e+00 1.076816074e+00 1.134397207e+00 
1.019640431e+00 1.050927357e+00 1.105691310e+00 
1.014945029e+00 1.062828439e+00 1.112953497e+00 
1.015660845e+00 1.056646059e+00 1.089951378e+00 
1.079850003e+00 1.042812983e+00 1.117067697e+00 
1.036646844e+00 1.039953632e+00 1.113483356e+00 
1.022102668e+00 1.045440495e+00 1.095779828e+00 
1.012597371e+00 1.063910355e+00 1.105254956e+00 
1.035573207e+00 1.042040185e+00 1.092008478e+00 
1.012396988e+00 1.064142195e+00 1.102106969e+00 
1.020527943e+00 1.047681607e+00 1.091198105e+00 
1.008503206e+00 1.076275116e+00 1.106969206e+00 
1.021215070e+00 1.046136012e+00 1.093753896e+00 
1.020270270e+00 1.049072643e+00 1.110896397e+00 
1.014859138e+00 1.057341577e+00 1.088268296e+00 
1.010049244e+00 1.072797527e+00 1.111145742e+00 
1.026282638e+00 1.093353941e+00 1.165658895e+00 
1.016491067e+00 1.055486862e+00 1.096029173e+00 
1.026425818e+00 1.063523957e+00 1.129908989e+00 
1.016605645e+00 1.056491499e+00 1.110896397e+00 
1.018294777e+00 1.052550232e+00 1.103010847e+00 
1.021215070e+00 1.077897991e+00 1.137264680e+00 
1.011394898e+00 1.068315301e+00 1.105504301e+00 
1.047096941e+00 1.037712519e+00 1.095312305e+00 
1.016977811e+00 1.055873261e+00 1.103634210e+00 
1.067825267e+00 1.049845440e+00 1.119748161e+00 
1.058720824e+00 1.043199382e+00 1.116974193e+00 
1.445846042e+00 1.522952087e+00 1.694489465e+00 
1.299645004e+00 1.538176198e+00 1.694489465e+00 
1.301276933e+00 1.537480680e+00 1.694489465e+00 
1.299029166e+00 1.538948995e+00 1.694489465e+00 
1.301820622e+00 1.537326121e+00 1.694489465e+00 
1.303224081e+00 1.536089645e+00 1.694489465e+00 
1.370748128e+00 1.531684699e+00 1.694489465e+00 
1.437800635e+00 1.523802164e+00 1.694489465e+00 
1.288550467e+00 1.554868624e+00 1.694489465e+00 
1.283383266e+00 1.557187017e+00 1.694489465e+00 
1.289108758e+00 1.553168470e+00 1.694489465e+00 
1.290125707e+00 1.552318393e+00 1.694489465e+00 
1.293918653e+00 1.545363215e+00 1.694489465e+00 
1.298127311e+00 1.539489954e+00 1.694489465e+00 
1.292157888e+00 1.551391036e+00 1.694489465e+00 
1.290712343e+00 1.551854714e+00 1.694489465e+00 
1.295178673e+00 1.544976816e+00 1.694489465e+00 
1.295307510e+00 1.540571870e+00 1.694489465e+00 
1.285587228e+00 1.555100464e+00 1.694489465e+00 
1.283297375e+00 1.560200927e+00 1.694489465e+00 
1.292172489e+00 1.551313756e+00 1.694489465e+00 
1.289065813e+00 1.553323029e+00 1.694489465e+00 
1.292200833e+00 1.549613601e+00 1.694489465e+00 
1.293575089e+00 1.547604328e+00 1.694489465e+00 
1.059465241e+00 1.089489954e+00 1.186977933e+00 
1.042430141e+00 1.159659969e+00 1.258976437e+00 
1.035759332e+00 1.030989181e+00 1.082003491e+00 
1.045951671e+00 1.120556414e+00 1.223070689e+00 
1.031035329e+00 1.131916538e+00 1.193710261e+00 
1.003721999e+00 1.053863988e+00 1.062648049e+00 
1.003893781e+00 1.036553323e+00 1.054824835e+00 
1.015718048e+00 1.079598145e+00 1.120059843e+00 
1.029832855e+00 1.106259660e+00 1.179559905e+00 
1.032309350e+00 1.166615147e+00 1.226966712e+00 
1.007300733e+00 1.042581144e+00 1.079323027e+00 
1.029603784e+00 1.023106646e+00 1.059905249e+00 
1.030920750e+00 1.110278207e+00 1.193149233e+00 
1.071604470e+00 1.054404946e+00 1.127696048e+00 
1.046567251e+00 1.097449768e+00 1.208982670e+00 
1.015718048e+00 1.056568779e+00 1.110522379e+00 
1.038965900e+00 1.118933539e+00 1.209637202e+00 
1.020542286e+00 1.073802164e+00 1.132869966e+00 
1.007916313e+00 1.044435858e+00 1.080569754e+00 
1.016004409e+00 1.033307573e+00 1.069972572e+00 
1.016161847e+00 1.025656878e+00 1.058222167e+00 
1.019354157e+00 1.031916538e+00 1.081099614e+00 
1.029374713e+00 1.088098918e+00 1.163165441e+00 
1.016462465e+00 1.026661515e+00 1.060996135e+00 
1.024278544e+00 1.040726430e+00 1.088704650e+00 
1.061540882e+00 1.075502318e+00 1.164412168e+00 
1.022231504e+00 1.095826893e+00 1.144371026e+00 
1.007544148e+00 1.045749614e+00 1.081847650e+00 
1.037119244e+00 1.087094281e+00 1.174541828e+00 
1.011652571e+00 1.042735703e+00 1.082720359e+00 
1.045192996e+00 1.140803709e+00 1.253210323e+00 
1.016834631e+00 1.031607419e+00 1.063957113e+00 
1.061125771e+00 1.090880989e+00 1.187133774e+00 
1.014486973e+00 1.039799073e+00 1.085026805e+00 
1.027556745e+00 1.082766615e+00 1.157181149e+00 
1.044033468e+00 1.074111283e+00 1.154843536e+00 
1.010178080e+00 1.042812983e+00 1.087831941e+00 
1.009963353e+00 1.068160742e+00 1.086616382e+00 
1.052794347e+00 1.236939722e+00 1.325427004e+00 
1.018810123e+00 1.104791345e+00 1.159986286e+00 
1.022102668e+00 1.128052550e+00 1.189502556e+00 
1.049272817e+00 1.076043277e+00 1.161544695e+00 
1.023505525e+00 1.093276662e+00 1.150573495e+00 
1.025137453e+00 1.143663060e+00 1.201003616e+00 
1.036904517e+00 1.149304482e+00 1.226343349e+00 
1.021401196e+00 1.015996909e+00 1.039770602e+00 
1.032194857e+00 1.128284389e+00 1.207268420e+00 
1.037348315e+00 1.118392581e+00 1.203123052e+00 
1.047426161e+00 1.145363215e+00 1.259007605e+00 
1.036475062e+00 1.122102009e+00 1.219673357e+00 
1.035687699e+00 1.121483771e+00 1.195642688e+00 
1.024679397e+00 1.094899536e+00 1.167715996e+00 
1.005754695e+00 1.047295209e+00 1.061681835e+00 
1.032824696e+00 1.102550232e+00 1.190157088e+00 
1.007901970e+00 1.025656878e+00 1.053733948e+00 
1.043646958e+00 1.106336940e+00 1.197232265e+00 
1.028931000e+00 1.088485317e+00 1.159300586e+00 
1.009562586e+00 1.042040185e+00 1.067572622e+00 
1.029546495e+00 1.105255023e+00 1.173887296e+00 
1.062328245e+00 1.093276662e+00 1.206645057e+00 
1.029417658e+00 1.107418856e+00 1.183861115e+00 
1.059794461e+00 1.083693972e+00 1.169897768e+00 
1.035873825e+00 1.171174652e+00 1.252399950e+00 
1.016276339e+00 1.055023184e+00 1.093224037e+00 
1.017063702e+00 1.079675425e+00 1.129410298e+00 
1.025738690e+00 1.040185471e+00 1.091042264e+00 
1.019597486e+00 1.076506955e+00 1.131716744e+00 
1.010077931e+00 1.039412674e+00 1.073868595e+00 
1.021615924e+00 1.034621329e+00 1.086117691e+00 
1.036160100e+00 1.076584235e+00 1.151415036e+00 
1.027800074e+00 1.106259660e+00 1.169430246e+00 
1.014515574e+00 1.039721793e+00 1.082439845e+00 
1.032595624e+00 1.100695518e+00 1.173326269e+00 
1.062213752e+00 1.177588872e+00 1.299245730e+00 
1.035358479e+00 1.152782071e+00 1.232265304e+00 
1.029117040e+00 1.141499227e+00 1.196982920e+00 
1.011810009e+00 1.067774343e+00 1.106688692e+00 
1.024622108e+00 1.092967543e+00 1.150978681e+00 
1.805742963e+00 1.552704791e+00 2.000000000e+00 
1.782903694e+00 1.553709428e+00 2.000000000e+00 
1.738297076e+00 1.554482226e+00 2.000000000e+00 
1.608201454e+00 1.554559505e+00 2.000000000e+00 
1.516927694e+00 1.556105100e+00 2.000000000e+00 
1.508510378e+00 1.559505410e+00 2.000000000e+00 
1.452043935e+00 1.561051005e+00 2.000000000e+00 
1.446862132e+00 1.562828439e+00 2.000000000e+00 
1.446554643e+00 1.582302937e+00 2.000000000e+00 
1.431644828e+00 1.588948995e+00 2.000000000e+00 
1.428359499e+00 1.593894900e+00 2.000000000e+00 
1.425668535e+00 1.603554869e+00 2.000000000e+00 
1.410515649e+00 1.604095827e+00 2.000000000e+00 
1.405076174e+00 1.608346213e+00 2.000000000e+00 
1.398999387e+00 1.611591963e+00 2.000000000e+00 
1.362738795e+00 1.616537867e+00 2.000000000e+00 
1.349103603e+00 1.629907264e+00 2.000000000e+00 
1.333621755e+00 1.636476043e+00 2.000000000e+00 
1.300296058e+00 1.717465224e+00 2.000000000e+00 
1.572269824e+00 1.532534776e+00 1.849239496e+00 
1.608272744e+00 1.537944359e+00 1.895680090e+00 
1.668389554e+00 1.547990726e+00 1.974597930e+00 
1.704936163e+00 1.520633694e+00 1.752836305e+00 
1.446303841e+00 1.514760433e+00 1.743423513e+00 
1.710647913e+00 1.551931994e+00 1.980893904e+00 
1.613963021e+00 1.528052550e+00 1.811463658e+00 
1.598159082e+00 1.524652241e+00 1.808970203e+00 
1.371020403e+00 1.524265842e+00 1.755205087e+00 
1.405627594e+00 1.549845440e+00 1.928001496e+00 
1.595052405e+00 1.529366306e+00 1.795754893e+00 
1.400444932e+00 1.551622875e+00 1.928001496e+00 
1.456260322e+00 1.545826893e+00 1.798684703e+00 
1.390381946e+00 1.570556414e+00 1.773812492e+00 
1.362302469e+00 1.562982998e+00 1.738810622e+00 
1.360019487e+00 1.589258114e+00 1.931897519e+00 
1.389658744e+00 1.588330757e+00 1.850330383e+00 
1.337537525e+00 1.582148377e+00 1.734010722e+00 
1.338381833e+00 1.610973725e+00 1.840605909e+00 
1.325877825e+00 1.664914992e+00 1.786279766e+00 
1.302765423e+00 1.702782071e+00 1.990462536e+00 
1.277692989e+00 1.978284389e+00 1.991023563e+00 
1.285587228e+00 1.919629057e+00 1.955523002e+00 
1.271093127e+00 1.896676971e+00 1.947886797e+00 
1.286353376e+00 1.879752705e+00 1.935824710e+00 
1.255460970e+00 1.878825348e+00 1.932707892e+00 
1.300231639e+00 1.860123648e+00 1.926848273e+00 
1.285587228e+00 1.863292117e+00 1.917186136e+00 
1.272252655e+00 1.858346213e+00 1.916905623e+00 
1.275423750e+00 1.839567233e+00 1.915066700e+00 
1.261674323e+00 1.836166924e+00 1.913975813e+00 
1.287663213e+00 1.819474498e+00 1.902194240e+00 
1.269282545e+00 1.818469861e+00 1.900604663e+00 
1.288206903e+00 1.818315301e+00 1.897207331e+00 
1.239764394e+00 1.793585781e+00 1.887202344e+00 
1.289151704e+00 1.793276662e+00 1.885425757e+00 
1.239521323e+00 1.797063369e+00 1.882215434e+00 
1.285344157e+00 1.792194745e+00 1.881966089e+00 
1.279660751e+00 1.773724884e+00 1.874890911e+00 
1.228591696e+00 1.778052550e+00 1.873114325e+00 
1.255138878e+00 1.770401855e+00 1.873083157e+00 
1.240867234e+00 1.773415765e+00 1.870184516e+00 
1.219179764e+00 1.776970634e+00 1.862922329e+00 
1.241625652e+00 1.752086553e+00 1.859899015e+00 
1.278659263e+00 1.748763524e+00 1.858621120e+00 
1.224891513e+00 1.736707883e+00 1.845094128e+00 
1.200154913e+00 1.730216383e+00 1.844720110e+00 
1.292000707e+00 1.715455951e+00 1.830102232e+00 
1.214548522e+00 1.712673879e+00 1.829291859e+00 
1.208493209e+00 1.715146832e+00 1.823837427e+00 
1.215572343e+00 1.710278207e+00 1.818632340e+00 
1.202710169e+00 1.721097372e+00 1.818382995e+00 
1.183406173e+00 1.692967543e+00 1.814673981e+00 
1.193970763e+00 1.691112828e+00 1.813583094e+00 
1.175532548e+00 1.696986090e+00 1.804731330e+00 
1.214813066e+00 1.672024730e+00 1.798965216e+00 
1.204692533e+00 1.668933539e+00 1.797313303e+00 
1.201572114e+00 1.673956723e+00 1.793199102e+00 
1.202802932e+00 1.672256569e+00 1.792949757e+00 
1.199102749e+00 1.676352396e+00 1.791142002e+00 
1.184192934e+00 1.676584235e+00 1.789708266e+00 
1.181731299e+00 1.678052550e+00 1.785968084e+00 
1.163694195e+00 1.676120556e+00 1.783817479e+00 
1.185882410e+00 1.651004637e+00 1.780887670e+00 
1.219931310e+00 1.650618238e+00 1.778737065e+00 
1.177057112e+00 1.657341577e+00 1.777396833e+00 
1.161088263e+00 1.651777434e+00 1.774248847e+00 
1.196812036e+00 1.650927357e+00 1.767391846e+00 
1.152485423e+00 1.624961360e+00 1.762841292e+00 
1.205136589e+00 1.613678516e+00 1.746353323e+00 
1.161403483e+00 1.609969088e+00 1.744265054e+00 
1.191866434e+00 1.609350850e+00 1.743735195e+00 
1.186104009e+00 1.602859351e+00 1.743454681e+00 
1.179655314e+00 1.587712519e+00 1.727777085e+00 
1.141412359e+00 1.587480680e+00 1.725408303e+00 
1.196124908e+00 1.583925811e+00 1.725158958e+00 
1.130425185e+00 1.591499227e+00 1.724348585e+00 
1.151755350e+00 1.586244204e+00 1.714779953e+00 
1.206223969e+00 1.570092736e+00 1.709730707e+00 
1.119181198e+00 1.571715611e+00 1.709200848e+00 
1.143595707e+00 1.568238022e+00 1.708920334e+00 
1.207276134e+00 1.567465224e+00 1.708390475e+00 
1.177379204e+00 1.567851623e+00 1.706613889e+00 
1.186569538e+00 1.550231839e+00 1.690873956e+00 
1.113289936e+00 1.547140649e+00 1.690624610e+00 
1.155477005e+00 1.544513138e+00 1.688286997e+00 
1.145893291e+00 1.545904173e+00 1.687757138e+00 
1.112782320e+00 1.551545595e+00 1.675819723e+00 
1.185094790e+00 1.528361669e+00 1.671767859e+00 
1.144167741e+00 1.530061824e+00 1.669991273e+00 
1.131026422e+00 1.527820711e+00 1.669180900e+00 
1.189818793e+00 1.527279753e+00 1.667653659e+00 
1.126445856e+00 1.529057187e+00 1.666282259e+00 
1.115802247e+00 1.532380216e+00 1.652505922e+00 
1.153888022e+00 1.503632148e+00 1.651664381e+00 
1.133087805e+00 1.504945904e+00 1.649077422e+00 
1.171195054e+00 1.502086553e+00 1.646739808e+00 
1.105531404e+00 1.506646059e+00 1.641534721e+00 
1.089820228e+00 1.508346213e+00 1.638573744e+00 
1.125472712e+00 1.506105100e+00 1.636516644e+00 
1.109325209e+00 1.484234930e+00 1.626355816e+00 
1.085726664e+00 1.487635240e+00 1.624735070e+00 
1.125400563e+00 1.466846986e+00 1.609930183e+00 
1.111558374e+00 1.471251932e+00 1.606283506e+00 
1.110348170e+00 1.465301391e+00 1.604132901e+00 
1.125172093e+00 1.464528594e+00 1.602574492e+00 
1.130010332e+00 1.444435858e+00 1.588922828e+00 
1.120684290e+00 1.448686244e+00 1.584029423e+00 
1.115380522e+00 1.446754250e+00 1.579634709e+00 
1.091717559e+00 1.446367852e+00 1.579073682e+00 
1.126130637e+00 1.446290572e+00 1.578543822e+00 
1.110076755e+00 1.424343122e+00 1.567572622e+00 
1.119087577e+00 1.424034003e+00 1.557598803e+00 
1.105438642e+00 1.428052550e+00 1.557131280e+00 
1.077774019e+00 1.427202473e+00 1.549588580e+00 
1.095682287e+00 1.402163833e+00 1.544071811e+00 
1.095475289e+00 1.401159196e+00 1.543541952e+00 
1.079435150e+00 1.382380216e+00 1.520633337e+00 
1.072792342e+00 1.385625966e+00 1.502431118e+00 
1.098739146e+00 1.360973725e+00 1.496602668e+00 
1.077731073e+00 1.368392581e+00 1.493143000e+00 
1.102660928e+00 1.360046368e+00 1.492207954e+00 
1.060166627e+00 1.364528594e+00 1.492052113e+00 
1.084137681e+00 1.342503864e+00 1.471823962e+00 
1.072871362e+00 1.340880989e+00 1.470140880e+00 
1.069614634e+00 1.339567233e+00 1.466213689e+00 
1.064418230e+00 1.345363215e+00 1.465216307e+00 
1.063816993e+00 1.346136012e+00 1.464873457e+00 
1.059028571e+00 1.345904173e+00 1.458421643e+00 
1.046846397e+00 1.346522411e+00 1.456084029e+00 
1.062056228e+00 1.319783617e+00 1.447232265e+00 
1.080365349e+00 1.319319938e+00 1.440749283e+00 
1.054397674e+00 1.326970634e+00 1.437258447e+00 
1.051863890e+00 1.326429675e+00 1.432053360e+00 
1.053187985e+00 1.302395672e+00 1.418277023e+00 
1.071089124e+00 1.298222566e+00 1.416157586e+00 
1.070917342e+00 1.301622875e+00 1.414349832e+00 
1.049351579e+00 1.307264297e+00 1.403908490e+00 
1.046123453e+00 1.281452859e+00 1.396833313e+00 
1.056473315e+00 1.279752705e+00 1.392968458e+00 
1.038071174e+00 1.286476043e+00 1.382589453e+00 
1.039445429e+00 1.286244204e+00 1.376137639e+00 
1.058033696e+00 1.263446677e+00 1.369997507e+00 
1.047211434e+00 1.262751159e+00 1.369654657e+00 
1.057733078e+00 1.262364760e+00 1.369467647e+00 
1.060087951e+00 1.262055641e+00 1.368844284e+00 
1.055227896e+00 1.261669243e+00 1.365602793e+00 
1.036410644e+00 1.263833076e+00 1.349239496e+00 
1.050031492e+00 1.243199382e+00 1.339982546e+00 
1.044770670e+00 1.242581144e+00 1.338330632e+00 
1.034986314e+00 1.243663060e+00 1.324523127e+00 
1.034270498e+00 1.223338485e+00 1.314050617e+00 
1.049373052e+00 1.221638331e+00 1.313489590e+00 
1.039273648e+00 1.221097372e+00 1.310964967e+00 
1.034721426e+00 1.217851623e+00 1.302362548e+00 
1.033232678e+00 1.227202473e+00 1.295256202e+00 
1.046424071e+00 1.202009274e+00 1.288742052e+00 
1.037577301e+00 1.201700155e+00 1.287464157e+00 
1.041098831e+00 1.199768161e+00 1.285656402e+00 
1.044097886e+00 1.199536321e+00 1.285313552e+00 
1.031715242e+00 1.202472952e+00 1.278331879e+00 
1.030620132e+00 1.205718702e+00 1.270290487e+00 
1.038837064e+00 1.180370943e+00 1.262155592e+00 
1.032452530e+00 1.179984544e+00 1.250748036e+00 
1.028365494e+00 1.183307573e+00 1.250187009e+00 
1.035229643e+00 1.161901082e+00 1.231922454e+00 
1.034456624e+00 1.160278207e+00 1.227029049e+00 
1.029367584e+00 1.163833076e+00 1.224597930e+00 
1.034012825e+00 1.160123648e+00 1.222478494e+00 
1.033669262e+00 1.161205564e+00 1.222042139e+00 
1.028508674e+00 1.163523957e+00 1.221481112e+00 
1.020606705e+00 1.164451314e+00 1.215746166e+00 
1.029131384e+00 1.163214838e+00 1.214031916e+00 
1.028379838e+00 1.162751159e+00 1.210541080e+00 
1.028873711e+00 1.160973725e+00 1.209574866e+00 
1.024020871e+00 1.163833076e+00 1.207954120e+00 
1.024106762e+00 1.124884080e+00 1.167747164e+00 

