1.781611744e+00 1.514463938e+00 1.421707839e+00 
1.825076507e+00 1.559454191e+00 1.773844259e+00 
1.788752384e+00 1.535204678e+00 1.585489204e+00 
1.855324433e+00 1.546510721e+00 1.667477145e+00 
1.746884286e+00 1.523742690e+00 1.464533489e+00 
1.901272897e+00 1.591656920e+00 2.000000000e+00 
2.000000000e+00 1.536140351e+00 1.587920638e+00 
1.855856655e+00 1.588927875e+00 1.988361538e+00 
1.887523839e+00 1.553372320e+00 1.708811515e+00 
1.853860824e+00 1.537621832e+00 1.598910718e+00 
1.880826718e+00 1.556491228e+00 1.783310640e+00 
1.851998049e+00 1.592982456e+00 2.000000000e+00 
1.831773628e+00 1.548538012e+00 1.689813914e+00 
1.844768705e+00 1.564522417e+00 1.819360695e+00 
1.750875948e+00 1.568343080e+00 1.812909291e+00 
1.992726305e+00 1.508615984e+00 1.351293523e+00 
1.928682308e+00 1.581832359e+00 1.896064320e+00 
1.821750122e+00 1.575048733e+00 1.868735006e+00 
1.778595822e+00 1.564600390e+00 1.805841924e+00 
1.908457888e+00 1.556413255e+00 1.744829151e+00 
1.874440059e+00 1.587602339e+00 1.937690462e+00 
1.984388167e+00 1.583703704e+00 1.896809959e+00 
1.829955205e+00 1.597192982e+00 1.977014848e+00 
1.883886992e+00 1.587368421e+00 1.898139143e+00 
1.883709584e+00 1.587524366e+00 1.898139143e+00 
1.768483612e+00 1.567095517e+00 1.767879142e+00 
1.770257684e+00 1.549083821e+00 1.575374441e+00 
1.680445292e+00 1.518284600e+00 1.358749919e+00 
1.719120060e+00 1.574814815e+00 1.801205991e+00 
1.756996496e+00 1.543235867e+00 1.488264281e+00 
1.756286867e+00 1.556335283e+00 1.662419763e+00 
1.714285714e+00 1.543391813e+00 1.545321922e+00 
1.804275513e+00 1.607407407e+00 2.000000000e+00 
1.853594713e+00 1.591033138e+00 1.875413344e+00 
1.782631836e+00 1.601013645e+00 1.904655385e+00 
1.765866856e+00 1.554853801e+00 1.587953057e+00 
1.772697033e+00 1.596413255e+00 1.890942099e+00 
1.744932807e+00 1.574736842e+00 1.739609674e+00 
1.770213332e+00 1.590799220e+00 1.852298515e+00 
1.808888100e+00 1.552826511e+00 1.595766064e+00 
1.798154965e+00 1.604678363e+00 1.932827595e+00 
1.827471504e+00 1.555399610e+00 1.615995591e+00 
1.672240209e+00 1.570370370e+00 1.655935940e+00 
1.802235331e+00 1.612631579e+00 1.953446152e+00 
1.760810751e+00 1.614580897e+00 1.970206834e+00 
1.802190979e+00 1.627992203e+00 2.000000000e+00 
1.478726216e+00 1.634230019e+00 2.000000000e+00 
1.735086708e+00 1.607797271e+00 1.815308306e+00 
1.679292145e+00 1.605847953e+00 1.757083576e+00 
1.436783608e+00 1.626354776e+00 1.943655579e+00 
1.442978667e+00 1.590175439e+00 1.638040589e+00 
1.567481261e+00 1.597738791e+00 1.645205213e+00 
1.379791547e+00 1.611773879e+00 1.791415419e+00 
1.387627622e+00 1.618011696e+00 1.856350904e+00 
1.475695214e+00 1.609590643e+00 1.762432730e+00 
1.305044574e+00 1.605068226e+00 1.711437464e+00 
1.387849381e+00 1.601871345e+00 1.684853790e+00 
1.707411186e+00 1.561949318e+00 1.390066783e+00 
1.578657915e+00 1.605302144e+00 1.738215652e+00 
1.482074777e+00 1.583937622e+00 1.552907995e+00 
1.537262607e+00 1.561871345e+00 1.367243727e+00 
1.455943585e+00 1.577777778e+00 1.476301627e+00 
1.332594137e+00 1.612085770e+00 1.733125851e+00 
1.428245886e+00 1.649902534e+00 1.984536082e+00 
1.447679957e+00 1.654502924e+00 2.000000000e+00 
1.461946157e+00 1.648109162e+00 1.949361343e+00 
1.482296536e+00 1.582690058e+00 1.477079686e+00 
1.342617643e+00 1.623079922e+00 1.741295468e+00 
1.374994456e+00 1.579883041e+00 1.393730143e+00 
1.305125294e+00 1.631812865e+00 1.809051417e+00 
1.412234887e+00 1.575048733e+00 1.355443169e+00 
1.389069056e+00 1.649590643e+00 1.865071646e+00 
1.418466315e+00 1.668148148e+00 2.000000000e+00 
1.404096332e+00 1.669395712e+00 2.000000000e+00 
1.388506675e+00 1.669317739e+00 1.988361538e+00 
1.367439571e+00 1.657621832e+00 1.894994489e+00 
1.392313833e+00 1.656218324e+00 1.870647734e+00 
1.411473810e+00 1.666978558e+00 1.933702911e+00 
1.386459396e+00 1.672358674e+00 1.925014589e+00 
1.364039562e+00 1.671111111e+00 1.919827530e+00 
1.385794119e+00 1.668693957e+00 1.906827465e+00 
1.363500244e+00 1.665029240e+00 1.812066394e+00 
1.363159622e+00 1.682962963e+00 1.917882383e+00 
1.341915111e+00 1.692943470e+00 1.937982234e+00 
1.373952189e+00 1.702768031e+00 2.000000000e+00 
1.366915332e+00 1.734814815e+00 1.960805291e+00 
1.372525835e+00 1.755321637e+00 2.000000000e+00 
1.339002972e+00 1.753450292e+00 1.942909940e+00 
1.322710782e+00 1.772943470e+00 1.951274071e+00 
1.248119040e+00 1.746666667e+00 1.686247812e+00 
1.343748614e+00 1.803820663e+00 1.991344096e+00 
