260 257 0
198.2 315 0
325.2 544 1330
466 528 1453
427 505 1349
365 425 1246
260 283 675
198.2 345 552
527 612 2024
593.2 857 2576
425.2 651 2005
325.2 514 778
366 421 778


260 257 0
198.2 315 0
325.2 544 1330
466 528 1453
427 505 1349
365 425 1246
260 283 675
198.2 345 552
527 612 2024
593.2 857 2576
425.2 651 2005
325.2 514 778
366 421 778


260 257 0
198.2 315 0
365 425 1246
325.2 544 1330
427 505 1349
260 283 675
198.2 345 552
366 421 778
325.2 514 778
425.2 621 1453
466 528 1453
527 612 2024


260 257 0
198.2 315 0
325.2 544 1330
365 425 1246
466 528 1453
427 505 1349
260 283 675
198.2 345 552
366 421 778
325.2 514 778
593.2 857 2576
527 612 2024
425.2 651 2005


260 257 0
198.2 315 0
325.2 544 1330
365 425 1246
466 528 1453
427 505 1349
260 283 675
198.2 345 552
366 421 778
325.2 514 778
593.2 857 2576
527 612 2024
425.2 651 2005


668 784 2576
593.2 857 2576
260 257 0
198.2 315 0
325.2 544 1330
365 425 1246
427 505 1349
260 283 675
366 421 778
198.2 345 552
325.2 514 778
425.2 651 2005
527 612 2024
425.2 621 1453
466 528 1453


260 257 0
198.2 315 0
427 505 1349
325.2 544 1330
365 425 1246
425.2 621 1453
466 528 1453
260 283 675
198.2 345 552
527 612 2024
425.2 651 2005
593.2 857 2576
325.2 514 778
366 421 778


260 257 0
198.2 315 0
427 505 1349
325.2 544 1330
365 425 1246
425.2 621 1453
466 528 1453
260 283 675
198.2 345 552
527 612 2024
425.2 651 2005
593.2 857 2576
325.2 514 778
366 421 778


593.2 857 2576
668 784 2576
260 257 0
198.2 315 0
427 505 1349
466 528 1453
365 425 1246
325.2 544 1330
260 283 675
198.2 345 552
527 612 2024
425.2 651 2005
325.2 514 778
366 421 778


260 257 0
198.2 315 0
427 505 1349
466 528 1453
365 425 1246
325.2 544 1330
425.2 621 1453
260 283 675
198.2 345 552
366 421 778
325.2 514 778
668 784 2576
593.2 857 2576
425.2 651 2005
527 612 2024


260 257 0
198.2 315 0
427 505 1349
466 528 1453
365 425 1246
325.2 544 1330
425.2 621 1453
260 283 675
198.2 345 552
366 421 778
325.2 514 778
668 784 2576
593.2 857 2576
425.2 651 2005
527 612 2024


260 257 0
198.2 315 0
325.2 544 1330
427 505 1349
365 425 1246
466 528 1453
527 612 2024
425.2 651 2005
593.2 857 2576
260 283 675
198.2 345 552
325.2 514 778
366 421 778


260 257 0
198.2 315 0
325.2 544 1330
427 505 1349
365 425 1246
466 528 1453
527 612 2024
425.2 651 2005
593.2 857 2576
260 283 675
198.2 345 552
325.2 514 778
366 421 778


198.2 315 0
260 257 0
325.2 544 1330
365 425 1246
466 528 1453
425.2 621 1453
427 505 1349
260 283 675
198.2 345 552
593.2 857 2576
425.2 651 2005
527 612 2024
325.2 514 778
366 421 778


198.2 315 0
260 257 0
325.2 544 1330
365 425 1246
466 528 1453
425.2 621 1453
427 505 1349
260 283 675
198.2 345 552
593.2 857 2576
425.2 651 2005
527 612 2024
325.2 514 778
366 421 778


260 257 0
198.2 315 0
668 784 2576
593.2 857 2576
425.2 651 2005
527 612 2024
365 425 1246
260 283 675
198.2 345 552
325.2 514 778
366 421 778
425.2 621 1453
466 528 1453
427 505 1349
325.2 544 1330


260 257 0
198.2 315 0
325.2 544 1330
466 528 1453
365 425 1246
427 505 1349
425.2 621 1453
260 283 675
366 421 778
198.2 345 552
325.2 514 778
668 784 2576
593.2 857 2576
527 612 2024
425.2 651 2005


260 257 0
198.2 315 0
593.2 857 2576
527 612 2024
425.2 651 2005
198.2 345 552
260 283 675
466 528 1453
427 505 1349
325.2 544 1330
365 425 1246
325.2 514 778
366 421 778


260 257 0
198.2 315 0
325.2 544 1330
427 505 1349
466 528 1453
365 425 1246
425.2 651 2005
527 612 2024
668 784 2576
593.2 857 2576
260 283 675
366 421 778
198.2 345 552
325.2 514 778


260 257 0
198.2 315 0
325.2 544 1330
427 505 1349
466 528 1453
365 425 1246
425.2 651 2005
527 612 2024
668 784 2576
593.2 857 2576
260 283 675
366 421 778
198.2 345 552
325.2 514 778


