172 321 0
172 341 317
269 271 0
581.8 927 2212
636 779 2212
373 468 1196
487 540 1237
476 671 1237
269 301 699
349 368 920
503 536 1619
502 552 1619
483 595 1513
427.8 759 1513
581.8 900 1936
526 652 1895
640 724 1936
630 839 1936


172 321 0
172 341 317
269 271 0
581.8 927 2212
636 779 2212
373 468 1196
487 540 1237
476 671 1237
269 301 699
349 368 920
503 536 1619
502 552 1619
483 595 1513
427.8 759 1513
581.8 900 1936
526 652 1895
640 724 1936
630 839 1936


172 321 0
172 341 317
269 271 0
581.8 927 2212
636 779 2212
630 839 1936
373 468 1196
349 368 920
421.8 616 1292
487 540 1237
399 445 1016
194.8 512 593
269 301 699
502 552 1619
526 652 1895
503 536 1619
640 724 1936
483 595 1513
427.8 759 1513


172 321 0
172 341 317
269 271 0
581.8 927 2212
630 839 1936
655.8 851 2212
633 680 1936
487 540 1237
399 445 1016
421.8 616 1292
503 536 1619
483 595 1513
502 552 1619
427.8 759 1513
194.8 512 593
269 301 699
349 368 920


172 321 0
172 341 317
269 271 0
581.8 927 2212
630 839 1936
655.8 851 2212
633 680 1936
487 540 1237
399 445 1016
421.8 616 1292
503 536 1619
483 595 1513
502 552 1619
427.8 759 1513
194.8 512 593
269 301 699
349 368 920


655.8 851 2212
172 321 0
269 271 0
172 341 317
373 468 1196
349 368 920
487 540 1237
399 445 1016
483 568 1237
421.8 616 1292
194.8 512 593
269 301 699
502 552 1619
503 536 1619
581.8 907 1895
633 680 1936


636 779 2212
630 839 1936
633 680 1936
526 652 1895
172 321 0
172 341 317
269 271 0
399 445 1016
349 368 920
503 536 1619
483 595 1513
502 552 1619
427.8 759 1513
194.8 512 593
269 301 699
476 671 1237
487 540 1237
373 468 1196


172 321 0
172 341 317
269 271 0
483 595 1513
476 671 1237
487 540 1237
483 568 1237
502 552 1619
503 536 1619
427.8 759 1513
427.8 732 1237
194.8 512 593
269 301 699
640 724 1936
526 652 1895
636 779 2212
349 368 920
399 445 1016
373 468 1196


172 321 0
172 341 317
269 271 0
483 595 1513
476 671 1237
487 540 1237
483 568 1237
502 552 1619
503 536 1619
427.8 759 1513
427.8 732 1237
194.8 512 593
269 301 699
640 724 1936
526 652 1895
636 779 2212
349 368 920
399 445 1016
373 468 1196


172 321 0
172 341 317
269 271 0
483 568 1237
476 671 1237
373 468 1196
487 540 1237
399 445 1016
427.8 732 1237
502 552 1619
503 536 1619
483 595 1513
427.8 759 1513
194.8 512 593
269 301 699
349 368 920
633 680 1936
636 779 2212
526 652 1895


172 321 0
172 341 317
269 271 0
483 568 1237
476 671 1237
373 468 1196
487 540 1237
399 445 1016
427.8 732 1237
502 552 1619
503 536 1619
483 595 1513
427.8 759 1513
194.8 512 593
269 301 699
349 368 920
633 680 1936
636 779 2212
526 652 1895


172 321 0
269 271 0
636 779 2212
581.8 900 1936
581.8 927 2212
630 839 1936
526 652 1895
633 680 1936
373 468 1196
349 368 920
483 568 1237
427.8 732 1237
399 445 1016
487 540 1237
476 671 1237
194.8 512 593
269 301 699
427.8 759 1513
483 595 1513
502 552 1619
503 536 1619
172 341 317


172 321 0
269 271 0
636 779 2212
581.8 900 1936
581.8 927 2212
630 839 1936
526 652 1895
633 680 1936
373 468 1196
349 368 920
483 568 1237
427.8 732 1237
399 445 1016
487 540 1237
476 671 1237
194.8 512 593
269 301 699
427.8 759 1513
483 595 1513
502 552 1619
503 536 1619
172 341 317


172 321 0
269 271 0
172 341 317
630 839 1936
581.8 900 1936
655.8 851 2212
633 680 1936
399 445 1016
349 368 920
194.8 512 593
269 301 699
503 536 1619
502 552 1619
483 568 1237
373 468 1196
487 540 1237
421.8 616 1292


172 321 0
269 271 0
172 341 317
630 839 1936
581.8 900 1936
655.8 851 2212
633 680 1936
399 445 1016
349 368 920
194.8 512 593
269 301 699
503 536 1619
502 552 1619
483 568 1237
373 468 1196
487 540 1237
421.8 616 1292


172 321 0
269 271 0
172 341 317
581.8 927 2212
636 779 2212
630 839 1936
373 468 1196
487 540 1237
399 445 1016
483 568 1237
269 301 699
349 368 920
194.8 512 593
526 652 1895
633 680 1936
483 595 1513
421.8 616 1292
502 552 1619
503 536 1619
427.8 759 1513


526 652 1895
636 779 2212
633 680 1936
172 321 0
269 271 0
470.8 790 1292
476 671 1237
399 445 1016
373 468 1196
483 595 1513
502 552 1619
487 540 1237
503 536 1619
269 301 699
194.8 512 593
349 368 920
172 341 317


526 652 1895
636 779 2212
633 680 1936
172 321 0
269 271 0
470.8 790 1292
476 671 1237
399 445 1016
373 468 1196
483 595 1513
502 552 1619
487 540 1237
503 536 1619
269 301 699
194.8 512 593
349 368 920
172 341 317


526 652 1895
636 779 2212
633 680 1936
172 321 0
269 271 0
470.8 790 1292
476 671 1237
399 445 1016
373 468 1196
483 595 1513
502 552 1619
487 540 1237
503 536 1619
269 301 699
194.8 512 593
349 368 920
172 341 317


172 321 0
269 271 0
399 445 1016
349 368 920
373 468 1196
487 540 1237
476 671 1237
483 595 1513
427.8 759 1513
503 536 1619
502 552 1619
526 652 1895
636 779 2212
630 839 1936
633 680 1936
194.8 512 593
269 301 699
172 341 317


