946 819 2944
1138.33 1447 5333
1133.33 1852 5804
1230.5 1557 5513
1878.17 3269 7832
1245 2605 7508
1217 2217 6302
447.333 646 2228
485 646 2287
2441.33 3830 8539
790 1330 4367
619.333 954 3617
835 1064 4102
1538.33 1830 6221
475 474 1239
1120.33 1349 4740
1217.67 1697 5554
896 1392 4850
321 720 1030
506 620 1937
428.333 801 2495
1166 2166 5839
1330.67 1740 5999
544.333 1189 3286
906.667 1935 5404
1966.67 3199 8408
545.667 975 3777
1311 2257 6963
1685 2473 7121
937.333 1152 4225
1167.33 2667 7091
470 993 3052
410 916 1928
1202.33 2620 6077
1227.33 2780 7117
1347.33 1549 5748
1034.33 1807 5423
870.667 1238 4667
2259.67 3062 7774
765.667 989 3901
832.667 1633 4489
866 1818 5188
399.667 685 1872
2021 2144 7054
417.667 983 2729
949.333 1503 5274
636.5 832 2785
2490.67 3076 7876
2945.67 3965 9389
2201 3982 8463
503.5 907 3027
875.167 1537 5381
1019 773 3237
703.333 763 2927
560 607 1963
562.333 1542 3982
2352.5 2935 7619
924.667 1434 5056
947.667 1202 4641
1757 1353 4980
1206 1358 4816
412.333 645 2170
435 417 1165
513.333 771 2510
332 454 1238
1326.33 2229 6727
545 401 1389
2637.5 3283 8474
3182.33 3559 8946
1118 2215 6020
442.333 609 1920
2956 2750 7575
628 839 3128
849.833 1449 4743
614 642 2230
668.167 744 2803
3177.5 3646 9496
837.5 898 3568
1284 2023 6472
1615.33 2595 7134
1200.33 2165 5870
2816.5 3512 8814
2420.5 2802 7601
596.667 1340 3899
2531 3881 8789
1773.67 2495 7378
658.333 935 3220
2558.33 3823 9007
1006 1533 5366
748.333 1081 3792
1015 2142 5530
2177.33 3195 8357
1884 1948 6698
475 708 2363
665 371 1231
703.167 931 3302
1235.33 1784 5630
2134 3007 7591
472 375 1039
652.333 1651 4127
493.667 872 2862
632.333 601 2337
642 812 2512
724 657 2454
2697.33 3702 8730
478 471 1274
1103.17 2323 5928
1144 892 3494
605 616 2129
2714.33 4146 9206
735 627 2497
1709.67 2097 6739
705 597 2339
596 383 1297
509.667 872 3202
550 851 2752
1195.33 2197 5962
460 597 1772
526 455 1248
514.667 1206 3236
822.667 1908 4590
499.667 850 2512
1113 1111 4168
874 1480 4964
654 568 1779
1867.5 2330 7151
2157 2398 7566
401 602 1640
1124.67 2057 5754
434.333 649 2337
627 560 1655
642 705 2454
683.833 1199 4349
441.667 705 2345
2696 3783 8591
500 403 1080
332 416 898
719.167 931 3642
528 440 1465
608 460 1556
487.333 864 2778
349 499 1430
1014.33 1116 4199
2430 2984 7723
697.667 822 3044
662 555 2105
2692 3186 7942
543 400 1272
1821.33 3359 8323
376.333 484 1638
565 741 2480
511 476 1582
605 404 1439
643.833 708 2777
449 480 1640
2875 3040 7865
533.333 840 2553
434 343 857
537 438 1406
451 215 0
225 296 0
409 234 0
460 214 0
401 291 0
312 441 898
451 239 740
460 236 440
324 449 915
409 254 532
359 597 1432
225 329 725
608 595 1655


928.333 802 3062
1786 2334 7728
2320 3709 9053
1372.67 1893 5806
1329 1658 5597
1484 1713 5956
1573 1412 5274
537 438 1406
1389 2131 6371
1252.67 2220 6546
716.333 872 3660
1118.33 1314 4699
441 616 2129
919 2083 5303
936.667 1932 5981
2276 3800 9302
1005 801 3044
711.333 1046 3942
1366.67 3128 7392
1507.83 1980 6569
1846 1727 6090
2359.33 2967 8483
2435 3425 8507
1029.33 826 3726
1663.5 2548 7401
1444.67 1786 6073
890.667 1075 3977
556 760 2877
3002.67 3756 9646
631.5 950 3868
1346.67 2075 6038
1269 1241 4476
1375.33 1807 5788
988 1094 4091
752 591 2380
874 1243 3967
825.667 1748 5198
717.667 1250 4059
966 1585 5489
635.667 1017 3901
843 812 3027
1239 1747 5556
741 540 2080
899 1346 4493
359 597 1432
1028.33 1478 4832
483.333 807 2760
1920.83 3133 7975
1157.33 1471 5498
531 702 2345
793.5 1574 5049
749.667 1391 4324
460 597 1772
479.333 978 2668
2130.67 2949 8083
1484 3600 7662
2228.17 3700 8323
1116 1026 3936
2023.5 3790 8079
603 588 1973
920.333 1165 4209
744.667 852 3220
957 1274 4692
932.5 1728 5372
722 548 1996
725.667 1425 4692
1601.5 2490 6778
1624.33 1905 6104
1145.33 2437 6546
552.833 806 2760
1227 1322 4731
912 1309 4316
606 1140 3909
816.333 1529 5081
1926 1946 6604
803.667 1367 4364
724 1244 3967
1454.67 2055 6206
2542 3755 9247
922.5 1708 5099
935 1289 4234
1280 1429 4916
768 739 2929
2609 3322 8534
2264.33 2839 7783
910 1397 4692
923.667 2140 6513
1495 2479 6701
588 571 1937
1878.83 3527 7924
1635.67 2243 6937
721 564 2022
1368.67 1725 5630
1321 1396 5033
1084 1218 4325
676 730 2719
528 440 1465
420 613 2020
2870 3973 9969
1015 1543 5391
992.333 926 3769
1019 1437 4733
565 677 2538
792 738 2794
1276.67 1865 5565
614 758 2878
816 787 2970
999 1575 5084
754 679 2679
321 720 1030
486.333 903 3252
349 499 1430
3345 3551 9022
447.333 646 2228
1378.67 2056 6363
1149 1412 4782
1308 1428 4801
567.167 1052 3309
435 417 1165
1619.5 2193 6644
687 1433 4168
1941 1635 5805
1181.67 2126 5997
332 454 1238
605.667 933 3278
558.5 558 1870
468 540 1755
628 839 3128
1785.17 2603 7619
1263.17 2227 6601
434.333 649 2337
376.333 484 1638
1122 1062 4068
1761 3827 8555
1280 1966 5997
515 720 2347
745.5 1751 5066
789 1275 4166
2387.33 3670 8558
477.333 1014 2877
733 626 2380
543 400 1272
2158.5 3714 8906
1131.5 2583 7317
449 480 1640
2327 3151 8132
776 513 1821
614 642 2230
526 455 1248
608 460 1556
638.667 1562 4158
511 476 1582
472 375 1039
441.667 705 2345
705 597 2339
596 383 1297
1170 1884 5533
2649 3592 9289
332 416 898
2462.5 3417 8872
411.333 719 2137
3032 3222 8665
545 401 1389
509.667 872 3202
478 471 1274
1672 2224 6812
665 371 1231
684.5 723 2569
2090.33 3469 8080
312 441 898
401 602 1640
605 404 1439
1746 2497 7245
225 329 725
434 343 857
451 215 0
475 474 1239
460 236 440
225 296 0
401 291 0
324 449 915
426 782 2155
451 239 740
409 254 532
500 403 1080
460 214 0
409 234 0


1588 2311 7194
1349.17 2560 6811
565 1158 3335
1041.17 2449 6409
982.167 2144 6086
747 1478 4392
1856 2294 6747
605 616 2129
945 713 2854
571.667 1008 3485
1466.67 2857 7408
729.667 1754 4807
366.667 888 1887
838 1336 4682
2295.33 3525 8547
464.333 962 3027
470.333 810 2869
744.333 1168 4000
776 1148 4192
1570.33 2095 6659
775 1493 4898
1336.33 1734 6032
1161.67 1907 6546
1545.33 2659 7668
504 971 3177
505 918 3085
1655.17 3100 8100
684.833 886 3335
851 824 3395
833.5 1379 4975
939 957 3444
2430 2593 7492
470 973 3052
1227 1278 5257
1290.5 1876 6004
735 627 2497
451 1116 2536
2186 3563 8765
498.333 839 2968
757.833 1478 4608
1382.67 2347 6953
510.667 852 3220
798 808 3029
815.333 1418 4608
665 371 1231
900 1956 5505
1142.67 1744 5539
2231 2294 7093
976.833 2584 6086
648.833 725 2803
512.667 773 2803
741 540 2080
1133.33 2080 6246
750.667 1120 3901
1136 812 3352
756 793 2894
1129.5 1715 5389
596 383 1297
632.333 601 2337
1613 2386 7243
3270 3941 9561
1240.33 1761 5596
434.333 649 2337
848.5 1035 3835
764.667 1233 4459
625 1012 3634
1182.33 1815 5713
1100 869 3611
483.333 807 2760
531 702 2345
469 757 2553
2732 3951 9162
718.667 984 3634
747 838 2937
844 752 2912
880.333 2126 5922
541.5 513 1678
1523.5 2582 7151
1110.33 1953 5997
2752.83 3589 9162
321 720 1030
1930.67 2938 7966
744 782 2820
485 646 2287
528 440 1465
914 986 3985
621.5 740 2595
664 1164 3792
472 375 1039
755 924 3410
1560 1697 5615
2066.83 2848 7798
2179 3355 8361
515 720 2347
490 919 3143
585.833 543 2078
1885.33 2529 7300
401 602 1640
832.667 1116 4667
535.667 1237 3751
565 741 2480
494.667 846 2895
613 1001 3558
853.333 1114 4000
1385.33 2530 7002
2795 2776 7993
833.667 1596 5372
800.667 1476 4842
462.667 867 2935
796.333 1939 4947
2474.33 3413 9112
2737.17 3162 8138
1314.17 1475 5364
804.167 1065 3942
2623 3238 8134
399.333 682 1770
2807.33 3833 9511
1850.17 2605 7258
411.333 719 2137
1496 1714 5406
677.5 599 2195
1125.33 1502 5056
2807.33 4366 9688
686.667 1775 4323
604.333 637 2363
526 455 1248
537 750 2497
561 582 1864
667.667 1208 4135
767.333 1682 4665
412.333 645 2170
602.667 1013 3752
460 597 1772
359 597 1432
478 471 1274
2113.67 3786 8445
447.333 646 2228
608 460 1556
500 403 1080
511 476 1582
349 499 1430
1045 792 3003
435 417 1165
376.333 484 1638
332 416 898
475 474 1239
468 540 1755
379.667 974 1945
312 441 898
449 480 1640
434 343 857
409 254 532
537 438 1406
451 239 740
460 214 0
332 454 1238
401 291 0
543 400 1272
451 215 0
225 296 0
409 234 0
460 236 440
324 449 915
225 329 725


1525 1521 5323
1073 2024 6088
496.5 806 2760
1346 1081 4209
1244.33 1549 5173
903 1205 4184
830.667 1242 4134
1237 1219 4216
2002.33 2089 6845
1527.5 1965 6363
1288.5 1734 5831
767.833 1328 4026
1472 1533 5497
1395 1832 6073
2453 3594 8624
684 1203 3927
1490.33 1744 6073
2995 3437 8423
1399 1223 4418
1245.33 2355 6952
1013.83 1903 5687
735 627 2497
769 844 3395
1464.33 2106 6303
911 839 3186
827.5 1263 4050
512 858 2869
639.333 1160 3909
418 1213 2345
2832 3057 8158
987.333 1672 5656
1365.17 2170 6427
960 826 3105
1480.33 2169 6543
2112.5 2911 7750
1631.5 2044 6561
984 1158 4143
461.667 778 2719
2517.17 3881 8889
947 1235 4552
709.833 957 3726
1467 1181 4318
892 1075 3944
728 1631 5374
1736.17 2499 7317
613 1320 3719
880.833 1321 4723
542.333 1171 3202
628 839 3128
1233.67 1338 4966
1243.83 2618 6993
957.5 1527 4916
614 642 2230
1629.83 2779 7057
786 950 3927
1376.33 1989 5971
469 757 2553
721 564 2022
626 1361 4517
942 1152 4034
1740.33 2516 7702
1242 1199 4277
630 1190 3710
1142 1109 4209
565 568 1787
682 594 2189
802.333 1686 5448
2837.17 3482 8308
1723.33 3048 7916
553.5 947 3194
537 750 2497
673.333 1456 4606
359 597 1432
605 616 2129
847.5 1466 4741
1718.17 3087 7691
2362.17 3751 8814
731.333 1601 5305
1213 2216 6543
1433.5 1644 5532
541.5 513 1678
485 646 2287
2138.67 3564 8449
577 763 2986
420 613 2020
1782.5 2473 7078
1057.5 1446 4950
823.5 1504 4649
839.333 1221 4249
468 540 1755
1302 2184 6920
1129 2019 6221
993 1120 4085
847.333 1192 4166
1766.17 3815 8189
716.167 1339 3985
614 758 2878
724.333 1066 3942
1731 2593 7726
1795.5 2301 7361
472 375 1039
573.833 810 2869
464.333 962 3027
478 471 1274
1019.17 1904 5714
463.333 887 2994
1446.67 2146 6495
543 400 1272
1417 1658 5646
332 454 1238
895 734 2820
1098.5 1536 5106
1383.33 1981 6195
3357 4168 9738
691.333 1040 3719
542 1142 3052
608 460 1556
332 416 898
3295 3842 9462
992.333 1223 4301
1042.83 2211 5953
960 1942 5496
2575 4250 9195
3181 3952 9020
442.333 609 1920
1549.33 2468 7001
880.5 1181 4058
458.667 685 2363
412.333 645 2170
1280 1466 4983
1120.33 2001 6021
903 733 2622
605 608 1862
1279.67 2910 7142
632.333 601 2337
857 1143 3982
1108.5 2027 6221
2946.83 3655 8680
1279 1393 4982
1133.67 1773 5714
493.667 755 2619
565 677 2538
2156.17 3358 8206
1365.83 2157 6278
1496.17 2046 6652
665 371 1231
3040.67 3979 9287
741 540 2080
673 995 3395
537.333 1256 3602
577.667 852 3202
500 403 1080
349 499 1430
434.333 649 2337
605 404 1439
3240.33 4315 9603
595.667 1127 3260
767 1329 4491
533.5 1195 3360
449 480 1640
1935.33 3617 8173
545 401 1389
526 455 1248
1614.67 3928 7733
528 440 1465
475 474 1239
460 597 1772
2547.67 3543 8590
376.333 484 1638
2952.33 3518 8538
435 417 1165
409 234 0
2694 3250 7991
537 438 1406
511 476 1582
1837.67 3444 7930
596 383 1297
225 329 725
321 720 1030
401 602 1640
1952.5 3602 7979
451 215 0
324 449 915
401 291 0
460 214 0
460 236 440
225 296 0
434 343 857
312 441 898
409 254 532
451 239 740


677.5 599 2195
1954.5 3475 8575
652 1127 3985
1690.67 3429 7433
913 1381 4775
566.333 1173 3660
1201.17 2549 7351
831.5 793 2935
632 1554 3809
1727.5 2750 7375
854.667 1616 5140
698 1269 4074
1124.5 1257 4967
1378.33 1635 5690
737.333 1007 3410
2138.17 3825 8664
764.5 1900 4623
1474 1561 5556
537 438 1406
558.5 558 1870
1423.33 1800 5956
675.333 799 2953
599 922 3070
1138 968 3570
2243.67 2768 7566
2062 2233 7245
632.333 896 3085
2825 2599 7385
1120.33 1637 5656
653 727 2569
752.5 1980 5338
707 975 3260
656.833 705 2668
1002.5 1801 5706
809 1490 4899
989.5 1249 4750
1625.5 2112 7185
1117 1339 4923
914 986 3985
733 626 2380
1283 1040 4143
2371 3012 8949
2378.33 3151 9231
493 827 2912
731.333 1594 4089
818.167 1261 4141
1889.83 3041 8532
947 2018 5374
1068.5 1420 4799
799.667 1294 4117
589.333 645 2228
813.5 1335 4557
776.5 1360 4359
1294 2153 6905
574.167 929 3242
2449.67 3009 8049
703.333 763 2927
359 597 1432
704 867 3044
642 705 2454
349 499 1430
1131.33 2126 6187
1321.5 1943 5888
1321.33 2513 7012
851 824 3395
1199 1983 5755
1139 949 3570
909 764 3196
1868 2925 7818
725 874 3252
500 403 1080
575 994 3260
1130 973 3527
1088 2296 5854
884 703 2621
589 611 1905
1651.33 2074 6396
1375.5 1955 5947
1460 1641 6281
973.833 1508 5481
801 1568 4891
801 867 3204
735 627 2497
1744.83 3584 7443
693 584 2022
496.5 806 2760
705 597 2339
545 401 1389
1766.33 2642 7543
600 1109 3444
889 735 2830
852 1836 5348
1566.5 2405 7070
3008.5 3976 9238
553.5 947 3194
1248.17 2087 6761
559 1422 3683
428.333 801 2495
412.333 645 2170
1027 687 2937
2000.5 2027 6321
1577.67 2570 7357
619.333 899 3194
441.667 705 2345
332 416 898
640 1061 3784
469 757 2553
449 480 1640
376.333 484 1638
605 404 1439
524 1196 3469
800 1104 4000
561.333 734 2495
447.333 646 2228
741 540 2080
609.333 598 2187
738 528 1905
800 1816 5074
752 591 2380
667.333 763 2886
702 871 3102
841 1142 4684
1137.33 2058 5798
895 734 2820
401 602 1640
434.333 649 2337
1335 1473 5058
801.5 1394 4399
1745.17 3643 7632
829 1065 4425
321 720 1030
722 548 1996
667 1025 3985
332 454 1238
460 597 1772
420 613 2020
596 383 1297
1283 1711 5856
720.333 816 3194
724 657 2454
747.667 1441 4535
526 455 1248
543 400 1272
528 440 1465
608 460 1556
598 556 1764
475 474 1239
478 758 2719
435 417 1165
409 234 0
468 540 1755
460 214 0
665 371 1231
460 236 440
478 471 1274
434 343 857
225 329 725
312 441 898
225 296 0
401 291 0
324 449 915
451 215 0
451 239 740
409 254 532


881 1168 3959
1023 1684 5498
3049.67 4265 9411
1835 2761 7326
1128.67 2642 6942
882.333 1052 3827
2174.67 2906 8260
736.333 1205 3977
2367.33 4101 8596
817 1283 4509
1075.67 1974 6071
804 1150 3884
1575 3085 7390
1651 1977 6531
1777 2345 7004
1089.67 1985 6169
1227 1800 5974
2628 3394 8373
1495.67 2244 6479
1448 2627 7252
1704.33 3015 7268
1690.5 2372 6786
1876.5 3715 7767
617 889 3044
1171.5 1875 5773
1016 1899 5524
963.333 1941 5489
917 1127 3882
1535.17 2424 6963
610.667 1079 3734
2993.33 3727 9364
876.667 1475 4842
602.667 1119 3810
623.333 1069 3350
1943.67 2833 7406
510 1331 3335
1424.17 2115 6394
1431.5 2423 6595
1782.33 2748 7300
630.667 993 3752
1332 2463 6786
1001 1318 4649
850.667 1201 3927
662 555 2105
699.5 965 3510
924 718 2696
467.667 1028 2627
669 769 2854
575.333 1189 3660
2085 3371 7924
940 836 3046
474.667 932 2877
840.333 1500 5164
674.833 1392 3949
1565.67 2165 6472
1185.5 1404 4882
399.667 685 1872
620 601 1997
1097.5 2109 6328
1019.67 1837 5580
2628 4096 9186
1543.67 2565 7042
1060 1167 4226
974 1108 3944
500 403 1080
920.667 1431 5366
860.5 1140 3824
1563.83 2519 7202
1292 1372 5175
900 930 3369
548.333 792 3027
426.333 715 1978
846.667 1253 4535
1513.67 2115 6421
1342.83 2795 7235
733 626 2380
589 1052 3052
2347 2894 7810
980 899 3769
756 748 2854
1283 1151 3958
769.667 1336 4057
727 783 2986
1026.5 2413 5828
751.5 1702 4873
1066 1414 5084
844.5 948 3318
2456.83 3546 8898
498.333 881 2727
1224.5 1566 5773
511 476 1582
978.5 1239 4534
2866.33 3719 9022
545.667 1268 3068
1186.83 1894 6004
662.333 651 2495
725.667 1730 4166
2303.33 3351 8272
3338 3514 8972
705 597 2339
1673 2120 6536
1245.33 2404 6460
997 1302 4542
1140 1413 4932
1985 2831 7609
754 679 2679
1154.5 2031 6312
1362 1816 6381
677.5 599 2195
1211.5 2142 6386
671 602 2146
2026 3081 7743
1819.5 2136 6727
441 616 2129
658.333 871 3278
2562.33 4290 9131
2849 4029 8939
895 1160 4094
1179 1306 4834
1952 2321 7444
401 602 1640
469 757 2553
2029.33 4357 8097
478 471 1274
1094 1060 3845
783.833 1208 4440
1823.33 2999 7700
978 1387 4590
597.333 1142 3377
642 705 2454
707.667 1369 3877
1037 2440 6104
1187 1199 4534
642 602 2114
600.333 1072 3369
1774.33 3900 7416
1493 2356 6719
449 480 1640
349 499 1430
376.333 484 1638
568.667 1214 3069
1194.67 2529 6554
537 438 1406
485 646 2287
468 540 1755
1647 1715 6090
869 1447 4743
458.667 685 2363
687 749 2497
440 646 1813
359 597 1432
561 582 1864
2203.67 3725 8580
778.333 1457 4541
596 383 1297
679 547 2129
775.5 1488 4314
332 416 898
545 401 1389
2388.83 3563 8397
617.333 1223 3868
434.333 649 2337
588 571 1937
2131 3663 8438
321 720 1030
460 597 1772
475 474 1239
2020.33 2750 7553
472 375 1039
528 440 1465
565 741 2480
2053.17 3581 7784
748.833 1594 4616
526 455 1248
665 371 1231
435 417 1165
332 454 1238
608 460 1556
605 404 1439
434 343 857
543 400 1272
225 296 0
225 329 725
460 214 0
460 236 440
401 291 0
409 234 0
312 441 898
1976.17 3831 7873
451 239 740
451 215 0
324 449 915
409 254 532


703.333 1244 4509
704.333 1036 3901
1163.67 1594 5681
1939 2206 7054
1585.33 2063 6522
2254 2155 6587
762.833 1347 4517
1508.33 2804 7384
662.333 651 2495
653.833 691 2935
778.5 1235 4143
627 958 3752
870.333 1220 4532
752 591 2380
581.667 1355 3742
510.667 788 3278
1358.67 1909 6330
1280.33 1679 6073
2491.5 4260 8881
774.5 736 2978
503 808 2403
860.333 1064 4517
589.333 645 2228
1848 2225 7227
1464.67 2803 6870
871.333 1032 3868
500 403 1080
1235 1540 5541
936.333 900 3467
980.333 1257 5257
1115 1717 5305
962 902 3927
1507.5 2251 6652
702.167 1455 5066
1791 1816 6088
1275.17 2156 6406
855.667 910 3752
745.5 952 3292
891.5 1018 3809
1178 1251 4834
695.667 1038 4135
1753.5 2437 7370
644.333 1153 3777
823.167 1578 5074
1194.5 2212 6496
1632.67 2564 6970
1463 2337 6571
769 844 3395
909 764 3196
1331.5 2548 6761
458.667 685 2363
1817.17 3090 8290
991 744 3196
1054.67 2506 6287
1546.33 2101 6387
1706 2422 6696
1581.67 2232 6653
1287.67 2772 6618
472.333 907 2777
921.833 1360 5074
846 705 3029
441 616 2129
515.333 1147 3401
859.5 1140 4367
916.333 1761 5121
332 416 898
614.833 1206 3576
613.667 1309 3991
1080.5 1987 5986
1392.67 2183 6503
2071.33 3504 8532
412.333 645 2170
1122.67 2061 6213
2495 3231 8964
434.333 649 2337
543.667 1255 3678
451 1152 2436
1038.33 2142 5737
651.333 999 3769
608 460 1556
1587 2592 7021
1508 2167 6531
605 404 1439
2136.17 3635 8674
625.667 1184 3451
750.667 1844 5115
435 417 1165
1501.5 2335 6529
565 677 2538
2661 4192 9554
1032.33 1768 5697
472 375 1039
585.833 543 2078
2666 2742 7400
401 602 1640
526 455 1248
599.667 1421 3792
907.667 980 3942
729 679 2627
2945.17 3745 9396
632.333 601 2337
528 440 1465
1983.17 3952 8748
543 400 1272
1967.67 2874 8201
851 824 3395
376.333 484 1638
399.333 682 1770
665 371 1231
1394 1232 4549
1013.33 2123 5315
349 499 1430
735 627 2497
449 480 1640
468 540 1755
1025 989 4094
321 720 1030
2261.33 3411 8689
460 597 1772
475 474 1239
596 383 1297
537 438 1406
503.333 870 3103
478 471 1274
332 454 1238
738 528 1905
460 214 0
366.667 888 1887
434 343 857
324 449 915
225 296 0
511 476 1582
409 234 0
451 239 740
460 236 440
225 329 725
451 215 0
409 254 532
312 441 898
401 291 0


723 1562 5030
475 474 1239
995 1953 5669
851 824 3395
1130 1743 5665
688.333 905 3410
1088.33 1754 5572
715.333 1302 4499
577 763 2986
1050.33 1461 4931
2315 2671 7741
666.667 966 3409
1315.33 2622 6836
2628.33 3450 9081
420 613 2020
802.333 1484 4814
488.333 901 2770
2113 1967 6177
714 752 2662
696.833 1034 3792
1164.83 2854 6817
3144.33 4170 9262
1003 1778 5364
1458 2413 7251
1013 1107 3992
690 1444 4692
565.333 1074 3467
1096.17 1579 5364
1250.33 2128 6198
798.333 1092 3959
1109.33 1790 5954
1024 1801 5572
1463 1514 5292
585.833 543 2078
2584 3799 8788
1618 2175 6811
1179.67 2090 5972
1478 2444 7686
477.333 973 2661
1051 1757 5564
832.333 955 3525
441.667 705 2345
847 679 2754
1375.5 2676 7027
2001.5 3026 8581
1864 2843 8324
1398 2596 6974
682.667 1499 4297
803.333 1788 5097
1679.33 2121 6462
1167 1711 5506
609.5 623 2195
1374 2156 6388
973.667 1539 4907
579.5 1026 3426
435 417 1165
734.833 1906 5315
1102 944 3486
597.333 1325 3868
2476.33 4341 9027
665 371 1231
1076.33 1606 5248
898.667 1944 5504
981 2145 6229
659.833 1687 4707
1439.33 2717 7210
876 1023 3642
1176.5 2240 6645
1363.17 1654 5722
1479.67 2146 6712
2622.83 3936 8872
455.667 948 2518
794 1237 4509
1081.33 2440 6361
528 440 1465
849.167 1840 5406
1499.17 1975 6419
1960 2380 7051
769 844 3395
1450.5 2198 6561
602 1105 3667
2836.83 4203 9429
434.333 649 2337
605 404 1439
1096 1389 5242
851.833 1821 5406
735 647 2497
1715.33 2072 6429
603 1369 4290
469 757 2553
618 621 2095
704.333 1425 4692
849.333 1646 5256
782.5 1279 4418
900 992 3709
511 476 1582
758 1560 4774
746.333 1354 4707
1215 892 3403
1388.17 2127 6345
1556.67 2396 6969
560 846 2895
678 1617 4898
485 646 2287
503.333 870 3103
819.833 1487 4873
2007.33 2717 7843
500 403 1080
739 842 3237
768 739 2929
619.333 1157 3985
1024.83 1435 4831
531 702 2345
768.833 1462 4774
1052 1677 5463
472 375 1039
661 920 3202
733 626 2380
552.333 1121 3459
701.833 813 3085
589.333 645 2228
543 400 1272
778.667 1136 3985
1042.67 2056 5705
596 383 1297
401 602 1640
3340.33 4236 10052
1076 1475 4949
1362 2399 6787
565 677 2538
695.333 1141 3959
424 699 2038
861 1150 4535
628 839 3128
526 455 1248
1848.83 3520 8347
712 1053 3927
1844 2277 6926
1362 3325 7408
359 597 1432
460 597 1772
542.333 975 3260
515 720 2347
332 416 898
376.333 484 1638
1358.33 1853 6129
705 597 2339
724 657 2454
332 454 1238
801.333 1219 4166
397 873 1755
614 642 2230
3272.5 3790 9554
537 438 1406
545 401 1389
349 499 1430
497.333 881 2752
1253.67 2107 6103
478 471 1274
1777.67 3641 8067
1431.83 2430 6851
2124 4173 8639
468 540 1755
662 555 2105
608 460 1556
312 441 898
460 214 0
401 291 0
677.5 599 2195
324 449 915
321 720 1030
449 480 1640
225 296 0
460 236 440
434 343 857
225 329 725
409 254 532
451 239 740
409 234 0
451 215 0


1270.33 1606 5666
648 1204 3792
938 1302 4684
724.333 1478 4382
1405 900 3743
598 556 1764
1642 2002 6179
651.5 1412 4074
632.333 896 3085
1160 1142 4532
1342.33 2264 6581
1653 2604 7720
1937.67 2764 7999
1350.33 1807 5788
1324 1822 6014
825.333 1736 4957
682.5 1257 4301
960 781 2920
442 1126 2518
2173 4030 8192
956 1064 4102
914 1845 5615
713.167 1540 4331
908 1875 5762
614 642 2230
800 916 3245
464.333 962 3027
1197 1141 4634
1019 1226 4692
713.333 1101 3999
461.667 778 2719
610.5 942 3027
989.5 1365 5424
2417 3213 8100
1672.5 1956 6864
651.667 1810 4249
704 867 3044
397 873 1755
1048 865 3278
1395.5 2049 6681
602.667 1013 3752
873.333 1052 3927
508 963 3085
914 1809 5333
566.667 975 3375
1935.5 3472 8107
1420 1345 5249
693.333 1166 3784
349 499 1430
561.333 734 2495
1225 2336 6020
723.5 1175 4342
428.333 801 2495
789 2106 5655
1808.67 2414 7311
1195.33 3064 7174
565 677 2538
1383.17 1795 6172
738 528 1905
805.333 1061 3784
1262.5 2013 5888
537 1300 3584
734.333 899 3194
547.833 1198 3209
811.5 1194 4517
556 760 2877
903.333 1547 5113
1713 1902 6187
615.333 876 3044
684.333 1793 4664
812 877 3576
627.5 1360 3799
2297 3904 8240
835 641 2281
1405.33 2551 6883
483.333 807 2760
939.667 1273 4524
662 555 2105
807 1412 4509
441 616 2129
891.667 1492 4567
1313.5 2117 6296
478 471 1274
2138 2301 7435
976.5 1654 5157
873.5 1625 4707
608 460 1556
910 1772 5257
455 811 2927
1939 2638 7968
750 1364 4476
1145.33 2008 5804
717.167 942 3350
1812.83 3627 7824
620 969 3087
849.333 1846 5214
596 383 1297
321 720 1030
989 1298 4534
600 1124 3617
1049.83 2431 6843
605 404 1439
1352 1010 3652
1496 2365 6919
2438.33 3999 9112
2594.17 3290 8129
472 375 1039
2020 2357 6901
401 602 1640
543 400 1272
665 1319 4000
671 602 2146
541.5 513 1678
537 438 1406
511 476 1582
434.333 649 2337
696 800 3003
2402.17 4307 8731
772 999 3584
840 925 3617
827 1713 4682
442.333 609 1920
1575 1690 5964
2253.67 4062 8197
1859.17 3497 7850
1322 1345 5049
366.667 850 1564
2463 3348 9629
628 903 3070
531 702 2345
767 1480 4549
420 613 2020
435 417 1165
2458.67 3981 8686
332 416 898
376.333 484 1638
447.333 646 2228
545 401 1389
500 403 1080
528 440 1465
1380.67 2568 6928
485 646 2287
1226 2283 6046
526 455 1248
468 540 1755
1644.67 2377 7011
741 540 2080
1568 2921 7141
359 597 1432
332 454 1238
449 480 1640
460 214 0
460 597 1772
312 441 898
409 234 0
401 291 0
409 254 532
460 236 440
451 215 0
324 449 915
225 329 725
665 371 1231
1617.5 3790 7354
225 296 0
451 239 740
434 343 857


739 842 3237
1088 1123 4684
972.833 1529 5798
2974 3974 9289
2257.33 2222 7168
765.333 746 3044
849.333 1076 4135
780 1287 4107
2512 2899 8000
722 548 1996
506.333 1049 3627
832 1517 5084
849.333 1096 4667
619.333 1157 3985
458.667 685 2363
1690.33 1847 6531
570.333 1022 3260
1180.67 2070 5963
514.333 856 2803
2651.17 4259 8847
756 793 2894
1166.33 1771 5839
750 959 3369
726 984 3593
645.333 1079 3810
1148.33 1390 5274
663.667 1216 4000
1809 2026 6963
999 1462 5117
1269.33 1893 6147
705.333 984 3484
1279 2140 6670
420 613 2020
625.167 1506 4565
735.333 1653 5231
759 1333 4016
412.333 645 2170
518.167 898 3085
973.667 1450 4799
697 565 1971
588 571 1937
1629.33 2779 7718
608 460 1556
3245.67 4008 9328
1021 1468 5241
1001 739 2586
862.333 1038 4135
478.333 770 2452
963 812 3196
1045 1069 4335
949 726 2561
485 646 2287
543 400 1272
907.667 2207 5664
500.333 941 3052
741 540 2080
2966.83 4089 8996
634 844 2894
1070 952 3636
1142.5 2123 6371
2028.67 2913 8390
738.333 971 3102
886 1913 5305
807.333 1151 4684
359 597 1432
441 616 2129
848.333 955 3634
1556.17 2340 7561
818 809 3087
791.333 1047 3959
2691.5 3801 8669
1393.33 1952 6564
982.833 1500 4865
537 750 2497
516.667 850 3062
470 993 3052
1624 1845 6255
1208 1874 6055
434.333 649 2337
900 1781 5234
2944.5 3866 8847
475 474 1239
986.333 1358 5023
632.667 1063 3784
642 602 2114
565 677 2538
786.833 971 3459
682.333 1032 3734
401 602 1640
332 454 1238
770 1056 3735
2238.5 4191 8787
945.333 1199 4725
1064 985 3985
783.333 1107 4399
399.667 685 1872
740 1539 4666
1215.5 2492 6670
1245.33 1847 5880
1466.67 2501 7168
677.5 599 2195
573.833 810 2869
776.333 1012 3784
793.833 1552 4865
1659.5 2280 6769
644.833 972 3459
690.333 838 3044
457 902 2345
735 627 2497
2877 3400 8814
349 499 1430
528 440 1465
472.333 907 2777
2006.33 3995 8598
3007.33 3244 8657
1027 687 2937
833.667 969 3901
1822.67 3358 8121
2187 2247 7070
332 416 898
682 594 2189
832 1006 3985
2670.67 4029 8648
2001.5 3024 8590
2733 3397 8739
478 471 1274
461.667 778 2719
3402 4124 9526
435 417 1165
2863 4260 9056
460 597 1772
724 657 2454
376.333 484 1638
721 564 2022
1930.33 3138 7750
449 480 1640
970.667 2481 5818
537 438 1406
468 540 1755
472 375 1039
2391.33 3668 8645
705 597 2339
2712.5 3910 8799
511 476 1582
500 403 1080
596 383 1297
225 296 0
665 371 1231
401 291 0
324 449 915
451 215 0
409 234 0
225 329 725
545 401 1389
460 214 0
605 404 1439
460 236 440
409 254 532
451 239 740
434 343 857
312 441 898


1215.33 1744 5657
575.333 1454 4100
902.5 1318 4509
1203 1556 5117
907 1379 4534
735 1511 4283
1449 1610 5525
899.5 1676 5214
977 1285 4765
2730.67 3220 8549
1876 2050 6804
872.167 1242 4324
1505 1096 4417
674 1122 3418
837.5 1255 4143
911.333 1643 4632
1502.33 2726 7416
1400.67 2300 6754
2218 3704 8275
1024.67 2010 5748
1016 1722 5273
2278.5 2723 7927
508 963 3085
2246.33 4192 8457
788.333 1153 3602
745.5 962 3594
2365.17 4085 9552
788 924 3577
1665 2238 6621
1430.67 2769 7451
1472.67 1926 6032
1682.67 2625 7685
1306.33 1994 6262
943 1057 3745
799.667 1661 4933
947.5 1775 5257
996 1790 5723
458.667 685 2363
662.333 651 2495
716.333 921 3309
2049 2945 7792
1733 2259 7121
545 401 1389
2440.33 3284 8099
1011 983 4267
1028 1278 4801
493.333 1255 2587
1094 1205 4394
1851 2216 6561
1598.33 2606 7126
1349.33 2242 6737
1320.33 1632 5631
1244 1167 4377
495.667 882 2686
769.5 1472 4524
589.5 648 2195
509.667 872 3202
641.167 1263 4008
690 631 2146
502.333 986 2745
722.333 1399 4275
665.333 1638 4474
671.667 1155 3601
2015.83 3528 8173
2683.33 3849 9554
590 982 3220
1554 2415 6828
1455.33 1550 5356
2646.83 3756 9330
2581.33 3753 9071
1557.67 2010 6412
1235.33 1574 5138
945 1501 4756
957.667 1551 4909
1094.5 1750 5906
744.333 1523 4482
848.5 1254 4143
741 1014 3395
1676.83 2158 6503
548.333 792 3027
1128.67 1466 5040
332 416 898
920 1076 3735
1991 3332 7873
635.333 1205 3576
1492.17 2426 6828
1625.33 2443 6852
744 753 2721
639.333 1663 4382
565 677 2538
955 873 3419
767.333 1351 4241
614 758 2878
2566.17 3799 9178
3030 3343 8814
1289 1359 5141
506.667 1074 3052
1810.17 2485 7467
929.333 1577 4800
949.333 963 3942
824 1131 3944
428.333 801 2495
1055 861 3161
561 582 1864
1083 1956 6162
604.333 1074 3410
754 679 2679
475 474 1239
1339.5 1600 5262
590.333 1273 3860
1185 2165 6354
1023 1192 4284
321 720 1030
687 614 2029
2436.17 3818 8814
828.667 1331 4110
2173.83 3815 8449
1458.67 2267 6772
1708.67 2660 7777
1320 1654 5183
412.333 645 2170
2641 3352 8788
434.333 649 2337
1800 1953 6048
605 404 1439
1388 1592 5207
1110 1623 5083
472 375 1039
598 556 1764
552.333 757 2553
850 1086 4167
1425.17 2228 6572
2454.5 3555 8332
1727.33 2223 6511
923 1190 4216
1116 1665 5350
865.667 1554 4567
500 403 1080
697 565 1971
811.333 1047 3611
432 477 1047
1404 2203 6488
460 597 1772
449 480 1640
608 460 1556
1043.33 1671 5134
468 540 1755
698.333 1553 4357
441 616 2129
1080.33 2268 6032
872.833 1555 4600
435 417 1165
359 597 1432
528 440 1465
798 564 1971
349 499 1430
376.333 484 1638
401 602 1640
543 400 1272
2455.67 3009 8076
526 455 1248
877.333 1846 5006
2506.83 3715 8690
705 597 2339
691.833 1161 3934
2042.67 3020 8049
561.333 734 2495
665 371 1231
779 856 3061
478 471 1274
614 642 2230
451 215 0
225 329 725
460 236 440
409 254 532
312 441 898
460 214 0
401 291 0
409 234 0
225 296 0
1754 3557 8260
451 239 740
434 343 857
324 449 915
537 438 1406


726.5 860 3204
754.833 1071 4509
2600 4227 8932
2828.67 4355 9579
2688.67 3685 9005
1905.67 2852 8094
612.333 1139 3410
2262.33 2471 7909
756 748 2854
1464 2802 7334
900.833 1434 4849
1233.67 1311 5056
1282.33 1792 5714
817 1590 4748
949.333 1480 4858
406 850 1687
789.333 887 3220
1015.33 1202 4649
846.667 1497 4581
1112.33 1805 5846
674 964 3711
844.333 1571 4748
1628 1573 5508
643.667 935 3220
1605 1850 6137
897 687 2937
1053.33 1584 5166
679 547 2129
1158.33 2065 6355
711.333 1046 3942
1019 773 3237
991 744 3196
1443.67 1386 5249
528 996 3401
968 741 3046
1380.33 1653 5707
3033.67 3940 9411
1622.17 2391 7434
366.667 850 1564
1476.33 1926 6131
2845 3608 8422
673 995 3395
577 604 1805
2981 3467 8847
1659.67 2299 7361
2077.17 3728 8532
614 642 2230
588 1156 3502
2446 4110 8880
1598.67 1880 6090
1737.33 2145 6962
711.5 1589 4189
2748 2931 8374
2108.33 2106 6817
577.667 852 3202
1065 1855 5691
1336.67 1983 6452
2459.5 3724 8840
435 417 1165
724 657 2454
830.333 1878 4949
548.333 792 3027
494.667 846 2895
1014.17 1538 5073
3009.5 3529 8947
512.667 773 2803
1028.5 1865 5622
727 1702 4748
941.333 1019 3959
785.667 1460 4549
2097.83 2739 7808
2074.67 3135 8157
716.333 1525 4382
1029.33 1306 4842
1314.67 1791 5771
1987 2126 6461
489.333 928 2895
1678.67 3054 7492
1155 1501 4906
943 1009 4094
1370.67 1530 5131
1192 938 3936
882 1527 4998
854 1595 4815
1700.67 1658 5839
1117.33 1183 4834
696 693 2480
715.333 1291 4150
742 704 2696
2938 3580 8746
585.833 543 2078
441.667 705 2345
1688 2907 7851
1094.67 2811 6825
1777 1848 6090
537 438 1406
1211 1422 5049
376.333 484 1638
2128.5 2554 7873
1335.67 2838 7067
735 627 2497
608 460 1556
846 705 3029
2698.83 3156 8316
493.667 755 2619
861 1586 5455
605 404 1439
428.333 801 2495
658 1186 3784
485 646 2287
411.333 719 2137
851 824 3395
663.667 1216 4000
688.833 953 3617
2581.33 4435 9569
441 616 2129
721 655 2304
401 602 1640
359 597 1432
1394.67 2589 7285
449 480 1640
469 757 2553
2037 2714 7504
545 401 1389
556 760 2877
2476 3700 8631
590 982 3220
1192.17 2201 7010
641.333 1083 3535
944.333 1018 4135
2758 4378 9454
1394.33 2150 6686
1052.5 2446 6368
587.333 1370 4067
511 476 1582
596 383 1297
852 605 2164
528 440 1465
654.667 1074 3576
468 540 1755
500 403 1080
478 471 1274
662 555 2105
518.167 898 3085
412.333 645 2170
458.667 685 2363
2639.33 3790 8846
695 721 2480
987.333 1405 4608
2078.33 2847 7669
475 474 1239
697 910 3278
2350.67 3602 8397
3225.5 4162 9429
332 454 1238
1024.67 2224 5795
472 375 1039
794 2139 4880
349 499 1430
595.333 1316 3693
2856.33 3711 9362
321 720 1030
665 371 1231
225 296 0
2701 4012 9379
460 597 1772
401 291 0
332 416 898
543 400 1272
460 236 440
451 239 740
434 343 857
432.333 881 2727
225 329 725
451 215 0
409 234 0
409 254 532
324 449 915
312 441 898
460 214 0


1279.67 2151 6429
1447.67 2761 6853
412.333 645 2170
2312.67 2774 8408
1713 1945 6485
703 1626 5056
366.667 888 1887
1020 1382 5065
2325 3334 8847
840.833 1546 5157
1829.67 2279 7202
1299 1821 5872
1606 2108 6645
652 1127 3985
651 1245 4692
2286.33 2692 7582
603.333 1547 4290
1074 1467 5697
1979.33 3557 8458
587.333 1379 3967
825.5 977 3484
1943.17 3207 7771
536 1114 3093
696 693 2480
1045 1989 5564
1402.67 1979 6246
518.167 898 3085
434.333 649 2337
399.667 685 1872
2917.83 3632 9363
2086.67 3366 7985
643.833 708 2777
1498 1979 6464
1722 2370 7018
612 958 3087
1438 2074 6505
825.167 1707 5237
1210.83 2484 6619
2181.83 3501 8298
778 1083 4517
565 741 2480
455.667 948 2518
1776 2153 6805
537 750 2497
812.5 1533 5124
476 866 2895
2285 3017 8207
470 973 3052
2382.5 4015 9063
611 621 2096
516.333 721 2345
1703.83 2656 7029
1182.83 1357 5274
593 1050 3202
594 1474 4283
841 1142 4684
1027 687 2937
485 646 2287
632.333 601 2337
610.667 1079 3734
735 627 2497
644.333 895 3085
1596 1963 6523
1466.17 2304 6627
1699.83 2296 6886
757.833 851 3467
435 417 1165
420 613 2020
681 701 2345
731.5 1504 5008
642 705 2454
609.5 1009 3444
1014 1009 3794
531 702 2345
2137.17 2938 7718
1539.67 2361 6693
438.667 771 2345
646 1155 3985
772.333 1009 3634
855 820 3044
1602 1682 6289
2365.67 3181 8432
581.333 1326 3176
1622 2207 6788
737.833 1194 4008
739.333 1349 4725
1415 1518 5964
2148.33 3323 8026
1200.5 2180 6571
673 569 1779
608 460 1556
1676.83 2795 7301
596.833 1191 3535
667 1025 3985
760.333 1734 5389
1710.83 2472 7019
667.333 909 3220
1591.33 2569 6943
460 597 1772
1498.5 3682 7025
1439 1715 6289
968 741 3046
1600.33 2982 7350
321 720 1030
332 454 1238
1207 1552 5740
1717.17 2715 7158
1072.17 1723 5740
605 404 1439
1838.17 2397 7494
401 602 1640
537 438 1406
2003 3943 8699
478 471 1274
596 383 1297
449 480 1640
1272.67 2093 6086
548.333 792 3027
2482.33 3862 9580
349 499 1430
545 401 1389
526 455 1248
944.333 1018 4135
2309.33 3726 8637
679 547 2129
543 400 1272
1721.67 2695 7685
2238.5 3769 8496
376.333 484 1638
468 540 1755
528 440 1465
469 757 2553
359 597 1432
665 371 1231
472 375 1039
409 234 0
511 476 1582
324 449 915
225 296 0
460 236 440
451 239 740
225 329 725
460 214 0
401 291 0
434 343 857
451 215 0
409 254 532
312 441 898
332 416 898


744 983 3444
1541 1572 5857
1206.67 1587 5539
925.667 1178 4451
1299.5 1982 6198
843.667 1282 4517
1062 1422 5066
1116 1223 4485
1176.83 1932 6048
480.667 834 2661
1347 1364 5124
1215.17 2316 6788
1115.33 1238 4616
756 957 3485
991.167 1534 4789
757 1705 4409
968 741 3046
531.667 902 3278
486.333 914 2986
633 1001 3518
1688 1585 6090
1126 1380 4974
602.667 1013 3752
857.167 1125 4042
1414.33 2690 7011
1912.5 2464 7179
1130 1584 5241
887.167 1897 5116
1014.67 1730 5981
1012.33 1587 5234
493 870 3044
577.333 1014 3301
733 626 2380
2686.67 3038 7756
875.667 1280 4360
987.333 2007 5898
691.667 799 2912
638.167 1540 4009
1579.5 2314 6754
1044.67 1429 4716
1131 1087 4035
797.667 1388 4626
1962 1749 6180
1012 1820 5491
864 1218 4341
952 1550 4831
662.333 651 2495
769 844 3395
1518 1975 6412
1672.5 2119 6563
1057 1568 5081
730.833 1470 4233
613.667 1144 3769
1187 1219 4667
2833.5 2926 7733
782 1592 4641
667.667 1208 4135
872 987 3944
614.667 1222 3828
1093 1262 4517
483.333 969 3012
760 945 3827
1247 2144 6062
790.667 1475 4743
1618.5 2446 7029
1028.67 1548 5059
1361.5 1768 6356
685.5 1037 3901
477.333 965 2835
1241 1178 5066
1543 3160 7652
2264 2859 7684
1315.67 1984 6322
1204.83 1412 5231
428.333 801 2495
3238 4395 9811
576 794 2670
1359 1370 5175
1434 1550 5239
1033 932 3835
773 1373 4275
1204 990 4135
662 555 2105
469 757 2553
1332.67 3015 7134
1195.67 2181 6638
1572.83 2872 7135
1958.33 3595 8155
1704 2983 7619
493 827 2912
1507 2534 6942
440 646 1813
1183 1287 4658
1291 2143 6146
441 616 2129
1179 2451 6630
1137 2371 6373
2781.17 3700 9163
1394.83 2596 6818
719 867 3204
682 594 2189
1916.5 3057 8049
807 711 2888
1002 958 3944
1008 905 3628
2196 2397 7295
434.333 649 2337
677.5 599 2195
1419 2467 6845
2231.5 3046 8300
609.333 598 2187
543 400 1272
1687.67 2167 7113
704.333 1036 3901
1527 1679 5681
604.333 637 2363
2803.33 4000 9304
585.833 543 2078
1326 1147 4643
2866.5 3717 9671
2269.5 4177 8987
1894 1806 6688
798 836 3029
475 474 1239
735 647 2497
1649 1569 5556
577.667 852 3202
2427 2600 7486
589.5 648 2195
838 742 3046
1067 1152 4141
1167 2363 5988
643.833 708 2777
667.333 763 2886
667.5 1317 3901
435 417 1165
933 1806 4939
500 403 1080
897 687 2937
2194.67 2862 7352
2168.67 3718 8447
1545 2089 6487
705 597 2339
458.667 685 2363
780.333 1810 4751
565 568 1787
952.667 1174 4252
478 471 1274
1769.17 2529 7334
596 383 1297
1600.33 2695 7186
1656 1834 6495
511 476 1582
332 454 1238
1819.83 3753 8888
359 597 1432
1759.33 2915 7691
805.333 1318 4183
889.167 1675 4914
332 416 898
608 460 1556
632.333 601 2337
605 404 1439
561.333 734 2495
537 438 1406
967.333 1899 5458
545 401 1389
1733 2164 6795
1196.33 1690 5297
2522.67 4113 8973
468 540 1755
449 480 1640
349 499 1430
1124 1416 4707
528 440 1465
665 371 1231
401 602 1640
460 597 1772
321 720 1030
376.333 484 1638
2470.33 3420 8964
434 343 857
225 329 725
451 239 740
324 449 915
312 441 898
460 236 440
460 214 0
409 234 0
526 455 1248
451 215 0
409 254 532
225 296 0
401 291 0


588.667 1284 3642
1728.67 2407 6842
1010 1348 4591
897.667 1467 4675
3288.33 4116 9569
442.333 609 1920
1600 3269 7273
877.667 1435 4674
1602.33 2566 7142
972 1095 4318
669 769 2854
1794.17 3020 7940
409 1104 2479
769 844 3395
426.333 715 1978
2511 2918 8249
849.833 1471 4608
850.667 1399 4549
1561.33 1822 5813
1979.5 3429 8323
1983.33 2394 7343
475 474 1239
434.333 649 2337
1089.67 2254 5513
1594.67 1832 5913
928.333 802 3062
1020 1852 5456
666 1289 4209
1143 1266 4335
1578.5 1609 5547
1363.67 2098 5705
1490.67 1658 5514
695.5 1037 3901
642 705 2454
1417.5 1886 5588
1338.33 2078 5622
1499 1549 5157
1695 1779 5790
2499 3061 8697
940 1416 4567
478 471 1274
1313.83 2425 6277
410 916 1928
1188.67 1912 5590
816 1137 4317
754.333 1276 4117
594.333 1135 3251
897.833 1391 4324
423 868 2038
637.333 1371 3767
722 1053 3927
2050 2334 7003
1071 850 3669
917 753 2970
1371 1965 6578
441 616 2129
1250 2113 5812
560 607 1963
1004 1287 4367
1086 1276 4707
609.333 598 2187
654.333 868 2703
1364.67 1682 5481
1047.5 1561 5439
1453.5 1853 5890
616.333 1001 3143
2159 2765 7577
608 460 1556
1355 2415 6120
1618.33 2710 7400
759.833 958 3784
922.667 1661 5216
1454.5 2516 6996
1345 1327 4908
2499.33 2709 7708
723.333 1673 4307
833 1518 4707
428.333 801 2495
1670 1545 5175
756 793 2894
931.333 1130 3991
707 975 3260
2865.33 3460 8855
651.5 995 3769
1576.67 2144 6728
582 613 1979
580.333 1190 3067
847 729 2721
966.5 1628 5164
1299.33 1483 5116
493 870 3044
449 480 1640
2216.33 3828 8507
910.333 1336 4449
672 557 1839
1742.33 2363 7327
851.5 764 2894
604.333 637 2363
2342.5 2812 7709
723.667 1408 4359
1217.67 2202 5796
632.833 990 3070
927 1527 4998
650 1010 3187
679 547 2129
767.667 745 2585
332 416 898
928 835 3029
528 440 1465
1227.33 2338 5954
589.333 645 2228
332 454 1238
801 518 2088
359 597 1432
485 982 2727
1988.33 2886 8150
1106.83 2392 5580
1743.67 1772 6063
1288.5 1550 5206
621 1068 3350
721.667 908 3344
790.5 1443 4433
1467 1800 5604
581.333 989 3052
1904.17 2632 7477
677.5 599 2195
366.667 888 1887
1002.33 1354 4516
2238.67 3553 8563
611.667 1192 3286
493.667 755 2619
1590 1560 5747
2279.5 3621 9172
752 705 2495
547.667 1398 3392
1174.67 1039 4049
500 403 1080
1523.17 2980 7216
952.333 1383 5024
600.667 848 2702
714.333 811 2927
607.333 1075 3070
1226.83 2471 6297
696 693 2480
1097 1511 5040
401 602 1640
805.333 1152 4150
754 1362 4299
441.667 705 2345
537 438 1406
349 499 1430
2607 3889 9231
485 646 2287
440 646 1813
1217 2473 6686
447.333 646 2228
399.667 685 1872
976 1552 5065
1133 2183 5671
1441.67 3039 6871
526 455 1248
376.333 484 1638
634 1465 3974
468 540 1755
472 375 1039
576 794 2670
460 597 1772
614 720 2538
543 400 1272
790 736 2644
435 417 1165
605 404 1439
545 401 1389
665 371 1231
596 383 1297
451 239 740
409 234 0
434 343 857
511 476 1582
321 720 1030
225 329 725
716 757 2719
460 214 0
225 296 0
409 254 532
1316.5 1943 5620
451 215 0
401 291 0
324 449 915
312 441 898
460 236 440


1035.33 1602 5165
1175 1431 4907
869.667 1062 3601
2176.67 3853 8447
1542.67 2423 6752
1149.33 1497 5346
2197 1797 6437
1280 902 3743
2472.67 3758 8881
1116 1094 4016
867 1082 3782
1111.5 2177 5822
1170.5 2261 6363
561.333 734 2495
1253.33 2315 6612
2012.33 3275 8398
1810.33 3152 7808
1687 2222 6694
603 1186 3792
678.667 1782 4814
848.333 1170 4634
1008 708 3079
1152 1833 5638
732 628 2195
755.833 1923 5206
926 1672 5125
755.333 951 3326
892.833 2202 5554
1045.67 2217 5770
1337.33 2505 7575
2058.17 3072 8298
635 666 2287
642 705 2454
781 1329 4249
821.667 1696 4906
451 769 2287
608 460 1556
1101 1069 3769
662.333 651 2495
783.5 1079 3726
988 745 2894
1847 2571 7617
873.167 1722 5165
401 602 1640
624.333 1590 4081
2075.17 3699 8422
973.333 1140 4534
812 1121 3959
510.667 788 3278
614 642 2230
703.333 763 2927
1802 3872 7841
1019 773 3237
664.667 1097 3810
917 753 2970
428.333 801 2495
2216 2950 7942
589.333 645 2228
1026.67 1610 5597
687 749 2497
851 824 3395
478 471 1274
2286.33 2709 7628
754.333 981 3367
813 2037 5271
895.5 1073 3944
1882.67 3114 7791
1342.5 1004 3894
890.333 1486 4972
1162 1040 3845
1029 1420 4842
599 1090 3302
581.833 1205 3576
801 518 2088
545 615 1828
1043 1120 4343
872 925 3576
942 1951 5744
685 1748 5015
560 607 1963
1826 2386 7586
793 1255 4075
1779 2303 6859
2637.5 3260 8517
1545 1631 5623
829.833 1250 4743
1327 1402 4800
721.333 1495 4347
1547.33 1849 6037
1204 2207 6218
752 591 2380
458.667 685 2363
860 959 3410
877 785 2978
1339.33 2310 6636
804 758 2586
1184.5 2505 6635
699 712 2527
332 454 1238
668.333 762 2869
760.833 1409 4606
1442.83 1893 6630
2874 2732 7651
951 1064 3700
412.333 645 2170
683 1413 4308
722.667 1035 3560
2725 3551 9030
722 548 1996
929 1112 4094
1677.33 3261 7808
3160 3994 9197
735 627 2497
760 1602 4764
829.5 786 3237
1122.33 1899 6177
1354 1793 5872
537 438 1406
511 476 1582
1025 1445 4957
1735 1636 5656
804 947 3395
832 911 3369
681.667 1214 3959
2597.33 3506 8753
1194.67 2509 6654
776 513 1821
472 375 1039
900 1435 4781
359 597 1432
447.333 646 2228
490 871 2553
1287 1890 5730
543 400 1272
605 404 1439
2260.33 4076 8597
2775.67 3739 9070
528 440 1465
1284.67 2739 6767
489 962 2785
460 597 1772
526 455 1248
767 986 3594
441 616 2129
2891 4144 9544
697 565 1971
332 416 898
665 371 1231
620.667 1090 3618
2548.83 3606 8438
349 499 1430
2603 4153 9526
376.333 484 1638
901 1020 3611
620 601 1997
435 417 1165
545 401 1389
3042.5 3434 9189
500 403 1080
475 474 1239
596 383 1297
460 236 440
468 540 1755
321 720 1030
449 480 1640
312 441 898
434 343 857
451 215 0
451 239 740
733 626 2380
225 329 725
401 291 0
324 449 915
225 296 0
409 234 0
409 254 532
460 214 0


2864 3250 8598
646.333 1083 3784
1583.83 2250 6502
741 540 2080
1190.33 2259 6828
426 782 2155
824.5 1027 3769
1637.33 3587 8646
764 618 2131
917.333 1541 5055
1173.5 2743 7469
818.833 1261 4906
599.667 1165 3693
1614.5 2662 7252
2287.17 3675 9027
619.333 954 3617
366.667 850 1564
636.667 1099 4316
468.667 1170 2843
1331.33 1690 5748
1690.33 3529 7660
850.667 2140 5895
2395.67 3041 8023
1323 1438 5333
2220 2432 6967
1694.17 3440 7968
1775.5 2365 6945
851 824 3395
2277.17 3163 8349
2192.17 3059 8026
801.833 1081 3649
469 757 2553
985.667 1958 5547
1271.83 1853 5839
1038 1859 5729
947.833 1503 5421
1163.5 2269 6287
1423.67 2024 6469
1124.33 1475 5140
1019 773 3237
1026.83 2234 6178
755 924 3410
788 1067 3620
739.833 1083 3807
493 870 3044
1159 966 3743
1592.67 2435 6986
1758 1977 6564
2504.33 3906 9495
668.167 744 2803
399.333 682 1770
2117 2987 7934
2737.67 3755 9056
2096.67 2817 7626
606 1140 3909
1194 1747 5793
732 628 2195
1632 1351 4923
1050.33 1396 5039
441.667 705 2345
781 916 3245
1289.67 2052 5931
724 657 2454
873 1881 5513
987.833 1825 5479
589.333 645 2228
526 455 1248
430 989 2302
908 706 2561
531.667 1341 3660
531 702 2345
605 404 1439
1297.17 1238 4542
1201.67 1445 5091
1102 2518 6746
735 627 2497
995 1260 4416
682.333 1475 4440
379.667 974 1945
1625 1647 5915
452.333 919 2745
1942.33 2486 7417
359 597 1432
774.5 736 2978
2465.67 3252 8857
757.667 1401 4530
558.5 558 1870
462.333 876 2510
703.333 1406 4690
771.333 1678 4865
679 547 2129
904.333 1443 4981
577.667 852 3202
801 518 2088
780.667 1326 4842
475 746 2703
490 919 3143
2340 3351 8565
420 613 2020
597.667 925 3576
505 918 3085
968 741 3046
441 616 2129
543.667 1255 3678
537 438 1406
483.333 807 2760
573 865 2993
1481.83 1656 5704
725 781 2869
1973.67 2445 7441
470.333 810 2869
401 602 1640
681 701 2345
1764.33 2904 7545
1830.33 3033 7919
451.333 703 2246
957.333 902 3459
2811 2886 7832
2605.33 3891 9163
541.5 513 1678
707.333 820 2945
876.833 992 3718
515 720 2347
405.333 741 1920
414 868 2137
485 646 2287
1234.33 1883 5882
376.333 484 1638
642 705 2454
696 693 2480
596 383 1297
721 655 2304
500 403 1080
449 480 1640
588 571 1937
695 721 2480
1581.33 3315 7642
665 371 1231
2188.5 3385 8265
332 416 898
1295.33 1872 6345
321 720 1030
447.333 646 2228
528 440 1465
2344.5 3333 8774
468 540 1755
349 499 1430
478 471 1274
332 454 1238
2341 3395 8847
460 597 1772
460 214 0
608 460 1556
451 239 740
1358.33 1723 5805
598 556 1764
545 401 1389
225 329 725
312 441 898
460 236 440
435 417 1165
401 291 0
451 215 0
434 343 857
511 476 1582
225 296 0
324 449 915
543 400 1272
409 234 0
409 254 532


751.667 1189 4135
547.333 1093 3594
822.5 1990 6289
528 440 1465
1145.5 1171 4542
671.333 1238 3652
1601 1292 5033
668.167 744 2803
919.667 1786 6198
589.333 1307 3792
565 677 2538
1032.33 2491 7271
984.667 1309 5008
671 1050 3634
2120.67 2980 8077
1720.33 2251 6551
763.333 1630 4690
769 844 3395
362 919 1638
1284.33 2605 7820
1840 2327 6745
1516 1621 5607
825.667 1766 4881
1622 2443 7152
957.667 1479 5008
677.333 1218 3876
1617 2110 6523
915 782 2820
1241 1667 5456
846.167 1012 4417
720.167 847 3718
1002.33 1183 4834
650.5 675 2569
920.333 1203 4834
824 1175 3886
1240.17 1717 5547
493 827 2912
679 547 2129
1493.67 1746 6380
851.333 1986 5498
1337.67 1623 5465
1521.83 3207 7876
738.667 1397 4667
478 471 1274
537 750 2497
458.667 685 2363
1475.5 2346 6580
782.333 1230 4641
968 741 3046
989.333 1391 5366
2021.67 2308 6571
927.333 1508 5058
558.5 558 1870
980 899 3769
2192.67 3717 8989
752 591 2380
891.833 2231 6513
697.333 1143 3640
1060.5 883 3835
434.333 649 2337
2945.67 3333 8575
938 1715 5081
1296.17 2176 6354
823.167 1175 3850
703.333 1244 4509
1044 651 2820
1113.83 1757 5816
1349 2196 6377
537 438 1406
1454.5 2366 6620
1635.83 2363 6854
580.833 1075 3334
510.667 788 3278
677.5 599 2195
589.333 645 2228
805.333 1939 5421
1123 1740 5557
1589 2320 6561
2474.5 3400 8816
414 868 2137
1779.67 2416 7159
433.333 763 1979
1957.5 2313 6735
541.5 513 1678
851 824 3395
470.333 810 2869
662 555 2105
1456 1620 5499
506 917 3044
442.333 609 1920
691.333 1245 4433
1511.67 2219 6431
665 371 1231
2144.83 3327 8390
1372 1640 5557
715.5 976 3484
643.833 708 2777
741 540 2080
604.333 637 2363
435 417 1165
545 401 1389
332 454 1238
862.333 1913 5656
2699.67 2941 8283
1431 1586 5448
1372 1882 6429
1958.5 3751 7924
441.667 705 2345
735 627 2497
552.333 757 2553
991 744 3196
468 540 1755
1027 687 2937
460 597 1772
526 455 1248
449 480 1640
605 404 1439
1962.17 3517 7965
349 499 1430
332 416 898
1395 1643 5707
2437.5 3717 9513
1987 2399 7444
543 400 1272
511 476 1582
2085.83 3508 7917
662.333 651 2495
472 375 1039
585.833 543 2078
359 597 1432
399.333 682 1770
2556.33 3694 9811
376.333 484 1638
500 403 1080
324 449 915
451 239 740
401 291 0
409 254 532
1926.5 1693 5788
451 215 0
440 646 1813
225 329 725
401 602 1640
225 296 0
608 460 1556
434 343 857
312 441 898
460 214 0
596 383 1297
460 236 440
409 234 0


469 757 2553
2053.33 2495 7662
1516 1840 6214
1418 1859 5999
922.667 2262 5404
1134 1187 4468
2147.5 3089 7925
673 995 3395
1160.33 2196 6247
752 591 2380
427.333 1231 2627
812 1305 4301
617.5 1277 3734
951.5 1645 5424
1331.83 1581 5280
1284.33 1778 5870
702 955 4135
1817 2530 7333
558.5 558 1870
589.333 1042 3284
768 739 2929
2160.33 3451 8980
1000.5 1629 4906
605 1124 3617
531 702 2345
510.667 788 3278
682 594 2189
1046.33 1486 5234
1149 1339 5042
866 1931 5145
1256.83 1667 5430
953.667 1253 4593
1539 2094 6945
735 627 2497
2636 3193 8023
662 1051 3693
1764 2729 7873
924 1863 5323
1890.33 2520 7850
1245.5 1925 6453
1110 2312 6112
1256 1165 4168
1396 1642 5649
1671.83 3295 8067
455 811 2927
3094.5 3873 9246
662 555 2105
598 556 1764
1118.5 1770 5648
647.333 1204 3985
1414.67 2262 6869
1266.67 2783 6716
693.5 1027 3985
440 646 1813
828.5 1315 4359
1326.67 1717 5616
614 758 2878
1094.33 1866 5921
2707.5 3210 8024
441 616 2129
500.333 722 2411
851 824 3395
599 1107 3485
662.333 651 2495
576.333 1230 3443
1333 1451 5331
486.333 903 3252
2038 3372 8330
631.667 1182 3634
1201.5 2042 5971
1441.67 2822 7136
998.667 1846 5714
1070.17 2076 5954
704.333 1340 4634
493.667 755 2619
545 401 1389
705 597 2339
483.333 905 3070
450.667 1183 2536
1011 954 3410
1632.33 2423 7228
399.667 685 1872
1834.67 2091 6561
419.333 869 2246
2398 2354 7044
1179.5 3031 6460
1208 1708 5457
771.667 1499 4857
433.333 763 1979
939.333 1249 4216
1363.67 2430 7087
1481 1747 5665
672.833 1039 3502
2700.83 3795 9064
1289.33 1650 5549
537 750 2497
927.5 1803 5272
434.333 649 2337
1988 3542 8299
738 528 1905
983 738 2627
2501 2406 7583
1059 867 3619
587.833 1090 3444
1410 1467 5333
1143 2902 6220
1328 1558 5257
632.333 601 2337
2895.83 4180 9229
511 476 1582
321 720 1030
1336 1324 4601
447.333 646 2228
332 416 898
1507.5 3922 7259
349 499 1430
818 546 2029
441.667 705 2345
665 371 1231
565 677 2538
1477.67 3578 7235
1326 2757 7125
771 1769 5023
472 375 1039
468 540 1755
515 720 2347
816 787 2970
528 440 1465
2563.33 3364 8614
1398.17 2269 6894
449 480 1640
359 597 1432
1521.67 3733 7764
366.667 888 1887
437.333 946 2419
605 404 1439
376.333 484 1638
401 602 1640
543 400 1272
500 403 1080
478 471 1274
423 868 2038
435 417 1165
332 454 1238
426 782 2155
460 597 1772
537 438 1406
401 291 0
460 236 440
409 234 0
324 449 915
451 239 740
596 383 1297
225 329 725
451 215 0
434 343 857
409 254 532
225 296 0
312 441 898
460 214 0


782 1861 5123
843.5 1735 5822
669 769 2854
1579 1995 6337
1568 1692 5457
1780.67 2455 7319
503.333 821 2495
976 983 3525
1256.33 2149 6070
1431.17 2121 6047
1340 2201 6501
721 564 2022
884.333 2556 6187
974.667 1567 4891
924 1268 4257
656.833 705 2668
1219 2230 6012
1470.67 2508 6686
758 1264 4102
411.333 719 2137
714 1305 4608
1377 1227 4916
1215 1119 4476
1130 1523 5132
1421 1805 6022
1108 1330 4684
565 677 2538
725 781 2869
798.667 1567 4875
1251 1683 5239
1535.67 2460 7062
972.667 1584 4924
621.333 1037 3452
1588 2799 7403
1392 1355 4984
710.667 1938 5124
475 474 1239
1131 908 3687
1243 2544 6869
1496.33 2049 6255
1694 1988 6304
843.5 924 3469
1334.17 1711 5911
493 870 3044
447.333 646 2228
2523 3852 9338
580 1341 4048
1008 708 3079
885.5 880 3479
1780.67 3466 7641
704 1313 3792
1236 1407 5107
1277.67 2324 6396
2395 2808 8033
1703.5 1865 6073
2457.83 3549 9272
794.667 969 3309
2159.17 3697 8530
709.833 1177 3927
679.667 1526 4550
1573.67 2137 6610
1695 2119 6505
1269.67 1991 5911
1356.67 2126 6337
616.333 1155 3693
993.333 1719 5064
1496.67 2257 6562
931.333 1226 4667
1891 2894 8459
706 1308 3985
701.5 1571 4614
804 947 3395
1556.33 2164 6413
922.5 1015 3568
1895 2638 7726
574 1221 3368
1622 1643 5457
923.5 1446 4741
2040 2448 6863
2178 2296 7377
1184 952 3728
687 614 2029
449 480 1640
485.333 912 2836
1114.5 1430 5124
735 627 2497
441 616 2129
1229 861 3410
1178 1251 4834
895 1160 4094
717.667 989 3535
2405 3542 8623
1060.5 1732 5254
2361 2138 6779
741 540 2080
1795 2099 6513
1119.5 2707 6875
990 1162 4425
733 626 2380
1066.33 1508 4809
1286 1151 4684
1025 2194 6004
1283.5 2267 6135
1212 897 3527
1092.33 1659 4982
1728.5 2765 7111
726.667 1027 3985
1078.5 1114 4425
509.333 820 2945
809 783 2986
435 417 1165
640.333 1092 3494
2452 2803 7835
1301 1515 5383
510.667 788 3278
1426.67 3610 7141
1385.17 2586 7077
636.333 1021 3344
451 850 2571
801 518 2088
851 824 3395
2635.67 3429 9146
332 416 898
2481.67 3168 8682
441.667 705 2345
1881.17 3538 7791
561 582 1864
332 454 1238
526 455 1248
722 548 1996
3086.67 3915 9646
545 401 1389
499.667 1223 3176
1569.17 2372 6569
1763.33 2761 7392
1240.83 2312 6220
359 597 1432
665 371 1231
752 591 2380
412.333 645 2170
499.667 836 2363
543 400 1272
376.333 484 1638
2919 4252 9620
552.333 757 2553
596 383 1297
1242 1717 5331
321 720 1030
605 404 1439
401 602 1640
528 440 1465
1604 2292 6813
537 750 2497
537 438 1406
460 597 1772
732 628 2195
511 476 1582
485 646 2287
1113 1304 4974
2448.5 4055 8862
582 613 1979
872 1019 3719
478 471 1274
468 540 1755
500 403 1080
608 460 1556
451 239 740
472 375 1039
2400.67 3991 8648
409 234 0
312 441 898
460 236 440
225 329 725
434 343 857
409 254 532
225 296 0
349 499 1430
460 214 0
451 215 0
324 449 915
401 291 0


