988.5 1561 4429
391 1545 3579
398.633 1537 3579
418.267 1533 3579
388.3 1561 3579
386.8 1571 3579
462.7 1517 3579
359.55 1611 3579
547.333 1707 4429
540.417 1715 4429
464.8 1839 4429
551.333 1598 4429
495.333 1774 4429
551.333 1688 4429
306.017 1742 3579
310.617 1720 3579
335.817 1681 3579
352.167 1679 3579
162.083 428 826
254 243 734
210 263 892
210 222 0
225.333 206 0
225.333 243 553
1385 1166 2288
955 1195 2117
729.8 1324 2850
426.833 1241 2665
646.133 1401 2850
859 1276 2850
393.833 1402 1803
596 966 1762
862 975 1961
613 1021 1961
313.667 735 1293
353 530 1626
1843.45 6313 16340
1967.13 6299 16340
1549.1 6291 15695
1581.03 6258 15695
1578.12 6289 15695
1405.65 6454 16340
1415.55 6403 16340
1804.37 6118 15695
1936.5 6043 15695
1874.82 6104 15695
1460.35 6325 16340
1459.6 6352 16340
1431.85 6372 16340
1705.5 6182 15695
1642.43 6223 15695
1715.1 6162 15695
1617.93 6232 15695
1767.3 6150 15695
1727.3 6155 15695
1300.15 7026 16705
1328.65 6958 16705
1340.05 6854 16965
1335.05 6932 16965
1410 6680 16965
1447.6 6632 16965
1408.8 6707 16965
1456.6 6428 16965
1455.2 6437 16965
1451.6 6501 16965
1489.45 6410 16965
1658.25 6359 16965
1454.4 6477 16965
1553.35 6409 16965
2428.97 7232 16993
2080.83 7270 16993
2283.73 7252 16993
2392.72 7233 16993
2565.68 7204 16993
2452.3 6327 16965
2428.05 6337 16965
2909.15 6321 16965
1410.52 8414 16993
1380.22 8565 16993
1392.82 8562 16993
1396.72 8427 16993
1495.15 8245 16993
1504.9 8050 16993
1495.8 8055 16993
1415.72 8309 16993
1430.92 8263 16993
1719.13 7910 16993
1745.43 7894 16993
1780.15 7837 16993
1818.4 7653 16993
1821.4 7632 16993
1284.75 7201 16705
1791.05 7755 16993
1803.05 7733 16993
1909.1 7522 16993
1973.38 7370 16993
1956.37 7390 16993
1975.83 7301 16993
1644.95 8012 16993
1686.72 7986 16993
1691.43 7975 16993
1686.2 7990 16993
1737.7 7901 16993
3530.83 9082 17188
3281.23 9473 17097
3432.68 9371 17097
3122.32 9480 17097
3098.65 9539 17097
939.133 4099 11070
1000.92 3816 11070
946.933 3871 11070
1128.08 3798 11070
1009.03 3810 11070
1121.98 3799 11070
1188.65 3739 11070
1137.98 3779 11070
932.733 4166 11070
1745.6 3538 10684
1588.93 3539 10684
1284.27 3691 10684
1324.32 3598 10684
1201.55 3721 10684
1056.5 3789 10267
955.433 3850 10186
1070.95 3800 10712
3389.6 5160 12509
717.833 2131 4971
749.5 2201 5064
1800 2241 6496
1484.33 2312 6496
1570.67 2289 6496
1504.67 2305 6496
1042.25 2733 7834
759 2809 7834
844.45 2774 7834
910.183 2742 7834
1158.25 2603 7834
1052.25 2639 7834
839.883 2783 7834
1021.75 2481 7425
1048.98 2720 7834
956.75 2655 7316


161.133 606 0
218.667 378 0
168.333 458 0
368 475 993
278.333 598 993
282.333 569 993
330 338 803
290.333 521 803
303.667 481 803
218.667 415 676
161.133 630 450
254 243 734
955.5 1027 2411
590 1059 2411
561.7 1575 1653
353 530 1626
740.233 1904 2495
1014.5 1687 2759
1018.5 1554 2759
979 1688 2759
1072.5 1470 2759
1481 1413 2948
1249 1878 2948
1302 1715 2948
1263 1736 2948
1303 1564 2948
1323 1513 2948
1562 1355 2948
1583.95 5287 15957
1506.65 5354 15957
1646.45 5258 15957
1640.2 5267 15957
1212.6 5701 14715
1193.8 5832 14715
1256.68 5681 14715
2359.43 5178 15957
2994.18 5162 15957
1310.08 5872 17276
1332.08 5867 17167
1211.55 6017 15541
1218.55 5951 15541
1617.85 5278 15957
1595.1 5282 15957
1553.2 5310 15957
1581.17 5306 15957
1275.5 5616 15817
1251.8 5759 15817
1275.45 5758 15817
1242.4 5924 15817
1372.67 5435 15957
1425.52 5368 15957
1224.2 5818 15541
1219.37 5888 15541
1649.93 5573 16384
1472.3 5657 16384
1395.55 5650 16322
1443.95 5761 16789
1307.48 5862 16859
1334.88 5721 16672
1266.47 5817 16384
1315.47 5759 16384
1295.07 5775 16384
2049.17 5841 17743
1925.45 5876 17743
2159.03 5790 17743
2138.17 5813 17743
2677.7 5765 17743
1333.83 6065 17743
1475.52 5839 17383
1435.92 5847 17383
1655.1 5820 17383
1715.8 5515 17383
1668 5612 17383
1997.27 5475 17383
1335 5899 17383
1367.13 5868 17383
1406.12 5848 17383
1382.63 5865 17383
1358.48 5983 17743
1347.83 6039 17743
1348.73 6023 17743
1393.13 5963 17743
1289.58 5889 17276
1425.77 5929 17743
1321.23 6095 17743
1307.08 5913 17365
1307.83 5970 17383
1303.25 6142 17743
1303.38 6098 17743
1451.38 6502 18035
1377.65 6511 18035
1480.25 6452 18035
1486.78 6443 18035
1459.78 6474 18035
1241.48 6509 17457
1238.88 6762 17457
1282.28 6393 17457
1255.08 6489 17457
1243.62 6636 17743
1293.58 6326 17743
1265.42 6454 17743
1235.72 6147 17276
1270.63 6088 17276
1267.38 6113 17276
1283.28 5997 17276
1282.83 6135 17365
1274.33 5994 17176
1733.78 6426 18035
1293.02 8081 18769
1308.73 7903 18769
1319.73 7816 18769
1338.12 7656 18769
1600.48 7102 18769
1556.47 7202 18769
1463.65 7217 18769
1613.7 6991 18058
1350.57 6680 18035
1374.05 6622 18035
1380.97 7370 18769
1396.32 7312 18769
1833.22 6927 18769
1829.67 6946 18769
1678.83 6954 18769
1620.57 6988 18769
2379.05 6544 18769
1760.02 6557 18319
1793.78 6553 18319
1824.8 6440 18319
1853.02 6245 18319
1663.77 5899 17743
1873.22 6671 18769
1831.93 6371 18319
2554.5 6196 17760
2037.83 6220 17760
2366.75 6201 17760
3457.67 6088 17760
2609.37 6109 17760
1998.67 5859 17743
2158.37 5792 17743
2104.13 6572 18769
2030.5 6635 18769
2056.98 6588 18769
2038.95 6593 18769
2103.88 6579 18769
2022.97 6660 18769
2040.28 6591 18769
2194.02 6563 18769
1077.15 3081 8136
1060.62 3118 8136
1226.4 3061 8136
1051.55 3133 8136
1088.35 3065 8136
802.033 4044 8136
784.033 4090 8136
767.633 4195 8136
803.433 3968 8136
804.083 3561 8136
805.283 3308 8136
898.6 3302 8136
988.283 3219 8136
1050.35 3207 8136
962.6 3220 8136
937.467 3267 8136
1866.5 3038 5876
1494 2475 5028
2598.5 2832 5234
1649.75 3048 5394
495.15 1932 4990
1541 2091 5161
989.667 2927 5062
1467.72 4295 9501
2401.27 4288 9837
1446.42 4497 9837
2188.57 5204 10949
2330.87 4353 9837
1894.65 4440 9837
2156.72 5253 10949
2342.03 5066 10949
2916.53 4979 10949


225.333 206 0
218 386 0
709.333 1250 3514
564.333 1538 3514
586.083 1288 3514
571.833 1364 3514
578.083 1306 3514
569.833 1429 3514
684.083 1284 3514
586 791 1776
595 693 1776
712.333 797 1784
388 816 1784
560.333 1244 2478
531.667 1258 2478
682.333 1214 2478
497 1412 2478
509.667 1316 2478
516.667 1264 2478
653.667 1228 2478
530.333 1136 2192
486.667 1156 2192
218 406 861
284 475 933
254.333 569 933
225.333 243 553
3407.32 5185 14824
2143.97 5248 14824
3061.52 5209 14824
2737.45 5790 16086
3576.32 5170 14824
3164.73 5191 14824
1276 5508 15334
1249.6 5611 15334
1415.58 5357 14824
1326.08 5392 15042
1357.3 5345 14401
1235.75 5373 14925
1759.17 5322 14824
1812.85 5284 14824
1221.6 5381 14816
1242.07 5658 15334
1300 5488 15334
1252.2 5548 15334
1288.3 5499 15334
1276.9 5504 15334
1228.15 5775 15334
1723.92 5754 15928
1666.92 5763 15928
1626.98 5921 15928
1643.95 5726 15726
1415.98 5420 15334
1302 5446 15334
1490.2 5337 15334
2401.55 5799 16086
1641.75 6017 16622
1650.4 5964 16622
1737.42 5936 16622
1548.23 6108 16622
1580.93 6055 16622
1670.35 5819 16086
1559.68 6095 16221
1582.15 5975 15722
1505.07 6256 15796
2221.13 5854 16622
1886.45 5909 16622
1987.43 5880 16622
1797.07 5919 16622
1951.92 5900 16622
1992.18 5879 16622
1963.33 5899 16622
1999.5 5812 16086
1473.52 6663 16622
1466.27 6489 16262
1341.7 7005 16622
1490.73 6432 16622
1336.5 7027 16622
1367.7 6694 16622
1361.7 6813 16622
1485.7 6504 16622
1444.13 6680 16622
1650.3 7515 18261
1630.1 7558 18261
1625.95 7575 18261
1555.9 8076 18688
1685.52 7900 18688
1724.4 7782 18688
1733.15 7764 18688
1703.7 7860 18688
1767.15 7730 18688
1564.5 7992 18688
1558.82 8065 18688
1572.5 7975 18688
1573.7 7909 18688
1549.5 8088 18688
1563.7 8028 18688
1472.15 8402 18688
1480.2 8321 18688
1429.15 8412 18688
1437.35 8407 18688
1392.25 8464 18688
1536.65 8117 18688
1537.55 8116 18688
1519.35 8261 18688
1935.33 7533 18688
1831.18 7540 18688
1705.57 7410 18261
1839.52 7384 18261
2472 7317 18688
2135.75 7347 18688
2499.07 7289 18688
2352.6 7344 18688
1779.3 7690 18688
782.967 4152 9163
776.767 4317 9163
843.1 3816 9163
844.683 3776 9163
842.45 3817 9163
821.767 3976 9163
836.833 3947 9163
838.267 3915 9163
785.767 4005 9163
818.9 3987 9163
938.667 3589 9163
916.767 3617 9163
906.817 3659 9163
941.717 3536 9163
881.85 3685 9163
1112.88 3986 11360
1114.62 3902 11360
1083.22 3996 11360
996.183 4006 11360
953.55 4275 11360
981.283 4059 11360
1201.42 3894 11360
1312.7 3878 11360
1144.48 3895 11360
1163.25 3831 10509
1010.28 3834 10715
753 1623 4031
1264.25 3228 6630
971.65 3353 6630
1003.65 3282 6630
1094.03 3249 6630
913.85 3366 6630
870.95 3242 6227
931.067 3217 6063
969.4 2760 6235
872.267 3586 6630
819.567 3604 6630
763.733 3830 6630
900.5 3515 6630
889.233 3524 6630
716.5 2868 3766
976.85 2687 5399
1153.5 2702 6235
1233.88 2689 6235
1446 1698 4502


1630.87 5776 14958
1708.57 5722 14958
1764.47 5694 14958
1593.37 5796 14958
2169.43 5593 14658
2152.63 5608 14658
2237.83 5684 14958
2244 5680 14958
2300.63 5673 14958
2306.8 5669 14958
1951.67 5687 14958
1183.3 4526 14634
1306.52 4500 14634
1304.37 4509 14634
1441.95 4444 14634
1338.23 4464 14634
1094.62 6598 13963
1115.82 6500 13963
1082.62 6846 13963
1132.87 6488 13963
1142.27 6439 13963
1088.57 6647 13963
1073.82 7154 13963
1080.02 7037 13963
1099.82 6582 13963
1069.72 7233 13963
1151.48 6069 13963
1182.68 5872 13963
1160.03 5876 13963
1266.4 4467 13791
1313.67 4467 14216
1959.87 5845 15534
1763.07 5991 15534
1798.37 5969 15534
1639.23 6394 15534
1649.6 6191 15534
1950.07 5762 15176
1785.13 5982 15534
1752.93 6098 15534
1860.38 5852 15534
1756 6038 15534
1451.6 5943 15242
1353.55 6157 14841
1389.7 6126 14841
1326.4 6195 14841
1435.5 5957 15242
1401.13 6086 15242
1316.65 6308 14841
1558.87 5883 14958
1635.52 5763 14958
1587.53 5825 14958
1585.72 5864 14958
1286.07 6506 15242
1331 6457 15242
1254.27 6565 15242
1230.67 6574 15242
1294.67 6472 15242
1377.55 6274 15242
1887.72 6219 17044
1799.92 6266 17044
1809 6257 17044
2162.68 6169 17044
1867.25 6221 17044
2120.93 6177 17044
1637.1 6481 15534
1623.23 6545 15534
1634.05 6547 16333
1645.05 6635 17044
1613.75 6637 17044
1488.75 6767 17044
1540.83 6754 17044
1645.22 6316 17044
1522.65 6766 17044
1765.88 6295 17044
1461.05 6790 17044
1545.6 6656 17044
1458.25 6834 17044
1655.47 6297 17044
1738.8 6296 17044
1637.83 6832 17638
1713.4 6711 17638
1608.23 6897 17638
1629.48 6887 17638
1576.87 7201 17638
1594.3 7161 17638
1583.03 7167 17638
1903.73 6692 17638
1978.75 6613 17638
2116.05 6553 17638
2141.05 6532 17638
1808.83 6693 17638
2399.52 6523 17638
2003.75 6592 17638
1573.93 7356 17638
1546.35 7404 17638
1453.45 7090 17044
1496.08 8158 17638
1394.88 8418 17638
1399.68 8283 17638
1374.68 8458 17638
214 458 0
480 341 694
404 447 625
284 475 933
645 576 1034
254.333 569 933
747 575 1034
313 456 694
214 484 516
225.333 206 0
225.333 243 553
446.667 1125 1646
572 725 1271
393.4 1188 1646
380.333 1248 1646
582.85 1451 3386
482.667 1314 3229
1133 1262 2842
704 1580 3940
705 1541 3940
1454.33 1510 3940
654.667 1613 3940
560 749 1848
787.667 922 2316
480.217 1226 2341
407.967 1337 2341
434.267 1234 2341
573.667 1160 2341
1288.35 3806 8862
1227.2 3943 8862
938.6 3967 8862
1275.75 3826 8862
1347.3 3784 8862
1257.35 3834 8862
1240.73 3888 8862
2993.17 4341 10089
2859.67 4438 10089
3145.67 4254 10089
3102.67 4316 10089
1670.33 2063 4596
802.65 3119 7911
801.867 3127 8556
844.85 3004 8556
782.167 3150 8556
1845.67 2907 6048
2002.17 2853 6048
872.1 2284 5299
604.95 2464 5167
1092.97 2508 5470
1087.15 2253 5049


1233.08 4948 14395
1298.63 4908 14395
1557.1 4705 14395
1531.68 4727 14395
1541.1 4706 14395
1566.77 4704 14395
1381.92 4820 14395
1343.73 4893 14395
1380.5 4867 14395
1436.47 4806 14395
1476.63 4728 14395
1449.77 4757 14395
1348.72 4666 13934
1324.13 4830 13934
1111.63 5383 14628
1180.57 4977 14395
1084.97 5451 14171
1164.77 5000 14395
1126.62 5070 14395
1223.48 4949 14395
1208.28 4958 14395
1224.08 5146 14628
1096.78 5442 14171
1063.8 5608 14171
1275.93 5245 15089
1241.1 5260 15089
1129.37 5616 14974
1476.88 5090 15089
1404.88 5091 15089
1209.15 5415 15273
1248.88 5252 15089
1195.83 5300 15089
1233.98 5261 15089
1170.32 5393 15089
1155.92 5532 15089
1132.67 5541 15089
1328.28 5110 15089
1375.28 5109 15089
1278.08 5172 15089
1315.48 5124 15089
1287.38 5149 15089
1077.47 5709 15431
1079.72 5683 15184
1090.72 5682 15147
1096.72 5723 15658
1221.8 5462 15408
1110.37 5666 14974
1060.72 5788 15147
1056.32 5824 15147
1067.32 5705 15147
1052.32 5974 15147
1033.32 6144 15147
1026.45 6226 15147
1037.35 6096 15147
1576.55 5428 15552
1535.28 5429 15552
1472.55 5474 15552
1595.48 5401 15552
1758.63 5314 15552
1742.37 5400 15552
1247.62 5522 15967
1261.1 5476 15967
1065.72 5734 15967
1207.32 5525 15967
1144.37 5544 15967
1124.23 5714 15967
1634.62 5041 15089
1498.4 8262 17933
1444.6 8363 17933
1434.6 8510 17933
1507.6 8179 17933
1426.47 8652 17933
1473.75 8282 17933
1418.67 8668 17933
1498.8 8209 17933
1780.57 7607 17933
1795.18 7334 17933
1763.03 7685 17933
1628.87 8012 17933
1529.95 8032 17933
2109.07 6628 17933
2114.23 6601 17933
2007.32 6770 17933
2129.08 6581 17933
2159.83 6497 17933
2052.48 6658 17933
1914.57 6802 17933
2509.97 6447 17933
2444.72 6464 17933
2149.45 6518 17933
2266.6 6467 17933
1904.3 6972 17933
2017.57 6769 17933
2030.1 6743 17933
1894.7 7122 17933
1986.82 6711 17072
3254.5 4200 8973
1600.05 4641 8485
1641.05 4458 8485
2420.33 4286 8973
3050 4247 8973
268 232 0
268 253 378
229.733 1189 1677
844.5 1028 2872
734 1034 2872
394.767 1335 2911
405.767 1162 2911
689.367 1112 2911
397.267 1235 2911
506.267 1132 2911
1078.17 1703 2974
1082.33 1780 4098
1139.83 1737 4098
947.833 1892 4098
846.3 1909 4098
983.333 1800 4098
869.667 2234 4151
834.667 2333 4151
823.1 2360 4151
853.867 2329 4151
669.367 2397 4151
819.333 1713 3637
210 263 892
510 495 1278
487 619 1261
354.833 788 1356
313.667 876 1356
339.833 828 1356
1118.1 3907 7185
1161.18 3859 7185
1162.75 3649 7962
1192.5 3543 7962
1174.25 3613 7962
1244.42 3358 7962
1264.92 3309 7962
1218 3425 7962
1261.42 3337 7962
1240.92 3386 7962
1365.42 3294 7962
1623.08 3225 7962
1646.58 3133 7962
1541.58 3283 7962
1564.25 3249 7962
1432.92 2680 5947
697.95 2695 6146
1031.6 2802 7150
1215 2686 7150


2383.4 4291 15129
2359.15 4346 15129
1563.63 4083 14662
1521.07 4172 14662
1559.63 4089 14662
946.067 4725 13945
950.117 4574 13945
1253.55 4457 14196
1238.85 4547 14196
1300.15 4447 14196
1302.58 4197 14662
1430.05 4184 14662
1035.05 4384 13945
984.517 4459 13945
1076.27 4377 13945
1117.35 4661 14196
1117.85 4604 14196
1152.5 4601 14196
1011.02 5526 15112
1039.22 5405 15112
1038.22 5509 15112
1615.88 4408 15129
1391.12 4489 15129
1160.57 4799 14496
1226.43 4788 14496
1272.07 4820 15129
1315.73 4786 15129
1390.72 4655 15129
1390.03 4682 15129
1345.12 4754 15129
1354.7 4711 15129
1390.87 4611 15129
1293.77 4796 15129
1228.4 4854 14662
1107.38 5419 15396
1114.67 5363 15688
1111.67 5504 15688
1461.42 4934 16212
2034.83 4854 15745
1170.35 5110 15396
1196.32 4858 15396
1139.77 5208 15396
1371.93 5690 16438
1353.03 5479 16255
1382.63 5307 16255
1353.52 5322 16255
1172.5 4983 16212
1280.4 4955 16212
1371.75 4949 16212
1701.02 5060 16730
2389.97 4865 16212
1492.47 4889 16212
1543.42 7007 17323
1515.97 7027 17323
1563.68 6968 17323
1457.5 7409 18041
1477.15 7352 18041
1625.52 7135 17683
1630.35 7142 18041
1601.25 7169 18041
1499.7 7171 18041
1568.67 7021 17681
1556.27 7023 17681
1544.73 7142 17681
1546.37 7131 17681
1450.75 7879 18041
1973.95 6935 17681
1641.22 6959 17681
1788.97 6912 17566
1688.18 7106 18041
1079.02 7109 16730
1658.07 5061 16730
1737.08 4902 16730
1563.72 5082 16730
1449.6 5256 16730
1539.23 5109 16730
1639.53 5075 16730
1453.55 5226 16730
1292.3 6317 16730
1214.07 6393 16730
1278.98 6386 16730
1344.88 5793 16730
1430.73 5756 16730
1323.88 5703 16438
1323.4 5866 16438
1379.73 5620 16438
1089.37 6755 16730
1569.72 6847 17381
1555.47 6937 16947
1156.32 6490 16730
1121.87 6590 16730
1203.67 6439 16730
1151.57 6566 16730
254 208 0
222.667 442 0
198.333 606 0
1102 1369 3181
886.333 1546 2835
1163 1314 2903
1390.33 1494 3473
630.833 1551 3473
629.167 1606 3473
639.833 1548 3473
508.5 1056 1250
474 650 1194
524 517 1264
666 678 1397
464 576 1137
491.6 2313 2734
550 1919 3209
551.467 1785 3209
534.433 2023 3209
695 1401 2169
662.667 1054 1948
497.233 1318 1923
795 1018 2328
948 747 2348
1022 730 2348
864 851 2348
361 486 894
225.333 243 553
368 475 993
254 243 734
278.333 598 993
359 548 993
357.5 552 993
282.333 569 993
222.667 466 450
970.967 3362 8499
883.283 3388 8499
1261.57 4357 13735
1233.57 4360 13735
935.067 4822 13945
1054.1 4261 9592
1222.43 4168 9592
1240.7 4191 12367
1254.6 4140 12565
1247.65 4191 12476
1432.15 4103 13735
1351.2 4167 13735
1377.83 4106 13735
1492.98 4059 13735
1318.15 3916 13299
1256.8 4095 13299
1174.55 4307 13218
1544.23 4024 13684
860.283 3559 8499
1125.97 2355 5253
1080 1934 4227
1606 1856 4082
879.417 2416 5953
690.333 2726 5953
688.633 2755 5953
692.2 2612 5953
712.8 2533 5953
723.75 2447 5953
849.817 2418 5953


1173.9 7454 18456
1139.9 7781 18456
1146.3 7540 18456
1146.1 7646 18456
1173.5 7469 18456
1178.1 7416 18456
1181.5 7375 18456
1508.62 6338 18456
1510.22 6323 18456
1450.73 6400 18456
1466.17 6362 18456
1493.42 6340 18456
1437.08 6537 18456
1532.08 6275 18456
1443.02 6447 18456
1414.03 7233 18456
1379.03 7242 18456
1592.93 6102 17903
1498.13 6318 17995
1573.97 6174 17989
1698.95 6090 17903
1806.25 6062 17903
1518.48 6198 18098
1584.63 6149 18456
1541.63 6211 18456
1428.57 6330 17995
1473.02 6160 17920
1354.53 7228 17673
1196.15 7252 18456
2025.55 5800 15248
1861.35 5848 15248
1847.35 5991 15248
2007.55 5824 15248
2014.4 5801 15248
2002.15 5844 15248
2225.72 5791 15248
2006.5 5825 15248
1726.78 6038 15248
217.5 246 0
162.083 389 0
225.333 206 0
273.083 730 2010
229.833 798 2010
372.8 1340 2012
357.467 1348 2012
262.933 1470 2060
247.333 1545 2060
304.267 1358 2060
248.733 1535 2060
263 1413 2060
262.933 1469 2060
282 1367 2060
627 536 971
1048 1386 2433
309.333 1529 2754
304 1537 2754
293.733 1604 2754
292.933 1678 2754
330.333 1483 2754
217.5 285 826
225.333 243 553
162.083 428 826
1388.63 2796 6722
1271.15 3854 6765
1746 3829 6996
1367.07 3903 8407
1583.58 4082 8528
3351.03 5167 9411
3628.33 5234 10203
3545.83 4643 9824
3391.83 4735 9824
2291 3748 6740
1735.97 5845 9243
1751.75 5354 9935
2175.52 5318 9175
2489 5482 10110
1892.8 5825 11301
1274 1353 2261
1983 2302 4190
561.35 2104 3409
600.283 2078 4096
865.667 2222 4109
669.333 1684 3769
490.75 1389 3389
627.433 3018 6352
689.183 2791 6352
713.433 2711 6352
593.25 3141 6352
590.15 3223 6352
638.883 2870 6352
1681.72 2638 4974


682.25 2312 4474
698.417 2163 4474
676.25 2363 4474
701.5 2159 4474
684.917 2179 4474
718.083 2139 4474
655.917 2455 4474
652.333 2605 4474
652.583 2598 4474
696 2167 4474
1207.5 1977 4474
815.25 1984 4474
756.5 2080 4474
729.333 2082 4474
669.05 1497 4266
505.5 1789 4266
592.833 1539 4266
649.05 1502 4266
534.55 1667 4266
587.8 1652 4266
217.5 246 0
341 531 1677
217.5 285 826
398 396 851
162.083 428 826
225.333 206 0
225.333 243 553
292 491 851
162.083 389 0
1150 1239 3270
397 730 2429
1446.35 7747 16768
1441.15 7834 16768
1426.2 7855 16768
1424.78 7922 16768
1435.95 7848 16768
1742.43 6875 16768
1734.68 6880 16768
1758.18 6872 16768
1742.23 6876 16768
1773.63 6745 16768
1799.5 6655 16768
1784.45 6728 16768
1872.22 6539 16768
1776.88 6730 16768
1852.22 6586 16768
1613.83 7335 16768
1567.98 7455 16768
1593.35 7434 16768
1612.3 7345 16768
1617.23 7133 16768
1446.75 7655 16768
1489.8 7649 16768
1495.93 7628 16768
1532.1 7551 16768
1498.55 7569 16768
1446.55 7688 16768
1695.98 6954 16768
1700.83 6884 16768
1691.22 7021 16768
3130.55 6453 16768
3089.38 6461 16768
2939.88 6524 16768
1789.1 5971 15445
2048.18 5912 15445
1997.77 5953 16390
4132.43 8646 18473
4177.23 8383 18473
2596.85 9384 18473
2720.88 9273 18473
2618.2 9380 18473
3481.02 8803 18473
3513.1 8764 18473
3832.87 8654 18473
3832.53 8701 18473
3744.95 8706 18473
3665.03 8714 18473
1091.67 3612 11012
973.567 3613 11012
1096.57 3598 11012
1104.6 3774 11528
1067.43 3791 11528
876.667 3799 11012
912.1 3724 11012
853.767 4036 11528
839.117 4086 11528
819.033 4214 11528
838.517 4185 11528
934.183 3854 11528
970.35 3844 11528
886.867 3916 11528
934.033 3842 11452
1004.75 3799 11438
999.767 3830 11528
883.9 4449 12606
1052.23 4308 12606
933.9 4319 12606
1080.68 4299 12606
1140.83 4202 12606
849.05 4627 12606
846.35 4632 12606
835.3 4694 12606
869.3 4550 12606
881.7 4526 12606
883.75 4524 12606
1482.4 5075 14749
1398.65 5150 14749
1510.27 5031 14749
1445.8 5078 14749
1372.72 5174 14749
1328.65 5264 14749
1484.23 5050 14749
1387.27 5171 14749
1307.92 5311 14749
1256.82 5355 14749
1253.68 5386 14749
1227.18 5686 14749
1167.97 5567 14015
1238.1 6140 15623
1590.82 6031 16390
1789.6 5959 16390
1709.6 6019 16390
1331.35 6332 16390
1322.15 6349 16390
1267.75 6352 16390
1252.15 6410 16390
1261.55 6407 16390
1238.53 6424 16390
1193.75 6447 16390
1160.05 6581 16390
1139.25 6587 16390
1174.45 6534 16390
1249.7 6355 15874
1324.1 6265 16030
1285.4 6329 16030
1329.1 6264 16030
1308 6305 16030
1133.9 6708 15814
1193.95 6386 15989
1163.95 6418 16130
1335.8 6062 15923
1260.4 6120 15923
1303.9 6061 15779
1424.33 6055 16390
1418.28 6060 16390
1334.1 6217 16390
1360.75 6152 16390
1372.58 6068 16390
1551.95 5945 15145
1280.28 5316 14749
1279.28 5350 14749
1237.48 5427 14749
1217.28 5946 14749
1232.7 6214 14990
1496.5 6028 15445
1543.6 5999 15445
1035.15 3916 11888
931.25 3984 11888
905.283 4107 11888
916.35 4006 11888
930.75 4003 11888
932.65 3963 11888
1006.4 3928 11888
1048.35 3901 11888
1041.73 3915 11888
1012.97 4259 12047
999.967 4307 12047
1005.72 4260 12047
726.983 2949 4986
1902.67 2295 5765
1222.42 2406 5655
1494.13 2668 7093
1010.82 3049 7093
1372.83 2713 7093
1020.57 2854 7093
1409.63 2712 7093
1227.73 2720 7093


916.433 5024 12475
1643.47 4213 12475
1571.37 4268 12475
1597.22 4234 12475
1587.32 4252 12475
1579.93 4261 12475
1617.32 4216 12475
1435.15 4269 12475
968.017 4414 13033
1032.12 4586 13517
1062 4561 13517
1053.28 4401 13500
1023.97 4421 13500
1022.32 4429 13500
1025.02 4419 13500
1124.6 4467 13517
998.283 4440 13500
957.6 4493 13240
918.317 4536 13500
977.317 4391 13240
1020.48 4371 13240
1139.58 4339 13240
1000.17 4623 13809
954.583 4654 13809
1020.92 4590 13809
1067.17 4510 13809
949.333 5200 13809
1315.15 5578 14319
1205.05 5874 14319
1244.15 5840 14319
1214.95 5858 14319
1373.33 5524 14319
1254.73 5669 14319
1353.22 5558 14319
944.033 5467 13809
1353.68 6368 16746
1338.68 6418 16746
1343.08 6394 16746
1330.73 6425 16746
1285.48 6470 16746
1347.58 6370 16746
1357.73 6339 16746
1248.48 6561 16746
1353.98 6363 16746
1384.18 6109 16746
1370.23 6126 16746
1365.88 6127 16746
1426.88 5867 16746
1395.03 5980 16746
1295.88 6201 15846
1338.38 6015 16437
1363.18 5832 15846
2334.28 7865 17001
2255.27 7967 17001
1980.33 8490 17001
217.5 246 0
162.083 389 0
225.333 206 0
550.667 1205 3538
522.667 1312 3538
581 1176 3538
682 800 1828
535.667 1028 1287
609 858 1453
562.5 1115 1739
581 950 1828
615 846 1828
470.5 1351 2621
439.1 1462 2624
388.883 1664 2624
406.6 1510 2624
337.45 1782 2624
352.717 1694 2624
376 525 861
444 578 936
217.5 285 826
225.333 243 553
767 947 2543
693 1084 2543
868.333 1700 4430
1382.17 1985 4705
959.333 2176 4705
894.75 2200 4705
1190.5 2075 4705
1447.5 1951 4705
1536.5 1893 4705
668 2510 6710
630.333 2519 6710
795.65 2444 6710
1004.27 2439 6710
734.85 2351 6283
746.25 2455 6710
629.4 2567 6710
737.383 2347 6134
607.067 2663 6710
697.067 2461 6710
1350.22 3608 7132
1587.77 3351 7351
1787.93 4072 8075
812.217 3558 6766
1048.42 4308 11096
916.433 4995 12475
907.55 5077 12475
911.55 5076 12475


1286.62 8280 17072
1301.42 8102 17072
1296.02 8153 17072
1284.62 8346 17072
1303.37 8168 17481
1304.77 7990 17481
1333.67 7782 17481
1379.15 7731 17481
1305.52 7830 17481
1448.75 7625 17481
1370.77 7744 17481
1422.32 7656 17481
1361.77 7753 17481
1466.15 7624 17481
1303 8229 17481
2080.15 6728 17121
1948.98 6902 17121
2318.92 6568 17121
2442.02 6544 17121
2184.17 6676 17121
2091.83 6698 17121
2237.73 6580 17121
1958.8 6779 17121
3006.77 6489 17121
2633.28 6498 17121
2909.02 6490 17121
2111.02 7519 17481
2136.28 7423 17481
1484.47 7578 17481
1487.42 7530 17481
1360.37 7366 16836
1481.4 7299 17072
1427.97 7356 17072
1317.95 7388 17072
1901.1 7055 17121
1285.53 5831 13546
1220.48 5988 13546
1214.05 6121 13546
1309.53 5830 13546
1270.03 5892 13546
1277.83 5845 13546
1250.78 5918 13546
1275.08 5851 13546
1746.45 7258 14603
1831.5 7036 14603
1311.97 7458 15993
1296.15 7881 16242
1306.42 7738 16605
1315.67 7539 16445
381 589 985
254 243 734
442 765 1609
399 578 985
574 911 1819
254 208 0
543 992 1819
541 1032 1819
210 263 892
210 222 0
453 739 1609
560.5 944 1819
516.5 1080 1819
728.767 2602 5866
693.067 2360 5295
803.617 2289 5231
1198.83 2406 6289
620.3 2824 7070
568.217 3023 7070
583.317 2763 6819
577.917 2841 7070
538.017 3024 7070
726.683 2809 7070
622.967 2815 7070
3055.1 4674 10311
1520.25 5470 13546
1302.83 5678 13186
1307.83 5724 13237
1452.08 5568 13546
1315.63 5604 12812
1366.03 5645 13546
1314.03 5690 13546
1315.43 5682 13546
1319.58 5650 13546
1315.23 5683 13546
1726.52 5312 11117
2729.28 5318 13546
1959.18 4695 10311
1900.48 5359 13546
1771.67 5461 13546
1784.22 5380 13546
962 1038 2255
464.333 1336 2185
897.267 1506 2229
1118 1226 3307
694.167 1586 3889
583.55 1714 4570
522.783 1769 4570
517 2007 4570
568.25 1762 4570
631.25 1694 4570
647.65 1693 4570
607.05 1706 4570
811.067 3278 8796
825.717 3498 9174
840.417 3384 9174
830.417 3444 9174
832.667 3177 8865
810.9 3297 8713
817.667 3539 9174
859.417 3168 9174
844.067 3151 8196
840.667 3279 9174
797.467 3594 9174


1855.37 5698 16977
1805.37 5746 16977
1825.37 5699 16977
1513.22 5953 16977
1531.15 5905 16977
1402.37 5973 16977
1350.92 6122 16977
1332.17 5996 16459
1330.97 6214 16459
1346.67 6127 16977
1368.9 6013 16977
1699.35 5866 16977
1648.77 5877 16977
1661.85 5867 16977
1734.18 5807 16977
1746.08 5768 16977
1488.57 5806 16568
1497.87 5805 16568
1517.8 5785 16568
1791.4 5364 16568
1835.5 5287 16568
1827 5316 16568
1611.95 5210 16308
1505.88 5269 16308
1615.53 5154 16308
1795 5052 16308
1633.92 5101 16308
1831.7 5296 16568
1866.25 5012 16308
1753.95 5057 16308
1650.63 5087 16308
2585.3 5682 16977
1549.08 5491 16568
1601.32 5437 16568
1552.73 5445 16568
1533.85 5630 16568
1523.47 5673 16568
1519.67 5674 16568
1824.02 4997 15582
1845.22 4983 15315
1875.57 5001 15643
1476.75 5763 15943
1737.1 5041 15833
1497.75 5192 15833
1465.17 5216 15833
1234.58 6372 15072
1270.98 6516 16050
1282.18 6393 16050
1190.13 6766 15072
1256.18 6562 16050
1204.93 6598 15072
1206.78 6572 15072
1317.25 6287 16050
1285.58 6280 15072
1183.23 6801 15072
1196.93 6689 15072
1320.62 6304 16459
1313.42 6335 16459
1320.63 7230 16977
1311.98 7889 16977
2078.1 7352 17390
1863.33 7597 17390
1338.12 6198 16977
1327.92 6272 16977
1908.47 7592 17390
1856.52 7623 17390
1850.92 7634 17390
1759.77 7921 17390
1707.5 7922 17390
1646.68 7992 17390
1839.02 7708 17390
1809.32 7736 17390
1833.82 7709 17390
1839.98 7706 17390
1772.5 7789 17390
1842.92 7635 17390
394.283 1430 3763
377.283 1449 3763
366.367 1476 3763
369.333 2068 5168
360.283 2285 5168
367.533 2136 5168
404.533 1566 5168
398.133 1669 5168
369.983 1986 5168
373.333 1788 5168
357.333 1760 4235
365.317 1583 4190
493.867 1400 4342
373.533 1455 4457
210 263 892
210 222 0
268 253 378
335.533 1097 1868
374.933 1320 1991
346.333 1398 1991
391.333 1301 1991
1302.33 1342 2764
1157 1310 2542
423.2 1381 3364
622 1365 2606
410.667 879 1804
289 1142 1410
396.667 965 1547
622 646 2199
412 514 1356
344.867 1000 1868
515 576 1821
1422.8 5459 9709
1326.2 5254 9674
1327.53 5052 9674
1432.22 5477 10295
2299.08 4655 10208
3070.17 4381 9984
1229.27 3612 7919
1502.4 3104 8272
1435.73 3175 8272
1516.8 3090 8272
1970.33 3052 8272
1527.27 3053 8272
1526.67 3073 8272
2398.33 2954 8272
1447.4 3112 8272
946.25 3119 6897
1147.28 3807 9284
1126.97 3816 9284
897.433 3970 9284
1152.68 3759 9284
1048.23 3922 9284
1172.68 3641 9284
1094.68 3912 9284
1121.28 3828 9284
1147.63 3788 9284


1230.75 6629 14882
1212.53 6701 14882
1189.83 6774 14882
1189.23 6839 14882
1196.58 6718 14882
1215.55 6690 14882
1217.15 6630 14882
1177.73 6902 14882
1710.32 6066 15264
1505.85 6200 14882
1591.6 6085 14882
1562.35 6127 14882
1690.53 6035 14882
1471.15 6216 14882
1510.73 6198 14882
1632.62 6212 15264
1671.3 6169 15264
1409.37 6245 15782
1283.68 6423 15782
1336.32 6327 15782
1347.1 6263 14882
1272.73 6566 14882
1373.35 6241 14882
1432.75 6238 14882
1437.25 6224 14882
1232.18 6605 14882
1185.35 6491 14346
1240.15 6573 14882
1311.13 6416 14882
2349.25 5754 15671
2177.45 5785 15671
2190.9 5774 15671
2240.25 5763 15671
1997.68 5804 15671
1774.7 6234 15782
1769.32 6002 15264
1699.02 6162 15264
1643.03 6203 15264
1702.82 6148 15264
1930.85 5835 15671
1719.28 6051 15264
1599.22 5919 14366
1717.12 6065 15264
1654.42 6181 15264
2240.3 5878 16296
2160.5 5887 16296
1920.85 5897 16296
1883.52 5919 16296
2296.57 5864 16296
1945.77 6254 16814
1973.9 6241 16814
1362.43 6374 16382
1352.73 6415 16382
1432.5 6243 16545
2097.1 6008 16814
2028.9 6017 16814
2014.82 6114 16814
1987.1 6138 16814
1430.5 6374 17445
1310.18 6518 17161
1281.43 6657 16697
1299.63 6854 17597
1403.58 6611 17597
1371.98 6629 17597
1307.63 6705 17597
1295.88 6926 17597
1331.83 6689 17597
1296.83 6899 17597
1420.83 6546 17597
1420.7 6494 17445
1227.43 6998 17304
1265.63 6928 17304
1260.68 6969 17304
1282.43 6904 17304
1932.37 6807 17998
1406.63 6828 17998
1353.47 6925 17998
1223.63 7093 17998
1271.63 6961 17998
1194.23 7234 17998
1228.43 6998 17998
1209.63 7095 17998
2307.13 6265 17998
2217.77 6313 17998
2196.53 6363 17998
2278.37 6281 17998
1933.95 6608 17998
2023.68 6528 17998
2041.48 6122 17597
2018.65 6169 17597
1996.68 6385 17597
1770.07 6441 17597
1509.4 6257 17445
2076.03 6420 17998
2125.83 6413 17998
2029.4 6473 17998
2176.25 6369 17998
2143.75 6376 17998
246 298 0
218 386 0
750 806 1293
768 747 1026
432.667 892 1301
303.333 912 1301
448.667 891 1301
283.267 1348 2611
392.917 1130 2732
376.667 939 2296
397.667 1032 2732
246 343 742
218 406 861
639.5 834 1803
548.333 868 1803
857 883 2056
946 870 2056
729.7 3847 8792
712.65 3912 8792
797.05 3784 8792
790.383 3731 8383
808.05 3696 8792
790.45 3790 8792
772.6 3806 8792
763.6 3735 8009
1184.88 3342 8792
1024.13 3507 8792
963.8 3518 8792
1198.25 3322 8792
1049.15 3462 8792
1078.65 3374 8792
1127 3370 8792
931.4 3555 8792
912.983 3607 8792
665.767 1570 3709
814.333 1915 3964
850.967 2642 6355
749.25 2864 6355
746.817 2969 6355
769 2668 6355
846.233 2657 6355
825.717 2662 6355
858.467 2641 6355
869.717 2618 6355
949.067 2591 6355
1190.73 2533 6355
1010.43 2589 6355
1033.2 2573 4705
965 2222 4660
1211.5 2314 5723
1236.33 2213 5723
1078 2429 5723
1200.5 2318 5723
2158.97 5415 11641
1622.57 5820 11641
2120.98 5442 11641
1707.7 5496 11641
1326.8 4956 10057
1358.33 4765 10057
1953.65 4021 10430
1631.7 5059 11142
2099.15 4855 11142
1626.63 5094 11142
1759.75 4934 11142
1869.77 4874 11142
1344.32 5118 11142


1286.48 7776 18920
1256.08 7795 18920
1274.25 7790 18920
1247.68 8158 19356
1254.48 8093 19356
1248.68 8126 19356
1253.48 8125 19356
1291.58 7724 19356
1287.78 7793 19356
1254.68 7962 19356
1281.78 7846 19356
1258.08 7900 19356
1283.73 7824 19356
1267.08 7898 19356
1252.28 7864 18920
2527.45 6151 17961
2571.98 6150 17961
2513.85 6174 17961
2088.63 6520 18853
2161.88 6495 18853
2175.13 6491 18853
2086.13 6545 18853
2099.97 6512 18853
1950.42 6564 18853
1813.32 6641 18853
1939.28 6622 18853
1912.95 6626 18853
1753.78 6443 17961
1947.32 6276 17961
1855.8 6366 17961
1759.52 6380 17961
1748.8 6623 18417
1736.08 6713 18452
1695.35 6574 17953
2006.9 6198 17961
2288.02 6679 19714
2211.37 6783 19714
2653.77 6675 19714
1416.2 7067 18814
1335.58 7100 18931
1792.8 6825 18853
1312.18 7182 18931
1419.65 7052 18931
1458.65 7048 18931
1738.1 6836 18853
1788.8 6829 18853
1568.3 6970 18931
1406.35 7081 18931
1801.08 6821 18853
1721.25 6909 18853
1669.5 6947 18931
2032.95 7046 19714
2041.55 7009 19714
1977.02 7053 19714
2078.98 6919 19714
2041.5 7028 19714
2128.72 6892 19714
1512.9 7103 19714
1626.57 7078 19714
1318.55 7125 19414
1386.17 7109 19714
1374.53 7173 19714
1299.4 7193 19714
218 336 0
225.333 206 0
926 1071 1361
952 1058 1361
1081 928 1361
966 956 1361
368 475 993
218 377 884
282.333 569 993
278.333 598 993
359 548 993
357.5 552 993
369.667 1079 1270
591 956 1270
384.333 975 1270
379 1059 1270
476 314 567
225.333 243 553
808 898 1222
910 831 1169
737 928 1222
653.75 2626 5393
1883 2150 5150
1221.33 2519 7103
1114.58 2534 7103
908 2681 7103
1096.9 2669 7103
1207.17 2520 7103
1245.83 2457 7103
1279.17 2399 6478
1206.83 2408 6843
1171.33 2498 6252
1383.43 3491 8997
1205.48 3708 8918
2436.58 3932 9013
2288.17 3949 9013
1511 4035 9013
2604.1 4537 9722
2502.6 4691 9722
1650.53 4737 10877
1222.45 5078 10877
1308.68 4756 10877
1643.13 4738 10877
1572.63 4748 10877
377.8 1105 2918
334.05 1557 2836
529.833 2068 3292
412.633 1641 3284
747.833 1878 4418
806.167 1803 4418
925.833 1647 4418
855.167 1722 4418
749.833 1812 4418
679.167 1952 4418
728 1923 4418
665.75 2032 4418
813.833 1748 4418
956 1276 3249
725.167 2208 4768
691.833 2295 4768
961.167 1945 4768
839.5 2030 4768
962.833 1934 4768
746 2164 4768
844.167 2028 4768
731.833 2188 4768
751.833 2061 4768
903.333 2001 4768


1469.18 8243 17908
1459.98 8284 17908
1491.58 8177 17908
1435.98 8384 17908
1442.98 8290 17908
1491.58 8162 17908
1440.18 8312 17908
1470.18 8217 17908
1677.2 7085 17908
1683.2 7062 17908
1687 7041 17908
1690.8 6994 17908
1691.53 6886 17908
1920.83 6549 17908
1613.97 7105 17908
1902.03 6535 17398
1865.03 6605 17398
1522.83 8113 17908
1545.23 8064 17908
1569.23 8042 17908
1531.28 8071 17908
3405.43 6483 14188
1518.52 7254 17088
1504.72 7338 17088
1514.12 7278 17088
1574.57 6764 17088
1552.72 6779 17088
1540.47 6804 17088
1523.52 7070 17088
1521.77 7139 17088
1531.47 7028 17088
1533.42 7023 17088
1522.52 7084 17088
1687.9 6965 17341
1678.6 7018 17398
1650 6891 17223
1688.6 6842 17657
1764.22 6631 17908
1536.47 6905 17088
1533.52 6954 17088
1495.92 6843 16188
1839.22 6590 17057
1556.88 6729 16535
1522.72 6731 16578
1545.08 6678 16512
637 782 1863
206.333 708 1862
555 584 1577
162.083 389 0
368 475 993
168.333 534 1502
331 507 1186
225.333 206 0
225.333 243 553
210 263 892
210 222 0
904.933 2711 8081
850.4 2761 8081
898.333 2753 8081
948.333 2693 8081
825.4 2843 8081
972.733 2644 8081
924.933 2873 8884
921.733 2882 8884
946.8 2825 8884
928.733 2853 8884
956.4 2803 8884
901.233 3119 9081
897.7 3121 9081
832 3004 8884
870.4 2923 8884
978 3010 8902
916.6 3077 8902
1127 3108 9973
956.2 3243 9973
886.933 3351 9973
1135 3053 9973
1068.5 3130 9973
878.6 3250 9595
1185.67 3013 9973
964.667 3186 9973
1069 3064 9613
1049.4 3115 9595
1042 2906 9262
1296.25 2828 9262
1097 2987 9379
1589.33 2966 9457
1119.2 2932 9420
993.4 2978 9262
2506.25 5446 11531
2739.23 5358 11020
2125.38 5881 12161
1517.05 5935 12161
2164.38 5869 12161
2943.9 5177 11268
2459.58 5594 11531
2862.25 5344 11531
2860.35 5193 11268
1914.13 5537 10045
626.2 1298 2695
543.8 1671 2652
1298 1353 3022
473.067 1778 3666
433.867 1849 3666
879.533 1691 3666
627.3 1702 3666
524.467 1706 3666
433.617 2059 3666
441.567 1779 3666
495.733 1708 3666
483.067 1728 3666
478.867 1761 3666
1509.33 2150 4660
770.333 3016 6540
751.25 3043 4929
801.817 2597 5083
1139.67 2353 6090
791.033 2241 4682
845.133 2438 4911


1976.78 5596 15432
1482.83 5671 15432
1403.15 5674 15432
1650.55 5599 15432
1074.98 7079 15432
1055.4 7180 15432
1037.2 7208 15432
1076.98 7059 15432
1056.6 7084 15432
1209 6435 15432
1105.1 6760 15432
1109.45 6674 15432
1106.25 6715 15432
1077.25 6948 15432
1083.9 6847 15432
1167.5 6603 15432
1170.8 6558 15432
1168.2 6564 15432
1161.1 6620 15432
1177.4 6520 15432
1135.1 6658 15432
1144.55 6646 15432
1219.78 6323 14454
1211.18 6358 14454
1226.58 6289 14454
1217.98 6324 14454
1473.05 5753 16080
1352.9 5810 16080
1375.4 5780 16080
1344.3 5825 16080
1286.7 5680 15899
1226.7 5999 15644
1515.58 5637 15432
1933.45 5597 15432
1293.85 6033 16080
1337.15 5912 16080
1285.25 6048 16080
1312.35 5927 16080
3012.83 5561 15432
1274.77 6252 16918
1380.17 5883 16466
1332.62 5953 16941
3209.88 5904 16941
1279.57 6211 17652
1287.17 6075 17652
1279.13 6239 17652
1269.37 6266 17652
1272.57 6263 17652
1349.07 6065 17652
1285.57 6203 17652
1257.77 6278 17652
1215.72 6840 17652
1257.37 6597 17652
1247.97 6617 17652
1239.37 6715 17652
1238.17 6716 17652
1242.72 6707 17652
1230.12 6778 17652
1222.32 6786 17652
1234.12 6759 17652
1211.17 6433 17216
1211.52 6584 17292
1370.43 5940 16466
1583.78 5917 16941
1321.42 5990 16941
1492.48 5932 16976
1332.42 5973 16941
1415.35 5865 16466
1251.77 6056 16659
254 243 734
210 263 892
210 222 0
254 208 0
436.867 1284 2253
567.55 1234 2253
686.5 1202 2253
408.25 1350 2253
419.867 1311 2253
538.333 759 1321
643 842 1472
273.25 948 1321
378.5 909 1321
921.5 994 2053
921 1101 2112
897 1111 2112
772 1169 2112
873 1121 2112
1014 1042 2112
945 1091 2112
363 541 1143
284 475 933
254.333 569 933
711 681 1932
680 706 1932
405.867 1021 1817
1481.93 5139 8683
1493.22 4958 8683
978.383 3828 7394
947.133 4129 7394
2050.18 3804 8222
1931.18 3885 8222
1161.42 4332 8222
1452.45 3589 8081
1439.78 3652 8081
1384.47 3846 8081
1421.78 3774 8081
1432.28 3744 8081
1314.08 4027 8222
1260.75 4160 8222
1416.33 3965 8222
713.5 1412 3703
972.5 1202 2783
436.8 1765 4588
359.9 1778 4588
463.467 1714 4588
476.05 1629 4588
461.55 1764 4588
1670.68 4538 9888
1155.55 5440 14117
1154.03 5481 14117
1141.55 5492 14117
1004.85 6064 14117
1099.62 5846 14117
1064.6 5877 14117
1109.77 5630 14117
1133.35 5604 14117
1031.95 5937 14117
1051.7 5908 14117
1021.05 5979 14117
1041.65 5925 14117
1022.25 5959 14117
1137.35 5567 14117
2746 4441 10240
1675.88 5037 14117
2601.57 4825 14117
2909.78 4801 14117
2643.07 4802 14117
1924.22 4943 14117
2157.9 4826 14117
1688.03 4952 14117
2019.33 4505 10129
1171.15 5297 13857
1186.35 5347 14117
1178.03 5365 14117
1172.35 5402 14117
1140.35 5390 13857
1386.67 5210 14117
1257.82 5286 14117
1297.6 5245 14117
1229.45 5307 14117
1196.15 5158 13817
1203.15 5309 14117
718.967 3111 4994
1251 2011 5566
918.3 2437 5997
897.3 2453 5997
928.8 2426 5997
934.9 2376 5997
804.1 2474 5997
757.3 2285 5461
942.3 2347 5997
934.3 2417 5997
795.033 3545 5816
801.6 2689 7023


1505.33 7243 16396
1645.57 6968 16396
1477.9 7314 16396
1509.48 7045 16396
1928.28 6967 16396
2253.53 6935 16396
2724.27 6898 16396
2109.25 6961 16396
3270.97 6895 16396
1096.5 7646 15883
1100.75 7645 15883
1177.4 7267 15883
1160.57 7268 15883
1183.05 7234 15883
1215.55 7102 15883
1106.9 7438 15883
1147.2 7389 15883
1133.35 7420 15883
1198.77 7184 15883
1433.15 7235 16248
1449.82 7162 16248
1426.97 7406 16248
1580.82 7027 16396
1398.8 7565 16248
1508.33 7235 16396
1446.38 7325 16396
1501.68 7278 16396
1496.93 7308 16396
1453.37 7032 16248
1639.23 7016 16396
1749.65 6709 16248
1746.65 6713 16248
1540.17 6789 16248
1508.12 6820 16248
1571.93 6784 16248
1229.45 6415 15883
1627.22 6727 16248
1243.15 6368 15883
1222.97 6507 15883
2294.15 7246 16857
2255.57 7268 16857
2160.4 7343 16857
2130.1 7362 16857
2162.3 7291 16857
2320.4 7159 16857
1922.45 7699 16857
1922.53 7538 16857
2016.85 7485 16857
2085.7 7469 16857
1768.37 7978 16857
1839.77 7812 16857
1370.52 7893 16248
1386.72 7877 16248
1394.2 7661 16248
1392.15 7680 16248
1436.48 7414 16396
1408.98 7490 16396
1902.92 5542 15883
1944.52 5540 15883
1814.68 5589 15883
2007.17 5523 15883
1996.37 5532 15883
2622.83 5483 15883
1912.08 5386 15465
1876.15 5423 15465
2648.45 5385 15465
2611.18 5522 15883
3121.97 5359 15465
2842.05 5369 15465
1821.28 6534 16248
1628 5856 15883
1691.18 5523 15465
1781.65 5488 15465
1784.08 5433 15465
1707.78 5637 15883
1268.8 6221 15456
1285.2 6154 15883
1312.5 6140 15883
1254.2 6234 15883
210 222 0
210 263 892
416 657 919
531 525 1145
718 644 1704
569 775 1704
587 674 1704
477 755 1437
549.5 900 1842
629.5 868 1842
646.5 835 1842
335.8 883 1756
340.4 973 2048
337.4 1047 2048
463.5 953 2048
356.6 959 2048
729.95 2370 4973
889.683 2391 7280
713.317 2448 7280
664.733 2686 7280
889.683 2411 7280
616.683 2759 7280
687.133 2647 7280
646.8 2714 7280
832.65 2412 7280
1062.83 2282 7280
581.083 2587 6655
596.733 2372 6655
1360.63 5031 10309
776.483 2985 9409
719.933 3051 9409
709.233 3055 9409
672.683 3131 9409
739.483 3032 9409
849.233 2864 9409
789.983 2924 9409
770.283 3001 9409
699.283 3075 9409
751.233 3013 9409
1543.08 3776 10112
1046.8 3981 10112
1056.15 3821 10112
1244.43 3796 10112
1569.75 3775 10112
1607.9 3761 10112
1642.92 3733 10112
1680.93 3708 10112
1876.7 3692 10112
841 861 2635
623.5 1317 2556
592.167 1865 4697
583.733 1950 4697
551.633 1960 4697
586.333 1949 4697
727.367 1806 4697
716.167 1864 4697
1014 1750 4697
457.083 2156 3499
437.1 2176 3499
541.417 1920 4270
543.917 1710 4012
545.583 1780 4270
566.5 1721 4052
594.5 1674 4270
1082 1357 3235
1130.5 1378 3323
1447 1617 3843
1388.57 4993 11397


1996.93 6175 19177
2006.93 6171 19177
2024.93 6166 19177
1888.9 6213 19177
1794.2 6214 19177
1892.52 6176 19177
1623.38 6606 18741
1293.55 7196 18741
1295.9 7174 18741
1289.75 7242 18741
1299.5 7122 18741
1283.95 7264 18741
1662.17 6814 18776
1475.02 6731 18741
1473.22 6768 18741
1414 6792 18741
1440.92 6782 18741
1305.95 6830 18741
1590.47 6718 18741
1679.27 6720 19177
1686.97 6704 19177
1738.75 6252 19177
1731.3 6363 19177
1729.55 6443 19177
1727.6 6103 18891
1667.17 6826 19177
1658.47 6910 19177
1544.13 7191 20329
1835.9 6811 20163
1745.57 6862 20163
1936.95 6801 20163
1972.2 6777 20163
1750.17 6893 20280
1937.45 6790 20163
2096.2 6730 20163
2049.87 6743 20163
1963.05 6786 20163
2637.33 6701 20839
2402.47 6736 20839
2305.2 6741 20839
2655.73 6684 20839
2640.13 6696 20839
1578.88 7081 20839
1613.63 6942 20839
1561.88 7140 20839
1599.83 7057 20839
1533.13 7252 20839
1548.78 7179 20839
1451.53 7254 20839
1428.13 7530 20839
1800.93 6940 20839
1805.68 6877 20839
1837.88 6827 20839
2055.8 6764 20839
2050 6773 20839
1833.13 6872 20839
360 218 0
871 1331 2669
1020 1318 2938
523 1447 2938
1010 1328 2938
560 1362 2938
1186.33 1295 2938
1004 1221 2669
1020 1181 2669
538.333 1086 2334
1038 1166 2669
1154 1090 2669
593.333 833 2164
330.667 896 2164
1090 936 2334
636.333 992 2334
530.667 1255 2334
487 515 1321
225.333 243 553
260 357 627
480 341 694
246.333 500 627
1025.75 3645 8525
959.95 3544 8335
1003.35 3656 8525
954.9 3803 8525
1234.27 5386 9491
1259.93 5213 9491
1229.62 5447 9491
1239.98 5232 9491
1235.67 5383 9491
1237.35 5233 9491
1270.6 5172 9491
1135.77 5497 9491
1258.13 5227 9491
1009.2 3661 8867
952.383 3909 9328
962.7 3853 9328
965.333 3849 9328
912.883 3962 9328
1040.6 3570 9328
1027.7 3642 9328
1036.1 3632 9328
1152.67 3548 9328
1021.45 3725 9328
1022.55 3678 9328
1008.9 3818 9328
1021.05 3793 9328
1020.95 3796 9328
1003.45 3833 9328
983.95 3696 8950
1471.2 5132 9491
1374.77 5162 9491
1575.32 5037 9491
416.333 1775 5601
405.267 2119 5601
378.467 2235 5601
381.867 2173 5601
405.6 1802 5601
486.033 1700 5601
926.967 2687 6281
371.367 2138 4916
384.467 2104 5140
442.417 1637 5085
373.533 1754 4916
405.933 1709 5140
1711.6 5926 9882
1816.62 5904 10683
2866.67 5352 12258
1918.22 4641 11381


1400.77 8132 18417
1409.42 8086 18417
1411.87 8071 18417
1398.02 8173 18417
1436.27 7852 18417
1462.73 7706 18417
1462.93 7682 18417
1453.53 7723 18417
1763.18 7525 18417
1815.47 7419 18417
1826.75 7294 18417
1849.4 7286 18417
1854.15 7240 18417
1926.82 7239 18417
2192.68 7032 18417
2211.23 7004 18417
2240.23 6984 18417
2332.3 6955 18417
2315.1 6973 18417
1413.87 7955 18417
1430.07 7943 18417
1471.03 7518 18108
1496.13 7556 18417
1476.33 7577 18417
1465.07 7585 18417
1517.03 7550 18417
1620.5 7531 18417
1498.53 7552 18417
1430.87 7880 18417
1385.82 7933 17790
1416.27 7761 18039
1384.87 7730 17683
1380.28 8220 17942
1367.67 8391 18417
1442.27 7618 17881
1471 7461 17772
1383.22 8248 18417
1827.32 7200 18039
1856.97 7181 18039
2626.9 6258 16286
1862.85 6472 16286
1883.77 6442 16286
2421.77 6278 16286
2509.9 6265 16286
1955.3 6358 16286
1817.43 6477 16286
2209.3 6351 16286
1918.6 6872 17147
1938.98 6815 17147
1951.63 6762 17147
1939.85 6800 17147
1979.32 6701 17147
2895.8 6465 17147
2903.27 6446 17147
3499.73 6201 16286
2398.98 6466 17147
2358.78 6501 17147
2010.52 6687 17147
2115.08 6519 17147
2027.22 6597 17147
2137.78 7049 18039
1997.13 7098 18039
2323.9 6962 18417
2436.97 6909 18417
3024.82 6828 18417
2028.85 7199 18417
2055.12 7071 18417
2139.58 6982 18039
220 272 0
374 242 0
394.3 1294 4099
463.6 1228 4099
497.333 1184 4099
497.333 1185 4099
353.8 1098 3357
481.6 947 3357
477.333 1054 3357
323.25 721 1846
330.417 668 1846
386.917 1075 2536
409.417 1037 2536
826 844 2907
220 294 409
374 274 645
284.333 417 645
360.667 396 645
264.333 474 645
486.5 781 2281
461 787 2281
356.417 919 2158
737.133 2108 5304
933.667 2061 5513
1420.32 2768 7407
645.817 3020 7407
684.233 3012 7407
726.567 2966 7407
858.65 3227 8189
888.983 3091 8189
867.65 3141 8189
862.767 3211 8189
845.05 3090 7889
722.767 3399 8189
672.933 3437 8189
640.483 3520 8189
607.033 3602 8189
765.167 3369 8189
798.467 3299 8189
800.6 3259 8189
758.483 2834 7407
733.933 2882 7407
1885.87 3687 9598
1417.98 5239 11301
1773.6 4894 10902
1521.18 5154 11301
1447.35 5222 11301
1840.27 4757 10902
2275.72 4923 11336
1723.07 5075 11336
2140.92 4937 11336
1864.72 4990 11336
2350.32 4703 11336
2301.87 4838 11336
1782.02 4221 10670
1199.93 4361 10670


210 222 0
225.333 206 0
333.133 935 2257
394.333 790 2257
360 909 2257
210 263 892
406 358 900
292.417 521 900
282.067 621 900
225.333 243 553
313.933 851 1690
316.333 857 1971
366.333 712 1971
292 528 1404
621 580 1418
309.733 836 1406
355.333 691 1406
1677.87 7782 16617
1673.07 7867 16617
1673.67 7832 16617
1669.23 7868 16617
1693.95 7594 16617
1689.42 7764 16617
1540.42 8057 16617
1570.42 7940 16617
1542.62 7977 16617
1560.62 7964 16617
1572.42 7911 16617
1484.42 7994 15639
1537.62 7967 15639
1756.18 7154 16617
1723.68 7264 16617
1976.77 6277 15988
1882.8 6390 15988
2308.85 6108 15988
2265.45 6238 15988
1945.67 6301 15988
1983.73 6258 15988
2189.5 6256 15988
2292.58 6204 15988
1800.72 7038 16617
1863.92 6835 16617
1831.92 6900 16617
2162 6452 16617
2154.55 6453 16617
2102.75 6498 16617
2031.17 6572 16617
1821.27 6805 15988
1904.68 6675 16617
1881.53 6747 16617
1959.92 6623 16617
1994.32 6594 16617
1889 6691 16617
2070.67 6523 16216
1914.5 2496 5704
737.517 2848 7670
704.117 2701 6985
708.317 2894 7670
744.867 2697 7670
687.05 2979 7670
755.733 3742 8102
790.333 3478 8102
757.933 3589 8102
803.35 3393 8102
744.95 3864 8102
724.733 3889 8102
856.883 3304 8102
904.283 3231 8102
1050.83 3149 7810
908.083 3162 8102
875.883 3255 8102
1712.22 5298 9418
2012.23 4690 9116
2201.65 4546 9524
1170.52 5470 13304
1175.08 5315 13765
1912.2 5271 13765
1834.13 5292 13765
2055.35 4668 9524
422.683 1295 2955
980.667 1724 4412
842 1279 2970
405.133 1359 3111
593.267 2379 4091
710.65 2146 4460
699.25 2165 4460
687.55 2284 4460
714.1 2098 4460
696.3 2176 4460
660.45 2133 4059


2399.53 6703 18945
2331.9 6744 18945
2253.92 6748 18945
2589.25 6667 18945
2716.68 6648 18945
2435.97 6684 18945
2721.28 6625 18945
2768.48 6618 18945
1780.93 7378 18945
1981.75 6905 18945
1958.82 6924 18945
1763.5 7237 18300
2122.62 6808 18945
2079.78 6846 18945
2077.02 6875 18945
2221.97 6771 18945
2114 6821 18945
1869.75 6933 18945
1859.9 6970 18945
1804.38 7123 18945
1528.9 8625 18945
1546.35 8426 18945
1531.95 8460 18945
1486.2 8863 18945
1547.95 8293 18945
1487.8 8688 18945
1471.4 8944 18945
1480.4 8875 18945
1505 8687 18945
1532.95 8449 18945
1475.4 8924 18945
1478.2 8897 18945
1648.6 8153 18945
1668.4 8109 18945
1626.1 8173 18945
1554.55 8205 18945
1784.68 7373 18945
1740.22 6199 17359
1748.25 6176 17359
2003 5913 17359
1940.47 5914 17359
1845.2 5828 16539
1749.7 5898 16539
1806.57 5877 16539
1815.72 5997 17359
1794.58 6048 17359
1819.13 5954 17359
1851.83 5922 17359
1997.28 5781 16539
2041.1 5764 16539
1997.5 5765 16539
1901.78 6931 18945
1724.48 7480 18945
1799.88 7273 18945
1779.63 7435 18945
1272.05 7518 17359
1278.52 7362 17359
1391.98 6812 17359
1366.77 6959 17359
1370.38 6881 17359
1352.82 7029 17359
1824.58 7022 18300
2082.5 6810 18203
1793.82 7058 18300
1746.1 7314 18300
2315.95 6708 18162
1317.67 7152 17359
1352.52 7112 17359
1302.07 7262 17359
1580.15 6661 17359
1434.47 6700 17359
1397.78 6811 17359
1661.58 6480 17359
1587.92 6520 17359
1651.32 6501 17359
1522.42 6421 16539
1423.87 6768 16732
1304.58 7191 16674
1640.08 6519 17359
354.367 824 1184
364.5 738 1184
525 537 1336
475.333 665 1336
480 341 694
368 475 993
282.333 569 993
357.5 552 993
278.333 598 993
359 548 993
218 406 861
715 793 1731
424.667 1017 1720
533 937 2139
526.333 1068 2139
661 918 2139
260 357 627
225.333 206 0
225.333 243 553
811.333 3431 9186
830.4 3425 8513
785.4 3393 8468
914.583 3271 8821
787.883 3761 9186
695.333 2805 6093
793.867 3635 9446
792.2 3686 9446
813.4 3442 9446
1030 3205 9446
831.133 3299 9446
790.067 3905 9446
830 1165 2288
1268 1324 2348
667.667 1458 2413
1331 1349 2419
1634.33 2793 4346
1671 2298 4823
1877 2033 4823
1743 2224 4823
1758 2175 4823
1806 2123 4823
1660 2399 4823
1719 2279 4823
1709 1670 3515
693 1912 4127
564.133 2026 4277
527.4 2284 4277
537.267 2155 4277
724.6 1998 4277
632.6 1945 2886
651.267 1547 3428
1558.15 5223 9684
1854.72 5310 10694
1734.53 5667 10954
2345.67 5143 9702
2653.52 5322 11883
2876.15 5303 11883


