2994.92 10229 30670
2664.82 9831 30407
2657.2 9795 30142
2000.03 9667 30117
3045.8 9281 29854
1794.93 9759 29813
2241.57 9427 29788
2216.95 9178 29558
1930.68 9320 29525
1840.42 9314 29408
1697.07 9489 29342
3218.03 9119 29229
1975.05 9146 29219
3337.95 9072 29153
1760.95 9204 28923
2298.97 9058 28892
1602.15 9282 28845
2257.52 8966 28713
1857.72 9153 28588
1966.98 9043 28465
3192.72 8867 28442
2103.03 8751 28399
1684.57 8745 28341
2461.23 8585 27961
1723.67 8567 27852
2418.57 8437 27766
2408.1 8510 27507
2534.25 8359 27495
1914.17 8365 27460
2331.05 8359 27328
2479.75 8297 27277
2140.8 8244 27158
2726.5 8110 27135
1504.43 8089 27057
1887.17 8016 27037
1615.37 8082 26870
2073.5 7992 26677
1837.82 7812 26622
1691.37 7865 26607
1324.98 8107 26576
1601.4 8079 26414
2878.37 7770 26396
1572.38 7949 26355
2153.37 7488 26338
1374.35 7893 26270
1186.97 7676 26254
1622.98 7448 26184
1491.35 7572 26067
1431.3 7593 25857
1744.6 7405 25695
1842.7 7197 25434
1675.1 7440 25411
1414.82 7359 25393
1317.82 7425 25360
1788.4 7235 25257
1303.7 7349 25249
1588.75 7192 25099
1849.85 7110 25097
1573.42 7316 25017
1549.2 7076 24805
1376.82 7198 24789
1457.58 6972 24659
1127.2 6949 24493
1997.5 6846 24281
1735.93 6630 24213
1020.25 6908 24096
1411.73 6899 24055
1673.83 6730 23913
1299.1 6664 23796
2611.6 6439 23726
2103.93 6417 23617
1698.9 6568 23615
1582.55 6614 23500
1376.18 6550 23352
1058.68 6693 23235
1261.1 6454 23192
2357.6 6350 23153
843.75 6363 23130
1446 6340 23122
1598.43 6247 22754
1682.67 6035 22566
1297.53 6279 22558
1722.15 6010 22557
2170.42 5970 22425
1502.42 6262 22384
1012.35 5998 22316
1009.2 6100 22314
1213.32 5992 22006
1130.1 5810 21852
962.5 5646 21829
898.917 5841 21712
883.517 5994 21560
894.283 5622 21108
1406.25 5520 20733
1188.6 5391 20627
1148.2 5492 20483
876.75 5580 20434
733.183 5358 20288
876.667 5286 20144
1490.6 5188 19910
922.55 5207 19879
817.733 5344 19713
820.483 5316 19614
1071.75 4988 19432
771.7 5019 19291
860.8 4889 18776
774.2 4901 18653
739.567 4952 18422
909.867 4860 18321
831.15 4823 18119
1037.95 4677 18031
810.233 4862 17913
743.517 4941 17860
701.85 4757 17823
1464.67 4662 17774
912.5 4630 17700
781.8 4742 17657
1116.92 4609 17608
638.5 4513 17374
950.533 4501 17176
620.65 4653 17009
1592 4365 16776
754.15 4386 16718
691.25 4289 16520
1256.77 4192 16345
640.217 4407 16261
609.283 4349 16233
697.617 4259 16204
626.6 4160 15895
686.333 4158 15597
1340.08 4093 15336
883.25 4117 15312
797.9 4119 15310
1069.97 3945 15187
939.233 4059 15181
638.783 4052 14957
607.317 3963 14925
1085.5 3918 14892
648.933 3889 14785
515.817 3929 14601
584.9 3770 14518
1049.83 3765 14071
556.867 3678 14029
978.8 3649 13654
925.017 3518 13389
699.25 3521 13370
800.8 3448 13165
867.417 3405 13114
680 3595 12875
711.467 3415 12857
640.45 3455 12816
602.167 3472 12673
575.083 3285 12420
531.417 3335 12417
545.433 3274 12170
598.833 3263 12068
653.467 3142 12000
771.3 3118 11992
766.733 3028 11702
431.967 3223 11621
682.983 3021 11619
525.65 3075 11552
431.583 3146 11512
573.333 3057 11480
615.75 3050 11397
576.583 3045 11289
469.817 3088 11255
527.617 3026 11229
561.583 2990 11170
815.333 2922 10963
779.25 2895 10871
604.767 2897 10746
714.917 2826 10592
521.433 2913 10535
421.85 2823 10482
525.583 2792 10465
645.25 2680 10407
649.5 2639 10126
591.55 2747 9850
438.05 2745 9799
472.033 2623 9659
512.917 2609 9277
576.167 2452 9236
505.067 2542 9147
398.85 2488 9065
602 2446 9032
501.033 2376 8997
485.6 2405 8880
402.6 2476 8744
350 2357 8477
593.583 2283 8354
387.533 2312 8060
333.833 2278 8039
707.767 2258 7965
379.35 2215 7795
342.733 2158 7756
1044.67 2063 7729
407.583 2128 7661
874.333 2080 7630
366.6 2156 7553
419.75 2125 7542
763.167 2056 7269
734.5 1898 7091
536.583 1972 7068
373.617 1831 6982
334.367 1825 6893
468.1 1730 6387
596 1578 6363
428.25 1672 6237
406.967 1694 6234
315.167 1772 6180
323.667 1755 6096
293.733 1718 5742
560.333 1497 5521
299.067 1458 5398
737.667 1412 5288
275.067 1592 5144
397 1436 5116
331.917 1388 5031
478.583 1360 5009
235.433 1349 4808
737 1217 4608
529 1338 4547
730 1192 4468
361 1238 4411
291.667 1241 4116
639 1213 4094
315.8 1237 3905
630 1136 3766
604 1105 3580
250.167 1120 3529
583 1087 3496
267.667 1043 3411
241.417 1155 3389
210.4 879 3081
236.533 852 2627
224.417 865 2600
284.667 801 2549
191.2 840 2265
272 782 2009
188.667 630 1677
324 592 1269
314 437 964
310 545 944
278 456 929
150.667 378 820
