1.442564660e+00 1.376666102e+00 1.378018226e+00 
1.303162718e+00 1.307385278e+00 1.312022320e+00 
1.301590680e+00 1.302740753e+00 1.305525478e+00 
1.341787961e+00 1.372239290e+00 1.367285000e+00 
1.204467573e+00 1.131256199e+00 1.164855402e+00 
1.409326602e+00 1.516800116e+00 1.436592556e+00 
1.194405437e+00 1.215414016e+00 1.222441769e+00 
1.008310680e+00 1.002757686e+00 1.007579650e+00 
1.428669515e+00 1.510244563e+00 1.440821036e+00 
1.253473398e+00 1.143931880e+00 1.193308726e+00 
1.232499417e+00 1.157115557e+00 1.199378769e+00 
1.172794563e+00 1.130482111e+00 1.156864760e+00 
1.206481553e+00 1.164106534e+00 1.197995621e+00 
1.405450097e+00 1.528943613e+00 1.438710748e+00 
1.439931650e+00 1.518324101e+00 1.455047699e+00 
1.200019417e+00 1.104864656e+00 1.140448772e+00 
1.432305243e+00 1.536611916e+00 1.465678177e+00 
1.423982913e+00 1.520065797e+00 1.448068731e+00 
1.299240388e+00 1.222042139e+00 1.246050125e+00 
1.217850874e+00 1.094172573e+00 1.128624835e+00 
1.248295146e+00 1.144101212e+00 1.182946974e+00 
1.384907184e+00 1.521541402e+00 1.433296713e+00 
1.208271845e+00 1.127361571e+00 1.160642729e+00 
1.235741359e+00 1.134594451e+00 1.177280020e+00 
1.182920388e+00 1.113984373e+00 1.152588857e+00 
1.422530485e+00 1.524274898e+00 1.452644974e+00 
1.227747573e+00 1.107985196e+00 1.147807118e+00 
1.243883495e+00 1.121942959e+00 1.159314907e+00 
1.252475340e+00 1.154696534e+00 1.195513859e+00 
1.277603883e+00 1.199690365e+00 1.228393257e+00 
1.229592233e+00 1.115967972e+00 1.158326945e+00 
1.245435340e+00 1.150535814e+00 1.183033915e+00 
1.199676117e+00 1.138537459e+00 1.172537799e+00 
1.212848155e+00 1.265511986e+00 1.255858619e+00 
1.235870291e+00 1.094196763e+00 1.129842005e+00 
1.268415534e+00 1.163985583e+00 1.205575271e+00 
1.165887379e+00 1.140521058e+00 1.169289378e+00 
1.163603883e+00 1.142093423e+00 1.167566371e+00 
1.243426796e+00 1.202012627e+00 1.228195664e+00 
1.107514563e+00 1.073683447e+00 1.109648048e+00 
1.120419417e+00 1.128474322e+00 1.151466532e+00 
1.137050097e+00 1.185514889e+00 1.186969958e+00 
1.003961165e+00 1.003676915e+00 1.006267635e+00 
1.006213592e+00 1.002298072e+00 1.006062139e+00 
1.353737476e+00 1.277074917e+00 1.303668108e+00 
1.390834951e+00 1.205496021e+00 1.239592801e+00 
1.345846214e+00 1.324802245e+00 1.334405602e+00 
1.399485049e+00 1.348242580e+00 1.350236716e+00 
1.364908738e+00 1.296814146e+00 1.314393430e+00 
1.354766602e+00 1.305256537e+00 1.325079235e+00 
1.299947184e+00 1.221703476e+00 1.252839405e+00 
1.329753010e+00 1.197102010e+00 1.230590486e+00 
1.270825631e+00 1.271849827e+00 1.276368723e+00 
1.345120000e+00 1.350734174e+00 1.354196470e+00 
1.305698641e+00 1.236798181e+00 1.261865432e+00 
1.314032621e+00 1.187063064e+00 1.220489555e+00 
1.299609320e+00 1.170879799e+00 1.207503774e+00 
1.351474175e+00 1.269092141e+00 1.292381622e+00 
1.417229515e+00 1.264302475e+00 1.291551734e+00 
1.355491262e+00 1.289605457e+00 1.306647803e+00 
1.392556893e+00 1.248748155e+00 1.268970859e+00 
1.328055922e+00 1.212148335e+00 1.245615422e+00 
1.278638447e+00 1.205592782e+00 1.237166365e+00 
1.259936311e+00 1.216284864e+00 1.231744426e+00 
1.264508738e+00 1.217228283e+00 1.241671475e+00 
1.277681553e+00 1.245482474e+00 1.266030682e+00 
1.340692816e+00 1.326181088e+00 1.333678462e+00 
1.415378641e+00 1.291177822e+00 1.308275966e+00 
1.280137476e+00 1.268608336e+00 1.286106083e+00 
1.270793786e+00 1.197537434e+00 1.221896414e+00 
1.303857864e+00 1.292774378e+00 1.309414099e+00 
1.242396117e+00 1.235903142e+00 1.253669293e+00 
1.326568544e+00 1.240450906e+00 1.268243719e+00 
1.288071456e+00 1.233532500e+00 1.253353145e+00 
1.252017087e+00 1.200246740e+00 1.228179857e+00 
1.287940194e+00 1.236991703e+00 1.260980217e+00 
1.323110680e+00 1.291250393e+00 1.305399018e+00 
1.245675340e+00 1.248917487e+00 1.263959912e+00 
1.491074175e+00 1.274268850e+00 1.293243126e+00 
1.183360777e+00 1.275357411e+00 1.252309857e+00 
1.306128155e+00 1.279397179e+00 1.297519028e+00 
1.319889709e+00 1.270108130e+00 1.290603290e+00 
1.207060194e+00 1.274897796e+00 1.293535563e+00 
1.187844660e+00 1.224872397e+00 1.237751239e+00 
1.204085437e+00 1.210938823e+00 1.222173044e+00 
1.003029126e+00 1.000387044e+00 1.000000000e+00 
1.152304466e+00 1.163259876e+00 1.190913905e+00 
1.146964660e+00 1.153196739e+00 1.181682382e+00 
1.191357670e+00 1.167106123e+00 1.193577452e+00 
1.227555728e+00 1.195553835e+00 1.219825644e+00 
1.210933592e+00 1.193618617e+00 1.216063483e+00 
1.163753786e+00 1.136118435e+00 1.156279886e+00 
1.120570874e+00 1.140013063e+00 1.162207662e+00 
1.226240777e+00 1.162268076e+00 1.189317357e+00 
1.144553786e+00 1.101840877e+00 1.132734760e+00 
1.196226796e+00 1.136384528e+00 1.161986358e+00 
1.140947573e+00 1.143593217e+00 1.171289015e+00 
1.191631068e+00 1.152108179e+00 1.176418517e+00 
1.396454369e+00 1.255642372e+00 1.273191436e+00 
1.161875728e+00 1.155543192e+00 1.187452084e+00 
1.143522330e+00 1.133336559e+00 1.154770279e+00 
1.260643107e+00 1.308788311e+00 1.307738514e+00 
1.009165049e+00 1.001959409e+00 1.007690301e+00 
1.185734369e+00 1.096639977e+00 1.128364013e+00 
1.244809320e+00 1.331115895e+00 1.343328881e+00 
1.352995728e+00 1.424635332e+00 1.407601780e+00 
1.229167379e+00 1.225815816e+00 1.244469385e+00 
1.400704466e+00 1.562398703e+00 1.462208452e+00 
1.352805437e+00 1.328575921e+00 1.334484639e+00 
1.298529709e+00 1.308764121e+00 1.309659113e+00 
1.198013204e+00 1.282856383e+00 1.275151553e+00 
1.232345631e+00 1.341928929e+00 1.339543008e+00 
1.295248932e+00 1.399985486e+00 1.385582068e+00 
1.271109126e+00 1.271704686e+00 1.279387937e+00 
1.224545243e+00 1.262972012e+00 1.257605337e+00 
1.199211650e+00 1.289073272e+00 1.300870198e+00 
1.424367379e+00 1.545780014e+00 1.467519739e+00 
1.359790291e+00 1.459130603e+00 1.428807411e+00 
1.307303301e+00 1.427707492e+00 1.406092173e+00 
1.233404272e+00 1.274196280e+00 1.276163227e+00 
1.297050874e+00 1.251917076e+00 1.269998340e+00 
1.295520000e+00 1.388301604e+00 1.371149910e+00 
1.318790680e+00 1.434988752e+00 1.420793057e+00 
1.310611262e+00 1.430174895e+00 1.406100077e+00 
1.300301359e+00 1.355257747e+00 1.364653067e+00 
1.263015922e+00 1.242289364e+00 1.258537973e+00 
1.299248155e+00 1.396284380e+00 1.377117204e+00 
1.363940194e+00 1.440842788e+00 1.422105072e+00 
1.119839223e+00 1.154382061e+00 1.162357832e+00 
1.194071456e+00 1.279808413e+00 1.272227184e+00 
1.343255922e+00 1.454050654e+00 1.426586470e+00 
1.407947961e+00 1.536176492e+00 1.439951629e+00 
1.322349515e+00 1.417813687e+00 1.400338278e+00 
1.221689320e+00 1.313239314e+00 1.333141010e+00 
1.243182136e+00 1.326495561e+00 1.333876054e+00 
1.169401942e+00 1.206294298e+00 1.216245268e+00 
1.171479612e+00 1.220735867e+00 1.219865163e+00 
1.163307184e+00 1.222719466e+00 1.216008157e+00 
1.411355340e+00 1.541401582e+00 1.464927325e+00 
1.258300583e+00 1.368102760e+00 1.354955226e+00 
1.412790680e+00 1.533805849e+00 1.455332232e+00 
1.424902524e+00 1.540143690e+00 1.469329687e+00 
1.264336311e+00 1.311255715e+00 1.309113758e+00 
1.225430680e+00 1.258400058e+00 1.275878694e+00 
1.403873398e+00 1.545852585e+00 1.473249923e+00 
1.284732427e+00 1.393671835e+00 1.364574030e+00 
1.349866408e+00 1.406758751e+00 1.389763126e+00 
1.188964660e+00 1.270422603e+00 1.259083329e+00 
1.304604272e+00 1.410024432e+00 1.397319065e+00 
1.350359612e+00 1.431336027e+00 1.415015452e+00 
1.240758835e+00 1.350758364e+00 1.340507260e+00 
1.259422913e+00 1.224872397e+00 1.238802431e+00 
1.321989903e+00 1.388833789e+00 1.385582068e+00 
1.275044660e+00 1.365320883e+00 1.355793018e+00 
1.368504854e+00 1.390914149e+00 1.388577571e+00 
1.193019029e+00 1.232806793e+00 1.252507449e+00 
1.193648155e+00 1.271075740e+00 1.261818009e+00 
1.267998447e+00 1.298821936e+00 1.304490093e+00 
1.216761165e+00 1.317400034e+00 1.325837990e+00 
1.194165437e+00 1.253295919e+00 1.252878923e+00 
1.194137476e+00 1.272914197e+00 1.267374311e+00 
1.282867573e+00 1.357749341e+00 1.359713254e+00 
1.383457864e+00 1.489465154e+00 1.431131099e+00 
1.209579029e+00 1.228283219e+00 1.244469385e+00 
1.386462136e+00 1.487312223e+00 1.431178521e+00 
1.226904854e+00 1.256005225e+00 1.266520712e+00 
1.248427184e+00 1.271970778e+00 1.277340879e+00 
1.134894757e+00 1.170928179e+00 1.177493420e+00 
1.242556893e+00 1.364280703e+00 1.354338737e+00 
1.239210097e+00 1.214978592e+00 1.224638998e+00 
1.176723883e+00 1.280195457e+00 1.249843902e+00 
1.319332039e+00 1.425022376e+00 1.412454653e+00 
1.321506796e+00 1.384842401e+00 1.374619634e+00 
1.297850874e+00 1.380318827e+00 1.373236487e+00 
1.273941748e+00 1.370013788e+00 1.358780617e+00 
1.283461748e+00 1.401074046e+00 1.361025268e+00 
1.219786408e+00 1.315609957e+00 1.326612553e+00 
1.399662136e+00 1.501971504e+00 1.435889127e+00 
1.211755340e+00 1.220953579e+00 1.231048900e+00 
1.381440777e+00 1.518348291e+00 1.431913565e+00 
1.405255922e+00 1.543893176e+00 1.446235072e+00 
1.406450485e+00 1.527903433e+00 1.436639979e+00 
1.004504854e+00 1.004426812e+00 1.007010583e+00 
1.007378641e+00 1.000725707e+00 1.004813354e+00 
1.104471456e+00 1.126079489e+00 1.149474799e+00 
1.125329709e+00 1.145044631e+00 1.172593125e+00 
1.183716505e+00 1.218413605e+00 1.218972045e+00 
1.151912233e+00 1.136940903e+00 1.163250950e+00 
1.130421748e+00 1.125257021e+00 1.148882021e+00 
1.383446214e+00 1.563342122e+00 1.448203094e+00 
1.000699029e+00 1.002564165e+00 1.003287940e+00 
1.129729709e+00 1.171387794e+00 1.185760692e+00 
1.282146019e+00 1.265463606e+00 1.277807197e+00 
1.175492816e+00 1.127579283e+00 1.152960331e+00 
1.263753786e+00 1.241974891e+00 1.256087826e+00 
1.236362718e+00 1.219115121e+00 1.231025189e+00 
1.193951068e+00 1.275091318e+00 1.262047217e+00 
1.000932039e+00 1.004692905e+00 1.007445287e+00 
1.262747961e+00 1.213793270e+00 1.232297685e+00 
1.227803495e+00 1.249425482e+00 1.262553054e+00 
1.200095534e+00 1.211059774e+00 1.224291236e+00 
1.015145631e+00 1.001112751e+00 1.006291346e+00 
1.343778641e+00 1.301748954e+00 1.317863155e+00 
1.239394175e+00 1.215728489e+00 1.230416604e+00 
1.014446602e+00 1.000000000e+00 1.000000000e+00 
1.176872233e+00 1.157938025e+00 1.187831461e+00 
1.353834563e+00 1.251917076e+00 1.271942651e+00 
1.321700971e+00 1.262270495e+00 1.286904357e+00 
1.216753398e+00 1.153366071e+00 1.181769323e+00 
1.294779029e+00 1.239628438e+00 1.261090869e+00 
1.325008155e+00 1.231476330e+00 1.254459663e+00 
1.270753398e+00 1.252207359e+00 1.273167724e+00 
1.365141748e+00 1.507994872e+00 1.429755855e+00 
1.118744078e+00 1.152253320e+00 1.160271255e+00 
1.476862136e+00 1.287355766e+00 1.304434767e+00 
1.273488932e+00 1.235008104e+00 1.253447990e+00 
1.212539806e+00 1.208761702e+00 1.224204295e+00 
1.267755340e+00 1.194900699e+00 1.219809837e+00 
1.320511068e+00 1.258206536e+00 1.276352916e+00 
1.304926602e+00 1.249691575e+00 1.268046126e+00 
1.370657864e+00 1.235782191e+00 1.258814603e+00 
1.396151456e+00 1.545973536e+00 1.444014132e+00 
1.299751456e+00 1.304603401e+00 1.308615825e+00 
1.518446602e+00 1.369844457e+00 1.379425085e+00 
1.346497087e+00 1.353346719e+00 1.371331695e+00 
1.456526602e+00 1.348266770e+00 1.358456565e+00 
1.482176311e+00 1.513292532e+00 1.465053785e+00 
1.424215922e+00 1.481022763e+00 1.434972298e+00 
1.442355728e+00 1.487263843e+00 1.459758305e+00 
1.375114563e+00 1.362127773e+00 1.374580116e+00 
1.444774369e+00 1.480393817e+00 1.449254286e+00 
1.547757670e+00 1.446600063e+00 1.430957217e+00 
1.430002330e+00 1.474805873e+00 1.439524829e+00 
1.497123883e+00 1.398896925e+00 1.401737234e+00 
1.494635340e+00 1.408234355e+00 1.393738688e+00 
1.128365049e+00 1.143423885e+00 1.164325854e+00 
1.140093204e+00 1.152591983e+00 1.176078658e+00 
1.151500583e+00 1.142915891e+00 1.163053358e+00 
1.389475728e+00 1.339558286e+00 1.344957043e+00 
1.197126214e+00 1.135005685e+00 1.160366099e+00 
1.333963495e+00 1.261085174e+00 1.284177580e+00 
1.289034563e+00 1.223928977e+00 1.244469385e+00 
1.200518058e+00 1.174193861e+00 1.205923034e+00 
1.173947961e+00 1.231621471e+00 1.246476925e+00 
1.203108350e+00 1.202399671e+00 1.219288193e+00 
1.345703301e+00 1.285493118e+00 1.301834449e+00 
1.250212039e+00 1.195190982e+00 1.216845949e+00 
1.141613981e+00 1.189675609e+00 1.210040862e+00 
1.292340194e+00 1.288807180e+00 1.297471606e+00 
1.323019806e+00 1.310554198e+00 1.320740103e+00 
1.250304466e+00 1.169984760e+00 1.200540613e+00 
1.427338252e+00 1.346573454e+00 1.357144551e+00 
1.153188350e+00 1.173443963e+00 1.202714131e+00 
1.301738252e+00 1.298942887e+00 1.309761861e+00 
1.366139806e+00 1.349161808e+00 1.346585206e+00 
1.422490874e+00 1.328164687e+00 1.340894541e+00 
1.139145631e+00 1.172887588e+00 1.191569912e+00 
1.357629515e+00 1.341058081e+00 1.343739873e+00 
1.138330097e+00 1.175185660e+00 1.197221059e+00 
1.427619417e+00 1.306345098e+00 1.325577168e+00 
1.155110680e+00 1.182128257e+00 1.215802660e+00 
1.109198447e+00 1.131183628e+00 1.153173731e+00 
1.498427184e+00 1.384963352e+00 1.378856018e+00 
1.212481553e+00 1.269551755e+00 1.262869202e+00 
1.136959223e+00 1.164348436e+00 1.174893102e+00 
1.460506408e+00 1.320641525e+00 1.334184299e+00 
1.444574757e+00 1.312924841e+00 1.328375078e+00 
1.087070291e+00 1.117999952e+00 1.136986951e+00 
1.452213592e+00 1.325769854e+00 1.340807600e+00 
1.231568932e+00 1.218316844e+00 1.226820420e+00 
1.192287379e+00 1.221316432e+00 1.237917217e+00 
1.211147961e+00 1.264350855e+00 1.254783715e+00 
1.002640777e+00 1.004257481e+00 1.004947717e+00 
1.003961165e+00 1.003846247e+00 1.006528457e+00 
1.006912621e+00 1.000072571e+00 1.000000000e+00 
1.005048544e+00 1.003338252e+00 1.006757665e+00 
1.012116505e+00 1.001935219e+00 1.007714012e+00 
1.000000000e+00 1.002830257e+00 1.000000000e+00 
1.002252427e+00 1.001330463e+00 1.002292073e+00 
1.009786408e+00 1.001257892e+00 1.007382057e+00 
1.006990291e+00 1.002588355e+00 1.006520554e+00 
1.012427184e+00 1.003168920e+00 1.007848375e+00 
1.002718447e+00 1.004281671e+00 1.005651146e+00 
1.001242718e+00 1.004741285e+00 1.007674494e+00 
1.000000000e+00 1.003991388e+00 1.003335362e+00 
1.000699029e+00 1.001427224e+00 1.000000000e+00 
1.034563107e+00 1.011200077e+00 1.030057776e+00 
1.007145631e+00 1.009966376e+00 1.012511559e+00 
1.018407767e+00 1.004354242e+00 1.015206721e+00 
1.057281553e+00 1.021650258e+00 1.050433518e+00 
1.009009709e+00 1.006362031e+00 1.015269951e+00 
1.017708738e+00 1.010329229e+00 1.021766793e+00 
1.098097087e+00 1.026875348e+00 1.057428294e+00 
1.042174757e+00 1.014780232e+00 1.037866633e+00 
1.054330097e+00 1.017924962e+00 1.043288572e+00 
1.030834951e+00 1.011998355e+00 1.029196273e+00 
1.061203883e+00 1.025544885e+00 1.056068857e+00 
1.042485437e+00 1.007111928e+00 1.021513875e+00 
1.014673165e+00 1.028689615e+00 1.034151893e+00 
1.031818796e+00 1.044510027e+00 1.059649234e+00 
1.022310680e+00 1.031955296e+00 1.047145578e+00 
1.053126214e+00 1.018045913e+00 1.043944579e+00 
1.006912621e+00 1.005974987e+00 1.010322234e+00 
1.006912621e+00 1.004838046e+00 1.007690301e+00 
1.015766990e+00 1.008660103e+00 1.018107380e+00 
1.017398058e+00 1.006724884e+00 1.015657232e+00 
1.016543689e+00 1.010837224e+00 1.022723141e+00 
1.015378641e+00 1.012482160e+00 1.022952349e+00 
1.020783146e+00 1.027455913e+00 1.041747350e+00 
1.032466019e+00 1.007208689e+00 1.017293298e+00 
1.013436893e+00 1.012724062e+00 1.021537586e+00 
1.018485437e+00 1.004063959e+00 1.012393004e+00 
1.042563107e+00 1.006821645e+00 1.018700157e+00 
1.020194175e+00 1.008902005e+00 1.022462319e+00 
1.016349515e+00 1.009700283e+00 1.019972653e+00 
1.006912621e+00 1.000628946e+00 1.002173518e+00 
1.009508117e+00 1.012070926e+00 1.019893616e+00 
1.026770252e+00 1.011514550e+00 1.023568837e+00 
1.008673165e+00 1.010788843e+00 1.015246240e+00 
1.023650485e+00 1.011635502e+00 1.027552303e+00 
1.010856932e+00 1.019061903e+00 1.024485667e+00 
1.013197437e+00 1.017658869e+00 1.027251962e+00 
1.012168311e+00 1.014199666e+00 1.022604586e+00 
1.016440155e+00 1.013159486e+00 1.024841333e+00 
1.016893204e+00 1.012820823e+00 1.024825526e+00 
1.010856932e+00 1.020198844e+00 1.027117599e+00 
1.014679612e+00 1.017779821e+00 1.030413443e+00 
1.012168311e+00 1.013062725e+00 1.019972653e+00 
1.012000000e+00 1.015554319e+00 1.022652008e+00 
1.013708738e+00 1.011321029e+00 1.019901520e+00 
1.016000000e+00 1.004741285e+00 1.015088166e+00 
1.021203883e+00 1.008442391e+00 1.021505971e+00 
1.021048544e+00 1.012845013e+00 1.029085621e+00 
1.059054990e+00 1.055613343e+00 1.087944484e+00 
1.015262136e+00 1.012070926e+00 1.022778467e+00 
1.046873786e+00 1.028399332e+00 1.058732404e+00 
1.018873786e+00 1.015239846e+00 1.029891798e+00 
1.013048544e+00 1.011200077e+00 1.018945172e+00 
1.034990291e+00 1.015481748e+00 1.037669040e+00 
1.032355961e+00 1.048598176e+00 1.064897291e+00 
1.015378641e+00 1.004257481e+00 1.013815670e+00 
1.014744311e+00 1.013086916e+00 1.023711104e+00 
1.015961165e+00 1.012312828e+00 1.023750622e+00 
1.015948194e+00 1.011877404e+00 1.022628297e+00 
1.075067961e+00 1.032293960e+00 1.066059135e+00 
1.023879612e+00 1.034737173e+00 1.051650688e+00 
1.026271845e+00 1.034906505e+00 1.053239332e+00 
1.022873786e+00 1.012264448e+00 1.026161251e+00 
1.019533981e+00 1.021988921e+00 1.038688618e+00 
1.026058252e+00 1.016231646e+00 1.036088300e+00 
1.024656311e+00 1.037107816e+00 1.053215621e+00 
1.020491883e+00 1.017223445e+00 1.033401042e+00 
1.024267961e+00 1.034084037e+00 1.051113236e+00 
1.027145631e+00 1.016328407e+00 1.036981418e+00 
1.018588971e+00 1.013425579e+00 1.028895932e+00 
1.035236272e+00 1.027359152e+00 1.053966472e+00 
1.033682874e+00 1.023561286e+00 1.047469630e+00 
1.032466019e+00 1.035100027e+00 1.057372968e+00 
1.027203883e+00 1.039139795e+00 1.059317278e+00 
1.030110058e+00 1.024649846e+00 1.047540763e+00 
1.017475728e+00 1.008103728e+00 1.016060321e+00 
1.018524272e+00 1.008587532e+00 1.017332817e+00 
1.019805825e+00 1.012651491e+00 1.028935450e+00 
1.013877049e+00 1.017973342e+00 1.028492843e+00 
1.034588971e+00 1.029028278e+00 1.054582961e+00 
1.027158602e+00 1.020924551e+00 1.043509876e+00 
1.014368932e+00 1.023512905e+00 1.033290390e+00 
1.022419417e+00 1.027601055e+00 1.045786142e+00 
1.020614913e+00 1.021892160e+00 1.040830521e+00 
1.026559223e+00 1.035220978e+00 1.053642421e+00 
1.017838214e+00 1.018312006e+00 1.033677671e+00 
1.019365670e+00 1.015143085e+00 1.030160524e+00 
1.040233010e+00 1.027625245e+00 1.055080894e+00 
1.023974136e+00 1.025399744e+00 1.048639378e+00 
1.020664078e+00 1.027988098e+00 1.046742490e+00 
1.015904233e+00 1.023633857e+00 1.035369063e+00 
1.027029126e+00 1.028157430e+00 1.050559977e+00 
1.012362485e+00 1.021964731e+00 1.028129273e+00 
1.018834951e+00 1.012337018e+00 1.025023118e+00 
1.022679612e+00 1.012675682e+00 1.030207946e+00 
1.032880233e+00 1.033672803e+00 1.057673308e+00 
1.028932039e+00 1.016255836e+00 1.037360796e+00 
1.019526214e+00 1.029463703e+00 1.046126001e+00 
1.038291262e+00 1.016328407e+00 1.037898248e+00 
1.049941748e+00 1.018191054e+00 1.043754890e+00 
1.023215534e+00 1.035511261e+00 1.050970970e+00 
1.031935301e+00 1.040639590e+00 1.062802811e+00 
1.040233010e+00 1.032947096e+00 1.059356797e+00 
1.022420738e+00 1.027818767e+00 1.047272037e+00 
1.063689320e+00 1.017876581e+00 1.043011942e+00 
1.016265398e+00 1.014949563e+00 1.027220347e+00 
1.032828505e+00 1.023512905e+00 1.046884756e+00 
1.023637515e+00 1.019400566e+00 1.037518870e+00 
1.017372194e+00 1.023537096e+00 1.037463544e+00 
1.022284816e+00 1.020271414e+00 1.039692388e+00 
1.016498408e+00 1.016352597e+00 1.027757799e+00 
1.003029126e+00 1.001015990e+00 1.005832932e+00 
1.024440155e+00 1.016788021e+00 1.037424026e+00 
1.018886757e+00 1.019981132e+00 1.036926092e+00 
1.021100350e+00 1.017513728e+00 1.036467678e+00 
1.022135922e+00 1.025061080e+00 1.042751120e+00 
1.016147573e+00 1.025641646e+00 1.037977285e+00 
1.021333359e+00 1.023875759e+00 1.042648372e+00 
1.027262136e+00 1.023101672e+00 1.045327727e+00 
1.018917825e+00 1.022908150e+00 1.040277262e+00 
1.021566369e+00 1.030020078e+00 1.046995408e+00 
1.027443340e+00 1.016836401e+00 1.037835018e+00 
1.024466019e+00 1.022327584e+00 1.045051097e+00 
1.015961165e+00 1.011490360e+00 1.021505971e+00 
1.025100350e+00 1.031858536e+00 1.048979237e+00 
1.014744311e+00 1.012264448e+00 1.021466453e+00 
1.023119767e+00 1.020223034e+00 1.037748077e+00 
1.018900971e+00 1.021867970e+00 1.037558389e+00 
1.015611650e+00 1.005999178e+00 1.015190914e+00 
1.020983845e+00 1.020803600e+00 1.042110921e+00 
1.017760544e+00 1.019715039e+00 1.035021300e+00 
1.027080932e+00 1.020851980e+00 1.042925002e+00 
1.016783146e+00 1.020827790e+00 1.034562886e+00 
1.016009087e+00 1.028157430e+00 1.035819574e+00 
1.015313942e+00 1.027068870e+00 1.035661500e+00 
1.017372194e+00 1.022714628e+00 1.035218893e+00 
1.019974136e+00 1.021311594e+00 1.038736040e+00 
1.035521010e+00 1.023271003e+00 1.049287481e+00 
1.026245981e+00 1.023271003e+00 1.046544897e+00 
1.021566369e+00 1.013328818e+00 1.029915509e+00 
1.013877049e+00 1.017150874e+00 1.026248192e+00 
1.017255689e+00 1.017175065e+00 1.031282850e+00 
1.026925592e+00 1.021263214e+00 1.043739083e+00 
1.014956660e+00 1.022569486e+00 1.035092434e+00 
1.022110058e+00 1.016062314e+00 1.032002087e+00 
1.023298408e+00 1.025472314e+00 1.046544897e+00 
1.020621359e+00 1.021166453e+00 1.037621618e+00 
1.014601942e+00 1.008490771e+00 1.016352758e+00 
1.011930097e+00 1.017586299e+00 1.023734815e+00 
1.015482175e+00 1.011538741e+00 1.022146171e+00 
1.025475728e+00 1.003676915e+00 1.010646286e+00 
1.030692583e+00 1.020368175e+00 1.044576875e+00 
1.015715184e+00 1.011369409e+00 1.021150305e+00 
1.018964427e+00 1.019061903e+00 1.034025434e+00 
1.018789670e+00 1.019231234e+00 1.035021300e+00 
1.012163107e+00 1.015699461e+00 1.022715238e+00 
1.012504854e+00 1.015288227e+00 1.023711104e+00 
1.011988350e+00 1.016691260e+00 1.025955755e+00 
1.011988350e+00 1.015868792e+00 1.023711104e+00 
1.012163107e+00 1.016521928e+00 1.024959889e+00 
1.029048544e+00 1.012288638e+00 1.029378058e+00 
1.022187728e+00 1.016546119e+00 1.033322005e+00 
1.017915883e+00 1.021698638e+00 1.035637789e+00 
1.018407767e+00 1.016739641e+00 1.031290753e+00 
1.026097087e+00 1.014538329e+00 1.032808264e+00 
1.025035573e+00 1.016497738e+00 1.036807537e+00 
1.018517825e+00 1.021069692e+00 1.035645693e+00 
1.026640777e+00 1.012191877e+00 1.028650917e+00 
1.022679612e+00 1.008660103e+00 1.021940675e+00 
1.018135922e+00 1.012506350e+00 1.024185326e+00 
1.019022680e+00 1.017610489e+00 1.035542945e+00 
1.020556660e+00 1.017876581e+00 1.035653597e+00 
1.016854369e+00 1.015941363e+00 1.029931317e+00 
1.017087379e+00 1.015772031e+00 1.028935450e+00 
1.021048544e+00 1.004063959e+00 1.013507426e+00 
1.015533981e+00 1.007910206e+00 1.015594003e+00 
1.016427184e+00 1.016038124e+00 1.027655051e+00 
1.022006447e+00 1.015288227e+00 1.031496250e+00 
1.023223301e+00 1.014514139e+00 1.031535768e+00 
1.018640777e+00 1.016570309e+00 1.030294887e+00 
1.015061515e+00 1.017271826e+00 1.030358117e+00 
1.019570252e+00 1.021263214e+00 1.037020937e+00 
1.019533981e+00 1.011829023e+00 1.023845467e+00 
1.011716505e+00 1.018336196e+00 1.026477399e+00 
1.026407767e+00 1.009724473e+00 1.023347534e+00 
1.030951456e+00 1.012216067e+00 1.029923413e+00 
1.015061515e+00 1.016449358e+00 1.028113466e+00 
1.018718447e+00 1.020174653e+00 1.036277989e+00 
1.113861748e+00 1.156268899e+00 1.163298373e+00 
1.013281553e+00 1.006241080e+00 1.015119781e+00 
1.082187961e+00 1.071312804e+00 1.103127495e+00 
1.246615146e+00 1.095865889e+00 1.131810027e+00 
1.021980583e+00 1.008684293e+00 1.022399089e+00 
1.018640777e+00 1.008297250e+00 1.017451372e+00 
1.014213592e+00 1.005757275e+00 1.015056551e+00 
1.006912621e+00 1.003846247e+00 1.007279309e+00 
1.016077670e+00 1.005200900e+00 1.015578195e+00 
1.039145631e+00 1.012022545e+00 1.030634746e+00 
1.009553398e+00 1.005370232e+00 1.014914284e+00 
1.035106796e+00 1.008732674e+00 1.023228978e+00 
1.020582524e+00 1.008660103e+00 1.020960616e+00 
1.009553398e+00 1.004209100e+00 1.007769338e+00 
1.010951456e+00 1.009168098e+00 1.015443832e+00 
1.010252427e+00 1.002806067e+00 1.007769338e+00 
1.030912621e+00 1.009434190e+00 1.023426571e+00 
1.009786408e+00 1.010667892e+00 1.018613217e+00 
1.032543689e+00 1.008926196e+00 1.023268497e+00 
1.039922330e+00 1.012433779e+00 1.031116872e+00 
1.011961165e+00 1.006120129e+00 1.015096069e+00 
1.002252427e+00 1.000532185e+00 1.000000000e+00 
1.030834951e+00 1.009192288e+00 1.023189460e+00 
1.012815534e+00 1.004571954e+00 1.013965840e+00 
1.015961165e+00 1.009143908e+00 1.018597409e+00 
1.068349515e+00 1.019352186e+00 1.045667586e+00 
1.015766990e+00 1.006507172e+00 1.015483351e+00 
1.061359223e+00 1.021577687e+00 1.046173423e+00 
1.044116505e+00 1.008224679e+00 1.023292208e+00 
1.019417476e+00 1.009869615e+00 1.023205267e+00 
1.058951456e+00 1.015965553e+00 1.038767655e+00 
1.021281553e+00 1.009579332e+00 1.022810082e+00 
1.015611650e+00 1.007136118e+00 1.015530773e+00 
1.026097087e+00 1.010716273e+00 1.023339630e+00 
1.019650485e+00 1.009676093e+00 1.023244786e+00 
1.028116505e+00 1.012312828e+00 1.030484576e+00 
1.018640777e+00 1.008079537e+00 1.016368565e+00 
1.049864078e+00 1.016812211e+00 1.038862499e+00 
1.050796117e+00 1.011949975e+00 1.030982509e+00 
1.031611650e+00 1.009240669e+00 1.023213171e+00 
1.007352777e+00 1.013812622e+00 1.016495025e+00 
1.057553398e+00 1.016860592e+00 1.038902018e+00 
1.038524272e+00 1.012869203e+00 1.030919279e+00 
1.047921010e+00 1.067103704e+00 1.082048323e+00 
1.122720777e+00 1.192481676e+00 1.172980407e+00 
1.144145243e+00 1.143061032e+00 1.163875343e+00 
1.081571262e+00 1.120177072e+00 1.127170554e+00 
1.181223301e+00 1.126563294e+00 1.151427013e+00 
1.166135922e+00 1.129635453e+00 1.155299827e+00 
1.083714951e+00 1.052686325e+00 1.086577144e+00 
1.036161786e+00 1.047993420e+00 1.066146076e+00 
1.040724893e+00 1.021722828e+00 1.047161386e+00 
1.030394796e+00 1.034059847e+00 1.054385369e+00 
1.026097087e+00 1.012312828e+00 1.027852643e+00 
1.008776699e+00 1.007910206e+00 1.013341448e+00 
1.067339806e+00 1.014175476e+00 1.036451870e+00 
1.021592233e+00 1.008055347e+00 1.020739312e+00 
1.011417476e+00 1.004958998e+00 1.013586463e+00 
1.009398058e+00 1.005660514e+00 1.013641788e+00 
1.014640777e+00 1.008974576e+00 1.018036246e+00 
1.018873786e+00 1.013183676e+00 1.025465726e+00 
1.018381903e+00 1.016691260e+00 1.030302791e+00 
1.021475728e+00 1.012361209e+00 1.025378785e+00 
1.019300971e+00 1.012312828e+00 1.024959889e+00 
1.014640777e+00 1.007837635e+00 1.015404314e+00 
1.064155340e+00 1.014272237e+00 1.036878670e+00 
1.012245981e+00 1.014997944e+00 1.022675719e+00 
1.034485437e+00 1.014368998e+00 1.031930953e+00 
1.012427184e+00 1.009313239e+00 1.015562388e+00 
1.019223301e+00 1.009119717e+00 1.021830023e+00 
1.027650485e+00 1.003846247e+00 1.011966204e+00 
1.018097087e+00 1.009627712e+00 1.021869542e+00 
1.033165049e+00 1.007063548e+00 1.019545853e+00 
1.029009709e+00 1.014199666e+00 1.030982509e+00 
1.014446602e+00 1.009724473e+00 1.016921824e+00 
1.019271223e+00 1.029100849e+00 1.042379646e+00 
1.058640777e+00 1.014393188e+00 1.036404448e+00 
1.012504854e+00 1.014659281e+00 1.023015578e+00 
1.012094524e+00 1.013256247e+00 1.021537586e+00 
1.015482175e+00 1.009240669e+00 1.018905654e+00 
1.033087379e+00 1.010933985e+00 1.028366384e+00 
1.017203883e+00 1.008877815e+00 1.019759253e+00 
1.028970874e+00 1.012022545e+00 1.028840606e+00 
1.014409087e+00 1.017852391e+00 1.029306924e+00 
1.028233010e+00 1.011369409e+00 1.027346807e+00 
1.011158602e+00 1.013546530e+00 1.019901520e+00 
1.011158602e+00 1.014683471e+00 1.022533452e+00 
1.013747573e+00 1.018553908e+00 1.030302791e+00 
1.056388350e+00 1.014006144e+00 1.035503426e+00 
1.062817864e+00 1.069571107e+00 1.096069489e+00 
1.140264078e+00 1.143496456e+00 1.164887017e+00 
1.111339806e+00 1.105396841e+00 1.135097966e+00 
1.041989670e+00 1.038825322e+00 1.065071173e+00 
1.136310680e+00 1.093277535e+00 1.120136260e+00 
1.142995728e+00 1.102252111e+00 1.132632012e+00 
1.064289709e+00 1.074941339e+00 1.102171147e+00 
1.130634563e+00 1.087447689e+00 1.115473076e+00 
1.147689320e+00 1.071361184e+00 1.104036420e+00 
1.051229748e+00 1.032922906e+00 1.061229974e+00 
1.108673398e+00 1.043977842e+00 1.080333220e+00 
1.049598680e+00 1.033068047e+00 1.062099381e+00 
1.048749515e+00 1.036503060e+00 1.066122365e+00 
1.064060583e+00 1.061830233e+00 1.093650957e+00 
1.042912621e+00 1.035632212e+00 1.065150210e+00 
1.047857631e+00 1.041437867e+00 1.070018890e+00 
1.033734602e+00 1.025641646e+00 1.051832473e+00 
1.043262136e+00 1.035777353e+00 1.065529588e+00 
1.057721709e+00 1.028254191e+00 1.056400813e+00 
1.032423301e+00 1.032463291e+00 1.053808398e+00 
1.051950835e+00 1.040905682e+00 1.069860816e+00 
1.049769553e+00 1.037906094e+00 1.067545031e+00 
1.032718447e+00 1.032584242e+00 1.057317642e+00 
1.036660194e+00 1.007305450e+00 1.020217668e+00 
1.022097087e+00 1.019763420e+00 1.037344989e+00 
1.037443340e+00 1.024069281e+00 1.051958932e+00 
1.035185786e+00 1.059701493e+00 1.069465631e+00 
1.032038835e+00 1.021626067e+00 1.045106423e+00 
1.045109359e+00 1.032148818e+00 1.059578100e+00 
1.038084117e+00 1.028858947e+00 1.058084301e+00 
1.021126214e+00 1.013304628e+00 1.029330636e+00 
1.036800000e+00 1.038075425e+00 1.063237514e+00 
1.035798058e+00 1.050315683e+00 1.066517550e+00 
1.037093825e+00 1.023924139e+00 1.051579555e+00 
1.032912621e+00 1.023754808e+00 1.047572378e+00 
1.038511301e+00 1.029536273e+00 1.058858864e+00 
1.034046602e+00 1.029366942e+00 1.054851687e+00 
1.003572816e+00 1.003168920e+00 1.006196502e+00 
1.018956660e+00 1.022811389e+00 1.039787232e+00 
1.053514563e+00 1.010546941e+00 1.027512784e+00 
1.025048544e+00 1.012627301e+00 1.028484939e+00 
1.025669903e+00 1.029512083e+00 1.051302925e+00 
1.016815534e+00 1.012385399e+00 1.024145807e+00 
1.049708738e+00 1.010280849e+00 1.027425844e+00 
1.052116505e+00 1.013691671e+00 1.034784189e+00 
1.019106796e+00 1.007837635e+00 1.019703927e+00 
1.012737864e+00 1.004862237e+00 1.013602270e+00 
1.019029126e+00 1.010764653e+00 1.022470223e+00 
1.018019417e+00 1.011732263e+00 1.023260593e+00 
1.008621359e+00 1.004378432e+00 1.011895070e+00 
1.025152078e+00 1.032197199e+00 1.049240059e+00 
1.020660194e+00 1.009143908e+00 1.022501838e+00 
1.012699029e+00 1.011296838e+00 1.018881942e+00 
1.018097087e+00 1.004692905e+00 1.014772018e+00 
1.006485437e+00 1.007498972e+00 1.011752804e+00 
1.023521010e+00 1.024722417e+00 1.042996135e+00 
1.037284117e+00 1.044050412e+00 1.068698972e+00 
1.021113243e+00 1.037881903e+00 1.053310465e+00 
1.017462757e+00 1.032971286e+00 1.045659682e+00 
1.014135922e+00 1.017054114e+00 1.026240288e+00 
1.032284816e+00 1.032535862e+00 1.054029702e+00 
1.021416155e+00 1.030818356e+00 1.047090252e+00 
1.022930718e+00 1.032898715e+00 1.048402267e+00 
1.017449864e+00 1.018771620e+00 1.033290390e+00 
1.020019417e+00 1.028617044e+00 1.042442876e+00 
1.016890641e+00 1.024190232e+00 1.036965611e+00 
1.018368932e+00 1.015094705e+00 1.029322732e+00 
1.033864078e+00 1.029608844e+00 1.053318369e+00 
1.014539806e+00 1.021239024e+00 1.033519597e+00 
1.018581204e+00 1.031640823e+00 1.044821890e+00 
1.019313942e+00 1.022593677e+00 1.040245647e+00 
1.014368932e+00 1.012143496e+00 1.020976423e+00 
1.017739806e+00 1.025133651e+00 1.041439106e+00 
1.016000000e+00 1.019763420e+00 1.034009627e+00 
1.016445282e+00 1.027988098e+00 1.040854232e+00 
1.015456311e+00 1.021263214e+00 1.033891071e+00 
1.045203883e+00 1.010280849e+00 1.023560934e+00 
1.027106796e+00 1.007474782e+00 1.022359571e+00 
1.021592233e+00 1.004257481e+00 1.014779921e+00 
1.014912621e+00 1.012530540e+00 1.022422801e+00 
1.017615534e+00 1.023101672e+00 1.036056685e+00 
1.017615534e+00 1.023875759e+00 1.040024343e+00 
1.016233010e+00 1.025593265e+00 1.035843285e+00 
1.011883495e+00 1.006628124e+00 1.015348988e+00 
1.036893204e+00 1.012651491e+00 1.030808628e+00 
1.013555961e+00 1.022980720e+00 1.032065316e+00 
1.017475728e+00 1.009071337e+00 1.021490164e+00 
1.016233010e+00 1.026367353e+00 1.039810943e+00 
1.018796117e+00 1.023077481e+00 1.041043921e+00 
1.032310680e+00 1.012143496e+00 1.030350213e+00 
1.017993553e+00 1.033576042e+00 1.047090252e+00 
1.021669903e+00 1.008321440e+00 1.021411127e+00 
1.009216854e+00 1.013280437e+00 1.015704654e+00 
1.017444660e+00 1.026875348e+00 1.041170380e+00 
1.011262136e+00 1.008926196e+00 1.015435929e+00 
1.225355340e+00 1.219211882e+00 1.224354465e+00 
1.125404272e+00 1.128837176e+00 1.153829738e+00 
1.229553398e+00 1.093954861e+00 1.125068169e+00 
1.074446602e+00 1.067176274e+00 1.098914822e+00 
1.111054757e+00 1.068361596e+00 1.103704465e+00 
1.059579262e+00 1.057983986e+00 1.089730721e+00 
1.100073786e+00 1.086238177e+00 1.114524632e+00 
1.116090874e+00 1.074530105e+00 1.111418477e+00 
1.156893204e+00 1.092551828e+00 1.119954475e+00 
1.048280932e+00 1.057766274e+00 1.084008441e+00 
1.070990291e+00 1.058903215e+00 1.091516957e+00 
1.061579029e+00 1.059798253e+00 1.089746528e+00 
1.075945631e+00 1.068579308e+00 1.100242644e+00 
1.035915883e+00 1.040300926e+00 1.063703833e+00 
1.038696466e+00 1.045211544e+00 1.069252231e+00 
1.060699029e+00 1.051525194e+00 1.082807079e+00 
1.078173204e+00 1.065241056e+00 1.101033014e+00 
1.056692583e+00 1.062047945e+00 1.090307691e+00 
1.101747573e+00 1.054839256e+00 1.091208713e+00 
1.073897476e+00 1.090205375e+00 1.115496787e+00 
1.042036272e+00 1.051355863e+00 1.076009895e+00 
1.046071223e+00 1.052710515e+00 1.081084072e+00 
1.037974136e+00 1.038414088e+00 1.063703833e+00 
1.065255922e+00 1.082343550e+00 1.106194131e+00 
1.061035573e+00 1.055564963e+00 1.085439011e+00 
1.066918835e+00 1.033817944e+00 1.065829928e+00 
1.070045049e+00 1.047727328e+00 1.082269627e+00 
1.079067961e+00 1.037567430e+00 1.068027157e+00 
1.105644272e+00 1.073562495e+00 1.106597219e+00 
1.046757282e+00 1.038559230e+00 1.069679031e+00 
1.042828505e+00 1.046154963e+00 1.070556342e+00 
1.011495146e+00 1.008732674e+00 1.015475447e+00 
1.062576311e+00 1.069667868e+00 1.094986682e+00 
1.038618796e+00 1.035970875e+00 1.062802811e+00 
1.093126214e+00 1.046179153e+00 1.082530449e+00 
1.065046214e+00 1.053291081e+00 1.086174055e+00 
1.066588738e+00 1.051186531e+00 1.086213574e+00 
1.050847922e+00 1.055153729e+00 1.082253819e+00 
1.044621359e+00 1.032995476e+00 1.059894248e+00 
1.173070291e+00 1.094995041e+00 1.125542392e+00 
1.105242718e+00 1.069837200e+00 1.103356702e+00 
1.035262136e+00 1.038801132e+00 1.063514144e+00 
1.069255922e+00 1.053000798e+00 1.086229381e+00 
1.040427184e+00 1.032100438e+00 1.059388412e+00 
1.045974136e+00 1.056460001e+00 1.081234242e+00 
1.070248544e+00 1.075812187e+00 1.114145254e+00 
1.042343068e+00 1.047606377e+00 1.076563155e+00 
1.052686058e+00 1.034422700e+00 1.065316188e+00 
1.040226563e+00 1.044679358e+00 1.068706875e+00 
1.054802563e+00 1.039671980e+00 1.071520593e+00 
1.042012971e+00 1.040615400e+00 1.069805490e+00 
1.034407767e+00 1.032608433e+00 1.057602175e+00 
1.031860194e+00 1.033188998e+00 1.056234835e+00 
1.036537243e+00 1.036841723e+00 1.063174285e+00 
1.045618097e+00 1.030624834e+00 1.059293567e+00 
1.058168311e+00 1.047267713e+00 1.077108510e+00 
1.056045282e+00 1.038365708e+00 1.073599267e+00 
1.084316893e+00 1.043106993e+00 1.080198857e+00 
1.054317126e+00 1.031495682e+00 1.060178782e+00 
1.071417476e+00 1.033600232e+00 1.066169787e+00 
1.026802563e+00 1.028326762e+00 1.052109103e+00 
1.036207146e+00 1.025956119e+00 1.052124910e+00 
1.062213592e+00 1.021359975e+00 1.046236653e+00 
1.028699029e+00 1.016497738e+00 1.037044648e+00 
1.023766990e+00 1.010813034e+00 1.023339630e+00 
1.057553398e+00 1.016546119e+00 1.038728136e+00 
1.034951456e+00 1.013836813e+00 1.031053642e+00 
1.041786408e+00 1.011441980e+00 1.030587324e+00 
1.020194175e+00 1.014610900e+00 1.029504517e+00 
1.021527534e+00 1.020077893e+00 1.037297566e+00 
1.021760544e+00 1.019884371e+00 1.037337085e+00 
1.032854369e+00 1.014054525e+00 1.030832339e+00 
1.018796117e+00 1.015602700e+00 1.029551939e+00 
1.021825243e+00 1.018070103e+00 1.036831248e+00 
1.113850874e+00 1.090785941e+00 1.115828743e+00 
1.049553398e+00 1.006990977e+00 1.018771291e+00 
1.051417476e+00 1.032318150e+00 1.060526545e+00 
1.057404505e+00 1.066305426e+00 1.093168831e+00 
1.058601942e+00 1.038897893e+00 1.073812666e+00 
1.038161786e+00 1.033430901e+00 1.061846463e+00 
1.032466019e+00 1.016086504e+00 1.037202722e+00 
1.050135922e+00 1.031108638e+00 1.059981189e+00 
1.030213592e+00 1.025762597e+00 1.049666859e+00 
1.064504854e+00 1.030769975e+00 1.065134402e+00 
1.037087379e+00 1.030987687e+00 1.058021071e+00 
1.020919068e+00 1.023899949e+00 1.041130862e+00 
1.043042097e+00 1.026826967e+00 1.053539673e+00 
1.035728155e+00 1.030915116e+00 1.057357160e+00 
1.060427184e+00 1.027891337e+00 1.058242375e+00 
1.036530718e+00 1.025254602e+00 1.052393636e+00 
1.035521010e+00 1.027794577e+00 1.055673672e+00 
1.033087379e+00 1.040567019e+00 1.061980826e+00 
1.029061515e+00 1.027794577e+00 1.050346577e+00 
1.028181204e+00 1.025278792e+00 1.047864815e+00 
1.022809087e+00 1.025931929e+00 1.043604720e+00 
1.030213592e+00 1.010425990e+00 1.023402860e+00 
1.072304466e+00 1.065168485e+00 1.096535808e+00 
1.063223301e+00 1.043324705e+00 1.074800629e+00 
1.026718447e+00 1.012191877e+00 1.028982873e+00 
1.040002563e+00 1.043252135e+00 1.067157750e+00 
1.061592233e+00 1.021553497e+00 1.047509149e+00 
1.046446602e+00 1.010571131e+00 1.025291844e+00 
1.039611650e+00 1.014949563e+00 1.036775922e+00 
1.036056932e+00 1.037494860e+00 1.062107285e+00 
1.060116505e+00 1.017683060e+00 1.041818484e+00 
1.034912621e+00 1.015723651e+00 1.037147396e+00 
1.035495146e+00 1.011079126e+00 1.029994546e+00 
1.030252427e+00 1.021505116e+00 1.044442512e+00 
1.075404272e+00 1.042961852e+00 1.074255274e+00 
1.035746252e+00 1.036672392e+00 1.061767426e+00 
1.048699029e+00 1.022400155e+00 1.050275444e+00 
1.029527534e+00 1.015143085e+00 1.035163567e+00 
1.047223301e+00 1.018529718e+00 1.044584779e+00 
1.037864078e+00 1.019448947e+00 1.044292342e+00 
1.056181204e+00 1.025327173e+00 1.054045510e+00 
1.043106796e+00 1.014659281e+00 1.037803403e+00 
1.050550136e+00 1.027165631e+00 1.055231065e+00 
1.034871223e+00 1.037785142e+00 1.061332722e+00 
1.047741126e+00 1.028907327e+00 1.059506967e+00 
1.062330097e+00 1.029149230e+00 1.061474989e+00 
1.046330097e+00 1.023827379e+00 1.052077488e+00 
1.050135922e+00 1.024794988e+00 1.052867858e+00 
1.046796117e+00 1.022908150e+00 1.051958932e+00 
1.035233631e+00 1.037277147e+00 1.061854366e+00 
1.061941748e+00 1.027068870e+00 1.056724864e+00 
1.029242718e+00 1.019521517e+00 1.042537720e+00 
1.043223301e+00 1.022521106e+00 1.051824569e+00 
1.069475728e+00 1.034374320e+00 1.066264632e+00 
1.035197437e+00 1.023367764e+00 1.048528726e+00 
1.058019417e+00 1.028133240e+00 1.058605945e+00 
1.036396117e+00 1.029245990e+00 1.055713190e+00 
1.049178019e+00 1.027528484e+00 1.055476079e+00 
1.071417476e+00 1.022472726e+00 1.051840377e+00 
1.011495146e+00 1.004039769e+00 1.012337678e+00 
1.037216854e+00 1.023899949e+00 1.049492978e+00 
1.077902913e+00 1.024649846e+00 1.053808398e+00 
1.040478990e+00 1.027044679e+00 1.054013895e+00 
1.034019417e+00 1.023803188e+00 1.049327000e+00 
1.046524272e+00 1.023899949e+00 1.052196043e+00 
1.057825243e+00 1.028060669e+00 1.057720731e+00 
1.058524272e+00 1.022690438e+00 1.052211851e+00 
1.085980583e+00 1.019231234e+00 1.045999542e+00 
1.038097087e+00 1.022908150e+00 1.048663089e+00 
1.044582524e+00 1.018529718e+00 1.043494068e+00 
1.060194175e+00 1.023899949e+00 1.053057547e+00 
1.054407767e+00 1.018820000e+00 1.045430475e+00 
1.063456311e+00 1.017658869e+00 1.042569335e+00 
1.034485437e+00 1.015892982e+00 1.036894478e+00 
1.048310680e+00 1.019666659e+00 1.045525320e+00 
1.063145631e+00 1.011756453e+00 1.030942991e+00 
1.040271845e+00 1.018795810e+00 1.044679623e+00 
1.065320388e+00 1.015046324e+00 1.038348759e+00 
1.029760544e+00 1.019787610e+00 1.043027750e+00 
1.045605204e+00 1.031229589e+00 1.059222434e+00 
1.033851107e+00 1.019279615e+00 1.042039787e+00 
1.030899650e+00 1.021335785e+00 1.044877216e+00 
1.055300971e+00 1.022230823e+00 1.049682666e+00 
1.036233010e+00 1.025931929e+00 1.052346214e+00 
1.072155340e+00 1.017368587e+00 1.041115054e+00 
1.086834951e+00 1.020851980e+00 1.050646918e+00 
1.032867340e+00 1.025593265e+00 1.049880259e+00 
1.037087379e+00 1.015094705e+00 1.035732634e+00 
1.041644039e+00 1.023972520e+00 1.052330406e+00 
1.038679612e+00 1.010958175e+00 1.028643014e+00 
1.048077670e+00 1.010619512e+00 1.027520688e+00 
1.042330097e+00 1.018674859e+00 1.043541490e+00 
1.062524272e+00 1.022521106e+00 1.053215621e+00 
1.055689320e+00 1.014199666e+00 1.035329545e+00 
1.041644039e+00 1.015167275e+00 1.037076263e+00 
1.032271845e+00 1.018723240e+00 1.041478624e+00 
1.051184466e+00 1.006942597e+00 1.018708061e+00 
1.061514563e+00 1.014731851e+00 1.038230203e+00 
1.050873786e+00 1.014102905e+00 1.033827842e+00 
1.052155340e+00 1.017465347e+00 1.040530180e+00 
1.036220039e+00 1.018578098e+00 1.042885483e+00 
1.059039456e+00 1.096107792e+00 1.103641235e+00 
1.048414214e+00 1.079779385e+00 1.096836148e+00 
1.064025631e+00 1.055153729e+00 1.083407760e+00 
1.051093825e+00 1.081690413e+00 1.097373600e+00 
1.038964427e+00 1.064466968e+00 1.074105103e+00 
1.037016155e+00 1.054524783e+00 1.071805126e+00 
1.026867340e+00 1.047969230e+00 1.057452005e+00 
1.041171495e+00 1.060209487e+00 1.077361428e+00 
1.069203883e+00 1.024746607e+00 1.053349984e+00 
1.044705476e+00 1.073030310e+00 1.091279846e+00 
1.035411029e+00 1.050678536e+00 1.071639149e+00 
1.083339806e+00 1.028423523e+00 1.060811078e+00 
1.040181204e+00 1.033285759e+00 1.064257092e+00 
1.033152078e+00 1.024601466e+00 1.047659319e+00 
1.023431689e+00 1.035245168e+00 1.049050370e+00 
1.025048544e+00 1.033455091e+00 1.048797452e+00 
1.020293825e+00 1.033842135e+00 1.047279941e+00 
1.013448544e+00 1.020924551e+00 1.028777376e+00 
1.017157282e+00 1.025835168e+00 1.038435699e+00 
1.017234951e+00 1.024940129e+00 1.038332951e+00 
1.039456311e+00 1.011030746e+00 1.028927547e+00 
1.039533981e+00 1.016836401e+00 1.038372470e+00 
1.032038835e+00 1.012965964e+00 1.030611035e+00 
1.032038835e+00 1.011369409e+00 1.028998680e+00 
1.033048544e+00 1.016086504e+00 1.037890344e+00 
1.036582524e+00 1.017029923e+00 1.038459411e+00 
1.141825243e+00 1.045767919e+00 1.085083345e+00 
1.113553398e+00 1.050388253e+00 1.085581278e+00 
1.033009709e+00 1.013715862e+00 1.030784917e+00 
1.073178252e+00 1.045598587e+00 1.080641464e+00 
1.116504854e+00 1.036212777e+00 1.072374193e+00 
1.032776699e+00 1.016812211e+00 1.037993092e+00 
1.052155340e+00 1.028302571e+00 1.057942034e+00 
1.035883495e+00 1.021021312e+00 1.045722912e+00 
1.089864078e+00 1.027189821e+00 1.058005264e+00 
1.053436893e+00 1.028471903e+00 1.059222434e+00 
1.030757282e+00 1.033164808e+00 1.055318005e+00 
1.117592233e+00 1.033938895e+00 1.066367380e+00 
1.070601942e+00 1.018142674e+00 1.044545261e+00 
1.046213592e+00 1.025665836e+00 1.053025932e+00 
1.045980583e+00 1.028109050e+00 1.056290161e+00 
1.102679612e+00 1.033043857e+00 1.066248824e+00 
1.029242718e+00 1.013764242e+00 1.030539902e+00 
1.039650485e+00 1.023464525e+00 1.050567881e+00 
1.022912621e+00 1.007910206e+00 1.023110423e+00 
1.029313942e+00 1.034495271e+00 1.053998087e+00 
1.033864078e+00 1.012070926e+00 1.030737494e+00 
1.040621359e+00 1.020706839e+00 1.045762431e+00 
1.029553398e+00 1.013256247e+00 1.030539902e+00 
1.041475728e+00 1.024674037e+00 1.052844147e+00 
1.032349515e+00 1.016546119e+00 1.037566292e+00 
1.031922330e+00 1.019279615e+00 1.041059728e+00 
1.024621359e+00 1.012361209e+00 1.028058140e+00 
1.049009709e+00 1.015070515e+00 1.037906151e+00 
1.050951456e+00 1.010933985e+00 1.030824435e+00 
1.023844660e+00 1.017658869e+00 1.036649463e+00 
1.024116505e+00 1.019956941e+00 1.037882440e+00 
1.043650485e+00 1.011490360e+00 1.030919279e+00 
1.023546951e+00 1.019497327e+00 1.037471448e+00 
1.024323650e+00 1.018868381e+00 1.037495159e+00 
1.061902913e+00 1.015094705e+00 1.038451507e+00 
1.029022680e+00 1.020610078e+00 1.043573105e+00 
1.042330097e+00 1.007765064e+00 1.022486030e+00 
1.033178019e+00 1.021142263e+00 1.045683394e+00 
1.026550136e+00 1.018142674e+00 1.037969381e+00 
1.024440155e+00 1.015409178e+00 1.035748441e+00 
1.022576078e+00 1.014876993e+00 1.030342309e+00 
1.021747573e+00 1.017320206e+00 1.035724730e+00 
1.030951456e+00 1.015118895e+00 1.035542945e+00 
1.038679612e+00 1.019303805e+00 1.045051097e+00 
1.032168311e+00 1.019594088e+00 1.045256594e+00 
1.035922330e+00 1.016715450e+00 1.038348759e+00 
1.022524272e+00 1.019642468e+00 1.037471448e+00 
1.039689320e+00 1.026101260e+00 1.053270947e+00 
1.088180971e+00 1.105735504e+00 1.134362922e+00 
1.075120000e+00 1.072207842e+00 1.102305510e+00 
1.097339806e+00 1.088923293e+00 1.114429787e+00 
1.149314175e+00 1.106122548e+00 1.135603803e+00 
1.050252427e+00 1.010619512e+00 1.029077717e+00 
1.039067961e+00 1.007861825e+00 1.022770563e+00 
1.049385087e+00 1.037760952e+00 1.066904832e+00 
1.043378641e+00 1.032898715e+00 1.059665041e+00 
1.039436893e+00 1.037881903e+00 1.063790773e+00 
1.012077670e+00 1.014659281e+00 1.019980557e+00 
1.005669903e+00 1.010425990e+00 1.012187507e+00 
1.005669903e+00 1.009240669e+00 1.007761435e+00 
1.188246214e+00 1.136795762e+00 1.162610751e+00 
1.073100583e+00 1.097873679e+00 1.117875801e+00 
1.107501359e+00 1.098817098e+00 1.131146116e+00 
1.139870291e+00 1.053121749e+00 1.088521455e+00 
1.115689320e+00 1.062918793e+00 1.101712732e+00 
1.087936311e+00 1.113186095e+00 1.135153292e+00 
1.084180194e+00 1.113113525e+00 1.128490472e+00 
1.104168544e+00 1.065023344e+00 1.097650230e+00 
1.118977087e+00 1.064757251e+00 1.101752251e+00 
1.081708738e+00 1.050509204e+00 1.083115323e+00 
1.098537476e+00 1.041026633e+00 1.077013665e+00 
1.121048544e+00 1.055831055e+00 1.095761245e+00 
1.084273398e+00 1.095333704e+00 1.120088838e+00 
1.100699029e+00 1.059677302e+00 1.096899378e+00 
1.086212039e+00 1.096131982e+00 1.126759562e+00 
1.038174757e+00 1.031810155e+00 1.058131723e+00 
1.037178019e+00 1.023222623e+00 1.047319460e+00 
1.013048544e+00 1.012796633e+00 1.022817986e+00 
1.024504854e+00 1.019061903e+00 1.038396181e+00 
1.014718447e+00 1.011587121e+00 1.020747216e+00 
1.093359223e+00 1.022061492e+00 1.051073718e+00 
1.037669903e+00 1.019400566e+00 1.043201631e+00 
1.035456311e+00 1.016400977e+00 1.037993092e+00 
1.025889942e+00 1.015312417e+00 1.032017894e+00 
1.039533981e+00 1.011635502e+00 1.030603131e+00 
1.062446602e+00 1.014248047e+00 1.036744307e+00 
1.039689320e+00 1.011030746e+00 1.028959162e+00 
1.041708738e+00 1.014296427e+00 1.031172198e+00 
1.033980583e+00 1.015360797e+00 1.036673174e+00 
1.041669903e+00 1.014320617e+00 1.036285893e+00 
1.032932039e+00 1.015772031e+00 1.036768018e+00 
1.033048544e+00 1.014610900e+00 1.035448100e+00 
1.037436893e+00 1.015312417e+00 1.036530907e+00 
1.016582524e+00 1.011417789e+00 1.022952349e+00 
1.041631068e+00 1.015989743e+00 1.038530544e+00 
1.022718447e+00 1.014997944e+00 1.030761205e+00 
1.027029126e+00 1.012167687e+00 1.029291117e+00 
1.020388350e+00 1.015312417e+00 1.030626843e+00 
1.030834951e+00 1.017707250e+00 1.038435699e+00 
1.037203883e+00 1.013232057e+00 1.031148487e+00 
1.036699029e+00 1.018287815e+00 1.041494432e+00 
1.045514563e+00 1.018578098e+00 1.045051097e+00 
1.036582524e+00 1.017997533e+00 1.038799270e+00 
1.043728155e+00 1.016159075e+00 1.038680714e+00 
1.034291262e+00 1.014417378e+00 1.031124776e+00 
1.049165049e+00 1.014586710e+00 1.037890344e+00 
1.030446602e+00 1.012990155e+00 1.030658457e+00 
1.039003262e+00 1.015239846e+00 1.038364566e+00 
1.041203883e+00 1.017223445e+00 1.038815077e+00 
1.033760544e+00 1.017078304e+00 1.038483122e+00 
1.030058252e+00 1.018191054e+00 1.038435699e+00 
1.089136311e+00 1.097801108e+00 1.127881887e+00 
1.125217087e+00 1.073441544e+00 1.109063174e+00 
1.159145631e+00 1.092382496e+00 1.122926266e+00 
1.167922330e+00 1.054016788e+00 1.089169558e+00 
1.118984078e+00 1.160284477e+00 1.171897600e+00 
1.032679612e+00 1.050823677e+00 1.066343669e+00 
1.052027184e+00 1.059967585e+00 1.084893656e+00 
1.063003495e+00 1.088125015e+00 1.107126767e+00 
1.078006214e+00 1.050533395e+00 1.085486433e+00 
1.046357282e+00 1.050509204e+00 1.078460043e+00 
1.116726214e+00 1.151116379e+00 1.159022470e+00 
1.085355340e+00 1.106606352e+00 1.121290200e+00 
1.107481942e+00 1.053387842e+00 1.088790180e+00 
1.030985087e+00 1.052831467e+00 1.065316188e+00 
1.041715184e+00 1.063983164e+00 1.079598176e+00 
1.035404505e+00 1.030141029e+00 1.056219027e+00 
1.041100350e+00 1.051452623e+00 1.071694475e+00 
1.035391612e+00 1.043929461e+00 1.065719276e+00 
1.028045282e+00 1.047945040e+00 1.060281530e+00 
1.045313942e+00 1.068893781e+00 1.080578235e+00 
1.086601942e+00 1.025254602e+00 1.055491887e+00 
1.017300971e+00 1.023851569e+00 1.036696885e+00 
1.062019417e+00 1.026633445e+00 1.056969879e+00 
1.030394796e+00 1.032705194e+00 1.054266813e+00 
1.062615146e+00 1.026609255e+00 1.056811805e+00 
1.058873786e+00 1.027044679e+00 1.056606309e+00 
1.020375379e+00 1.018650669e+00 1.037084167e+00 
1.029501592e+00 1.034156608e+00 1.056598405e+00 
1.030679612e+00 1.025835168e+00 1.050994681e+00 
1.030809087e+00 1.019956941e+00 1.044078942e+00 
1.032414214e+00 1.025351363e+00 1.049066178e+00 
1.025035573e+00 1.017513728e+00 1.037763885e+00 
1.052712000e+00 1.021964731e+00 1.049279578e+00 
1.027003262e+00 1.017392777e+00 1.037763885e+00 
1.033935301e+00 1.033430901e+00 1.057744442e+00 
1.025508117e+00 1.026802777e+00 1.049998814e+00 
1.058873786e+00 1.032995476e+00 1.062399722e+00 
1.089708738e+00 1.026246402e+00 1.057230701e+00 
1.029074408e+00 1.027963908e+00 1.050702244e+00 
1.025009709e+00 1.021529306e+00 1.043146305e+00 
1.027106796e+00 1.021118073e+00 1.043509876e+00 
1.028148893e+00 1.026246402e+00 1.049611533e+00 
1.029928777e+00 1.026101260e+00 1.053065451e+00 
1.017300971e+00 1.024649846e+00 1.040506469e+00 
1.024957903e+00 1.022690438e+00 1.045296112e+00 
1.035443340e+00 1.029899127e+00 1.055254776e+00 
1.024647223e+00 1.018360386e+00 1.037684848e+00 
1.048750835e+00 1.018384576e+00 1.043217439e+00 
1.077514563e+00 1.022448535e+00 1.051287118e+00 
1.021475728e+00 1.012748252e+00 1.029370154e+00 
1.023870524e+00 1.016594499e+00 1.037060455e+00 
1.018511301e+00 1.013570720e+00 1.029212080e+00 
1.027300971e+00 1.012385399e+00 1.029630976e+00 
1.023792854e+00 1.021771209e+00 1.044592683e+00 
1.022394796e+00 1.018118484e+00 1.037447737e+00 
1.027831689e+00 1.021867970e+00 1.045533223e+00 
1.075184466e+00 1.018021723e+00 1.043636335e+00 
1.042873786e+00 1.021359975e+00 1.045817756e+00 
1.054601942e+00 1.019594088e+00 1.045912601e+00 
1.084504854e+00 1.013981954e+00 1.035179375e+00 
1.048660194e+00 1.017804011e+00 1.042672083e+00 
1.050679612e+00 1.019352186e+00 1.045209171e+00 
1.019106796e+00 1.013764242e+00 1.029362250e+00 
1.021902913e+00 1.018844191e+00 1.037234337e+00 
1.022161786e+00 1.017973342e+00 1.036791730e+00 
1.071145631e+00 1.017804011e+00 1.042893387e+00 
1.024025864e+00 1.023053291e+00 1.044663816e+00 
1.039614214e+00 1.064370207e+00 1.072856319e+00 
1.029553398e+00 1.054040978e+00 1.060407989e+00 
1.019262136e+00 1.007765064e+00 1.017941402e+00 
1.025889942e+00 1.045284114e+00 1.056574694e+00 
1.022634330e+00 1.033164808e+00 1.047335267e+00 
1.007922330e+00 1.007136118e+00 1.012803996e+00 
1.050330097e+00 1.011417789e+00 1.030642650e+00 
1.015067961e+00 1.009869615e+00 1.020478490e+00 
1.021732039e+00 1.036067636e+00 1.050488844e+00 
1.016466019e+00 1.009216478e+00 1.018636928e+00 
1.023766990e+00 1.012312828e+00 1.027757799e+00 
1.017009709e+00 1.009603522e+00 1.020083305e+00 
1.019285437e+00 1.031423111e+00 1.042861772e+00 
1.008375379e+00 1.014876993e+00 1.019269224e+00 
1.009242718e+00 1.010111517e+00 1.017814943e+00 
1.012543689e+00 1.018892571e+00 1.027054370e+00 
1.013786408e+00 1.017610489e+00 1.027528592e+00 
1.014394796e+00 1.016594499e+00 1.026896296e+00 
1.020181204e+00 1.027963908e+00 1.041763158e+00 
1.095570485e+00 1.093471056e+00 1.124024881e+00 
1.018705476e+00 1.018940952e+00 1.033891071e+00 
1.033475728e+00 1.011708072e+00 1.030516191e+00 
1.041605204e+00 1.014828612e+00 1.036799633e+00 
1.013203883e+00 1.011224268e+00 1.019000498e+00 
1.014330097e+00 1.017150874e+00 1.026809355e+00 
1.013268583e+00 1.014876993e+00 1.026042696e+00 
1.032608388e+00 1.016134885e+00 1.037368700e+00 
1.012569553e+00 1.015868792e+00 1.025102155e+00 
1.261669903e+00 1.111710491e+00 1.152201576e+00 
1.161786408e+00 1.070054912e+00 1.105530220e+00 
1.154951456e+00 1.070248434e+00 1.105672486e+00 
1.185009709e+00 1.082004886e+00 1.119085068e+00 
1.046566990e+00 1.071046711e+00 1.083249686e+00 
1.054208388e+00 1.073151262e+00 1.097168104e+00 
1.060093204e+00 1.079392341e+00 1.103095880e+00 
1.311378641e+00 1.111347638e+00 1.148233918e+00 
1.268310680e+00 1.089552239e+00 1.124981229e+00 
1.152077670e+00 1.089237766e+00 1.117117046e+00 
1.088056699e+00 1.107670723e+00 1.147253859e+00 
1.049592233e+00 1.068289025e+00 1.087580914e+00 
1.091733592e+00 1.095551416e+00 1.123724540e+00 
1.130873786e+00 1.083214398e+00 1.116437328e+00 
1.065796505e+00 1.075957328e+00 1.103973191e+00 
1.108077670e+00 1.106219309e+00 1.143262490e+00 
1.062615146e+00 1.063184886e+00 1.094607305e+00 
1.152867573e+00 1.105058178e+00 1.134623744e+00 
1.054880233e+00 1.057451801e+00 1.083099516e+00 
1.069877282e+00 1.059653112e+00 1.092109735e+00 
1.054815534e+00 1.048090181e+00 1.077685480e+00 
1.055352777e+00 1.069982341e+00 1.098970148e+00 
1.240699029e+00 1.092745349e+00 1.125336895e+00 
1.091478058e+00 1.133892934e+00 1.156090197e+00 
1.126375146e+00 1.084278768e+00 1.115259676e+00 
1.151689320e+00 1.072183652e+00 1.109252863e+00 
1.065844660e+00 1.075449334e+00 1.104194494e+00 
1.254990291e+00 1.097583396e+00 1.132718952e+00 
1.071941748e+00 1.066692470e+00 1.098796266e+00 
1.066052039e+00 1.073102881e+00 1.104060131e+00 
1.080349515e+00 1.037591621e+00 1.072650822e+00 
1.086287379e+00 1.125692445e+00 1.138014432e+00 
1.063877282e+00 1.064055734e+00 1.096330311e+00 
1.045700971e+00 1.057258279e+00 1.077084799e+00 
1.082446602e+00 1.043300515e+00 1.079329450e+00 
1.083624854e+00 1.070949950e+00 1.101333354e+00 
1.016038835e+00 1.011079126e+00 1.021245149e+00 
1.080556893e+00 1.071457945e+00 1.106352205e+00 
1.085314175e+00 1.061491570e+00 1.095721726e+00 
1.057707417e+00 1.069135683e+00 1.093998720e+00 
1.074407767e+00 1.074215632e+00 1.107166286e+00 
1.055805825e+00 1.060790053e+00 1.084988500e+00 
1.114951456e+00 1.063838022e+00 1.099128222e+00 
1.063145631e+00 1.058903215e+00 1.091335172e+00 
1.106291262e+00 1.063571930e+00 1.098456407e+00 
1.051093825e+00 1.045719538e+00 1.076942532e+00 
1.080180971e+00 1.043832700e+00 1.074974511e+00 
1.050291262e+00 1.046880670e+00 1.075693747e+00 
1.063857864e+00 1.049807688e+00 1.081724271e+00 
1.067223301e+00 1.062531750e+00 1.095666401e+00 
1.070809320e+00 1.054863446e+00 1.090734491e+00 
1.047618097e+00 1.054984397e+00 1.081700560e+00 
1.066252427e+00 1.056266480e+00 1.090363017e+00 
1.056964427e+00 1.056387431e+00 1.085960655e+00 
1.054148893e+00 1.051646145e+00 1.081234242e+00 
1.064233010e+00 1.052686325e+00 1.083170649e+00 
1.084077670e+00 1.041316916e+00 1.079795768e+00 
1.071223301e+00 1.045308305e+00 1.076642192e+00 
1.036658874e+00 1.047098382e+00 1.066398995e+00 
1.098019417e+00 1.057596942e+00 1.092860587e+00 
1.060466019e+00 1.027214011e+00 1.058858864e+00 
1.055469282e+00 1.044824500e+00 1.074484481e+00 
1.046485437e+00 1.045187353e+00 1.074610940e+00 
1.053307417e+00 1.051815477e+00 1.079930131e+00 
1.052660194e+00 1.026512494e+00 1.053500154e+00 
1.080504854e+00 1.042816711e+00 1.076950436e+00 
1.051139184e+00 1.049081981e+00 1.079827383e+00 
1.035961165e+00 1.019231234e+00 1.042790639e+00 
1.043902913e+00 1.039986453e+00 1.065908965e+00 
1.043889942e+00 1.041534628e+00 1.073907511e+00 
1.047844660e+00 1.019715039e+00 1.045738719e+00 
1.052906175e+00 1.027455913e+00 1.056226931e+00 
1.083495146e+00 1.038341518e+00 1.073306830e+00 
1.028233010e+00 1.016788021e+00 1.037842922e+00 
1.079029126e+00 1.037906094e+00 1.071323001e+00 
1.060401320e+00 1.033455091e+00 1.065490069e+00 
1.084737864e+00 1.035922494e+00 1.068746394e+00 
1.031851107e+00 1.032922906e+00 1.055365428e+00 
1.043961165e+00 1.020223034e+00 1.045454186e+00 
1.058990291e+00 1.034664602e+00 1.066707239e+00 
1.054187728e+00 1.052226711e+00 1.081850731e+00 
1.045242718e+00 1.020198844e+00 1.045873082e+00 
1.049436893e+00 1.025206222e+00 1.052931088e+00 
1.054925592e+00 1.052129950e+00 1.083123227e+00 
1.047158602e+00 1.033963086e+00 1.064960521e+00 
1.050485437e+00 1.035148407e+00 1.067845372e+00 
1.081009709e+00 1.037035245e+00 1.069228520e+00 
1.052504854e+00 1.022956530e+00 1.052796725e+00 
1.031417476e+00 1.015747841e+00 1.036499293e+00 
1.052077670e+00 1.023924139e+00 1.053168199e+00 
1.044595495e+00 1.031277970e+00 1.059277760e+00 
1.049165049e+00 1.024359564e+00 1.052749302e+00 
1.029747573e+00 1.011659692e+00 1.028643014e+00 
1.020932039e+00 1.014852802e+00 1.030263272e+00 
1.026796117e+00 1.011949975e+00 1.028192503e+00 
1.058796117e+00 1.029463703e+00 1.059696656e+00 
1.060932039e+00 1.020126273e+00 1.046054867e+00 
1.033061515e+00 1.021843779e+00 1.045936312e+00 
1.038951456e+00 1.020343985e+00 1.045556934e+00 
1.033669903e+00 1.020851980e+00 1.045691297e+00 
1.029501592e+00 1.022327584e+00 1.045699201e+00 
1.025695767e+00 1.018432957e+00 1.038024707e+00 
1.023883495e+00 1.013353008e+00 1.030531998e+00 
1.037553398e+00 1.016497738e+00 1.038309240e+00 
1.031495146e+00 1.016933162e+00 1.038340855e+00 
1.034718447e+00 1.013111106e+00 1.030935087e+00 
1.032996738e+00 1.020368175e+00 1.045604357e+00 
1.055456311e+00 1.016691260e+00 1.038743944e+00 
1.029592233e+00 1.016933162e+00 1.038293433e+00 
1.047145631e+00 1.010837224e+00 1.030397635e+00 
1.022291262e+00 1.014997944e+00 1.030713783e+00 
1.028233010e+00 1.015675270e+00 1.035953937e+00 
1.013281553e+00 1.008031157e+00 1.015499158e+00 
1.097631068e+00 1.025157841e+00 1.055523502e+00 
1.067883495e+00 1.014417378e+00 1.038206492e+00 
1.058796117e+00 1.018287815e+00 1.045604357e+00 
1.053475728e+00 1.019013522e+00 1.045296112e+00 
1.050330097e+00 1.024020900e+00 1.053065451e+00 
1.030459573e+00 1.022327584e+00 1.046070675e+00 
1.029178019e+00 1.022351774e+00 1.045651779e+00 
1.024737864e+00 1.018747430e+00 1.037937766e+00 
1.051067961e+00 1.020610078e+00 1.046094386e+00 
1.027067961e+00 1.018432957e+00 1.038072129e+00 
1.133106796e+00 1.089286146e+00 1.116453135e+00 
1.004349515e+00 1.011853214e+00 1.008915375e+00 
1.025631068e+00 1.003894627e+00 1.013934225e+00 
1.013825243e+00 1.011369409e+00 1.019956846e+00 
1.023456311e+00 1.007450591e+00 1.021837927e+00 
1.033009709e+00 1.014054525e+00 1.030919279e+00 
1.042563107e+00 1.015191466e+00 1.037890344e+00 
1.045631068e+00 1.014199666e+00 1.033069086e+00 
1.040155340e+00 1.010788843e+00 1.029789050e+00 
1.037048544e+00 1.014707661e+00 1.035677308e+00 
1.047689320e+00 1.013740052e+00 1.031188005e+00 
1.016686058e+00 1.024964319e+00 1.036981418e+00 
1.014278291e+00 1.021263214e+00 1.031377694e+00 
1.027728155e+00 1.007378021e+00 1.019964749e+00 
1.067729709e+00 1.081883935e+00 1.108019886e+00 
1.062731650e+00 1.044389076e+00 1.073994452e+00 
1.065902913e+00 1.050605965e+00 1.081874442e+00 
1.049849864e+00 1.062168896e+00 1.089817662e+00 
1.035465398e+00 1.041897482e+00 1.063759158e+00 
1.062498641e+00 1.047461235e+00 1.081099879e+00 
1.034617476e+00 1.046009821e+00 1.065679758e+00 
1.085443107e+00 1.122547715e+00 1.129344072e+00 
1.039702291e+00 1.040784731e+00 1.065695565e+00 
1.035075728e+00 1.043252135e+00 1.063403492e+00 
1.043818796e+00 1.046638767e+00 1.071141215e+00 
1.032802563e+00 1.035656402e+00 1.058123819e+00 
1.070988738e+00 1.046130772e+00 1.080665176e+00 
1.053594796e+00 1.036236968e+00 1.067924409e+00 
1.011339806e+00 1.008732674e+00 1.015364795e+00 
1.029359223e+00 1.011103316e+00 1.028326865e+00 
1.056517825e+00 1.032366530e+00 1.062004537e+00 
1.030816854e+00 1.035487070e+00 1.057112146e+00 
1.032537243e+00 1.031544063e+00 1.055815939e+00 
1.029902913e+00 1.010643702e+00 1.027054370e+00 
1.048779262e+00 1.032608433e+00 1.060866404e+00 
1.060945010e+00 1.026198021e+00 1.055760613e+00 
1.031145631e+00 1.016304216e+00 1.037542581e+00 
1.013203883e+00 1.012022545e+00 1.020881579e+00 
1.035288000e+00 1.032076248e+00 1.059198723e+00 
1.049449864e+00 1.017610489e+00 1.041747350e+00 
1.055119767e+00 1.018481337e+00 1.044900927e+00 
1.020427184e+00 1.015094705e+00 1.029875991e+00 
1.024116505e+00 1.019424756e+00 1.037637426e+00 
1.028427184e+00 1.018578098e+00 1.038522640e+00 
1.025786408e+00 1.012433779e+00 1.028579784e+00 
1.037253049e+00 1.046711338e+00 1.069679031e+00 
1.054475107e+00 1.066547328e+00 1.090007350e+00 
1.080617476e+00 1.109001185e+00 1.120381275e+00 
1.053668583e+00 1.085125426e+00 1.100961880e+00 
1.096504854e+00 1.090858511e+00 1.116603305e+00 
1.025074408e+00 1.035269358e+00 1.054219391e+00 
1.013825243e+00 1.010619512e+00 1.019727638e+00 
1.055236272e+00 1.065120105e+00 1.090521091e+00 
1.013915883e+00 1.016594499e+00 1.026192866e+00 
1.013669903e+00 1.009966376e+00 1.019040016e+00 
1.018330097e+00 1.014925373e+00 1.027417940e+00 
1.018692583e+00 1.016086504e+00 1.033092797e+00 
1.032058252e+00 1.032414911e+00 1.053128680e+00 
1.029110680e+00 1.035293548e+00 1.055697383e+00 
1.013242718e+00 1.011369409e+00 1.019522142e+00 
1.014860816e+00 1.013256247e+00 1.026856777e+00 
1.026563107e+00 1.006966787e+00 1.017230069e+00 
1.016401320e+00 1.022521106e+00 1.034468041e+00 
1.024284816e+00 1.020392366e+00 1.040783099e+00 
1.016103534e+00 1.015796221e+00 1.027054370e+00 
1.022213592e+00 1.012046736e+00 1.024872948e+00 
1.012880233e+00 1.017900772e+00 1.026959525e+00 
1.021592233e+00 1.016618689e+00 1.033598634e+00 
1.018951456e+00 1.008248869e+00 1.020952712e+00 
1.022834951e+00 1.008635913e+00 1.021648238e+00 
1.022200621e+00 1.015772031e+00 1.034665634e+00 
1.070291262e+00 1.015723651e+00 1.038514736e+00 
1.026032388e+00 1.018602288e+00 1.040901654e+00 
1.014821981e+00 1.019231234e+00 1.033322005e+00 
1.016569553e+00 1.014852802e+00 1.026880488e+00 
1.017695767e+00 1.022061492e+00 1.039558025e+00 
1.015961165e+00 1.020827790e+00 1.033345716e+00 
1.027792854e+00 1.020077893e+00 1.042355935e+00 
1.020453049e+00 1.017562108e+00 1.034547078e+00 
1.062990291e+00 1.014514139e+00 1.037424026e+00 
1.031184466e+00 1.022521106e+00 1.046639741e+00 
1.012582524e+00 1.011538741e+00 1.019751350e+00 
1.018550136e+00 1.023537096e+00 1.041012306e+00 
1.045178019e+00 1.039502649e+00 1.067758431e+00 
1.036854369e+00 1.017755630e+00 1.038506833e+00 
1.013087379e+00 1.017513728e+00 1.026216577e+00 
1.024090641e+00 1.015409178e+00 1.032982146e+00 
1.027300971e+00 1.020682648e+00 1.041383780e+00 
1.032970874e+00 1.024867558e+00 1.049224252e+00 
1.070174757e+00 1.019279615e+00 1.046236653e+00 
1.018809087e+00 1.019110283e+00 1.034001723e+00 
1.043184466e+00 1.014272237e+00 1.034096567e+00 
1.020258874e+00 1.012578921e+00 1.026746125e+00 
1.023844660e+00 1.020005322e+00 1.038830885e+00 
1.053708738e+00 1.016788021e+00 1.038854596e+00 
1.048634330e+00 1.026899538e+00 1.053697747e+00 
1.017074408e+00 1.013159486e+00 1.025291844e+00 
1.022161786e+00 1.017150874e+00 1.034531271e+00 
1.065941748e+00 1.015917173e+00 1.038767655e+00 
1.059805825e+00 1.016425168e+00 1.038822981e+00 
1.018401320e+00 1.017150874e+00 1.030421346e+00 
1.006252427e+00 1.005854036e+00 1.009239427e+00 
1.014951456e+00 1.018408767e+00 1.033163931e+00 
1.039469282e+00 1.018045913e+00 1.038815077e+00 
1.066951456e+00 1.014610900e+00 1.038340855e+00 
1.031456311e+00 1.007305450e+00 1.019205994e+00 
1.017610330e+00 1.023125862e+00 1.036886574e+00 
1.013644039e+00 1.013691671e+00 1.024556800e+00 
1.060815534e+00 1.015118895e+00 1.038396181e+00 
1.059029126e+00 1.014635090e+00 1.038080033e+00 
1.620751068e+00 1.486997750e+00 1.458928416e+00 
1.605423689e+00 1.487094511e+00 1.458928416e+00 
1.511652039e+00 1.553375747e+00 1.496953123e+00 
1.523283883e+00 1.552021094e+00 1.496953123e+00 
1.519075728e+00 1.552504899e+00 1.496953123e+00 
1.511061748e+00 1.558552457e+00 1.496953123e+00 
1.523812039e+00 1.551343767e+00 1.496953123e+00 
1.523563495e+00 1.551392148e+00 1.496953123e+00 
1.525030680e+00 1.548344179e+00 1.496953123e+00 
1.535551845e+00 1.546263819e+00 1.496953123e+00 
1.559392621e+00 1.544207649e+00 1.496953123e+00 
1.554027184e+00 1.544643073e+00 1.496953123e+00 
1.558289709e+00 1.544401171e+00 1.496953123e+00 
1.572011650e+00 1.543965747e+00 1.496953123e+00 
1.572260194e+00 1.542538523e+00 1.496953123e+00 
1.508120388e+00 1.564382302e+00 1.496953123e+00 
1.335800388e+00 1.637001379e+00 1.425203323e+00 
1.334316893e+00 1.639130119e+00 1.425203323e+00 
1.339213981e+00 1.626430247e+00 1.425203323e+00 
1.340798447e+00 1.623648371e+00 1.425203323e+00 
1.339617864e+00 1.624011224e+00 1.425203323e+00 
1.342569320e+00 1.620624592e+00 1.425203323e+00 
1.338328544e+00 1.631268294e+00 1.425203323e+00 
1.338654757e+00 1.630082972e+00 1.425203323e+00 
1.337318835e+00 1.635138731e+00 1.425203323e+00 
1.336274175e+00 1.635477394e+00 1.425203323e+00 
1.345582913e+00 1.692106727e+00 1.486148763e+00 
1.345621748e+00 1.691405211e+00 1.486148763e+00 
1.408322330e+00 1.565712765e+00 1.486148763e+00 
1.461042330e+00 1.519557803e+00 1.486148763e+00 
1.478301359e+00 1.514792327e+00 1.486148763e+00 
1.468313010e+00 1.516437263e+00 1.486148763e+00 
1.465259806e+00 1.516969448e+00 1.486148763e+00 
1.456848155e+00 1.525024795e+00 1.486148763e+00 
1.471167379e+00 1.515953458e+00 1.486148763e+00 
1.482511068e+00 1.514671376e+00 1.486148763e+00 
1.442204272e+00 1.558939500e+00 1.486148763e+00 
1.440138252e+00 1.562011660e+00 1.486148763e+00 
1.428041165e+00 1.562447084e+00 1.486148763e+00 
1.454603495e+00 1.554682019e+00 1.486148763e+00 
1.444817087e+00 1.557125233e+00 1.486148763e+00 
1.412462136e+00 1.562858318e+00 1.486148763e+00 
1.448918835e+00 1.555794770e+00 1.486148763e+00 
1.378685825e+00 1.542756235e+00 1.434292579e+00 
1.137704854e+00 1.209027795e+00 1.187025284e+00 
1.193878058e+00 1.278768233e+00 1.263193253e+00 
1.157984466e+00 1.234403348e+00 1.232273974e+00 
1.156757282e+00 1.226130289e+00 1.227974360e+00 
1.208438835e+00 1.269938799e+00 1.254989211e+00 
1.395488932e+00 1.652845981e+00 2.000000000e+00 
1.384285049e+00 1.652966932e+00 2.000000000e+00 
1.383933981e+00 1.653813590e+00 2.000000000e+00 
1.383238835e+00 1.654007112e+00 2.000000000e+00 
1.380656311e+00 1.654152253e+00 2.000000000e+00 
1.362733981e+00 1.654297395e+00 2.000000000e+00 
1.358768932e+00 1.655023102e+00 2.000000000e+00 
1.356110291e+00 1.657200223e+00 2.000000000e+00 
1.354968544e+00 1.658966109e+00 2.000000000e+00 
1.351632621e+00 1.659570865e+00 2.000000000e+00 
1.351205437e+00 1.659933719e+00 2.000000000e+00 
1.351060194e+00 1.661530274e+00 2.000000000e+00 
1.347461748e+00 1.661578655e+00 2.000000000e+00 
1.378100971e+00 1.566849706e+00 1.486204089e+00 
1.390252427e+00 1.594184668e+00 1.648443366e+00 
1.368598058e+00 1.592007547e+00 1.631964149e+00 
1.363038447e+00 1.607102252e+00 1.716731345e+00 
1.438774369e+00 1.577372457e+00 1.551006536e+00 
1.435913010e+00 1.569244539e+00 1.510302475e+00 
1.350759612e+00 1.583782868e+00 1.563130814e+00 
1.378511068e+00 1.601224026e+00 1.659469029e+00 
1.355796505e+00 1.589032149e+00 1.620780411e+00 
1.377126214e+00 1.584556956e+00 1.564806399e+00 
1.413831456e+00 1.593555722e+00 1.645945796e+00 
1.469733592e+00 1.588959578e+00 1.600199173e+00 
1.349589903e+00 1.586685696e+00 1.582376327e+00 
1.384584854e+00 1.586008370e+00 1.584620978e+00 
1.357741359e+00 1.570236339e+00 1.485326779e+00 
1.430691262e+00 1.572703742e+00 1.519123005e+00 
1.372233010e+00 1.585185902e+00 1.571287434e+00 
1.364730097e+00 1.574663151e+00 1.494542494e+00 
1.375368544e+00 1.575775902e+00 1.506911787e+00 
1.399996117e+00 1.566486853e+00 1.451783470e+00 
1.362996505e+00 1.567139989e+00 1.470317650e+00 
1.359992233e+00 1.565519243e+00 1.429858603e+00 
1.364135922e+00 1.576695131e+00 1.508263320e+00 
1.368852039e+00 1.577420837e+00 1.523920552e+00 
1.352288932e+00 1.620818114e+00 1.769765181e+00 
1.362755728e+00 1.623309708e+00 1.811575761e+00 
1.358549126e+00 1.576138755e+00 1.502746536e+00 
1.369211650e+00 1.574542200e+00 1.497814627e+00 
1.360986408e+00 1.568373691e+00 1.436394964e+00 
1.362650097e+00 1.609182612e+00 1.696347700e+00 
1.356479223e+00 1.579597958e+00 1.506982920e+00 
1.367104466e+00 1.623188756e+00 1.775100179e+00 
1.388147573e+00 1.635308063e+00 1.868466603e+00 
1.355881942e+00 1.614044849e+00 1.718240952e+00 
1.351200000e+00 1.576816082e+00 1.468365436e+00 
1.362458252e+00 1.614746365e+00 1.731171408e+00 
1.358648544e+00 1.617745954e+00 1.739833864e+00 
1.356323883e+00 1.569970246e+00 1.436078816e+00 
1.353487379e+00 1.583202303e+00 1.532772697e+00 
1.346658641e+00 1.572292508e+00 1.458873090e+00 
1.345944078e+00 1.600401558e+00 1.624147388e+00 
1.347590680e+00 1.603788190e+00 1.639709776e+00 
1.352924272e+00 1.625728731e+00 1.782213511e+00 
1.347263689e+00 1.567768935e+00 1.428096077e+00 
1.358687379e+00 1.568155979e+00 1.433541728e+00 
1.358370485e+00 1.568567213e+00 1.436837571e+00 
1.303026796e+00 2.000000000e+00 2.000000000e+00 
1.323277670e+00 1.987614601e+00 1.997984556e+00 
1.313285437e+00 1.993154164e+00 1.996759482e+00 
1.290198058e+00 1.979438303e+00 1.995961209e+00 
1.293638835e+00 1.976922519e+00 1.993439928e+00 

