1.001776935e+00 1.003947057e+00 1.008088855e+00 
1.192492871e+00 1.210092177e+00 1.224148789e+00 
1.464640678e+00 1.441054124e+00 1.425544096e+00 
1.406220120e+00 1.474379579e+00 1.442343396e+00 
1.488397458e+00 1.488135193e+00 1.464867871e+00 
1.365350606e+00 1.476695817e+00 1.399977099e+00 
1.504360261e+00 1.508248641e+00 1.493469211e+00 
1.494226652e+00 1.497967384e+00 1.471492717e+00 
1.437673569e+00 1.462987473e+00 1.431416490e+00 
1.393510801e+00 1.451406287e+00 1.416833651e+00 
1.537600799e+00 1.542779485e+00 1.517269582e+00 
1.547626099e+00 1.556038762e+00 1.520246673e+00 
1.425271406e+00 1.451619003e+00 1.426206581e+00 
1.496735516e+00 1.476979437e+00 1.448755592e+00 
1.516940117e+00 1.535901678e+00 1.511364473e+00 
1.498432912e+00 1.458449539e+00 1.432455201e+00 
1.402126399e+00 1.538194280e+00 1.443014059e+00 
1.399964461e+00 1.507374143e+00 1.425372341e+00 
1.434752625e+00 1.510872134e+00 1.477594118e+00 
1.477094457e+00 1.495863862e+00 1.461866244e+00 
1.465796532e+00 1.435665327e+00 1.418911072e+00 
1.499845153e+00 1.551028126e+00 1.506947909e+00 
1.414150329e+00 1.497163791e+00 1.453376627e+00 
1.509654682e+00 1.545142992e+00 1.513122920e+00 
1.348952031e+00 1.418789884e+00 1.392231755e+00 
1.461184962e+00 1.429756559e+00 1.412228974e+00 
1.523150930e+00 1.558236823e+00 1.521252668e+00 
1.486210135e+00 1.474048688e+00 1.448363009e+00 
1.451392356e+00 1.489435122e+00 1.459371703e+00 
1.474177744e+00 1.527227606e+00 1.488660064e+00 
1.490677859e+00 1.542944930e+00 1.492446858e+00 
1.464475677e+00 1.444930277e+00 1.426787277e+00 
1.463919750e+00 1.473363271e+00 1.445803038e+00 
1.475713524e+00 1.506972347e+00 1.476326400e+00 
1.499507535e+00 1.487520681e+00 1.466536351e+00 
1.361328809e+00 1.504868825e+00 1.404753531e+00 
1.420281602e+00 1.545686599e+00 1.465489462e+00 
1.449293880e+00 1.459891279e+00 1.433371229e+00 
1.390103316e+00 1.457291420e+00 1.417856004e+00 
1.475146597e+00 1.452682581e+00 1.431858147e+00 
1.447976409e+00 1.507799575e+00 1.471214637e+00 
1.434433623e+00 1.491160482e+00 1.448804665e+00 
1.461818736e+00 1.500047270e+00 1.462725020e+00 
1.463775903e+00 1.546372016e+00 1.487400525e+00 
1.393538724e+00 1.515788230e+00 1.431326523e+00 
1.427490883e+00 1.502647128e+00 1.456108353e+00 
1.387250912e+00 1.511722997e+00 1.422796012e+00 
1.426390875e+00 1.493902151e+00 1.446858106e+00 
1.222385155e+00 1.129331127e+00 1.159781462e+00 
1.429724744e+00 1.322476956e+00 1.353374173e+00 
1.379982400e+00 1.300732687e+00 1.327929858e+00 
1.211520464e+00 1.188418814e+00 1.214007050e+00 
1.161496349e+00 1.179839281e+00 1.206744256e+00 
1.157920478e+00 1.104088868e+00 1.135416752e+00 
1.334209391e+00 1.241881352e+00 1.273679734e+00 
1.272135961e+00 1.207539589e+00 1.245675448e+00 
1.326363798e+00 1.223280548e+00 1.253870627e+00 
1.371915113e+00 1.403639801e+00 1.403444920e+00 
1.376278759e+00 1.395627511e+00 1.399674483e+00 
1.462906051e+00 1.329378398e+00 1.356948318e+00 
1.376018142e+00 1.247199244e+00 1.284835647e+00 
1.260915883e+00 1.175277712e+00 1.210285686e+00 
1.418533436e+00 1.309004963e+00 1.338848585e+00 
1.414818795e+00 1.332427322e+00 1.362240016e+00 
1.274052513e+00 1.195722052e+00 1.230143865e+00 
1.406534891e+00 1.384495391e+00 1.395944940e+00 
1.327484960e+00 1.271921532e+00 1.302935379e+00 
1.392897335e+00 1.281966438e+00 1.306517703e+00 
1.250374426e+00 1.232781848e+00 1.262041270e+00 
1.288688537e+00 1.273859608e+00 1.305241807e+00 
1.387585145e+00 1.325644056e+00 1.352932517e+00 
1.474841980e+00 1.331694635e+00 1.359541005e+00 
1.438581498e+00 1.330465611e+00 1.359418322e+00 
1.388541305e+00 1.227700307e+00 1.260503652e+00 
1.303109637e+00 1.205885134e+00 1.244890281e+00 
1.420202909e+00 1.295509336e+00 1.321010575e+00 
1.224113859e+00 1.197305602e+00 1.228933400e+00 
1.271892267e+00 1.312810210e+00 1.322098359e+00 
1.406543353e+00 1.438666982e+00 1.418305839e+00 
1.349472419e+00 1.307988655e+00 1.338202459e+00 
1.249615420e+00 1.171070669e+00 1.206842402e+00 
1.345556392e+00 1.249680926e+00 1.284091374e+00 
1.399229149e+00 1.408815883e+00 1.409881652e+00 
1.160952268e+00 1.156558733e+00 1.190615620e+00 
1.382791650e+00 1.343204916e+00 1.376961895e+00 
1.383837503e+00 1.401016308e+00 1.401719188e+00 
1.233631464e+00 1.180382888e+00 1.218031030e+00 
1.375913218e+00 1.271496100e+00 1.294805630e+00 
1.398411758e+00 1.269723470e+00 1.301332330e+00 
1.397857524e+00 1.389009690e+00 1.387496217e+00 
1.236381483e+00 1.126022217e+00 1.158088446e+00 
1.278335773e+00 1.339305129e+00 1.343747700e+00 
1.272710503e+00 1.295958402e+00 1.325181774e+00 
1.369270864e+00 1.339754195e+00 1.374058413e+00 
1.216853809e+00 1.188986055e+00 1.216534306e+00 
1.314922026e+00 1.257362326e+00 1.293006290e+00 
1.421287686e+00 1.331741905e+00 1.357218219e+00 
1.467949163e+00 1.355589695e+00 1.377182723e+00 
1.247897716e+00 1.163460175e+00 1.196169040e+00 
1.322761696e+00 1.287851572e+00 1.320920608e+00 
1.357392474e+00 1.313235642e+00 1.342905281e+00 
1.168010932e+00 1.134223588e+00 1.166512632e+00 
1.352841827e+00 1.334294493e+00 1.366697474e+00 
1.471278801e+00 1.357764122e+00 1.381214882e+00 
1.305692116e+00 1.225005909e+00 1.257731031e+00 
1.446873863e+00 1.431032853e+00 1.412327120e+00 
1.340696051e+00 1.326376743e+00 1.354960864e+00 
1.192849950e+00 1.211084850e+00 1.225768196e+00 
1.283491424e+00 1.284424486e+00 1.304121308e+00 
1.285873364e+00 1.286717088e+00 1.313927716e+00 
1.276282143e+00 1.258189553e+00 1.283968691e+00 
1.281062100e+00 1.246797447e+00 1.273745164e+00 
1.275951295e+00 1.228740251e+00 1.258123615e+00 
1.310005839e+00 1.196998346e+00 1.233554434e+00 
1.433669541e+00 1.294091231e+00 1.322490942e+00 
1.251607280e+00 1.284117230e+00 1.302919021e+00 
1.299108994e+00 1.257055070e+00 1.283477962e+00 
1.261135885e+00 1.208508627e+00 1.242616569e+00 
1.371266955e+00 1.233490900e+00 1.263554352e+00 
1.183070883e+00 1.224060506e+00 1.235607318e+00 
1.406886894e+00 1.470054361e+00 1.420685876e+00 
1.287673145e+00 1.313542898e+00 1.341752067e+00 
1.355251690e+00 1.394422122e+00 1.387169064e+00 
1.320798606e+00 1.365563697e+00 1.386138533e+00 
1.298632606e+00 1.343701253e+00 1.365151676e+00 
1.274308053e+00 1.209855826e+00 1.249593104e+00 
1.229161202e+00 1.157787757e+00 1.191515290e+00 
1.282723111e+00 1.318293548e+00 1.349088470e+00 
1.288324688e+00 1.342590404e+00 1.358494115e+00 
1.366418460e+00 1.285369889e+00 1.309879199e+00 
1.266059688e+00 1.260151264e+00 1.283682433e+00 
1.232793765e+00 1.254053415e+00 1.271307875e+00 
1.218112895e+00 1.237532498e+00 1.265517270e+00 
1.275942833e+00 1.273505082e+00 1.296261461e+00 
1.412826935e+00 1.264121957e+00 1.293456125e+00 
1.235778171e+00 1.279532026e+00 1.296604971e+00 
1.209322988e+00 1.232380052e+00 1.260380970e+00 
1.163423054e+00 1.154715197e+00 1.190615620e+00 
1.212057776e+00 1.267785394e+00 1.264355877e+00 
1.304242645e+00 1.303214370e+00 1.332493641e+00 
1.448446028e+00 1.470597967e+00 1.433281262e+00 
1.356427852e+00 1.408154101e+00 1.391986390e+00 
1.231014292e+00 1.258567714e+00 1.270097410e+00 
1.254434300e+00 1.300449066e+00 1.316708515e+00 
1.237170103e+00 1.252233515e+00 1.281392363e+00 
1.195193813e+00 1.212479319e+00 1.237913746e+00 
1.310275763e+00 1.253675254e+00 1.284819289e+00 
1.203251792e+00 1.194682108e+00 1.224116074e+00 
1.202195784e+00 1.229874734e+00 1.238551694e+00 
1.287258527e+00 1.306428740e+00 1.327300089e+00 
1.239886276e+00 1.214653746e+00 1.241152560e+00 
1.265656070e+00 1.280170173e+00 1.297848152e+00 
1.205781809e+00 1.223800520e+00 1.251613273e+00 
1.210065070e+00 1.207468684e+00 1.233047347e+00 
1.216529730e+00 1.218908060e+00 1.247221245e+00 
1.208007209e+00 1.125809501e+00 1.157744935e+00 
1.251992283e+00 1.238879697e+00 1.266997636e+00 
1.228854892e+00 1.201938076e+00 1.233865229e+00 
1.011677004e+00 1.003356181e+00 1.008064318e+00 
1.314811179e+00 1.230134720e+00 1.258982391e+00 
1.258522944e+00 1.198085559e+00 1.233129135e+00 
1.254843841e+00 1.175868589e+00 1.208682637e+00 
1.262759665e+00 1.188324273e+00 1.224336902e+00 
1.389159002e+00 1.505152446e+00 1.411942716e+00 
1.001523087e+00 1.004774285e+00 1.007009250e+00 
1.002030783e+00 1.002221697e+00 1.007311867e+00 
1.263257207e+00 1.195792957e+00 1.225261109e+00 
1.137280950e+00 1.130796502e+00 1.157565001e+00 
1.155987003e+00 1.186693453e+00 1.204396935e+00 
1.180693174e+00 1.176884897e+00 1.206850581e+00 
1.188111456e+00 1.133892697e+00 1.167772171e+00 
1.418819438e+00 1.468069014e+00 1.424775287e+00 
1.223699241e+00 1.279130229e+00 1.283527035e+00 
1.403165483e+00 1.449066415e+00 1.413185896e+00 
1.397658676e+00 1.442850390e+00 1.406274792e+00 
1.203120637e+00 1.231269203e+00 1.254165065e+00 
1.357631937e+00 1.235098086e+00 1.262556536e+00 
1.320605681e+00 1.431600095e+00 1.372439006e+00 
1.398640221e+00 1.395769322e+00 1.401621042e+00 
1.344326076e+00 1.220680690e+00 1.249642177e+00 
1.367739315e+00 1.287709761e+00 1.315890633e+00 
1.403305100e+00 1.429827464e+00 1.411934537e+00 
1.233105998e+00 1.172748759e+00 1.205353857e+00 
1.410648074e+00 1.220586150e+00 1.250615456e+00 
1.385009435e+00 1.471756086e+00 1.411656457e+00 
1.219646136e+00 1.176010399e+00 1.209909460e+00 
1.389353619e+00 1.501819901e+00 1.413537586e+00 
1.391368325e+00 1.283171827e+00 1.308979528e+00 
1.358103248e+00 1.505601513e+00 1.412016325e+00 
1.243059375e+00 1.165138265e+00 1.193216485e+00 
1.258135402e+00 1.133396360e+00 1.162055174e+00 
1.389134463e+00 1.280997400e+00 1.305609854e+00 
1.367290004e+00 1.466178208e+00 1.409399102e+00 
1.333545155e+00 1.484235405e+00 1.395773185e+00 
1.318044356e+00 1.456133302e+00 1.368840325e+00 
1.402749173e+00 1.534814465e+00 1.451520034e+00 
1.367141926e+00 1.536847081e+00 1.424022835e+00 
1.362262123e+00 1.511841172e+00 1.416195703e+00 
1.118015586e+00 1.147246514e+00 1.157246027e+00 
1.146020088e+00 1.193145828e+00 1.193093803e+00 
1.329501358e+00 1.477239423e+00 1.388387709e+00 
1.386597676e+00 1.538383361e+00 1.437280705e+00 
1.395533123e+00 1.549468211e+00 1.440797599e+00 
1.356499776e+00 1.509335854e+00 1.410732250e+00 
1.333917466e+00 1.481139211e+00 1.395773185e+00 
1.242041445e+00 1.247151974e+00 1.267872770e+00 
1.379500935e+00 1.521460648e+00 1.426443767e+00 
1.261406656e+00 1.276672182e+00 1.286774027e+00 
1.331779220e+00 1.101867171e+00 1.133879133e+00 
1.103021636e+00 1.141715906e+00 1.151995224e+00 
1.223142468e+00 1.276435831e+00 1.268649758e+00 
1.310333302e+00 1.272465138e+00 1.285530846e+00 
1.194515193e+00 1.207728669e+00 1.220926333e+00 
1.007192357e+00 1.003734342e+00 1.007835311e+00 
1.207562975e+00 1.278752068e+00 1.256602354e+00 
1.252367132e+00 1.205081541e+00 1.235247450e+00 
1.187858454e+00 1.166580005e+00 1.203186469e+00 
1.212555318e+00 1.148262822e+00 1.189167968e+00 
1.162289200e+00 1.170905223e+00 1.204961273e+00 
1.282779804e+00 1.207326873e+00 1.235271987e+00 
1.178334927e+00 1.129780194e+00 1.161916134e+00 
1.160795729e+00 1.146702907e+00 1.182723057e+00 
1.195196351e+00 1.212053888e+00 1.229121513e+00 
1.214298407e+00 1.221224297e+00 1.253764303e+00 
1.194111575e+00 1.202907114e+00 1.219274211e+00 
1.150749274e+00 1.120042543e+00 1.146490877e+00 
1.152575287e+00 1.153344363e+00 1.189470585e+00 
1.101221855e+00 1.119191680e+00 1.139146295e+00 
1.126748801e+00 1.134247223e+00 1.168058430e+00 
1.119610597e+00 1.118860789e+00 1.143374745e+00 
1.143587379e+00 1.142117703e+00 1.179034408e+00 
1.155796617e+00 1.189600567e+00 1.218325468e+00 
1.179172625e+00 1.212313874e+00 1.230291084e+00 
1.134181467e+00 1.138336091e+00 1.176539868e+00 
1.127357189e+00 1.120349799e+00 1.156199138e+00 
1.197783908e+00 1.197163791e+00 1.228033729e+00 
1.139513120e+00 1.170503427e+00 1.191122707e+00 
1.155246613e+00 1.116568187e+00 1.150907440e+00 
1.166278843e+00 1.163483810e+00 1.191466217e+00 
1.187287297e+00 1.184684472e+00 1.210948171e+00 
1.165078989e+00 1.214701016e+00 1.220124809e+00 
1.203645256e+00 1.219026235e+00 1.239475901e+00 
1.155111228e+00 1.176152210e+00 1.197395863e+00 
1.196780362e+00 1.199834554e+00 1.224770380e+00 
1.149222802e+00 1.179130229e+00 1.192095987e+00 
1.008461597e+00 1.003852517e+00 1.008129749e+00 
1.010746228e+00 1.001394469e+00 1.007786238e+00 
1.010661612e+00 1.002623493e+00 1.007851669e+00 
1.000000000e+00 1.001016308e+00 1.006960177e+00 
1.109163063e+00 1.134365398e+00 1.151349097e+00 
1.101314932e+00 1.119097140e+00 1.143947263e+00 
1.140562358e+00 1.104939731e+00 1.132668668e+00 
1.104318799e+00 1.111463011e+00 1.136332780e+00 
1.105805502e+00 1.093405814e+00 1.126109253e+00 
1.046196089e+00 1.045001182e+00 1.075457810e+00 
1.083566732e+00 1.118175372e+00 1.125978392e+00 
1.175831987e+00 1.067265422e+00 1.104468090e+00 
1.040650951e+00 1.044173954e+00 1.072325321e+00 
1.038766807e+00 1.061167573e+00 1.082941431e+00 
1.034523316e+00 1.008201371e+00 1.022671694e+00 
1.059932053e+00 1.062987473e+00 1.095062445e+00 
1.102231323e+00 1.064760104e+00 1.103462095e+00 
1.031357240e+00 1.030181990e+00 1.057578905e+00 
1.057764531e+00 1.035878043e+00 1.070386940e+00 
1.022465540e+00 1.014228315e+00 1.030760549e+00 
1.016203958e+00 1.007799575e+00 1.016153173e+00 
1.039487481e+00 1.042519499e+00 1.071671015e+00 
1.024454015e+00 1.005530607e+00 1.015637907e+00 
1.090807321e+00 1.035925313e+00 1.071221180e+00 
1.037139388e+00 1.029520208e+00 1.057848806e+00 
1.038754114e+00 1.008130466e+00 1.022745303e+00 
1.019123209e+00 1.008484992e+00 1.020389803e+00 
1.037781031e+00 1.015551879e+00 1.036731089e+00 
1.027330958e+00 1.011864807e+00 1.029869057e+00 
1.043252892e+00 1.046891988e+00 1.079776227e+00 
1.033409177e+00 1.035452612e+00 1.062772457e+00 
1.034184852e+00 1.015291893e+00 1.035839597e+00 
1.018784745e+00 1.010541243e+00 1.023391430e+00 
1.027669422e+00 1.011675727e+00 1.029018460e+00 
1.034933703e+00 1.036138029e+00 1.065504183e+00 
1.042385578e+00 1.037981565e+00 1.070632305e+00 
1.057059341e+00 1.032947294e+00 1.066452927e+00 
1.025792386e+00 1.024060506e+00 1.046455708e+00 
1.016605884e+00 1.012195698e+00 1.027088258e+00 
1.025475076e+00 1.025053179e+00 1.047355378e+00 
1.028425297e+00 1.024273221e+00 1.048623095e+00 
1.016880886e+00 1.010730324e+00 1.022974310e+00 
1.016605884e+00 1.011392106e+00 1.023113350e+00 
1.020956584e+00 1.012030253e+00 1.026761105e+00 
1.066486999e+00 1.081044670e+00 1.106872664e+00 
1.111208231e+00 1.152493500e+00 1.161229113e+00 
1.042147215e+00 1.043843063e+00 1.073470356e+00 
1.030254440e+00 1.030772867e+00 1.054765390e+00 
1.015400107e+00 1.008815883e+00 1.016038669e+00 
1.028600198e+00 1.009454030e+00 1.023824908e+00 
1.000000000e+00 1.000000000e+00 1.000000000e+00 
1.021703996e+00 1.008059560e+00 1.021256758e+00 
1.026780955e+00 1.012739305e+00 1.029999918e+00 
1.020829660e+00 1.011935713e+00 1.026221303e+00 
1.021506587e+00 1.012526589e+00 1.029386507e+00 
1.026823263e+00 1.004017963e+00 1.010493428e+00 
1.010576996e+00 1.004537934e+00 1.011523960e+00 
1.019123209e+00 1.011581186e+00 1.025820540e+00 
1.015414237e+00 1.013944694e+00 1.027832530e+00 
1.032114553e+00 1.055778776e+00 1.072677010e+00 
1.093820496e+00 1.079319310e+00 1.109931543e+00 
1.088155456e+00 1.072086977e+00 1.105948457e+00 
1.075251521e+00 1.055967856e+00 1.089975218e+00 
1.098901685e+00 1.061143938e+00 1.099462651e+00 
1.040686151e+00 1.027794848e+00 1.058961126e+00 
1.036910925e+00 1.051808083e+00 1.075097941e+00 
1.071092646e+00 1.066769085e+00 1.103151300e+00 
1.059633105e+00 1.061852990e+00 1.090940319e+00 
1.046637531e+00 1.032663673e+00 1.064072890e+00 
1.033158206e+00 1.041526826e+00 1.066992729e+00 
1.056847801e+00 1.034152683e+00 1.069364587e+00 
1.054231814e+00 1.045733869e+00 1.081199342e+00 
1.046891378e+00 1.035996218e+00 1.070934921e+00 
1.041920190e+00 1.042212243e+00 1.069928926e+00 
1.043979151e+00 1.039730560e+00 1.072603401e+00 
1.038654014e+00 1.057055070e+00 1.078394007e+00 
1.042004806e+00 1.041266840e+00 1.070346046e+00 
1.051865359e+00 1.063365635e+00 1.089198230e+00 
1.038373343e+00 1.028149374e+00 1.056793738e+00 
1.082794189e+00 1.057953203e+00 1.092175321e+00 
1.055324714e+00 1.038903333e+00 1.078107748e+00 
1.049345242e+00 1.033490900e+00 1.066681934e+00 
1.038909216e+00 1.032450957e+00 1.060956759e+00 
1.025511715e+00 1.017135429e+00 1.038186919e+00 
1.033204745e+00 1.030631056e+00 1.058601258e+00 
1.025962972e+00 1.023445994e+00 1.046316668e+00 
1.050346502e+00 1.016095486e+00 1.039315596e+00 
1.043831073e+00 1.011415741e+00 1.031169490e+00 
1.025102766e+00 1.023800520e+00 1.046030409e+00 
1.028515582e+00 1.010564878e+00 1.024029378e+00 
1.014977027e+00 1.006948712e+00 1.015965060e+00 
1.023777088e+00 1.008910423e+00 1.023211496e+00 
1.028092502e+00 1.010777594e+00 1.024029378e+00 
1.040446434e+00 1.011510281e+00 1.030629687e+00 
1.035947657e+00 1.034625384e+00 1.065602329e+00 
1.028698945e+00 1.028976601e+00 1.053767574e+00 
1.028924531e+00 1.023351454e+00 1.046308489e+00 
1.027161727e+00 1.008815883e+00 1.023751298e+00 
1.017007810e+00 1.011344836e+00 1.023236033e+00 
1.030800213e+00 1.008555897e+00 1.023685868e+00 
1.008715445e+00 1.007468684e+00 1.015147178e+00 
1.040700282e+00 1.012432049e+00 1.031815617e+00 
1.067015849e+00 1.018695344e+00 1.046733788e+00 
1.031470118e+00 1.029638383e+00 1.058241390e+00 
1.023354008e+00 1.008414087e+00 1.022221859e+00 
1.026752778e+00 1.022713307e+00 1.046038588e+00 
1.033381000e+00 1.031458284e+00 1.060449672e+00 
1.033634848e+00 1.017135429e+00 1.039757253e+00 
1.047469559e+00 1.011155755e+00 1.031104059e+00 
1.028684814e+00 1.013259277e+00 1.031627504e+00 
1.010069300e+00 1.008295911e+00 1.015171714e+00 
1.048781107e+00 1.019782557e+00 1.046292131e+00 
1.021915536e+00 1.008721342e+00 1.023096993e+00 
1.029375873e+00 1.028622075e+00 1.054053833e+00 
1.029756644e+00 1.025573151e+00 1.053317739e+00 
1.032069453e+00 1.009595840e+00 1.023980305e+00 
1.040361818e+00 1.010281257e+00 1.024168418e+00 
1.038584883e+00 1.011321201e+00 1.030515184e+00 
1.048315719e+00 1.025431340e+00 1.054879894e+00 
1.053731141e+00 1.023658710e+00 1.054421880e+00 
1.064815833e+00 1.014890097e+00 1.037115493e+00 
1.028557890e+00 1.020113448e+00 1.045024414e+00 
1.029234818e+00 1.022666036e+00 1.046717430e+00 
1.057369628e+00 1.015031907e+00 1.039233808e+00 
1.025398922e+00 1.021909714e+00 1.045973157e+00 
1.027958555e+00 1.027085795e+00 1.053710322e+00 
1.030010492e+00 1.016308201e+00 1.037221818e+00 
1.073362046e+00 1.018458993e+00 1.045654183e+00 
1.077423613e+00 1.017797211e+00 1.044288320e+00 
1.043196453e+00 1.020255259e+00 1.047142729e+00 
1.087408297e+00 1.022784212e+00 1.051837372e+00 
1.040883645e+00 1.032001891e+00 1.061455667e+00 
1.038768245e+00 1.030040180e+00 1.060850434e+00 
1.019673213e+00 1.014228315e+00 1.029959024e+00 
1.040234894e+00 1.029071142e+00 1.059893512e+00 
1.039000939e+00 1.033372725e+00 1.065119779e+00 
1.074038974e+00 1.018340818e+00 1.047208159e+00 
1.031124546e+00 1.022264240e+00 1.046316668e+00 
1.082669803e+00 1.017939022e+00 1.046406635e+00 
1.029608567e+00 1.027038525e+00 1.054102906e+00 
1.013327015e+00 1.011722997e+00 1.022761661e+00 
1.053159983e+00 1.022571496e+00 1.050496046e+00 
1.027330958e+00 1.005128811e+00 1.015098105e+00 
1.013453939e+00 1.009335854e+00 1.020643346e+00 
1.050854198e+00 1.012644765e+00 1.031954657e+00 
1.036469483e+00 1.007610494e+00 1.020201690e+00 
1.030207901e+00 1.011982983e+00 1.031022271e+00 
1.031032907e+00 1.023989601e+00 1.053154163e+00 
1.030666266e+00 1.025313165e+00 1.053252308e+00 
1.035129759e+00 1.025124084e+00 1.053595819e+00 
1.027147596e+00 1.021460648e+00 1.045735971e+00 
1.006980818e+00 1.008106831e+00 1.014697343e+00 
1.032069453e+00 1.012172063e+00 1.031136774e+00 
1.034213029e+00 1.019215316e+00 1.044394645e+00 
1.027669422e+00 1.004703380e+00 1.014852740e+00 
1.046538784e+00 1.007515954e+00 1.020406160e+00 
1.053604217e+00 1.014370125e+00 1.033435023e+00 
1.029192510e+00 1.015670054e+00 1.035381583e+00 
1.015907802e+00 1.008697707e+00 1.017052843e+00 
1.031223293e+00 1.014511936e+00 1.031962835e+00 
1.010915460e+00 1.005648783e+00 1.015924166e+00 
1.021069377e+00 1.011368471e+00 1.024438319e+00 
1.020307833e+00 1.008957693e+00 1.022418150e+00 
1.024121221e+00 1.014961002e+00 1.033876680e+00 
1.022084768e+00 1.009028598e+00 1.023546828e+00 
1.026338159e+00 1.019191680e+00 1.039945365e+00 
1.034528985e+00 1.022689671e+00 1.048189618e+00 
1.027692015e+00 1.019262586e+00 1.041425732e+00 
1.040686151e+00 1.022453321e+00 1.047281769e+00 
1.023523240e+00 1.005341527e+00 1.015310754e+00 
1.015992418e+00 1.008768613e+00 1.019023939e+00 
1.026146335e+00 1.004608840e+00 1.013388731e+00 
1.029446358e+00 1.004301584e+00 1.013167903e+00 
1.026270466e+00 1.019498936e+00 1.041851031e+00 
1.030501265e+00 1.023564169e+00 1.048034220e+00 
1.022101691e+00 1.023587804e+00 1.045277957e+00 
1.033931004e+00 1.019498936e+00 1.045351567e+00 
1.028701737e+00 1.024462302e+00 1.052990586e+00 
1.024454015e+00 1.004396124e+00 1.012055583e+00 
1.110154763e+00 1.098203734e+00 1.126591803e+00 
1.069926638e+00 1.072559679e+00 1.101859046e+00 
1.097428521e+00 1.125644056e+00 1.139587951e+00 
1.089016001e+00 1.109572205e+00 1.129397139e+00 
1.088186764e+00 1.102008981e+00 1.122297922e+00 
1.231396756e+00 1.113802883e+00 1.152077012e+00 
1.076701839e+00 1.080831955e+00 1.109097303e+00 
1.087503913e+00 1.106735996e+00 1.124596171e+00 
1.088988078e+00 1.092153155e+00 1.119811560e+00 
1.059984261e+00 1.056676909e+00 1.086073920e+00 
1.164535754e+00 1.069699835e+00 1.106226537e+00 
1.055894518e+00 1.064760104e+00 1.099658943e+00 
1.094953504e+00 1.079862917e+00 1.109972437e+00 
1.181839720e+00 1.075466793e+00 1.108892833e+00 
1.095194659e+00 1.123540534e+00 1.139162652e+00 
1.118617206e+00 1.076766722e+00 1.113203072e+00 
1.231636219e+00 1.122973292e+00 1.157908512e+00 
1.114457485e+00 1.077215788e+00 1.110086941e+00 
1.124193398e+00 1.132238242e+00 1.155135891e+00 
1.124413400e+00 1.081753723e+00 1.120040567e+00 
1.053835473e+00 1.053604349e+00 1.085975774e+00 
1.064669194e+00 1.052989837e+00 1.085910344e+00 
1.053803065e+00 1.072937840e+00 1.102227093e+00 
1.082401570e+00 1.069132593e+00 1.103200373e+00 
1.035458322e+00 1.047459229e+00 1.072407109e+00 
1.037016695e+00 1.027818483e+00 1.055133437e+00 
1.037094203e+00 1.045946585e+00 1.077019965e+00 
1.021153993e+00 1.025714961e+00 1.046390277e+00 
1.032264070e+00 1.048144647e+00 1.074623570e+00 
1.012043645e+00 1.015197353e+00 1.024920870e+00 
1.024580939e+00 1.018222642e+00 1.037786157e+00 
1.038782292e+00 1.042803120e+00 1.068481275e+00 
1.018996285e+00 1.010068542e+00 1.022385435e+00 
1.037649876e+00 1.057811392e+00 1.082704246e+00 
1.021788612e+00 1.012786575e+00 1.029697302e+00 
1.008969293e+00 1.006216025e+00 1.014321117e+00 
1.025074504e+00 1.012313874e+00 1.029034817e+00 
1.029707229e+00 1.030820137e+00 1.056286651e+00 
1.017148865e+00 1.009477665e+00 1.021232221e+00 
1.021086300e+00 1.018199007e+00 1.037189103e+00 
1.034544470e+00 1.021673363e+00 1.046063124e+00 
1.022818135e+00 1.016024580e+00 1.034048435e+00 
1.026456622e+00 1.012786575e+00 1.029926309e+00 
1.022736311e+00 1.016591822e+00 1.036297611e+00 
1.020113216e+00 1.029071142e+00 1.047633458e+00 
1.022998621e+00 1.021909714e+00 1.044991698e+00 
1.015329622e+00 1.009028598e+00 1.020168974e+00 
1.016838578e+00 1.010068542e+00 1.021444871e+00 
1.014807795e+00 1.014086504e+00 1.026662959e+00 
1.022973236e+00 1.015717325e+00 1.036158571e+00 
1.021323225e+00 1.008201371e+00 1.018296024e+00 
1.020223217e+00 1.009146774e+00 1.020569737e+00 
1.018277050e+00 1.008555897e+00 1.019162979e+00 
1.024059113e+00 1.016639092e+00 1.037050063e+00 
1.020561681e+00 1.008437722e+00 1.020855995e+00 
1.026104027e+00 1.021460648e+00 1.044599115e+00 
1.025046327e+00 1.013164736e+00 1.030237104e+00 
1.020699859e+00 1.020609785e+00 1.039585497e+00 
1.023741803e+00 1.016520917e+00 1.036534797e+00 
1.026992495e+00 1.012053888e+00 1.028519551e+00 
1.013877019e+00 1.012077523e+00 1.024732757e+00 
1.027923270e+00 1.020609785e+00 1.044361929e+00 
1.010789975e+00 1.018718979e+00 1.029550083e+00 
1.023387854e+00 1.019924368e+00 1.043658551e+00 
1.020907168e+00 1.017111794e+00 1.035733272e+00 
1.034904088e+00 1.014937367e+00 1.035643305e+00 
1.019877730e+00 1.016308201e+00 1.035242543e+00 
1.015553854e+00 1.016284566e+00 1.032232737e+00 
1.015414237e+00 1.013921059e+00 1.027668954e+00 
1.025695078e+00 1.016048216e+00 1.036608406e+00 
1.019461673e+00 1.008012290e+00 1.018181521e+00 
1.021988898e+00 1.020231624e+00 1.041548415e+00 
1.021774482e+00 1.016166391e+00 1.034915390e+00 
1.018023202e+00 1.016308201e+00 1.032633499e+00 
1.023861704e+00 1.011581186e+00 1.027914319e+00 
1.018460412e+00 1.017017254e+00 1.035520623e+00 
1.026202774e+00 1.014842827e+00 1.034825423e+00 
1.017423867e+00 1.016639092e+00 1.034980821e+00 
1.092210254e+00 1.092058615e+00 1.121169244e+00 
1.145562315e+00 1.131907351e+00 1.160844709e+00 
1.065168428e+00 1.032214606e+00 1.065594151e+00 
1.103009790e+00 1.101347199e+00 1.131327341e+00 
1.111504387e+00 1.131836445e+00 1.152911252e+00 
1.032492533e+00 1.016331836e+00 1.038047879e+00 
1.128793969e+00 1.145024817e+00 1.169702373e+00 
1.050677943e+00 1.037863389e+00 1.070951279e+00 
1.105706501e+00 1.106830537e+00 1.142213353e+00 
1.095852971e+00 1.111628457e+00 1.133772809e+00 
1.079248779e+00 1.107870480e+00 1.122641432e+00 
1.087833070e+00 1.080430158e+00 1.107968626e+00 
1.076605376e+00 1.066509100e+00 1.100812157e+00 
1.047293304e+00 1.040368707e+00 1.078950166e+00 
1.045777240e+00 1.041928622e+00 1.073200455e+00 
1.125468561e+00 1.144504845e+00 1.158554639e+00 
1.097513983e+00 1.111392106e+00 1.134942380e+00 
1.068257165e+00 1.041857717e+00 1.081763681e+00 
1.118779668e+00 1.122264240e+00 1.150392175e+00 
1.035947657e+00 1.043063106e+00 1.069789886e+00 
1.029079717e+00 1.015835500e+00 1.037156387e+00 
1.099635305e+00 1.110186717e+00 1.129879690e+00 
1.070682259e+00 1.048782794e+00 1.085575012e+00 
1.063123514e+00 1.041408650e+00 1.079579936e+00 
1.029812999e+00 1.016450012e+00 1.037434467e+00 
1.055028558e+00 1.039541480e+00 1.072734262e+00 
1.116410421e+00 1.120444339e+00 1.146507234e+00 
1.093335646e+00 1.118671709e+00 1.135858408e+00 
1.062869666e+00 1.039541480e+00 1.078189536e+00 
1.042872120e+00 1.023138738e+00 1.053235951e+00 
1.042054137e+00 1.027700307e+00 1.060997653e+00 
1.047046480e+00 1.033278185e+00 1.065283355e+00 
1.099880691e+00 1.119546207e+00 1.140700271e+00 
1.041842597e+00 1.031860080e+00 1.061799177e+00 
1.102351478e+00 1.124415032e+00 1.147047036e+00 
1.103668948e+00 1.110753959e+00 1.134476187e+00 
1.070738951e+00 1.045615694e+00 1.087218955e+00 
1.046792632e+00 1.029260222e+00 1.061382057e+00 
1.061064554e+00 1.036870716e+00 1.073797509e+00 
1.044863388e+00 1.034956275e+00 1.069757171e+00 
1.055458745e+00 1.038406996e+00 1.073257706e+00 
1.043492609e+00 1.043464902e+00 1.073879297e+00 
1.042900297e+00 1.027038525e+00 1.058691225e+00 
1.037872670e+00 1.027983928e+00 1.055460590e+00 
1.047396197e+00 1.032332782e+00 1.064293718e+00 
1.036152173e+00 1.023351454e+00 1.053653071e+00 
1.092654488e+00 1.026589459e+00 1.060449672e+00 
1.031646373e+00 1.033656346e+00 1.061103977e+00 
1.042843858e+00 1.028763886e+00 1.061259375e+00 
1.065915841e+00 1.019546207e+00 1.047085477e+00 
1.029954054e+00 1.009926731e+00 1.023947590e+00 
1.051305455e+00 1.039045143e+00 1.071114855e+00 
1.050882375e+00 1.030394706e+00 1.064424579e+00 
1.075731294e+00 1.024675018e+00 1.054593635e+00 
1.049211210e+00 1.026802174e+00 1.057145428e+00 
1.043943866e+00 1.026211298e+00 1.056335724e+00 
1.046552915e+00 1.041432286e+00 1.073691184e+00 
1.048654183e+00 1.022878752e+00 1.049383726e+00 
1.046708016e+00 1.026636729e+00 1.056401155e+00 
1.063631210e+00 1.038666982e+00 1.074541782e+00 
1.031730989e+00 1.016851808e+00 1.038178740e+00 
1.042674626e+00 1.033916332e+00 1.066223920e+00 
1.037428436e+00 1.023091468e+00 1.049800846e+00 
1.033609463e+00 1.040888679e+00 1.066436569e+00 
1.043018759e+00 1.030961948e+00 1.061733747e+00 
1.074546670e+00 1.025856771e+00 1.055051649e+00 
1.043450301e+00 1.033916332e+00 1.066714649e+00 
1.050120832e+00 1.029780194e+00 1.062183582e+00 
1.026964317e+00 1.016355472e+00 1.037287248e+00 
1.041757981e+00 1.018648074e+00 1.041417553e+00 
1.019630905e+00 1.004396124e+00 1.010632468e+00 
1.047497737e+00 1.031340109e+00 1.065512362e+00 
1.033479747e+00 1.019451666e+00 1.045122560e+00 
1.043464432e+00 1.026991255e+00 1.060981295e+00 
1.037891032e+00 1.032805483e+00 1.064841699e+00 
1.092908336e+00 1.028432995e+00 1.062690669e+00 
1.035644478e+00 1.035759868e+00 1.063655770e+00 
1.024538631e+00 1.009241314e+00 1.023644974e+00 
1.048851592e+00 1.033798156e+00 1.067164484e+00 
1.045488107e+00 1.037107067e+00 1.070738629e+00 
1.066000457e+00 1.020444339e+00 1.047445345e+00 
1.029636744e+00 1.020255259e+00 1.045817759e+00 
1.038281703e+00 1.030536516e+00 1.060384241e+00 
1.010337279e+00 1.011770267e+00 1.018721323e+00 
1.031195116e+00 1.016119121e+00 1.037287248e+00 
1.032915612e+00 1.019640747e+00 1.044909910e+00 
1.040954130e+00 1.030465611e+00 1.061382057e+00 
1.033727926e+00 1.028622075e+00 1.056752844e+00 
1.030327802e+00 1.029543843e+00 1.056491122e+00 
1.030567519e+00 1.026849445e+00 1.053653071e+00 
1.033372539e+00 1.023564169e+00 1.048909354e+00 
1.031589934e+00 1.016804538e+00 1.038031521e+00 
1.031604065e+00 1.016379107e+00 1.037884302e+00 
1.077000533e+00 1.022122430e+00 1.047829750e+00 
1.035961787e+00 1.019191680e+00 1.041270335e+00 
1.028600198e+00 1.015953675e+00 1.036943738e+00 
1.029497127e+00 1.033798156e+00 1.061725568e+00 
1.029903284e+00 1.023658710e+00 1.048860281e+00 
1.024679686e+00 1.025171354e+00 1.048606738e+00 
1.040446434e+00 1.012077523e+00 1.031373960e+00 
1.037830362e+00 1.028527535e+00 1.057807912e+00 
1.063208130e+00 1.021247932e+00 1.047445345e+00 
1.026865571e+00 1.026447648e+00 1.052368996e+00 
1.037442567e+00 1.021177027e+00 1.046243058e+00 
1.029608567e+00 1.025053179e+00 1.053015123e+00 
1.037900932e+00 1.029283857e+00 1.060040731e+00 
1.032316278e+00 1.019782557e+00 1.044926268e+00 
1.035383607e+00 1.019357126e+00 1.044607294e+00 
1.027745577e+00 1.025667691e+00 1.052712506e+00 
1.085039050e+00 1.024935004e+00 1.054724496e+00 
1.033867542e+00 1.025147719e+00 1.053440421e+00 
1.043661841e+00 1.021673363e+00 1.047674352e+00 
1.037400259e+00 1.013117466e+00 1.031840153e+00 
1.013961635e+00 1.004490664e+00 1.012865287e+00 
1.083615810e+00 1.104183408e+00 1.122289743e+00 
1.065292475e+00 1.086457102e+00 1.116474601e+00 
1.006938510e+00 1.010966675e+00 1.014231150e+00 
1.077937232e+00 1.098180099e+00 1.121700868e+00 
1.049023701e+00 1.067596313e+00 1.091414691e+00 
1.062683511e+00 1.080264713e+00 1.105016071e+00 
1.074295361e+00 1.104750650e+00 1.119271758e+00 
1.080764251e+00 1.082226424e+00 1.119189969e+00 
1.037604776e+00 1.057385961e+00 1.080839474e+00 
1.050043323e+00 1.070361617e+00 1.092019924e+00 
1.036641508e+00 1.054218861e+00 1.074664464e+00 
1.076914225e+00 1.083360908e+00 1.110602207e+00 
1.081668796e+00 1.074686835e+00 1.106741803e+00 
1.083809580e+00 1.080501064e+00 1.117415165e+00 
1.070369179e+00 1.072606949e+00 1.103543883e+00 
1.030229055e+00 1.041715906e+00 1.065496005e+00 
1.031015984e+00 1.044079414e+00 1.071834592e+00 
1.012311624e+00 1.010683054e+00 1.019473775e+00 
1.037734492e+00 1.045922950e+00 1.074819861e+00 
1.026992495e+00 1.005317892e+00 1.014999959e+00 
1.034045236e+00 1.048121012e+00 1.072169923e+00 
1.038562290e+00 1.044268494e+00 1.074983438e+00 
1.032238685e+00 1.043512172e+00 1.070133397e+00 
1.034242645e+00 1.040439612e+00 1.066452927e+00 
1.027330958e+00 1.039825100e+00 1.065095242e+00 
1.026768262e+00 1.040841409e+00 1.064719017e+00 
1.027902116e+00 1.037154337e+00 1.062510735e+00 
1.036869971e+00 1.039470574e+00 1.067696108e+00 
1.025215559e+00 1.013070196e+00 1.030163495e+00 
1.025575177e+00 1.035570787e+00 1.058838444e+00 
1.032513687e+00 1.040203262e+00 1.065888588e+00 
1.036853047e+00 1.040463247e+00 1.067761538e+00 
1.035411784e+00 1.021720633e+00 1.046406635e+00 
1.118810976e+00 1.136823446e+00 1.156648973e+00 
1.007869285e+00 1.007634129e+00 1.013192439e+00 
1.025215559e+00 1.004254313e+00 1.010918727e+00 
1.057115780e+00 1.020184354e+00 1.047060940e+00 
1.004950034e+00 1.008555897e+00 1.012603564e+00 
1.034523316e+00 1.009004963e+00 1.024004842e+00 
1.022338616e+00 1.007137792e+00 1.016218604e+00 
1.070062024e+00 1.025005909e+00 1.054683602e+00 
1.027838654e+00 1.010210352e+00 1.023841265e+00 
1.041715673e+00 1.013495628e+00 1.031930120e+00 
1.021703996e+00 1.014559206e+00 1.031177669e+00 
1.027288650e+00 1.017939022e+00 1.038800330e+00 
1.049965731e+00 1.018553533e+00 1.042546231e+00 
1.022888620e+00 1.014086504e+00 1.031905584e+00 
1.020815529e+00 1.004750650e+00 1.013306943e+00 
1.027091241e+00 1.018884424e+00 1.038800330e+00 
1.019158494e+00 1.023115103e+00 1.044811764e+00 
1.035722070e+00 1.021649728e+00 1.046766503e+00 
1.028952793e+00 1.016993619e+00 1.039078410e+00 
1.031138677e+00 1.013944694e+00 1.031905584e+00 
1.028430966e+00 1.017466320e+00 1.038350495e+00 
1.045946472e+00 1.012739305e+00 1.032069160e+00 
1.024174783e+00 1.027085795e+00 1.052050022e+00 
1.029827130e+00 1.017229969e+00 1.039994438e+00 
1.036088711e+00 1.017820846e+00 1.040035333e+00 
1.028642506e+00 1.017702671e+00 1.039266523e+00 
1.014892411e+00 1.004963366e+00 1.014787310e+00 
1.020984761e+00 1.010186717e+00 1.022459045e+00 
1.010407764e+00 1.005294257e+00 1.014484693e+00 
1.074631286e+00 1.018057197e+00 1.040591492e+00 
1.089608313e+00 1.021956984e+00 1.048156903e+00 
1.014300099e+00 1.005223351e+00 1.014059395e+00 
1.071838959e+00 1.014653746e+00 1.034612774e+00 
1.072431271e+00 1.018624439e+00 1.042775238e+00 
1.049161879e+00 1.014771922e+00 1.034825423e+00 
1.013425762e+00 1.016639092e+00 1.030596972e+00 
1.011428825e+00 1.013542898e+00 1.023587722e+00 
1.015050389e+00 1.019498936e+00 1.038146025e+00 
1.012782681e+00 1.016851808e+00 1.031136774e+00 
1.012692396e+00 1.009383125e+00 1.019375629e+00 
1.014991158e+00 1.012455684e+00 1.025984117e+00 
1.020646297e+00 1.018884424e+00 1.038309601e+00 
1.015527031e+00 1.016568187e+00 1.031537537e+00 
1.019038593e+00 1.005412432e+00 1.015024496e+00 
1.012650088e+00 1.012502954e+00 1.022859807e+00 
1.010957768e+00 1.009359489e+00 1.018974866e+00 
1.012085953e+00 1.013046561e+00 1.024855439e+00 
1.015611647e+00 1.011510281e+00 1.023775835e+00 
1.019073878e+00 1.020420704e+00 1.038661290e+00 
1.013823457e+00 1.016639092e+00 1.031463927e+00 
1.013764226e+00 1.016639092e+00 1.030973198e+00 
1.014441154e+00 1.015811865e+00 1.030760549e+00 
1.013961635e+00 1.009028598e+00 1.019236589e+00 
1.027880962e+00 1.011368471e+00 1.026425773e+00 
1.024369399e+00 1.008225006e+00 1.023096993e+00 
1.017896278e+00 1.008248641e+00 1.018574104e+00 
1.017332143e+00 1.011959348e+00 1.025845077e+00 
1.021027069e+00 1.011510281e+00 1.025485209e+00 
1.022338616e+00 1.011179390e+00 1.026033190e+00 
1.023607856e+00 1.007965020e+00 1.019735497e+00 
1.042223369e+00 1.007775939e+00 1.022810734e+00 
1.175686447e+00 1.094445758e+00 1.133192112e+00 
1.017092426e+00 1.009926731e+00 1.021706593e+00 
1.021647558e+00 1.030371071e+00 1.051240318e+00 
1.078631929e+00 1.056156937e+00 1.092150785e+00 
1.016782139e+00 1.014251950e+00 1.029607335e+00 
1.021718127e+00 1.017939022e+00 1.037508077e+00 
1.020730913e+00 1.015410069e+00 1.030662403e+00 
1.027181442e+00 1.035192626e+00 1.061455667e+00 
1.034699571e+00 1.036658000e+00 1.066919120e+00 
1.018784745e+00 1.010517608e+00 1.023162423e+00 
1.045138389e+00 1.058638620e+00 1.088298560e+00 
1.040827206e+00 1.021318837e+00 1.046791039e+00 
1.036758616e+00 1.033065469e+00 1.061136693e+00 
1.025252198e+00 1.037863389e+00 1.063802989e+00 
1.041896159e+00 1.054455212e+00 1.083661168e+00 
1.020646297e+00 1.015480974e+00 1.030596972e+00 
1.020450242e+00 1.035428977e+00 1.054413701e+00 
1.032123015e+00 1.030961948e+00 1.060367883e+00 
1.030656366e+00 1.037627039e+00 1.063426763e+00 
1.014929050e+00 1.025100449e+00 1.040051690e+00 
1.021661688e+00 1.018009927e+00 1.037442646e+00 
1.019491289e+00 1.029212952e+00 1.049735415e+00 
1.056960679e+00 1.046206571e+00 1.083088650e+00 
1.050333810e+00 1.059773103e+00 1.088911971e+00 
1.014342407e+00 1.011203025e+00 1.022532654e+00 
1.012551341e+00 1.010517608e+00 1.021543017e+00 
1.035617654e+00 1.041101394e+00 1.067278988e+00 
1.029896261e+00 1.038194280e+00 1.065037991e+00 
1.019546289e+00 1.013519263e+00 1.029582798e+00 
1.040714413e+00 1.038406996e+00 1.069201011e+00 
1.026160466e+00 1.027842118e+00 1.052295386e+00 
1.012318647e+00 1.019806192e+00 1.033541348e+00 
1.019969369e+00 1.010919404e+00 1.023522291e+00 
1.030821367e+00 1.031174663e+00 1.060220665e+00 
1.026569415e+00 1.010352163e+00 1.023800371e+00 
1.027589037e+00 1.032356417e+00 1.060932222e+00 
1.020265525e+00 1.009146774e+00 1.021641162e+00 
1.022380924e+00 1.019286221e+00 1.038751257e+00 
1.023215830e+00 1.033632711e+00 1.055918604e+00 
1.020928322e+00 1.018482628e+00 1.037156387e+00 
1.020554658e+00 1.023138738e+00 1.045228884e+00 
1.037061795e+00 1.012715670e+00 1.031586610e+00 
1.021952175e+00 1.026305838e+00 1.048786672e+00 
1.024834787e+00 1.010635784e+00 1.023988484e+00 
1.013764226e+00 1.014299220e+00 1.029378328e+00 
1.026639900e+00 1.031860080e+00 1.058061456e+00 
1.018516767e+00 1.030158355e+00 1.046283952e+00 
1.027211058e+00 1.026754904e+00 1.052614360e+00 
1.063292746e+00 1.015008272e+00 1.037205460e+00 
1.075900525e+00 1.020420704e+00 1.047379914e+00 
1.021546018e+00 1.029000236e+00 1.049678163e+00 
1.033564363e+00 1.027936658e+00 1.054340092e+00 
1.031166854e+00 1.032096431e+00 1.060678679e+00 
1.010873152e+00 1.012408414e+00 1.022786197e+00 
1.022933720e+00 1.030371071e+00 1.054691781e+00 
1.022662949e+00 1.025147719e+00 1.045531501e+00 
1.020378318e+00 1.021177027e+00 1.044067492e+00 
1.013549809e+00 1.014748286e+00 1.029042996e+00 
1.018009071e+00 1.021531553e+00 1.043773054e+00 
1.029404050e+00 1.016686363e+00 1.037859766e+00 
1.036892563e+00 1.012881116e+00 1.031774723e+00 
1.013764226e+00 1.015504609e+00 1.029631871e+00 
1.017445021e+00 1.024840463e+00 1.043176000e+00 
1.020649089e+00 1.025998582e+00 1.047723425e+00 
1.025202867e+00 1.028527535e+00 1.052843367e+00 
1.033726487e+00 1.030796502e+00 1.060122519e+00 
1.026470668e+00 1.033112739e+00 1.059370067e+00 
1.026400183e+00 1.010517608e+00 1.023988484e+00 
1.025009689e+00 1.032261877e+00 1.058143244e+00 
1.027034803e+00 1.030938312e+00 1.059967121e+00 
1.014668178e+00 1.025336800e+00 1.041605666e+00 
1.046792632e+00 1.012361144e+00 1.031774723e+00 
1.026104027e+00 1.014630111e+00 1.032142770e+00 
1.023746034e+00 1.031718270e+00 1.057742482e+00 
1.022747565e+00 1.025242260e+00 1.051837372e+00 
1.021436018e+00 1.018033562e+00 1.037737084e+00 
1.070992799e+00 1.014748286e+00 1.037221818e+00 
1.042392601e+00 1.013708343e+00 1.032118233e+00 
1.027838654e+00 1.018766249e+00 1.039152020e+00 
1.022832181e+00 1.025407705e+00 1.051902803e+00 
1.036850255e+00 1.015740960e+00 1.038211455e+00 
1.035411784e+00 1.016048216e+00 1.039086589e+00 
1.022550156e+00 1.018742614e+00 1.038276886e+00 
1.026372006e+00 1.021720633e+00 1.045637825e+00 
1.023692472e+00 1.011108485e+00 1.023865802e+00 
1.022211692e+00 1.027062160e+00 1.051837372e+00 
1.025187382e+00 1.023327818e+00 1.045359745e+00 
1.019377057e+00 1.018813519e+00 1.037737084e+00 
1.053054213e+00 1.016520917e+00 1.039675464e+00 
1.022479671e+00 1.016780903e+00 1.035905028e+00 
1.022677080e+00 1.017088159e+00 1.036444830e+00 
1.017308197e+00 1.029803829e+00 1.045556037e+00 
1.021605250e+00 1.022595131e+00 1.044263783e+00 
1.062108122e+00 1.011084850e+00 1.029909951e+00 
1.023396316e+00 1.018529898e+00 1.038047879e+00 
1.020307833e+00 1.019380761e+00 1.037761620e+00 
1.013355192e+00 1.017820846e+00 1.032036445e+00 
1.022035437e+00 1.018340818e+00 1.037933375e+00 
1.021309094e+00 1.015126448e+00 1.030498826e+00 
1.056015772e+00 1.015268258e+00 1.039029337e+00 
1.037527183e+00 1.020964311e+00 1.046578390e+00 
1.016753962e+00 1.014417395e+00 1.030425217e+00 
1.041884905e+00 1.010730324e+00 1.025182592e+00 
1.010492380e+00 1.010943039e+00 1.019710960e+00 
1.043069529e+00 1.010824864e+00 1.027063721e+00 
1.023389293e+00 1.021295202e+00 1.044263783e+00 
1.016923194e+00 1.014393760e+00 1.029672765e+00 
1.012734704e+00 1.010635784e+00 1.022082819e+00 
1.035877171e+00 1.012975656e+00 1.031652040e+00 
1.054577301e+00 1.015575514e+00 1.039904471e+00 
1.020293702e+00 1.021011581e+00 1.044002061e+00 
1.024989888e+00 1.021224297e+00 1.044394645e+00 
1.060923499e+00 1.017017254e+00 1.039969902e+00 
1.018911669e+00 1.013755613e+00 1.029648229e+00 
1.021966306e+00 1.021886079e+00 1.044607294e+00 
1.018784745e+00 1.019238951e+00 1.037696189e+00 
1.022874489e+00 1.023067833e+00 1.045286136e+00 
1.023674110e+00 1.019640747e+00 1.042170005e+00 
1.021627842e+00 1.020538880e+00 1.044042955e+00 
1.021881690e+00 1.020278894e+00 1.043977525e+00 
1.023354008e+00 1.013637438e+00 1.030613330e+00 
1.020822552e+00 1.018577169e+00 1.037998806e+00 
1.052884982e+00 1.016686363e+00 1.039863577e+00 
1.016260397e+00 1.014866462e+00 1.029582798e+00 
1.027486060e+00 1.022429686e+00 1.046177628e+00 
1.022220154e+00 1.021602458e+00 1.044541863e+00 
1.018305227e+00 1.018482628e+00 1.037107314e+00 
1.074208206e+00 1.106854172e+00 1.118126723e+00 
1.019326288e+00 1.035972583e+00 1.054732675e+00 
1.030497034e+00 1.048050106e+00 1.067368955e+00 
1.017160119e+00 1.031103758e+00 1.048238691e+00 
1.024132475e+00 1.039896006e+00 1.060727752e+00 
1.021485433e+00 1.027369416e+00 1.047911538e+00 
1.026400183e+00 1.007492319e+00 1.018246951e+00 
1.017966763e+00 1.030441976e+00 1.046962795e+00 
1.014723179e+00 1.032025526e+00 1.047199980e+00 
1.019052724e+00 1.028149374e+00 1.047257232e+00 
1.022084768e+00 1.004632475e+00 1.013781315e+00 
1.012607780e+00 1.009903096e+00 1.021428513e+00 
1.007037256e+00 1.013141101e+00 1.021191327e+00 
1.010760359e+00 1.015480974e+00 1.028813989e+00 
1.012424417e+00 1.014275585e+00 1.027955213e+00 
1.012311624e+00 1.013471992e+00 1.026106799e+00 
1.016345013e+00 1.017442685e+00 1.032870685e+00 
1.021238609e+00 1.018222642e+00 1.037622580e+00 
1.012311624e+00 1.023942330e+00 1.037180924e+00 
1.016359059e+00 1.024887733e+00 1.040239803e+00 
1.034227160e+00 1.015811865e+00 1.037598044e+00 
1.019123209e+00 1.004868825e+00 1.014517409e+00 
1.175914064e+00 1.221247932e+00 1.222373985e+00 
1.126414567e+00 1.102623493e+00 1.131662673e+00 
1.121201378e+00 1.113991964e+00 1.143636468e+00 
1.075399599e+00 1.060883952e+00 1.096763640e+00 
1.052512671e+00 1.050129993e+00 1.081133912e+00 
1.014046251e+00 1.005128811e+00 1.013495056e+00 
1.028515582e+00 1.008059560e+00 1.022647157e+00 
1.017261658e+00 1.010517608e+00 1.022606263e+00 
1.021661688e+00 1.007303238e+00 1.016692975e+00 
1.034100236e+00 1.007846845e+00 1.019441059e+00 
1.037731700e+00 1.029047506e+00 1.056826454e+00 
1.039339403e+00 1.028007563e+00 1.058380430e+00 
1.068538936e+00 1.014488301e+00 1.034383767e+00 
1.019842445e+00 1.007610494e+00 1.017420890e+00 
1.037809208e+00 1.018246277e+00 1.041294871e+00 
1.029827130e+00 1.010801229e+00 1.025550639e+00 
1.070696643e+00 1.022547861e+00 1.051256676e+00 
1.033634848e+00 1.014653746e+00 1.033116049e+00 
1.029129048e+00 1.019026235e+00 1.040247982e+00 
1.009110348e+00 1.009950366e+00 1.017134632e+00 
1.013961635e+00 1.013141101e+00 1.025264380e+00 
1.016697523e+00 1.016166391e+00 1.032486280e+00 
1.018164257e+00 1.015504609e+00 1.033050619e+00 
1.024101421e+00 1.011510281e+00 1.026818357e+00 
1.015865494e+00 1.008910423e+00 1.020471591e+00 
1.013764226e+00 1.012313874e+00 1.024920870e+00 
1.017628299e+00 1.016071851e+00 1.032437207e+00 
1.025762771e+00 1.024556842e+00 1.050357006e+00 
1.027895093e+00 1.029236587e+00 1.053873899e+00 
1.005373114e+00 1.004939731e+00 1.012906181e+00 
1.024595070e+00 1.024604113e+00 1.046586569e+00 
1.062742742e+00 1.014322855e+00 1.033549527e+00 
1.122007768e+00 1.170621602e+00 1.162930308e+00 
1.046609269e+00 1.053486173e+00 1.080078844e+00 
1.157004933e+00 1.069699835e+00 1.103666566e+00 
1.164154983e+00 1.074615930e+00 1.107813228e+00 
1.053264315e+00 1.055636965e+00 1.085648621e+00 
1.058445689e+00 1.083739069e+00 1.107739619e+00 
1.058114248e+00 1.050673600e+00 1.085591370e+00 
1.033592540e+00 1.011084850e+00 1.026564813e+00 
1.042512502e+00 1.053840700e+00 1.079162816e+00 
1.038500267e+00 1.013779248e+00 1.031954657e+00 
1.054732402e+00 1.057811392e+00 1.087946870e+00 
1.029742514e+00 1.023540534e+00 1.047306305e+00 
1.041969521e+00 1.016497282e+00 1.039266523e+00 
1.040192586e+00 1.024509572e+00 1.054004760e+00 
1.026401621e+00 1.021271567e+00 1.044525506e+00 
1.082585187e+00 1.043795793e+00 1.083015041e+00 
1.022836412e+00 1.030749232e+00 1.053088732e+00 
1.020653320e+00 1.025313165e+00 1.045801402e+00 
1.032929743e+00 1.029165682e+00 1.055395160e+00 
1.025154890e+00 1.037768849e+00 1.060302453e+00 
1.033451485e+00 1.021578823e+00 1.045924084e+00 
1.024157860e+00 1.013282912e+00 1.030637866e+00 
1.069088940e+00 1.032474592e+00 1.065659581e+00 
1.039600274e+00 1.010352163e+00 1.024127524e+00 
1.035568323e+00 1.030134720e+00 1.058633973e+00 
1.027078549e+00 1.027582132e+00 1.052508036e+00 
1.030630981e+00 1.029402033e+00 1.055207047e+00 
1.048231103e+00 1.015055542e+00 1.038375032e+00 
1.026046234e+00 1.027983928e+00 1.052205419e+00 
1.050092654e+00 1.012715670e+00 1.031913763e+00 
1.029869438e+00 1.013235642e+00 1.031300351e+00 
1.035877171e+00 1.020940676e+00 1.046177628e+00 
1.024681040e+00 1.029543843e+00 1.053890257e+00 
1.028078371e+00 1.023847790e+00 1.046905543e+00 
1.025628739e+00 1.028716615e+00 1.053252308e+00 
1.042519525e+00 1.025549515e+00 1.054274661e+00 
1.018728307e+00 1.025880407e+00 1.045057129e+00 
1.033127152e+00 1.013897424e+00 1.031913763e+00 
1.036131019e+00 1.021011581e+00 1.046218522e+00 
1.029209433e+00 1.029307492e+00 1.054462774e+00 
1.032788689e+00 1.016119121e+00 1.038473178e+00 
1.027563652e+00 1.023445994e+00 1.046562032e+00 
1.024060551e+00 1.023445994e+00 1.045915905e+00 
1.033056667e+00 1.023233278e+00 1.046750145e+00 
1.018106379e+00 1.029449303e+00 1.045147096e+00 
1.014654048e+00 1.022547861e+00 1.037671653e+00 
1.057285012e+00 1.014937367e+00 1.036330326e+00 
1.033775903e+00 1.016544552e+00 1.038612218e+00 
1.009392373e+00 1.006121484e+00 1.012963432e+00 
1.045608008e+00 1.011250295e+00 1.030335250e+00 
1.027754038e+00 1.013542898e+00 1.031504821e+00 
1.052292670e+00 1.016119121e+00 1.039479173e+00 
1.040531050e+00 1.015291893e+00 1.039135662e+00 
1.038627190e+00 1.020042543e+00 1.046398456e+00 
1.178638698e+00 1.111557551e+00 1.143890011e+00 
1.140293279e+00 1.072086977e+00 1.107379751e+00 
1.105253806e+00 1.105341527e+00 1.132120687e+00 
1.122175307e+00 1.156558733e+00 1.171223634e+00 
1.114767179e+00 1.087638856e+00 1.129364424e+00 
1.082401570e+00 1.058118648e+00 1.096730925e+00 
1.079313088e+00 1.052257150e+00 1.091995387e+00 
1.127671115e+00 1.079437485e+00 1.124309912e+00 
1.078629391e+00 1.076412196e+00 1.107191638e+00 
1.121099838e+00 1.084448121e+00 1.124260839e+00 
1.121776766e+00 1.091042307e+00 1.131515454e+00 
1.136259636e+00 1.114535571e+00 1.145893823e+00 
1.084157352e+00 1.062963838e+00 1.100632223e+00 
1.078612467e+00 1.063814701e+00 1.096976290e+00 
1.090116008e+00 1.024864098e+00 1.054634529e+00 
1.061761197e+00 1.044315765e+00 1.080528679e+00 
1.055649131e+00 1.032758213e+00 1.065814979e+00 
1.049584959e+00 1.050531789e+00 1.084323652e+00 
1.052969597e+00 1.025525880e+00 1.054912609e+00 
1.068877400e+00 1.020562515e+00 1.047649816e+00 
1.085504438e+00 1.028409359e+00 1.061733747e+00 
1.020730913e+00 1.010375798e+00 1.022933416e+00 
1.079708244e+00 1.033278185e+00 1.068195016e+00 
1.080215940e+00 1.024225951e+00 1.054520026e+00 
1.031688681e+00 1.011793902e+00 1.029558262e+00 
1.064477369e+00 1.019097140e+00 1.046619284e+00 
1.094262191e+00 1.024627748e+00 1.054634529e+00 
1.091131400e+00 1.022524226e+00 1.053276845e+00 
1.021907075e+00 1.028267549e+00 1.049301938e+00 
1.015245006e+00 1.013661073e+00 1.026900145e+00 
1.039346426e+00 1.015055542e+00 1.036493903e+00 
1.023946320e+00 1.004443394e+00 1.011687536e+00 
1.131493218e+00 1.164949185e+00 1.177120564e+00 
1.020223217e+00 1.006948712e+00 1.015981418e+00 
1.099889153e+00 1.036161664e+00 1.071491081e+00 
1.053265753e+00 1.024131411e+00 1.053751217e+00 
1.042794527e+00 1.040486883e+00 1.070844954e+00 
1.101116085e+00 1.030300165e+00 1.064195572e+00 
1.006430814e+00 1.010564878e+00 1.013241512e+00 
1.031519449e+00 1.011486646e+00 1.028216935e+00 
1.027627114e+00 1.012384779e+00 1.030098064e+00 
1.031815605e+00 1.003805247e+00 1.008088855e+00 
1.031152808e+00 1.013093831e+00 1.031676577e+00 
1.026033542e+00 1.013613803e+00 1.031112238e+00 
1.074969750e+00 1.014606476e+00 1.035700557e+00 
1.060452442e+00 1.059489482e+00 1.096223838e+00 
1.110508457e+00 1.032474592e+00 1.067156305e+00 
1.028007886e+00 1.013046561e+00 1.031185847e+00 
1.033254076e+00 1.014181045e+00 1.032093697e+00 
1.041884905e+00 1.017017254e+00 1.039929008e+00 
1.025074504e+00 1.018340818e+00 1.038604039e+00 
1.034354084e+00 1.012053888e+00 1.031333066e+00 
1.031843782e+00 1.016828173e+00 1.038113309e+00 
1.052123438e+00 1.021602458e+00 1.047428987e+00 
1.045354160e+00 1.016379107e+00 1.039397384e+00 
1.026992495e+00 1.012668400e+00 1.030744191e+00 
1.017285604e+00 1.031647365e+00 1.051256676e+00 
1.028374527e+00 1.018931695e+00 1.039356490e+00 
1.027880962e+00 1.011652092e+00 1.028167862e+00 
1.013820580e+00 1.022311510e+00 1.036821056e+00 
1.065831225e+00 1.020066178e+00 1.046954616e+00 
1.012297493e+00 1.015646419e+00 1.029509189e+00 
1.039769506e+00 1.016780903e+00 1.039740895e+00 
1.021852074e+00 1.025336800e+00 1.045875011e+00 
1.028381635e+00 1.021815174e+00 1.045866832e+00 
1.029361742e+00 1.015551879e+00 1.036322147e+00 
1.034777164e+00 1.016686363e+00 1.038857582e+00 
1.036046403e+00 1.018742614e+00 1.046177628e+00 
1.013411631e+00 1.025171354e+00 1.040493347e+00 
1.014412892e+00 1.025407705e+00 1.044746334e+00 
1.021729381e+00 1.022335145e+00 1.044558221e+00 
1.015710393e+00 1.025360435e+00 1.041990071e+00 
1.017938586e+00 1.024249586e+00 1.044083849e+00 
1.007502644e+00 1.011888442e+00 1.021444871e+00 
1.006219274e+00 1.011155755e+00 1.014034858e+00 
1.037005356e+00 1.021767904e+00 1.047191802e+00 
1.013764226e+00 1.019120775e+00 1.036771983e+00 
1.015326745e+00 1.032072796e+00 1.052058200e+00 
1.018756568e+00 1.024462302e+00 1.045269778e+00 
1.050684966e+00 1.019333491e+00 1.046897364e+00 
1.014328276e+00 1.021247932e+00 1.037483540e+00 
1.022909774e+00 1.022996927e+00 1.044746334e+00 
1.013118268e+00 1.025927677e+00 1.043969346e+00 
1.052292670e+00 1.015480974e+00 1.039274702e+00 
1.015851364e+00 1.027913023e+00 1.044795407e+00 
1.017776377e+00 1.024485937e+00 1.043781233e+00 
1.016996556e+00 1.022004254e+00 1.042742523e+00 
1.030320695e+00 1.019782557e+00 1.042390833e+00 
1.029657898e+00 1.010186717e+00 1.023890338e+00 
1.054238837e+00 1.013566533e+00 1.032257273e+00 
1.037075926e+00 1.016544552e+00 1.039577318e+00 
1.017402713e+00 1.016733633e+00 1.035218006e+00 
1.013750095e+00 1.009099504e+00 1.017895262e+00 
1.018319358e+00 1.008154101e+00 1.017306387e+00 
1.153677833e+00 1.209028598e+00 1.193985294e+00 
1.096305667e+00 1.131411014e+00 1.142663188e+00 
1.099305303e+00 1.120373434e+00 1.140193184e+00 
1.105180190e+00 1.130489246e+00 1.149836015e+00 
1.035164959e+00 1.029709289e+00 1.058568543e+00 
1.065625354e+00 1.076034035e+00 1.103625672e+00 
1.088814615e+00 1.077783030e+00 1.108753793e+00 
1.108177287e+00 1.130181990e+00 1.147930349e+00 
1.090468857e+00 1.096738360e+00 1.121561828e+00 
1.038006702e+00 1.025738596e+00 1.054053833e+00 
1.071690881e+00 1.056558733e+00 1.090637703e+00 
1.040157301e+00 1.051831718e+00 1.077633376e+00 
1.097904909e+00 1.060907587e+00 1.097826887e+00 
1.059675413e+00 1.060434885e+00 1.092821448e+00 
1.041137492e+00 1.028173009e+00 1.060531460e+00 
1.041405387e+00 1.038217915e+00 1.067197200e+00 
1.068665860e+00 1.038028835e+00 1.075457810e+00 
1.045163774e+00 1.034247223e+00 1.069274620e+00 
1.038457959e+00 1.025714961e+00 1.053710322e+00 
1.040488742e+00 1.020538880e+00 1.046553853e+00 
1.036532945e+00 1.041763177e+00 1.068276804e+00 
1.028346350e+00 1.007846845e+00 1.018770396e+00 
1.050586219e+00 1.039446939e+00 1.071859128e+00 
1.038156133e+00 1.040486883e+00 1.068211373e+00 
1.055508077e+00 1.029071142e+00 1.061627422e+00 
1.038119495e+00 1.020586150e+00 1.046251237e+00 
1.027605960e+00 1.028503900e+00 1.052957871e+00 
1.040446434e+00 1.025880407e+00 1.054151979e+00 
1.042434909e+00 1.020302529e+00 1.046701072e+00 
1.042202215e+00 1.034483574e+00 1.067090875e+00 
1.032168200e+00 1.021767904e+00 1.046300310e+00 
1.052123438e+00 1.014866462e+00 1.034988999e+00 
1.031350217e+00 1.016969983e+00 1.038186919e+00 
1.030327802e+00 1.022098795e+00 1.045997694e+00 
1.046919556e+00 1.017135429e+00 1.039969902e+00 
1.037061795e+00 1.021295202e+00 1.046251237e+00 
1.021407841e+00 1.013873789e+00 1.030466111e+00 
1.017684738e+00 1.014062869e+00 1.029721838e+00 
1.021153993e+00 1.013613803e+00 1.030400680e+00 
1.018361666e+00 1.009761286e+00 1.021984673e+00 
1.016457806e+00 1.012739305e+00 1.028993923e+00 
1.017303966e+00 1.014181045e+00 1.029182036e+00 
1.028177118e+00 1.017513590e+00 1.038530429e+00 
1.033606671e+00 1.020184354e+00 1.045335209e+00 
1.020011677e+00 1.012408414e+00 1.029370149e+00 
1.025314306e+00 1.016875443e+00 1.037499898e+00 
1.025977103e+00 1.017064524e+00 1.038252349e+00 
1.024834787e+00 1.018080832e+00 1.037786157e+00 
1.024637378e+00 1.019191680e+00 1.038677648e+00 
1.019518112e+00 1.013873789e+00 1.029738196e+00 
1.028275865e+00 1.016804538e+00 1.037459004e+00 
1.028092502e+00 1.020727960e+00 1.045122560e+00 
1.018587336e+00 1.017206334e+00 1.037123672e+00 
1.023410447e+00 1.018269913e+00 1.037786157e+00 
1.022902751e+00 1.016899078e+00 1.037524434e+00 
1.026780955e+00 1.012219333e+00 1.027955213e+00 
1.087662145e+00 1.023020563e+00 1.052589824e+00 
1.011042384e+00 1.011486646e+00 1.021117718e+00 
1.018657821e+00 1.010493973e+00 1.022549012e+00 
1.054661917e+00 1.022429686e+00 1.051076742e+00 
1.058215788e+00 1.026211298e+00 1.058274105e+00 
1.009730837e+00 1.004774285e+00 1.011458529e+00 
1.039938738e+00 1.018199007e+00 1.040158015e+00 
1.032915612e+00 1.007775939e+00 1.019244768e+00 
1.052969597e+00 1.022949657e+00 1.050757768e+00 
1.048019563e+00 1.020467974e+00 1.047167265e+00 
1.093162183e+00 1.022476956e+00 1.053203236e+00 
1.026780955e+00 1.013212007e+00 1.031251278e+00 
1.023967474e+00 1.022476956e+00 1.045351567e+00 
1.056650392e+00 1.019215316e+00 1.046373919e+00 
1.010788536e+00 1.011179390e+00 1.020815101e+00 
1.018700129e+00 1.019238951e+00 1.037295427e+00 
1.011232770e+00 1.020586150e+00 1.031987372e+00 
1.011994314e+00 1.023233278e+00 1.033107870e+00 
1.015527031e+00 1.014275585e+00 1.028028822e+00 
1.011677004e+00 1.020137083e+00 1.031578431e+00 
1.055423461e+00 1.014677381e+00 1.035635126e+00 
1.008856500e+00 1.010375798e+00 1.017330923e+00 
1.009307757e+00 1.015291893e+00 1.024716399e+00 
1.010026992e+00 1.016969983e+00 1.028993923e+00 
1.014046251e+00 1.017513590e+00 1.036003173e+00 
1.041081054e+00 1.014488301e+00 1.034301978e+00 
1.010760359e+00 1.014488301e+00 1.021968315e+00 
1.012396240e+00 1.017631766e+00 1.029770911e+00 
1.051784974e+00 1.014937367e+00 1.035700557e+00 
1.012150853e+00 1.019569842e+00 1.032518995e+00 
1.010971899e+00 1.014110139e+00 1.024642790e+00 
1.012396240e+00 1.018624439e+00 1.036616585e+00 
1.045523392e+00 1.013968329e+00 1.032134591e+00 
1.046031088e+00 1.018364453e+00 1.042431727e+00 
1.017134734e+00 1.021437013e+00 1.041900104e+00 
1.013919327e+00 1.017631766e+00 1.035062609e+00 
1.016500114e+00 1.021106121e+00 1.041720170e+00 
1.011867390e+00 1.023729615e+00 1.037123672e+00 
1.018587336e+00 1.008414087e+00 1.019048476e+00 
1.019842445e+00 1.007350508e+00 1.016979234e+00 
1.018519644e+00 1.030252895e+00 1.047167265e+00 
1.019010416e+00 1.028669345e+00 1.046889185e+00 
1.011310363e+00 1.023918695e+00 1.032772539e+00 
1.015693470e+00 1.024911368e+00 1.039029337e+00 
1.137880031e+00 1.202623493e+00 1.178102023e+00 
1.133319231e+00 1.218837154e+00 1.178102023e+00 
1.134059620e+00 1.204041598e+00 1.178102023e+00 
1.137731954e+00 1.202765304e+00 1.178102023e+00 
1.540846667e+00 1.498345545e+00 1.472874938e+00 
1.537423105e+00 1.501512645e+00 1.472874938e+00 
1.540415126e+00 1.498889152e+00 1.472874938e+00 
1.533423308e+00 1.502339872e+00 1.472874938e+00 
1.566721385e+00 1.494729378e+00 1.472874938e+00 
1.542610910e+00 1.497021981e+00 1.472874938e+00 
1.535951634e+00 1.501701725e+00 1.472874938e+00 
1.564017905e+00 1.496596549e+00 1.472874938e+00 
1.556822163e+00 1.496880170e+00 1.472874938e+00 
1.566467537e+00 1.495863862e+00 1.472874938e+00 
1.145752701e+00 1.221626093e+00 1.192668504e+00 
1.145033466e+00 1.229236587e+00 1.192668504e+00 
1.353494216e+00 1.470314346e+00 1.393155962e+00 
1.231585449e+00 1.335688962e+00 1.292613706e+00 
1.176085834e+00 1.231292839e+00 1.249936614e+00 
1.304048874e+00 1.410777594e+00 1.366190387e+00 
1.238938577e+00 1.294303947e+00 1.311310493e+00 
1.125792640e+00 1.145970220e+00 1.166684387e+00 
1.220860375e+00 1.279981092e+00 1.270195556e+00 
1.273984820e+00 1.374663200e+00 1.329729199e+00 
1.196935210e+00 1.237248877e+00 1.252504764e+00 
1.173685279e+00 1.223895060e+00 1.223903424e+00 
1.176566453e+00 1.217159064e+00 1.233726189e+00 
1.110318071e+00 1.098132829e+00 1.126379154e+00 
1.154210914e+00 1.197778303e+00 1.199857689e+00 
1.094737733e+00 1.103521626e+00 1.127745017e+00 
1.201886936e+00 1.273197826e+00 1.255743578e+00 
1.019292441e+00 1.004301584e+00 1.008939452e+00 
1.265694147e+00 1.359607658e+00 1.324740118e+00 
1.222501925e+00 1.298770976e+00 1.277949079e+00 
1.391179631e+00 1.639163318e+00 2.000000000e+00 
1.362325585e+00 1.639848736e+00 2.000000000e+00 
1.358523790e+00 1.640770503e+00 2.000000000e+00 
1.353418062e+00 1.641361380e+00 2.000000000e+00 
1.351613203e+00 1.643724888e+00 2.000000000e+00 
1.350316041e+00 1.644670291e+00 2.000000000e+00 
1.350024116e+00 1.645473883e+00 2.000000000e+00 
1.347073557e+00 1.645544788e+00 2.000000000e+00 
1.342683680e+00 1.645662964e+00 2.000000000e+00 
1.404379723e+00 1.559985819e+00 1.496568984e+00 
1.373768203e+00 1.581493737e+00 1.633040804e+00 
1.371184877e+00 1.581564642e+00 1.632108418e+00 
1.364126213e+00 1.601370834e+00 1.758790189e+00 
1.367264620e+00 1.565800047e+00 1.540333860e+00 
1.397731446e+00 1.557740487e+00 1.473561959e+00 
1.352476286e+00 1.572370598e+00 1.562776546e+00 
1.374649901e+00 1.576034035e+00 1.592342987e+00 
1.398866992e+00 1.557693217e+00 1.474109940e+00 
1.365462299e+00 1.553604349e+00 1.440478625e+00 
1.364350446e+00 1.580028362e+00 1.612332027e+00 
1.361815351e+00 1.592294966e+00 1.695109882e+00 
1.384118429e+00 1.569298038e+00 1.549019768e+00 
1.360688266e+00 1.549160955e+00 1.421250215e+00 
1.367127542e+00 1.573268731e+00 1.572002257e+00 
1.356023388e+00 1.552729851e+00 1.438761072e+00 
1.471873651e+00 1.589127866e+00 1.668733182e+00 
1.366711231e+00 1.561734814e+00 1.492855799e+00 
1.354001066e+00 1.580241078e+00 1.613019048e+00 
1.362192738e+00 1.557787757e+00 1.461898959e+00 
1.368560090e+00 1.633018199e+00 1.924084176e+00 
1.374451054e+00 1.558851335e+00 1.476980706e+00 
1.359850568e+00 1.566769085e+00 1.530322982e+00 
1.364062751e+00 1.569250768e+00 1.547760230e+00 
1.352717442e+00 1.548333727e+00 1.400590511e+00 
1.351202816e+00 1.556865989e+00 1.452517850e+00 
1.373551586e+00 1.591207752e+00 1.671931102e+00 
1.361703658e+00 1.580075632e+00 1.588687054e+00 
1.358365558e+00 1.578184826e+00 1.576206172e+00 
1.364955450e+00 1.589978728e+00 1.651565835e+00 
1.331450910e+00 1.571685181e+00 1.553043749e+00 
1.349628959e+00 1.575632238e+00 1.560903596e+00 
1.337018641e+00 1.992814937e+00 2.000000000e+00 
1.326252105e+00 2.000000000e+00 1.997955295e+00 
1.334502162e+00 1.997447412e+00 1.997881685e+00 
1.304361107e+00 1.989671472e+00 1.997292810e+00 
1.333348846e+00 1.984093595e+00 1.997219201e+00 

