10989.2 22107 59854
10954.8 22108 59854
10926.8 22111 59854
9969.5 22706 59854
9954 22722 59854
10000.5 22685 59854
10105.7 22181 59854
10534.3 22128 59854
10421.2 22129 59854
10663.5 22119 59854
10395.8 22175 59854
10087.2 22526 59854
10012.7 22582 59854
10003.7 22639 59854
10099 22373 59854
9721.33 22943 59854
9713.17 23165 59854
9807 22867 59854
9852.17 22739 59854
9692.83 25406 59854
9657.33 25437 59854
9635.5 25512 59854
9584.83 25562 59854
9488.67 25634 59854
9394.33 25649 59854
9164.83 25737 59854
9248.5 25724 59854
9275.17 25679 59854
9154.5 25835 59854
9091.83 25842 59854
9023.5 25889 59854
8992.83 26094 59854
9701.83 24579 59854
8735 26823 59854
8725.67 27127 59854
8702.33 27303 59854
8699 27319 59854
8734.67 26860 59854
8733.33 27086 59854
8630.67 27709 59854
8664.33 27430 59854
8600.67 27767 59854
8633 27543 59854
8771 26421 59854
8820.67 26407 59854
8836.33 26325 59854
8758.67 26522 59854
8758.67 26571 59854
8754.5 26605 59854
9104.33 25836 59854
8925 26267 59854
8922 26309 59854
8986.83 26226 59854
12000.3 31138 59903
12022.7 30933 59903
11933.3 31189 59903
11932.7 31195 59903
11086.7 32096 59903
11492 31489 59903
11424.2 31841 59903
11442.7 31671 59903
11788.7 31405 59903
11277.5 32032 59903
11342 31933 59903
11342.3 31925 59903
11317.3 32004 59903
11324 31973 59903
12996.7 29536 71502
14405.3 29272 71502
14298 29291 71502
12936.3 29644 71502
13037.3 29474 71502
14207.8 29394 71502
12819.7 29659 71502
12750.3 29959 71502
12967 29570 71502
14271.5 29356 71502
13136.7 29465 71502
12088.2 32892 71502
12579.7 31131 71502
12720.3 31020 71502
12382.8 31211 71502
12626.3 31088 71502
12112.7 31223 71502
12713.7 31046 71502
12648.7 31056 71502
12089.7 31328 71502
12080.5 32952 71502
11077.3 37989 71502
11012.8 38343 71502
11012.8 38295 71502
10878.5 38471 71502
10968.5 38418 71502
10542 38605 71502
10607.7 38531 71502
10617.7 38525 71502
11206.7 37579 71502
11105.5 37722 71502
11100.7 37844 71502
11560.3 37137 71502
11568.3 37112 71502
12031.5 35965 71502
12042.5 35671 71502
11804.5 36846 71502
11904.8 36689 71502
11831.5 36798 71502
11885.5 36782 71502
11913 36626 71502
11916.8 36261 71502
11924.2 36208 71502
12017 36043 71502
11712.7 36888 71502
11552.3 37155 71502
11461 37219 71502
11575.7 36969 71502
1015.67 2207 4589
954.5 2220 4589
968.667 2218 4589
1113.83 2202 4589
880.333 2656 5519
894 2348 4960
1076.67 2357 5519
1017.67 2410 5519
1071 2401 5519
1006 2419 5519
891 2468 5519
960.333 2421 5519
895.333 2433 5519
905.667 2328 4589
1797 2325 5519
1871.5 2314 5519
1489.5 2341 5519
1926 2208 5519
255 418 0
255 451 545
259 332 947
259 292 0
1093 1110 2478
1103 1285 3162
1057 1455 3162
1363 1098 3162
1174 1249 3162
855 1216 2130
1061 1359 3162
1180 1210 3162
1217 1121 3162
1200 1200 3162
489 504 1722
1570 2104 3768
4640.17 13269 33413
4648.5 13163 33413
4596.67 13399 33413
4682.83 13080 33413
4943 12896 33413
5162.33 12473 33413
4976.83 12679 33413
5098.17 12580 33413
5171.83 12463 33413
5122 12540 33413
5064.33 12633 33413
5565.5 12438 33413
8333 15371 37812
8275 15421 37812
6479.33 15690 37812
6677.5 15426 37812
6628.5 15642 37812
6650.17 15564 37812
6566.67 15663 37812
8589 15269 37812
6283.17 16634 37812
6398 16343 37812
6313.5 16457 37812
6198.83 16706 37812
6467.5 15987 37812
6256.83 16669 37812
6190.17 16821 37812
3244 3793 8524
3652.5 4603 9315
3479 5044 9237
3168.33 5695 12881
3016 5791 12881
2390.67 6408 12881
2399.33 6244 12881
2527.83 6082 12881
2494.83 6142 12881
2794.5 5818 12881
3148 5766 12881
3151 5748 12881
3216.33 5670 12881
2321.5 5550 10155
2626 5346 10843
3288.33 6824 13716
2474.33 7044 15944
2400 7096 15944
2268.5 7894 15944
2276.67 7139 15944
2796.5 6935 15944
2679 6887 15629
2744.67 6950 15944
2741.67 6955 15944
2746 6945 15944
2348.33 7076 15391
2502.67 6975 15944
2365.67 7106 15944
2482.33 7021 15944
2489.67 7004 15944
2428.67 7078 15944
1787 4355 8775
11117.2 21375 39121
9501 21534 38807
9414.5 22173 38388
8846.67 23991 41554
9115 23853 38870
8856.67 23864 41554
4947.83 11477 22570
4626.5 12396 19540
4993.17 9006 19358
4581.17 11377 19056
4651.83 10222 21266
4208 10048 17963
6456.5 12320 24500


2122.33 4498 9830
2590.5 4398 9830
2535 4446 9830
2269.83 4475 9830
2246.5 4494 9830
2447.83 4470 9830
2566.5 4417 9830
1913.67 4847 9830
1912.33 4856 9830
1924.33 4681 9830
1908.17 4870 9830
1880.33 4944 9830
1871 5003 9830
1846.67 5021 9830
2159.67 4497 9830
2059.17 4516 9830
2028.5 4542 9830
1953.67 4631 9830
1704 5748 9830
1781.67 5078 9830
2518 3945 8516
319 328 0
319 353 734
1676 1445 3663
1963 2152 4434
1191.5 1995 3796
2026 2132 4337
1301.83 2751 4679
1230 2779 4679
1334.33 2591 4679
1393.17 2518 4679
1452.33 2483 4679
1499.67 2416 4679
1067 2833 4679
1539.5 2793 6836
3246 3285 7511
2317.67 3313 7511
2258.5 3358 7511
1919.17 3695 7511
1990.67 3625 7511
2070.33 3372 7511
1962.17 3678 7511
2006.83 3512 7511
2077.5 3362 7511
3250 3213 7511
1335 1424 2189
618 734 1955
577 844 1339
586 827 1289
957 1564 2898
1035 1516 2898
1329 1437 2898
1156 1468 2898
1198 1441 2898
1347 1342 2898
8333.5 28465 59759
8165.5 28752 59759
8242.67 28751 59759
8036 29057 59759
8109.67 28946 59759
8070.33 28978 59759
8065.33 29055 59759
8032 29064 59759
8022.33 29233 59759
8317.17 28679 59759
8261.83 28688 59759
8332.83 28593 59759
8316.5 28683 59759
8330.5 28602 59759
8797.33 27409 59759
8786 27481 59759
8813 27231 59759
8781.17 27828 59759
8774.83 27866 59759
8568.83 27889 59759
8543.83 27934 59759
8415.67 28050 59759
8371.67 28158 59759
9341.67 26568 59759
9373.67 26124 59759
9284.17 26720 59759
9281.17 26777 59759
9191.17 26837 59759
9058.33 27053 59759
8813.5 27055 59759
9097.83 26885 59759
9346 26133 59759
9302.17 26602 59759
9402.83 26062 59759
9545 25389 59759
9449.67 25616 59759
9527.33 25436 59759
10074.7 24539 59759
10114.2 24369 59759
10002.2 24828 59759
9701 24874 59759
10016.7 24811 59759
10022.7 24559 59759
11779 22575 59759
11556.7 22611 59759
11772.7 22599 59759
10448.3 23371 59759
10499.3 23357 59759
11139.7 22818 59759
11318.7 22665 59759
11226.7 22715 59759
10581 23132 59759
10544 23242 59759
10558.3 23155 59759
10536 23262 59759
10637.5 22934 59759
10838.2 31650 64024
10727.2 31656 64024
10572.2 33360 64024
12743.7 31328 64024
12598.8 31349 64024
11012.7 31534 64024
10865.8 31627 64024
10870.2 31595 64024
12794.2 31192 64024
12989.7 29232 65041
15762 28717 65041
15675.8 28746 65041
15700.5 28737 65041
15746 28735 65041
14405.7 28959 65041
14473.7 28829 65041
14457.7 28847 65041
14443 28915 65041
13686.7 29049 65041
13747.3 29034 65041
13645 29111 65041
13814 28966 65041
15145.2 28787 65041
15473.3 28782 65041
12984.7 30636 64024
11331.8 35318 70826
11332.2 35238 70826
11334.5 35168 70826
11332.2 35185 70826
11254.8 35323 70826
11565.7 35017 70826
11479 35031 70826
11602.8 34786 70826
11572.2 34806 70826
11622.8 34764 70826
11395.8 35115 70826
11206.3 35717 70826
11022 35943 70826
10997.3 35979 70826
11067.8 35828 70826
10836.5 36031 70826
10777.5 36289 70826
10834.8 36182 70826
10769.5 36492 70826
10771.2 36332 70826
10767.2 36572 70826
11010.3 35960 70826
12002.8 34530 70826
12089.8 34491 70826
11758 34714 70826
12320.2 33820 70826
12293.5 33887 70826
12492.7 33709 70826
12955.8 33677 70826
12200.8 34161 70826
12165 34215 70826
12280.8 34043 70826
12159 34341 70826
14299.5 31719 70826
13712.2 31847 70826
13430 32276 70826
13978.7 31782 70826
14284.8 31763 70826
13018 33348 70826
13010.8 33550 70826
13003.3 33556 70826
5381.5 12553 21759
5226.17 12694 23080
4455.83 13154 29817
4442.5 13246 29817
4387.5 13346 29817
4478.33 13086 29817
4504.67 12865 29817
4340.83 13661 29817
4606.83 12701 29817
4407.5 13317 29817
4436.17 13298 29817
4465.5 13108 29817
5791.83 12693 29817
5403.67 16828 32108
5419.33 16698 32108
5468 16649 32108
5406.33 16759 32108
5332.33 16834 32108
5859.83 16028 32108
5656 16345 32108
5694.67 16246 32108
5646.17 16384 32108
5719.83 16213 32108
5720.17 16195 32108
5679.83 16258 32108
5554.67 16522 32108
5558.5 16440 32108
5478.33 16551 32108
6005 15947 32108
5995 15967 32108
6124.5 15939 32108
6144.83 15865 32108
6225.83 15688 32108
6399.67 15374 32108
6312.67 15595 32108
5843.5 16191 32108
9645.17 24893 45124
3138 4695 9859
3048.5 6134 10216
3291.5 7325 15577
3178.17 8783 20044
3189.17 8740 20084
3295.5 8589 20936
3244.67 8594 20936
3240.5 8668 20936
3304.5 8581 20936
3104.83 8939 20936
3080.5 9085 20936
2984.17 9314 20936
3236.83 8676 20936
3174.83 8843 20936
3192.83 8679 20936
3800.83 6707 11832
3900.83 6025 11453
4157.17 6904 12947
8948.33 19505 36495
8753 20566 35295
8416.17 20610 35829
8882.67 19654 37290
8941.67 21309 39689
9758.83 21983 40012
10439.7 22381 40339
11014.8 22236 40339
9270.83 21992 40012
10215.7 23171 41956
8444.5 21354 37359
8278.17 21439 36256


11013.7 27124 63269
11413 26413 63269
11385.7 26448 63269
11388.7 26433 63269
11411.3 26432 63269
11470.7 26399 63269
11258 26547 63269
11161.8 26639 63269
11199.3 26549 63269
11077.3 26972 63269
11072.3 27010 63269
11052 27021 63269
11014 27051 63269
11381 26496 63269
11345.3 26512 63269
10606.3 27363 63269
10964.8 27248 63269
10871.2 27291 63269
10989.7 27189 63269
10997 27163 63269
10884.5 27254 63269
10973.3 27193 63269
10874.8 27259 63269
11004 27145 63269
10270.3 27524 63269
10208.3 27534 63269
10395.3 27398 63269
10381 27511 63269
10122.2 27484 62957
10136.5 27413 62957
10175.5 27267 62957
10123.8 27434 62957
10141.5 27746 63269
10146.5 27730 63269
10123.8 27763 63269
9991.67 27495 62556
9915.5 27937 62957
9912.5 27988 62957
9920.83 27761 62957
9896.5 28137 63269
9912.83 28025 63269
9935.83 27777 63269
9907.17 28035 62957
9953.83 27677 62957
9975.5 27665 62957
9995.17 27509 62957
9983.83 27585 62957
13833.2 25805 63269
13644 25810 63269
14441.5 25781 63269
13899.2 25804 63269
14631.3 25749 63269
13172.3 26351 63269
12049 26354 63269
13568 25841 63269
13536.5 25916 63269
13204.3 25921 63269
11360.2 32154 68001
11670 31960 68001
11785.2 31829 68001
12031.2 31584 68001
11845.7 31804 68001
11411.7 31965 68001
11203.2 32746 68001
11273.2 32629 68001
11290 32594 68001
11328 32240 68001
11331.2 32232 68001
11004 33021 68001
11017.3 32864 68001
10996 33157 68001
10813.7 33168 68001
8926.83 33804 63269
8955.83 33573 63269
8949.17 33719 63269
8949.5 33705 63269
10659 34128 68001
9649.5 32827 63269
9716.5 27520 62556
9591.67 27875 62556
9649.83 27810 62556
9674 27746 62556
9868 27508 62556
9651.17 27781 62556
9684.83 27547 62556
9739 29056 63269
9577 28465 62556
9534 28540 62556
9491 28577 62556
9880.5 28066 62957
9800.67 28337 62957
9822.5 28097 62957
9844.83 28191 63269
9886.83 28175 63269
9891.83 28156 63269
9905.83 28103 63269
9442 28990 62556
9474.33 28882 62556
9486 28863 62556
9000.5 33391 63269
8989.83 33506 63269
9157.83 33101 63269
9125.5 33103 63269
9085.5 33125 63269
9222.83 32999 63269
9027.5 33169 63269
10711 33859 68001
369 432 967
539 588 1859
453 627 1859
337 549 967
361 522 967
249 372 0
249 408 838
1847 2250 4767
1989 2137 4767
1894 2148 4767
1797 2263 4767
1852 2249 4767
2013 2072 4767
2399 2824 6348
1245.67 3255 6752
1896.5 3019 6752
1501.67 3060 6752
1486.83 3145 6752
1407.67 3176 6752
1513.5 3043 6752
1375.33 3179 6752
1327.33 3203 6752
1226 3283 6752
1245.33 3276 6752
776.5 1597 2663
953.333 1508 2663
1424 1479 2663
920.833 1515 2663
789.167 1549 2663
683.833 1759 2663
763.833 1620 2663
735 1757 2663
2734.5 4129 7801
3686 3472 9054
3342 3582 9054
3444 3485 9054
3149 3888 9054
3134 3957 9054
3201 3631 9054
4012 3407 9054
3748 3456 9054
3787 3429 9054
7206.33 16242 32704
7168.67 16274 32704
7220.67 16220 32704
7183 16245 32704
7285.33 16178 32704
7290.67 15563 32704
7611.17 15386 32704
7673.5 15316 32704
7285.83 15721 32704
7855.17 15175 32704
7744.17 15272 32704
6754.5 17276 32704
6701.5 17599 32704
6574.83 17632 32704
6730.83 17508 32704
6302.5 17767 32704
6882.17 16397 32704
7156 16344 32704
7136 16372 32704
10214.5 25044 44195
9042.17 25399 45844
9783.83 21529 43611
9915.33 21131 43611
10188.7 20760 43611
10189 20759 43611
9873.5 21384 43611
10187 20807 43611
10126 20929 43611
10136.3 20887 43611
9974.33 20971 43611
10220.7 20750 43611
9186.17 22636 43611
9187.5 22576 43611
9224.5 22503 43611
9293.5 22371 43611
9275.5 22419 43611
9316.33 22269 43611
9074.67 24992 43493
6849 18817 38669
6781 18993 38669
7126.5 18558 38669
7001.33 18607 38669
7405.67 18128 38669
7255 18243 38669
6821 18834 38669
6810.67 18966 38669
7562 18120 38669
6984 18620 38669
6879.33 18701 38669
7002.5 18562 38669
6860.67 18717 38669
8363.33 21099 38756
8199.83 21347 38756
8278.83 21218 38756
8388.67 21094 38756
8575.17 20877 38756
8407.67 20992 38756
8636.67 23882 41917
9054.5 22556 40780
9118.33 23624 41295
9568.17 21793 42689
9555.17 22103 42689
7524.17 17673 36389
8888.83 17119 36389
8207.5 17410 36389
8234.67 17153 36389
7569.33 17479 36389
7516.17 17791 36389
7563.83 17666 36389
4652.33 8608 22308
4551.83 8613 22308
4324.17 8996 22308
4105.17 9186 22308
4436.17 8909 22308
4476.33 8689 22308
4438.33 8889 22308
4458.67 8734 22308
5660.67 12843 26850
6355 17146 30857
6368.5 16944 30857
6516.33 16569 30857
6535.17 16383 30857
5723 13840 30284
5635.33 13841 30284
5439.33 14338 30284
5432.33 14466 30284
5436.67 14365 30284
5459.5 14109 30284
6007.67 13757 30284
5634.67 13891 30284
3208 5641 10572
2973.17 6743 10403
2723.5 5917 10145
3321.33 8746 17708
3545.33 8500 17708
3627.67 8494 17708
3641.83 8242 17708
3230.5 8921 17708
3442.33 9073 19040
3444 9059 19040
3458.33 8988 19040
3563.67 8830 19040
3281.67 9700 19040
3334 9351 19040
3434 9158 19040
3386.67 9227 19040
3488.33 8950 19040
3432.33 9191 19040
3310.67 6789 16376
3438.17 6556 16376
3409.5 6623 16376
3391.33 6664 16376
3189 6843 16376
2800.5 7009 16376
3372 6673 16376
3251 6820 16376
3074.17 6991 16376
3662.67 6510 11388
2870.83 6887 12501


658 741 1420
610 896 1420
747 692 1420
466 338 918
334 226 0
334 250 329
434 455 918
3138.83 5472 12954
2750 5743 12954
3572.17 5419 12954
2757.83 5655 12954
2938 5541 12954
3227.83 5441 12954
3472.83 5437 12954
3097.83 5457 12286
2856.33 5619 12954
3089.83 5517 12954
3100.83 5345 12455
3105 5516 12954
2454.33 6384 12954
2457.67 6335 12954
2442.67 6469 12954
2460.33 6325 12954
2285.67 6496 12954
2476.33 6001 12954
2613 5849 12954
2718.5 5766 12954
1513.17 3484 8397
1510.17 3503 8397
1470.5 3505 8397
1539.17 3371 8397
1551.83 3362 8397
1310.67 3674 8397
1255.67 3746 8397
1199.67 4042 8397
1329.33 3595 8397
1333.67 3576 8397
1320.33 3618 8397
1339.33 3532 8397
2424.83 4829 9210
2435.5 4941 11613
2643.33 4810 11613
2730 4465 11613
2701.17 4678 11613
2372.83 4967 11613
2246.5 5082 11613
2336.33 5013 11613
2477.67 4868 11613
1318 1468 3310
1210 1491 3745
915.833 1721 4236
1998 1920 5569
1124 2157 5569
1289 2002 5569
1151 2087 5569
1472.5 1976 5569
1117.5 2302 5569
2042 1919 5569
2219 1900 5569
12534.8 26127 66547
13204.8 25633 66547
13152.2 25653 66547
13149.5 25773 66547
13146.2 25848 66547
13313 25598 66547
13770.2 25256 66547
15281.8 25196 66547
15263.5 25224 66547
12918.2 25978 66547
13130.3 25895 66547
13124.3 25919 66547
13379.5 25316 66547
12701.2 26056 66547
12121.7 26294 66547
12064.2 26330 66547
12063.2 26433 66547
12447.8 26175 66547
12479.7 26138 66547
12245.2 26239 66547
12572.5 26114 66547
11265.8 28469 66547
11274.2 28390 66547
11218.5 28797 66547
11244.5 28673 66547
11284.2 28296 66547
11030.3 29018 66547
11020.3 29208 66547
10967.3 29250 66547
11250.5 28606 66547
11694.2 26851 66547
11787.3 26827 66547
11807.5 26733 66547
11865 26693 66547
11903.2 26623 66547
11967.8 26603 66547
11978.8 26565 66547
12361.8 26225 66547
12408.8 26202 66547
11326.7 27395 66547
11339.8 27363 66547
11289.7 27544 66547
11483.5 27037 66547
11473.2 27141 66547
11466.2 27144 66547
11420.7 27235 66547
11390.5 27261 66547
11368 27268 66547
11429 27204 66547
11442.2 27192 66547
11530.2 26892 66547
9829.33 34268 66547
9895.33 34138 66547
9661.67 34271 66547
9590.67 34322 66547
9447.67 34482 66547
9636 34298 66547
10244.5 29301 66264
10119.3 30651 66547
10083.7 30663 66547
10145.3 30437 66547
10139.2 30555 66547
10185.5 30159 66547
10193.2 29679 66547
10273.5 29608 66547
10258.5 29640 66547
10266.5 29615 66547
10284.5 29479 66547
10962.3 29376 66547
10949.3 29400 66547
10765.3 29181 55938
10813.2 27749 55938
10834.8 27654 55938
10829.2 27727 55938
10802.2 27764 55938
5578.5 15017 30916
5759.33 14592 30916
5599 14793 30916
5702.5 14595 30916
5685.83 14688 30916
5569.5 15067 30916
5518.5 15465 30916
5451.83 15641 30916
5507.17 15594 30916
5443.83 15827 30916
5559.5 15204 30916
5531.17 15260 30916
5774.17 14510 30916
6113.83 14356 30916
6282.67 14176 30916
6485 18009 32366
9262.17 16989 32366
6726.5 17662 32366
6706.67 17749 32366
7948.83 17001 32366
7578 17265 32366
7586 17121 32366
8542.33 17143 35571
7009.33 17699 35571
8352.67 17286 35571
7056.83 17373 35571
8366.33 17233 35571
8475.17 17191 35571
6591.83 18114 40006
6756.5 17859 40006
6613.5 18052 40006
6577.67 18251 40006
6663.33 17997 40006
6735.83 17909 40006
6598.5 18089 40006
7032.5 17721 40006
6643.5 18034 40006
6548.5 18284 40006
6587.5 18152 40006
7324.83 17702 40006
7395.67 17521 40006
7320.5 17709 40006
7366.83 17684 40006
8325.33 17412 40006
6331.83 18502 40006
6265.17 18860 40006
6389.17 18479 40006
6284.17 18543 40006
6392.5 18394 40006
4604.17 12182 27386
4692.17 12132 27386
4996.17 11867 27386
4928 11918 27386
5413.17 11786 27386
5101 11840 27386
4758.5 11983 27386
4693.5 11988 27386
4774.83 11945 27386
5120.83 11808 27386
4764.33 11964 27386
4425.5 12651 27386
4491.33 12336 27386
4514.5 12290 27386
4631.83 12157 27386
4551.67 12209 27386
4594.83 12195 27386
5686.33 11402 26716
5716.67 11246 26716
5713.5 11290 26716
4917.83 11916 26716
5565.5 11407 26716
5273.83 11806 26716
3229 7826 13320
3772 7929 13755
3991 7603 15294
3786.5 7805 13562
3942 7308 14187
4820.67 10044 19847
5385.83 9468 18244
4127.83 11923 24381
4514 8940 17323
3698.5 8010 15851
4444.33 9266 17795
4321.33 8322 16646
10965.7 24397 45654
8824.83 23715 42621
10731.5 26690 47774
10734.7 26873 48942
11098.7 23447 41521
9429.17 24145 45136
11212.7 27048 49544
10129.2 25527 46120
11326.8 26036 48997
10086.2 25636 46120
9409.17 24168 45136
9536.83 23877 45136
11325.2 26140 48997


10740.5 33744 73873
10785.2 33585 73873
10750.5 33719 73873
10707.2 33759 73873
10674.5 33972 73873
10677.8 33901 73873
10849.8 33383 73873
11920.2 32888 73873
11869.8 32939 73873
11800.2 33092 73873
11625.3 33161 73873
11558.3 33343 73873
11564.2 33213 73873
12736 31377 73873
12718.7 31499 73873
13123.5 31325 73873
13254.3 30320 73873
13600.5 30214 73873
13152 30671 73873
13646.7 30125 73873
13780.5 29947 73873
14183.7 29806 73873
14170 29840 73873
14336.3 29761 73873
14002.5 29844 73873
14758.8 29748 73873
14712.2 29750 73873
12260.8 32623 73873
12013.2 32681 73873
12718 31570 73873
12600 31797 73873
11997.5 32851 73873
12679 31724 73873
12395.7 32122 73873
12694 31576 73873
10376 37527 73873
10650.2 34078 73873
10670.5 34011 73873
10069.2 37606 73873
10010.8 37669 73873
10059.2 37609 73873
10028.8 37654 73873
10081.2 37528 73873
10383.8 37487 73873
10437.3 37403 73873
9881.17 37732 73873
10385 37440 73873
9582.67 38224 73873
9595.67 38166 73873
9858.5 37911 73873
9682.67 37937 73873
9611.5 37960 73873
9599.67 38069 73873
10581 30573 66788
10553 30575 66788
10546.7 30593 66788
10510.3 30670 66788
10618.7 30448 66788
10668.3 30231 66788
10641.3 30281 66788
10585 30525 66788
9788.17 30721 66788
9617 30801 66788
9874.83 30697 66788
9847.5 30700 66788
9598 31134 66788
9504.5 31302 66788
9514.83 31260 66788
9523.5 31161 66788
9445.83 31473 66788
9252.67 32267 66788
9240.17 32431 66788
9177.83 32605 66788
9290 31742 66788
11724 29216 66788
11833.2 29155 66788
11847 29146 66788
11671.5 29257 66788
12066.3 28310 66788
12092.2 28291 66788
12694.8 27822 66788
13244 27717 66788
13272.7 27698 66788
13504 27688 66788
12434.8 27834 66788
11881 29066 66788
11863 29096 66788
11967 28494 66788
12007.7 28431 66788
11953.2 28532 66788
11928.8 28562 66788
11484 29901 66788
11264.3 30186 66788
8891.83 24626 59880
8701.67 25602 59880
8687.5 25700 59880
8810 24732 59880
8776.33 25416 59880
8641 25761 59880
8700 25671 59880
8854.5 24680 59880
8724 25489 59880
8789.33 25144 59880
8804.5 24795 59880
8870.17 24666 59880
9057.67 24393 59880
8990.67 24472 59880
8961 24487 59880
8968.33 24475 59880
8900.5 24519 59880
8895.5 24586 59880
9249.67 24188 59880
9299.33 24183 59880
9182.67 24257 59880
9936.17 22679 59880
9895.83 22706 59880
9814.17 22751 59880
9780.33 22830 59880
9727.83 22889 59880
9696.5 22938 59880
11209 21914 59880
10612.5 21982 59880
11182.5 21948 59880
11824.5 21898 59880
10906.3 21963 59880
11834.7 21896 59880
11793.2 21900 59880
9853 22727 59880
9647.33 23124 59880
9557.17 23542 59880
9659.33 22999 59880
9474.17 23591 59880
9374.67 23646 59880
9565.83 23209 59880
9563.83 23421 59880
10108.7 22581 59880
10243.7 22426 59880
10169.7 22427 59880
10156.7 22529 59880
10277 22134 59880
10524.5 22054 59880
10267.3 22415 59880
784 837 1059
395 326 0
395 365 703
879 1080 3105
946 1072 3105
712 851 1059
1004 966 3105
699 949 2244
775 906 2425
798 856 2434
958 792 2434
2513.5 3193 6508
3206 3527 7779
2029.33 3937 8390
2188.67 3717 8390
1623.17 4010 8390
2039.67 3936 8390
2153.67 3895 8390
1710.83 3973 8009
1653.5 4158 8925
1690.17 4015 8925
2248.5 3878 8925
2223 3910 8925
1629.17 4289 8925
1607 4435 8925
1561.83 4776 8925
1711 3979 8925
1778.17 3951 8925
1740.17 3956 8925
1673.33 4116 8925
1625.83 4341 8925
1426.83 3375 4070
1814.5 2245 4353
1861 2029 5353
2426 2370 5791
1575 2758 5791
1623 2448 5791
2324 2395 5791
2174 2425 5791
3476.67 5620 12451
2945.5 5936 14630
2529.33 6021 14630
2665.17 5966 14630
2975.83 5924 14630
2598.17 5967 14630
2462.33 6176 14630
2475.67 6084 14630
2821 5962 14630
2372.5 6582 14630
2374.5 6210 14630
2434.5 6209 14630
2359.5 7308 14630
2262.5 7369 14630
6981.83 18190 36364
7005.67 18161 36364
6927 18274 36364
6786.67 18382 36364
6966.83 18234 36364
6619.17 18416 36364
7027.67 18014 36364
6354.83 17374 34989
6328.5 17427 34989
6312 17469 34989
6284.5 17533 34989
6494.17 16993 34989
6662.17 16948 34989
6605.17 16987 34989
6673.83 16876 34989
6684.67 16657 34989
6269 17770 34989
6240.67 17778 34989
6195 17783 34989
6156.5 17964 34989
6366.83 17131 34989
8342.33 16444 34989
8508.83 16398 34989
8441.83 16412 34989
8372.33 16431 34989
7384.17 16470 34989
7768.83 17645 36364
7729.33 17701 36364
7827.83 17367 36364
7559.5 17879 36364
8436.67 21269 37367
8207.5 20693 36876
9725.5 19758 37290
7424.17 15058 28674
8490.33 20793 43300
8479.17 20813 43300
5388.5 9233 15523
3843 10305 16375
3902.5 9554 15362
4455.67 9863 19085
4499.33 10830 20725
4760 9727 18849
5071.33 10202 20048
4379.83 11610 19157
5163.5 12331 27740
5335.17 12266 27740
5176.83 12291 27740
5421.17 12151 27740
5357.5 12189 27740
4622 13079 27740
4515.17 13187 27740
4426.33 13507 27740
4806 12875 27740
4934.67 12814 27740
4981 12665 27740
4998.17 12497 27740
5091.5 12339 27740
4727.67 11766 25650
5512.17 11581 25650
5379.33 11602 25650
5377.17 11675 25650
5311.17 11726 25650
4706.67 11948 25650
5493.33 12141 25860
5760.17 12066 25860
5614.5 12089 25860
5109 12334 25860
5330.67 12219 25860
5934 11942 25860


1888.67 5443 12304
1868.67 5476 12304
2217.67 4953 12301
2233.67 4929 12301
2121.5 5091 12290
1981.33 5383 12304
2133.33 5227 13142
2187.5 5175 13142
2104.83 5268 13142
2134.83 5176 13142
2051 5310 13142
2073.33 5283 13142
2127.67 5263 13142
1838.67 5690 12304
2191 5144 13142
2198 5089 13142
2201 5042 13142
2178.67 4957 12709
2245 4942 13142
1893.33 6605 13142
1893.33 6546 13142
1914.67 5820 13142
2001.67 5347 13142
1958 5423 13142
1895.67 5864 13142
1917 5490 13142
1814.33 6145 12304
1837 5757 12304
434 239 0
434 268 766
544 566 1529
500 619 1529
212 378 0
212 402 979
1206.5 2467 4654
1311.17 3473 8578
1287.17 3477 8578
1234.83 3645 8578
1243.17 3624 8578
1329.5 3416 8578
1272.5 3505 8578
1252.5 3582 8578
1330.5 3382 8578
1256.83 3570 8578
1228.83 3825 8578
1680.83 2858 6528
2196 2149 5066
1825.5 3028 8578
1710.5 3183 8578
1746.17 3162 8578
1824.67 3058 8578
1626.33 3186 8578
1517.67 3251 8578
1387.5 3296 8578
1623 3244 8578
1372.5 3334 8578
971 1375 4437
1019 1351 4437
1149 1270 4437
823 1234 3987
754 1204 3734
930 1099 3510
3328 4840 10572
7741.17 29754 59595
7726.83 29841 59595
7752.83 29645 59595
7704.5 29867 59595
7776.83 29606 59595
7826.83 29586 59595
7905.67 29503 59595
7812.17 29587 59595
7944.67 29214 59595
9887 24118 59595
9931.83 24117 59595
9651.33 24276 59595
9802.33 24165 59595
11660 23034 59595
11460.8 23043 59595
11788.2 22985 59595
11590.7 23037 59595
9935.17 23585 59595
9983.5 23487 59595
10769.8 23130 59595
10917.7 23121 59595
10824.3 23122 59595
10941.8 23099 59595
10359.8 23221 59595
10548.7 23205 59595
10533.8 23214 59595
10315.5 23260 59595
11084.8 23052 59595
11012.2 23057 59595
10996.8 23084 59595
10044.8 23315 59595
8770.17 26311 59595
9444.33 24573 59595
9434 24639 59595
9393.67 24744 59595
9417.67 24680 59595
9633.83 24506 59595
9623.17 24540 59595
8973 26042 59595
8981.33 26023 59595
9125.17 25415 59595
9099.5 25506 59595
9062.5 25509 59595
9255.83 24881 59595
9187.67 24917 59595
9286 24796 59595
9337.67 24754 59595
8996.17 25695 59595
9033.5 25607 59595
9026.17 25637 59595
9044.83 25601 59595
9141.83 25069 59595
8954 26186 59595
8940.17 26207 59595
8910.5 26303 59595
8923.5 26302 59595
8627.67 27899 59595
8583.83 28043 59595
8598 27916 59595
8603 27908 59595
8741.17 27035 59595
8637 27331 59595
8636.83 27337 59595
8676.83 27046 59595
8409.83 28453 59595
8378.67 28579 59595
8363.33 28803 59595
8198.67 28843 59595
8453.17 28195 59595
8015 29045 59595
11243.5 29632 69607
11073.7 29941 69607
11355.7 29109 69607
11296 29316 69607
11223.7 29752 69607
11299 29195 69607
11160.2 29755 69607
11637.2 29027 69607
10683.8 31665 69607
10687.2 31660 69607
11000.5 30801 69607
10968.8 30893 69607
10919 30963 69607
11042.2 30762 69607
10995.2 30813 69607
10745.2 31181 69607
10890.5 31177 69607
10727.2 31247 69607
10903.2 31119 69607
11069.7 30124 69607
11045.7 30171 69607
10698.2 31367 69607
12539.8 28655 69607
13667 28183 69607
13581.3 28287 69607
13583.7 28221 69607
11931.3 28960 69607
11781.8 29024 69607
11891.8 29014 69607
11951.5 28781 69607
12643.3 28295 69607
12579 28433 69607
11655.2 32742 71925
11621.2 32801 71925
12245.3 32629 71925
11894 32664 71925
11664.5 32700 71925
11367 34031 71925
11489.3 33754 71925
11437.3 33809 71925
11414.7 33821 71925
11383.7 33880 71925
11500.8 32875 71925
10537.3 31687 69607
10467.7 31857 69607
10498.7 31739 69607
11353.7 34293 71925
11304 34325 71925
11108 34417 71925
11200 34377 71925
11061.8 34499 71925
11035.5 34712 71925
11023.8 34857 71925
10983.8 34918 71925
10973.2 34972 71925
3495 7539 13435
4189.5 8216 14049
3364.67 8511 14485
5387.5 9658 14499
7683.5 14299 29191
5548 15448 29961
5298.83 12842 20879
6997.5 11201 19159
4786.83 12129 19561
5316.17 11932 20379
4892.33 11605 18827
5446.67 12628 20638
5002.33 9723 17446
5799 10894 17790
5090.17 10932 19055
5666.33 11253 19660
7081.67 11401 21490
7593.5 13861 22907
6130 14104 23231
5590.17 12096 22654
8658.5 13282 23876
6653.33 14077 22961
6296.33 14924 25779
7523 16155 30716
6285.83 16733 31337
6392.5 16548 31337
6371.33 16665 31337
6261.83 16812 31337
6931.33 16329 31337
7025.33 16245 31337
7621 16242 31337
6868 16499 31337
6863.33 16547 31337
6888.67 16424 31337
6907.17 16398 31337
9323.5 22402 46591
9338.67 22364 46591
9353 21431 46591
9723.5 20947 46591
9516.67 20968 46591
10213.2 20861 46591
10167.2 20890 46591
10309.8 20850 46591
9348.17 22131 46591
8937.67 22512 46591
8475 23077 46591
8250.17 23230 46591
8356.17 23091 46591
8292.5 23138 46591
8233.5 23432 46591
8228.83 23508 46591
8624 22810 46591
8721.33 22667 46591
8631.67 22688 46591
7531.33 23854 46591
8208.83 23630 46591
8603.33 22996 46591
8619.5 22970 46591
9125.5 22434 46591
8749.5 22584 46591
9221 22431 46591
7295.17 18796 39423
7317.5 18719 39423
6901.67 18868 39423
7219 18812 39423
7543.5 18245 39423
7618.67 18240 39423
7789.5 18141 39423
7740.5 18190 39423
7816.5 17685 39423
7386.17 18384 39423
7480.17 18372 39423
7328 18557 39423
7321.83 18641 39423
6360 17412 34665
6405.33 17021 34665
7150.33 16699 34665
7016.33 16733 34665
6798.5 16878 34665
6747.5 16889 34665
6252.33 17560 34665
6209.33 17599 34665
6282.5 17481 34665
6306.67 17453 34665


8377.33 32399 60774
8373 32465 60774
8367 32561 60774
8431.33 32267 60774
8486.67 32235 60774
8744 30927 60774
8713 30932 60774
8754.17 30855 60774
8679.17 31046 60774
8762.17 30785 60774
9842.67 28685 60774
9878 28487 60774
9857 28541 60774
8775.33 30749 60774
8794.17 30632 60774
11149.8 28779 61078
11173.5 28756 61078
10886.3 29082 61078
11125 28954 61078
11134.2 28802 61078
11641 28670 61078
9938.33 28365 60774
10782.8 28187 60774
11914.8 27800 61078
12103.3 26629 61078
12364.3 25720 61078
12560.8 25602 61078
12297.3 25805 61078
12140.2 25821 61078
12140 25826 61078
12441.5 25674 61078
12358.8 25779 61078
12606.3 25591 61078
12338.3 25785 61078
10232 34089 70457
10015.7 35188 70457
10035.3 35101 70457
10160.3 34867 70457
10254.7 34000 70457
10163.5 34759 70457
10141.7 34882 70457
10118.7 34990 70457
10243.3 34083 70457
14145.5 28443 70457
14048.8 28444 70457
14008 28466 70457
14282.5 28442 70457
12447 28800 70457
12461.2 28738 70457
12498.3 28598 70457
12963.8 28569 70457
12987.8 28467 70457
12103.2 32870 70457
12051.5 32969 70457
12085.5 32924 70457
10266.2 33640 70457
10660.3 33039 70457
10553.7 33173 70457
10585 33069 70457
10650.3 33056 70457
10460.8 33244 70457
10345.5 33266 70457
10268.2 33489 70457
10274.8 33471 70457
10306 33398 70457
1605.67 4080 10529
1449.83 4214 10673
1473.83 4201 10673
1491.83 4081 10673
1850 3790 10543
1792.67 3815 10543
1779.17 3849 10650
1783.17 3847 10650
1710.33 3924 10650
1690 3971 10543
1705.67 4064 10650
1821.33 4005 11266
2061.33 3822 11266
1996.83 3871 11266
1904.67 3974 11266
1919.5 3956 11266
1969.17 3878 11266
1931.5 3935 11266
1751.5 4123 11266
1770.33 4039 11266
1843.33 3986 11266
1846.33 3977 11266
1795.17 4008 11266
1507.17 4346 11266
1467.67 4548 11266
1620.83 4152 11266
1434.17 4553 11266
1549.17 4213 11266
1531.83 4321 11266
1539.83 4224 11266
1527.5 4325 11266
1484.83 4423 11266
1587.5 4201 11266
1430.83 5003 11266
1429.67 5078 11266
347 268 0
1233 1866 3575
1357 1619 3575
1309 1704 3575
1302 1734 3575
1245 1745 3575
1340 1680 3575
1361 1320 3575
1110 1200 1589
1046 1406 1438
1146 1014 1589
1062 1215 1589
1049 1309 1589
347 308 846
596 611 1230
433 401 869
407 653 869
1315 1043 2160
1116 1145 2160
1195 1083 2160
2025 2313 7491
1851 2331 7491
2576 2949 7511
2600 2939 7511
2721 2731 7511
3089 2640 7511
2763 2673 7511
2612 2832 7511
2673 2811 7511
2695 2751 7511
2396 3110 7511
2492 2950 7511
4947.33 13160 27355
4881.33 13267 27355
4795.17 13516 27355
4796.83 13362 27355
4928 13188 27355
4972.83 13138 27355
4989.33 13078 27355
5790.5 12621 27355
5446.17 12647 27355
5852.17 12567 27355
5904.67 12249 27355
5972 12186 27355
6061.67 12057 27355
4648.33 15589 28832
4617.67 15702 28832
5388.17 14758 28832
5438 14732 28832
5251 15004 28832
5257.33 14933 28832
4976.17 15056 28832
4926.5 15081 28832
4896.83 15089 28832
4882.83 15126 28832
4758.33 15141 28832
4701.33 15181 28832
4669.67 15190 28832
5519.33 14624 28832
5590.5 14617 28832
5504.83 14686 28832
5652.83 14333 28832
7257 11780 21598
7428.83 15836 29419
7655 16472 31873
7457.83 15792 29419
7670.33 15765 29419
7394.33 15913 29419
7877.83 15621 29419
9012 24484 45017
9064.67 24442 45017
8854.5 24911 45017
8722.33 25396 45017
8783.17 25227 45017
8917 24699 45017
8990 24517 45017
9559.83 24377 45017
10856.3 25102 47490
10913.3 24111 45017
10918.3 24056 45017
10268.7 24179 45017
8863.83 21346 43878
8879.5 21225 43878
8816.5 21382 43878
9450.17 20979 43878
9610.5 20302 43878
10087.5 20139 43878
9978.67 20232 43878
9574.17 20389 43878
10191.2 20086 43878
9291 21091 43878
9300.33 21081 43878
9382.33 21032 43878
9220.67 21096 43878
9340 21061 43878
9532.17 20636 43878
3336.5 5920 12462
3506.5 6667 13438
4013.33 7470 13580
3480.83 7797 13962
4563.83 8013 17773
4479.5 8054 17773
4906.83 7550 17773
4805.17 7638 17773
4623.83 7645 17773
4004.83 8332 17773
4312.83 8322 17773
4431.83 8190 17773
4391.5 8266 17773
4570.33 7904 17773
3763.83 8171 15222
3725 9004 21240
3533.17 9276 21240
3463.17 9310 21240
3595.83 9065 21240
3547.83 9126 21240
3746.67 8932 21240
3748.67 8845 21240
3642.67 9026 21240
3601.83 9045 21240
6654.5 17622 32903
6932.33 18720 34202
6957.83 18563 34202
6986 17515 39021
7381.67 17106 39021
8248.17 21407 39358
8269.5 20047 42196
9385.67 19636 42196
8947.5 19818 42196
8323.5 19863 42196


15534.3 27522 69758
15360.3 27526 69758
13584.3 28593 69758
13522.3 28628 69758
13491.7 28725 69758
14000.5 28570 69758
13502.7 28707 69758
14001.7 28528 69758
15125.5 27678 69758
14548.2 27822 69758
14915.3 27688 69758
13038 31026 69758
13246.5 29427 69758
13369.7 28857 69758
13431.3 28786 69758
13453.3 28728 69758
13295.8 28946 69758
13138 30675 69758
13119.5 30794 69758
13239 30627 69758
12996.8 31046 69758
12772.5 31060 69758
13041 31021 69758
13054 30804 69758
12752.7 31340 69758
12736.8 31432 69758
12696.7 31478 69758
9433.33 35753 69758
9452.33 35672 69758
9446 35702 69758
9149.33 36184 69758
9216.67 36066 69758
9151.67 36116 69758
9119.33 36214 69758
9195.33 36080 69758
9299.33 35871 69758
9260.67 35902 69758
9363.67 35854 69758
9246.33 35981 69758
9379.67 35853 69758
9086.67 36408 69758
9113.67 36285 69758
9107 36375 69758
9021.67 36717 69758
9018 36745 69758
9012.67 36829 69758
9025.67 36617 69758
9018.33 36726 69758
9045.33 36578 69758
9005.33 37009 69758
8996 37051 69758
8986.33 37227 69758
10317.5 35431 69758
10720.5 35328 69758
10778.5 35224 69758
10077.2 35483 69758
9509 35542 69758
9835.17 35489 69758
11477.8 34819 69758
11463 34959 69758
11380.3 35175 69758
11502.8 34383 69758
11564 34173 69758
11518.5 34209 69758
11584.2 33893 69758
12475.3 32255 69758
12475 32323 69758
12465.3 32331 69758
12447.7 32386 69758
12536.8 32242 69758
12453.8 32367 69758
11928.7 33701 69758
11962.3 33653 69758
12003.7 33582 69758
12394.3 32470 69758
12148.3 32475 69758
12407 32433 69758
11829.5 33854 69758
11845.3 33834 69758
438 326 0
438 371 312
383 630 1548
312 383 665
310 402 883
310 370 0
1354 4216 7956
1334.83 4238 7956
1366.67 4060 7956
2333.33 3172 7956
2285.33 3208 7956
2293.83 3184 7956
2201 3270 7956
2259.33 3256 7956
1858.5 3547 7956
1967.67 3510 7956
1522.33 3769 7956
1413.67 3976 7956
1507 3850 7956
1417 3929 7956
1384.67 3993 7956
2099.33 3389 7956
2095.83 3406 7956
1794 3728 7956
1820.67 3676 7956
1838.33 3651 7956
1557 3031 4188
1723 2078 4964
1728 2020 4964
1561 2102 4964
1805 1925 4964
1887 1913 4964
1795 1980 4964
866 1168 2765
1022 1943 3043
1014 2022 3043
1062.5 1858 3043
1164.5 1723 3043
1016 1998 3043
964.5 2133 3043
1041 1902 3043
1079.5 1771 3043
980 2027 3043
1046 1866 3043
8829.17 23610 40654
8839.5 23586 40654
8959.33 23533 40654
8532 23653 40654
7160.17 21816 40267
7075.17 21847 40267
6999.17 21915 40267
7249.67 21467 40267
7353.67 20464 40267
7253.83 20824 40267
7259.67 20543 40267
7165.33 21618 40267
7193.67 21538 40267
7512.83 20445 40267
7592.5 20170 40267
8219.83 19966 40267
8511 16192 39291
7484.33 16473 39291
8193.67 16255 39291
8817.5 16177 39291
7964.33 16306 39291
7734.67 16435 39291
7817.33 16352 39291
8393.33 16243 39291
8822.5 16138 39291
7915.17 16323 39291
8568.5 16182 39291
8453.67 16226 39291
6937.67 18475 39291
6823.17 18654 39291
7048.17 17447 39291
7010.5 17568 39291
7053.83 17232 39291
7308.67 17160 39291
7106 17189 39291
7311.5 16948 39291
7381 16849 39291
7410 16784 39291
6909.17 16448 30876
6419.83 15529 27472
7243 16245 30876
6290.17 15641 27472
7048.5 16352 30876
7310.83 15954 30876
6517.17 16456 30876
6944.5 16401 30876
4070.5 8766 16586
4210.83 11975 26387
4105.5 12341 26387
4118.5 12029 26387
4641 11707 26387
4634.33 11724 26387
4687.83 11638 26387
4623 11763 26387
4616 11789 26387
4315.33 11793 26387
4217.5 11907 26387
4292.5 11826 26387
4242.17 11849 26387
4796.83 11512 26387
4646.83 11474 25420
4639.5 11703 25420
4916.17 11266 26387
4916.83 11213 26387
4939.17 11173 26387
4991.17 11146 26387
4817.17 11309 26387
4946.83 11159 26387
5041.83 11141 26387
4324 9136 22943
4195.67 9158 22943
4332.33 9078 22943
4378.33 9034 22943
3524 10291 22943
3558.33 10190 22943
3567.5 10149 22943
3722.17 9636 22943
3686.83 9761 22943
4013 9269 22943
4035.33 9193 22943
3599.67 10003 22943
3570 10092 22943
3656.83 9850 22943
3619.17 9905 22943
3586 10071 22943
3855.33 9416 22943
11146.3 28036 57935
12282.3 27570 57935
12381.7 27364 57935
12528.7 26451 57569
12568.7 26378 57569
12092.5 26535 57569
11500.2 27986 57935
11637.2 27824 57935
11422.5 28004 57935
12442 30685 58935
11878.7 27591 57935
11231.2 22335 43794
11234.7 22155 43794
9285.5 25201 48939
9378.67 24941 48939
9559.33 23077 43794
9783.17 22345 43794
10206.3 23998 48939
10187.3 24081 48939
10135.7 24118 48939
9946.67 24201 48939
10047.5 24172 48939
10327.3 23986 48939
10280 23990 48939
9916 24514 48939
10603.2 27640 52644
11206.2 26696 57569
10665.5 28067 57935
10542.7 28125 57935
12540.2 26397 57569
2496.17 4932 9988
2708.67 6129 15582
2845.83 6037 15582
3104.83 5977 15582
2892 6021 15582
2747.17 6090 15582
2752 6062 15582
2705.33 6143 15582
2742.33 6115 15582
2658 6198 15582
2422.33 6250 15582
2325 6342 15582
2693 6164 15582
2663.17 6177 15582
2296.33 6867 15582
2322 6411 15582
4763 5599 10905
3232.67 5666 11365
2990.17 6019 10712
3017.17 5946 10771
3384.5 4957 10537


15045.7 28663 69902
15029.8 28675 69902
15696.8 28614 69902
15692.3 28662 69902
13203.5 30146 69902
13215.7 30131 69902
13335.5 29368 69902
13352 29245 69902
13370.2 28683 69902
13692.3 28680 69902
13352.3 28743 69902
12181.3 31141 69902
12292.2 30394 69902
12566.5 30279 69902
12757.8 30181 69902
12238.8 30689 69902
12249.3 30567 69902
12448.7 30362 69902
12263.5 30510 69902
12233.5 30834 69902
12088.8 31160 69902
13236.5 29505 69902
11355.8 32318 69902
11357.8 32212 69902
11456.3 31709 69902
11589 31576 69902
11467.7 31621 69902
11676.7 31234 69902
11324.2 32337 69902
11252.5 32607 69902
11206.2 32664 69902
11359.3 31993 69902
11334.2 32326 69902
11423.5 31782 69902
11672.7 31351 69902
11653 31414 69902
11283.2 32366 69902
9985.17 35721 69902
10028.5 35704 69902
9446.17 37035 69902
8956.5 37440 69902
8975.83 37410 69902
9098.17 37109 69902
8971.83 37416 69902
8996.83 37236 69902
8978.17 37333 69902
8977.67 37364 69902
9005.17 37179 69902
8991.5 37266 69902
9661.67 36892 69902
9459.17 36968 69902
9775.5 36287 69902
9793.67 36237 69902
9822.33 36184 69902
9784.83 36240 69902
9746 36635 69902
9713.67 36796 69902
9664.33 36802 69902
9861.5 36081 69902
9851.67 36108 69902
9917.17 35873 69902
9871.83 36033 69902
9757.33 36479 69902
9771 36407 69902
10146.8 35505 69902
10076.8 35547 69902
11167.5 33721 69902
10425.3 34676 69902
10366.7 34737 69902
10700 34076 69902
10702.7 34041 69902
10732.7 34007 69902
10798.3 33861 69902
10746 33900 69902
10285.3 34956 69902
10359.7 34831 69902
10457.8 34230 69902
10491.8 34174 69902
8954 25541 57433
8981.33 25316 57433
8976.33 25352 57433
8984 25246 57433
8962.67 25419 57433
8941.33 25687 57433
8924 25747 57433
8911.67 25796 57433
8934.33 25688 57433
9175.17 24733 57433
9163.83 24765 57433
9129.67 24861 57433
9063.33 25012 57433
8991.67 25026 57433
9206.67 24566 57433
9233.67 24509 57433
9254.67 24489 57433
9226 24543 57433
9239 24493 57433
9264.33 24438 57433
9301 24368 57433
9555 24264 57433
11013 23516 57433
11968.5 22762 57433
13442.2 22523 57433
13639.2 22518 57433
13650.5 22507 57433
13776.3 22451 57433
13674.5 22462 57433
14110 22433 57433
14348.5 22427 57433
14795 22408 57433
12420.3 22712 57433
12444 22710 57433
12460.7 22629 57433
12598.3 22546 57433
11662.7 23259 57433
11895.8 22841 57433
11879.8 22865 57433
11837.8 23045 57433
12023 22741 57433
11951.2 22830 57433
11873.7 22942 57433
10807.3 23568 57433
10491.2 23774 57433
10473.5 23905 57433
10748.2 23591 57433
10045.7 24215 57433
11009.3 23559 57433
11034.5 23494 57433
10553.2 23659 57433
10715.5 23597 57433
11059.3 23459 57433
9859.33 24236 57433
684 608 1332
456 476 1020
319 353 734
319 328 0
323 328 286
323 300 0
472 470 1276
2806 2885 7238
2069 2924 7238
2788 2886 7238
1689.83 3677 7431
1691 3603 7431
1603.33 3682 7431
1524.5 4000 7431
1557.17 3806 7431
1719.83 3575 7431
1726.83 3424 7431
1721.5 3520 7431
1775.83 3371 7431
1608.33 3680 7431
1592.17 3759 7431
1619.5 3031 7238
1571 2080 5158
1365.5 2122 5158
1258.5 2568 5158
1282 2195 5158
1669 2069 5158
1515.5 2028 4317
1576.5 3041 6170
1871.67 2935 6170
2004 2869 6170
1537.5 3112 6170
1397.17 3174 6170
1610.5 2962 6170
1538.5 3059 6170
1487.17 3138 6170
1594.17 2977 6170
1412.5 1624 3139
1305 1991 3574
1663 1567 3574
1864 1548 3574
1537 1636 3574
1306 1699 3574
1004 1452 1990
1007 1368 1990
1090 1255 1990
980 1626 1990
1077 1273 1990
1086 1256 1990
1066 1331 1990
5463 15307 31190
5502.33 15144 31190
5461 15361 31190
5447.33 15430 31190
5442.33 15554 31190
5492 15166 31190
5484.33 15240 31190
5479.33 15259 31190
5433 16500 31190
5649.5 13035 29343
5292.5 13045 29343
5231.83 13175 29343
5828.83 12942 29343
5745.17 14723 31190
5303.17 13043 29343
5667 12985 29343
6516 14322 31190
6037.17 14618 31190
5713.33 14800 31190
5575.33 14817 31190
5534 14839 31190
7134.67 16946 37246
6885.83 16979 37246
6988.83 16949 37246
7161.17 16290 37246
7649.33 16146 37246
7661.67 16083 37246
7426.83 16204 37246
7320.33 16210 37246
6470.5 17732 32872
6510.33 17438 32872
6286.17 17743 32872
5291.67 16785 31190
5404.83 16553 31190
5386.83 16639 31190
5390.17 16578 31190
5358.83 16687 31190
4452.5 11722 25279
4781.83 11483 25279
4785.67 11333 25279
5377.33 11214 25279
4730 11491 25279
5293.33 11275 25279
5367.33 11253 25279
4098.83 12483 25279
4048.17 12498 25279
3826.17 12536 25279
3796.5 12608 25279
4205.67 12226 25279
4240 12011 25279
4639 11517 25279
4632.83 11574 25279
4365.17 11741 25279
4282.5 11834 25279
4481.17 11613 25279
5047.67 9919 24253
5037.17 9976 24253
5181.83 9914 24253
4032.83 10481 24253
4096.83 10451 24253
4510 10102 24253
4573.33 10101 24253
4179.33 10258 24253
4129 10339 24253
4150.5 10269 24253
4115.83 10361 24253
4725 10079 24253
4838.67 10049 24253
4359.5 10164 24253
4361.17 10139 24253
4281.67 10235 24253
6008.17 8616 15941
5961.17 9447 15893
4398.67 9485 17020
9371.17 22334 37637
8243.67 22480 38616
10446.8 21876 39910
9778 20762 38988
8983.67 24396 43937
8945.5 24401 43937
9730.67 22407 44790
9858.5 22269 44790
9636.83 22413 44790
9796.17 22274 44790
2822.83 4305 8353
2203 5064 8354
2429.83 5073 8974
2450.33 6434 13995
2425.17 6539 13995
2594.17 6302 13995
2473.17 6363 13995
2854.33 5883 13995
2724 5948 13995
2592.67 6343 13995
2597.83 6063 13995
3617.67 5810 10640
3123.5 4965 10257
2830.5 5047 9642
2897.17 8206 15628
2949 8182 15628
3269.17 7719 15628
3064 7910 15628
2988 8084 15628
3164 7803 15628
3169.67 7802 15628
3150 7831 15628
3206.67 7776 15628
3192.33 7783 15628
3160 7823 15628
3135 7869 15628
3135 7833 15628
3120 7890 15628


8147.67 23022 53789
8041 23090 52977
8097.17 23013 52977
8093 23112 53789
8065 23064 52977
8038.33 23196 52977
7943.83 23369 52977
8061 23197 53789
7948.83 23238 52977
8027.33 23240 53789
8066.67 23163 53789
8163.83 22997 52977
8970.83 22320 53789
8867.33 22356 53789
8991.33 22161 53789
8990.67 22197 53789
8975.67 22257 53789
10409 21533 53789
10513 21254 53789
9139.17 22088 53789
9800.17 22086 53789
9019.83 22099 53789
7997 23667 53789
8021.67 23387 53789
8019 23506 53789
7830.83 23410 52977
7906.5 28479 53789
7915.83 28401 53789
7916.33 28376 53789
7956.5 28250 53789
7951.17 28295 53789
7755.17 28697 53789
7814.83 28524 53789
7771 28613 53789
7776.5 28585 53789
7747.17 28728 53789
10170.5 33490 67327
10120.5 33514 67327
10177.2 33445 67327
9749 33917 67327
9764 33801 67327
9747.33 33922 67327
9758.33 33861 67327
9663.33 33926 67327
9648.33 34287 67327
11119.2 33027 67327
11104.5 33043 67327
11159.5 32837 67327
10228.5 33273 67327
10223.8 33379 67327
10210.8 33396 67327
11994.5 28431 67327
11918.5 28522 67327
12182.2 28155 67327
12121.7 28281 67327
12030.8 28419 67327
12181.8 28215 67327
12237.2 28113 67327
12204.8 28114 67327
13692.8 27699 67327
13688.2 27738 67327
13899.3 27674 67327
13514.5 27751 67327
14023.7 27645 67327
13638.5 27741 67327
12778.7 27793 67327
12526 28096 67327
11903.3 30970 67327
11850.5 31294 67327
11843.2 31473 67327
11866.7 30984 67327
11858.3 31089 67327
11605.8 31987 67327
11655.8 31964 67327
11281.3 32312 67327
11228.3 32347 67327
11524.2 32032 67327
11724.5 31875 67327
11360.5 32122 67327
11809 31650 67327
11334.5 32251 67327
11673.3 30924 54687
10948 32388 59613
10948 32465 59613
10685.2 32504 59613
10636.5 32737 59613
10598.2 32811 59613
10972.7 31887 59613
1916 5913 12021
1917.67 5762 12021
2178 5268 12709
2173.33 5270 12709
2184.33 5240 12709
2256.67 5205 12709
2207 5217 12709
2179.67 5267 12709
2093 5235 12256
2145.33 5136 12040
1976.83 5563 12021
2072 5393 12709
2114.83 5362 12709
2119.67 5328 12709
2172 5297 12709
2150.5 5303 12709
2016.5 5346 12365
1915.33 6238 12709
1969.17 6018 12709
1972.67 5687 12709
1975.5 5621 12709
2027.83 5455 12709
385 278 0
360 388 0
1301 1317 3306
1116 1322 3306
1354 1268 3306
1271 1319 3306
900.5 2052 2196
1344 1274 3306
385 319 708
360 416 393
1511 1701 4018
1274.83 3815 6286
1352.17 3606 6286
1823.5 3228 6286
1867.33 3155 6286
1561.67 3384 6286
1466.67 3492 6286
1822.67 3264 6286
1652.83 3289 6286
1326.33 3626 6286
1282.5 3798 6286
1292.83 3719 6286
2649 2636 6202
1348.83 2752 4512
1641 2717 4523
2442 2699 4280
2493.17 4125 9569
2501 3099 7510
2077.67 4766 10523
2022 4828 10523
2780.33 4529 10523
2016.33 5054 10523
3866.17 4380 10523
3745.17 4454 10523
2725.17 4551 10523
3828.67 4410 10523
2081.33 4706 10523
2704.33 4631 10523
4890 13575 28752
4975.67 13456 28752
5537.17 15411 31970
4856 13668 28752
5481.17 15421 31970
4989.67 13436 28752
5572.83 15300 31970
4881.67 13615 28752
5621.67 15228 31970
7339 17018 36752
7900.83 16793 36752
8020 16642 36752
8324.83 16593 36752
7988.83 16698 36752
8649.83 16576 36752
7632 16844 36752
6883 17556 36752
6916 17215 36752
7377 16963 36752
7132.83 17077 36752
5292.33 10468 25635
5362 10438 25635
5420.17 10356 25635
5322 10446 25635
4073.33 10745 25635
4090.33 10497 25635
4015 7377 15344
3810.83 7952 13535
3224.5 8541 17013
5273 9725 17416
8082.33 20140 38906
8692.33 16466 36752
8777 16438 36752
8242.83 20031 38906


10022.3 31996 67331
9983.83 32097 67331
10004 32032 67331
9869.33 32576 67331
9884.67 32502 67331
9858.5 32586 67331
9832.83 32664 67331
9826.83 32791 67331
9832.67 32700 67331
9922.33 32174 67331
9942.33 32138 67331
9958 32136 67331
9887 32231 67331
10148 31738 67331
10120 31798 67331
10034.3 31836 67331
10054 31819 67331
10032 31971 67331
10101.7 31800 67331
10448.2 30442 67331
10528.3 30321 67331
10522 30334 67331
9115.33 34918 67331
9313 34773 67331
9234.5 34806 67331
9125.67 34912 67331
9824.83 34574 67331
9205 34807 67331
9422.67 34632 67331
8839 35407 67331
8846.67 35200 67331
8816.67 35577 67331
8994.33 35156 67331
9022 34924 67331
9176.33 34855 67331
12923.5 28339 67331
12859.3 28488 67331
12880 28385 67331
12854 28508 67331
11598.8 30113 67331
10538 30123 67331
14124.3 26939 67331
14024.3 27001 67331
14147.5 26835 67331
14095.8 26976 67331
15022.5 26716 67331
13968.8 27015 67331
14549.8 26749 67331
14922.8 26739 67331
16727.5 26640 67331
17000 26629 67331
15727.8 26649 67331
13120.8 27925 67331
13143.8 27923 67331
13155.5 27616 67331
12923.5 27992 67331
12872.7 28465 67331
13197 27544 67331
13530.7 27313 67331
13326.5 27430 67331
13346 27337 67331
13690.7 27153 67331
13665.3 27172 67331
13589.2 27260 67331
13608.5 27228 67331
13752.2 27143 67331
296 396 0
333 342 0
1131.5 1449 3149
1574 1422 3149
967.5 1450 3149
1132.5 1254 2599
1068.5 1289 2696
397 595 1662
296 418 778
333 390 884
332 626 884
1125 925 1844
998 1038 1844
988 1069 1844
1012 934 1844
921 1196 1844
935 1110 1844
981 1082 1844
1430 1660 4425
1705 2099 6161
1991 2004 6161
1562.5 2686 7487
1519.17 2495 6988
1404.17 2734 7487
1267.33 2747 7487
1541.83 2697 7487
1986.83 4317 10045
2202.33 4218 10045
1987.17 4300 10045
2006.17 4276 10045
1635 4971 10045
1719.33 4518 10045
1766.33 4504 10045
1774.67 4494 10045
1877.5 4467 10045
1908.83 4367 10045
1884.33 4371 10045
1849.67 4475 10045
1938.17 4357 10045
1877.67 4458 10045
1959.17 4323 10045
1888.83 4237 9342
1654.33 4748 10045
1671.17 4624 10045
1696.33 4598 10045
1654.67 4673 10045
1706 4583 10045
1693.17 4617 10045
1715 4579 10045
1677.67 4623 10045
1646.33 4850 10045
8165.67 11751 20920
5834.67 14442 32120
5677.33 14472 32120
5213.83 15391 32120
5316.67 14741 32120
5439 14547 32120
5408.67 14732 32120
5451 14512 32120
5413 14637 32120
5717.33 14456 32120
5837.67 14407 32120
5838.33 14297 32120
6544.5 16611 32835
6073 16670 32835
5973.17 16807 32835
5952.67 17263 32835
6557.83 12130 23950
5146.17 11875 23720
4813 12476 25932
4822.17 12387 25932
4657.83 12655 25932
4605.17 12666 25932
4763 12628 25932
4455 12725 25932
4459 12712 25932
4378.67 12752 25932
4315.83 12813 25932
4238.5 12924 25932
6815.33 14284 28302
3195 6426 10395
3880 6628 11127
3583.67 7871 12102
3766 8379 17204
3775 6682 15123
3941.17 6563 15163
3343.17 9121 17391
3346.33 9024 17391
3435.83 8754 17391
3794.5 8541 17391
3295.83 9189 17391
3414.5 8999 17391
3327.5 9122 17391
4647.5 10109 18507
5380.33 9567 17539
5924.67 10032 17907
6811 17713 39342
7024.67 17640 39342
7078.5 17457 39342
6758.83 17722 39342
6064.67 18583 39342
6082.33 18511 39342
6080.33 18534 39342
6089 18468 39342
6429.33 17999 39342
6612 17899 39342
6577.67 17944 39342
6115.33 18233 39342
6110 18234 39342
6222.5 18051 39342
6168 18113 39342
8167.67 22865 41436
8255.67 22753 41436
8185.33 22793 41436
8289.67 22732 41436
8556.17 21976 41436
8645 21933 41436
8647.17 21870 41436
8081 22920 41436
8071.83 22923 41436
8650.5 21781 41436
8653.17 21717 41436
8675.17 21599 41436
8100.67 22896 41436
10242.7 25575 43076
8515 23218 42411
8696.33 23046 42411
8751.33 23020 42411
8730.67 23023 42411
8087.17 23283 42411
8588.67 23060 42411
9877.83 27748 48238
9998.17 27747 48238
10015.5 27740 48238
10052.5 27532 48238
11229.7 25125 46882
11139.7 25174 46882
10308.8 26086 46882
10535.8 25413 46882
10608.2 25340 46882
10491.3 25428 46882
10612.3 25323 46882
10316.5 27208 48238
10809.8 25177 46882
10777.7 25263 46882
10046.5 28314 50752
10133.3 28134 50752
10582.7 28018 50752
9999.67 28349 50752
10111.5 28173 50752
10070.2 28274 50752
10998 27917 50752
11006.8 27654 50752
12764.2 28605 53449
11936.8 30031 55435
11503.2 24609 53239


466 338 918
346 351 916
302 293 0
302 325 630
434 455 918
343 567 916
333 580 916
334 226 0
334 250 329
2069 2877 6542
1996 3002 6542
2379 2617 6542
2120 2745 6542
2143 2650 6542
2108 2751 6542
2056 2981 6542
2087 2852 6542
2090 2776 6542
1130 1920 4659
1014 2237 4659
1005.33 2297 4659
1053.33 1957 4659
1224.67 1895 4659
1023.83 2035 4659
1228 1828 4659
1122 1938 4659
1233.17 2806 4689
1499.5 2873 5076
1884.33 2633 5076
1416.5 3188 5076
1481.83 2918 5076
1518.83 2664 5076
1452.83 3116 5076
1464.67 2996 5076
893 1333 3192
857 1409 3192
908 1319 3192
912 1279 3192
814.5 1468 3192
774.5 1487 3192
739.5 995 1276
995 886 1802
937 1047 1802
994 897 1802
1038 772 1802
8154.5 30037 54459
8165.17 29941 54459
8089.67 30402 54459
8084 30470 54459
8081.67 30597 54459
8076.33 30682 54459
8072 30698 54459
8062.33 30806 54459
8062.67 30749 54459
8048.67 31040 54459
8139.33 30179 54459
8104 30238 54459
8143 30157 54459
8335.33 29539 54459
8302.67 29544 54459
8337 29438 54459
8298.33 29587 54459
8222 29618 54459
8188.5 29791 54459
9361.83 26251 54459
9368 26212 54459
9361.33 26271 54459
9335.33 26278 54459
9317.33 26295 54459
9401.67 26125 54459
9363 26246 54459
9314.5 26382 54459
9384.67 26137 54459
9021.67 29272 54459
8947.67 29283 54459
8723 29296 54459
14193.7 27244 63442
14473.5 26971 63442
14425.3 27044 63442
14195.3 27050 63442
14101.5 27285 63442
12292.5 28375 63442
12317.2 28019 63442
12511.8 27511 63442
12155.5 28537 63442
12780.5 27395 63442
12444.8 27765 63442
12215.5 28435 63442
11899.7 28548 63442
12307 28227 63442
11822 28696 63442
11704.8 28861 63442
11468 29064 63442
12963.5 27324 63442
10807 31284 63442
10820.7 31203 63442
10726 31342 63442
11400.2 29214 63442
11360.3 29315 63442
10946.7 30904 63442
10935.3 30926 63442
10903.8 31121 63442
10928 31041 63442
10914.7 31073 63442
10994.5 30662 63442
10964.7 30832 63442
11089 32453 72257
11034.7 32480 72257
11180 30116 72257
11205.8 30112 72257
11269.8 30028 72257
11137 30236 72257
9858 34477 72257
9456.83 36301 72257
9472.5 36222 72257
9471.83 36287 72257
9473.17 36193 72257
9422.83 36376 72257
9422.5 36582 72257
9570.83 35913 72257
9578.83 35855 72257
9556.5 35986 72257
9644.17 35442 72257
9549.83 36102 72257
9500.83 36110 72257
9473.83 36169 72257
9786 34652 72257
10018.3 33882 72257
10122.3 33851 72257
10203.8 33690 72257
10195.5 33822 72257
10500.8 33662 72257
10522.2 33606 72257
10309.7 33673 72257
10531.2 33122 72257
10791.7 32521 72257
10756.8 32715 72257
10775.3 32595 72257
10668.5 32734 72257
9950.33 34264 72257
9904 34288 72257
9974.67 34085 72257
9893 34320 72257
9892 34393 72257
9831.67 34628 72257
9846.33 34558 72257
11327.5 28780 58274
11390 28569 58274
8553.67 14230 37530
7430.5 14260 37530
6832.5 14388 37530
6778.33 14401 37530
6777.33 14420 37530
6875.5 14289 37530
6861.17 14312 37530
6006.83 15920 37530
6020.17 15772 37530
6051.5 15728 37530
6097.5 15659 37530
6100.67 15630 37530
6088.17 15705 37530
6102 15560 37530
6314.67 14678 37530
6430.17 14531 37530
6458.17 14446 37530
6411.33 14564 37530
6116.67 15359 37530
5468.5 16325 37530
5798.33 16144 37530
5952 15960 37530
5884 16023 37530
5515.83 16151 37530
5453.67 16345 37530
5452.5 16445 37530
5133.5 17131 37530
5337.17 17018 37530
5445.83 16561 37530
5268.33 17081 37530
5112.17 17179 37530
4486.5 11765 26821
4294.5 12013 26821
4413.83 11811 26821
4398 11887 26821
4393.83 11905 26821
4604.67 11672 26821
4487.17 11704 26821
5535.33 15350 28587
8475.17 20055 37954
8459.83 22055 38735
11689.7 24114 45656
9783.5 25812 54459
9932.5 25387 54459
9875.67 25455 54459
9813.17 25579 54459
9802.83 25608 54459
9798.83 25663 54459
9817.83 25547 54459
9766.67 25902 54459
9452.67 25914 54459
9417.33 25956 54459
10479.7 25097 47707
11587 25137 54459
13464.7 24352 46227
11120.2 25380 54459
11250.2 25376 54459
11283.2 25364 54459
11065 21081 41267
8511.67 24051 42383
9839.83 22876 44156
9835.83 25250 44252
3922 7749 13756
4848.83 8018 14411
3637.5 8944 15871
4236.67 11081 23017
4253.67 10899 23017
4240.67 11009 23017
3931 11318 23017
4089.17 11299 23017
4180.83 11093 23017
4097.83 11185 23017
4757 10520 23017
4650.17 10628 23017
4982.17 10359 23017
4810.33 10506 23017
4692.67 10617 23017
4323 10824 23017
3889.83 10019 18528
3957.5 9596 18528
3897.83 9741 18528
3852.17 10194 18528
5462 9374 18528
5362.67 9426 18528
5041 9481 18528
6991.33 9322 17942
5756.67 8774 17346
4693.5 5045 13062
4966 4982 13650
4189.5 5090 13650
4630.5 5067 13650
5108 4960 13650
2407.17 6111 12193
2474.67 6104 12193
2507.33 6017 12193
2536 5967 12193
2884.67 5467 12193
2875.33 5589 12193
3263.83 5196 13650
3241.83 5202 13650
3294.5 5119 13650
2573.5 5607 12193
2232.5 6770 12193
2261.17 6653 12193
2188.5 7076 12193
2368.33 6302 12193
2659.33 4822 7742
3363 3688 8171


9536.17 34919 67875
9541.83 34614 67875
9499.17 35053 67875
9532.17 34932 67875
9497.5 35227 67875
9539.17 34871 67875
9498.83 35113 67875
9519.83 34991 67875
9487.83 35389 67875
9521.83 34963 67875
9778.5 34010 67875
9771.83 34083 67875
9666.17 34199 67875
9571.67 34427 67875
9866.33 33873 67875
9863.33 33961 67875
9780.17 33982 67875
10220.7 33533 67875
9909 33633 67875
9954.67 33628 67875
9876 33704 67875
10339.7 31960 67875
10358.2 31901 67875
10367.8 31865 67875
10300.7 32044 67875
10470.2 31499 67875
10412.2 31535 67875
10779.3 30593 67875
10877.2 30541 67875
11014.3 30248 67875
10886.5 30254 67875
10743.7 30694 67875
10372.5 31742 67875
10381.8 31686 67875
10670.5 31403 67875
13662.5 29973 67875
10498.2 31488 67875
11058 30148 67875
11100 30048 67875
11083.7 30063 67875
11017.7 30149 67875
2053.17 2133 4817
1936.17 2137 4817
968.5 2509 4817
973 2458 4817
946.5 2652 4817
967 2649 4817
944.833 2802 4817
1366.67 2183 4817
1321.17 2227 4817
1769.17 2144 4817
1237.17 2381 4817
1270.17 2310 4817
1291.67 2254 4817
1279.67 2285 4817
1248.17 2353 4817
1034.5 2412 4817
1028.17 2437 4817
1235 1407 2652
1308 1295 2652
1108 1459 2652
1128 1413 2652
1271 1373 2652
630 647 2235
537 562 1799
527 598 1799
1172 1600 3632
1541 1903 3782
1745 1806 3782
1499 2107 3782
1505 2018 3782
1584 1884 3782
1594 1849 3782
396 520 1383
259 332 947
259 292 0
6288.83 18847 35730
6136 19180 35730
6057 19378 35730
6234.17 18895 35730
6110 19256 35730
6354.5 18616 35730
6631.67 15648 35730
6640 15611 35730
6510.83 15698 35730
6606 15675 35730
6415.17 15832 35730
6599.33 15679 35730
6623 15666 35730
6658.17 15592 35730
6961.33 20356 38469
7008.5 20302 38469
6938.83 20875 38469
6826.67 20929 38469
6933 19436 38372
6659.33 19454 38372
6956.67 18344 38372
7177.33 18214 38372
7277.83 19598 38469
7213 19812 38469
7184.33 19814 38469
7026.17 19907 38469
8376.5 24016 43152
9383.5 23413 41736
10447.2 22849 41434
10259.3 22886 42478
10486.2 22917 42692
10514.8 22813 42692
10485.5 22974 42692
9558 23326 47502
13883.2 29762 57354
12749.7 29823 57354
12306 30031 57354
11555.2 30033 57354
14422.2 27750 50558
14511.3 28458 52372
11485.3 29180 52473
10757 26408 49000
11162 25700 48355
11269.7 28991 49612
11380.8 28198 49092
12098.8 28376 50166
11066.3 28227 49151
5963.83 9073 16009
4931.17 11135 21918
5127.5 10946 21918
5154.33 10921 21918
5001.67 10958 21918
4877 11136 21918
5091.67 10949 21918
4945.67 11084 21918
4850.83 11229 21918
4326.67 12046 21918
4344.67 11917 21918
4041.5 12386 21918
4195 12344 21918
3954 12478 21918
3866 12550 21918
4351 11628 21918
4618.5 11575 21918
4651.5 11355 21918
4625.17 11562 21918
4636.17 11369 21918
5894.5 13391 25608
5865.5 14237 29681
5373.5 14442 29681
5245.33 14482 29681
5890.5 14147 29681
5663.83 14338 29681
5050.5 15562 29681
5144.33 13766 26581
6105.33 13418 26581
5738 13550 26581
6124.83 13343 26581
6142.17 13241 26581
4955.33 14001 26581
5043.83 13988 26581
4940.83 14061 26581
5088.83 13882 26581
5139.83 13841 26581
5318.17 13611 26581
5227.67 13662 26581
4933.33 14173 26581
4909.83 14189 26581
4830 14215 26581
4775.67 14231 26581
5720.17 9987 19314
5082.5 10803 19511
4086.67 9172 18776
4943.83 11121 20537
5184.33 7856 15221
4511 7298 15086
4051.17 6904 14191
4426.67 8008 15123
3736.83 7258 14545
3648.33 7555 14157
2924 5719 10290
3621.33 6048 11683
3341 6235 12659
2725.5 2986 7195
2358.33 4691 6917
2015.67 4780 7248
3310.83 7973 12210
3782 3910 8453
2546.33 4259 7893
2521.33 4774 9401


10786.7 30335 65848
10846 30288 65848
10836 30330 65848
10976.5 30222 65848
10437.2 30461 65794
10244.3 30790 66416
10307.3 30742 66416
10441.2 30640 66416
10310.2 30672 66416
10817.7 30378 66416
10859.8 30371 66416
10474.2 30437 66416
9366.83 31765 66081
9424.5 31657 66081
9379.5 31691 66081
9472.17 31640 66081
9383.17 31671 66081
9372.5 31748 66081
9705.17 31561 66081
9313.83 31883 66081
9252.5 32075 66081
9317.83 31804 66081
9274.5 31915 66081
9692.5 31737 66416
9672.17 31791 66416
9642.5 31824 66416
9616.83 31911 66416
9596.17 32131 66416
9915.17 31510 66081
10111.3 31599 66416
10139.3 31433 66416
10222.3 31099 66416
9782.83 31538 66081
10223.3 31020 66416
12561.7 27475 66416
13041.7 27422 66416
13171.2 27325 66416
13010.8 27439 66416
13053.2 27344 66416
13110.2 27341 66416
12414 27692 66416
13242.2 27293 66416
13276.2 27275 66416
12555.3 27636 66416
13216.5 27314 66416
13229.7 27307 66416
14111.3 27238 66416
14375.5 27235 66416
13159.3 27330 66416
11028.2 30199 65848
11070.5 30165 65848
10960.5 30279 65848
11088.2 30144 65848
11512.7 37003 68205
11413.2 37047 68205
11407.8 37162 68205
11164.8 37219 68205
11540.7 36794 68205
11538 36875 68205
9580.67 32458 66416
9585.5 32242 66416
9237 32250 66081
11601.3 36431 69489
11607.3 36391 69489
12301 35733 69489
12219.7 35767 69489
12545.7 35528 69489
11938.7 36043 69489
11623.5 36079 69489
13049.8 35151 69489
13058.5 35115 69489
12967 35188 69489
12216.7 35979 69489
12214 35991 69489
12045.3 36019 69489
13645.7 33745 69489
13479.7 33800 69489
13471 34740 69489
14411.3 33101 69489
14365.8 33102 69489
14015.2 33164 69489
14321.7 33133 69489
2133.33 5890 13004
2149 5788 13004
2143 5834 13004
2088.67 5934 13004
2104.67 5899 13004
2083 5991 13004
2016 6351 13004
1994.33 6460 13004
1986 6584 13004
2082.33 6057 13004
2081 6113 13004
2028.67 6143 13004
2894.17 6411 14730
2942.83 6372 14730
2897.17 6387 14730
2780.17 6591 14730
2948.5 6343 14730
2779.33 6609 14730
2819.83 6412 14730
2899.17 6374 14730
2981.83 6340 14730
2785.83 6431 14730
2586.83 7003 14730
2745.67 6971 14730
2749.5 6914 14730
2707 7001 14730
2768.17 6653 14730
429 277 0
556 696 1448
429 322 818
747 709 1603
249 372 0
249 408 838
546 904 1448
555 778 1448
635 729 1603
3141 3349 6159
2404.33 4051 7356
2515.33 3778 7356
2416.33 4018 7356
2318.67 4069 7356
2486.33 3993 7356
1877 4073 7356
2167 5164 7503
2374.67 5156 7503
2510 5064 7503
2600.67 4909 7503
2912.17 4628 9881
2727.5 4879 9363
2798.17 4517 9240
2597.33 5229 13004
2587.33 5423 13004
2270.33 5627 13004
2456.33 5424 13004
2278 5593 13004
2176.67 5665 13004
1307.33 2230 4859
1609.5 2488 5655
2559.5 2639 5818
2025.5 2883 5818
2236 2659 5818
2221.5 2868 5818
2625.5 2626 5818
2653 2559 5818
1356.5 2798 5659
1369 2637 5659
1529.5 3016 5818
1438.5 3184 5818
1454.83 3101 5818
1490.83 3035 5818
1461.5 3081 5818
1269 3206 5818
1768.5 2966 5818
1824 2888 5818
727.5 1271 2751
999 1546 3215
798.5 1650 3215
1429.5 1465 3215
1053 1513 3215
996.5 1620 3215
9335.67 24717 45610
9439.83 24238 45610
9372.33 24421 45610
9698.17 24021 45610
9808.83 23742 45610
9603.17 24118 45610
9714.33 23963 45610
9371 24630 45610
9407.17 24375 45610
9762.17 23839 45610
10395.7 22637 43473
10356 22717 43473
9856 22831 43473
8836.33 21774 41204
8883.5 20955 41204
8755.5 21868 41204
9402.83 20527 41204
8771.33 21790 41204
9871.33 20447 41204
8712.67 21906 41204
9965.17 20418 41204
10093.5 20340 41204
12411.5 25025 49118
7962.67 23249 39291
7904.33 23372 39291
8375.83 22710 39291
8599.67 22391 39291
8597.17 22436 39291
8539 22541 39291
8647.33 22289 39291
8644.83 22290 39291
8621.83 22361 39291
8604.5 22380 39291
8601.67 22389 39291
6373.5 18445 37237
6300.83 18490 37237
6363.5 18461 37237
6829.67 17367 33326
6821.67 17488 33326
6687.33 17491 33326
6444.5 14934 32810
6465.83 14848 32810
6543.83 14598 32810
6648.33 14549 32810
5679 15749 32810
5689.17 15686 32810
5716.33 15638 32810
5987.33 14983 32810
5923 15391 32810
5896.5 15403 32810
5954.67 15297 32810
6873.33 17067 33326
6866.67 17096 33326
6843.17 17134 33326
6917.67 16979 33326
8747.5 17535 37237
8679.33 17598 37237
7796 18030 37237
7590 18089 37237
6774.33 18237 37237
6791.83 18210 37237
6487 18299 37237
6433.17 18372 37237
6444.5 18305 37237
6402.83 18375 37237
8095.5 17868 37237
7975.33 17907 37237
8522.33 17696 37237
12382.7 28504 50869
10798.2 27502 50709
12028 29812 58512
3927.83 9458 16858
4053 8757 18572
3839.83 9658 18089
4574 11425 23866
4252 11757 23866
4370 11540 23866
4329.83 11644 23866
4116 12590 23866
4185 12290 23866
4082.67 12718 23866
4160 12506 23866
4550 11438 23866
4753 11732 25897
4649.33 11772 25897
4648 11802 25897
4553 11918 25897
4603.33 11826 25897
5521.83 11706 25897
5453.17 11715 25897
5374.67 11719 25897
4428.67 12158 25897
4288 12293 25897
4544.17 12104 25897
5730.5 9557 20699
7011.33 14311 28260
7436.33 14243 28260


433 298 0
338 403 289
433 337 390
338 377 0
2102 2678 5255
2335 2260 5255
2137 2555 5255
2185 2437 5255
2225 2263 5255
1985 2680 5255
2199 2327 5255
858 1070 3375
1730 1790 4194
1127 1949 4194
1812 1742 4194
1280.5 1833 4194
1040.5 1998 4194
1768 1756 4194
1668 1816 4194
570 724 806
740 664 806
6831.83 26029 53163
6830.5 26073 53163
6839.5 25930 53163
6872.83 25647 53163
6853.83 25827 53163
6849.5 25896 53163
7386.67 24559 53163
7354.67 24563 53163
7408.67 24552 53163
7279.67 24239 52193
7217.67 24248 52193
7088.17 24918 53163
7125.5 24845 53163
7045.17 24943 53163
7020.83 24958 53163
7051.17 24939 53163
6997.83 24990 53163
6979.5 25140 53163
8053.83 24004 53163
8069.83 23992 53163
8047.5 24071 53163
7917.83 24084 53163
7418.17 24190 53163
7335.33 24176 52193
7341.67 24033 52193
7281.33 24180 52193
8326.67 22891 53163
8350 22836 53163
8334.33 22884 53163
8446.67 22359 53163
8438.67 22392 53163
8584.17 22007 53163
8566.5 22045 53163
8916.5 21842 53163
8908.17 21893 53163
9000.5 21780 53163
8378.33 22566 53163
8380.67 22565 53163
8406.33 22502 53163
8448.33 22147 53163
8472.33 22138 53163
8496.83 22082 53163
8264.67 23604 53163
8320.67 23321 53163
8325 23080 53163
8234.67 23781 53163
8243 23753 53163
8098.83 23951 53163
12349.3 24358 53242
12233.7 24448 53242
10125.3 24936 53242
10163.3 24820 53242
11610.2 24544 53242
11660.5 24469 53242
11658.8 24493 53242
10596 24550 53242
10508.3 24592 53242
10418.2 24801 53242
10421.8 24627 53242
12854.7 28663 67773
12811.2 28675 67773
13786 28590 67773
13732.3 28592 67773
13970.7 28588 67773
14311.5 28573 67773
11876 29216 67773
11893.5 29142 67773
11882.8 29169 67773
11872.3 29343 67773
12318.8 28942 67773
12336.5 28874 67773
12184.2 29016 67773
12365.2 28856 67773
12320.8 28928 67773
12732 28722 67773
12435.5 28745 67773
12773.7 28690 67773
12897 28617 67773
11943.5 29045 67773
11914.2 29058 67773
11904.8 29102 67773
11432.7 30594 67773
11369.3 30808 67773
11434 30547 67773
11663.3 29669 67773
11736.7 29614 67773
11784 29471 67773
11872.7 29269 67773
11802.2 29356 67773
11774.3 29551 67773
10597 33520 67773
10517.8 34146 67773
10517.8 34276 67773
10189.8 34467 67773
10229.2 34333 67773
10528.8 33992 67773
10534.3 33651 67773
10592 33603 67773
10596.3 33579 67773
10991.3 33043 67773
10946.2 33080 67773
10893.2 33144 67773
10833.5 33174 67773
10800.5 33348 67773
11004 32852 67773
11045.3 32826 67773
11050 32612 67773
11003 32949 67773
11132 32526 67773
11189.3 32277 67773
11382 30635 67773
11228 30816 67773
11039.7 30654 56753
11263.5 30359 56753
11542.7 29530 56753
11227.5 30432 56753
11055.8 30551 56753
11529 30292 56753
11079.3 30499 56753
6776.83 12334 33976
6721.17 12341 33976
6336.17 12417 33976
6572.17 12398 33976
6699.17 12359 33976
5620.83 12745 33976
5637.17 12711 33976
5544.17 12981 33976
5359.17 13065 33976
5547.83 12775 33976
5346.5 13214 33976
6211.33 12534 33976
6201 12542 33976
6236.67 12518 33976
5721 12554 33976
5287.83 15043 33976
4830.83 15167 33976
5288.83 13341 33976
5341.17 13298 33976
5711.83 12475 21955
6055.17 12197 22586
6944.33 8754 20233
4962.67 8845 20233
5541.5 8790 20233
4821.17 9167 20233
4864.83 9081 20233
4879 9038 20233
4848.67 9131 20233
6794 8769 20233
5418.83 8827 20233
4358.33 9030 19068
4185.5 9132 19068
4274.83 9122 19068
3745.83 9247 20233
3672.5 9466 20233
3728.17 9400 20233
3445.83 9731 20233
3606.83 9561 20233
4418.17 11941 20862
5066.5 7771 16018
4309.67 8527 14723
4982 8230 14637
3413 5797 14348
8966.5 21460 43402
8303.17 21445 36325
7884 19092 35693
9589.17 21033 37312
9710 21064 38525
1629.5 3172 6300
1739.33 5919 11427
2181.83 5281 11427
2163.83 5376 11427
2096 5377 11427
2356.67 4990 11427
2463 4712 11427
2511.67 4702 11427
2777.33 4597 11427
2072 5482 11427
2086.17 5440 11427
2081.17 5478 11427
1871.5 5594 11427
1889.83 5523 11427
1821.67 5596 11427
1767.33 5756 11427
1775.67 5671 11427
1767.33 5802 11427
3279.5 4035 8131
3397.17 4591 8593
2876.67 3750 7935


8568.33 36309 69642
8505.5 36638 69642
8551.5 36369 69642
8512 36496 69642
8533.67 36391 69642
8568.67 36287 69642
8524.5 36470 69642
8486.17 36773 69642
8480.17 36802 69642
8508.17 36594 69642
8456.5 37305 69642
8476.83 37271 69642
9330.67 34540 69642
9268.17 35270 69642
9364.33 34350 69642
9243.83 35481 69642
9251.17 35475 69642
8909.5 35870 69642
8855.17 36021 69642
8882.5 35932 69642
8862.83 36003 69642
8852.17 36027 69642
8580 36070 69642
8575 36159 69642
8628.67 36048 69642
9212.17 35821 69642
9176.17 35849 69642
9225.5 35628 69642
10330.3 33931 69642
10400.3 33852 69642
10798.7 33104 69642
10715.5 33123 69642
10859.3 33021 69642
10813.3 33041 69642
10159.5 34026 69642
10403.7 33832 69642
9982.5 34088 69642
10382 33856 69642
9452.33 34148 69642
9444.67 34166 69642
9372.33 34180 69642
11149.3 28678 69642
10991.5 29837 69642
10893.5 29863 69642
11073.3 28741 69642
11185 28660 69642
11146.7 28727 69642
11135 28737 69642
12241.2 26688 69642
12401.7 26657 69642
12433.8 26496 69642
12583.2 26487 69642
12416.8 26617 69642
12848.3 26375 69642
12846.7 26393 69642
12592.3 26408 69642
11294 28418 69642
11235.3 28463 69642
11627.2 27384 69642
11465.3 27666 69642
11452.3 27690 69642
11463.3 27687 69642
11397.3 27695 69642
11317.8 28201 69642
11364 28057 69642
11494.5 27483 69642
11543.3 27462 69642
11520 27473 69642
11472 27521 69642
11723.3 27355 69642
11781.5 27310 69642
12004.5 26882 69642
11993.2 26970 69642
11910.7 27068 69642
11859 27105 69642
11954.8 27016 69642
11936.2 27023 69642
11799 27182 69642
11633.8 27364 69642
12072.8 26718 69642
11571.5 27402 69642
2279.67 7791 14155
2267 7852 14155
2374 7468 14155
2369.33 7472 14155
2365.67 7492 14155
2356 7507 14155
2337 7602 14155
2344 7594 14155
2318.33 7612 14155
2309.67 7699 14155
2314.33 7661 14155
2352.33 7552 14155
2344.67 7563 14155
2280.67 7746 14155
2294 7712 14155
2375.17 7373 14155
2469 7283 14155
2410.5 7343 14155
2434.17 7289 14155
2380 7352 14155
2302.33 5890 13816
2287.67 5938 13816
2305.33 5842 13816
2597.33 5375 13148
2551.67 5409 13148
2703 5332 13148
2224.33 5761 13148
2283.33 5754 13148
2292 5730 13148
2293.67 5715 13148
2321.33 5539 13148
2307.67 5622 13148
2303 5656 13148
2469.67 5482 13148
2437.67 5755 13816
2380.67 5795 13816
2353.83 5799 13816
2342.33 5839 13816
2718.17 5672 13816
2247 7233 13816
2638.33 6715 14155
2519.67 7089 14155
2562.67 7025 14155
2546.67 7087 14155
2471.33 7166 14155
2587.33 6919 14155
2604.67 6817 14155
2251.17 6868 13816
2251.67 6824 13816
2727.5 6600 14155
2787.83 6550 14155
2772.5 6554 14155
2704.5 6617 14155
2744.17 6567 14155
2264 6000 13816
1250.33 3220 8370
1170.67 3683 8370
1208.67 3369 8370
1232.33 3292 8370
1240 3282 8370
1251.67 3065 8370
1329.33 3064 8370
1523.67 3060 8370
1179.67 3375 8370
1222 3363 8370
2279.5 2955 8370
2034 2956 8370
1156.5 2133 4196
1104.5 2180 4196
1713 2053 4556
1748 1656 4556
1845 1633 4556
1714 1748 4556
1702.17 2631 5714
1325.83 2826 5714
1649.33 2693 5714
1611.67 4691 12119
1801.17 4546 12119
1919.83 4464 12119
2143.83 4458 12119
1695 4598 12119
1539 4839 12119
1606.33 4809 12119
897.333 2107 3550
911.167 2098 3550
1148 1782 3550
870 2287 3550
1223.67 1685 3550
1139 1152 3488
1049 1302 3488
1169 1059 3488
1066 1203 3488
1216 1011 3488
1113 1155 3488
410 565 1592
555 556 1592
746 689 1966
663 705 1618
578 726 2588
638 717 2588
970 1554 3488
994 1404 3488
1022 1306 3488
915.667 1810 3550
9126.67 17595 42469
7496.67 19300 42469
7515.67 19087 42469
8007.5 18152 42469
8003.33 18159 42469
8024.33 17991 42469
7984.5 18165 42469
7767 18180 42469
7682.33 18650 42469
7684.33 18373 42469
8551.5 17666 42469
8764.17 17637 42469
7590.83 18950 42469
7639.17 18776 42469
11147.8 17580 42469
11152.8 17524 42469
6009.83 18612 34053
5829 18635 34053
6548 17560 34053
6477.67 17561 34053
6750.17 15832 30526
7042.33 15670 30526
6807.5 15808 30526
6090.17 18396 34053
6070.83 18507 34053
6314.5 18270 34053
7007.33 16985 34053
6581.83 17516 34053
6601.33 17325 34053
7030.33 16841 34053
6885.33 17100 34053
6590.33 17496 34053
7161.33 18957 36328
7165.67 18938 36328
7680.67 18273 36328
7124.33 19171 36328
7560.17 18842 36328
4647 14468 29542
4584 14628 29542
4521 15001 29542
4521.67 14934 29542
4536.83 14735 29542
4703 14348 29542
4598.67 14594 29542
5509.5 14304 29542
5624.67 14269 29542
5963.5 14064 29542
5774.17 14132 29542
6022.67 13997 29542
7384 13765 29542
5007.5 8655 14180
9569 10485 21319
5382.83 12799 19932
5892.17 13369 21723
5896.17 14003 21783
5659.33 11551 21448
5594.83 11786 20308
5638.33 8458 17998
4053.17 8800 17059
3705 9592 18404
6260.67 11677 22977
6059.17 13505 23071
6244.33 13559 23761
10325.3 28489 55356
10956 28351 55356
10858.3 24880 47237
10378 25084 47237
10896 24874 47237
10052.7 26673 47710
10112.3 26553 47710


11583 31760 70845
11594.3 31638 70845
11620.5 31385 70845
11715.8 31344 70845
11882.3 30874 70845
11753.2 31254 70845
11827.7 30950 70845
11581.3 31761 70845
11494.5 31765 70845
12364 30870 70845
11477.3 31788 70845
11154.5 33327 70845
11130.5 33354 70845
11184.5 33321 70845
11225.3 33282 70845
11435.8 32448 70845
11335.5 32616 70845
11431.5 32456 70845
11334.5 32729 70845
11364.5 32532 70845
11405.5 32458 70845
11437.2 32241 70845
11121.5 33376 70845
11116.2 33433 70845
11182.5 33322 70845
10175.2 34013 70845
9972.5 34034 70845
9962.5 34168 70845
10618.3 33853 70845
10421.3 33894 70845
10403.7 33977 70845
10329.5 34009 70845
10641.7 33644 70845
11070 33607 70845
11106.5 33568 70845
11104 33590 70845
9659.67 34893 70845
9663 34842 70845
9650 35000 70845
9632.33 35193 70845
9612.5 35274 70845
9546.33 35469 70845
9580.33 35339 70845
9542 35636 70845
9457.67 35721 70845
9496 35720 70845
9416.67 35808 70845
9416.67 36031 70845
9437.67 35756 70845
9855.5 34409 70845
9866.67 34400 70845
9914.83 34276 70845
9672.83 34661 70845
9665.67 34672 70845
9652.67 34983 70845
9728.5 34520 70845
9738.5 34421 70845
10279.5 27848 70122
10336.2 27661 70122
10219.8 28059 70122
11022.8 26518 70122
11041.2 26070 70122
11111.8 25973 70122
11348.8 25659 70122
11336.5 25680 70122
11115.5 25692 70122
11153.7 25688 70122
11034.5 26117 70122
11344.2 25679 70122
10644 27115 70122
10719.2 27048 70122
10817.8 26911 70122
10814.8 26943 70122
10803.5 26975 70122
11012.5 26649 70122
10972.8 26847 70122
10993.2 26687 70122
10939.2 26868 70122
10489.7 27230 70122
10615.3 27213 70122
11612.3 25533 70122
12109.8 25133 70122
11810 25413 70122
12007 25216 70122
11844.3 25247 70122
12039.3 25173 70122
12071.8 25153 70122
12363.8 25124 70122
12420.5 25112 70122
11352 25548 70122
12638.5 24934 70122
12558 24992 70122
12529.8 25029 70122
300 263 0
601 587 1179
469 698 1328
300 284 611
565 592 1328
378 426 821
362 535 821
1979.67 6213 12580
1912.67 6329 12580
2029.33 6061 12580
2005.33 6145 12580
1957 6289 12580
1994.33 6171 12580
2024 6142 12580
1978 6267 12580
2030 6043 12580
2387.33 5702 12580
2173.33 5837 12580
2180 5817 12580
2067.67 5851 12580
2044.67 5905 12580
2481.67 5673 12580
2428.5 5693 12580
2023 5879 11691
2368.67 5726 12580
2904.83 3199 8026
2777.33 3293 8026
2946.83 3070 8026
2797.33 3240 8026
2770.83 3305 8026
2780.83 3276 8026
2520 3051 6526
2413 2988 5488
2371.5 3419 7398
1605.33 3696 8026
2479.83 3330 8026
2458.5 3451 8026
2095.17 3456 8026
1403 1322 2989
973 2806 4803
1073.17 2507 4803
1024.67 2508 4803
1019.33 2646 4803
1003.67 2766 4803
1316 2005 3890
1465 1945 3890
1547 1873 3890
1367.83 2369 4803
1238.5 2444 4803
1490.5 2317 4803
1130 2451 4803
1746 1862 3890
3470.5 5222 8418
2617.5 5602 8992
3833 4499 10807
3845 4328 10807
3745 4585 10807
3521 4594 10807
3805 4519 10807
6742 14495 35734
6835 14467 35734
7226.33 14415 35734
7041.83 14436 35734
6076.17 15352 35734
6084.83 15288 35734
6054.17 15392 35734
6086.17 15107 35734
6335.83 14604 35734
6640 14597 35734
6209.33 14892 35734
6213.33 14831 35734
6191.67 14907 35734
6154 14968 35734
6129.83 14978 35734
6321.67 14758 35734
6269.33 14800 35734
6412.83 13512 28029
6728.17 13220 28029
6348.17 13769 28029
3583.67 7566 14589
3722.17 7949 15115
3892.83 8459 15808
3566 9485 15047
3982 5928 15236
4406 9179 17381
3603.83 9675 17992
3944.83 9225 17992
3869 9264 17992
3606.5 9469 17992
3721.83 9394 17992
3527.5 9775 17992
3594.67 9697 17992
3565.17 9753 17992
3600.17 9681 17992
4371.17 13186 25166
4398.17 12964 25166
4339.17 13257 25166
4393.17 13174 25166
4731.5 12268 25166
4702.17 12318 25166
4724.83 12276 25166
4524.33 12669 25166
4505.17 12717 25166
4438.17 12740 25166
4552.33 12480 25166
4547.33 12563 25166
4701.83 12401 25166
4636.67 12409 25166
4611.17 12412 25166
4962.83 11972 25166
4944.17 12020 25166
5165.67 11773 25166
4845.33 12152 25166
4910.5 12035 25166
4828 12158 25166
4822.5 12216 25166
4946.5 12002 25166
5076.33 11222 23406
3826.83 10246 21903
9662.67 25111 46015
9683.17 24837 46015
9685.5 24678 46015
9470.33 20148 44764
8928.33 20190 44764
9655.83 19991 44764
9607.83 20081 44764
8351.67 20732 44764
8288 20887 44764
8301.17 20838 44764
8197.17 21084 44764
8341.67 20747 44764
8226 20910 44764
8440.33 20638 44764
8500.33 20450 44764
8757 20244 44764
8646.67 20295 44764
7368.33 19754 38514


14013.7 27894 68017
16185.3 27421 68017
16206.5 27395 68017
15615 27505 68017
15645.2 27464 68017
15477 27515 68017
16232.2 27383 68017
16162.7 27434 68017
15780 27435 68017
14618.3 27721 68017
14820.2 27694 68017
15172.8 27581 68017
14960.5 27672 68017
13313.3 28052 68017
13224.7 28314 68017
13219.3 28332 68017
13264.7 28179 68017
13625.3 27921 68017
13519 28019 68017
13175 28496 68017
14056.7 27745 68017
13572 27995 68017
13970.3 27914 68017
12742.7 29970 68017
12714.5 30109 68017
12250.3 30982 68017
12159.5 31104 68017
11971.7 31646 68017
11996.3 31553 68017
12004.3 31297 68017
12130 31196 68017
12109 31244 68017
12384.3 30476 68017
12472.3 30390 68017
12454 30448 68017
12443.3 30450 68017
12411 30475 68017
12423.7 30463 68017
12505 30145 68017
12296.7 30841 68017
12338.5 30724 68017
12371.5 30654 68017
12863.3 28709 68017
12918.5 28533 68017
12838.8 29790 68017
12855.3 29665 68017
9619 35451 66575
9372.5 35835 66575
9378.5 35761 66575
9356.67 35854 66575
9354.33 35869 66575
9287.67 35882 66575
9237.33 35971 66575
9162 36335 66575
9181.67 36064 66575
9170.67 36115 66575
9164 36327 66575
9158.33 36562 66575
9533.5 35596 66575
9535.17 35581 66575
9470.17 35631 66575
9407.83 35646 66575
11494.8 32022 67387
11504 31848 68017
11675.2 31736 68017
11651.2 31847 68017
11654.5 31751 68017
9813.67 35174 66575
9930.17 35135 66575
9890.5 35137 66575
9940.67 35124 66575
9997 35110 66575
10909.3 34134 66575
10899.3 34255 66575
10507.7 34579 66575
10541 34458 66575
10663.2 34322 66575
10834.2 34291 66575
10031.3 34983 66575
9701.67 35221 66575
9719 35218 66575
9592 35512 66575
9621.67 35277 66575
11634 27601 59703
11664.7 27552 59703
11700.2 27502 59703
11572.3 27674 59703
11627.2 27639 59703
11691.8 27550 59703
13053.3 26576 59703
12857.2 26662 59703
12981 26621 59703
12143.3 26674 59703
2110.67 4120 6701
2265.5 3920 6701
2054.17 4186 6701
2306.5 3891 6701
2238 4005 6701
1990.5 4187 6701
1948.5 4238 6701
1847.83 4312 6701
2160 4073 6701
2094 4149 6701
1542 5107 8301
1544.83 5059 8301
1526.67 5179 8301
1493.67 5228 8301
1530.33 5175 8301
1541.5 5148 8301
2619.5 4097 8301
2644.33 4060 8301
2576 4136 8301
2011.67 4673 8301
2058.83 4613 8301
1671 4738 8301
1554 4895 8301
1666.33 4758 8301
1816.17 4718 8301
1588.33 4775 8301
2093.67 4571 8301
2318.67 4156 8301
2550.33 4149 8301
2240.17 4198 8301
2205.67 4212 8301
2107.83 4266 8301
506 600 548
525 548 984
343 320 363
343 299 0
585 474 984
1543 1642 3281
927.5 1831 2883
1206.17 1750 4048
907 1980 4048
878 2087 4048
886.833 2076 4048
787.333 2146 4048
787.5 2106 4048
1026.83 1936 4048
1087.17 1848 4048
1298 2643 5953
1237.83 2687 5953
1111.33 2796 5953
1170 2690 5953
2290.5 2499 5953
2063.5 2527 5953
1325.17 2551 5953
1801 2543 5953
1008 1282 1952
860.5 1234 1756
803 907 1423
1041 1055 1431
1058 1076 1817
1333 1136 2253
1187 1165 2253
1101 1266 2253
1039 1433 2253
5693 13462 31109
5846.17 13315 31109
6295.67 13118 31109
6247.67 13148 31109
6112.33 13278 31109
5389.17 14068 31109
5414.17 13930 31109
5431.67 13780 31109
5648.33 13485 31109
5794.83 13372 31109
5490.83 13767 31109
5747 13383 31109
5725.67 13437 31109
5512.67 13514 31109
5255.83 15231 31109
5258.83 15212 31109
5263.83 15102 31109
5246.17 15250 31109
5223.83 15257 31109
5275.5 14877 31109
5325.83 14737 31109
5264.17 14944 31109
5362.83 14209 31109
5355.17 14315 31109
6350 10153 21943
5603.83 10477 21943
5304.67 10500 21943
6218.17 10211 21943
5627.33 10241 21943
6436 10152 21943
7202 10061 21943
8279.5 12903 22879
5067.67 12908 23324
5020.5 13234 23324
4897.83 13309 23324
5021.33 12944 23324
5242.5 12285 20246
3394 4951 8760
3694 3903 9649
2443 5423 9002
3900 4327 10194
3562.5 5271 9600
3651.83 6902 15603
3134.5 7527 15603
3160.17 6919 15603
3780.17 6823 15603
3714.5 6825 15603
3458.67 9315 18993
3600.67 9236 18993
3535.33 9262 18993
3319.5 10054 18993
4085.17 8961 18993
4091.17 8898 18993
3879.5 8966 18993
4110.5 8827 18993
4222.33 8641 18993
3752.33 9082 18993
3812 9025 18993
3657.83 9111 18993
3647.5 9169 18993
3601.67 6261 10792
3512.17 6069 10110
3271.17 6753 9017
5147.83 7979 15891
5519.5 7921 15891
9601.83 27092 55262
9730 26974 55262
11219.5 23919 55262
11309.8 23868 55262
10281.8 23952 55262
9825.5 25077 55262
9781.83 26756 55262
9736.83 26810 55262
11178 23563 45155
11316 23415 45155
10734.3 23598 45155
10167.8 20286 43866
9218.83 21982 43866
9317.5 21943 43866
9360 21857 43866
9336 21934 43866
9302.83 21960 43866
9415.67 21308 43866
9407.67 21350 43866
9753.17 20735 43866
9806.83 20680 43866
9394.67 21641 43866
9978.83 20470 43866
10042.8 20369 43866
9989.67 20393 43866
8805.17 23951 43866
9368.5 24034 45155
10133.8 24032 45155
6052.67 17815 35145
6187.17 17257 35145
6697.5 16780 35145
5972.67 17820 35145
5968.33 17979 35145
6083.67 17543 35145
6077 17740 35145
7029.83 18011 37313
6749.83 18144 37313
6888 18058 37313
6773 18061 37313
7183.67 17833 37313
7940.83 17794 37313
6300.33 18553 37313
6175 18590 37313
7626.83 20136 39714
7221.83 20634 39714
7527 20508 39714
7562.83 20420 39714
7614.83 20137 39714
7567.67 20142 39714
7796 20126 39714


3484.5 3368 8166
3029.5 3386 8166
3465.5 3376 8166
2190.67 3504 8166
1959.17 3513 8166
1885 3532 8166
1832.83 3546 8166
2200.17 3391 8166
1758.17 3608 8166
1691.67 3695 8166
1603.83 3711 8166
1503 4074 8166
1367.83 4235 8166
1351.5 4255 8166
1386.5 4132 8166
1580.67 3745 8166
1369.5 4133 8166
1512.33 3910 8166
1324.17 4457 8166
1346.83 4428 8166
1362.5 4254 8166
378 427 861
364 592 861
440 314 867
379 445 1411
229 268 717
229 228 0
429 424 867
2320.5 2205 4546
2326.5 2173 4546
2307.5 2220 4546
2428.5 2146 4546
1437 2378 4546
1591 2357 4546
1749.5 2267 4546
1639 2274 4546
1853 2235 4546
1370 1459 2264
1325 1499 1929
1182 1685 2827
1135 1985 2827
1136 1740 2827
1242.5 1642 2827
2381 2780 5545
1375 2945 6474
1291.67 2961 6474
1795.33 2793 6474
1497 2844 6474
6348.17 19517 49614
6390.5 19494 50091
6338.83 19788 50420
6337.17 19805 50420
6313.5 19864 50420
6327.17 19808 50420
6346.5 19551 49907
6342.83 19559 49784
6310.17 19614 49967
6147 19877 50024
6307.5 19883 50420
6193.17 19933 50420
6178 19987 50420
6076 20007 50420
6781 19114 49453
7186.17 19039 50420
7373.33 19005 50420
7780.33 19003 50420
7229.83 19028 50420
6361.5 19667 50420
6345.17 19696 50420
6793.67 19063 50420
6637.33 19366 50420
6438.17 19524 50420
6379.83 19580 50420
6387.33 19505 50091
6311.83 19561 50027
6764.67 19246 50420
6772.67 19212 50420
6792.67 19209 50420
6728.17 19303 50420
6751 19248 50420
6767.5 19214 50420
6443.17 19439 50420
7109.17 18996 49453
8370 18654 49453
8345.67 18699 49453
8358.17 18675 49453
8341 18702 49453
8364 18674 49453
7712.83 18793 49453
7425 18889 49453
7345 18973 49453
7394.33 18895 49453
7361.33 18954 49453
7564.33 18880 49453
7573.5 18802 49453
8299.5 18756 49453
7939.17 17908 37199
7864.83 18030 37199
8039.5 17593 37199
8690.67 17566 37199
6120.5 11629 20869
5873.83 11805 21813
4819.5 11959 22887
4926.83 13992 25615
4899.17 14150 25615
4853.83 14174 25615
4932.17 13916 25615
4900.5 14114 25615
4906.83 14024 25615
5322.33 13532 25615
5469.5 13278 25615
5644.5 13154 25615
5624.83 13228 25615
5681.67 12945 25615
5176.5 13747 25615
5259.17 13712 25615
5098.33 13915 25615
5952.17 11844 23897
5376.5 13254 24720
6719.83 12763 24720
6705 12894 24720
5472.5 12960 24720
5613.17 14905 29401
6717.67 18675 32555
6591.17 19432 32555
6764.67 18549 32555
6612.5 19000 32555
6044 14761 32098
5978.5 15127 32098
6002 14800 32098
6132.33 14657 32098
7491 14537 32098
7378.83 14549 32098
6250.17 14557 32098
6044 14691 32098
15554.3 38038 71266
15712.8 37744 67984
12654 29733 50646
13634.5 35877 58557
14129.5 34070 58954
14569.3 34499 59583
12460.3 33679 58476
14098.2 35196 61473
12231.3 31628 55860
12439.2 31476 54341
12707 29120 56626
14763.7 37933 63328
13661.8 36925 63172
14243.3 36787 63273
14968.3 37303 64558
16430 37645 66244
15029.2 34750 63992
3650 8216 20338
3586 8241 20338
3665.33 8159 20338
3634.33 8224 20338
3564.5 8268 20338
3762 8120 20338
3517.33 8309 20338
3621 8236 20338
2962.5 8772 20338
2968.83 8647 20338
2968.33 8665 20338
2920.5 8778 20338
3063.5 8474 20338
3162.17 8382 20338
3124.5 8411 20338
3168.33 8328 20338
2839.17 8902 20338
2909.5 8838 20338
2830.83 8999 20338
2833.17 8984 20338
2675 9047 20338
2254.83 5047 9728
2475.83 6102 10051
2892.67 5037 10600
3121.33 5419 11123
3593.33 8219 13917
4482.67 7494 13925
2857.67 6264 12265
4016.83 6065 11342
3030.83 6995 13028


14187.3 27387 63792
14372.3 27359 63792
15418.7 27303 63792
14732.8 27355 63792
15460.7 27300 63792
15041.2 27312 63792
12965 28242 63792
12838.5 28269 63792
12736.8 28333 63792
12822.2 28292 63792
12579.8 28374 63792
12980.5 28239 63792
13266.5 27697 63339
13157.2 27779 63339
12596.5 27799 63339
13572.7 27525 63792
14087.8 27410 63792
13812 27423 63792
13317.8 27535 63792
14120.8 27395 63792
13114.7 28140 63792
13046.2 28218 63792
13188.2 27969 63792
13152.8 28091 63792
13155 28014 63792
12282.7 28671 63792
12347.8 28549 63792
12315 28593 63792
10587.2 29817 63792
10781.3 29576 63792
10752.5 29614 63792
9901.67 29867 63792
9780 29936 63792
9945 29839 63792
10607.5 29721 63792
9676.33 29978 63792
9907.33 29859 63792
11560.3 32137 64983
10963.2 33334 64983
10944.5 33444 64983
10904.2 33448 64983
10841 33480 64983
10617.5 33494 64983
10230.2 33540 64983
10190.5 33680 64983
11677.2 31298 64983
9635.5 30100 63792
9378 23075 58685
9339.33 23167 58685
9503.83 22681 58685
9545.67 22520 58685
9967.33 22445 58685
9430.17 22909 58685
9458.5 22813 58685
11927.8 21644 58685
11874.2 21651 58685
11989.5 21635 58685
11796.8 21654 58685
11352.3 21673 58685
11950.5 21639 58685
10984.2 21688 58685
10881.2 21717 58685
10781.7 21729 58685
10494.2 22108 58685
10508 21803 58685
10424.2 22190 58685
10461.7 22153 58685
10277.8 22361 58685
10318.8 22241 58685
10022.7 22394 58685
9780.17 35826 64983
9669.5 36036 64983
9799.17 35802 64983
9852.83 35743 64983
12553 35513 70020
12428.5 35536 70020
11978.2 35762 70020
12214.8 35589 70020
12051.7 35732 70020
12572.7 35397 70020
13130.5 35261 70020
13012.7 35317 70020
13156 34978 70020
13422.3 34838 70020
14626.8 33793 70020
15357.5 33521 70020
15291.5 33563 70020
14694 33700 70020
15594.7 33470 70020
17445.8 33350 70020
16045.8 33383 70020
10010 35567 64983
10014.8 35435 64983
10113.3 35313 64983
10055.2 35387 64983
10089.3 35358 64983
9853.33 35591 64983
10163 35064 64983
10157 35076 64983
1880.17 3255 9159
1271.67 4007 9159
1322 3912 9159
1292.33 3998 9159
1271.33 4029 9159
1262 4260 9159
1556.33 3575 9159
1388.83 3769 9159
1412.17 3690 9159
1333 3822 9159
1350.33 3772 9159
1653.5 3367 9159
1568.5 3427 9159
1775 3294 9159
1729.83 3341 9159
1804.5 3274 9159
1781.17 3291 9159
1944.5 4045 9886
2030.5 4000 9886
1904.17 4051 9886
2004.33 4021 9886
1632.5 4439 9886
1648.33 4424 9886
1748.17 4196 9886
1826.5 4100 9886
1796.83 4153 9886
1836.5 4093 9886
1879.5 4081 9886
1700.67 4309 9886
1747.67 4290 9886
1725.33 4300 9886
1735.33 4293 9886
1664.67 4387 9886
1682.33 4366 9886
1695.67 4353 9886
1612 4651 9886
1585.5 4709 9886
1623.83 4623 9886
386 405 588
472 449 986
625 743 1336
356 384 585
539 824 1336
284 250 582
284 220 0
526 356 585
575 382 588
467 360 585
534 402 588
2474 2747 4620
1989 2829 5022
1844 3062 5022
695 847 2058
968 1157 2267
860.5 1585 2901
874.5 1511 2901
1979.5 3042 5934
1154.33 2443 2944
2065 2471 3042
1610 2633 3328
1451.5 2835 3328
1445 2840 3328
1524 2734 3328
1560.5 2708 3328
5695.67 11310 20255
6037.17 10865 22152
5699.83 11722 21049
5920.33 15178 31394
5824 15210 31394
7088 14335 31394
6838 14336 31394
8162.67 14202 31394
8234.5 14200 31394
7095 14287 31394
6656 14457 31394
6441.17 14546 31394
6379.83 14677 31394
6187.17 14857 31394
6061.67 15012 31394
5267.33 13909 30814
5135.17 14041 30814
5940 15175 31394
6030.67 15024 31394
5705.5 15307 31394
5985.67 15144 31394
5563.17 13231 30814
5370 13471 30814
5412 13361 30814
6164.33 14993 31394
4846.67 13199 25298
4871 13101 25298
4966.83 12747 25298
5293.67 12361 25298
6343.83 12250 25298
4903.17 12891 25298
4918 12873 25298
4955.83 12840 25298
4948.17 12863 25298
4951.83 12858 25298
5173.5 12510 23123
4403.5 12730 23606
4698.67 12519 23606
4411.33 12561 23606
5803 9157 16288
4786.5 10964 17622
4500.17 9765 16009
5348.33 11279 18758
3400.5 6941 15124
5600.5 10058 18799
4884.67 9139 15915
5601 11624 19596
2670.5 5617 12452
3260.83 5243 10811
2650 6533 12087
7180.83 20008 32090
8070.67 23712 43974
8831.67 23255 43974
8804.33 23334 43974
8047 23735 43974
8568.5 23386 43974
8556.17 23478 43974
8409.17 16773 35376
7972.83 16930 35376
7498.17 17125 35376
7888 16952 35376
7971.83 16931 35376
8931.17 16450 35376
8452.5 16606 35376
9115.17 22451 40336
8098.17 21187 39917
8682 19046 39266
7626.17 19183 39266
8726.5 19022 39266
7967.33 21322 39917
8532.33 20752 39917


