384 328 0
235.5 419 473
384 358 381
160 459 557
460 314 732
230 506 648
235.5 388 0
348 363 757
268 437 849
358 366 824
460 282 0
215.667 682 1406
160 414 0
348 330 0
485 620 1581
541 574 1606
507 598 1498
932 955 3162
504 613 1405
542 688 1695
758 757 2338
577 522 1581
758 749 2313
459 665 1472
230 604 732
421 654 1431
230 649 1289
496 616 1673
464.333 1134 2703
236.333 638 1381
539 593 1556
650 813 2255
769 753 2430
528 563 1138
663 820 2313
677 843 2405
258 570 1314
919 965 3104
236.333 593 824
813 700 2313
258 525 757
309.333 749 1581
564 899 2405
678 805 2254
757 722 1962
715 772 2430
713 799 2405
770 733 2430
609 847 2338
254.667 577 938
322.333 736 1606
215.667 637 849
962 929 2987
403.333 861 2230
542.333 926 2435
328.333 747 1962
726 754 2255
334.333 684 1581
722 897 2694
965 927 2903
899 995 3104
997 915 2811
501.333 952 2987
951 950 3162
986 1255 3836
1063 1176 3836
837 1026 3162
565.333 910 2786
757 1097 3012
1028.67 1243 4192
1038 870 2987
987 1235 3836
1230 1101 3836
1219 1426 4484
1117 1157 3836
713 1131 3079
769 1073 3104
493 1066 2895
888 998 3012
758 1076 3012
783 1055 3162
471.333 1089 2405
911 1297 3836
838 1006 3162
471.333 1134 2962
454 1139 2255
454 1184 2812
768 1093 3104
495.333 925 2254
484.667 1073 2703
943 941 2987
476.333 972 2430
833 1042 3012
951 1056 3518
974 1267 3810
1211 1111 3836
678.333 1456 4192
967 1268 3836
987 916 3162
423.5 781 2163
1199.67 1300 4393
1231 1081 3836
1158 1138 3752
1008 1227 3752
544.333 919 2870
1171 1140 3810
907 964 3078
964 1023 3251
910 1317 3836
853.667 1544 4665
723.333 1104 3078
906 984 3078
1022 1230 3810
544.333 1245 3162
1060 1207 3836
1301 1369 4484
1062.33 1511 4665
334.333 729 2138
1222 1092 3635
831 1048 3012
1490 1678 5422
1179.83 1739 5514
1113.5 1308 4393
618.333 847 2519
1277 1043 3635
1218 1443 4484
1033 1022 3368
1115.5 1276 4309
569.333 1180 3162
703.667 1177 3719
1023 1224 3810
1198.5 1233 4217
1014.33 1528 4665
1227.83 1722 5514
707.5 899 2544
617.333 1216 3518
980 1255 3752
632.333 1518 3908
1018.33 1274 4192
797.333 1065 3460
714.667 1159 3544
1353 1609 5046
758.833 1369 4134
569.333 1225 3719
818.833 1659 4866
1226 1411 4484
892.333 1721 5041
1034.33 1618 5041
1368 1312 4484
796.667 1088 3518
495.333 970 2811
563.333 1243 3543
823.333 1074 3544
538.333 937 2694
1403 1927 5895
653.333 1448 4017
1254 1388 4484
1395 1304 4484
1043.33 1580 5041
1124 1147 3810
1136 1148 3836
682 1138 3012
948.833 1578 4866
1062 1196 3836
1266 1696 5247
1109.33 1181 4192
565.333 1237 3260
1450 1265 4484
501.333 907 2430
695.333 1176 3635
612.333 865 2343
1019.67 1767 5514
1071.33 1553 5041
791.333 1422 4367
712.333 1153 3543
921.333 1664 5041
1247 1398 4484
1056 1196 3752
706.333 1158 3460
723.667 1625 4665
942.333 1330 4393
663.667 1335 3933
1513 1224 4217
721 906 2636
1302 1349 4484
1070.33 1577 5041
674.333 1160 3544
1445 1707 5422
478.667 1101 2586
1285 1642 5046
1221 1106 3660
1087.33 1532 4782
918 985 3104
1430.67 1426 4774
940.333 1654 5041
577 1199 3259
695.333 1131 3078
1367 1332 4484
1071.33 1508 4484
1042.33 1601 5041
787.333 1438 4217
641.333 1164 3460
698.333 1487 4393
842.333 1394 4217
1415 1293 4484
1527.67 1665 5422
548.333 908 2611
585.333 1200 3343
894 906 2786
956.333 1285 4367
916.333 1325 4309
630.333 1214 3661
1477 1873 5895
1676 1431 5041
1528.67 1659 5422
1567.67 1657 5422
670 1455 4108
1201.33 1451 4665
912.333 1359 4367
593.333 1158 3285
1273 1383 4484
793.333 1420 4393
855.333 1362 4367
1344.5 1469 5041
848.333 1376 4393
1348 1342 4484
847.333 1401 4393
897.333 1337 4192
783.333 1095 3368
1243.33 1690 5046
544.333 874 2313
1684 1427 4957
1012.33 1529 4398
1032.33 1239 3841
718.333 1135 3719
1172.33 1470 4573
1432.5 1395 4690
687.333 1150 3017
693.333 1132 3193
1082.67 1706 5046
1649 1455 4957
1038.33 1221 4017
1284.5 1471 4866
845.333 1365 4134
763.333 1423 4192
692.333 1505 4217
499.333 965 2280
1343.33 1343 4665
1177.83 1740 5247
739.333 1102 3635
672 1336 4017
825.333 1418 4309
1092 1481 4665
551 1270 3377
942.5 892 2702
1134.33 1487 5041
726.333 1105 3285
1180.33 1480 5041
859.333 1328 4017
1166.67 1448 4484
995.333 1270 3924
1511 1670 5422
853.333 1030 3259
1001.33 1252 4100
786.667 1088 3276
824.333 1319 3933
1070.33 1432 4398
720.333 1123 3109
1005.33 1248 3925


460 282 0
460 314 732
230 506 648
384 358 381
160 459 557
254.667 577 938
358 366 824
348 330 0
384 328 0
160 414 0
235.5 419 473
348 363 757
268 437 849
235.5 388 0
258 525 757
230 604 732
495.333 925 2254
236.333 593 824
528 563 1138
541 574 1606
215.667 682 1406
230 649 1289
236.333 638 1381
309.333 749 1581
507 598 1498
712.333 1153 3543
215.667 637 849
770 733 2430
504 613 1405
258 570 1314
677 843 2405
459 665 1472
496 616 1673
758 757 2338
918 985 3104
542 688 1695
726 754 2255
769 753 2430
421 654 1431
485 620 1581
650 813 2255
713 799 2405
334.333 684 1581
647 781 2163
539 593 1556
454 1139 2255
577 522 1581
899 995 3104
693 1161 3079
454 1184 2812
987 916 3162
713 1131 3079
471.333 1089 2405
965 927 2903
813 700 2313
425 793 2163
783 1055 3162
471.333 1134 2962
758 749 2313
493 1066 2895
322.333 736 1606
663 820 2313
609 847 2338
769 1073 3104
564 899 2405
757 722 1962
1136 1148 3836
919 965 3104
501.333 907 2430
715 772 2430
1636 1459 5041
951 950 3162
403.333 861 2230
943 941 2987
831 1048 3012
833 1042 3012
538.333 937 2694
1060 1207 3836
678 805 2254
1462 1243 4192
722 897 2694
1419 1276 4309
932 955 3162
962 929 2987
823.333 1074 3544
495.333 970 2811
997 915 2811
1158 1138 3752
911 1297 3836
718.333 1090 3162
943.333 1049 3167
838 1006 3162
1439.33 1405 4665
967 1268 3836
1124 1147 3810
1396.33 1438 4782
334.333 729 2138
569.333 1225 3719
986 1256 3836
544.333 919 2870
793.333 1375 3836
1038 870 2987
1023 1224 3810
1231 1081 3836
1022 1230 3810
1309 1022 3368
544.333 874 2313
1203.33 1227 3933
987 1235 3836
974 906 2786
837 1036 3162
778.333 1087 3192
907 964 3078
569.333 1180 3162
718.333 1135 3719
881.333 1329 4100
501.333 952 2987
1502 1233 4217
1171 1140 3810
847.333 1401 4393
1543 1184 3841
682 1138 3012
1178.33 1267 4108
563.333 1243 3543
1055 1216 3752
1221 1106 3660
784.333 1069 3368
328.333 747 1962
1613.33 1621 5514
906 984 3078
1282 1046 3284
1117 1157 3836
1273 1379 4484
682.667 1655 4109
1254 1409 4484
1117 1896 5514
805 1680 4490
1197 1438 4484
852.333 1365 4016
1678 1457 4865
739.333 1057 3078
1290 1052 3543
467.667 1140 2528
612.333 865 2343
1172 1456 4484
858.333 1347 4192
956 1558 4515
1512.33 1702 5514
902.333 1359 4367
855.333 1362 4367
1056 1196 3752
753.333 1404 3810
1008 1227 3752
1415 1293 4484
721 906 2636
1585.33 1654 5514
1368 1312 4484
476.333 972 2430
1455 1258 4192
956.333 1240 3810
910.333 1327 3933
565.333 910 2786
1424 1246 4016
1455 1271 4217
1456 1254 4108
618.333 847 2519
1611.33 1635 5247
797.333 1065 3460
548.333 908 2611
1513 1224 4217
1230 1101 3836
1505.33 1694 5338
1511.33 1708 5514
1144 1775 5247
872.667 1840 4866
1477 1879 5895
1304 1657 5046
1391 1300 4393
956.333 1285 4367
484.667 1073 2703
900.333 1747 4866
900 1604 4490
1387.33 2077 5895
1105.67 1822 5221
1225 1410 4484
1815.33 1838 5895
1261 1690 5163
1200 1428 4484
1822.33 1812 5895
1519.33 1676 5514
1655.33 1619 5338
1348 1342 4484
1518.33 1682 5514
989 1904 5138
1171 1462 4484
1272 1404 4484
1939 1595 5422
830.333 1056 3518
1057.67 2058 5514
1180 2083 5895
1478 1873 5895
1124 1487 4484
1301 1351 4484
1084 1824 5138
739.333 1102 3635
938.333 1621 4782
1192 1736 5247
753.333 1449 4367
1084 1168 3752
1086.33 1510 4484
1086.33 1555 5041
1161 1482 4484
683 1421 3758
1063 1176 3836
1173.67 1766 5221
1428.33 2037 5895
630.333 1169 3104
1068.33 1545 4840
1103.33 1534 4782
1202.67 1705 5221
665.333 1484 4025
882.333 1667 4757
1211 1111 3836
942.333 1285 3836
1143.33 1490 4840
985.333 1632 5041
1241 1701 5163
1464.33 1711 5514
947.333 1647 4840
778 1801 4757
763.333 1423 4192
783.333 1095 3368
1001.33 1252 4100
793.333 1420 4393
1185 1747 5138
848.333 1335 3836
1063.33 1548 4748
698.333 1487 4393
1042.33 1567 4840
693.333 1155 3162
1035.33 1574 4866
939.333 1310 4016
1320.33 1717 5514
818.333 1391 4134
842.333 1398 4217
940.333 1650 4866
942.333 1330 4393
1577.33 1655 5514
1219.33 1794 5514
1070 1933 5514
1163.33 1469 4840
787.333 1743 4757
995.333 1270 3924
1115.33 1542 4840
1152.33 1284 4108
1259.33 1421 4748
630.333 1214 3661
902.333 1314 3810
995 1865 5247
1180.33 1480 5041
888 998 3012
1126.33 1838 5514
848.333 1376 4393
1466.33 1605 5221
977 1512 4515
560.667 1396 3377
1062 1196 3836
871 1686 4840
1124.33 1874 5514
888.667 1623 4573
1621.33 1603 5046
1245.33 1787 5514
909.333 1655 4782
1286.33 1763 5422
641.333 1164 3460
773.333 1088 3167


460 282 0
235.5 388 0
230 506 648
160 414 0
384 328 0
358 366 824
268 437 849
496 616 1673
348 330 0
460 314 732
160 459 557
384 358 381
348 363 757
485 620 1581
758 749 2313
236.333 593 824
236.333 638 1381
663 820 2313
528 563 1138
235.5 419 473
230 649 1289
215.667 637 849
309.333 749 1581
258 570 1314
542 688 1695
215.667 682 1406
539 593 1556
322.333 736 1606
888 998 3012
471.333 1134 2962
504 613 1405
618.333 847 2519
459 665 1472
677 843 2405
678 805 2254
334.333 729 2138
609 847 2338
987 916 3162
258 525 757
703.667 1132 3162
758 757 2338
813 700 2313
577 522 1581
907 964 3078
757 722 1962
334.333 684 1581
544.333 919 2870
507 598 1498
1124 1147 3810
715 772 2430
838 1006 3162
997 915 2811
541 574 1606
769 753 2430
421 654 1431
1171 1140 3810
230 604 732
770 733 2430
1450 1265 4484
713 799 2405
962 929 2987
1277 1043 3635
943 941 2987
1038 870 2987
254.667 577 938
965 927 2903
650 813 2255
1008 1227 3752
1100 1179 3836
783 1055 3162
1222 1092 3635
726 754 2255
1221 1106 3660
1395 1304 4484
919 965 3104
1348 1342 4484
784.333 1069 3368
778.333 1087 3192
612.333 865 2343
538.333 937 2694
918 985 3104
1023 1224 3810
1117 1157 3836
1605 1473 4748
739.333 1102 3635
713 1131 3079
932 955 3162
1211 1111 3836
951 950 3162
1109.33 1181 4192
974 906 2786
328.333 747 1962
471.333 1089 2405
967 1268 3836
564 899 2405
569.333 1180 3162
987 1238 3836
1084 1168 3752
569.333 1225 3719
1062 1196 3836
501.333 952 2987
899 995 3104
1273 1379 4484
1136 1148 3836
1056 1196 3752
1254 1388 4484
1081 1191 3836
1083 1188 3752
1206 1422 4484
544.333 1245 3162
484 1066 2611
1022 1230 3810
705.333 1486 4367
1225 1410 4484
403.333 861 2230
1246 1404 4484
423.5 781 2163
1301 1351 4484
721 906 2636
682 1138 3012
671.667 1440 3841
1877.5 1911 5895
1230 1101 3836
501.333 907 2430
831 1048 3012
1247 1398 4484
1302 1349 4484
718.333 1135 3719
968 1564 4406
476.333 972 2430
484.667 1073 2703
855.333 1362 4367
833 1042 3012
1629 1469 5041
937.333 1641 5041
812.333 1392 4042
674.333 1160 3544
1657 1449 4957
910 1317 3836
1415 1293 4484
1032.33 1574 5041
1200 1428 4484
698.333 1487 4393
1033 1022 3368
881.333 1329 4100
1134.33 1487 5041
1086.33 1526 5041
797.333 1065 3460
1344.33 1704 5221
939.333 1310 4016
641.333 1164 3460
630.333 1214 3661
783.333 1095 3368
848.333 1376 4393
837 1026 3162
1681.5 2034 5895
823.333 1074 3544
548.333 908 2611
1055 1216 3752
1775.5 1988 5895
1356.67 1475 4774
942.333 1330 4393
956.333 1285 4367
1180.33 1480 5041
1597.5 2120 5895
1201.33 1451 4665
985.333 1632 5041
1728.5 2001 5895
986 1255 3836
1042.33 1571 4840
637.333 1213 3635
707.5 899 2544
495.333 970 2811
1198.5 1233 4217
753.333 1449 4367
906 984 3078
1198.33 1790 5514
793.333 1420 4393
1216.33 1444 4573
565.333 910 2786
1296.33 1386 4665
892.333 1685 4866
739.333 1057 3078
911 1297 3836
988.667 1024 3167
544.333 874 2313
967.333 1633 4690
882.333 1694 4484
882.333 1739 5041
1060 1207 3836
848.333 1331 3836
718.333 1090 3162
937.333 1596 4484
847.333 1806 4490
1131.33 1839 5514
855.333 1317 3810
1134.33 1442 4484
1266.33 1736 5514
806.333 1410 3866
1086.33 1481 4484
1629 1466 4957
942.333 1285 3836
1079.33 1557 5041
1684 1430 5041
1032.33 1529 4484
454 1184 2812
1180.33 1435 4484
902.333 1314 3810
1692.5 2020 5895
1684 1427 4957
493 1066 2895
1730 1412 5041
956.333 1240 3810
1231 1081 3836
1343.33 1343 4665
495.333 925 2254
773.333 1088 3167
902.333 1359 4367
753.333 1404 3810
637.333 1168 3078
630.333 1169 3104
1079.33 1512 4484
714.333 1122 3078
793.333 1375 3836
693.333 1155 3162
942.5 892 2702
830.333 1056 3518
1133.33 1508 5041
985.333 1587 4484
787.333 1438 4217
942.667 1952 5138
1633.5 2068 5895
1374 1327 4484
763.333 1423 4192
1133.33 1463 4484
712.333 1153 3543
1589.5 2152 5895
1549.5 2154 5895
1197.33 1807 5514
1637.5 2058 5895
904.333 1328 3841
1130.33 1503 4866
993.333 1593 4573
695.333 1131 3078
842.333 1398 4217
454 1139 2255
1036.33 1940 5422
1688 1422 4748
916.333 1325 4309
1474.5 2204 5895
1399 1284 4309
937.333 1319 3899
769 1073 3104
1368.33 1649 5514
1241.33 1751 5422
1001.33 1252 4100
875.333 1347 3924
687.333 1150 3017
1113.67 1794 5138


348 363 757
235.5 388 0
384 328 0
460 282 0
384 358 381
348 330 0
230 506 648
460 314 732
160 459 557
160 414 0
268 437 849
539 593 1556
358 366 824
230 604 732
577 522 1581
541 574 1606
504 613 1405
421 654 1431
215.667 682 1406
769 753 2430
230 649 1289
813 700 2313
713 799 2405
235.5 419 473
650 813 2255
258 525 757
677 843 2405
715 772 2430
528 563 1138
678 805 2254
951 950 3162
758 757 2338
758 749 2313
838 1006 3162
496 616 1673
726 754 2255
770 733 2430
485 620 1581
236.333 593 824
542 688 1695
334.333 684 1581
236.333 638 1381
906 984 3078
987 916 3162
215.667 637 849
493 1066 2895
322.333 736 1606
459 665 1472
309.333 749 1581
907 964 3078
507 598 1498
258 570 1314
722 897 2694
564 899 2405
831 1048 3012
609 847 2338
1117 1157 3836
663 820 2313
471.333 1134 2962
454 1184 2812
965 927 2903
932 955 3162
544.333 919 2870
328.333 747 1962
918 985 3104
1124 1147 3810
1084 1168 3752
974 906 2786
548.333 908 2611
254.667 577 938
476.333 972 2430
888 998 3012
718.333 1135 3719
757 722 1962
618.333 847 2519
1277 1043 3635
721 906 2636
403.333 861 2230
423.5 781 2163
682 1138 3012
707.5 899 2544
899 995 3104
334.333 729 2138
1300 1375 4484
565.333 910 2786
501.333 907 2430
1033 1022 3368
630.333 1214 3661
987 1235 3836
943 941 2987
1198.5 1233 4217
797.333 1065 3460
1222 1092 3635
1158 1138 3752
1301 1351 4484
1062 1196 3836
919 965 3104
1063 1176 3836
1038 870 2987
837 1026 3162
1109.33 1181 4192
783 1055 3162
501.333 952 2987
1008 1227 3752
1387 1331 4484
1247 1398 4484
1115.5 1276 4309
1211 1111 3836
1368 1333 4484
471.333 1089 2405
1302 1349 4484
911 1297 3836
1254 1388 4484
499.333 965 2280
1206 1422 4484
662.333 1167 3012
1086.33 1526 5041
962 929 2987
1684 1430 5041
848.333 1376 4393
1060 1207 3836
544.333 1245 3162
1231 1081 3836
569.333 1225 3719
1450 1265 4484
674.333 1160 3544
967 1268 3836
1395 1304 4484
739.333 1102 3635
1134.33 1487 5041
1221 1106 3660
1055 1216 3752
1136 1148 3836
713 1131 3079
637.333 1213 3635
569.333 1180 3162
1230 1101 3836
956.333 1285 4367
823.333 1074 3544
942.333 1285 3836
1171 1140 3810
539.667 1289 3460
910 1317 3836
1082.33 1542 4866
464.333 1134 2703
1216.33 1444 4573
1023 1224 3810
902.333 1359 4367
770.333 1426 4134
987.333 1618 4866
698.333 1487 4393
1056 1196 3752
454 1139 2255
544.333 874 2313
739.333 1057 3078
986 1256 3836
1079.33 1557 5041
1390 1324 4393
793.333 1420 4393
714.333 1122 3078
855.333 1362 4367
1200 1428 4484
847.333 1401 4393
718.333 1090 3162
1021 892 2702
811.333 1412 4192
853.333 1030 3259
942.333 1330 4393
984.333 1579 4484
698.333 1442 3836
984.333 1624 5041
637.333 1168 3078
769 1073 3104
902.333 1314 3810
1185.33 1795 5422
833 1042 3012
830.333 1056 3518
1079.33 1512 4484
1656 1457 5041
848.333 1331 3836
1086.33 1481 4484
478.667 1101 2586
1404.33 1648 5046
673.333 1507 3836
855.333 1317 3810
1676 1431 5041
1415 1293 4484
1134.33 1442 4484
916.333 1280 3752
708.333 1463 4192
630.333 1169 3104
793.333 1375 3836
847.333 1356 3836
1305.33 2054 5895
916.333 1325 4309
1408.33 1646 5422
858.333 1347 4192
766.333 1479 4309
1133.33 1508 5041
1355.33 1682 5046
1246 1419 4484
1032.33 1600 5041
1067.33 1904 5247
977.333 1668 5041
1273.33 1725 5514
882.333 1739 5041
1642.33 1829 5895
1180.33 1480 5041
1296.33 1386 4665
956.333 1240 3810
882.333 1694 4484
1344.5 1469 5041
1432.5 1395 4690
1133.33 1463 4484
1657 1449 4957
1348 1342 4484
783.333 1095 3368
1477.33 1581 5046
1343.33 1343 4665
1082.33 1541 4782
1911 1610 5338
773.333 1088 3167
1566.5 1633 5071
991.333 1947 5221
1297.33 1707 5221
1387.33 1664 5514
934.667 1338 4367
1684 1427 4957
1180.33 1435 4484
1415.33 1646 5514
932.333 1658 4866
1967 1547 5422
1259.33 1421 4748
830.333 1399 4192
1730 1412 5041
1166.33 1840 5422
1649 1455 4957
984.333 1270 3933
1024.33 1587 4515
1548.33 1880 5895
856.333 1023 3251
1367.33 1685 5514
1375 1465 4957
920.333 1676 4690
1344.33 1704 5221
1223.33 1763 5247
1400.33 1974 5895
1810 1643 5422
1240.33 1771 5422
934.667 1293 3810
1429.33 1958 5895
1333.33 2020 5895
1131.33 1493 4774
672.333 1173 3167
1218.33 1795 5514
1117.33 1854 5514
1095.33 1852 5247
904.333 1328 3841
1450.33 1606 5046
840.667 1373 3810
1884 1635 5338
1113.33 1516 4573
846.333 1365 4016
1075.33 1548 4782
1241.33 1751 5422
1184.33 1816 5422
784.333 1069 3368
1049.33 1553 4398
1455.33 1919 5895
1185.33 1476 4748
1698.33 1763 5895
1021.33 1245 4016
1001.33 1252 4100
693.333 1132 3193
988.333 1588 4866
766.333 1434 3752
1169.33 1783 5247
1315.33 1717 5422
1028.67 1243 4192
1374.33 1657 5046
1327.33 1700 5046
1063.33 1548 4748
1005.33 1248 3925
1030.33 1554 4774
951.333 1621 4515


485 620 1581
384 328 0
268 437 849
348 363 757
230 506 648
460 314 732
258 570 1314
384 358 381
160 414 0
348 330 0
235.5 419 473
460 282 0
160 459 557
358 366 824
236.333 638 1381
230 649 1289
504 613 1405
541 574 1606
215.667 637 849
459 665 1472
577 522 1581
215.667 682 1406
254.667 577 938
770 733 2430
421 654 1431
507 598 1498
236.333 593 824
258 525 757
919 965 3104
758 749 2313
609 847 2338
943 941 2987
496 616 1673
235.5 388 0
650 813 2255
528 563 1138
309.333 749 1581
539 593 1556
334.333 684 1581
713 799 2405
987 916 3162
230 604 732
726 754 2255
813 700 2313
663 820 2313
678 805 2254
758 757 2338
769 753 2430
951 950 3162
322.333 736 1606
677 843 2405
757 722 1962
564 899 2405
542 688 1695
715 772 2430
837 1026 3162
707.5 899 2544
548.333 908 2611
962 929 2987
918 985 3104
602 1168 3259
758 1076 3012
544.333 874 2313
759.5 1465 3841
334.333 729 2138
559.667 1280 3351
907 964 3078
328.333 747 1962
899 995 3104
700.333 1147 3104
689.333 1681 4083
423.5 781 2163
838 1006 3162
965 927 2903
831 1048 3012
683.667 1726 3991
611.667 1656 3816
967 1268 3836
1231 1081 3836
769 1073 3104
569.333 1225 3719
464.333 1134 2703
1320 1346 4484
833 1042 3012
1368 1333 4484
853.333 1030 3259
674.333 1160 3544
1038 870 2987
1222 1092 3635
460.667 1210 2786
1033 1022 3368
1277 1043 3635
403.333 861 2230
1189 1454 4484
539.667 1289 3460
838 1518 4225
1301 1369 4484
1300 1375 4484
911 1297 3836
856.333 1023 3251
565.333 910 2786
1171 1460 4484
1159.33 1644 5041
1060 1207 3836
783 1055 3162
1233.17 2236 5895
1198.5 1233 4217
682 1138 3012
906 984 3078
932 1698 4866
1005.33 1248 3925
1056 1196 3752
910.333 1327 3933
1109.33 1181 4192
1022 1230 3810
867.167 1814 4866
1023 1224 3810
713 1131 3079
618.333 847 2519
932 955 3162
486.333 978 2255
544.333 919 2870
1162.17 1546 4866
1150.33 1660 5041
910 1317 3836
797.333 1065 3460
499.333 965 2280
1006.67 1828 5041
729.667 1498 4192
1063 1176 3836
1272 1403 4484
1007.67 1824 5041
1008 1227 3752
1124 1147 3810
1085.67 2100 5422
738.333 1117 3343
1108.67 1956 5247
987 1235 3836
942.5 892 2702
811.333 1412 4192
945.167 2097 5247
1035.67 1796 5041
897.167 1780 4840
1230 1101 3836
868.333 1358 4017
986 1255 3836
856 1346 3836
823.333 1074 3544
1375 1321 4484
894 906 2786
754 897 2694
1385.5 1438 4690
1113.5 1308 4393
501.333 952 2987
888 998 3012
835.667 1580 4217
1116 1882 5514
695 1486 4134
901.667 1708 4782
1206 1422 4484
1049.67 1593 4757
796.667 1598 4393
1117 1157 3836
830.333 1056 3518
1084 1168 3752
1432.5 1395 4690
1173.67 1820 5514
1092 1481 4665
630.333 1214 3661
1105.5 1892 5221
1020 1623 4757
1211 1111 3836
1649 1455 4957
484.667 1073 2703
1375 1465 4957
1246 1404 4484
1415 1293 4484
847.333 1401 4393
1221 1106 3660
1296.33 1386 4665
1029.67 1602 4866
1676 1431 5041
718.333 1090 3162
848.333 1376 4393
1062.33 1511 4665
942.333 1330 4393
1964 1574 5514
1343.33 1343 4665
816 1591 4283
1062 1196 3836
493 1021 2338
718.333 1135 3719
569.333 1180 3162
641.333 1164 3460
766.333 1430 4017
764.667 1836 4840
1344.5 1469 5041
493 1066 2895
454 1139 2255
1167.33 1637 4957
471.333 1089 2405
693.333 1155 3162
471.333 1134 2962
1038.33 1221 4017
1870 1607 5071
760.333 1465 3899
1116.67 1870 5514
1910 1593 5514
1149.67 2403 5895
1890 1619 5514
501.333 907 2430
640.333 1190 3460
544.333 1245 3162
1071.67 2127 5514
739.333 1102 3635
956.333 1285 4367
1062.67 1886 5163
819.5 1755 4573
1730 1412 5041
1225.67 2323 5895
1203.67 1789 5138
1017.33 1261 3991
1257.5 1692 5514
767.5 1379 4108
1200 1428 4484
776.667 1742 4225
1115.5 1276 4309
1270.67 2066 5895
1040 1570 4484
713.667 1476 3732
1450 1265 4484
1052.33 1567 4665
1656 1457 5041
1810 1643 5422
1031.33 1227 3933
776.667 1787 4782
1348 1342 4484
1684 1427 4957
1751.67 1896 5895
827.333 1572 4200
1034.67 1888 5163
654 1544 3724
637.333 1213 3635
1136 1148 3836
1912 1586 5422
956.333 1240 3810
1174 1819 5138
880.667 1337 3836
1180.33 1480 5041
1216.33 1444 4573
1083.67 1762 5041
2017 1856 5895
1170 1479 4484
1168 1625 4957
1158 1138 3752
1227.83 1722 5514
904.333 1328 3841
1684 1430 5041
1539.5 1658 5071
1291 1401 4484
997 915 2811
1450.33 1606 5046
1864 1624 5422
1293 1391 4484
1395 1304 4484
894.333 1351 3841
1228 1693 5046
1103.33 1530 4782
1000 1730 4957
2044 1805 5895
1863 1631 5514
2117 1795 5895
1918 1592 5514
737.667 1477 4025
1171 1140 3810
1609.5 1968 5895
1111.67 1712 5041


235.5 388 0
348 363 757
230 506 648
160 414 0
460 282 0
460 314 732
358 366 824
268 437 849
384 358 381
496 616 1673
160 459 557
384 328 0
230 649 1289
541 574 1606
348 330 0
769 753 2430
504 613 1405
230 604 732
539 593 1556
528 563 1138
215.667 637 849
715 772 2430
215.667 682 1406
459 665 1472
235.5 419 473
507 598 1498
677 843 2405
421 654 1431
485 620 1581
758 749 2313
577 522 1581
757 722 1962
758 757 2338
258 570 1314
770 733 2430
1081 1191 3836
1038 870 2987
236.333 638 1381
943 941 2987
236.333 593 824
726 754 2255
932 955 3162
650 813 2255
997 915 2811
678 805 2254
713 799 2405
609 847 2338
919 965 3104
663 820 2313
309.333 749 1581
258 525 757
322.333 736 1606
564 899 2405
403.333 861 2230
542 688 1695
464.333 1134 2703
334.333 684 1581
831 1048 3012
569.333 1225 3719
833 1042 3012
813 700 2313
423.5 781 2163
951 950 3162
962 929 2987
837 1026 3162
753.333 1449 4367
987 916 3162
618.333 847 2519
1022 1230 3810
254.667 577 938
838 1006 3162
986 1256 3836
565.333 910 2786
471.333 1134 2962
1062 1197 3836
1399 1284 4309
1211 1111 3836
1008 1227 3752
1222 1092 3635
906 984 3078
1084 1168 3752
538.333 937 2694
1100 1179 3836
707.5 899 2544
501.333 907 2430
753.333 1404 3810
484 1066 2611
907 964 3078
548.333 908 2611
334.333 729 2138
682 1138 3012
712.333 1153 3543
544.333 1245 3162
823.333 1074 3544
1277 1043 3635
544.333 919 2870
1395 1304 4484
476.333 972 2430
1450 1265 4484
637.333 1213 3635
484.667 1073 2703
1124 1147 3810
1069 1196 3810
1348 1342 4484
718.333 1135 3719
769 1073 3104
501.333 952 2987
1657 1449 4957
783 1055 3162
1033 1022 3368
1669 1422 4748
1231 1081 3836
792 1377 3991
1171 1140 3810
1023 1224 3810
1684 1427 4957
1221 1106 3660
1060 1207 3836
593.333 1158 3285
1038.33 1221 4017
930.333 1672 5041
965 927 2903
471.333 1089 2405
493 1066 2895
738.333 1117 3343
930.333 1627 4484
899 995 3104
1133.33 1463 4484
1001.33 1252 4100
902.333 1314 3810
1216.33 1444 4573
1641 1429 4748
1109.33 1181 4192
902.333 1359 4367
739.333 1057 3078
1302 1349 4484
1254 1388 4484
1247 1398 4484
544.333 874 2313
967 1268 3836
956.333 1285 4367
1134.33 1442 4484
1343.33 1343 4665
942.333 1330 4393
1180.33 1435 4484
705.333 1441 3810
847.333 1356 3836
1134.33 1487 5041
630.333 1214 3661
818.333 1387 4134
1246 1404 4484
855.333 1362 4367
1032.33 1239 3841
942.333 1285 3836
855.333 1317 3810
1185.33 1476 4748
705.333 1486 4367
1896 1587 5247
1032.33 1574 5041
713 1131 3079
743 1422 4108
956.333 1240 3810
1180.33 1480 5041
1130.33 1503 4866
1086.33 1526 5041
569.333 1180 3162
739.333 1102 3635
718.333 1090 3162
454 1139 2255
1133.33 1508 5041
1219.33 1416 4398
714.333 1122 3078
1415.33 1646 5514
1032.33 1529 4484
680.333 1506 3810
847.333 1401 4393
1296.33 1386 4665
936.333 1348 4217
1086.33 1481 4484
1198.5 1233 4217
328.333 747 1962
1367 1332 4484
495.333 925 2254
641.333 1164 3460
640.333 1190 3460
542.333 926 2435
888 998 3012
1005.33 1248 3925
1092 1481 4665
495.333 970 2811
853.333 1030 3259
911 1297 3836
1225 1410 4484
783.333 1095 3368
1918 1592 5514
1356.33 1668 5046
1684 1430 5041
1117 1157 3836
454 1184 2812
1301 1351 4484
1230 1101 3836
830.333 1056 3518
1629 1469 5041
1863 1631 5514
1225.33 1447 4774
1615.33 1854 5895
842.333 1398 4217
1432.5 1395 4690
674.333 1160 3544
1450.33 1606 5046
942.5 892 2702
703.667 1177 3719
1375 1465 4957
1385.5 1438 4690
499.333 965 2280
1113.5 1308 4393
848.333 1331 3836
925.333 1333 4108
612.333 865 2343
1474.33 1933 5895
577 1199 3259
1906 1555 5046
1268.33 1729 5422
1367.33 1670 5514
926.333 1307 4108
797.333 1065 3460
856.333 1023 3251
784.333 1069 3368
1464.33 1601 5422
1277.33 2071 5895
1293.33 1710 5514
1042.33 1567 4840
1166.33 1815 5422
1890 1619 5514
848.333 1376 4393
1193.33 1789 5422
962.333 1625 4748
1062.33 1548 4866
773.333 1088 3167
693.333 1132 3193
1656 1457 5041
1158 1138 3752
846.333 1365 4016
1029.33 1575 4774
881.333 1329 4100
986.333 1264 3925
1671.33 1785 5895
1321.33 1692 5514
1301.33 1702 5514
1240.33 1771 5422
1084.33 1519 4782
763.333 1423 4192
1124.33 1844 5514
1273.33 1731 5514
1670.33 1806 5895
1051.33 1546 4690
1018.33 1274 4192
1368.33 1653 5514
878.333 1340 4108
1031.33 1625 5041
1477.33 1581 5046
1372.33 2000 5895
1267.33 1755 5514
1139.33 1838 5422
1351.33 2027 5895
858.333 1347 4192
1243.33 1743 5247
1185.33 1795 5422
1079.33 1557 5041
1284.5 1471 4866
1226.33 1772 5514
1241.33 1750 5422
987 1238 3836
1475.33 1916 5895
1415 1293 4484
1344.33 1678 5422
1073.33 1881 5221
1400.33 1973 5895
1199.33 1788 5514
1079.33 1512 4484
923.333 1307 3841
1333.33 2036 5895
1910 1593 5514
1285.33 2059 5895
1178.33 1796 5514
1304.33 2045 5895
985.333 1628 5041
899.333 1684 4840
1140.33 1831 5247
1039.33 1542 4573
1266.33 1762 5514
1278.33 2062 5895
974 906 2786
992.333 1585 4573
1575.33 1857 5895
1676 1431 5041
726.333 1105 3285
793.333 1420 4393
1297.33 1707 5221
895.333 1325 3841
1167.33 1806 5422
985.333 1583 4484
1096.33 1905 5514
1125.33 1840 5514
988.333 1588 4866
754 897 2694
1063.33 1527 4866
857.667 1798 4840
1136 1148 3836
1482.33 1897 5895
1407.33 1967 5895
937.333 1596 4484
1824 1642 5514
1502.33 1887 5895
1436.33 1948 5895
1550.33 1872 5895
944.333 1618 4573
937.333 1641 5041
1352.33 2006 5895
1030.33 1554 4774
1223.33 1762 5221
1381.33 1974 5895
1513 1224 4217
1265.33 1714 5163
1206 1422 4484
1200.33 1779 5514
1379.33 1985 5895
865.333 1737 4840
1080.33 1879 5221
893.333 1685 4840
1249.33 1745 5422
1428.33 1956 5895


236.333 638 1381
460 314 732
235.5 388 0
160 459 557
358 366 824
507 598 1498
384 358 381
460 282 0
539 593 1556
235.5 419 473
230 506 648
348 363 757
268 437 849
348 330 0
160 414 0
236.333 593 824
384 328 0
215.667 682 1406
504 613 1405
258 525 757
663 820 2313
496 616 1673
769 753 2430
758 757 2338
577 522 1581
459 665 1472
813 700 2313
758 749 2313
230 649 1289
894 906 2786
258 570 1314
770 733 2430
528 563 1138
485 620 1581
677 843 2405
943 941 2987
215.667 637 849
678 805 2254
837 1026 3162
932 955 3162
757 722 1962
322.333 736 1606
609 847 2338
650 813 2255
334.333 729 2138
564 899 2405
334.333 684 1581
541 574 1606
754 897 2694
1124 1147 3810
726 754 2255
230 604 732
951 950 3162
888 998 3012
974 1267 3810
713 1131 3079
713 799 2405
987 916 3162
715 772 2430
1038 870 2987
918 985 3104
758 1076 3012
542 688 1695
618.333 847 2519
309.333 749 1581
907 964 3078
899 995 3104
962 929 2987
421 654 1431
548.333 908 2611
1117 1157 3836
1230 1101 3836
783 1055 3162
718.333 1135 3719
1277 1043 3635
454 1184 2812
965 927 2903
967 1268 3836
838 1006 3162
769 1073 3104
1033 1022 3368
254.667 577 938
980 1255 3752
682 1138 3012
1221 1106 3660
1023 1224 3810
1222 1092 3635
501.333 952 2987
637.333 1213 3635
423.5 781 2163
906 984 3078
1415 1293 4484
833 1042 3012
739.333 1102 3635
1136 1148 3836
1063 1176 3836
919 965 3104
831 1048 3012
1055 1216 3752
912 1607 4840
987 1235 3836
1231 1081 3836
1450 1265 4484
1060 1207 3836
1395 1304 4484
830.333 1056 3518
1206 1422 4484
1171 1459 4484
911 1297 3836
493 1066 2895
1062 1196 3836
1211 1111 3836
565.333 910 2786
471.333 1134 2962
674.333 1160 3544
1092 1481 4665
1384.67 1444 4774
1084 1168 3752
780 1365 3933
707.5 899 2544
695.333 1176 3635
1030 1505 4515
1076 1487 4515
1022 1230 3810
756 1388 3758
476.333 972 2430
1008 1227 3752
501.333 907 2430
569.333 1225 3719
986 1255 3836
1300 1375 4484
653.333 1448 4017
593.333 1158 3285
1649 1455 4957
827.333 1654 4866
845 1361 4134
700.333 1147 3104
1246 1404 4484
1151 1471 4484
1595.67 1629 5422
1430.67 1426 4774
1301 1351 4484
1199.67 1300 4393
471.333 1089 2405
1348 1342 4484
714.667 1159 3544
1200 1428 4484
1342.67 1463 4748
328.333 747 1962
896.333 1622 4782
1225 1410 4484
1382.67 1579 5046
1198.5 1233 4217
1014.33 1528 4665
823.333 1074 3544
1113.5 1308 4393
895.333 1593 4515
1032.33 1834 5163
963.333 1866 5247
1158 1138 3752
989.833 1530 4782
964.333 1895 5514
1139.33 1758 5247
1249.33 2003 5895
1344.5 1469 5041
1113.33 1791 5514
1257.5 1692 5514
971.333 1557 4782
611 1560 4109
824.333 1319 3933
818.833 1659 4866
1343.67 1457 4748
1375 1465 4957
1199 1437 4484
758.833 1369 4134
1257 1639 5046
695.333 1131 3078
1695 1866 5895
1133.33 1743 5163
551 1270 3377
1367 1332 4484
1918 1593 5071
1254 1388 4484
1216.67 1712 5163
986.333 1854 5247
1213 1718 5163
1109.33 1181 4192
812.333 1648 4398
1005.33 1248 3925
1216.33 1444 4573
1180.33 1714 5138
1375 1321 4484
1246 1677 5046
1228 1693 5046
1302 1349 4484
721 906 2636
1395.17 1648 5247
1343.33 1343 4665
789.333 1660 4398
1042.33 1498 4515
1201.33 2026 5895
965.333 1552 4398
1254.67 1711 5138
848.333 1376 4393
1086.33 1526 5041
1262 1655 5163
853.333 1030 3259
1110.33 1781 5247
1488 1682 5422
956.333 1285 4367
1156.33 1731 5163
1079.33 1557 5041
1011.33 1242 3933
942.333 1564 4490
1154.33 1740 5138
403.333 861 2230
1397 1437 4774
1102 1273 4100
942.333 1330 4393
868.333 1364 4309
569.333 1180 3162
1053.33 1787 5163
888.333 1337 4017
1107.33 1769 5163
1125.33 1753 5163
524.333 1424 3435
1065.33 1814 5514
1063.33 1527 4866
964 1023 3251
489.667 1073 2519
882.333 1711 5041
1031.33 1847 5514
783.333 1367 4017
937.333 1563 4398
1180.33 1480 5041
1550.5 1650 5514
840.333 1610 4515
544.333 919 2870
1024.33 1838 5163
1112.33 2130 5895
1076.33 1775 5163
1130.33 1503 4866
630.333 1214 3661
1100.33 1758 5138
917.333 1575 4782
1031.33 1227 3933
822.333 1626 4515
1432.5 1395 4690
495.333 970 2811
948.833 1578 4866
1074 1465 4398
617.333 1216 3518
1022 1853 5046
977 1512 4515
783.333 1095 3368
612.333 865 2343
1115.5 1276 4309
1021 892 2702
1276.33 1999 5895
1062.33 1553 4866
796.667 1088 3518
746.333 1704 4866
1058.33 1808 5247
1032.33 1574 5041
1134.33 1487 5041
1343.33 1951 5895
869.333 1597 4490
797.333 1065 3460
931.333 1922 5514
686.333 1414 4134
1168.33 2053 5895
928.333 1902 5247
544.333 874 2313
882.333 1916 5247
544.333 1245 3162
847.333 1401 4393
1378 1915 5895
912.833 1565 4515
793.333 1420 4393
1003.83 1877 5514
937.333 1641 5041
1164.33 2103 5895
499.333 965 2280
905.333 1904 5247
1730 1412 5041
1032.33 1841 5514
1247 1398 4484
1009.33 2198 5895
1104.33 1498 4782
1139.33 2104 5895
1191.33 2041 5895
563.333 1243 3543
1150.33 1740 5046
1173.33 1728 5046
698.333 1487 4393
1703 1436 4957
683 1421 3758
1099.5 1772 5163
1201.33 1451 4665
538.333 937 2694
542.333 926 2435
942.333 1285 3836
1511 1670 5422
1018.33 1274 4192
1181.33 1439 4484
753.333 1449 4367
1179.83 1739 5514
1283 1995 5895
1323.33 1982 5895
485.667 1092 2502
1224.33 2014 5895
1167 2082 5895
1014 1861 5514
718.333 1090 3162
1681.67 1889 5895
1501.67 1676 5422
1656 1457 5041


384 358 381
348 363 757
235.5 419 473
460 282 0
268 437 849
358 366 824
384 328 0
254.667 577 938
460 314 732
230 506 648
235.5 388 0
160 414 0
258 525 757
421 654 1431
485 620 1581
215.667 637 849
459 665 1472
541 574 1606
504 613 1405
348 330 0
230 604 732
564 899 2405
236.333 593 824
160 459 557
577 522 1581
539 593 1556
236.333 638 1381
722 897 2694
258 570 1314
528 563 1138
650 813 2255
215.667 682 1406
997 915 2811
496 616 1673
328.333 747 1962
577 1199 3259
495.333 970 2811
726 754 2255
813 700 2313
713 799 2405
687.333 1150 3017
719.667 1123 3251
678 805 2254
542 688 1695
778.333 1087 3192
322.333 736 1606
677 843 2405
758 757 2338
715 772 2430
609 847 2338
507 598 1498
769 753 2430
770 733 2430
612.333 865 2343
230 649 1289
471.333 1134 2962
758 749 2313
951 950 3162
493 1066 2895
899 995 3104
478.667 1101 2586
907 964 3078
334.333 729 2138
906 984 3078
495.333 925 2254
663 820 2313
1062 1196 3836
334.333 684 1581
403.333 861 2230
853.333 1030 3259
888 998 3012
309.333 749 1581
943 941 2987
965 927 2903
563.333 1243 3543
423.5 781 2163
1038 870 2987
837 1026 3162
703.667 1177 3719
711.333 1122 3167
1117 1157 3836
1171 1140 3810
987 916 3162
1021 892 2702
932 955 3162
783.333 1095 3368
1605 1473 4748
784.333 1069 3368
1237 1420 4484
707.5 899 2544
1023 1224 3810
695.333 1176 3635
962 929 2987
967 1268 3836
1158 1138 3752
791.333 1422 4367
1022 1230 3810
585.333 1200 3343
838 1006 3162
618.333 847 2519
693.333 1132 3193
757 722 1962
729.333 1103 2992
1084 1168 3752
692.333 1505 4217
546.167 1402 3435
1320 1346 4484
1008 1227 3752
912.333 1359 4367
1277 1043 3635
1231 1081 3836
548.333 908 2611
542.333 926 2435
783 1055 3162
856.333 1023 3251
939 1305 3810
1230 1101 3836
464.333 1134 2703
919 965 3104
538.333 937 2694
1300 1375 4484
1018.33 1274 4192
825.333 1418 4309
501.333 952 2987
476.333 972 2430
714.667 1159 3544
544.333 1245 3162
918 985 3104
718.333 1135 3719
1113.5 1308 4393
769 1073 3104
712.333 1153 3543
569.333 1180 3162
833 1042 3012
1055 1216 3752
682 1138 3012
925 1304 3752
1170 1466 4484
471.333 1089 2405
1033 1022 3368
1063 1176 3836
1222 1092 3635
569.333 1225 3719
823.333 1074 3544
454 1184 2812
987 1235 3836
706.333 1158 3460
1056 1196 3752
1221 1106 3660
501.333 907 2430
1709 1728 5338
831 1048 3012
894 906 2786
1211 1111 3836
544.333 874 2313
768 1093 3104
833.667 1419 4393
1348 1342 4484
686.333 1414 4134
974 1267 3810
698.333 1487 4393
630.333 1214 3661
1254 1388 4484
1665 1968 5895
746.333 1704 4866
1247 1398 4484
986 1255 3836
763.333 1459 4367
1415 1293 4484
565.333 910 2786
1598 2004 5895
1199.67 1300 4393
1699 1451 4774
857.667 1555 4665
663.667 1335 3933
1741 1723 5338
756.667 1591 4782
670 1455 4108
1302 1349 4484
946.333 1286 4108
1479 1741 5338
975.667 1835 5514
1513 1224 4217
787.333 1438 4217
656 1542 4025
944.5 1588 4782
758.833 1369 4134
796.667 1088 3518
924.667 1310 3925
659.667 1568 4192
667 1503 4083
842.333 1394 4217
1498 2059 5895
1198.5 1233 4217
969.667 1680 5041
593.333 1158 3285
840.667 1418 4367
1115.5 1276 4309
1028.67 1243 4192
484.667 1073 2703
454 1139 2255
969.667 1300 4367
765 1592 4866
1072.67 1573 5041
916.333 1309 3841
797.333 1065 3460
1473 1753 5046
1784 1376 4598
1124 1147 3810
949.333 1282 3933
1109.33 1181 4192
1698 1732 5247
957.667 1283 4017
910 1317 3836
1530 1731 5163
934.667 1338 4367
1136 1148 3836
1636 1445 4598
726.333 1105 3285
1735 1742 5422
848.333 1376 4393
1171 1459 4484
1279.67 1757 5514
1172 1456 4484
1245.33 1787 5514
565.333 1237 3260
1134.33 1487 5041
1740 1693 5163
1017.67 1623 5041
544.333 919 2870
939.333 1310 4016
551 1270 3377
672 1336 4017
641.333 1164 3460
1215.67 1448 4665
637.333 1213 3635
1927 1950 5895
1086.33 1526 5041
739.333 1102 3635
678.333 1456 4192
1956 1897 5895
855.333 1362 4367
984.333 1270 3933
1701 1419 4690
1888 1624 5163
1011.33 1242 3933
653.333 1448 4017
1768 1709 5514
705.333 1486 4367
1031.33 1227 3933
881.333 1329 4100
1856 1952 5895
1546 1464 4690
1769 1692 5422
1200 1428 4484
1644 1441 4573
721 906 2636
773.333 1088 3167
1219 1426 4484
1669 1747 5422
793.333 1420 4393
674.333 1160 3544
1076.33 1556 4782
1180.33 1480 5041
1770 1671 5422
1032.33 1529 4484
1831 1646 5046
916.333 1325 4309
855.333 1317 3810
985.333 1632 5041
892.333 1721 5041
811.333 1412 4192
1636 1459 5041
847.333 1401 4393
1375 1321 4484
904.333 1328 3841
1086.33 1481 4484
1301 1355 4484
1823 1664 5514
1001.33 1252 4100
1032.33 1574 5041
739.333 1057 3078
1246 1404 4484
527.667 1430 3260
1060 1207 3836
1180.33 1435 4484
1868 1635 5247
848.333 1331 3836
1590 2015 5895
1761 1703 5422
1783 1660 5046
1133.33 1508 5041
1864 1651 5422
1645 1990 5895
1911 1626 5338


268 437 849
230 506 648
384 358 381
384 328 0
539 593 1556
160 459 557
160 414 0
358 366 824
235.5 388 0
348 363 757
577 522 1581
235.5 419 473
460 282 0
541 574 1606
348 330 0
504 613 1405
459 665 1472
813 700 2313
758 749 2313
421 654 1431
258 525 757
528 563 1138
258 570 1314
230 604 732
236.333 593 824
496 616 1673
943 941 2987
215.667 637 849
564 899 2405
230 649 1289
769 753 2430
663 820 2313
542.333 926 2435
770 733 2430
647 781 2163
757 722 1962
650 813 2255
215.667 682 1406
507 598 1498
236.333 638 1381
726 754 2255
254.667 577 938
678 805 2254
322.333 736 1606
403.333 861 2230
965 927 2903
713 799 2405
460 314 732
894 906 2786
766.5 1684 4283
838 1006 3162
540 914 2280
795 1743 4840
659 1327 3635
837 1026 3162
309.333 749 1581
599.667 1579 4192
919 965 3104
554 1256 3343
621 1537 3991
334.333 684 1581
715 772 2430
731.667 1105 3162
758 1076 3012
727 1470 4108
485 620 1581
561 1247 3259
609 847 2338
539.667 1289 3460
951 950 3162
1094 1539 4484
548.333 908 2611
964 1023 3251
783 1055 3162
484 1066 2611
907 964 3078
1056 1196 3752
1168 1102 3635
472 1136 2786
986 1255 3836
718 910 2786
757 1097 3012
720 1479 4192
1273 1379 4484
1063 1176 3836
1136 1148 3836
1147 1135 3719
542 688 1695
833 1042 3012
932 955 3162
987 916 3162
1124 1147 3810
1117 1157 3836
1022 1230 3810
1038 870 2987
685 1289 3719
967 1268 3836
899 995 3104
1175 1200 3899
1199 1437 4484
1023 1224 3810
653.667 1383 3636
677 843 2405
910 1317 3836
703.667 1177 3719
758 757 2338
768 1093 3104
1231 1081 3836
1172 1456 4484
1084 1168 3752
1124 1487 4484
1062 1196 3836
962 929 2987
795 1588 4283
425 793 2163
769 1073 3104
950 1065 3460
1225 1410 4484
888 998 3012
1171 1140 3810
640.333 1190 3460
1008 1227 3752
1450 1265 4484
1460 1227 3933
578.667 1184 2992
1538 1181 4192
974 1267 3810
951 1056 3518
905 1334 3752
1277 1043 3635
1211 1111 3836
1252 1074 3544
1246 1404 4484
987 1235 3836
880.667 1386 4393
945.667 1320 4192
638.667 1474 3724
906 984 3078
742.667 1136 3544
796.667 1088 3518
714.667 1159 3544
731.667 1150 3719
860.667 1416 4393
617.333 1216 3518
788 1589 4309
969.667 1300 4367
1028.67 1243 4192
585.333 1200 3343
744 1613 4217
559.667 1280 3351
493 1066 2895
1515 1526 5041
840.667 1418 4367
1348 1342 4484
928 1075 3276
1254 1388 4484
1014.67 1267 4100
1221 1106 3660
719.667 1123 3251
682 1138 3012
1385 1285 4367
460.667 1210 2786
695 1486 4134
618.333 847 2519
741.667 1121 3543
1135.67 1506 4573
1277 1376 4393
997 915 2811
1300.67 1754 5422
868.667 1391 4367
503.667 926 2338
776.333 1734 4665
1115.5 1114 3551
734.333 1135 3460
849 1682 4515
501.333 952 2987
1371 1330 4393
751.333 1423 4192
707.5 899 2544
1305 1485 4690
593.333 1158 3285
1123 1496 4484
1200 1428 4484
973 1807 4957
814.333 1524 4309
495.333 970 2811
1374 1327 4484
464.333 1134 2703
1562 1508 5041
808 1580 4200
795 1722 4367
622 1328 3569
1171 1459 4484
544.333 919 2870
493 1021 2338
1165.67 1228 3841
942.5 892 2702
1100.67 1546 5041
1301 1351 4484
1047 1723 5041
882.333 1667 4782
980 1255 3752
328.333 747 1962
1060 1207 3836
1096 1515 4484
911 1297 3836
689.333 1146 3259
672 1336 4017
632.667 1233 3569
1197 1438 4484
1222 1092 3635
612.333 865 2343
1772 1343 4665
796.667 1598 4393
1511 1205 4108
992 1772 5041
983.667 1293 3991
918 985 3104
723.333 1104 3078
813.333 1711 4398
334.333 729 2138
723.333 1149 3635
999.333 1742 4957
861.667 1392 4393
1095 1521 4484
851.667 1549 4393
1307.67 1730 5514
1559 1503 4866
599.667 1548 3719
1235.5 1536 4866
1122.67 1521 4748
1036.67 1767 5041
544.333 874 2313
697.667 1147 3343
755 1776 4866
524.333 1424 3435
1684 1427 4957
718 1562 4192
1006.33 1266 4016
1563 1487 5041
1076 1700 4957
1467 1221 4017
711.333 1122 3167
915 1108 3543
998.333 1748 4957
852.333 1415 4309
940.333 1614 4665
471.333 1089 2405
454 1139 2255
1822 1641 5046
1375 1321 4484
1223.33 1843 5514
863.333 1649 4398
956 1558 4515
1768 1684 5514
538.333 937 2694
1536 1511 4957
872.333 1385 4309
1302 1349 4484
1743 1378 4665
1230 1101 3836
662 1458 3991
853.333 1030 3259
1866 1623 5422
926.667 1358 4192
1075 1709 4957
1609 1480 5041
495.333 925 2254
1297.33 1522 4957
687.333 1150 3017
619.667 1570 4083
1151.67 1508 4748
879.667 1700 4866
1219 1426 4484
1247 1398 4484
857 1712 4782
871.667 1362 4192
1637 1463 4840
853.333 1391 4309
1067 1880 5247
1158 1138 3752
883.5 1121 3635
1395 1304 4484
876.333 1142 3577
1367 1332 4484
1678 1398 4665
1344 1502 4840
1672 1393 4573
1196.33 1534 4840
1115.5 1276 4309
900.333 1082 3284
913 1639 4398
1170 1480 4484
1629 1466 4957
1201.33 1506 4665
706.333 1158 3460
1143 1485 4484
1796 1670 5514
1365.33 1396 4489
839.667 1438 4367
1017 1572 4665
1847 1947 5895
1797 1649 5514
958 1629 4840
1592 1469 4840
2024 1841 5895
1906.5 1847 5895
972 1813 4957
950.333 1950 5514
1692.5 1701 5338
1901 1916 5895
1309 1022 3368
931 1583 4573
1771 1670 5422
1247 1503 4748
920.333 1557 4398
1324 1432 4573
901 1658 4665
1770 1680 5514
1865 1624 5422
632.333 1518 3908
1390 1320 4393
1352 1404 4573
1276 1463 4573
934.667 1338 4367
650 1455 3641
965.333 1552 4398
1859 1593 5046
1348 1422 4748
1248 1491 4573
758.833 1369 4134
1703 1704 5514


504 613 1405
235.5 419 473
384 328 0
358 366 824
268 437 849
160 414 0
258 570 1314
460 314 732
384 358 381
160 459 557
215.667 637 849
421 654 1431
348 363 757
348 330 0
230 649 1289
496 616 1673
650 813 2255
236.333 593 824
726 754 2255
230 604 732
541 574 1606
528 563 1138
962 929 2987
485 620 1581
230 506 648
539 593 1556
236.333 638 1381
507 598 1498
899 995 3104
577 522 1581
460 282 0
334.333 729 2138
254.667 577 938
564 899 2405
758 757 2338
334.333 684 1581
1109.33 1181 4192
769 1073 3104
459 665 1472
403.333 861 2230
215.667 682 1406
235.5 388 0
919 965 3104
713 799 2405
663 820 2313
770 733 2430
907 964 3078
987 916 3162
715 772 2430
258 525 757
757 722 1962
813 700 2313
769 753 2430
823.333 1074 3544
831 1048 3012
1008 1227 3752
678 805 2254
1060 1207 3836
609 847 2338
758 749 2313
602 1168 3259
617.333 1216 3518
838 1006 3162
309.333 749 1581
328.333 747 1962
951 950 3162
722 897 2694
918 985 3104
677 843 2405
1231 1081 3836
544.333 874 2313
544.333 919 2870
471.333 1134 2962
718.333 1135 3719
1211 1111 3836
682 1138 3012
493 1066 2895
965 927 2903
906 984 3078
713 1131 3079
542 688 1695
1158 1138 3752
974 906 2786
783 1055 3162
1230 1101 3836
1038 870 2987
538.333 937 2694
712.333 1153 3543
501.333 907 2430
1033 1022 3368
911 1297 3836
618.333 847 2519
1124 1147 3810
1117 1157 3836
1225 1410 4484
612.333 865 2343
501.333 952 2987
1221 1106 3660
1277 1376 4393
1349.33 1476 4782
495.333 970 2811
1095 1521 4484
454 1184 2812
1171 1140 3810
1368 1312 4484
1023 1224 3810
1022 1230 3810
986 1256 3836
1415 1293 4484
693 1161 3079
1096 1515 4484
1464.33 1715 5514
1001.33 1252 4100
565.333 910 2786
1094 1525 4484
1367 1332 4484
943 941 2987
1084 1168 3752
932 955 3162
1062 1197 3836
1439.33 1405 4665
563.333 1243 3543
1254 1388 4484
926.333 1307 4108
569.333 1225 3719
423.5 781 2163
837 1026 3162
753.333 1449 4367
1246 1404 4484
855.333 1362 4367
833 1042 3012
1301 1351 4484
987 1235 3836
739.333 1102 3635
1345.33 1460 4665
830.333 1056 3518
1488.33 2041 5895
1056 1196 3752
888 998 3012
1548 1663 5046
1273 1379 4484
858.333 1347 4192
1384.33 1454 4665
1063 1176 3836
967 1268 3836
1363.33 1772 5514
1277 1043 3635
1589.33 1964 5895
956.333 1285 4367
637.333 1213 3635
1629 1450 5041
484.667 1073 2703
1055 1216 3752
1136 1148 3836
1200 1428 4484
1042.33 1567 4840
1124 1487 4484
1719 1372 4573
1236.67 2207 5895
1628 1470 5041
471.333 1089 2405
1320.33 1768 5163
1632.33 1593 5163
1222 1092 3635
778.333 1087 3192
953.333 1827 5041
1163.33 2241 5895
544.333 1245 3162
1601 1450 4690
784.333 1069 3368
1139.33 1925 5514
1234.33 1845 5514
1576.33 1639 5138
1186.33 1888 5514
1066.33 1555 4748
495.333 925 2254
1120.33 1930 5514
894.333 1786 4757
1167.33 1923 5514
1738 1388 4598
985.333 1632 5041
1316.67 1804 5514
635.333 1182 3284
1327.33 1471 4515
757.333 1441 4016
852.333 1365 4016
1171 1459 4484
1123 1496 4484
630.333 1214 3661
1288.67 1827 5514
548.333 908 2611
739.333 1057 3078
1884 1624 5422
641.333 1164 3460
1086.33 1555 5041
322.333 736 1606
1036.33 2008 5514
995.333 1270 3924
846.333 1823 4757
763.333 1423 4192
1641 1429 4748
705.333 1486 4367
1320.33 2134 5895
1302 1349 4484
916.333 1325 4309
1085.33 1965 5514
706.333 1139 3251
842.333 1398 4217
1020.33 2020 5138
1247 1398 4484
569.333 1180 3162
714.333 1122 3078
1672.33 1898 5895
454 1139 2255
1700.33 1866 5895
1541.33 2003 5895
1395.33 1744 5247
1578.33 1636 5163
1021 892 2702
1818 1633 5422
1172 1456 4484
853.333 1030 3259
847.333 1401 4393
984.333 1641 5041
1400.5 1722 5514
773.333 1088 3167
695.333 1176 3635
1602 1477 5041
848.333 1380 4393
1514.33 2030 5895
1073.33 1881 5221
902.333 1359 4367
1744 1678 5422
1318.33 2147 5895
1039.33 1542 4573
1636.33 1931 5895
1511.33 1708 5514
845.333 1391 4016
1790 1661 5422
899.333 1684 4840
841.333 1419 4217
900.333 1747 4866
1319.33 1783 5163
1494.33 1698 5163
1084.33 1971 5514
1564.33 1654 5046
1338.33 1462 4665
476.333 972 2430
953 1802 4957
1296 1367 4393
718.333 1090 3162
1232.33 1812 5422
1133.33 1508 5041
1134.33 1487 5041
845.333 1386 3924
1461.33 1721 5247
851.333 1368 4100
793.333 1375 3836
753.333 1404 3810
1450 1265 4484
1032.33 1559 4484
1605 1473 4748
848.333 1335 3836
902.333 1314 3810
793.333 1420 4393
1183.33 1874 5247
1440.33 2080 5895
1395 1304 4484
728.333 1469 3810
903.333 1597 4866
984.333 1596 4484
1112.33 1508 4573
1219 1426 4484
1202.33 1868 5247
542.333 926 2435
1674 1417 4774
1516.67 2008 5895
946.333 1286 4108
1885 1594 5422
693.333 1155 3162
1348 1342 4484
1103.33 1534 4782
812.333 1392 4042
1180.33 1480 5041
1174.33 1804 5221
1367.33 2098 5895
1565 1658 5221
1133.33 1463 4484
1506.33 1709 5338
847.333 1356 3836
1441.67 2074 5895
1345.33 1703 5221
1032.33 1574 5041
787.333 1438 4217
1180.33 1435 4484
1385.33 1771 5338
1264.33 2164 5895
956.333 1240 3810
806.333 1410 3866
1515.67 2015 5895
1391 1300 4393
1185.33 1476 4748


348 330 0
384 358 381
235.5 419 473
268 437 849
358 366 824
507 598 1498
160 414 0
421 654 1431
348 363 757
460 314 732
485 620 1581
235.5 388 0
496 616 1673
541 574 1606
258 570 1314
678 805 2254
258 525 757
423.5 781 2163
677 843 2405
528 563 1138
539 593 1556
236.333 593 824
650 813 2255
230 506 648
384 328 0
713 799 2405
769 753 2430
504 613 1405
757 722 1962
471.333 1089 2405
460 282 0
160 459 557
715 772 2430
254.667 577 938
577 522 1581
962 929 2987
459 665 1472
907 964 3078
987 916 3162
770 733 2430
569.333 1180 3162
758 757 2338
334.333 684 1581
230 604 732
813 700 2313
322.333 736 1606
609 847 2338
853.333 1030 3259
309.333 749 1581
215.667 637 849
236.333 638 1381
230 649 1289
899 995 3104
906 984 3078
758 749 2313
542 688 1695
726 754 2255
831 1048 3012
1021 892 2702
997 915 2811
1123 1496 4484
215.667 682 1406
1241 1095 3660
707.5 899 2544
767.5 1379 4108
403.333 861 2230
919 965 3104
943 941 2987
334.333 729 2138
911 1297 3836
1277 1043 3635
965 927 2903
823.333 1074 3544
951 950 3162
1038 870 2987
932 955 3162
663 820 2313
618.333 847 2519
1211 1111 3836
1033 1022 3368
837 1026 3162
544.333 874 2313
544.333 919 2870
783 1055 3162
559.667 1280 3351
967 1268 3836
454 1139 2255
501.333 952 2987
738.333 1117 3343
1008 1227 3752
1260.5 1881 5514
888 998 3012
833 1042 3012
848.333 1335 3836
1198.5 1233 4217
1136 1148 3836
769 1073 3104
1117 1157 3836
1056 1196 3752
870.667 1915 4690
1036 1226 3752
1221 1106 3660
602 1168 3259
499.333 965 2280
1055 1216 3752
1060 1207 3836
1385.5 1438 4690
454 1184 2812
918 985 3104
569.333 1225 3719
493 1066 2895
1171 1140 3810
1124 1147 3810
987 1235 3836
838 1006 3162
1109.33 1181 4192
682 1138 3012
471.333 1134 2962
1374 1327 4484
328.333 747 1962
754 897 2694
713 1131 3079
674.333 1160 3544
564 899 2405
714.667 1159 3544
986 1255 3836
1017.33 1261 3991
985.333 1628 5041
811.333 1412 4192
1450 1265 4484
565.333 910 2786
1230 1101 3836
910.333 1327 3933
718.333 1135 3719
797.333 1065 3460
721 906 2636
956.333 1285 4367
739.333 1102 3635
1415 1293 4484
1253.33 1757 5046
1676 1431 5041
637.333 1213 3635
891.333 1361 3899
830.333 1056 3518
902.333 1359 4367
847.333 1401 4393
862.333 1720 4573
1273 1379 4484
1201.33 1451 4665
1296.33 1386 4665
848.333 1380 4393
1216.33 1445 4573
630.333 1214 3661
766.333 1430 4017
929.333 1681 5041
746.333 1488 3841
1390 1324 4393
548.333 908 2611
1043.33 1239 3991
1133.33 1508 5041
476.333 972 2430
867.333 1377 3991
501.333 907 2430
718.333 1090 3162
1022 1230 3810
892.333 1687 4840
939.333 1310 4016
739.333 1057 3078
1359.33 1669 5163
1032.33 1574 5041
986.333 1264 3925
1062 1201 3836
1206 1422 4484
1002.33 1609 4782
753.333 1449 4367
1225 1410 4484
1086.33 1555 5041
937.333 1641 5041
1684 1430 5041
793.333 1420 4393
942.333 1330 4393
1395 1304 4484
946.333 1286 4108
1730 1412 5041
1222 1092 3635
1084 1168 3752
956.333 1240 3810
882.333 1694 4484
882.333 1739 5041
1246 1404 4484
544.333 1245 3162
1063 1176 3836
793.333 1375 3836
1301 1351 4484
869.333 1323 3752
662.333 1167 3012
1327.33 1700 5046
1096.33 1905 5514
1180.33 1435 4484
937.333 1596 4484
1348 1342 4484
1272.33 1750 5514
985.333 1583 4484
1776 1700 5514
1320.33 1713 5514
1032.33 1529 4484
753.333 1404 3810
929.333 1636 4484
1068.33 1549 4840
847.333 1356 3836
1180.33 1480 5041
1133.33 1463 4484
903.333 1358 3841
910 1317 3836
1743 1692 5422
902.333 1314 3810
693.333 1155 3162
974 906 2786
1086.33 1510 4484
1163.33 1469 4840
1910 1593 5514
1603 1476 4865
1657 1449 4957
1918 1592 5514
1343.33 1343 4665
1432.5 1395 4690
1450.33 1606 5046
728.333 1469 3810
1906 1555 5046
1649 1455 4957
868.333 1364 4309
1964 1574 5514
619.667 1570 4083
1539.5 1658 5071
833.667 1374 3836
1684 1427 4957
1011.33 1242 3933
1031.33 1227 3933


160 459 557
460 282 0
235.5 419 473
384 358 381
215.667 682 1406
254.667 577 938
504 613 1405
358 366 824
460 314 732
539 593 1556
384 328 0
528 563 1138
230 506 648
471.333 1089 2405
268 437 849
507 598 1498
348 363 757
965 927 2903
813 700 2313
541 574 1606
485 620 1581
160 414 0
348 330 0
258 525 757
757 722 1962
236.333 593 824
677 843 2405
230 649 1289
334.333 729 2138
230 604 732
577 522 1581
650 813 2255
726 754 2255
707.5 899 2544
421 654 1431
540 914 2280
1136 1148 3836
647 781 2163
235.5 388 0
493 1066 2895
1124 1147 3810
542 688 1695
560.667 1396 3377
769 753 2430
758 757 2338
652.5 960 2987
942.5 892 2702
678 805 2254
425 793 2163
894 906 2786
838 1006 3162
236.333 638 1381
682 1138 3012
987 916 3162
770 733 2430
454 1139 2255
609 847 2338
831 1048 3012
757 1097 3012
899 995 3104
943 941 2987
496 616 1673
663 820 2313
951 950 3162
936.333 1030 3259
932 955 3162
907 964 3078
919 965 3104
738.667 952 2987
715 772 2430
1206 1422 4484
618.333 847 2519
974 1267 3810
1012 1596 4484
1395 1304 4484
493 1021 2338
856 1346 3836
967 1268 3836
918 985 3104
564 899 2405
1147 1135 3719
906 984 3078
758 749 2313
1023 1224 3810
215.667 637 849
758 1076 3012
783 1055 3162
1230 1101 3836
891 1122 3635
718 910 2786
1221 1106 3660
833 1042 3012
713 1131 3079
962 929 2987
768 1093 3104
987 1235 3836
1211 1111 3836
693 1161 3079
1038 870 2987
1277 1043 3635
713 799 2405
309.333 749 1581
258 570 1314
459 665 1472
1222 1092 3635
1033 1022 3368
997 915 2811
769 1073 3104
1151 1471 4484
1450 1265 4484
586 1117 2904
1056 1196 3752
951 1056 3518
1055 1216 3752
1071.83 1745 4866
837 1026 3162
1084 1168 3752
1008 1227 3752
950 1065 3460
1511 1205 4108
1126.83 1696 4866
1115.5 1114 3551
1171 1140 3810
1063 1176 3836
1022 1230 3810
403.333 861 2230
1168 1102 3635
322.333 736 1606
986 1255 3836
334.333 684 1581
721 1245 3719
538.333 937 2694
1385 1285 4367
625 999 2987
836 1376 3836
1538 1181 4192
796.667 1088 3518
721 906 2636
682 1363 3636
563.333 1198 2986
964 1023 3251
593.667 1093 2904
532.333 926 2338
621.667 1070 2904
852.333 1415 4309
544.333 1245 3162
1247 1398 4484
766.333 1448 4192
1150.33 1552 4840
695.333 1176 3635
1124 1487 4484
1276.83 1585 4866
1581 1512 5041
723.333 1149 3635
1196.33 1544 4840
823.333 1074 3544
1371 1330 4393
1057 1779 5041
1117 1157 3836
888 998 3012
665 1198 3053
695.333 1131 3078
1069.83 1755 4866
1103 1771 5041
1094 1525 4484
783 1672 4284
551.333 915 2430
1510.5 1499 4957
986.667 1709 4782
734.333 1135 3460
904.333 1376 4367
962.333 1363 3933
1263.33 1496 4840
1062 1196 3836
519.333 939 2313
612.333 865 2343
1047 1558 4484
1171 1459 4484
1320 1346 4484
721 1711 3908
1255.33 1491 4665
1222.33 1877 5514
1274.33 1482 4665
1225 1410 4484
1048.33 1661 4665
910 1317 3836
1164.83 1674 4866
617.333 1216 3518
855 1371 3836
706.333 1158 3460
968.333 1355 4016
1060 1207 3836
937 1675 4484
511.333 913 2255
1001 1376 4393
454 1184 2812
1609 1480 5041
1348 1342 4484
1254 1388 4484
850 1521 4393
489.667 1073 2519
1232.33 1829 5046
1125.33 1565 4665
1235.33 1490 4489
1115.5 1276 4309
896.333 1406 3841
471.333 1134 2962
994.333 1684 4690
905 1334 3752
1021 1594 4484
1197 1438 4484
605.667 1450 3610
980 1255 3752
1592 1469 4840
1684 1430 5041
1075 1530 4484
719.667 1123 3251
1246 1404 4484
544.333 919 2870
1378.33 1718 5221
1508 1535 4957
1629 1469 5041
1200.33 1540 4665
1645 1444 4573
1296 1367 4393
544.333 874 2313
1502 1233 4217
328.333 747 1962
1028.67 1243 4192
731.667 1150 3719
703.667 1132 3162
1672 1393 4573
1301 1351 4484
597 1078 2962
1200 1428 4484
1467 1221 4017
969.667 1300 4367
1461.33 1992 5895
742.667 1136 3544
1081.33 1619 4782
1773 1678 5422
1025.33 1677 4757
1330.33 1756 5221
495.333 970 2811
1365.33 1396 4489
1096 1515 4484
1654 1447 4774
1808.5 1606 5046
1279.33 1818 5514
911 1297 3836
1310.33 1435 4489
1273 1379 4484
1591.33 1944 5895
1437.33 1665 5046
1307 1574 5041
731.667 1105 3162
1251.33 1841 5514
1258.33 1503 4782
1911 1610 5338
563.333 1243 3543
1506 1554 5041
1725 1386 4665
1194 1630 5041
1462.33 1656 5221
920.333 1733 4690
1194.33 1890 5514
1098.83 1719 4866
1271.33 1489 4840
1429.33 1707 5514
1052.33 1666 4782
1006 1699 4774
1123 1499 4484
1011 1602 4484
1170 1466 4484
722 897 2694
1653 1445 4690
1050.33 1659 4690
1487 1563 5041
1657 1449 4957
653.667 1383 3636
1456.33 1656 5046
1772 1343 4665
969.333 1741 4757
983.667 1293 3991
1629 1466 4957
1425.33 1685 5221
1180.33 1539 4489
1191.83 1658 4866
622 1328 3569
1248.33 1812 5221
1262.33 1473 4489
1172 1456 4484
1797 1653 5514
1766 1692 5247
1460 1227 3933
1221.33 1866 5046
1129 1723 5041
1000 1400 4393
1230.33 1535 4782
1232.33 1833 5071
692.333 1170 3053
1203.33 1542 4782
1546.33 1613 5221
791.333 1422 4367
1231 1081 3836
668.333 1178 3368
1120.33 1949 5514
1601 1501 5041
1390 1320 4393
1158 1138 3752
1139 1679 5041
814 1551 4393
1232 1616 5041
495.333 925 2254
1381.33 1710 5046
986 1733 4774
1730 1412 5041
1165 1665 5041
994 1698 4748
1585 1497 4866
1736 1395 4690
1649 1455 4957
646 1407 3636
1613 1470 4866
1149.33 1892 5514
1364.33 1736 5163
860.667 1416 4393
1302.33 1449 4665
1415 1293 4484
1656 1457 5041
851 1487 4393
1515 1526 5041
1095.33 1591 4840
1199 1437 4484
1212 1627 5041
1143 1287 4367
723.333 1104 3078
1216 1607 4866
1582 1507 5041
1605 1471 4866
896 1759 4866
1676 1431 5041
1678 1398 4665
1455.5 1538 4957
731 1465 4017
1407.33 1695 5221
1124.33 1578 4489
1175 1200 3899
852.333 1370 3752
486.333 978 2255
1303.33 1763 5221
634.333 1208 3284
977.333 1734 4757
1377.33 2058 5895
1319.33 1796 5514
1208.33 1492 4489
1201.33 1506 4665
1293 1461 4748
1374.33 1747 5514
1582.33 1954 5895
712.333 1153 3543
1276.33 1775 5221
1452.33 2033 5895
1602.33 1913 5895
1267 1588 5041
1295.83 1576 4866
1224.33 1867 5514
1081 1662 4774
1143 1485 4484
1500.33 1970 5895
1603 1476 4865
1408.5 1557 4957
1346.33 1774 5514
633.5 971 2895
1448.33 1698 5514
1207.33 1875 5138
1648.33 1887 5895


235.5 419 473
348 363 757
235.5 388 0
258 525 757
460 282 0
358 366 824
160 459 557
384 358 381
348 330 0
160 414 0
268 437 849
384 328 0
230 506 648
932 955 3162
539 593 1556
334.333 684 1581
460 314 732
254.667 577 938
236.333 593 824
215.667 637 849
504 613 1405
769 753 2430
899 995 3104
528 563 1138
459 665 1472
423.5 781 2163
496 616 1673
485 620 1581
236.333 638 1381
757 722 1962
541 574 1606
215.667 682 1406
230 649 1289
713 799 2405
754 897 2694
258 570 1314
322.333 736 1606
715 772 2430
403.333 861 2230
577 522 1581
309.333 749 1581
758 757 2338
770 733 2430
1221 1106 3660
1222 1092 3635
758 749 2313
888 998 3012
478.667 1101 2586
997 915 2811
987 916 3162
677 843 2405
421 654 1431
1230 1101 3836
678 805 2254
1033 1022 3368
1062 1196 3836
918 985 3104
1395 1304 4484
783 1055 3162
564 899 2405
726 754 2255
542 688 1695
609 847 2338
1038 870 2987
507 598 1498
965 927 2903
650 813 2255
906 984 3078
769 1073 3104
837 1026 3162
1629 1469 5041
813 700 2313
1450 1265 4484
471.333 1134 2962
460.667 1210 2786
674.333 1160 3544
1109.33 1181 4192
831 1048 3012
542.333 926 2435
548.333 908 2611
1277 1043 3635
544.333 919 2870
501.333 907 2430
230 604 732
464.333 1134 2703
838 1006 3162
1117 1157 3836
544.333 1245 3162
569.333 1180 3162
962 929 2987
919 965 3104
713 1131 3079
1211 1111 3836
1022 1230 3810
830.333 1056 3518
501.333 952 2987
663 820 2313
1083 1188 3752
1158 1138 3752
1348 1342 4484
682 1138 3012
1199.67 1300 4393
602 1168 3259
1021 892 2702
618.333 847 2519
476.333 972 2430
1018.33 1274 4192
577 1199 3259
1254 1388 4484
1084 1168 3752
471.333 1089 2405
967 1268 3836
334.333 729 2138
943 941 2987
853.667 1371 4108
1198.5 1233 4217
707.5 899 2544
1023 1224 3810
823.333 1074 3544
907 964 3078
1113.5 1308 4393
910 1317 3836
987 1235 3836
706.333 1158 3460
866.333 1890 4757
668.333 1640 4192
1055 1216 3752
1172 1456 4484
493 1066 2895
559.667 1280 3351
911 1297 3836
1231 1081 3836
1056 1196 3752
484 1066 2611
612.333 865 2343
833 1042 3012
569.333 1225 3719
1301 1355 4484
1008 1227 3752
974 1267 3810
563.333 1243 3543
758 1076 3012
787.667 1791 4406
538.333 937 2694
848.667 1726 4489
980 1255 3752
1410.67 1477 5041
897.333 1337 4192
1368 1312 4484
1367 2042 5895
721 906 2636
1432.5 1395 4690
796.667 1088 3518
328.333 747 1962
985.333 1628 5041
1206 1422 4484
1126.5 1762 5163
936.333 1348 4217
634.333 1208 3284
848.333 1376 4393
986 1256 3836
1115.5 1276 4309
1071.33 1553 5041
1343.33 1343 4665
783.333 1367 4017
1131.33 1493 4774
1035 1570 4866
767.667 1800 4515
842.333 1394 4217
942.333 1330 4393
797.333 1065 3460
847.333 1401 4393
1032.33 1239 3841
718.333 1135 3719
783.333 1095 3368
763.333 1423 4192
741 1479 4109
1296.33 1386 4665
1038.33 1221 4017
902.333 1359 4367
718.333 1090 3162
1385.5 1438 4690
1172.33 1470 4573
853.667 1544 4665
984.333 1881 5046
1402.33 1996 5895
738.333 1117 3343
1321.33 1696 5514
948.833 1578 4866
940.333 1654 5041
1171 1140 3810
617.333 1216 3518
1246 1419 4484
793.333 1420 4393
1180.33 1480 5041
692.333 1505 4217
712.333 1153 3543
882.333 1711 5041
767.5 1379 4108
852.333 1365 4016
565.333 910 2786
791.333 1422 4367
495.333 970 2811
858.333 1347 4192
949.333 1282 3933
1273 1379 4484
630.333 1214 3661
689.333 1146 3259
942.333 1285 3836
640.333 1190 3460
1180.33 1435 4484
637 1489 3991
853.333 1030 3259
726.333 1105 3285
1124 1147 3810
1150.33 2104 5895
787.333 1438 4217
1082.33 1542 4866
1136 1148 3836
1062.33 1548 4866
454 1139 2255
1124.33 1521 4690
1133.33 1508 5041
1019.67 1767 5514
1211.33 1765 5514
1578.33 1870 5895
1730 1412 5041
1125.33 1511 4598
1086.33 1481 4484
1056.33 1566 4690
1268.33 1745 5422
539.667 1289 3460
1225.33 1447 4774
1005.33 1248 3925
698.333 1487 4393
848.333 1331 3836
902.333 1314 3810
544.333 874 2313
1397 1437 4774
1086.33 1526 5041
933 1631 4840
1367 1332 4484
637.333 1213 3635
925.333 1333 4108
809 1769 4573
635.333 1182 3284
641.333 1164 3460
1026 1539 4489
695.333 1176 3635
1034.33 1617 5041
1133.33 1463 4484
825.333 1418 4309
833.667 1419 4393
886.333 1660 4866
1060 1207 3836
1130.33 1503 4866
484.667 1073 2703
1017.33 1261 3991
1676 1431 5041
856.333 1023 3251
1216.33 1444 4573
784.333 1069 3368
1232.33 1707 5247
1015.33 1627 5041
1656 1457 5041
830.333 1399 4192
1219.33 1416 4398
1415 1293 4484
923.333 1307 3841
1464.33 1601 5422
1081 1191 3836
894 906 2786
880.333 1678 4690
931.333 1644 4840
1413.33 1620 5247
1029.33 1575 4774
1871 1635 5514
1112.33 1508 4573
1657 1449 4957
1287.33 1743 5422
1375 1465 4957
951 950 3162
878.333 1340 4108
753.333 1449 4367
1407.33 1638 5071
495.333 925 2254
881.333 1329 4100
1105.33 1524 4774
904.333 1328 3841
1152.33 1485 4690
687.333 1150 3017
773.333 1088 3167
1684 1427 4957
693.333 1132 3193
921.333 1664 5041
855.333 1362 4367
684.833 1414 4108
1201.33 1451 4665
778.333 1087 3192
956.333 1285 4367
868.333 1319 3752
1475.33 1916 5895
1100 1179 3836
938.667 2093 5247
1684 1430 5041
706.333 1139 3251
986.333 1264 3925
1011.33 1242 3933
1368.33 1653 5514
739.333 1102 3635
680.667 1346 3991
1698.33 1763 5895


460 282 0
348 363 757
384 328 0
160 414 0
160 459 557
528 563 1138
504 613 1405
235.5 419 473
235.5 388 0
460 314 732
348 330 0
564 899 2405
230 506 648
384 358 381
358 366 824
541 574 1606
769 753 2430
268 437 849
254.667 577 938
539 593 1556
258 525 757
577 522 1581
421 654 1431
677 843 2405
215.667 682 1406
215.667 637 849
496 616 1673
757 722 1962
403.333 861 2230
715 772 2430
951 950 3162
499.333 965 2280
770 733 2430
507 598 1498
322.333 736 1606
813 700 2313
485 620 1581
258 570 1314
423.5 781 2163
230 604 732
758 749 2313
328.333 747 1962
542 688 1695
459 665 1472
236.333 593 824
1021 892 2702
726 754 2255
974 906 2786
726.333 1105 3285
309.333 749 1581
899 995 3104
230 649 1289
236.333 638 1381
334.333 684 1581
1117 1157 3836
678 805 2254
907 964 3078
906 984 3078
965 927 2903
838 1006 3162
919 965 3104
650 813 2255
831 1048 3012
1171 1140 3810
943 941 2987
609 847 2338
682 1138 3012
783 1055 3162
769 1073 3104
663 820 2313
334.333 729 2138
703.667 1177 3719
484.667 1073 2703
1151 1471 4484
687.333 1150 3017
693.333 1132 3193
987 916 3162
888 998 3012
618.333 847 2519
1036 1226 3752
1206 1422 4484
565.333 910 2786
918 985 3104
758 757 2338
713 799 2405
1124 1147 3810
1056 1196 3752
637.333 1168 3078
964 1023 3251
1230 1101 3836
833.667 1419 4393
693.167 1415 4192
1063 1176 3836
833 1042 3012
967 1268 3836
987 1235 3836
501.333 907 2430
1254 1409 4484
476.333 972 2430
501.333 952 2987
1062 1196 3836
1211 1111 3836
1055 1216 3752
641.333 1164 3460
1171 1460 4484
1156 1150 3836
640.333 1190 3460
997 915 2811
837 1026 3162
797.333 1065 3460
1032.33 1600 5041
962 929 2987
1038 870 2987
1273 1379 4484
1199 1437 4484
1028.67 1243 4192
493 1066 2895
1123 1496 4484
916.333 1325 4309
1301 1351 4484
1225 1410 4484
495.333 925 2254
637.333 1213 3635
739.333 1057 3078
932 955 3162
739.333 1102 3635
848.333 1376 4393
544.333 919 2870
823.333 1074 3544
825.333 1418 4309
1320 1346 4484
667 1503 4083
1031.33 1227 3933
698.333 1487 4393
937.333 1641 5041
1008 1227 3752
985.333 1628 5041
793.333 1420 4393
1084 1168 3752
818.333 1391 4134
1299.33 1949 5895
1086.33 1510 4484
705.333 1486 4367
544.333 874 2313
1153 2079 5895
1023.33 1588 4690
1040.33 1588 4782
956.333 1240 3810
1025.67 1828 5221
617.333 1216 3518
630.333 1214 3661
612.333 865 2343
756.667 1591 4782
879 1972 5138
1130.33 1503 4866
1022 1230 3810
1231 1081 3836
946.333 1286 4108
712.333 1153 3543
538.333 937 2694
901 1853 5514
1103.33 1530 4782
548.333 908 2611
714.667 1159 3544
695.333 1176 3635
1470 1708 5422
984.333 1270 3933
853.333 1030 3259
751.667 1721 4464
569.333 1225 3719
684.833 1414 4108
718.333 1135 3719
495.333 970 2811
1086.33 1555 5041
630.333 1169 3104
956.333 1285 4367
692.333 1505 4217
471.333 1134 2962
721 906 2636
773.333 1088 3167
812.333 1409 3958
542.333 926 2435
1048.67 1589 4866
868.333 1319 3752
670 1455 4108
569.333 1180 3162
1390 1324 4393
1367 1342 4484
942.333 1285 3836
1174.67 2057 5895
674.333 1160 3544
454 1184 2812
945.667 1320 4192
544.333 1245 3162
1222 1092 3635
1274.33 1639 5046
1018.33 1274 4192
942.333 1330 4393
1277 1043 3635
753.333 1449 4367
706.333 1158 3460
842.333 1394 4217
635.333 1182 3284
840.667 1418 4367
904.333 1328 3841
563.333 1243 3543
916.333 1280 3752
718.333 1090 3162
1172 1698 5221
1063.33 1535 4665
1471 1669 5422
1050 1735 5514
902.333 1314 3810
1158 1138 3752
1201.33 1451 4665
765 1592 4866
902.333 1359 4367
1033 1022 3368
986 1258 3836
678.333 1456 4192
711.333 1122 3167
1109.33 1181 4192
754 897 2694
454 1139 2255
471.333 1089 2405
1221 1106 3660
1072.67 1573 5041
934.667 1338 4367
876 1543 4665
1021.33 1245 4016
783.333 1095 3368
1623 1939 5895
830.333 1056 3518
1343.33 1343 4665
1076.33 1556 4782
1198.5 1233 4217
787.333 1438 4217
1124.33 1521 4690
663.667 1335 3933
913.333 1331 4042
839.333 1383 3958
1011.33 1242 3933
845.333 1365 4134
811.333 1412 4192
464.333 1134 2703
1133.33 1508 5041
1450 1265 4484
1136 1152 3836
1395 1304 4484
848.333 1331 3836
707.5 899 2544
911 1297 3836
1065.33 1553 4748
858.333 1347 4192
1181.33 1484 5041
855.333 1362 4367
1684 1430 5041
1115.5 1276 4309
1415 1293 4484
1197 1438 4484
563 1286 3176
1676 1431 5041
1163.33 1469 4840
585.333 1200 3343
577 1199 3259


358 366 824
268 437 849
230 604 732
235.5 419 473
460 314 732
160 459 557
496 616 1673
160 414 0
348 330 0
460 282 0
541 574 1606
384 358 381
384 328 0
235.5 388 0
348 363 757
236.333 593 824
322.333 736 1606
236.333 638 1381
899 995 3104
577 522 1581
258 570 1314
853.333 1030 3259
485 620 1581
507 598 1498
528 563 1138
230 649 1289
539 593 1556
258 525 757
215.667 682 1406
504 613 1405
650 813 2255
770 733 2430
987 916 3162
609 847 2338
678 805 2254
334.333 684 1581
230 506 648
421 654 1431
459 665 1472
758 749 2313
919 965 3104
215.667 637 849
758 757 2338
962 929 2987
813 700 2313
334.333 729 2138
726 754 2255
254.667 577 938
677 843 2405
1021 892 2702
943 941 2987
918 985 3104
769 753 2430
715 772 2430
309.333 749 1581
501.333 907 2430
757 722 1962
974 906 2786
559.667 1280 3351
564 899 2405
328.333 747 1962
403.333 861 2230
569.333 1225 3719
618.333 847 2519
987 1235 3836
1117 1157 3836
501.333 952 2987
471.333 1089 2405
542 688 1695
548.333 908 2611
838 1006 3162
713 799 2405
907 964 3078
493 1066 2895
783 1055 3162
754 897 2694
769 1073 3104
1230 1101 3836
932 955 3162
663 820 2313
544.333 1245 3162
906 984 3078
951 950 3162
1222 1092 3635
1038 870 2987
967 1268 3836
837 1026 3162
831 1048 3012
1136 1148 3836
830.333 1056 3518
937 1675 4484
1060 1207 3836
797.333 1065 3460
836 1376 3836
423.5 781 2163
713 1131 3079
1368 1312 4484
1124 1147 3810
682 1138 3012
1301 1381 4484
986 1255 3836
1023 1224 3810
1231 1081 3836
1056 1196 3752
1028.67 1243 4192
1055 1216 3752
495.333 925 2254
569.333 1180 3162
997 915 2811
888 998 3012
739.333 1102 3635
965 927 2903
707.5 899 2544
721 906 2636
1367 1332 4484
811.333 1412 4192
911 1297 3836
454 1184 2812
1115.5 1276 4309
454 1139 2255
833 1042 3012
471.333 1134 2962
1254 1388 4484
718.333 1090 3162
1171 1140 3810
1221 1106 3660
783.333 1095 3368
712.333 1153 3543
478.667 1101 2586
565.333 910 2786
1391 1300 4393
499.333 965 2280
1033 1022 3368
1277 1043 3635
1208 2160 5895
1450 1265 4484
1302 1349 4484
1219 1426 4484
464.333 1134 2703
1113.5 1308 4393
1063 1176 3836
985.333 1628 5041
544.333 919 2870
956.333 1285 4367
1062 1196 3836
630.333 1214 3661
1247 1398 4484
1199 1437 4484
705.333 1486 4367
902.333 1359 4367
718.333 1135 3719
784.333 1069 3368
1198.5 1233 4217
1086.33 1526 5041
1134.33 1487 5041
637.333 1213 3635
561 1247 3259
1395 1304 4484
1562.5 1471 4690
1109.33 1181 4192
544.333 874 2313
698.333 1487 4393
1200 1428 4484
674.333 1160 3544
793.333 1420 4393
892.333 1685 4866
910 1317 3836
823.333 1074 3544
641.333 1164 3460
1178.33 1796 5514
858.333 1347 4192
1273.33 1731 5514
1063.33 1527 4866
926.333 1307 4108
476.333 972 2430
1296.33 1386 4665
855.333 1362 4367
539.667 1289 3460
726.333 1105 3285
681.333 1489 4192
1181.33 1484 5041
763.333 1423 4192
905 2024 5514
848.333 1376 4393
1321.33 1692 5514
899.333 1684 4840
1381.33 1974 5895
904.333 1328 3841
830.333 1399 4192
881.333 1329 4100
1464.33 1601 5422
1216.33 1444 4573
1603 1476 4865
1005.33 1248 3925
1200.33 1779 5514
693.333 1132 3193
776 1762 4840
485.667 1092 2502
1038.33 1221 4017
1134.33 1442 4484
923.333 1307 3841
902.333 1314 3810
739.333 1057 3078
1241.33 1750 5422
773.333 1088 3167
1032.33 1239 3841
956.333 1240 3810
846.333 1365 4016
538.333 937 2694
1684 1430 5041
814.333 1391 3752
1193.33 1789 5422
593.333 1158 3285
714.333 1122 3078
577 1199 3259
848.333 1331 3836
698.333 1442 3836
1219.33 1416 4398
705.333 1441 3810
1062.33 1548 4866
937.333 1641 5041
1226.33 1757 5514
1030.33 1554 4774
1211 1111 3836
1653 1445 4690
855.333 1317 3810
1086.33 1481 4484
1267.33 1755 5514
942.333 1330 4393
1131.33 1493 4774
898 1870 4957
856.333 1023 3251
762.333 1437 3908
1039.33 1542 4573
1657 1449 4957
1201.33 1451 4665
673.333 1507 3836
778.333 1087 3192
1181.33 1439 4484
1477.33 1581 5046
1001 1927 5514
962.333 1625 4748
988.333 1588 4866
1388.33 1668 5514
1001.33 1252 4100
986.333 1264 3925
1379 2002 5895
1366.33 1663 5247
1113.33 1516 4573
1671.33 1785 5895
1676 1431 5041
985.333 1583 4484
1415 1293 4484
1073.33 1880 5247
1226 1411 4484
1613 1470 4866
1285.33 2059 5895


160 459 557
384 328 0
348 330 0
507 598 1498
460 282 0
460 314 732
258 570 1314
235.5 388 0
230 506 648
528 563 1138
348 363 757
235.5 419 473
384 358 381
160 414 0
268 437 849
504 613 1405
258 525 757
328.333 747 1962
539 593 1556
715 772 2430
236.333 638 1381
485 620 1581
215.667 637 849
459 665 1472
577 522 1581
541 574 1606
230 649 1289
726 754 2255
421 654 1431
230 604 732
358 366 824
496 616 1673
215.667 682 1406
423.5 781 2163
757 722 1962
322.333 736 1606
758 749 2313
236.333 593 824
678 805 2254
918 985 3104
888 998 3012
609 847 2338
758 757 2338
769 753 2430
650 813 2255
713 799 2405
907 964 3078
813 700 2313
564 899 2405
965 927 2903
677 843 2405
951 950 3162
770 733 2430
1222 1092 3635
783 1055 3162
663 820 2313
906 984 3078
769 1073 3104
894 906 2786
254.667 577 938
542 688 1695
962 929 2987
837 1026 3162
1038 870 2987
334.333 684 1581
712.333 1153 3543
942.5 892 2702
489.667 1073 2519
1277 1043 3635
334.333 729 2138
833 1042 3012
1023 1224 3810
1063 1176 3836
1109.33 1181 4192
1343.33 1343 4665
1124 1147 3810
986 1255 3836
454 1184 2812
881.333 1329 4100
943 941 2987
987 1235 3836
569.333 1180 3162
569.333 1225 3719
739.333 1102 3635
548.333 908 2611
1221 1106 3660
1008 1227 3752
987 916 3162
1062 1197 3836
565.333 910 2786
1084 1168 3752
309.333 749 1581
932 955 3162
471.333 1134 2962
501.333 952 2987
493 1066 2895
637.333 1213 3635
838 1006 3162
718.333 1135 3719
836 1376 3836
899 995 3104
847.333 1401 4393
823.333 1074 3544
1230 1101 3836
495.333 970 2811
544.333 919 2870
855.333 1362 4367
797.333 1065 3460
544.333 874 2313
618.333 847 2519
1130.33 1503 4866
1136 1148 3836
1033 1022 3368
1450 1265 4484
471.333 1089 2405
630.333 1214 3661
967 1268 3836
830.333 1399 4192
942.333 1330 4393
1060 1207 3836
674.333 1160 3544
919 965 3104
403.333 861 2230
1211 1111 3836
612.333 865 2343
454 1139 2255
831 1048 3012
1395 1304 4484
1399 1284 4309
630.333 1169 3104
718.333 1090 3162
544.333 1245 3162
916.333 1681 4748
1231 1081 3836
1056 1196 3752
1171 1140 3810
1055 1216 3752
476.333 972 2430
902.333 1359 4367
617.333 1216 3518
501.333 907 2430
726.333 1105 3285
824.333 1417 4016
1123 1496 4484
1161.33 1483 4573
773.333 1088 3167
705.333 1486 4367
1120.33 1848 5221
911 1297 3836
1124.33 1521 4690
846.333 1365 4016
542.333 926 2435
936.333 1348 4217
1031.33 1625 5041
682 1138 3012
943.333 1644 4573
1124 1487 4484
1200 1428 4484
1117 1157 3836
842.333 1398 4217
1684 1427 4957
563.333 1243 3543
985.333 1632 5041
753.333 1449 4367
1022 1230 3810
844.333 1397 4108
538.333 937 2694
942.333 1285 3836
848.333 1380 4393
985.333 1587 4484
940.333 1668 5041
992 1900 5221
984.333 1596 4484
841.333 1419 4217
855.333 1317 3810
1032.33 1239 3841
1086.33 1510 4484
778.333 1087 3192
695.333 1176 3635
1038.33 1221 4017
784.333 1069 3368
1684 1430 5041
754 897 2694
902.333 1314 3810
641.333 1164 3460
707.5 899 2544
830.333 1056 3518
848.333 1335 3836
984.333 1641 5041
1293 1391 4484
1348 1342 4484
634.333 1208 3284
1225 1410 4484
853.333 1030 3259
1180.33 1435 4484
956.333 1285 4367
1180.33 1480 5041
1301 1351 4484
1408.33 1646 5422
1086.33 1555 5041
739.333 1057 3078
753.333 1404 3810
1388.33 1668 5514
1657 1449 4957
956.333 1240 3810
847.333 1356 3836
822.333 1421 3836
883.333 1676 4397
889.333 1658 4573
1824 1642 5514
1613 1470 4866
1018.33 1274 4192
944.333 1618 4573
495.333 925 2254
1296.33 1386 4665
1091.33 1905 5422
640.333 1190 3460
637.333 1168 3078
823.333 1400 3836
695.333 1131 3078
997 915 2811
1851 1620 5514
705.333 1441 3810
783.333 1095 3368
938.333 1636 4397
1198.33 1819 5514
635.333 1182 3284
698.333 1487 4393
680.333 1506 3810
1062.33 1548 4866
1168.33 1813 5247
1623.33 1849 5895
757.333 1441 4016
1302 1349 4484
1374 1327 4484
763.333 1423 4192
1200.33 1779 5514
1259.33 1421 4748
1020.33 1567 4573
899.333 1684 4840
1381.33 1987 5895
1730 1412 5041
992.333 1585 4573
1436.33 1644 5422
1446.33 1626 5221
1001.33 1252 4100
1367.33 1685 5514
1057.33 1545 4690
949.333 1662 4598
1301.33 1702 5514
858.333 1347 4192
1170.33 1791 5247
955.333 1644 4774
1063.33 1527 4866
1306.33 2052 5895
1262.33 1766 5247
738.333 1117 3343
714.667 1159 3544
1093.33 1859 5247
1185.33 1476 4748
1366.33 1663 5247
1112.33 1508 4573
1403.33 1650 5046
1321.33 1692 5514
1595.33 1851 5895
1042.33 1567 4840
706.333 1158 3460
1372.33 2000 5895
1247 1398 4484
1223.33 1775 5221
1162.33 1831 5071
984.333 1270 3933
1288.33 1748 5422
817.333 1750 4840
1134.33 1487 5041
1165.33 1832 5422
1024.33 1572 4598
1185.33 1795 5422
1073.33 1889 5247
849.333 1701 4840
926.333 1307 4108
577 1199 3259
1199.33 1788 5514
1345.33 1670 5247
1030.33 1554 4774
1087.33 1877 5071
1134.33 1442 4484
1032.33 1529 4484
882.333 1709 5041
675.333 1507 4016
791.333 1422 4367
1339.33 1688 5071
787.333 1438 4217
708.333 1463 4192
1032.33 1574 5041
693.333 1132 3193
1466.33 1605 5221
1286.33 1763 5422
1164.33 1809 5071
1076.33 1907 5514
1415.33 1646 5514
1439 1277 4217
711.333 1122 3167
1004.33 1609 4598
1629 1466 4957
791.333 1377 3810
1226.33 1772 5514
1246 1404 4484
1474.33 1934 5895
681.333 1489 4192
987.333 1618 4866
1121.33 1847 5247
1109.33 1507 4484
1096.33 1905 5514
1080.33 1879 5221


235.5 388 0
460 314 732
160 459 557
230 506 648
236.333 593 824
358 366 824
384 328 0
160 414 0
235.5 419 473
348 363 757
504 613 1405
348 330 0
507 598 1498
384 358 381
230 649 1289
678 805 2254
268 437 849
650 813 2255
528 563 1138
459 665 1472
758 749 2313
541 574 1606
460 282 0
577 522 1581
539 593 1556
421 654 1431
328.333 747 1962
715 772 2430
230 604 732
236.333 638 1381
726 754 2255
309.333 749 1581
796.667 1088 3518
663 820 2313
918 985 3104
813 700 2313
609 847 2338
258 525 757
215.667 682 1406
769 753 2430
258 570 1314
215.667 637 849
838 1006 3162
713 799 2405
770 733 2430
1222 1092 3635
907 964 3078
677 843 2405
254.667 577 938
617.333 1216 3518
757 722 1962
496 616 1673
932 955 3162
485 620 1581
951 950 3162
569.333 1225 3719
322.333 736 1606
919 965 3104
758 757 2338
334.333 684 1581
894 906 2786
1036 1226 3752
899 995 3104
965 927 2903
943 941 2987
499.333 965 2280
769 1073 3104
538.333 937 2694
564 899 2405
967 1268 3836
403.333 861 2230
476.333 972 2430
1038 870 2987
1230 1101 3836
888 998 3012
1415 1293 4484
334.333 729 2138
837 1026 3162
1277 1043 3635
906 984 3078
986 1256 3836
612.333 865 2343
1171 1140 3810
962 929 2987
1221 1106 3660
722 897 2694
1062 1196 3836
501.333 952 2987
1649 1455 4957
423.5 781 2163
741 1479 4109
1117 1157 3836
987 916 3162
942.5 892 2702
1231 1081 3836
997 915 2811
1387 1331 4484
565.333 910 2786
1060 1207 3836
940.5 1658 4573
1684 1427 4957
544.333 919 2870
495.333 970 2811
1657 1449 4957
1211 1111 3836
1450 1265 4484
1156 1150 3836
783 1055 3162
1399 1284 4309
1395 1304 4484
501.333 907 2430
544.333 874 2313
833 1042 3012
1124 1147 3810
1293 1391 4484
738.333 1117 3343
823.333 1074 3544
868.333 1358 4017
1348 1342 4484
1367 1332 4484
1225 1410 4484
1301 1351 4484
1629 1466 4957
1063.33 1527 4866
817 1683 4840
542 688 1695
695 1424 4108
783.333 1367 4017
853.667 1371 4108
1033 1022 3368
804.5 1446 4192
713 1131 3079
824.333 1319 3933
1684 1430 5041
551 1270 3377
1175.33 1473 4665
493 1066 2895
1296.33 1386 4665
1343.33 1343 4665
1109.33 1181 4192
831 1636 4489
911 1297 3836
847.333 1401 4393
946.333 1286 4108
1011.33 1242 3933
1086.33 1555 5041
1676 1431 5041
718.333 1135 3719
942.333 1330 4393
630.333 1218 3661
637.333 1213 3635
916.333 1325 4309
868.333 1364 4309
618.333 847 2519
1415.33 1646 5514
1180.33 1480 5041
1113.5 1308 4393
739.333 1102 3635
707.5 899 2544
956.333 1285 4367
718.333 1090 3162
919.333 1579 4398
1198.5 1233 4217
1130.33 1503 4866
956.333 1240 3810
831 1048 3012
698.333 1487 4393
830.333 1399 4192
848.333 1376 4393
753.333 1404 3810
984.333 1624 5041
548.333 908 2611
853.333 1030 3259
1133.33 1508 5041
674.333 1160 3544
714.667 1159 3544
1008 1227 3752
1967 1547 5422
667 1503 4083
902.333 1314 3810
902.333 1359 4367
1216.33 1444 4573
692.333 1505 4217
1851 1620 5514
569.333 1180 3162
471.333 1089 2405
1092 1481 4665
1038.33 1221 4017
454 1139 2255
454 1184 2812
753.333 1449 4367
1613 1470 4866
1032.33 1239 3841
953 1895 5221
842.333 1394 4217
565.333 1237 3260
1284.5 1471 4866
1018.33 1274 4192
773.333 1088 3167
682 1138 3012
797.333 1065 3460
980 1747 4957
726.333 1105 3285
712.333 1153 3543
544.333 1245 3162
1368.33 1653 5514
1084 1168 3752
960.333 1640 4866
705.333 1486 4367
1698.33 1763 5895
1267.33 1755 5514
1029.33 1575 4774
942.333 1285 3836
1175.33 1808 5221
693.333 1132 3193
1062.33 1548 4866
1005.33 1610 4665
471.333 1134 2962
1450.33 1606 5046
1131.33 1493 4774
1464.33 1601 5422
1268.33 1729 5422
1001.33 1252 4100
1225.33 1447 4774
947.333 1647 4840
1550.33 1872 5895
987 1235 3836
881.333 1329 4100
641.333 1164 3460
1030.33 1554 4774
1356.33 1668 5046
1005.33 1248 3925
1246 1404 4484
1629 1469 5041
1219.33 1416 4398
1063 1176 3836
856.333 1023 3251
784.333 1069 3368
1653 1445 4690
593.333 1158 3285
934.5 1687 4866
812.333 1392 4042
1243.33 1743 5247
1032.33 1574 5041
1086.33 1510 4484
1263.33 1737 5247
1413.33 1620 5247
995.333 1270 3924
1475.33 1916 5895
739.333 1057 3078
714.333 1122 3078
1124.33 1844 5514
1051.33 1546 4690
489.667 1073 2519
495.333 925 2254
1032.33 1529 4484
830.333 1056 3518
1477.33 1581 5046
1180.33 1435 4484


460 314 732
358 366 824
235.5 419 473
460 282 0
384 358 381
348 330 0
160 459 557
496 616 1673
268 437 849
348 363 757
230 506 648
541 574 1606
384 328 0
758 757 2338
236.333 638 1381
542 688 1695
459 665 1472
504 613 1405
235.5 388 0
758 749 2313
421 654 1431
618.333 847 2519
650 813 2255
539 593 1556
258 570 1314
258 525 757
577 522 1581
322.333 736 1606
485 620 1581
770 733 2430
713 1131 3079
678 805 2254
663 820 2313
215.667 682 1406
528 563 1138
423.5 781 2163
160 414 0
899 995 3104
932 955 3162
1038 870 2987
334.333 684 1581
757 1097 3012
769 753 2430
918 985 3104
677 843 2405
757 722 1962
726 754 2255
951 950 3162
813 700 2313
707.5 899 2544
715 772 2430
484 1066 2611
230 649 1289
230 604 732
713 799 2405
507 598 1498
962 929 2987
1508 1195 3925
783 1055 3162
987 916 3162
564 899 2405
831 1048 3012
254.667 577 938
919 965 3104
565.667 882 2313
236.333 593 824
609 847 2338
769 1073 3104
309.333 749 1581
478.667 1101 2586
565.667 927 2870
906 984 3078
585.333 1200 3343
943 941 2987
768 1093 3104
837 1026 3162
1224 1077 3544
1061 1221 3836
334.333 729 2138
1230 1101 3836
1136 1148 3836
1222 1092 3635
910 1317 3836
693 1282 3719
471.333 1134 2962
621 1537 3991
1277 1043 3635
1063 1176 3836
1124 1147 3810
939 1305 3810
876.333 1142 3577
686.333 1414 4134
561 1247 3259
992 1762 5041
1395 1304 4484
1221 1106 3660
682 1138 3012
907 964 3078
665.333 1484 4025
572.333 1228 3176
1415 1293 4484
464.333 1134 2703
653.667 1383 3636
646 1407 3636
894 906 2786
621 1506 3518
551 1270 3377
215.667 637 849
833 1042 3012
593.333 1158 3285
950 1300 3836
632.333 1518 3908
1117 1157 3836
557.333 926 2786
815 1531 4393
845 1361 4134
542.333 926 2435
539.667 1289 3460
599.667 1278 3460
454 1184 2812
866.333 1319 3933
838 1006 3162
548.333 908 2611
1062 1196 3836
614.5 1237 3460
565.333 1237 3260
622 1328 3569
997 915 2811
612.333 865 2343
659 1327 3635
476.333 972 2430
1211 1111 3836
729.333 1103 2992
624.667 1496 3719
658.333 1493 4109
653.333 1448 4017
1023 1224 3810
685 1289 3719
853.333 1030 3259
599.667 1579 4192
925 1304 3752
725.333 1774 4757
1041 1564 4484
1008 1227 3752
599.667 1548 3719
753 919 2870
725.333 1135 3285
888 998 3012
1022 1230 3810
1231 1081 3836
974 1267 3810
814 1551 4393
493 1066 2895
965 927 2903
403.333 861 2230
1147 1135 3719
1450 1265 4484
1171 1140 3810
967 1268 3836
1084 1168 3752
1252 1074 3544
714.667 1159 3544
721 906 2636
565.333 910 2786
1482 1240 4108
859.333 1328 4017
1511 1205 4108
585.667 1614 3636
1629 1466 4957
797.333 1065 3460
554 1256 3343
1467 1221 4017
951 1056 3518
501.333 952 2987
1055 1216 3752
1399 1284 4309
987 1235 3836
1056 1196 3752
1649 1455 4957
1538 1181 4192
1657 1449 4957
942.5 892 2702
1254 1388 4484
1143 1287 4367
1772 1343 4665
1348 1342 4484
1684 1427 4957
758 1076 3012
871.667 1362 4192
1168 1102 3635
1725 1386 4665
883.5 1121 3635
1678 1398 4665
783.333 1095 3368
1200 1428 4484
964 1023 3251
1385 1285 4367
1673 1443 4774
1558 1509 4866
1688 1421 4748
1342 1853 5514
796.667 1088 3518
1629.5 1907 5895
1629 1469 5041
2099 1791 5895
1057.33 1465 4665
1309 1022 3368
1730 1412 5041
1814 1648 5247
1926 1579 5046
1964 1574 5514
723.333 1149 3635
832.667 1449 4367
706.333 1158 3460
1513 1224 4217
703.667 1177 3719
731.667 1150 3719
1654 1444 4774
1247 1398 4484
722 897 2694
985 1936 5221
758.833 1369 4134
1684 1430 5041
1295 1835 5422
1613 1470 4866
777.333 1113 3192
1048 1858 5514
1387 1331 4484
1300 1526 4957
1951 1885 5895
1656 1457 5041
1302 1349 4484
923.333 1307 3841
723.333 1104 3078
654 1503 4108
969.667 1300 4367
1367 1332 4484
826 1532 4398
328.333 747 1962
1277 1380 4393
1533 1501 4774
1890 1619 5514
1246 1419 4484
1700 1426 4774
1002.67 1269 3991
765 1592 4866
1216.67 1481 4748
751.333 1423 4192
1628 1470 5041
1703 1704 5514
1536 1511 4957
1175 1200 3899
833.667 1419 4393
1851 1620 5514
1296 1367 4393
1562 1508 5041
1012.33 1590 4484
632.667 1233 3569
1158 1138 3752
981.667 1816 5041
1879 1606 5046
2043 1831 5895
1782 1687 5338
695.333 1176 3635
1563 1487 5041
1352 1404 4573
1390 1324 4393
1491 1678 5221
1918 1592 5514
1492.5 1655 5247
742.667 1136 3544
734.333 1135 3460
1219 1426 4484
1293 1461 4748
880.667 1382 4393
1063.67 1585 4840
1782 1690 5422
1824 1642 5514
1122.67 1521 4748
1676 1431 5041
1313 1450 4748
1605 1471 4866
926.667 1358 4192
741.667 1121 3543
2018 1538 5071
915 1108 3543
2016 1852 5895
1366 1752 5422
931.333 2134 5221
939.333 1299 3810
945.333 1813 4957
1061 1825 5247
1115.5 1114 3551
934.667 1338 4367
1841 1626 5247
1070.33 1432 4398
484.667 1073 2703
966.333 1287 3810
1502 1233 4217
1089 1777 5221
1348 1422 4748
1094.67 1549 4748
1958 1884 5895
1165.67 1228 3841
638.667 1474 3724
703.667 1132 3162
1042 1736 4957
714 1793 4840
1736 1395 4690
1017 1572 4665
1910 1593 5514
611 1560 4109
495.333 970 2811
1797 1649 5514
666.667 1226 3518
697.667 1147 3343
1837 1641 5422
1419 1276 4309
1310.33 1435 4489
1301 1351 4484
1333 1531 5041
689.333 1146 3259
1184.33 1452 4484
1049 1713 5041
695.333 1131 3078
1064.67 1608 5041
1912 1586 5422
1028.67 1243 4192
868.667 1391 4367
1118.67 1532 5041
672 1336 4017
986 1255 3836
647 1512 4192
1535 1627 5221
1677 1892 5895
1394.5 1734 5514
1203.33 1227 3933
1423 1731 5422
1702 1725 5514
639.667 1232 3543
1014.67 1267 4100
983.667 1293 3991
1592 1469 4840
1443 1720 5422
1743 1378 4665
861.667 1392 4393
2146 1748 5895
1438.33 1687 5163
756.667 1546 4225
501.333 907 2430
945.667 1320 4192
1344 1502 4840
495.333 925 2254
1006.33 1266 4016
1210.5 1512 4866
2127 1763 5895
1061.67 1586 4774
577 1199 3259
1156.67 1505 4840
2044 1805 5895
1842 1620 5247
678.333 1456 4192
1893 1601 5422
2071 1803 5895
1610 1484 5041
1796 1670 5514
1427 1711 5247
1559 1503 4866
1489.67 1523 4957
1219 2047 5895
671.667 1440 3841
641.333 1164 3460
1144.67 1509 4774


459 665 1472
348 363 757
460 282 0
504 613 1405
230 506 648
460 314 732
348 330 0
160 414 0
358 366 824
235.5 388 0
254.667 577 938
160 459 557
235.5 419 473
384 358 381
496 616 1673
544.333 919 2870
421 654 1431
384 328 0
268 437 849
230 649 1289
918 985 3104
650 813 2255
215.667 637 849
813 700 2313
258 525 757
1117 1157 3836
565.333 910 2786
471.333 1134 2962
258 570 1314
541 574 1606
507 598 1498
831 1048 3012
770 733 2430
485 620 1581
403.333 861 2230
334.333 729 2138
577 522 1581
677 843 2405
757 722 1962
758 757 2338
236.333 593 824
236.333 638 1381
713 1131 3079
528 563 1138
769 753 2430
830.333 1056 3518
334.333 684 1581
630.333 1214 3661
618.333 847 2519
713 799 2405
726 754 2255
215.667 682 1406
718.333 1135 3719
987 916 3162
542 688 1695
539 593 1556
899 995 3104
322.333 736 1606
926.333 1653 4774
715 772 2430
698.333 1487 4393
1033 1022 3368
758 749 2313
888 998 3012
663 820 2313
783 1055 3162
1123 1499 4484
943 941 2987
609 847 2338
837 1026 3162
919 965 3104
766.333 1430 4017
678 805 2254
309.333 749 1581
674.333 1160 3544
907 964 3078
501.333 952 2987
965 927 2903
564 899 2405
1109.33 1181 4192
569.333 1225 3719
1221 1106 3660
1222 1092 3635
754 897 2694
974 1267 3810
1277 1043 3635
230 604 732
848.333 1376 4393
967 1268 3836
932 955 3162
423.5 781 2163
569.333 1180 3162
838 1006 3162
1055 1216 3752
700.333 1147 3104
637.333 1213 3635
471.333 1089 2405
538.333 937 2694
1230 1101 3836
707.5 899 2544
910 1317 3836
682 1138 3012
1160.33 1489 4573
612.333 865 2343
937.333 1319 3899
703.667 1177 3719
1655 1477 5041
962 929 2987
906 984 3078
823.333 1074 3544
951 950 3162
1038 870 2987
1124 1147 3810
1198.5 1233 4217
797.333 1065 3460
499.333 965 2280
1023 1224 3810
668.333 1178 3368
1231 1081 3836
1199 1437 4484
1254 1388 4484
758 1076 3012
548.333 908 2611
493 1066 2895
1450 1265 4484
842.333 1394 4217
956.333 1285 4367
769 1073 3104
1395 1304 4484
1181.33 1484 5041
833 1042 3012
454 1139 2255
868.333 1364 4309
544.333 1245 3162
495.333 925 2254
1086.33 1526 5041
1062 1196 3836
793.333 1420 4393
974 906 2786
328.333 747 1962
986 1255 3836
721 906 2636
544.333 874 2313
542.333 926 2435
853.333 1030 3259
848.333 1331 3836
501.333 907 2430
1296.33 1386 4665
1206 1422 4484
1022 1230 3810
1151 1471 4484
930.333 1672 5041
739.333 1102 3635
495.333 970 2811
695.333 1176 3635
942.333 1330 4393
847.333 1401 4393
937.333 1641 5041
1246 1419 4484
753.333 1449 4367
1301 1370 4484
454 1184 2812
476.333 972 2430
738.333 1117 3343
662.333 1167 3012
1133.33 1508 5041
760.333 1448 3841
1320 1360 4484
1136 1152 3836
1193.33 1789 5422
849.333 1372 4016
692.333 1505 4217
781.333 1424 3925
987 1235 3836
984.333 1624 5041
1657 1449 4957
787.333 1438 4217
1211 1111 3836
1060 1207 3836
1388.33 1668 5514
1684 1430 5041
1056 1196 3752
602 1168 3259
1171 1140 3810
1650 1473 4865
1156 1150 3836
784.333 1069 3368
563.333 1243 3543
1197 1438 4484
1216.33 1444 4573
902.333 1359 4367
1063 1176 3836
942.5 892 2702
478.667 1101 2586
833.667 1374 3836
1001.33 1623 4774
773.333 1088 3167
681.333 1489 4192
862.333 1720 4573
1951 1880 5895
464.333 1134 2703
825.333 1373 3752
585.333 1200 3343
706.333 1158 3460
841.333 1419 4217
975.333 1622 4398
705.333 1441 3810
911 1297 3836
680.333 1506 3810
763.333 1414 3810
726.333 1105 3285
783.333 1095 3368
902.333 1314 3810
705.333 1486 4367
1123.33 1857 5046
980 1255 3752
753.333 1428 3810
916.333 1280 3752
778.333 1087 3192
1131.33 1493 4774
546.167 1402 3435
577 1199 3259
916.333 1325 4309
1031.33 1227 3933
1871 1635 5514
1859 1598 5046
1385.5 1438 4690
1415 1293 4484
997 915 2811
988.333 1949 5422
675.333 1507 4016
703.667 1132 3162
559.667 1280 3351
930.333 1627 4484
1810 1660 5338
1021.33 1245 4016
712.333 1153 3543
1023.33 1588 4690
1603 1476 4865
1122 1524 4484
1124 1487 4484
960.333 1633 4840
1200 1428 4484
847.333 1356 3836
718.333 1090 3162
1202.33 2117 5895
793.333 1375 3836
1047 1558 4484
868.333 1319 3752
1134.33 1844 5163
1084 1168 3752
942.333 1285 3836
695.333 1131 3078
1008 1227 3752
1063.33 1527 4866
1032.33 1574 5041
1573 1987 5895
810.333 1751 4866


577 522 1581
254.667 577 938
348 330 0
460 282 0
268 437 849
160 459 557
160 414 0
235.5 419 473
384 328 0
677 843 2405
813 700 2313
539 593 1556
348 363 757
496 616 1673
230 506 648
358 366 824
460 314 732
230 604 732
235.5 388 0
230 649 1289
384 358 381
485 620 1581
504 613 1405
541 574 1606
258 525 757
421 654 1431
678 805 2254
715 772 2430
528 563 1138
236.333 638 1381
609 847 2338
769 753 2430
726 754 2255
951 950 3162
328.333 747 1962
459 665 1472
758 749 2313
757 722 1962
215.667 682 1406
650 813 2255
215.667 637 849
507 598 1498
564 899 2405
258 570 1314
911 1297 3836
965 927 2903
403.333 861 2230
334.333 729 2138
943 941 2987
1038 870 2987
713 1131 3079
713 799 2405
236.333 593 824
663 820 2313
1124 1487 4484
1221 1106 3660
758 757 2338
838 1006 3162
495.333 970 2811
682 1138 3012
907 964 3078
501.333 952 2987
1056 1196 3752
1225 1410 4484
1455 1271 4217
1124 1147 3810
464.333 1134 2703
423.5 781 2163
783 1055 3162
769 1073 3104
1301 1351 4484
1008 1227 3752
1084 1168 3752
770 733 2430
334.333 684 1581
1158 1138 3752
1222 1092 3635
703.667 1496 4108
869 1790 4782
974 906 2786
309.333 749 1581
962 929 2987
501.333 907 2430
1062 1197 3836
637.333 1213 3635
1123 1496 4484
987 1235 3836
1309 1022 3368
986 1256 3836
739.333 1102 3635
1502 1233 4217
1419 1276 4309
1200 1428 4484
722 897 2694
918 985 3104
476.333 972 2430
1230 1101 3836
831 1048 3012
495.333 925 2254
899 995 3104
1022 1230 3810
559.667 1280 3351
932 955 3162
1063 1176 3836
565.333 910 2786
1543 1184 3841
454 1184 2812
778.333 1087 3192
1203.33 1227 3933
784.333 1069 3368
718.333 1135 3719
630.333 1218 3661
919 965 3104
987 916 3162
1023 1224 3810
1060 1207 3836
1384.33 1454 4665
1171 1140 3810
322.333 736 1606
1368 1312 4484
640.333 1190 3460
1231 1081 3836
1736 1395 4690
1431 1273 4042
1463 1246 4192
940 1640 4840
548.333 908 2611
656 1542 4025
635.333 1182 3284
1415 1303 4484
544.333 874 2313
641.333 1164 3460
544.333 919 2870
953.333 1827 5041
542.333 926 2435
1424 1246 4016
865 1811 4490
906 984 3078
1649 1465 4957
493 1066 2895
569.333 1225 3719
1602 1477 5041
471.333 1089 2405
1391 1300 4393
1648 1469 5041
910.333 1327 3933
1396.33 1438 4782
1561 1674 5514
1136 1148 3836
454 1139 2255
544.333 1245 3162
1482 1240 4108
739.333 1057 3078
956.333 1285 4367
1368 1463 4665
569.333 1180 3162
1435 1254 4192
977.333 1600 4489
1039.33 1542 4573
847.333 1401 4393
946.333 1286 4108
926.333 1307 4108
1349.33 1476 4782
855.333 1362 4367
848.333 1335 3836
893.333 1685 4840
984.333 1624 5041
718.333 1090 3162
705.333 1441 3810
1206 1422 4484
902.333 1314 3810
956.333 1240 3810
471.333 1134 2962
1277 1043 3635
618.333 847 2519
484 1066 2611
1117 1157 3836
1519.33 1676 5514
1293 1391 4484
484.667 1073 2703
1436.33 1744 5514
718 1463 3991
1577.33 1665 5514
1348 1342 4484
837 1036 3162
855.333 1317 3810
478.667 1101 2586
902.333 1359 4367
846.333 1823 4757
1511 1205 4108
542 688 1695
563.333 1243 3543
942.5 892 2702
1079.33 1512 4484
1086.33 1510 4484
812.667 1917 4757
1180.33 1480 5041
1086.33 1555 5041
899.333 1684 4840
1063.33 1548 4748
707.5 899 2544
693.333 1155 3162
787.333 1438 4217
848.333 1380 4393
1042.33 1567 4840
630.333 1173 3104
1508 1195 3925
916.333 1325 4309
1180.33 1435 4484
1211 1111 3836
753.333 1449 4367
942 1989 4957
1134.33 1442 4484
853.333 1030 3259
1870 1607 5071
1302 1349 4484
967.333 1626 4840
847.333 1356 3836
543 1295 3285
1246 1404 4484
1247 1398 4484
888 998 3012
637.333 1168 3078
823.333 1074 3544
1530.33 1650 5163
839.333 1383 3958
712.333 1153 3543
682.667 1655 4109
705.333 1486 4367
845.333 1365 4134
714.333 1122 3078
753.333 1404 3810
962.333 1625 4748
942 2034 5514
560.667 1396 3377
1126.33 1515 4489
1770.67 1650 5514
1032.33 1529 4484
758 1779 4393
983.333 1699 4866
1032.33 1574 5041
1697 1408 4665
703.667 1132 3162
1134.33 1487 5041
1017.33 1261 3991
793.333 1420 4393
1910 1593 5514
1079.33 1557 5041
1264.33 2164 5895
695.333 1176 3635
667 1503 4083
916.333 1280 3752
942.333 1330 4393
793.333 1375 3836
1383.33 1755 5514
1174.33 1804 5221
818.667 1916 4757
1676 1431 5041
944.333 1618 4573
895.333 1325 3841
1258 1024 3167
773.333 1088 3167
763.333 1423 4192
1441.33 2099 5895
900.333 1747 4866
911 1674 4840
840.333 1824 4757
1226.33 1757 5514
1467.33 2058 5895
830.333 1056 3518
1810 1643 5422
538.333 937 2694
1191.33 1825 5514
1043.33 1551 4665
984.333 1579 4484
1700.33 1871 5895
1605 1471 4866
612.333 865 2343
872.667 1840 4866
1241.33 1750 5422
703.667 1177 3719
770 1887 4490
932 1655 4840
944.333 1934 5514


