1589 1373 3836
394.033 1688 3836
941.9 1490 3836
1061.7 1484 3836
1130.4 1406 3836
1338.75 1389 3836
702.1 1638 3836
839.9 1607 3836
811.9 1609 3836
730.9 1616 3836
899.7 1551 3836
895.9 1561 3836
846.9 1600 3836
850.7 1590 3836
562.4 1682 3836
1353.8 1801 4501
1538.15 1705 4501
1463.15 1734 4501
1659.5 1666 4501
1401.8 1762 4501
1461.15 1740 4501
1255.8 1895 4501
1208.8 1936 4501
1136.8 1979 4501
1119.6 2043 4501
1279.8 1834 4501
1149.8 1953 4501
1222.95 1896 4501
178 366 0
168 400 0
200 493 482
178 397 390
316 236 0
151.2 515 0
251.5 620 1329
327 731 1421
243.35 1040 1579
248.55 1018 1579
247.35 1019 1579
237.85 1117 1579
658.75 1040 2193
537.5 1119 2193
677.75 1015 2193
538.5 1094 2193
705.75 984 2193
517 805 1943
647 773 1943
537.75 739 1711
411.75 815 2036
287 951 2036
290.75 863 2036
806 1015 2425
894.75 1174 2675
892.25 1103 2550
1326.2 1350 2857
1472 1180 2708
1368.6 1371 3072
997.5 1439 3081
334.733 1494 3529
333.633 1539 3471
503.1 1488 3529
786.75 1362 2708
816 1346 2642
799.5 1351 2532
216.75 609 640
316 285 764
288.75 330 640
236 470 939
222.6 603 1071
469.75 546 1005
422.5 565 1254


316 236 0
288.75 282 0
153.95 609 640
288.75 330 640
168 441 457
178 397 390
168 400 0
153.95 602 457
178 366 0
176.95 465 640
151.2 515 0
771 680 2093
257.8 978 2733
271.933 910 2733
216.617 759 2343
537.5 832 2733
230.75 691 2343
316 285 764
359 631 1579
418 570 1129
223.5 653 872
236 470 939
276.75 679 1122
969.167 1675 3190
553.6 1369 2799
1136.25 1775 3861
1477.2 2137 3979
1618 1940 4136
1269 1326 3446
1351.33 1894 3887
975.1 1629 3829


1998 1452 3721
1868.6 1466 3721
1466.1 1481 3721
896.95 2165 4568
905.75 2024 4568
897.75 2044 4568
1208.45 1830 4568
1187.45 1843 4568
1262.45 1814 4568
1061 1866 4568
960 1921 4568
931.25 1979 4568
1425.5 1613 4111
1476.95 1602 4111
1751.2 1703 4568
1799.2 1660 4568
1743.2 1713 4568
1724.2 1729 4568
1330.6 1792 4568
1482.33 1763 4568
666.733 2002 4111
798.75 1773 4111
853 1670 4111
794.633 1871 4111
684.033 1883 4111
178 366 0
288.75 330 640
316 285 764
178 397 390
168 441 457
168 400 0
153.95 602 457
176.95 465 640
288.75 282 0
176.95 466 764
316 236 0
151.2 515 0
506 733 1794
491.75 781 1969
415 850 1969
338.533 1208 2010
438.583 962 2010
898 897 2010
406.833 1039 2010
348.25 1114 2010
487.9 1225 2050
411.9 1254 2050
531.1 1199 2050
190.867 785 1097
245.75 514 1404
236 470 939
222.6 603 1071
355.667 530 1703
668.2 1820 2518
593.333 1039 2317
1050.75 891 2068
825.7 1180 2343
884.5 1107 2343
1031 1206 2675
837.6 1271 2675
677 1280 2675
1069 1205 2675
846.6 1225 2675
1435 1182 3215
684.867 1490 3215
698.5 1417 3215
860.5 1384 3215
800 1386 3215
1183.1 1568 3721
1395 1479 3554
1075.08 1602 3721
1301.1 1515 3721
1010.5 1238 3215
975.2 1295 3215
1113.6 1229 3215
1248.93 1542 3247


1307.15 1642 3712
1337.95 1640 3712
1728.75 1588 3712
1708.75 1603 3712
1776.75 1575 3712
1790 1628 3887
1631.6 1634 3887
1583.6 1667 3887
1395.6 1683 3887
1541.5 1678 3887
1385.95 1607 3712
1375.15 1623 3712
976.767 2259 3887
1109.33 1993 3887
1043.93 2051 3887
1273.6 1746 3887
1246.6 1777 3887
988.667 2172 3887
1204.33 1922 3887
1036.67 2133 3887
752 1893 3712
1140.6 1677 3712
923 1736 3712
1299.15 1658 3712
1262.95 1675 3712
168 400 0
288.75 330 640
178 397 390
178 366 0
288.75 282 0
168 441 457
176.95 465 640
316 236 0
153.95 602 457
151.2 515 0
404.8 835 2317
958.5 1453 2550
869 1519 2550
971 1438 2550
997.5 1428 2550
926 813 2317
646 1370 2426
735.5 1351 2426
924.75 1164 2426
876.75 1176 2426
850.75 1203 2426
741 1290 2426
820 1239 2426
742 1265 2426
749 1258 2426
316 285 764
236 470 939
176.95 514 1404
1051 1697 3446
762.783 1757 3621
1037.5 1352 2989
1451 1510 3397
928.333 1520 3397
848 1792 3712
820 1848 3712
1350.6 1514 3273
506 733 1794
647 773 1943
350.2 673 1703


393.333 1735 3589
1045.7 1395 3646
704.1 1614 3646
643.9 1688 3646
663.9 1678 3646
432.917 1538 3589
401.167 1615 3589
848.1 1482 3646
775.9 1546 3646
752.9 1555 3646
845.65 1519 3646
802.65 1538 3646
947.65 1402 3646
896.9 1423 3646
892.333 1473 3589
1593 1363 3646
1322.4 1386 3646
1370.4 1378 3646
1716 1359 3646
1633.75 1546 4203
1476.33 1566 4203
1475.33 1598 4203
1389.4 1367 3646
1357.5 1610 4203
615.083 1707 4203
583.333 1784 4203
1015.92 1663 4203
1074.5 1642 4203
1173.33 1617 4203
153.95 602 457
288.75 282 0
168 400 0
168 441 457
288.75 330 640
178 397 390
178 366 0
176.95 465 640
316 236 0
151.2 515 0
316 285 764
176.95 466 764
216.617 759 2343
230.75 691 2343
717.833 1527 2774
996 1249 2425
882.2 1441 2707
826.2 1531 2957
1104.33 1343 3081
359.6 1648 3190
179.75 650 1097
281 582 1004
469.75 546 1005
236 470 939
340.5 679 1122
518 620 1553
396.5 557 1246


940.633 1885 4476
695.7 2020 4476
784.7 1898 4476
715.7 2010 4476
724.45 1989 4476
1214.52 1849 4476
804.7 1888 4476
779.2 1950 4476
759.2 1960 4476
1009.9 1881 4476
1084.9 1852 4476
695.133 2115 4476
1413.2 1717 3836
938.6 1637 3405
1004.6 1628 3405
948.2 1630 3405
769.6 1747 3405
1409.6 1495 3405
1387.5 1511 3405
956.45 1839 3836
1172.6 1514 3405
1104.6 1569 3405
1082.7 1730 3836
1012.9 1758 3836
1032.9 1748 3836
1036.7 1738 3836
1009.7 1763 3836
1347.25 1842 4476
1349.25 1832 4476
1283.58 1845 4476
1357.43 1784 4476
1222.8 1735 4019
1574.2 1622 3712
1615.25 1598 3712
1550.6 1401 3405
1518 1464 3405
1428.6 1470 3405
1487.2 1636 3836
1515.2 1626 3836
1428.4 1686 3836
1393.2 1723 3836
168 400 0
168 441 457
178 397 390
178 366 0
236 470 939
316 236 0
228.4 590 822
288.75 330 640
151.2 515 0
176.95 465 640
153.95 602 457
288.75 282 0
518 620 1553
271.667 807 1703
476.583 887 1811
190.917 593 1154
329.933 549 1030
350.933 982 1711
392 609 1378
296.583 649 1703
598.15 842 1711
1046 1231 2882
732 1155 2426
267.95 1006 2343
885.2 1473 2583
1148 1117 2550
798.5 1259 2518
1236 1415 3164
887.25 1145 2408
767.933 1270 2433


1422.5 1392 4037
1264.1 1398 4037
319.783 1348 3098
473.45 1519 4037
373.583 1525 4037
1080 1265 3098
1008.93 1275 3098
836.15 1293 3098
838.65 1447 4037
915.45 1408 4037
671.9 1295 3397
313.183 1376 3672
325.2 1303 3672
842.933 1302 3580
308.533 1373 3555
178 366 0
168 441 457
178 397 390
288.75 282 0
168 400 0
200 493 482
316 236 0
153.95 602 457
151.2 515 0
327 731 1421
595.75 733 1553
242 654 1396
529 767 1703
346.667 848 1703
614.75 708 1553
271.933 879 2343
352.783 801 2343
257.8 947 2343
254.733 1196 2616
789.133 1125 2641
236 470 939
228.4 590 822
437 546 1005
288.75 330 640
281 582 1004
316 285 764
329.933 549 1030
418 570 1129
214.6 558 764
153.95 609 640


1289.58 1373 3072
1241.58 1381 3072
1153.4 1396 3072
1155.4 1385 3072
1107.4 1398 3072
958.4 1527 3072
1050.6 1409 3829
962.267 1420 3829
631.3 1876 4286
636.4 1813 4286
656.4 1803 4286
964 1578 4286
963 1614 4286
827.05 1725 4286
833.8 1723 4286
859.3 1661 4286
900.6 1534 3829
716.1 1574 3829
812.267 1566 3829
715.1 1578 3829
710.3 1761 4286
776.767 1749 4286
755.333 1757 4286
1226.15 1565 4286
1162.33 1570 4286
1588.75 1557 4286
1608.75 1546 4286
1560.75 1559 4286
1616.75 1530 4286
1596.75 1551 4286
1614 1352 3072
1525 1362 3072
1479 1369 3072
316 236 0
168 400 0
178 366 0
288.75 282 0
151.2 515 0
772.417 1198 2890
230.75 691 2343
431.9 863 2525
216.617 759 2343
478.7 1484 2575
580.4 1318 2575
483.8 1403 2575
956.75 1193 2890
623.083 1348 2890
668.75 1220 2890
1136 1093 2890
807.9 1568 3072
190.917 593 1154
422.5 565 1254
236 470 939
437 546 1005
418 570 1129
329.933 549 1030
313.75 631 1579
178 397 390
168 441 457
316 285 764
153.95 609 640
288.75 330 640
196.2 466 764


288.75 282 0
168 441 457
288.75 330 640
153.15 731 457
168 400 0
178 366 0
153.95 602 457
178 397 390
176.95 465 640
316 236 0
151.2 515 0
863.75 1675 3862
950.833 1645 3862
1050.7 1639 3862
1775.75 1698 4037
2239 1599 4037
1737.75 1740 4037
1847.6 1672 4037
1851.75 1654 4037
1783.75 1682 4037
1777.75 1692 4037
1804.75 1680 4037
2034.6 1642 4037
2231 1615 4037
1757.75 1724 4037
1127.25 1843 4037
809.3 2303 4037
951.5 2177 4037
978.25 1937 4037
960.1 2153 4037
857.1 2211 4037
972.25 2012 4037
1006.75 1908 4037
1646 1545 3896
1457.93 1551 3896
1473.93 1772 4037
1508.6 1746 4037
1280 1639 3896
1329.6 1568 3896
1302.4 1582 3896
1241.58 1667 3896
1228.7 1773 4037
1139.45 1593 3862
1108.65 1595 3862
1364 1554 3896
857 865 2185
768.667 876 2185
427 893 2010
529 812 2010
316 285 764
355.667 530 1703
236 470 939
176.95 514 1404
971.4 1626 3472
1061.95 1487 3472
581.2 1683 3862
897.75 1661 3862
412.833 1689 3862
879 1017 2675
502.8 1162 2715
666.5 1105 2675
705.75 1026 2675
292.8 902 2408


1075.15 1359 3896
1121.15 1351 3896
1027.15 1401 3896
1074.15 1389 3896
1444.75 1330 3896
981.9 1425 3896
2026.6 1711 4476
2005.6 1719 4476
2082.6 1658 4476
2034.6 1701 4476
1959.6 1726 4476
1770.5 1727 4476
740.833 2142 4086
1185 1816 4476
1247.25 1761 4476
1022.25 1864 4476
1077.25 1838 4476
1336.25 1751 4476
1017.15 1846 4086
995.85 1899 4086
948.583 1949 4086
1048.1 1829 4086
994.85 1905 4086
870.25 2121 4476
882.75 2106 4476
931.25 1977 4476
897.75 2042 4476
924.25 2041 4476
960 1919 4476
845.05 2049 4086
876.9 1950 4086
533.75 1496 3896
524.033 1590 3896
868.733 1477 3896
777.9 1485 3896
869.733 1447 3896
316 236 0
168 441 457
178 366 0
316 285 764
288.75 330 640
176.95 466 764
178 397 390
153.95 602 457
288.75 282 0
176.95 465 640
176.95 417 0
1026 1042 2575
805.933 1349 2800
962.083 1285 2475
1252 1334 2882
1077 895 2383
236 470 939
271.35 812 1711
526 742 1421
476.667 769 1703
537.75 739 1711
211.95 667 1404
412.7 1034 2383
774 770 1918
647 773 1943
858 899 2383
461 961 2383
839 919 2383
850 664 1703


620.9 1758 3804
622.6 1752 3804
671.6 1638 3804
680.3 1632 3804
949.6 1610 3804
940.9 1616 3804
776 2156 4344
814.25 2093 4344
790.75 2109 4344
752.5 2172 4344
794 2095 4344
1170.75 1744 4344
1147.25 1760 4344
1656.95 1715 4344
1655.15 1725 4344
977 1912 4344
908 1967 4344
941 1928 4344
917.5 1944 4344
959.5 1913 4344
1091.5 1841 4344
1020.75 1890 4344
1042 1847 4344
1011.25 1911 4344
1040.25 1878 4344
861.75 2004 4344
893.75 1997 4344
838.25 2020 4344
1124.75 1802 4344
1101.25 1818 4344
1122.75 1812 4344
1058.35 1569 3804
1108.15 1506 3804
316 236 0
288.75 282 0
178 366 0
168 400 0
151.2 515 0
791.75 1156 2558
621 946 2276
822 935 2010
350.083 1051 2276
851.75 1110 2558
981.75 1078 2558
895.6 869 2276
1029.75 1045 2558
880.25 1080 2558
496.2 1023 2276
406.75 934 1886
478.5 784 1644
313.75 631 1579
872 907 1761
258.4 1262 1246
407.75 913 1886
357 990 1886
569.75 718 1644
1011 1371 2957
537.85 1403 3190
437.6 1486 3497
532.05 1416 3439
1042.9 1392 3164
168 441 457
316 285 764
236 470 939
178 397 390
288.75 330 640
281 582 1004
228.4 590 822
223.5 653 872
221.25 694 1122
204.283 737 1122


401.45 1219 1943
310.85 1229 1943
486.7 1170 1943
497.5 1164 1943
634.7 1002 1943
610.6 1077 1943
418 570 1129
317.933 898 1512
387.2 800 1786
153.15 779 1097
211.15 871 1221
276.75 679 1122
188.15 933 1221
334 654 1396
414 620 1329
232.25 680 1404
218.617 753 1404
767.95 1199 2558
651.1 979 2160
870.4 1250 3256
486.35 1277 3256
811.45 1261 3256
1021.25 1246 3256
1094.25 1223 3256
1046.25 1236 3256
1069.25 1233 3256
178 366 0
236 470 939
168 441 457
316 285 764
153.95 602 457
178 397 390
316 236 0
200 493 482
223.333 687 939
288.75 330 640
221.2 587 847
1153.12 1562 3439
1550 2010 4651
1233.28 2091 4344
1273 1534 3529
1263.5 1825 3746
973 1839 3979
1854 1961 4286
1090.53 1623 3654


1686 1462 3887
1155.35 1498 3887
1187.95 1471 3887
1093.95 1541 3887
1111.15 1510 3887
1062.15 1548 3887
1103.15 1526 3887
1135.35 1509 3887
2233 1674 4476
2185 1711 4476
1865.5 1713 4476
1450.1 1748 4476
1525.1 1719 4476
1471.1 1735 4476
806.85 1804 4286
863.3 1749 4286
1370.6 1722 4286
835.1 1911 4476
888.1 1753 4476
929.533 1572 3887
857.333 1615 3887
700 1681 3887
1035.15 1554 3887
178 366 0
168 400 0
168 441 457
288.75 282 0
200 493 482
178 397 390
316 236 0
151.2 515 0
153.95 602 457
292.8 902 2408
310.7 749 2018
312.75 745 2018
756.2 1388 3264
494.35 1244 2641
1284.75 1202 2791
1041 1308 2957
1002.95 1209 2791
867.35 1328 2791
972.15 1211 2791
914.2 1255 2791
288.75 330 640
236 470 939
316 285 764
518 620 1553
176.95 514 1404
327 731 1421
218.133 733 1794
404.6 718 1644


1536.6 1579 4136
1611.6 1550 4136
1632.75 1598 4568
1122.58 1684 4568
1170.58 1642 4568
622.5 1961 4568
658.25 1923 4568
915.583 1773 4568
934.583 1753 4568
978.6 1735 4568
761.9 1828 4568
774.85 1791 4568
773.85 1817 4568
1033.83 1730 4568
1084.58 1709 4568
692.9 1882 4568
702.65 1856 4568
682.65 1902 4568
998.6 1623 4136
951.6 1665 4136
1073.6 1594 4136
904.6 1704 4136
871.1 1747 4136
613.25 1754 3954
971.6 1655 4136
844.1 1764 4136
563.2 1767 4261
288.75 330 640
316 236 0
178 397 390
288.75 282 0
168 400 0
316 285 764
176.95 466 764
178 366 0
151.2 515 0
176.95 465 640
506.4 860 2550
287.5 1022 2550
348.8 1181 2650
945.333 1088 2650
849.333 1168 2650
286.75 1271 2650
886.15 1149 2650
511.75 739 1487
396.5 557 1246
216.5 613 939
251.5 620 1329
236 470 939
352.6 748 1586
329.933 549 1030
228.4 590 822
327 731 1421
292.2 599 1221
936.6 1210 2948
817.083 1457 2733
822.2 1311 3529
817.7 1552 3779
698.1 1470 3040
727.25 1568 3779
284.867 1152 1611
431.5 876 1811


1536.6 1579 4136
1611.6 1550 4136
1632.75 1598 4568
1122.58 1684 4568
1170.58 1642 4568
622.5 1961 4568
658.25 1923 4568
915.583 1773 4568
934.583 1753 4568
978.6 1735 4568
761.9 1828 4568
774.85 1791 4568
773.85 1817 4568
1033.83 1730 4568
1084.58 1709 4568
692.9 1882 4568
702.65 1856 4568
682.65 1902 4568
998.6 1623 4136
951.6 1665 4136
1073.6 1594 4136
904.6 1704 4136
871.1 1747 4136
613.25 1754 3954
971.6 1655 4136
844.1 1764 4136
563.2 1767 4261
288.75 330 640
316 236 0
178 397 390
288.75 282 0
168 400 0
316 285 764
176.95 466 764
178 366 0
151.2 515 0
176.95 465 640
506.4 860 2550
287.5 1022 2550
348.8 1181 2650
945.333 1088 2650
849.333 1168 2650
286.75 1271 2650
886.15 1149 2650
511.75 739 1487
396.5 557 1246
216.5 613 939
251.5 620 1329
236 470 939
352.6 748 1586
329.933 549 1030
228.4 590 822
327 731 1421
292.2 599 1221
936.6 1210 2948
817.083 1457 2733
822.2 1311 3529
817.7 1552 3779
698.1 1470 3040
727.25 1568 3779
284.867 1152 1611
431.5 876 1811


1707.1 1674 4593
1525.1 1706 4593
1450.1 1735 4593
1471.1 1722 4593
760.933 2163 4593
787.5 2145 4593
828.833 1960 4593
905.333 1940 4593
795.333 2025 4593
932.583 1873 4593
926.083 1902 4593
1423.1 1761 4593
1097.18 1869 4593
1284.33 1804 4593
1118.93 1860 4593
1419.1 1776 4593
1401.5 1570 3953
1190.95 1845 4593
1208.45 1815 4593
1160.45 1854 4593
316 236 0
178 366 0
168 441 457
168 400 0
316 285 764
288.75 330 640
178 397 390
176.95 466 764
153.95 602 457
288.75 282 0
176.95 465 640
151.2 515 0
326.75 982 1743
648 759 1743
253.133 1051 1794
329.4 673 1703
435 530 1703
236 470 939
176.95 514 1404
813.75 816 2957
735.95 909 2957
352.417 990 2957
364.5 926 2957
350.367 994 2957
868.433 1836 3522
979.667 1698 3563
1027.25 1357 3522
947.083 1370 3522
898 1469 3522
1015.13 1872 3887
1051.2 1848 3887
942.5 1442 3522
1171.67 1558 3563


776 2172 4568
807.5 2000 4568
886.75 1939 4568
1001.25 1888 4568
887.75 1913 4568
1015.6 1681 4568
1647.67 1651 4568
1889 1616 4568
1723.75 1549 3654
1498.5 1557 3928
836 1883 3928
1402.5 1605 3928
1375.5 1625 3928
1422.5 1596 3928
176.95 465 640
178 397 390
236 470 939
168 441 457
316 285 764
178 366 0
288.75 282 0
168 400 0
316 236 0
288.75 330 640
153.95 602 457
176.95 466 764
151.2 515 0
926 805 2010
887.6 1078 2624
525.1 1159 2624
829.2 1121 2624
1009.6 1024 2624
780.2 1150 2624
395.8 1198 2624
447.5 991 2160
465.8 959 2160
442.2 1089 2160
602.4 829 2160
556.25 949 2160
926 807 2160
180.55 714 1404
270.15 808 1861
190.917 593 1154
179.75 650 1097
153.15 828 1861
355.667 530 1703
956.2 1384 3439
948.2 1406 3439
936.15 1140 3139
639.9 1260 3139
975.2 1369 3439
842.9 1206 3139
966 1375 3439
956.75 1663 3654
1006 1324 3439
876.35 1681 3654


1656.95 1685 4203
1611 1693 4203
1544.6 1695 4203
1578.75 1600 3954
1726.75 1571 3954
1550.75 1627 3954
867.4 1286 3529
954.4 1282 3529
717.9 1327 3529
560.1 1421 3529
636.9 1340 3529
1170.75 1714 4203
1163.3 1764 4203
812.5 1933 4203
684.35 1988 4203
796.083 1962 4203
615.1 2016 4203
973.333 1817 4203
872.333 1898 4203
1089.2 1815 4203
1124.75 1772 4203
615.083 1706 3954
1074.5 1641 3954
583.333 1783 3954
1176.75 1188 3529
968.4 1205 3529
1057.4 1195 3529
1427 1172 3529
1178.75 1182 3529
288.75 282 0
168 441 457
178 366 0
178 397 390
316 236 0
200 493 482
168 400 0
153.95 602 457
151.2 515 0
197.45 1009 1703
327 731 1421
346.667 893 2010
529 812 2010
355.667 530 1703
768.667 889 2068
418.25 772 1969
857 878 2068
354.933 850 1969
619.667 1005 2068
719.333 949 2068
707 998 2068
236 470 939
288.75 330 640
234.2 518 640
228.4 590 822
316 285 764
221.4 599 1221
907.75 1237 2890
823 980 2682


825.4 2028 4476
750.4 2098 4476
851.3 1988 4476
771.05 2089 4476
845.4 2018 4476
730.4 2108 4476
973.3 1920 4476
953.3 1930 4476
906.3 1969 4476
1289 2070 4651
1380.33 1725 4651
1776.75 1720 4476
1221 1839 4476
1075.3 1859 4476
1000.3 1888 4476
316 236 0
168 441 457
168 400 0
288.75 330 640
178 397 390
176.95 466 764
228.4 590 822
153.95 602 457
178 366 0
288.75 282 0
176.95 465 640
151.2 515 0
525 795 2185
615 794 2010
507.5 1245 2467
534.833 1164 2467
417.833 1290 2467
655.5 1077 2467
602.75 923 2343
258.083 930 2343
1095.75 1226 3282
496.25 1258 3282
309.6 1323 3282
316 285 764
327 731 1421
461.5 880 1636
216.5 613 939
245.75 514 1404
478.5 784 1644
569.75 718 1644
725.533 1744 3896
952 1731 3629
1489 1579 3654


825.4 2028 4476
750.4 2098 4476
851.3 1988 4476
771.05 2089 4476
845.4 2018 4476
730.4 2108 4476
973.3 1920 4476
953.3 1930 4476
906.3 1969 4476
1289 2070 4651
1380.33 1725 4651
1776.75 1720 4476
1221 1839 4476
1075.3 1859 4476
1000.3 1888 4476
316 236 0
168 441 457
168 400 0
288.75 330 640
178 397 390
176.95 466 764
228.4 590 822
153.95 602 457
178 366 0
288.75 282 0
176.95 465 640
151.2 515 0
525 795 2185
615 794 2010
507.5 1245 2467
534.833 1164 2467
417.833 1290 2467
655.5 1077 2467
602.75 923 2343
258.083 930 2343
1095.75 1226 3282
496.25 1258 3282
309.6 1323 3282
316 285 764
327 731 1421
461.5 880 1636
216.5 613 939
245.75 514 1404
478.5 784 1644
569.75 718 1644
725.533 1744 3896
952 1731 3629
1489 1579 3654


