729.333 1362 4285
198.667 836 2272
634 1501 4460
1276 1499 4848
1044.83 1279 3836
432.333 1339 4167
777.667 1181 3630
759.667 1640 4997
1122.67 1716 5384
735.667 923 2685
269 998 2659
1033.67 1321 4201
1138.67 1716 5560
299.333 957 2768
869.667 1131 3748
760.167 1433 4311
842.333 1390 4460
234.667 768 2122
1394 1265 4175
1110 1132 3788
868.333 1364 4460
721.667 1660 4698
489.167 1216 3814
1190 1098 3437
265.667 1045 3102
928.667 1517 4554
1406.67 1489 4847
695.667 1483 4460
886.333 1344 4351
613 866 2659
247.333 763 1973
966.667 1500 4997
819.333 1526 4730
372.667 1302 3639
301.667 977 2952
817 1894 5023
757.167 1644 4730
310 918 2334
405.667 903 2443
792 1548 4554
470.333 1130 3598
940.667 1492 4522
282.667 974 2443
292 938 2443
837.333 1088 3423
583 1063 3142
1032.67 1108 3463
294.667 937 2627
671.667 1189 3613
640 799 2404
1220.67 1340 4377
667.667 1493 4460
758.167 1630 4471
359.667 737 1947
948.667 1515 4997
1121.67 1358 4460
940.667 1526 4997
799.333 1091 3273
432.333 1298 3630
317.333 937 2659
901.5 1834 5560
716.667 1375 4285
320 912 2593
338.333 1218 3598
896.167 1669 5023
271 1030 2768
859.833 2012 5384
814 1167 3613
724.167 1442 4351
214 833 1947
881.667 1542 4997
285 967 2312
822 1692 5023
927.5 1547 5023
318.167 1043 2984
365.667 1176 3489
430.333 1365 4135
684.333 1190 3814
648.333 1191 3630
720.667 1671 4730
289 964 2886
1533.33 1701 5410
372 710 2013
789.667 1395 4460
675.667 952 3102
387.333 1100 3423
395.167 921 2627
583.667 1002 2984
625 1668 4460
288.667 985 2886
803.667 1175 3814
307 944 2777
405.667 941 2952
509 867 2404
1073.67 1343 4202
346.333 892 2430
442 924 2768
224.333 745 1502
581.5 1531 4193
949 1111 3613
660.667 1053 3142
1117 1768 5560
227.333 759 1797
362.167 1216 3423
834.667 1294 3986
259.667 1020 2364
590 1548 4311
650.667 1211 3814
501.333 753 2056
1392 1669 5384
354.667 1322 3748
883.5 1840 5117
266 984 2364
392.667 704 1947
536.333 1024 3102
964 1833 5117
350.667 885 2364
673.5 1678 4730
742.167 1651 4730
1079 1779 5117
784.667 975 3142
266 990 2430
346.167 1305 3630
287 538 1384
946.667 1074 3273
244.667 620 1502
198.667 812 1600
746.667 1327 4167
661.667 1032 3142
224.333 751 1568
612.333 982 2993
838.333 1170 3630
1149 1121 3639
533.667 809 2430
353.667 1199 3305
363 1187 3305
221.667 776 2056
334.667 776 2312
239.667 756 1947
614 965 3076
405.833 1200 3547
607.333 797 2364
524 1007 2984
192.333 842 1534
381 644 1692
224.333 775 2240
248.333 621 1600
224 806 2240
532.667 830 2430
489 611 1574
250.167 1113 2364
273.667 1029 2952
157 597 1410
198.667 806 1534
153 467 830
177.333 418 0
346 350 0
384 377 712
230 456 862
177.333 442 672
384 348 0
153 436 0
206.667 352 0
206.667 382 738
346 373 646


935.5 1492 4847
755.167 1547 4698
664 1158 3630
937.667 1804 5235
615.333 1637 4698
666.167 1551 4730
631.667 1551 4698
1102 1423 4672
865 1131 3788
447.333 1180 3814
627.167 1596 4997
269 998 2659
1027.67 1684 5410
839 1298 4167
1013 1460 4672
912.333 1510 4847
1000.67 1696 5410
1217 1654 5384
870.333 1502 4698
984.333 1789 5235
263.333 1025 2918
1097 1435 4847
902.667 1834 5384
1062 1442 4997
989.667 1752 5410
435 1338 4351
266 984 2364
784.667 975 3142
352 1200 3814
924.667 1288 4351
573.667 1282 3836
234.667 744 1450
387.667 1123 3331
1100 1441 5023
642.167 1571 5023
1019.33 1264 4135
711.333 1280 4161
843.333 1529 5023
816.333 1541 5023
765.667 1567 5023
432.667 1047 3142
347.5 1289 3814
1200 1889 5560
346.167 1327 3547
1000 1500 4997
301.667 977 2952
675.667 952 3102
289 964 2886
661.667 1032 3142
227.333 759 1797
911.333 1475 4698
872 1277 4285
307.667 915 2443
198.667 812 1600
294.667 937 2627
616.667 1576 4672
266 990 2430
382 1133 3598
612.333 982 2993
867 1289 4460
1304 1803 5560
395.167 921 2627
1104 1896 5560
398.5 1199 3630
266 1014 3102
234.667 768 2122
584.167 1302 4161
433.5 1427 4135
841 1313 4311
224.333 775 2240
722.667 1273 3986
221.667 776 2056
265.667 1021 2430
948.833 1883 5410
265.667 1045 3102
320 922 2593
583.667 1002 2984
198.667 836 2272
192.333 842 1534
397.667 1093 3305
292 948 2443
202 830 1797
828.667 1305 4285
224 806 2240
607.333 797 2364
346.333 892 2430
569.5 1372 4460
532.667 830 2430
533.667 809 2430
350.667 885 2364
304.333 962 2886
259.667 1020 2364
665.667 1160 3639
789.333 1118 3748
315 924 2768
224.333 751 1568
617.667 866 2659
198.667 806 1534
764.667 1346 4460
486 1097 3598
375 1093 3273
224.333 745 1502
671 932 2958
489 1086 3273
614 965 3076
304.667 931 2886
359.667 737 1947
237.333 753 2056
392.667 704 1947
157 597 1410
381 644 1692
248.333 621 1600
206.667 382 738
405.667 941 2952
509 867 2404
346 350 0
640 799 2404
244.667 620 1502
206.667 352 0
334.667 776 2312
384 377 712
384 348 0
230 456 862
287 538 1384
153 436 0
177.333 418 0
153 467 830
346 373 646
489 611 1574
177.333 442 672


957.333 1561 4914
367.667 1160 3521
997.167 1305 4167
1034.5 1301 4377
905.667 1139 3613
1402 1286 4351
304.333 962 2886
726.333 1633 4914
619.333 1493 4738
965.333 1482 4997
1014.17 1267 4026
307 944 2777
734.667 1778 5023
1431 1254 3876
348.5 1325 3814
784.667 975 3142
352 1200 3814
748.333 1149 3639
1328 1312 4460
315 924 2768
536.667 1324 4201
893 1077 3305
435 1338 4351
1129 1131 3788
1315.67 1779 5410
789.667 1337 4460
450.5 1374 4377
320 912 2593
1056.83 1811 5384
259.667 1020 2364
349.667 1170 3630
198.667 812 1600
266 1014 3102
628.333 1131 3521
352.333 1145 3142
565.667 1152 3521
759.667 1640 4997
285 967 2312
1649 1762 5384
289 964 2886
783.667 1567 5023
266 990 2430
288.667 985 2886
926.167 1290 4161
639.667 1432 4460
440.333 942 2875
1110 1132 3788
224.333 751 1568
266 984 2364
227.333 759 1797
265.667 1015 2364
395.167 921 2627
1082 1154 3788
198.667 836 2272
352.333 1169 3814
737.667 1769 4997
736.667 900 2593
346.167 1305 3630
338.333 1218 3598
1628.67 1699 5275
675.667 952 3102
1405 1255 3985
829.333 1866 5384
237.333 753 2056
304.333 945 2593
532.667 830 2430
392.667 704 1947
359.667 737 1947
1191.5 1898 5560
432.667 1047 3142
1131 1907 5560
839 1084 3155
661.667 1032 3142
1095 1141 3748
281.333 1011 2777
1364 1279 4201
1134 1133 3814
983.5 2018 5560
292 938 2443
344 1191 3339
372 710 2013
276.667 1013 2509
1116.83 1900 5410
820.5 1124 3598
640 799 2404
350.667 885 2364
575.667 932 2958
746.667 921 2659
202 830 1797
221.667 776 2056
276.333 983 2312
224.333 745 1502
192.333 842 1534
533.667 809 2430
234.667 744 1450
299.333 957 2768
346.333 892 2430
244.667 620 1502
387 1104 3331
282.667 984 2443
722.667 1100 3521
234.667 768 2122
1130 1770 5235
157 597 1410
285 991 2984
287 538 1384
224 806 2240
334.667 776 2312
224.333 775 2240
214 833 1947
607.333 797 2364
153 467 830
248.333 621 1600
489 611 1574
384 348 0
206.667 352 0
381 644 1692
153 436 0
177.333 442 672
384 377 712
177.333 418 0
230 456 862
346 350 0
346 373 646
206.667 382 738


955 1571 5023
374.667 1124 3273
997 1514 4738
776.333 1588 4847
1085.33 1425 4847
590 1548 4311
777.667 1201 3814
198.667 806 1534
1165.67 1785 5560
198.667 836 2272
224 806 2240
224.333 775 2240
625 1668 4460
928.667 1087 3339
502.667 1050 3102
429.667 921 2659
748.833 1743 4698
486 1097 3598
398.5 1199 3630
662.5 1573 4460
731 1367 4460
397.667 1093 3305
840.333 1547 4672
346.333 892 2430
474.5 1084 3076
744.333 1650 4672
717.667 1285 4161
483.667 1446 4135
896 1257 3985
304.667 931 2886
1062 1442 4997
1041.5 2033 5560
385.333 1086 3155
424.833 1448 4135
756 1108 3748
1510 1715 5117
795 1326 4285
276.333 983 2312
786.667 1133 3814
741 1209 3788
763 1506 4548
1212 1452 5023
349.667 1183 3273
192.333 842 1534
1006.5 1558 5023
265.667 1015 2364
597.333 1058 3142
691 1173 3630
320 912 2593
392.667 1111 3156
315 924 2768
307.667 915 2443
714 1032 3142
1087.67 1462 5023
1014.17 1267 4026
266 990 2430
867 1289 4460
298.333 998 2659
1044 1483 4847
721.5 1578 4548
592.5 1454 4161
577 1286 4135
278.667 1022 2593
343.333 1216 3814
1255 1419 4764
250.167 1113 2364
301.667 953 2280
681.167 1505 4522
427.333 1354 3985
289 1010 2659
532.667 830 2430
1128.67 1893 5275
304.333 962 2886
266 984 2364
214 833 1947
889.667 1533 4698
828.667 1548 4848
392.667 704 1947
906 1607 4997
459.667 1320 3986
939 1561 4997
613 866 2659
372 710 2013
868 1279 3985
1059.67 1547 5023
198.667 812 1600
694.667 1380 4161
672 976 3010
784.667 975 3142
613 986 3076
350.667 885 2364
1015 1263 4460
678.667 1384 4460
382 1133 3598
636 975 2926
279.5 1047 2886
924 1597 4997
299.333 957 2768
290 1133 3102
648.5 1047 3142
877.5 1712 5023
663.5 1562 4351
974 1526 4997
872 1277 4285
671 932 2958
359.667 737 1947
291.667 1004 2659
301.667 977 2952
234.667 768 2122
669 1204 3639
552.167 1381 4135
318.167 1043 2984
375.167 1208 3489
657 1186 3630
675.667 952 3102
640 799 2404
729 1383 4285
289.833 1126 2984
292.5 1039 2952
334.667 776 2312
1175 1734 5301
533.667 809 2430
227.333 759 1797
536.333 1024 3102
285.167 1030 2627
1106 1748 5085
234.667 744 1450
712.5 1192 3748
297.5 1027 2777
224.333 745 1502
221.667 776 2056
387 1121 3423
304.333 945 2593
237.333 753 2056
248.333 621 1600
381 644 1692
607.333 797 2364
157 597 1410
153 436 0
244.667 620 1502
287 538 1384
346 350 0
384 348 0
206.667 352 0
489 611 1574
177.333 442 672
346 373 646
230 456 862
206.667 382 738
177.333 418 0
153 467 830
384 377 712


263.333 1025 2918
276.333 983 2312
1358 1460 4646
1134 1133 3814
250.167 1113 2364
266 984 2364
1067 1491 4997
724 1395 4460
343.333 1192 3142
845 1097 3598
350.667 885 2364
265.667 1021 2430
756 1108 3748
817 1353 4351
893 1077 3305
355.333 1153 3371
304.667 931 2886
471.167 1398 4193
227.333 759 1797
265.667 1015 2364
266 990 2430
753.667 1667 4848
612.333 982 2993
343.333 1216 3814
577 1286 4135
331.667 1261 3665
924.667 1513 4997
285 967 2312
1418 1826 5560
872 1141 3788
675.667 952 3102
352 1200 3814
301.667 953 2280
265.667 1045 3102
758 1382 4460
925.667 1503 4522
454.667 1332 4161
266 1014 3102
791.667 985 3142
743.667 1639 4522
775.333 1509 4698
299.333 957 2768
418 1416 4377
374.667 1124 3273
198.667 806 1534
788.667 1591 4997
370.333 1178 3449
382 1133 3598
763.667 1652 4698
867 1289 4460
276.333 1007 2984
713.5 1455 4460
750.333 1362 4176
288.667 985 2886
953.667 1481 4522
1130.33 1871 5560
1410.5 1846 5384
372.667 1148 3305
1140.33 1785 5085
429.667 921 2659
305 930 2509
803.667 1175 3814
439.667 1357 4135
413.167 1129 3331
301.667 977 2952
315 924 2768
372 710 2013
1123 1274 4026
221.667 776 2056
428 1402 3986
349.667 1180 3630
214 833 1947
285 991 2984
392.667 704 1947
224.333 751 1568
224.333 745 1502
346.333 892 2430
909.333 1675 5023
198.667 812 1600
449.5 912 2593
640 799 2404
1129 1131 3788
533.667 809 2430
359.667 737 1947
432.667 1047 3142
192.333 842 1534
607.333 797 2364
198.667 836 2272
381 644 1692
714 1032 3142
224 806 2240
813.667 1332 4285
224.333 775 2240
614 965 3076
509 867 2404
838.667 1277 4285
532.667 830 2430
1392 1265 4285
1107.33 1265 3876
735.667 923 2685
295 977 2593
304.333 962 2886
244.667 620 1502
736.667 900 2593
575.667 932 2958
234.667 768 2122
888 975 3142
248.333 621 1600
202 830 1797
237.333 753 2056
1089.33 1557 5023
613 986 3076
157 597 1410
698.667 903 2443
755.5 1124 3515
1408 1261 3986
334.667 776 2312
234.667 744 1450
287 538 1384
346 350 0
489 611 1574
206.667 382 738
206.667 352 0
230 456 862
384 348 0
153 436 0
153 467 830
177.333 442 672
384 377 712
346 373 646
177.333 418 0


627.167 1596 4997
629.5 1523 4548
765.667 1567 5023
896 1257 3985
1009 1707 5410
1457.67 1468 4764
916.667 1326 4351
1058 1487 4847
924.667 1288 4351
395.167 921 2627
1037.17 1777 5560
556.333 1259 3985
202 830 1797
265.667 1015 2364
601 1549 4460
756.667 1501 4548
630.167 1585 4672
519 1496 4377
828.667 1305 4285
981.667 1286 4351
1068.33 1474 4764
1134 1499 4997
597.333 1058 3142
811 1788 5410
447.333 1180 3814
265.667 1021 2430
331.667 1261 3665
584.333 1401 4311
448.167 1357 3836
341 1196 3630
372 710 2013
594.667 1394 4193
660.667 1455 4460
375 1093 3273
266 990 2430
568.667 1266 4135
263.333 1025 2918
387.333 1100 3423
1090 1540 5023
994 1732 5384
1337 1446 4548
773.667 1342 4167
1160.33 1702 5410
559 1352 4135
299.333 957 2768
672.667 1363 4377
475.5 1077 3273
385.333 1086 3155
224.333 751 1568
397.667 1093 3305
880 1121 3613
460.833 1405 4311
350 1152 3273
266 984 2364
347.5 1289 3814
1608.67 1725 5560
980.667 1312 4460
336.333 1176 3489
964.167 1551 5023
221.667 776 2056
614.833 1593 4847
665.667 1160 3639
1609.5 1685 5384
936.333 1508 4847
445.833 1430 4285
486 1097 3598
372.667 1148 3305
295 977 2593
661.667 1032 3142
532.667 830 2430
866 1346 4460
285 991 2984
640 799 2404
388.167 1206 3748
900.667 1555 4698
227.333 759 1797
382 1133 3598
1536 1739 5560
259.667 1020 2364
224.333 775 2240
266 1014 3102
865 1131 3788
224.333 745 1502
350.667 885 2364
617.667 866 2659
531.333 1318 3985
912.333 1510 4847
282.667 974 2443
304.667 931 2886
850.667 1386 4460
1016.67 1279 4201
614 965 3076
301.667 953 2280
360.333 1145 3155
839 1298 4167
276.333 983 2312
320 912 2593
301.667 977 2952
234.667 744 1450
784.667 975 3142
192.333 842 1534
224 806 2240
276.333 1007 2984
786.667 1133 3814
675.667 952 3102
671 932 2958
379 1151 3449
405.667 941 2952
1034.5 1301 4377
509 867 2404
456.167 1423 4167
430 1386 4135
773.667 1141 3748
234.667 768 2122
381 644 1692
346.333 892 2430
359.667 737 1947
244.667 620 1502
198.667 812 1600
854.167 1313 4311
335 1214 3222
198.667 806 1534
334.667 776 2312
265.667 1045 3102
440.5 1472 4351
281.333 995 2809
1308 1478 5023
214 833 1947
607.333 797 2364
664 1158 3630
248.333 621 1600
307.667 915 2443
237.333 753 2056
817 1353 4351
315 924 2768
533.667 809 2430
153 467 830
198.667 836 2272
157 597 1410
287 538 1384
346 373 646
392.667 704 1947
206.667 352 0
384 377 712
153 436 0
230 456 862
384 348 0
346 350 0
489 611 1574
177.333 442 672
206.667 382 738
177.333 418 0


387 1104 3331
1051.17 1646 5235
613 986 3076
1037.33 1747 5560
1061.67 1666 5560
614.833 1593 4847
473.167 1378 4377
616.667 1576 4672
227.333 759 1797
1203.5 1645 5384
456.167 1423 4167
958.667 1777 5560
307.667 915 2443
346.333 892 2430
352.333 1145 3142
582.667 1276 3868
597.333 1058 3142
287.667 1002 2619
755.167 1547 4698
372.667 1148 3305
281.333 1011 2777
985 1532 4997
431.5 1427 3985
786.667 1133 3814
955 1871 5410
999.5 1451 4672
1008.17 1691 5410
827 1271 4161
282.667 974 2443
385.333 1086 3155
1000 1473 4847
925.667 1721 5235
362.333 1155 3423
956.833 1866 5410
486 1097 3598
266 990 2430
789.667 1547 4730
445.833 1430 4285
709 962 3102
387.333 1100 3423
1031.33 1757 5560
360.333 1145 3155
642.167 1571 5023
454.333 1292 4161
911.667 1497 4730
1010 1471 4997
198.667 836 2272
350 1152 3273
816.333 1541 5023
932.167 1901 5560
510 1077 3305
904.833 1923 5384
224.333 775 2240
509 867 2404
870.333 1502 4698
221.667 776 2056
699 1137 3705
288.667 985 2886
443.833 1420 4017
359.667 737 1947
880.333 1500 4848
631.667 1551 4698
377.333 1130 3449
609.667 1040 3076
237.333 753 2056
585.333 1004 2993
640 799 2404
586.333 1045 3102
214 833 1947
930.167 1902 5560
764.667 1346 4460
839 1298 4167
289 964 2886
471.167 1398 4193
540 1026 2958
765.667 1567 5023
299.167 1071 3102
665.667 1160 3639
865 1131 3788
202 830 1797
784.667 975 3142
969 1536 5023
433.5 1427 4135
460.833 1405 4311
749 1363 4193
266 984 2364
684.333 1190 3814
271 1030 2768
789.333 1118 3748
828.667 1305 4285
841 1280 4377
294.667 937 2627
671 932 2958
244.667 620 1502
289.833 1126 2984
198.667 806 1534
259.667 1020 2364
593.5 1352 4167
334.667 776 2312
224 806 2240
192.333 842 1534
234.667 744 1450
614 965 3076
489.167 1216 3814
388.167 1206 3748
742 1188 3788
489 611 1574
349.667 1170 3630
315 924 2768
735.667 923 2685
338.333 1218 3598
392.667 704 1947
304.667 931 2886
224.333 751 1568
224.333 745 1502
532.667 830 2430
157 597 1410
273.667 1029 2952
287 538 1384
569.5 1372 4460
607.333 797 2364
372 710 2013
661.667 1032 3142
307.833 1050 3102
234.667 768 2122
346 350 0
318.167 1043 2984
301.667 977 2952
389.667 1103 3515
613 866 2659
248.333 621 1600
153 436 0
198.667 812 1600
533.667 809 2430
350.667 885 2364
381 644 1692
206.667 382 738
206.667 352 0
177.333 442 672
153 467 830
346 373 646
384 348 0
230 456 862
384 377 712
177.333 418 0


917 1089 3397
1015 1263 4460
266 1014 3102
405.667 941 2952
531.333 1318 3985
1100 1787 5117
940.667 1478 4548
771.667 1628 4848
918.667 1484 5023
867.667 1525 4848
1097 1435 4847
988.5 1874 5410
350 1152 3273
692.667 1138 3639
224.333 751 1568
734.333 1378 4201
282.667 974 2443
798.667 1681 4997
661.667 1032 3142
572.167 1509 4377
803.667 1566 5023
868 1279 3985
452.167 1426 4311
707.333 1667 4698
1386 1832 5560
758 1382 4460
372.667 1148 3305
741.333 1664 4698
360.333 1145 3155
664 1158 3630
486 1097 3598
724 1395 4460
424.667 900 2593
751.333 1649 4548
349.667 1183 3273
912.333 1510 4847
385.333 1086 3155
763 1506 4548
250.167 1113 2364
577 1286 4135
303.333 973 2619
198.667 806 1534
405.667 903 2443
583.667 1002 2984
202 830 1797
742 1188 3788
622.333 1507 4522
424.833 1448 4135
269 998 2659
1308 1478 5023
305 930 2509
582 1084 3142
439.667 1357 4135
224.333 745 1502
717.667 1285 4161
1062 1442 4997
855.333 1334 4311
865 1131 3788
614 1195 3814
343.333 1216 3814
304.667 931 2886
1578.67 1703 5235
713.5 1455 4460
427.333 1354 3985
454.667 1332 4161
597.333 1058 3142
234.667 744 1450
784.667 975 3142
762.167 1363 4193
237.333 753 2056
532.667 830 2430
750.5 1169 3814
675.667 952 3102
343.333 1192 3142
398.5 1199 3630
640 799 2404
867 1289 4460
896 1257 3985
370.333 1178 3449
276.333 1007 2984
382 1133 3598
968.667 1456 4548
387.667 1123 3331
359.667 737 1947
198.667 812 1600
244.667 620 1502
266 984 2364
590.667 776 2312
198.667 836 2272
607.333 797 2364
224.333 775 2240
509 867 2404
613 986 3076
415.667 1399 3836
301.667 953 2280
234.667 768 2122
617.667 866 2659
614 965 3076
403.5 885 2364
307.667 915 2443
265.667 1045 3102
315 924 2768
304.333 962 2886
1658 1749 5301
803.333 1603 4847
276.333 983 2312
224 806 2240
221.667 776 2056
346.333 892 2430
648.5 1047 3142
287 538 1384
671 932 2958
381 875 2312
533.667 809 2430
657 1186 3630
1059.67 1833 5560
263.333 1015 2918
227.333 759 1797
489 611 1574
192.333 842 1534
248.333 621 1600
459.667 870 2312
412 777 2246
381 644 1692
392.667 704 1947
157 597 1410
384 377 712
177.333 418 0
177.333 442 672
384 348 0
153 436 0
230 456 862
206.667 352 0
206.667 382 738
346 373 646
153 467 830
346 350 0


601 1549 4460
336.333 1176 3489
1005 1269 4201
348.667 1183 3639
1595 1808 5235
263.333 1015 2918
1258 1733 5085
1029.17 1976 5085
799.333 1091 3273
1085.67 1567 5023
1098.33 1535 4554
977 1274 4017
622 1498 4311
762 1429 4460
346.333 892 2430
292 948 2443
301.667 977 2952
333.667 1187 3305
395.167 921 2627
645.333 1452 4460
1093.67 1868 5384
1649 1775 5209
837 1185 3814
756 1108 3748
299.333 957 2768
640 799 2404
476 1103 3339
294.667 937 2627
1055.67 1097 3313
501.5 1349 4135
1318 1499 4847
259.667 1020 2364
675.667 952 3102
775 1403 4193
265.667 1045 3102
746.667 1327 4167
946.667 1074 3273
330.667 1203 3748
1283.67 1501 4847
897.167 1320 4026
1509.67 1423 4847
1289.5 1560 5023
1344.33 1462 4738
801.5 1387 4311
489.167 1216 3814
771.667 1719 4589
477.833 1090 3164
333.667 1177 3305
347.5 1289 3814
782.833 1832 4914
266 984 2364
1233 1817 5410
405.667 941 2952
934.667 1107 3814
281.333 995 2809
999.333 1296 4460
691 1173 3630
1297.33 1913 5560
493.333 1483 4052
424.667 900 2593
202 830 1797
1017.33 1276 4351
269 998 2659
289 964 2886
1291.67 1263 4175
381 875 2312
764.833 1779 4764
617.667 866 2659
359.667 737 1947
509 867 2404
276.333 1007 2984
276.333 983 2312
266 990 2430
234.667 744 1450
266 1014 3102
703.333 1182 3748
322.333 925 2685
748.333 1149 3639
198.667 812 1600
1782 1680 5301
320 922 2593
198.667 836 2272
1125.33 1514 4738
488.333 1110 3489
1228.67 1998 5410
607.333 797 2364
234.667 768 2122
648.5 1047 3142
666.333 1171 3521
1078.33 1541 4738
1092.33 1553 4914
224.333 775 2240
224.333 751 1568
237.333 753 2056
1058.33 1566 4914
329.333 1241 3481
381 644 1692
350.667 885 2364
583.667 1002 2984
317.333 937 2659
307.667 915 2443
684.333 1190 3814
250.167 1113 2364
585.333 1004 2993
307 944 2777
224.333 745 1502
825.333 1358 4377
198.667 806 1534
950.667 1568 5023
733 1443 4460
798 1573 5023
601.333 1197 3665
244.667 620 1502
224 806 2240
459.667 870 2312
590.667 776 2312
227.333 759 1797
467.333 1131 3142
784.667 975 3142
775.333 1415 4351
192.333 842 1534
157 597 1410
221.667 776 2056
704.333 1159 3521
533.667 809 2430
214 833 1947
489 611 1574
287 538 1384
248.333 621 1600
661.667 1032 3142
412 777 2246
392.667 704 1947
372 710 2013
532.667 830 2430
230 456 862
206.667 352 0
177.333 418 0
153 436 0
384 377 712
346 373 646
153 467 830
206.667 382 738
346 350 0
177.333 442 672
384 348 0


1030.83 1269 4201
301.667 953 2280
273.333 1060 2952
1025.17 1296 4460
533.667 1297 4017
965.667 1350 4285
731 1367 4460
896 1257 3985
509 867 2404
472.667 1112 3273
359.667 737 1947
352.333 1145 3142
1763 1680 5235
1106 1493 4997
1186 1483 4738
424.833 1448 4135
1611 1470 4738
623 1456 4554
640 799 2404
1026 1573 5023
227.333 759 1797
1164.67 1253 4201
303.333 973 2619
946.667 1074 3273
395.167 921 2627
1110 1267 4000
234.667 768 2122
343.333 1216 3814
349.667 1170 3630
279.667 1001 2509
341 1196 3630
619.667 1503 4997
698.667 903 2443
434.667 1359 4351
875 1100 3547
320 912 2593
875 1659 5023
934.667 1107 3814
724 1395 4460
387 1121 3423
596 923 2685
304.333 962 2886
784.667 975 3142
1394.5 1455 4698
675.667 952 3102
276.333 983 2312
382 1133 3598
224.333 775 2240
304.667 931 2886
438 1312 3908
742 1188 3788
224.333 751 1568
1073.33 1689 5384
432.667 1047 3142
906.167 1579 5023
285 967 2312
304.333 945 2593
392.667 704 1947
678 1448 4460
838.333 1190 3814
288.667 985 2886
281.333 995 2809
1381 1293 4351
198.667 836 2272
1221 1726 5560
745.667 1669 5023
714 1032 3142
879.667 1834 5117
1517 1716 5560
276.333 1007 2984
940.667 1822 5560
237.333 753 2056
1096.33 1098 3463
266 990 2430
202 830 1797
510 1077 3305
263.333 1025 2918
1090.67 1732 5560
703.333 1182 3748
355.333 1153 3371
315 924 2768
301.667 977 2952
224.333 745 1502
1466.67 1911 5947
613 986 3076
552.667 1294 4167
367.667 1150 3521
761.333 1127 3455
789.333 1118 3748
299.167 1071 3102
221.667 776 2056
496.667 1130 3489
352 1200 3814
933.167 1838 5560
575.667 932 2958
346 1184 3455
491.667 1109 3423
224 806 2240
285 991 2984
250.167 1113 2364
334.667 776 2312
914 1356 4202
192.333 842 1534
198.667 812 1600
198.667 806 1534
214 833 1947
346.333 892 2430
575 823 2338
949.333 1807 5117
1070 1812 5560
536.333 1024 3102
234.667 744 1450
532.667 830 2430
350.667 885 2364
248.333 621 1600
586 809 2430
282.667 984 2443
244.667 620 1502
384 377 712
157 597 1410
607.333 797 2364
266.667 1019 2443
381 644 1692
287 538 1384
384 348 0
489 611 1574
206.667 352 0
346 350 0
153 467 830
177.333 418 0
206.667 382 738
153 436 0
230 456 862
346 373 646
177.333 442 672


641.333 1465 4698
512 1369 4460
343.333 1192 3142
640 799 2404
875.667 1888 5384
320 922 2593
1091.67 1412 4522
1206 1432 4548
362 1186 3423
387.333 1100 3423
860.333 1076 3156
449.5 912 2593
398.5 1199 3630
265.667 1045 3102
719.667 1670 4848
1015 1263 4460
838.333 1328 4377
388.167 1206 3748
405.667 903 2443
746.667 1327 4167
362.333 1155 3423
285 991 2984
1212 1452 5023
982.167 1536 5023
509 867 2404
575.667 932 2958
424.833 1448 4135
1000 1854 5560
276.333 1007 2984
1047 1699 5560
1225 1662 5384
966.667 1500 4997
954.333 1493 4847
266 990 2430
276.333 983 2312
227.333 759 1797
294.333 968 2627
437.167 1451 4285
359.667 737 1947
1046.33 1448 4548
263.333 1015 2918
269 998 2659
266 984 2364
360.333 1145 3155
827 1271 4161
629 1458 4548
447.333 1180 3814
607.333 797 2364
343.333 1216 3814
1394 1622 5301
926.167 1564 5023
489 1086 3273
440.5 1404 3842
387 1104 3331
884 1331 4460
1130.67 1478 4848
372.667 1148 3305
762.167 1363 4193
470.333 1130 3598
1066.67 1519 5023
665.667 1160 3639
375 1093 3273
558.667 1296 4161
452.167 1426 4311
896 1257 3985
259.667 1020 2364
867.667 1525 4848
301.667 977 2952
568.667 1266 4135
397.667 1093 3305
914 1809 5410
294.667 937 2627
585.333 1004 2993
556.333 1259 3985
234.667 768 2122
661.667 1032 3142
266 1014 3102
307.667 915 2443
370.333 1178 3449
795 1326 4285
1120 1669 5301
664 1158 3630
221.667 776 2056
935.5 1546 5023
224.333 751 1568
454 1313 4161
988 1737 5301
786.667 1133 3814
224 806 2240
305 930 2509
234.667 744 1450
675.667 952 3102
699 1137 3705
304.333 962 2886
224.333 775 2240
1366 1644 5301
304.667 931 2886
385.333 1086 3155
237.333 753 2056
315 924 2768
382 1133 3598
459.667 870 2312
198.667 836 2272
613 986 3076
731 1367 4460
1009 1243 3985
870 1500 4764
660.667 1053 3142
372 710 2013
350.667 885 2364
532.667 830 2430
486 1097 3598
192.333 842 1534
877 1299 4377
157 597 1410
198.667 812 1600
698 1158 3705
750 1575 5023
533.667 809 2430
381 644 1692
389.667 1103 3515
880 1498 4914
224.333 745 1502
692.667 1138 3639
405.667 941 2952
396.333 875 2312
617.667 866 2659
784.667 975 3142
464.5 1399 4377
590.667 776 2312
412 777 2246
198.667 806 1534
214 833 1947
489 611 1574
392.667 704 1947
597.333 1058 3142
697.5 1719 5023
248.333 621 1600
177.333 418 0
346.333 892 2430
287 538 1384
384 348 0
153 436 0
244.667 620 1502
230 456 862
346 373 646
206.667 382 738
177.333 442 672
384 377 712
346 350 0
153 467 830
206.667 352 0


755.167 1547 4698
843.667 1932 5410
612.333 982 2993
713 1679 5023
1080.67 1747 5560
786.667 1133 3814
566 1429 4311
301.667 977 2952
510 1077 3305
584.333 1401 4311
304.333 962 2886
843.5 1509 4764
691 1173 3630
334.667 776 2312
475.5 1077 3273
436.833 1160 3489
395.167 921 2627
263.333 1015 2918
1298.33 1438 4548
656 1452 4460
1276.33 1480 5023
385.333 1086 3155
1178 1716 5560
224 806 2240
359.667 737 1947
265.667 1045 3102
733 1443 4460
517.667 1342 4201
798 1573 5023
756 1108 3748
954.5 1769 5410
282.667 974 2443
352.333 1145 3142
1110 1531 5023
1287.33 1588 5560
449.5 912 2593
952.333 1343 4351
1226 1673 5560
648.5 1047 3142
281.333 995 2809
375 1093 3273
1188 1676 5410
372 710 2013
568.667 1266 4135
307.667 915 2443
372.667 1148 3305
1018.67 1254 4135
515 1358 4135
613 986 3076
1008 1780 5560
1083.67 1548 5023
227.333 759 1797
805.333 1431 4460
377.333 1130 3449
1202.33 1707 5560
671 932 2958
330.667 1203 3748
976 1286 4161
234.667 744 1450
1019.67 1285 4377
1099.83 1695 5410
348.667 1183 3639
732.667 1672 4764
746.667 921 2659
929.667 1894 5560
405.667 941 2952
597.333 1058 3142
221.667 776 2056
1022.17 1508 4698
1042.67 1750 5410
675.667 952 3102
929 1549 5023
1231.33 1524 4888
269 998 2659
341 1196 3630
784.667 975 3142
783.667 1623 5023
1049 1474 4764
1390 1277 4285
320 922 2593
1252.33 1512 4888
336.333 1176 3489
1121.67 1358 4460
640 799 2404
607.333 797 2364
533.667 809 2430
519 1496 4377
387.333 1100 3423
585.333 1004 2993
486 1097 3598
661.667 1032 3142
878.333 1369 4460
927.5 1908 5560
346.667 1169 3371
350 1152 3273
224.333 775 2240
447.333 1180 3814
224.333 751 1568
315 924 2768
532.667 830 2430
266 984 2364
259.667 1020 2364
304.667 931 2886
248.333 621 1600
192.333 842 1534
770 910 2593
392.667 704 1947
198.667 806 1534
346.333 892 2430
489 611 1574
381 644 1692
157 597 1410
276.333 1007 2984
198.667 836 2272
350.667 885 2364
672.667 1363 4377
266 1014 3102
224.333 745 1502
234.667 768 2122
276.333 983 2312
837.333 1088 3423
237.333 753 2056
244.667 620 1502
601 1549 4460
198.667 812 1600
294.667 937 2627
347.5 1289 3814
206.667 382 738
206.667 352 0
384 377 712
346 350 0
287 538 1384
177.333 442 672
346 373 646
153 467 830
230 456 862
266 990 2430
153 436 0
384 348 0
177.333 418 0


395.167 921 2627
752 1109 3449
392 1143 3515
831.333 1249 3868
934.667 1107 3814
719.333 1621 4730
471.167 1398 4193
292 938 2443
294.333 968 2627
932.333 1479 4698
214 833 1947
266 1014 3102
637.333 1129 3515
634.833 1223 3665
830.667 1307 4311
789.333 1118 3748
932 1593 4848
320 912 2593
613 986 3076
980 1560 4848
263.333 1015 2918
405.667 941 2952
1062 1519 4848
379 1151 3449
672.667 1363 4377
688.333 1473 4460
362.833 1270 3521
700.333 1624 4580
661.667 1032 3142
471.333 1160 3521
202 830 1797
856 1103 3397
825.333 1358 4377
351.667 1157 3196
1431.67 1714 5384
597.333 1058 3142
347.5 1289 3814
685.667 1185 3639
583.667 1002 2984
946.667 1074 3273
596 923 2685
605.333 1185 3547
822 1108 3748
1303 1823 5560
670 1364 4193
744.333 1653 5023
389.5 1237 3665
266 984 2364
671 932 2958
875 1100 3547
612.667 1250 3748
803.667 1175 3814
912.5 1623 4847
760.667 1157 3665
791.667 985 3142
584.667 1276 3868
304.333 962 2886
944.667 1340 4351
785.667 1190 3814
905.667 1098 3489
917.333 1598 4847
766 1118 3665
276.333 983 2312
703.333 1651 4764
408.5 1209 3547
707.333 1463 4460
649 1206 3748
346.333 892 2430
265.667 1045 3102
675.667 952 3102
677.667 1226 3814
531.833 1444 4201
634.833 1552 4460
472.667 1112 3273
491.667 1109 3423
1125.33 1897 5235
429.667 921 2659
715.667 1127 3489
784.833 1457 4460
227.333 759 1797
334.667 776 2312
932 1566 5023
640 799 2404
580.5 1371 3902
392.667 704 1947
681.667 1191 3630
237.333 753 2056
285 967 2312
1410.5 1730 5560
1025 1273 4377
898.333 1641 4847
372.667 1148 3305
533.667 809 2430
276.333 1007 2984
1133 1511 4764
1090 1524 5023
743.667 1131 3521
802.667 1316 4018
314.667 941 2803
447.333 1142 3305
644 1216 3665
198.667 836 2272
515 1066 3156
827.333 1261 3986
1144 1509 4914
317.667 925 2360
224.333 775 2240
394.667 1111 3156
876 1356 4377
344.833 1290 3630
192.333 842 1534
466.333 1139 3455
612.333 982 2993
1187.33 1940 5384
686.667 1164 3639
301.667 977 2952
234.667 744 1450
825.333 1558 4554
548.167 1276 3836
485.5 1087 3190
224.333 751 1568
585.333 1004 2993
672 976 3010
350.667 885 2364
624.333 1137 3449
198.667 806 1534
532.667 830 2430
325 934 2685
288.667 985 2886
509 867 2404
336.333 1176 3489
287 538 1384
198.667 812 1600
333.667 1177 3305
221.667 776 2056
377 1161 3449
248.333 621 1600
224.333 745 1502
234.667 768 2122
157 597 1410
312 942 2619
381 644 1692
244.667 620 1502
607.333 797 2364
537.333 710 2013
359.667 737 1947
224 806 2240
310 952 2619
269 998 2659
489 611 1574
153 467 830
153 436 0
230 456 862
346 373 646
177.333 442 672
346 350 0
206.667 352 0
384 348 0
384 377 712
206.667 382 738
177.333 418 0


475.5 1077 3273
276.333 1007 2984
1308.67 1714 5560
336.333 1176 3489
375 1093 3273
304.667 931 2886
294.667 937 2627
652.333 1584 5023
417 1358 4460
352.333 1145 3142
1117.83 1688 5410
422.667 1331 4201
282.667 974 2443
436.833 1160 3489
224.333 745 1502
1558 1486 4738
915 1114 3463
874 1521 4914
752.333 1531 5023
977 927 2633
881.833 1885 5560
466.333 1139 3455
533.667 1297 4017
1179 1257 4000
823.167 1730 5410
685 968 3076
1613 1462 4738
292 938 2443
945.833 1682 5301
1000.33 1657 5301
575.667 932 2958
628.333 1131 3521
714 1032 3142
320 922 2593
1589 1475 4712
791.667 985 3142
359.667 737 1947
523.167 1315 4201
395.167 921 2627
621.333 1520 4764
1153 1109 3529
1395 1263 4175
631.833 1502 4580
1034.83 1761 5560
650.833 1499 4730
307.667 915 2443
1161 1277 4109
1215.67 1298 4351
891.833 1703 5410
288.667 985 2886
1105.67 1692 5410
789.667 1337 4460
352.333 1169 3814
902 1122 3397
721 1557 5023
1002.83 2276 5947
221.667 776 2056
931 1131 3722
552.667 1294 4167
352 1200 3814
1160.67 1677 5410
224.333 751 1568
333.667 1177 3305
416.667 1379 4460
672 976 3010
687.667 1352 4377
304.333 962 2886
349.667 1170 3630
263.333 1015 2918
1323 1476 4563
917.667 1498 4764
1756.67 1890 5947
1096.33 1098 3463
1110 1132 3788
1522 1498 4997
1128.67 1319 4351
281.333 1005 2809
392.667 704 1947
533.667 809 2430
607.333 797 2364
509 867 2404
1293.67 2017 5947
234.667 768 2122
1219.17 1508 4997
157 597 1410
866.333 952 3076
1163.67 2151 5947
227.333 759 1797
198.667 806 1534
224.333 775 2240
234.667 744 1450
1004.67 2269 5947
381 644 1692
1080.67 2213 5947
285 967 2312
888 975 3142
1114.67 2176 5947
285 991 2984
432.667 1047 3142
640 799 2404
372 710 2013
949 1111 3613
269 998 2659
334.667 776 2312
248.333 621 1600
244.667 620 1502
266 1014 3102
489 611 1574
266 984 2364
237.333 753 2056
192.333 842 1534
224 806 2240
350.667 885 2364
198.667 836 2272
265.667 1045 3102
346.333 892 2430
355.333 1153 3371
198.667 812 1600
1550.17 1976 5947
177.333 418 0
532.667 830 2430
230 456 862
384 377 712
287 538 1384
266 990 2430
384 348 0
153 467 830
346 350 0
153 436 0
346 373 646
206.667 382 738
206.667 352 0
177.333 442 672


353.667 1199 3305
533.667 809 2430
950 1577 4848
376 1314 3814
1381.5 1531 4847
1316.67 1728 5560
266 990 2430
1156 1270 4135
954.333 1523 4672
355.333 1153 3371
912.167 1344 4351
282.667 974 2443
409.5 931 2886
1101.5 1383 4460
349.833 1209 3273
266 1014 3102
1165.33 1504 4672
1032 1290 4135
1129 1131 3788
566 1446 4285
403.5 1187 3455
1348.67 1444 4672
736.667 900 2593
886.167 1370 4351
1054.5 1406 4460
1082 1154 3788
1191.17 1873 5235
265.667 1045 3102
1113 1088 3423
1190 1716 5023
1020.67 1280 4052
224.333 775 2240
597.333 1058 3142
692.167 1171 3521
359.667 737 1947
804 1327 4285
576.5 1561 4460
598.833 1212 3489
593.167 1239 3748
1110.17 1936 5085
867.667 1438 4460
373.5 1263 3521
234.667 768 2122
596 923 2685
1101.5 1974 5301
492 1446 4135
1290.67 1503 4698
343.333 1192 3142
1208.17 1446 4672
281.333 995 2809
575.667 932 2958
1215.17 1913 5301
1121 1517 4672
294.333 968 2627
784.167 1121 3639
822 1108 3748
288.667 985 2886
1103.17 1307 4311
306.667 965 2777
330 922 2510
1043.17 1341 4377
269 998 2659
266 984 2364
1039.17 1287 4202
325 934 2685
234.667 744 1450
760.667 1617 4997
224.333 751 1568
1169 1492 4672
893 1077 3305
888 975 3142
966.167 1393 4377
276.333 1007 2984
683.667 1372 4285
678 1448 4460
1096 1276 3876
517.5 1141 3142
753.333 1608 4672
559.167 1517 4311
630.667 1273 3814
732 913 2443
797 1427 4351
292 948 2443
392.667 704 1947
307.667 915 2443
961.667 1532 4997
919.667 1606 4672
681.667 1191 3630
606.667 1186 3489
799.167 1384 4311
798.667 1443 4460
736.667 1655 4698
350.667 885 2364
312 942 2619
227.333 759 1797
916.667 1429 4460
263.333 1015 2918
237.333 753 2056
202 830 1797
368.667 1305 3489
800.667 1365 4135
601 1203 3748
192.333 842 1534
664.333 1247 3814
346.333 892 2430
697.167 1103 3515
198.667 806 1534
684.333 1190 3814
803 1324 3868
224.333 745 1502
287 538 1384
354.667 1322 3748
221.667 776 2056
250.167 1113 2364
648.5 1047 3142
537.333 710 2013
198.667 812 1600
787.333 1347 3868
334.667 776 2312
198.667 836 2272
1088.5 1277 4135
803.667 1175 3814
766.167 1141 3748
501.333 1246 3481
1262.33 1808 5560
678 916 2567
746.667 921 2659
640 799 2404
585.333 1004 2993
381 644 1692
532.667 830 2430
224 806 2240
661.667 1032 3142
672 976 3010
1093.33 1773 5023
566.667 1303 3748
630 1120 3190
285 991 2984
157 597 1410
661.167 1427 4161
675.667 952 3102
624.333 1137 3449
301.667 977 2952
607.333 797 2364
631 1124 3515
248.333 621 1600
489 611 1574
244.667 620 1502
153 436 0
346 350 0
230 456 862
177.333 418 0
177.333 442 672
206.667 382 738
206.667 352 0
384 377 712
153 467 830
346 373 646
384 348 0


903 1638 4997
552.667 1294 4167
838.333 1190 3814
845 1097 3598
697.167 1103 3515
841 1375 4351
729 1436 4460
432.667 1047 3142
367.667 1150 3521
1270.5 1474 4698
867.333 1727 5023
352 1200 3814
1181.33 1727 5301
1421.5 1516 4997
762 1429 4460
1019.67 1285 4377
924 1357 4460
950 1331 4460
294.333 968 2627
766.167 1141 3748
753.667 1624 4730
614 965 3076
1210 1688 5384
1180 1477 4847
1087 1807 5384
918.667 1819 5117
872 1277 4285
1274.33 1483 4914
315 924 2768
1035 1554 4997
1156.67 1622 5085
797.667 1646 4914
1059.33 1993 5275
338 1239 3598
867 1614 4554
266 984 2364
818.333 1086 3273
348.5 1325 3814
1321.33 1844 5560
1404.5 1423 4672
1053 1272 4167
389.333 1134 3515
854.667 1581 4471
734.667 1656 4730
348.333 1204 3639
845 1739 5023
405.667 903 2443
613 866 2659
820.833 1752 5023
1006.67 1743 5085
1256.33 1498 4914
892.667 1570 4914
726.5 1549 4460
1027.67 1737 5085
864 1275 4161
1175.33 1830 5410
1116 1516 4738
813 1289 4084
509 867 2404
587.333 1024 3102
810 1411 4377
1009 1243 3985
694 1690 4730
192.333 842 1534
1052 1254 4135
661.667 1032 3142
784.167 1121 3639
234.667 768 2122
666 1197 3665
612.333 982 2993
1153 1728 5085
234.667 744 1450
418 1416 4377
1048 1536 4847
575.667 932 2958
428 1402 3986
865 1131 3788
1358 1460 4646
1128.17 1552 4997
334.667 776 2312
285 991 2984
304.333 945 2593
198.667 836 2272
986.333 1551 4548
372 710 2013
1061 1813 5384
822 1108 3748
1136 1752 5384
459.667 1320 3986
1201.17 1228 3868
675.667 952 3102
955.167 1715 5023
224 806 2240
320 912 2593
955 1538 4522
278.667 1012 2593
392.667 1111 3156
304.333 962 2886
665.667 1160 3639
362.333 1155 3423
336 1207 3489
346.333 892 2430
1401.5 1527 4997
533.667 809 2430
281.333 995 2809
285 967 2312
224.333 775 2240
266 990 2430
1226.5 1591 5023
263.333 1015 2918
1565 1796 5560
265.667 1045 3102
301.667 953 2280
1143.5 1704 5023
640 1114 3449
532.667 830 2430
224.333 745 1502
221.667 776 2056
644 1102 3331
726 1195 3814
198.667 812 1600
362 1186 3423
392.667 704 1947
198.667 806 1534
359.667 737 1947
893 1077 3305
248.333 621 1600
640 799 2404
276.667 1013 2509
307.667 915 2443
214 833 1947
227.333 759 1797
157 597 1410
244.667 620 1502
737.167 1084 3222
384 377 712
607.333 797 2364
384 348 0
237.333 753 2056
287 538 1384
381 644 1692
350.667 885 2364
304.667 931 2886
346 350 0
224.333 751 1568
346 373 646
230 456 862
153 467 830
177.333 442 672
489 611 1574
153 436 0
177.333 418 0
206.667 352 0
206.667 382 738


1205.17 1556 5023
649 1206 3748
1043.17 1276 4351
1622 1411 4672
1078.17 1578 4847
645 1473 4460
833.333 1700 4997
698.667 903 2443
891.333 1597 4997
1141.17 1536 4914
202 830 1797
1103.17 1540 4848
919 1590 4548
666 1376 4311
514.333 1351 4135
662.667 920 2659
1176 1872 5235
1188 1857 5410
746 916 2567
707.333 1463 4460
1337 1432 4522
844.333 1348 4135
868.167 1390 4460
1457.17 1711 5235
276.333 1007 2984
612.333 982 2993
392.667 704 1947
343.333 1216 3814
796.667 1751 4848
1039.17 1287 4202
1421.17 1734 5410
1013 2000 5560
263.333 1015 2918
330.333 1224 3748
1070.67 1917 5560
973.667 1325 4351
1516.17 1667 5410
772.667 1763 5023
1328.33 1813 5410
905.667 1098 3489
948.833 1683 5023
1228.5 1480 5023
387 1104 3331
1211.17 1546 5023
1485.17 1683 5235
597.5 1151 3449
1334.17 1459 5023
1230.5 1903 5560
1409.17 1719 5235
791.667 985 3142
1274.17 1838 5560
537.333 710 2013
265.667 1045 3102
1081 1263 4460
597.333 1058 3142
1393.17 1736 5410
1025.17 1296 4460
1187 1733 5235
1564.17 1605 5410
867 1753 5023
533.667 809 2430
1233.17 1466 4848
266 990 2430
931.667 1903 5235
266 1014 3102
648.5 1047 3142
998.667 1360 4460
735.667 1184 3515
1085.17 1485 4698
872 1141 3788
613 986 3076
840.667 1449 4377
1012.17 1307 4311
1342.67 1737 5301
1339.17 1443 4698
431 915 2443
742.667 1166 3515
750.5 1169 3814
784.167 1121 3639
305 930 2509
976.167 1323 4135
352.333 1145 3142
1164.67 1253 4201
822 1108 3748
934.667 1107 3814
234.667 744 1450
739.667 1205 3748
640 799 2404
1326.17 1812 5301
936 1690 5023
234.667 768 2122
1042.83 1981 5301
1600 2015 5947
923 1738 5023
650.667 1211 3814
799 1683 4848
1160.17 1572 5023
266 984 2364
1036 1268 4135
771.833 1114 3489
741.667 1103 3190
895.5 1100 3423
237.333 753 2056
996.167 1287 4135
362.333 1155 3423
834 1344 3842
221.667 776 2056
301.667 977 2952
1566 1811 5560
1030.17 1646 5023
292 938 2443
733.167 1130 3449
409.5 931 2886
334.667 776 2312
672 976 3010
192.333 842 1534
512.167 922 2510
244.667 620 1502
350.667 885 2364
1081.17 1620 5023
766.167 1141 3748
978.167 1300 4285
224.333 745 1502
198.667 836 2272
582 1084 3142
607.333 797 2364
341.333 1202 3155
198.667 806 1534
214 833 1947
933.667 1553 4698
888 975 3142
224.333 751 1568
294.333 968 2627
259.667 1020 2364
532.667 830 2430
359.667 737 1947
157 597 1410
675.667 952 3102
346.333 892 2430
807 1429 4351
952.5 1373 4460
227.333 759 1797
198.667 812 1600
674.167 1191 3630
288.667 985 2886
304.333 945 2593
224.333 775 2240
224 806 2240
346 350 0
287 538 1384
248.333 621 1600
346 373 646
206.667 352 0
206.667 382 738
384 377 712
177.333 418 0
489 611 1574
381 644 1692
230 456 862
153 436 0
153 467 830
384 348 0
177.333 442 672


867.333 1275 3902
475.5 1077 3273
1484.67 1814 5560
351.667 1167 3196
382.833 1180 3305
861.333 1902 5235
629.667 1622 4698
709.333 1379 4017
318.167 1043 2984
372 710 2013
754 1792 4847
949.333 1525 4847
645 1609 4405
1019.33 1264 4135
734 1225 3788
1344.67 1674 5410
741 1209 3788
273.667 1005 2280
334 1197 3273
557 1352 3985
1082 1521 5023
214 833 1947
765.667 1567 5023
677.667 1226 3814
764.667 1346 4460
843.333 1529 5023
1097 1435 4847
710.167 1104 3331
1027.67 1684 5410
1082.33 1301 4377
456 1444 3868
630 1180 3598
585.333 1004 2993
803.667 1175 3814
594.667 1394 4193
904 1737 5117
405.667 941 2952
320 922 2593
816.333 1541 5023
1379.67 1635 5410
736.667 1192 3748
882.167 1426 4548
464.5 1357 3814
206.333 851 2122
356.333 1193 3305
483.667 1446 4135
648.5 1047 3142
360.333 1155 3155
625 1668 4460
874 1775 5235
1162.67 1457 5023
854.167 1313 4311
279.667 1001 2509
689.333 1298 3836
648.333 1191 3630
688.667 1122 3489
299.333 957 2768
970 1509 4738
583.667 1002 2984
330.667 1203 3748
664 1158 3630
202 830 1797
631 1124 3515
1641 1803 5560
1118.67 1500 4888
413.167 1129 3331
402.833 1136 3449
982.333 1512 4888
711.333 1280 4161
315 924 2768
784.667 975 3142
614 965 3076
1130.67 1478 4848
924.667 1288 4351
396.333 875 2312
192.333 842 1534
287.667 1002 2619
540 1026 2958
530.333 1355 3810
1173.67 2116 5947
307.667 915 2443
1180.67 2085 5947
974.333 1523 4888
292 948 2443
224 806 2240
301.667 977 2952
685.5 1193 3748
740.333 1141 3748
1225.67 2014 5560
304.667 931 2886
722.667 1100 3521
846.333 1513 4580
665.667 1160 3639
924.667 1923 5410
944.333 1774 5410
916.667 1299 4351
719.167 1367 4193
346 1200 3423
706.167 1462 4460
237.333 753 2056
750.333 1362 4176
227.333 759 1797
612.333 982 2993
533.667 809 2430
710.333 1276 3836
749 1363 4193
412 777 2246
715.167 1379 4311
676.167 1310 3814
584.333 1401 4311
346.333 892 2430
1006.67 1132 3788
214.833 868 2240
224.333 745 1502
1439 1944 5560
234.667 768 2122
532.667 830 2430
289 964 2886
607.333 797 2364
350.667 885 2364
613 986 3076
304.333 962 2886
259.667 1020 2364
617.667 866 2659
305 930 2509
359.667 737 1947
640 1114 3449
392.667 704 1947
198.667 806 1534
232.167 862 2272
248.333 621 1600
221.667 776 2056
224.333 751 1568
692.667 1138 3639
509 867 2404
675.667 952 3102
299.167 1071 3102
157 597 1410
269.333 1008 2627
657.167 1320 3814
307.833 1050 3102
290 1133 3102
381 644 1692
590.667 776 2312
838.667 1277 4285
224.333 775 2240
244.667 620 1502
263.333 1015 2918
287 538 1384
640 799 2404
459.667 870 2312
234.667 744 1450
385.333 836 2272
586.333 1045 3102
756 1108 3748
403.5 1187 3455
177.333 442 672
206.667 352 0
177.333 418 0
384 377 712
230 456 862
489 611 1574
153 436 0
384 348 0
206.667 382 738
346 373 646
153 467 830
346 350 0


827.667 1395 4460
1167 1885 5085
946.667 1074 3273
360.333 1295 3489
816.833 1688 4847
586.167 1541 4351
304.333 962 2886
921.833 1608 4764
480.833 1309 3665
500.5 1532 4201
809.667 1084 3155
940 1293 4135
543 1615 4377
1075 1545 4738
613 986 3076
1090 1545 4847
1346 1956 5410
1073 1564 4764
802.167 1364 4377
1117 1517 4847
1202 1458 4764
263.333 1015 2918
904.167 1281 3836
686.833 1788 4847
250.167 1113 2364
1164.67 1253 4201
1092.17 1540 4471
1168 1492 4764
372 710 2013
719.833 1781 4738
1185 1098 3463
292 938 2443
281.333 995 2809
1360 1825 5384
299.333 957 2768
265.667 1045 3102
1026.5 1657 4888
488.333 1110 3489
305 930 2509
1162.33 1519 5023
350.667 885 2364
877 1093 3273
601.667 1577 4377
917.667 1648 4698
320 922 2593
1350 1844 5275
1144.33 1537 4997
432.667 1047 3142
675.333 1206 3630
1509.67 1423 4847
891.667 1089 3273
1224.33 2022 5209
673.667 1514 4311
839 1298 4167
1269.67 1864 5117
738 930 2627
372.667 1302 3639
893 1077 3305
377.667 1252 3449
266 984 2364
1193.33 1508 4997
762.667 1502 4460
294.667 937 2627
921.5 1661 5023
1270.67 1985 5410
1005 1269 4201
767.167 1692 5023
1229.33 1442 4847
266 990 2430
424.667 900 2593
685 1587 4460
1196.33 1485 5023
509 867 2404
784.667 975 3142
234.667 744 1450
696.667 1482 4377
1117.33 1539 4997
489.167 1216 3814
470.333 1130 3598
955.667 1645 4848
740.333 1141 3748
612.333 982 2993
198.667 812 1600
1457.67 1807 5275
1489 1635 5384
419 1257 3489
1209.33 1478 4847
674.667 1500 4052
234.667 768 2122
671 932 2958
1017.33 1276 4351
476 1103 3339
650.667 1211 3814
192.333 842 1534
583.667 1002 2984
1066.33 1581 5023
405.667 941 2952
739.667 1478 4377
1069.33 1572 4997
901.167 1109 3449
292.5 1039 2952
934.667 1107 3814
738.833 1450 4201
237.333 753 2056
944.5 1348 4460
1055.67 1097 3313
869.667 1131 3748
198.667 836 2272
658.667 1521 4311
685.5 1193 3748
334.667 776 2312
355.333 1153 3371
695.667 1485 4311
533.667 809 2430
227.333 759 1797
459.667 1320 3986
1303.17 1483 4848
224.333 745 1502
815.667 1101 3339
214 833 1947
224.333 751 1568
607.333 797 2364
543.167 1209 3665
712.167 1480 4052
269 998 2659
409.5 931 2886
999.333 1296 4460
675.667 952 3102
289 964 2886
750.5 1169 3814
1384.17 1744 5235
491.667 1109 3423
491.5 1014 3102
714.667 1170 3639
301.667 977 2952
388.167 1338 3665
718.333 1391 4161
287 538 1384
346.333 892 2430
532.667 830 2430
259.667 1020 2364
344.167 1304 3489
489 611 1574
221.667 776 2056
157 597 1410
392.667 704 1947
224.333 775 2240
248.333 621 1600
224 806 2240
359.667 737 1947
524 1007 2984
640 799 2404
381 644 1692
288.667 985 2886
244.667 620 1502
346 350 0
346 373 646
153 436 0
384 377 712
198.667 806 1534
230 456 862
177.333 442 672
384 348 0
177.333 418 0
153 467 830
206.667 352 0
206.667 382 738


294.667 937 2627
1177.5 1312 4377
791.667 985 3142
333.667 1187 3305
1489.67 1681 5410
565.667 1152 3521
1164.33 1712 5117
866.333 952 3076
349.667 1180 3630
1354 1268 4135
375 1093 3273
239.667 756 1947
823.167 1730 5410
864.333 1552 5023
1211.67 1786 5560
652.333 1584 5023
672 976 3010
420 1342 4017
447.333 1142 3305
192.333 842 1534
587.833 1504 4847
1082 1154 3788
265.667 1045 3102
330.667 1203 3748
640 799 2404
613 866 2659
202 830 1797
214 833 1947
879 1092 3247
722.667 1100 3521
1341 1283 3836
605.833 1484 4738
442 924 2768
221.667 776 2056
336.333 1176 3489
263.333 1015 2918
420 1332 4017
685 968 3076
1123 1729 5410
259.667 1020 2364
965.333 1482 4997
307.667 915 2443
1370 1264 3836
775 1536 4914
281.333 1005 2809
860 1499 4847
721 1557 5023
395.167 921 2627
355.333 1153 3371
927.333 1485 4847
523.167 1315 4201
888 975 3142
276.333 1007 2984
872.333 1506 4997
1136 1141 3788
436.833 1160 3489
227.333 759 1797
789.667 1337 4460
392.667 704 1947
346.333 892 2430
269 998 2659
224.333 751 1568
343.333 1216 3814
1327 1300 4351
422.667 1331 4201
575.667 932 2958
266 984 2364
224 806 2240
198.667 836 2272
417 1358 4460
287 538 1384
438 1322 3908
1140 1137 3705
435 1338 4351
359.667 737 1947
266 990 2430
350.667 885 2364
234.667 744 1450
304.667 931 2886
352.333 1145 3142
247.333 763 1973
478.667 768 2122
266 1014 3102
285 967 2312
607.333 797 2364
198.667 806 1534
224.333 775 2240
432.667 1047 3142
224.333 745 1502
198.667 812 1600
293.333 975 2360
352.333 1169 3814
532.667 830 2430
501.333 753 2056
533.667 809 2430
157 597 1410
381 644 1692
285 991 2984
372 710 2013
384 348 0
334.667 776 2312
248.333 621 1600
177.333 442 672
489 611 1574
244.667 620 1502
153 436 0
153 467 830
346 350 0
177.333 418 0
384 377 712
206.667 352 0
346 373 646
206.667 382 738
230 456 862


