659.667 1425 4011
729.5 1124 4011
660.167 1194 4011
764.333 1097 4011
892.167 1067 4011
832.833 1090 4011
923.333 1792 4560
1475.33 1349 4560
1418 1382 4560
1442 1360 4560
1148.17 1485 4560
1112.17 1496 4560
1147.17 1492 4560
1164.17 1466 4560
1025.17 1615 4560
992.167 1639 4560
977.167 1658 4560
1189.17 1445 4560
1218.17 1388 4560
1212.17 1414 4560
1190.17 1441 4560
1068.17 1542 4560
1062.17 1568 4560
328.5 270 0
460 248 0
304 390 0
496 214 0
178.667 412 0
101.667 426 0
496 256 355
704.167 806 2167
321.333 836 2675
360.5 547 1336
217.167 562 1552
629 496 1244
244.667 639 1837
275.333 578 1570
460 275 556
304 424 889
390 385 922
178.667 458 948
101.667 446 838
328.5 319 714


304 390 0
178.667 412 0
496 256 355
101.667 426 0
785 767 2433
521.167 786 2441
431.167 790 2174
600.333 1062 3114
467.333 832 2225
483 1006 2759
796.333 852 3114
647.333 1002 3114
710.667 967 3114
561.667 1118 3114
676 997 3114
1219.67 1136 3473
1097 1254 3916
779 1362 3916
830.5 1325 3916
1095 1261 3916
841.667 2008 4933
911 1882 4933
1145.33 1618 4933
1115 1628 4933
1093 1651 4933
1191.33 1581 4933
1143.33 1620 4933
1092.33 1666 4933
1260 1578 4933
1291 1493 4933
1271 1505 4933
1438 1431 4933
1721.5 1402 4933
1046.33 1729 4933
1089 1715 4933
944 1788 4933
988.833 1733 4933
966.333 1777 4933
772.5 1507 4450
1373 1299 4450
899.5 1374 4450
972.5 1303 4450
1421 1285 4450
1399 1298 4450
783.5 1482 4450
758.5 1530 4450
844.5 1404 4450
897 1399 4450
178.667 458 948
304 424 889
101.667 446 838
390 385 922
328.5 319 714
593 538 1087
217.167 562 1552
234 649 1760


1639.17 1572 6020
1183.67 1798 6020
1213.33 1720 6020
1254.33 1700 6020
1183.33 1804 6020
1258.83 1697 6020
1191.33 1739 6020
1381.67 1617 6020
1424.67 1591 6020
1340.67 1640 6020
1333.67 1678 6020
1334.17 1669 6020
1095.17 1899 6020
1073.17 1903 6020
1145.17 1814 6020
1153.33 1808 6020
1163.33 1805 6020
1098.33 1850 6020
1124.83 1828 6020
1014.5 1946 6020
966.5 1984 6020
1021.83 1938 6020
949.833 2027 6020
1054.67 1922 6020
1012.33 1973 6020
328.5 270 0
460 248 0
460 275 556
178.667 412 0
374 386 622
496 214 0
101.667 446 838
101.667 426 0
760.667 892 3015
557.667 967 2500
610.833 926 3147
1104 880 3147
1056 894 3147
1013 925 3147
473.333 759 2459
518.667 973 3147
1176 1343 4095
681.5 1112 4011
851.167 1105 3704
530.5 511 1069
217.167 562 1552
304 424 889
523 620 1811
178.667 458 948
390 385 922
244.667 639 1837
275.333 578 1570


875.167 1774 4871
946.333 1681 4871
948.333 1639 4871
923.333 1687 4871
947.667 1677 4871
889.833 1712 4871
874.333 1784 4871
864.333 1923 4871
1409 1529 4871
1299.33 1530 4871
1076.33 1532 4871
988.333 1623 4871
1709.33 1609 5819
1161 1628 5464
1073 1706 5464
1160.33 1705 5464
1068.33 1752 5464
1194.33 1617 5464
993.333 1783 5464
1146.33 1838 5819
1190.33 1762 5819
1110.67 1839 5819
1191.33 1754 5819
1180.67 1792 5819
1098.33 1865 5819
1163.33 1820 5819
1055.33 1944 5819
1012.33 1988 5819
1311.67 1673 5819
1278.33 1684 5819
1213.33 1735 5819
178.667 412 0
496 214 0
304 390 0
496 256 355
460 248 0
328.5 270 0
101.667 426 0
443.667 596 1369
756 758 2100
693 805 2100
400.167 677 1870
481.833 656 1870
460 275 556
629 496 1244
328.5 319 714
101.667 446 838
259 621 1303
429.5 511 1069
178.667 458 948
390 385 922
304 424 889
647.167 1189 3853
1108 1353 4308
536.167 915 2708
498.333 919 2500
812.333 775 2551
633.333 937 3297
455.833 954 3297
448.833 999 3297


1686.5 1421 5288
1540.17 1430 5288
1234.83 1472 5288
1235.17 1459 5288
1214.17 1502 5288
1339.83 1440 5288
1162.67 1535 5288
1110.67 1557 5288
1180.83 1517 5288
946.333 1708 5427
889.833 1739 5427
948.333 1666 5427
923.333 1714 5427
988.333 1650 5427
1076.33 1559 5427
874.333 1811 5427
947.667 1704 5427
864.333 1950 5427
969.333 1580 5288
1429.33 1553 5427
328.5 270 0
101.667 426 0
178.667 412 0
304 390 0
460 248 0
328.5 319 714
460 275 556
496 214 0
523 620 1811
255.333 655 1786
376.667 639 1837
451 768 2225
454.833 687 2225
562.5 749 2349
423 817 2349
450.167 788 2349
651.167 867 2500
476.833 878 2500
101.667 446 838
304 424 889
217.167 562 1552
390 385 922
360.5 547 1336
289.333 564 1662
530.5 511 1069
178.667 458 948
440 512 1636
935.667 918 2939
910 909 2708
792.167 944 2939
541.833 1144 3031
637.5 1045 3031
624.5 1066 3031
665 1013 3063
617.333 1106 3063
890.667 1404 3762
828 1122 3477
839.667 1168 3678
1359 1338 3985
861 1058 3678
1650.33 1235 3985
997 1403 3985
1283.83 1339 3985
1437.67 1309 3985
1562 1299 3985


1686.5 1421 5288
1540.17 1430 5288
1234.83 1472 5288
1235.17 1459 5288
1214.17 1502 5288
1339.83 1440 5288
1162.67 1535 5288
1110.67 1557 5288
1180.83 1517 5288
946.333 1708 5427
889.833 1739 5427
948.333 1666 5427
923.333 1714 5427
988.333 1650 5427
1076.33 1559 5427
874.333 1811 5427
947.667 1704 5427
864.333 1950 5427
969.333 1580 5288
1429.33 1553 5427
328.5 270 0
101.667 426 0
178.667 412 0
304 390 0
460 248 0
328.5 319 714
460 275 556
496 214 0
523 620 1811
255.333 655 1786
376.667 639 1837
451 768 2225
454.833 687 2225
562.5 749 2349
423 817 2349
450.167 788 2349
651.167 867 2500
476.833 878 2500
101.667 446 838
304 424 889
217.167 562 1552
390 385 922
360.5 547 1336
289.333 564 1662
530.5 511 1069
178.667 458 948
440 512 1636
935.667 918 2939
910 909 2708
792.167 944 2939
541.833 1144 3031
637.5 1045 3031
624.5 1066 3031
665 1013 3063
617.333 1106 3063
890.667 1404 3762
828 1122 3477
839.667 1168 3678
1359 1338 3985
861 1058 3678
1650.33 1235 3985
997 1403 3985
1283.83 1339 3985
1437.67 1309 3985
1562 1299 3985


178.667 412 0
304 390 0
460 275 556
328.5 270 0
101.667 446 838
328.5 319 714
460 248 0
101.667 426 0
496 214 0
457.167 976 3231
382.333 1136 3231
471.333 780 2759
321.333 836 2675
974 967 2906
1123 817 2906
1034.5 896 2939
801 752 2258
755 753 2035
391.167 795 2342
448.667 825 2393
566 571 1511
553 565 1478
304 424 889
444 479 1270
390 385 922
429.5 511 1069
244.667 639 1837
178.667 458 948
273.333 599 1870
1180.67 1381 3470
961.667 1427 3861
1141.67 1402 3828
1397 1331 4026
1445.5 1778 4651
1083.67 1527 4516
1613.67 1714 4600
878.667 1673 3744
1464.33 1940 4842
1406.67 2039 5537
1526 1875 5753


838.667 1252 4574
842.333 1843 4626
914.333 1754 4626
955.667 1748 4626
966.333 1724 4626
879.333 1832 4626
1235.17 1495 4626
1191 1188 4574
1032.83 1672 4626
1045.83 1624 4626
995.833 1694 4626
1027.83 1673 4626
807.167 1388 4574
1114.83 1550 4626
1092.83 1569 4626
1170.17 1540 4626
1071.67 1810 4981
1004.67 1918 4981
1013.67 1845 4981
1429.17 1434 4981
1188.67 1563 4981
1273.17 1534 4981
1225.83 1545 4981
1198.67 1547 4981
1335.17 1528 4981
1122.17 1654 4981
1378.17 1523 4981
1015.33 2055 6375
1026.83 2043 6375
1051.17 2033 6375
1080.33 1991 6375
1091.83 1979 6375
1305.33 1770 6375
1365.83 1769 6375
1367.83 1762 6375
1518.17 1717 6375
1612.17 1623 6375
1484.17 1730 6375
1381.67 1736 6375
1408.83 1734 6375
1371.67 1752 6375
1101.83 1959 6375
1144.33 1890 6375
1174.33 1858 6375
1202.33 1792 6375
244.667 639 1837
234 649 1760
468 979 2708
570 778 2167
440 512 1636
164.333 655 1786
471.333 780 2759
273.333 599 1870
334.5 618 1907
217.167 562 1552
895.333 1115 3795
684.667 1151 3952
721.333 1196 4219
748.167 1031 3685
689.833 1332 4219
496 214 0
496 256 355
460 275 556
101.667 426 0
178.667 412 0
304 390 0
178.667 458 948
390 385 922
101.667 446 838
328.5 319 714
219 502 1193


967.667 2227 5453
1424.67 1588 5453
1639.17 1569 5453
1223.67 1614 5453
1132.67 1701 5453
979.167 1850 5453
1051.67 1753 5453
1004.67 1808 5453
1121.33 1379 4293
1141.17 1364 4293
1063.17 1390 4293
949.833 1498 4293
1019.33 1418 4293
943.333 1526 4293
964.667 1542 4651
1046.17 1525 4651
1117.67 1443 4651
1208.67 1356 4651
861.667 1718 4651
496 256 355
460 275 556
178.667 412 0
328.5 270 0
304 390 0
101.667 426 0
440 512 1636
198.5 670 1727
255.333 655 1786
349.167 697 2016
460.833 684 2284
273.333 599 1870
471.333 780 2759
405.833 792 2284
1180 1095 2939
799.667 1361 3619
706.5 1276 3081
725 1183 3081
1027.33 1244 3619
902.667 1273 3619
178.667 458 948
328.5 319 714
390 385 922
101.667 446 838
304 424 889


1853 1599 5464
2215 1586 5464
2252 1580 5464
1659.33 1649 5464
1689.67 1639 5464
1638.33 1668 5464
674.667 1339 4666
684.667 1200 4666
567.333 1144 4311
741.667 1133 4311
701.833 1139 4311
1532.5 1567 5222
1464.17 1637 5222
1625.83 1674 5464
1019.83 2053 5464
1040.83 2034 5464
1023.83 2052 5464
1084.83 1949 5464
1098.17 1922 5464
1161.17 1865 5464
1294.83 1694 5464
1193.33 1766 5464
1165.33 1792 5464
1324.67 1684 5464
1214.83 1730 5222
1303 1424 5039
1297 1428 5039
780.5 1855 5039
1104 1488 5039
786.667 1705 5039
803.667 1679 5039
866.333 1590 5039
931 1526 5039
883 1555 5039
938.333 1501 5039
328.5 270 0
101.667 426 0
496 214 0
496 256 355
178.667 412 0
304 390 0
555 893 2291
642 861 2192
686 800 2367
466.167 937 2225
580 913 2367
476.833 923 3422
594.167 979 3777
490.667 947 3473
879 1087 3952
699.167 1099 3828
460 275 556
390 385 922
304 424 889
178.667 458 948
328.5 319 714
101.667 446 838
237.5 586 1394
472.667 564 1460
425.5 813 1867
234 649 1760
508.5 797 1867
360.5 547 1336


219 502 1193
460 248 0
390 340 0
374 348 0
410 326 0
304 390 0
496 214 0
374 386 622
410 369 531
460 275 556
101.667 426 0
178.667 412 0
101.667 446 838
178.667 458 948
390 385 922
304 424 889
496 256 355
716.5 1613 4399
785.833 1487 4399
868.833 1692 4417
842.5 1744 4417
816.5 1792 4417
1600.83 1532 5306
918.833 1908 5306
954.667 1821 5306
977 1810 5306
979.167 1804 5306
1042.17 1739 5306
1004.67 1762 5306
1016.17 1761 5306
1132.67 1655 5306
1111.17 1665 5306
1088.67 1688 5306
1173.83 1648 5306
1223.67 1568 5306
971.167 1303 4399
1083 1271 4399
882.167 1346 4750
790.5 1434 4399
804.167 1314 4399
755.333 904 3381
622.667 1018 3381
690.667 998 3381
692.333 954 3381
733.333 927 3381
975 1108 3777
825.5 1160 3777
686.833 1258 4044
842.667 1222 4044
1076.67 1255 4117
965.667 1215 4044
779.833 1500 4117
652.5 769 2192
244.667 639 1837
566 571 1511
462.667 599 1870
234 649 1760
472.667 564 1460
237.5 586 1394
280 584 1479
667 672 2192
348.167 725 2174
642 680 2174
387.667 858 2708
490.667 898 2759
532.167 797 2492
799.667 858 2759
700.333 877 2759


1674 1368 4468
1375.33 1385 4468
1396.33 1372 4468
1326 1415 4468
1363 1404 4468
1367 1390 4468
947.667 1809 4468
943.667 1832 4468
971 1785 4468
969.667 1786 4468
931.833 1904 4981
952.833 1885 4981
960.5 1853 4981
1008.33 1597 4981
1030.67 1586 4981
1177.33 1434 4981
1077.67 1523 4981
975.333 1691 4981
101.667 426 0
460 248 0
496 256 355
460 275 556
496 214 0
304 390 0
178.667 412 0
328.5 270 0
328.5 319 714
870.5 1132 2814
733 1087 2671
865.5 1001 2671
799.5 1040 2671
316.333 955 2342
391.167 795 2342
379.667 841 2342
762 769 2192
611.5 1068 2349
654.167 957 2349
706.333 895 2551
786.333 881 2551
101.667 446 838
178.667 458 948
164.333 655 1786
390 385 922
304 424 889
419 540 1603
848 650 1811
457 760 1837
701.667 669 1837
1062.5 1261 2997
1118.17 1313 3005
1212.5 1331 3268
731.667 1247 2957
925.333 1065 2814
1067.5 943 2814
759.5 1171 2814
1081.17 1350 3005
870.667 1113 2814
1082.83 1430 3678
1054.33 1522 3737
974.167 1594 3627
1141.67 1373 3652
1358.5 1350 4029
1114.33 1375 4033


1674 1368 4468
1375.33 1385 4468
1396.33 1372 4468
1326 1415 4468
1363 1404 4468
1367 1390 4468
947.667 1809 4468
943.667 1832 4468
971 1785 4468
969.667 1786 4468
931.833 1904 4981
952.833 1885 4981
960.5 1853 4981
1008.33 1597 4981
1030.67 1586 4981
1177.33 1434 4981
1077.67 1523 4981
975.333 1691 4981
101.667 426 0
460 248 0
496 256 355
460 275 556
496 214 0
304 390 0
178.667 412 0
328.5 270 0
328.5 319 714
870.5 1132 2814
733 1087 2671
865.5 1001 2671
799.5 1040 2671
316.333 955 2342
391.167 795 2342
379.667 841 2342
762 769 2192
611.5 1068 2349
654.167 957 2349
706.333 895 2551
786.333 881 2551
101.667 446 838
178.667 458 948
164.333 655 1786
390 385 922
304 424 889
419 540 1603
848 650 1811
457 760 1837
701.667 669 1837
1062.5 1261 2997
1118.17 1313 3005
1212.5 1331 3268
731.667 1247 2957
925.333 1065 2814
1067.5 943 2814
759.5 1171 2814
1081.17 1350 3005
870.667 1113 2814
1082.83 1430 3678
1054.33 1522 3737
974.167 1594 3627
1141.67 1373 3652
1358.5 1350 4029
1114.33 1375 4033


797.667 1819 4684
903.333 1614 4684
832.833 1622 4684
1294.67 1480 4684
773 1260 4542
695.167 1409 4542
807.833 1233 4542
935.667 1203 4542
703.667 1330 4542
858.333 1226 4542
907.667 1496 4684
1112.67 1493 5398
862.167 1743 5398
1137 1552 5489
1639.17 1572 6020
1008.17 1999 6020
949.833 2027 6020
1021.83 1938 6020
982.667 2011 6020
1054.67 1922 6020
1073.17 1903 6020
1083.33 1872 6020
1089.33 1859 6020
1098.33 1850 6020
1124.83 1828 6020
1381.67 1617 6020
1340.67 1640 6020
1424.67 1591 6020
1305.33 1672 6020
1238.33 1678 6020
1138.67 1767 6020
1200.33 1753 6020
1213.33 1720 6020
101.667 426 0
460 248 0
496 256 355
496 214 0
304 390 0
328.5 270 0
521.333 891 3122
830.333 1206 4011
644.667 744 1870
551.5 512 1636
244.667 639 1837
762 769 2192
356.667 781 2317
304 424 889
328.5 319 714
460 275 556
390 385 922
237.5 586 1394
178.667 458 948
101.667 446 838
219 502 1193
280 584 1479


825.833 1208 4516
778.167 1301 4516
1617.83 1531 6020
914.333 1801 6020
955.667 1795 6020
842.333 1890 6020
879.333 1879 6020
1181.67 1570 6020
1137.67 1582 6020
1235.17 1542 6020
672.5 1456 4516
748 1357 4516
750.833 1334 4516
688.667 1420 4516
1092.83 1616 6020
1045.83 1671 6020
1114.83 1597 6020
1027.83 1720 6020
966.333 1771 6020
961.833 1785 6020
995.833 1741 6020
328.5 270 0
460 248 0
304 390 0
496 214 0
101.667 426 0
178.667 412 0
645 980 2525
684.5 747 2525
724 971 2697
670.833 830 2349
431.167 790 2174
976 1067 2829
384.5 1045 2108
433.667 1011 2697
419 540 1603
262.5 596 1369
408.5 547 1336
277.667 502 1193
692.5 742 1801
382.667 644 1504
438.5 652 1724
574 745 1801
164.333 655 1786
328.5 319 714
304 424 889
101.667 446 838
460 275 556
178.667 458 948


864.333 1950 5427
1035.83 1608 5427
1076.33 1559 5427
988.333 1650 5427
1429.33 1553 5427
1210.33 1377 5072
1135.17 1396 5072
874.333 1811 5427
948.333 1666 5427
946.333 1708 5427
947.667 1704 5427
923.333 1714 5427
889.833 1739 5427
883.833 1497 5072
886.833 1474 5072
839.167 1567 5072
749.667 1686 5072
1110.33 1461 5072
836.167 1590 5072
808.333 1596 5072
328.5 270 0
460 275 556
328.5 319 714
496 214 0
178.667 412 0
101.667 446 838
101.667 426 0
178.667 458 948
460 248 0
466.167 945 2551
670.167 862 2584
598.167 873 2584
653.667 1281 3297
721.333 1151 3297
701.833 1168 3297
670.5 1223 3297
1096 959 2939
627.167 918 2906
549.167 1005 2939
812.333 817 2906
304 424 889
566 571 1511
390 385 922
629 496 1244
393.667 586 1394
393.5 585 1245
273.333 599 1870
773.667 1306 3912
779.667 1302 3912
801.667 1279 3912
1065.33 1378 3952
981 1085 3912
959 1107 3912
925.333 1140 3912
859 1178 3912
837 1201 3912
803.333 1236 3912
816.333 1232 3912
896 1151 3912


789.333 1440 5131
905 1435 5131
737.333 1607 5131
602.833 1489 4509
676.333 1307 4575
717.667 1301 4575
658.167 1428 4575
724.333 1174 4600
1600.83 1589 5486
1468.17 1637 5486
1447.17 1650 5486
955.667 2203 5398
991.333 2058 5398
896.667 2247 5398
1004.67 1346 5131
987.833 1357 5131
778.667 1601 5131
1247.17 1664 5486
1193.33 1684 5486
1092.83 1879 5398
1105.33 1810 5486
1001.33 1919 5398
328.5 270 0
496 256 355
178.667 412 0
101.667 426 0
304 390 0
561.667 1076 2759
628 906 2342
778.333 898 2847
634 901 2342
996 895 3030
599 925 3030
970 916 3030
741.333 906 2847
715 1278 4209
597.5 1047 3886
916.167 979 3762
924.667 1164 4600
613.5 1012 3678
611.333 1041 4044
304 424 889
164.333 635 948
178.667 458 948
629 496 1244
101.667 446 838
259 621 1303
328.5 319 714
390 385 922
523 620 1811
479.333 764 2126
255.333 655 1786
551.5 512 1636
321.333 816 1837
694.667 711 2126
451.5 810 2283
420.667 934 2283


789.333 1440 5131
905 1435 5131
737.333 1607 5131
602.833 1489 4509
676.333 1307 4575
717.667 1301 4575
658.167 1428 4575
724.333 1174 4600
1600.83 1589 5486
1468.17 1637 5486
1447.17 1650 5486
955.667 2203 5398
991.333 2058 5398
896.667 2247 5398
1004.67 1346 5131
987.833 1357 5131
778.667 1601 5131
1247.17 1664 5486
1193.33 1684 5486
1092.83 1879 5398
1105.33 1810 5486
1001.33 1919 5398
328.5 270 0
496 256 355
178.667 412 0
101.667 426 0
304 390 0
561.667 1076 2759
628 906 2342
778.333 898 2847
634 901 2342
996 895 3030
599 925 3030
970 916 3030
741.333 906 2847
715 1278 4209
597.5 1047 3886
916.167 979 3762
924.667 1164 4600
613.5 1012 3678
611.333 1041 4044
304 424 889
164.333 635 948
178.667 458 948
629 496 1244
101.667 446 838
259 621 1303
328.5 319 714
390 385 922
523 620 1811
479.333 764 2126
255.333 655 1786
551.5 512 1636
321.333 816 1837
694.667 711 2126
451.5 810 2283
420.667 934 2283


496 214 0
460 248 0
304 390 0
101.667 426 0
328.5 270 0
178.667 412 0
496 256 355
966.167 2216 5197
966.5 1999 5819
951.167 2300 5819
1288.33 1707 5819
1281.33 1717 5819
1094.5 1892 5819
1075.17 1926 5819
1116.5 1870 5819
1096.33 1879 5819
1077.5 1918 5819
1051.5 1934 5819
1014.5 1961 5819
1001.33 1972 5819
1184.33 1788 5819
1169.67 1827 5819
1165.33 1834 5819
1147.83 1851 5819
1151.33 1843 5819
1228.33 1756 5819
1263.33 1755 5819
1086.33 1092 4095
991.333 1193 4095
1207.17 1061 4095
825.833 1165 3985
694.833 1404 3985
800.833 1198 4541
737.833 1318 4541
753.167 1291 4541
726 1324 4541
778.167 1258 3985
748 1314 3985
1023.83 1170 4095
750.833 1291 3985
530 625 1544
234 649 1760
303 644 1504
360.5 547 1336
237.5 586 1394
791 711 2192
689.333 1005 3619
626.333 1125 3619
614.5 1131 3619
685.5 1086 3619
706.5 1058 3652
631.667 1184 3652
714.333 972 3063
665 1013 3063
617.333 1106 3063
583.333 1211 3063
409.833 807 2500
631.5 740 2258
101.667 446 838
328.5 319 714
460 275 556
390 385 922
178.667 458 948
429.5 511 1069
304 424 889


1236 1573 4772
1322.67 1561 5398
1431.17 1538 5398
1511.5 1532 5398
1555.5 1520 5398
1950 1529 5661
1843.5 1536 5661
1944 1534 5661
1582 1541 5661
1975 1504 5398
1955 1516 5398
1959 1513 5398
1482 1625 5661
1525 1590 5661
967 2312 5661
1008.5 2192 5661
1041.83 2152 5661
1042.67 1945 5661
1070.67 1918 5661
1358 1550 5398
811.167 1852 5398
848.167 1841 5398
935.167 1733 5398
883.167 1763 5398
1027.67 1626 5398
996.667 1682 5398
1196.33 1635 5661
1134 1804 5661
1163 1647 5661
1106 1831 5661
1061.67 1578 5398
1020.67 1633 5398
328.5 270 0
178.667 412 0
460 275 556
460 248 0
496 214 0
410 369 531
304 390 0
101.667 426 0
374 386 622
642 704 1991
352 775 2408
554.5 756 2408
733.5 699 1991
321.333 836 2675
562.5 749 2349
1106.67 1370 3619
1575 1471 4084
1156 1500 3912
1375.67 1533 4029
237.5 586 1394
178.667 458 948
530 625 1544
101.667 446 838
566 571 1511
304 424 889
280 584 1479
530.5 511 1069
234 649 1760
390 385 922
244.667 639 1837
947.333 1185 2840
1139.33 1073 3115
1080 1195 2990
1045.5 1105 2972
825.667 1212 3381
1190 1096 3381


