2.000000000e+00 1.639279438e+00 2.000000000e+00 
1.996168215e+00 1.632688928e+00 1.921339250e+00 
1.735032091e+00 1.630492091e+00 1.845905607e+00 
1.960245234e+00 1.663444640e+00 2.000000000e+00 
1.875275410e+00 1.666520211e+00 2.000000000e+00 
1.676118402e+00 1.660369069e+00 1.845905607e+00 
1.700402337e+00 1.637521968e+00 1.527430415e+00 
1.798591819e+00 1.713093146e+00 2.000000000e+00 
1.641488648e+00 1.667398946e+00 1.527430415e+00 
1.637656864e+00 1.674428822e+00 1.527430415e+00 
1.624245617e+00 1.685852373e+00 1.527430415e+00 
1.673100872e+00 1.710456942e+00 1.748688987e+00 
1.798352333e+00 1.758787346e+00 2.000000000e+00 
1.788293898e+00 1.745606327e+00 1.907825736e+00 
1.775361625e+00 1.773286467e+00 2.000000000e+00 
1.772008813e+00 1.780316344e+00 2.000000000e+00 
1.637738289e+00 1.782073814e+00 2.000000000e+00 
1.742791455e+00 1.780755712e+00 1.907825736e+00 
1.587604177e+00 1.751757469e+00 1.608108108e+00 
1.611073858e+00 1.837434095e+00 2.000000000e+00 
1.598141584e+00 1.856326889e+00 2.000000000e+00 
1.589041096e+00 1.862917399e+00 2.000000000e+00 
1.588083150e+00 1.865553603e+00 2.000000000e+00 
1.420600632e+00 1.803163445e+00 1.608108108e+00 
1.471932177e+00 1.841388401e+00 1.797498992e+00 
1.462831689e+00 1.847978910e+00 1.797498992e+00 
1.528403104e+00 1.835676626e+00 1.624647035e+00 
1.448941469e+00 1.869947276e+00 1.797498992e+00 
1.516237187e+00 1.922671353e+00 2.000000000e+00 
1.446388543e+00 1.889279438e+00 1.722065349e+00 
