1166.67 1011 3779
310.333 951 3084
555.333 1249 4373
1383.33 1759 5519
467 970 3217
519.333 1207 3995
367.667 800 2909
1114.5 1175 4506
387 1091 3309
551.167 853 3042
1502.67 1630 5226
362 1186 3595
428 1002 3544
327.667 876 2531
929.5 1211 4023
1051.5 1481 4833
903.833 1235 4322
421 1024 3544
817.333 1323 4506
622 1436 4792
436 1376 4281
721.167 772 2785
364 1212 3903
334.667 890 3125
1727 1734 5519
359.667 833 2817
917.667 1586 5008
334.667 854 2531
471.667 1218 4230
932 1678 5100
600.5 1010 3595
1235.33 1475 4925
1052 1785 5519
424.667 1446 4296
896.667 1289 4589
924.833 1233 4373
1168.33 1286 4589
838 1626 4982
1628 1626 5134
1037.67 1108 3995
445.333 1329 3937
892.167 808 3042
1299 1262 4589
562.667 1202 3995
923 600 1956
318.333 955 3125
317 915 3084
384 665 2007
430.333 1426 4322
618.167 985 3636
1448.5 1287 4741
1432.5 2179 5912
1169.67 1045 3820
355.333 1196 3595
744 1113 3903
1249 940 3544
1117.67 1092 3903
956.167 1483 5100
823.167 1283 4414
1268.67 928 3544
1771 1684 5493
533.5 878 3001
1122 1053 3811
499.667 879 3217
501.333 933 3309
888.333 1169 3995
692.667 1123 3862
757.667 1423 4589
311.667 975 3125
412.333 1086 3302
797 1091 3820
944.5 1056 3820
369.333 1152 3862
602.167 1064 3687
376.333 1127 3862
1347.5 1428 5100
864 1196 3995
1660 1615 5134
1508.67 1310 4833
304 967 3084
893 1089 3820
1501.33 1948 5912
896 618 2223
773.167 743 2826
1752 1701 5318
566.667 852 3125
266.333 721 2398
774.333 845 3042
392 632 2099
382.667 671 2398
588.667 647 2131
1057.5 712 2610
438.333 688 2490
515.667 836 2950
619.667 630 2007
508.333 900 3309
456 663 2531
676.667 1022 3779
378.333 1106 3811
780.5 630 2232
366.667 714 1823
317 879 2490
1033.67 1233 4414
1285 1112 4230
440 731 2582
932.333 1087 3820
684 970 3420
369.333 1189 3862
490.667 925 3268
374.667 681 1915
619 475 1197
1330.67 1771 5185
266.333 685 1804
325.667 933 3176
692.667 943 3728
327.667 912 3125
318.667 958 3176
253.667 586 1404
213.667 666 727
205.667 698 1280
361 485 1537
447.333 667 2223
449 685 2531
624.333 774 3001
1187 1062 4106
221 680 1372
197 743 987
933.667 1545 4982
902 1111 3995
335.667 541 1804
387.667 494 1804
387.667 451 994
598 608 1832
335.667 498 994
311.667 939 2531
777.5 610 2191
290.667 553 1588
245 590 994
205.667 662 686
253.667 550 810
290.667 517 994
245 626 1588
343.333 510 1496
213.667 702 1321
255 580 1013
263 547 1105
221 644 778
412 326 994
462 294 419
287 424 0
161.667 468 594
741 403 1413
292.667 273 0
161.667 432 0
462 270 0
292.667 316 810
287 467 393


949.667 1583 4807
675.333 1890 5519
824.333 1290 4506
420 1037 3687
902 1111 3995
1610.33 1626 5401
1057.5 712 2610
415.667 1437 4414
422 1342 4230
1492.5 1930 5912
969 825 3125
371.333 1148 3544
1431.67 1805 5519
1203.17 1250 4506
887 1263 4106
846 1248 4029
310.333 951 3084
317 905 2490
926.667 1250 4322
975.333 1251 4373
515.667 836 2950
780.667 1664 4833
535.667 1497 4589
984.5 1276 4506
1186.17 1655 5102
1496 1324 4925
884.667 897 3309
364 1223 3903
1826 1596 5134
1268.67 928 3544
923 600 1956
382.667 671 2398
1532.83 1618 5226
676.667 1022 3779
773.167 743 2826
489.167 1292 4414
334.667 854 2531
566.667 852 3125
367.667 800 2909
378.333 1106 3811
376.333 1153 3862
362 1186 3595
851.5 1269 4290
318.667 922 2582
1367.17 1973 5912
363.333 1143 3268
988.833 1834 5519
490.667 962 3268
427.333 973 3328
508.333 900 3309
304 931 2490
1345 1743 5185
1079 1402 5100
1234 1071 3820
356.333 1179 3268
1144 1309 4589
370 1165 3518
893 1089 3820
436 969 3636
944.667 1860 5401
502.833 1601 4715
366.667 714 1823
1205.67 1105 4322
1471 1654 5134
372.333 1100 3217
325.667 933 3176
1073 961 3636
394 1102 3903
326 894 2817
995.5 1162 4055
908.667 1635 5100
380 1160 3903
407.667 1411 4204
304 967 3084
1216.67 943 3503
334.667 890 3125
777.5 610 2191
942.667 1231 4281
896 618 2223
355.333 1196 3595
1800 1648 5493
780.5 630 2232
969 1591 5100
951.667 1188 4230
624.333 774 3001
774.667 1378 4589
327.667 912 3125
670.5 1775 5100
1166.67 1011 3779
1068.67 1358 4589
766 1417 4589
339.333 1242 3477
311.667 975 3125
598 608 1832
1400.67 1811 5401
438.333 688 2490
501.333 933 3309
1767 1922 5912
551.167 853 3042
374.667 681 1915
533.5 878 3001
499.667 879 3217
311.667 939 2531
384 665 2007
412.333 1086 3302
352.333 1216 3477
619.667 630 2007
301.667 996 2791
317 941 3084
362.333 1169 3811
456 663 2531
950.667 1227 4230
362.333 1133 3217
588.667 647 2131
447.333 667 2223
708 1049 3811
1794.67 1759 5912
1468.67 1691 5134
1042 1166 4414
858 985 3687
317.333 937 2791
266.333 685 1804
860.833 1212 4055
205.667 698 1280
318.667 958 3176
263 547 1105
453.667 1275 4322
392 632 2099
449 685 2531
440 731 2582
213.667 702 1321
1746 1682 5519
619 475 1197
335.667 541 1804
197 743 987
741 403 1413
266.333 721 2398
290.667 517 994
387.667 494 1804
361 485 1537
245 626 1588
255 580 1013
290.667 553 1588
387.667 451 994
253.667 586 1404
343.333 510 1496
213.667 666 727
862 1525 4715
253.667 550 810
1490 1349 4899
221 680 1372
161.667 468 594
245 590 994
292.667 273 0
287 424 0
335.667 498 994
462 270 0
205.667 662 686
287 467 393
412 326 994
292.667 316 810
221 644 778
1464.5 1782 5519
462 294 419
161.667 432 0


301.667 996 2791
505.5 1217 4014
848 1345 4792
630.833 1651 4506
1351.17 1809 5401
998.5 1184 4023
971.667 1495 4833
901 1115 3995
1114.5 1175 4506
692.667 943 3728
1103 1750 5185
1453.67 1984 5519
748.667 1227 4055
1461.67 1663 5519
1025.33 1560 4982
1084.67 1525 4899
318.667 969 3176
394 1102 3903
1737.67 1986 5912
359.667 833 2817
1605 1656 5102
489.167 1292 4414
490.667 925 3268
436 969 3636
1033.67 1986 5519
794.667 1393 4589
1131.33 1887 5401
1616 2053 5912
1053.17 858 3245
1433.33 1749 5134
370 1124 3503
418.333 994 3595
447.333 667 2223
508.333 900 3309
326 894 2817
582.333 1582 4499
429 991 3636
1069.17 1020 3820
429.667 1388 3937
1295 1420 5100
1036.67 1341 4506
1886.67 1827 5912
873 1203 4322
1250.83 1445 4925
420 1048 3687
490.667 962 3268
334.667 854 2531
895.667 1231 4373
533.5 878 3001
1615 1317 4833
449 685 2531
857 1282 4373
317 879 2490
876 1006 3779
1502.17 1376 4925
1096.33 1514 4925
1277 1500 5100
334.667 890 3125
1011 1181 3997
371.333 1148 3544
304 967 3084
1022.33 1614 5008
879 1026 3820
427.333 973 3328
551.167 853 3042
566.667 852 3125
1207.67 1137 4198
445.333 1329 3937
317 915 3084
1189 1931 5493
692.333 1607 4833
941.333 2152 5008
945 1279 4414
266.333 685 1804
598 608 1832
374.667 681 1915
361.333 1167 3477
327.667 876 2531
369 1149 3811
773.167 743 2826
896 618 2223
619.667 630 2007
327.667 912 3125
405 1087 3544
366.667 714 1823
1159 1141 4239
923 600 1956
1117.67 1092 3903
438.333 688 2490
1168.67 1625 5100
499.667 879 3217
774.333 845 3042
266.333 721 2398
892.167 808 3042
379.667 1135 3636
384 665 2007
310.333 951 3084
1413.17 2104 5912
311.667 975 3125
325.667 933 3176
624.333 774 3001
367.667 800 2909
1842 1951 5912
711.667 748 2817
440 731 2582
777.5 610 2191
392 632 2099
588.667 647 2131
456 663 2531
253.667 586 1404
501.333 933 3309
382.667 671 2398
412 1070 3595
245 626 1588
205.667 662 686
780.5 630 2232
343.333 510 1496
335.667 498 994
263 547 1105
387.667 494 1804
205.667 698 1280
213.667 702 1321
619 475 1197
255 580 1013
213.667 666 727
221 644 778
290.667 517 994
335.667 541 1804
253.667 550 810
743.667 1094 3903
287 467 393
462 294 419
741 403 1413
221 680 1372
290.667 553 1588
161.667 468 594
462 270 0
245 590 994
387.667 451 994
197 743 987
361 485 1537
412 326 994
161.667 432 0
292.667 316 810
287 424 0
292.667 273 0


1221.5 1921 5519
376.333 1153 3862
429 991 3636
471 1264 4080
352.333 1190 3477
680.333 1093 3779
692.667 943 3728
378.667 1120 3811
981 1338 4414
838 1347 4322
905 1169 4106
405 1087 3544
786 1359 4322
828 1226 4055
892.167 808 3042
645 1183 3995
708 1049 3811
418.333 994 3595
387 1091 3309
969.333 1091 3862
1663.67 1861 5912
361.333 1169 3210
455.667 1307 4230
310.333 951 3084
952 1090 3820
423 1375 4281
1111.17 1705 5185
327.667 912 3125
1169.67 1045 3820
370 1147 3503
1205.67 1622 4925
472.667 1250 4055
884.667 897 3309
1321 1699 5100
1881 1573 4982
796.667 1112 3862
641.667 1367 4741
465 1242 4014
990.667 1735 5226
408 1453 4589
1249 940 3544
420 1365 4204
1060.5 745 2651
1406.67 1684 5100
301.667 996 2791
1341 1289 4414
304 931 2490
376.333 1117 3268
551.167 853 3042
1537 1153 4106
806.333 1618 4833
1752 1684 5134
1199.33 1718 5226
334.667 854 2531
436 969 3636
380 1160 3903
410.333 1053 3503
838.833 1530 4833
1227.33 1835 5493
752.667 1366 4296
624.333 774 3001
790 1113 3820
326 894 2817
367.667 800 2909
412.167 1105 3595
325.667 933 3176
362.667 1188 3862
501.333 933 3309
372.333 1100 3217
1107 1377 4833
902 1111 3995
369 1149 3811
1208 1190 4147
417.667 1406 4589
1077.83 1896 5493
1204.67 2052 5912
311.667 975 3125
438.333 688 2490
619.667 630 2007
317 915 3084
777.5 610 2191
1428 1609 5100
896 618 2223
533.5 878 3001
923 600 1956
420 1048 3687
427.333 973 3328
1279.67 1571 4925
440 731 2582
839 1863 4982
366.667 714 1823
317 879 2490
382.667 671 2398
1471.67 2050 5912
318.333 955 3125
598 608 1832
566.667 852 3125
334.667 890 3125
387.667 451 994
780.5 630 2232
266.333 721 2398
839.667 1206 4322
1332.33 1723 5519
969 825 3125
335.667 541 1804
371 1187 3903
711.667 748 2817
266.333 685 1804
374.667 681 1915
499.667 879 3217
384 665 2007
490.667 925 3268
255 580 1013
1010 1100 3903
490.667 962 3268
197 743 987
318.667 958 3176
1153.33 1292 4589
1022.33 1666 4982
221 644 778
447.333 667 2223
387 1127 3903
361 485 1537
387.667 494 1804
508.333 900 3309
588.667 647 2131
394 1066 3309
449 685 2531
213.667 666 727
456 663 2531
253.667 550 810
335.667 498 994
263 547 1105
741 403 1413
253.667 586 1404
205.667 662 686
392 632 2099
245 590 994
619 475 1197
213.667 702 1321
221 680 1372
290.667 517 994
343.333 510 1496
290.667 553 1588
292.667 316 810
205.667 698 1280
462 294 419
412 326 994
462 270 0
287 467 393
287 424 0
161.667 468 594
161.667 432 0
292.667 273 0
245 626 1588


1150.67 1820 5493
978.333 1045 3811
692.667 1123 3862
1259 1700 5493
1206.67 1463 4715
1298.33 1502 5008
2001 1848 5912
935.5 1115 4322
878.333 1806 5401
830.667 1317 4414
362.333 1169 3811
317 879 2490
832.833 936 3595
1109.67 1481 4925
387 1127 3903
1389 1433 4623
2031 1806 5912
310.333 951 3084
1406.5 1613 5185
765 1075 3728
317 915 3084
495.667 1142 4055
310.333 915 2490
368 1131 3477
718.667 1081 3811
1762.67 1592 5226
370.667 1192 3903
318.667 958 3176
618.167 985 3636
418.333 994 3595
584.333 1245 4373
1229.33 1706 5100
1308.67 1992 5912
602.167 1064 3687
1054.33 958 3636
1053.17 858 3245
598 608 1832
743.667 1094 3903
354 1233 3569
1126.33 1951 5519
1428.17 1379 4741
367.667 800 2909
462.667 1301 4281
1311 1618 5100
334.667 854 2531
369.333 1189 3862
515.667 836 2950
1274.67 1698 5185
892.167 808 3042
467 970 3217
773.167 743 2826
356 1201 3811
404.667 1078 3328
490.667 925 3268
566.667 852 3125
438.333 688 2490
460 992 3217
1085.33 1539 4925
437.667 1318 4589
711.667 748 2817
1094.67 1845 5493
969 825 3125
301.667 996 2791
1635.67 1895 5912
369 1149 3811
499.667 879 3217
588.667 647 2131
1816 1649 5519
304 931 2490
490.667 962 3268
432 1369 4414
266.333 721 2398
304 967 3084
1019.67 1696 4899
429.833 1080 3636
397.333 1079 3503
1325 1453 4709
374.667 681 1915
456 663 2531
619.667 630 2007
311.667 975 3125
942.833 1002 3728
327.667 912 3125
449 685 2531
551.167 853 3042
1001.17 874 3204
780.5 630 2232
1127 1073 3903
421.333 1423 4589
533.5 878 3001
1365.67 1476 4925
905.667 1504 4792
318.333 955 3125
777.5 610 2191
1018 778 2950
376.333 1127 3862
896 618 2223
356.333 1168 3268
1054.33 2165 5912
1617.33 1610 5318
1544 1460 4925
440 731 2582
392 632 2099
378.333 1106 3811
774.333 845 3042
1294.67 1806 5519
751.167 975 3636
384 665 2007
366.667 714 1823
1004.67 792 2909
447.333 667 2223
1641 1458 4899
619 475 1197
1075 1609 5008
197 743 987
334.667 890 3125
221 644 778
213.667 666 727
361 485 1537
335.667 498 994
508.333 900 3309
382.667 671 2398
205.667 698 1280
387.667 451 994
266.333 685 1804
263 547 1105
343.333 510 1496
1553.67 1966 5912
221 680 1372
355.667 1169 3217
387.667 494 1804
245 590 994
245 626 1588
290.667 553 1588
292.667 273 0
253.667 586 1404
335.667 541 1804
741 403 1413
205.667 662 686
412 326 994
255 580 1013
253.667 550 810
290.667 517 994
462 270 0
213.667 702 1321
161.667 468 594
161.667 432 0
292.667 316 810
287 467 393
462 294 419
287 424 0


448.333 1295 3896
624.333 774 3001
479.667 1185 4322
1024.83 1779 5134
1602.5 1399 4899
1254.67 1058 4147
356.333 1215 3862
566.667 852 3125
362 1160 3595
676.667 1022 3779
1057.5 712 2610
801 1370 4589
465.333 1302 4414
421 1024 3544
362.667 1199 3862
413 1054 3636
1142.17 1330 4506
780.667 1409 4506
369.333 1152 3862
387.333 1108 3544
1067.67 1403 4623
1427 1716 5493
457.667 1294 4373
414.667 1443 4589
427.333 996 3328
912 1148 3995
1021.33 1062 3903
317 915 3084
533.5 878 3001
394.333 1063 3544
1326.17 1506 5100
463.667 1248 4322
436 969 3636
1169.67 1045 3820
654.333 1107 3820
489.167 1292 4414
327.667 876 2531
1490 1175 4290
1319 1839 5519
405.333 1046 3595
334.667 890 3125
1351.33 1685 5318
465 1242 4014
1840.67 1805 5912
1421 1327 4792
780.667 1372 4506
327.667 912 3125
311.667 939 2531
376.333 1127 3862
935.333 1091 3995
304 931 2490
1335.83 1727 5226
1711 1960 5912
1010.33 1461 4792
551.167 853 3042
318.667 958 3176
1436.33 1406 4833
1121 1054 3811
942.833 1002 3728
1052.33 1649 5134
318.333 955 3125
304.167 1102 2791
773.167 743 2826
903.667 1788 5185
602.167 1064 3687
470.667 1268 4373
1206.17 2088 5912
774.333 845 3042
367.667 800 2909
414.333 1434 4373
436 1350 4281
359.667 833 2817
892.167 808 3042
501.333 933 3309
1301.33 1177 4322
1419 1491 5100
1109.67 1481 4925
317 879 2490
748.167 955 3595
382.667 671 2398
369.333 1153 3268
429 991 3636
1876 1804 5912
205.667 698 1280
490.667 962 3268
310.333 951 3084
1034 1181 4023
884.667 897 3309
516 1522 5100
777.5 610 2191
721.167 772 2785
440 731 2582
447.333 667 2223
780.5 630 2232
508.333 900 3309
384 665 2007
366.667 714 1823
369.333 1189 3862
1216.33 1217 4414
1159.33 1276 4388
1399.33 1789 5519
490.667 925 3268
923 600 1956
588.667 647 2131
325.667 933 3176
370 1147 3503
374.667 681 1915
1333.67 1799 5519
456 663 2531
421.667 1382 4014
896 618 2223
438.333 688 2490
1296.67 2043 5912
499.667 879 3217
1245 1424 4741
326 894 2817
1208.67 1782 5185
884.833 921 3636
392 632 2099
266.333 685 1804
213.667 702 1321
1101.67 1849 5519
266.333 721 2398
598 608 1832
741 403 1413
619 475 1197
1053.67 1889 5226
449 685 2531
290.667 517 994
387.667 494 1804
245 590 994
253.667 550 810
197 743 987
205.667 662 686
245 626 1588
290.667 553 1588
335.667 498 994
213.667 666 727
255 580 1013
619.667 630 2007
221 680 1372
343.333 510 1496
287 467 393
387.667 451 994
253.667 586 1404
287 424 0
292.667 316 810
462 294 419
361 485 1537
161.667 468 594
412 326 994
221 644 778
161.667 432 0
263 547 1105
462 270 0
292.667 273 0
335.667 541 1804


1390 2209 5912
654.333 1107 3820
761.333 1695 4982
1097 1943 5401
378.667 1084 3217
711.667 748 2817
1147.67 1329 4414
1196.67 1287 4589
310.333 951 3084
660 1378 4373
369.333 1152 3862
1510.5 2069 5912
944.5 1056 3820
1165 1594 4982
889.667 2196 5401
984.5 2077 5100
1036.83 1136 4322
318.667 958 3176
378.333 1142 3595
378.667 1120 3811
743.667 1094 3903
326 894 2817
362.333 1195 3811
417.667 1386 3903
385.333 1110 3811
692.667 943 3728
334.667 854 2531
362.667 1199 3862
533.5 878 3001
832.833 936 3595
503 1001 3595
618.167 985 3636
359.667 833 2817
412 1081 3595
365.333 1158 3811
428.667 1398 4230
1215 1493 5100
418.667 1016 3302
549.833 816 2909
376.333 1117 3268
582 1170 3903
356.333 1204 3862
706 1335 4322
1018.17 1345 4792
1576.67 1335 4792
551.167 853 3042
398.667 801 2490
465.167 865 2909
480.667 1255 4029
508.333 900 3309
327.667 912 3125
362 1186 3595
741.167 1849 4792
427.333 996 3328
746 1332 4589
885.167 1184 4373
1037.33 2018 5100
317 879 2490
586.833 1457 4414
918 1516 4623
1529.5 1602 5318
1376.5 1382 4925
596.333 1113 4014
624.333 774 3001
410.333 1027 3503
301.667 996 2791
1231.33 1200 4414
676.667 1022 3779
440 731 2582
447.333 667 2223
576 813 2826
501.333 933 3309
304 967 3084
777.5 610 2191
317 915 3084
1282.33 1089 4014
490.667 925 3268
384 665 2007
1582.5 1921 5912
1060.33 1631 5008
773.167 743 2826
884.667 897 3309
566.667 852 3125
895 1544 4715
361.667 1201 3477
318.333 955 3125
619.667 630 2007
1540.67 2049 5912
369.333 1153 3268
1016.17 1362 4741
385.333 1074 3217
892.167 808 3042
361.333 1192 3210
413 1054 3636
478 1217 4014
311.667 975 3125
1114.67 1650 5519
490.667 962 3268
780.5 630 2232
463 1306 3988
604.333 1098 3811
1057.5 712 2610
266.333 685 1804
437.333 886 2826
893 1089 3820
1285 1112 4230
1040.83 1734 5008
266.333 721 2398
369.333 1189 3862
449 685 2531
456 663 2531
523.167 1192 4055
774.333 845 3042
843.667 1080 3811
499.667 879 3217
741 403 1413
598 608 1832
334.667 890 3125
942.667 1498 4925
382.667 671 2398
361 485 1537
290.667 553 1588
387.667 451 994
205.667 662 686
374.667 681 1915
197 743 987
335.667 498 994
213.667 702 1321
253.667 586 1404
221 644 778
343.333 510 1496
392 632 2099
255 580 1013
588.667 647 2131
221 680 1372
245 590 994
438.333 688 2490
366.667 714 1823
253.667 550 810
619 475 1197
290.667 517 994
387.667 494 1804
896 618 2223
205.667 698 1280
245 626 1588
161.667 432 0
263 547 1105
462 270 0
287 467 393
161.667 468 594
412 326 994
292.667 316 810
213.667 666 727
335.667 541 1804
292.667 273 0
462 294 419
287 424 0


378.333 1106 3811
363.667 1214 3687
334.667 854 2531
1296 1819 5519
1027.67 1325 4589
438.333 1343 4230
566.667 852 3125
651.333 1770 4674
901.167 1105 4322
755.667 1538 4741
624.333 774 3001
422.667 1383 3937
412 1070 3595
900 908 3296
394 1102 3903
949 1295 4506
676.667 1022 3779
1001.17 874 3204
387 1124 3903
875.667 1329 4589
369.333 1116 3268
1649.5 1542 5226
1084.67 924 3328
327.667 876 2531
327.667 912 3125
420 1037 3687
779.667 1342 4589
418.333 994 3595
978.333 1045 3811
533.5 878 3001
378.333 1070 3217
1345 1711 5318
488.333 1206 4414
1103 1915 5912
490.667 925 3268
1258.33 1908 5318
499.667 879 3217
1691.67 1904 5912
470.667 1268 4373
470.667 1231 4373
997.333 1333 4792
551.167 853 3042
945 1096 4014
318.667 969 3176
840.667 1307 4506
1156.33 1576 5226
1335.5 1718 5519
486.667 1189 4322
458.667 1270 4230
1099 1466 5100
975.667 1553 4833
304 931 2490
1776 1668 5519
718.333 1583 5100
371 1187 3903
1611 1308 4589
310.333 951 3084
996 1514 4715
692.667 943 3728
404.667 1078 3328
301.667 996 2791
969 825 3125
317 879 2490
362.667 1163 3268
501.333 933 3309
468 1614 4322
366.667 714 1823
369.333 1189 3862
367.667 800 2909
436 969 3636
711.667 748 2817
923 600 1956
896 618 2223
449 685 2531
382.667 671 2398
392 632 2099
310.333 915 2490
777.5 610 2191
317 915 3084
427.333 973 3328
588.667 647 2131
325.667 933 3176
1347.33 1454 5008
362 1186 3595
495.667 1142 4055
266.333 685 1804
447.333 667 2223
598 608 1832
741 403 1413
384 665 2007
440 731 2582
266.333 721 2398
456 663 2531
361 485 1537
334.667 890 3125
205.667 662 686
221 644 778
326 894 2817
374.667 681 1915
245 626 1588
387.667 494 1804
951.333 1087 3820
774.333 845 3042
1096.67 1733 5185
253.667 550 810
343.333 510 1496
1259.33 1733 5401
197 743 987
619.667 630 2007
387.667 451 994
290.667 553 1588
335.667 498 994
335.667 541 1804
780.5 630 2232
438.333 688 2490
205.667 698 1280
213.667 666 727
263 547 1105
619 475 1197
255 580 1013
253.667 586 1404
213.667 702 1321
161.667 468 594
292.667 273 0
245 590 994
412 326 994
290.667 517 994
462 294 419
292.667 316 810
462 270 0
287 424 0
221 680 1372
287 467 393
161.667 432 0


1281.17 1895 5493
387 1124 3903
421.333 1398 4373
1146 1900 5226
1183 1313 4589
1496 1374 5100
676.667 1022 3779
832.833 936 3595
1334 1917 5519
901.167 1105 4322
1046.17 1006 3779
1117.67 1092 3903
361.333 1167 3477
1272.33 1386 4591
371.333 1148 3544
1068 1100 3995
546.667 999 3687
1025.17 1008 3728
943.333 1578 4833
385.333 1074 3217
372.333 1100 3217
884.833 921 3636
424.667 1373 4589
356.333 1204 3862
1176.67 1933 5519
423.667 1396 4322
834.667 1246 4322
506.667 883 3217
325.667 933 3176
394 1102 3903
1601 1988 5912
1124 1831 5185
1761.67 1560 5519
326 894 2817
551.167 853 3042
618.167 985 3636
501.333 933 3309
470.667 1268 4373
465.333 1291 4414
1167 1505 4899
1477.5 1451 5100
721.167 772 2785
1124.5 1725 5100
464 1270 4029
355.333 1196 3595
1630.67 1686 5519
1395 2109 5912
624.333 774 3001
1274 1404 4899
495.667 1142 4055
1057.5 712 2610
410.333 1053 3503
376.333 1153 3862
566.667 852 3125
1060.5 745 2651
1226.67 1678 5318
318.667 958 3176
427.333 973 3328
370.667 1192 3903
955.333 2024 5493
362.667 1199 3862
1427.67 1496 5008
371.667 1106 3217
1443 1253 4414
1400 1793 5519
334.667 890 3125
533.5 878 3001
363.667 1163 3503
1471.33 1608 5134
420 1037 3687
910.667 1738 5100
418.333 994 3595
311.667 939 2531
304 931 2490
1234 1071 3820
407.667 1411 4204
359.667 833 2817
414.667 1443 4589
963.667 1610 5008
429 991 3636
969 825 3125
327.667 912 3125
892.167 808 3042
449 685 2531
355.667 1169 3217
354 1233 3569
1842.5 1877 5912
1547.67 1989 5912
1405.17 1736 5493
311.667 975 3125
508.333 900 3309
404.667 1078 3328
372.333 1136 3811
714.333 1653 4766
1520 1675 5318
1160 1643 5100
896 618 2223
369 1149 3811
969.333 1091 3862
515.667 836 2950
1274 1599 5008
1294 2215 5912
382.667 671 2398
318.333 955 3125
598 608 1832
374.667 681 1915
1028.67 1546 4982
362.333 1195 3811
310.333 951 3084
310.333 915 2490
490.667 962 3268
756.667 1603 4982
408 1406 3995
456 663 2531
939.667 1962 5401
367.667 800 2909
1020.67 1880 5102
1398.83 2089 5912
588.667 647 2131
884.667 897 3309
387.667 451 994
952.667 1326 4589
777.5 610 2191
780.5 630 2232
334.667 854 2531
266.333 721 2398
1509.17 2021 5912
317 915 3084
304 967 3084
508.667 881 2950
447.333 667 2223
923 600 1956
366.667 714 1823
438.333 688 2490
317 905 2490
440 731 2582
384 665 2007
392 632 2099
205.667 698 1280
335.667 541 1804
253.667 550 810
221 644 778
197 743 987
290.667 517 994
490.667 925 3268
205.667 662 686
255 580 1013
263 547 1105
213.667 702 1321
253.667 586 1404
361 485 1537
619.667 630 2007
343.333 510 1496
290.667 553 1588
213.667 666 727
741 403 1413
335.667 498 994
619 475 1197
387.667 494 1804
292.667 316 810
245 626 1588
161.667 432 0
287 424 0
462 294 419
245 590 994
221 680 1372
412 326 994
266.333 685 1804
462 270 0
1744 1895 5912
292.667 273 0
161.667 468 594
287 467 393


1073.67 1456 4833
1145.67 1806 5134
1214.17 1920 5318
369.333 1152 3862
327.667 876 2531
354 1233 3569
1595.67 1859 5912
597.333 1219 4373
858 985 3687
551.167 853 3042
1079 1702 5100
907.333 1045 3728
378.333 1070 3217
370 1124 3503
1247.67 1852 5401
901 1115 3995
1386 1747 5493
774.333 845 3042
546.667 999 3687
1053.17 858 3245
758 1379 4414
1382.67 1803 5185
969.333 1091 3862
941.333 1508 5008
843.667 1080 3811
1596 1793 5519
1075 1183 4121
978.333 1045 3811
533.5 878 3001
327.667 912 3125
1107.67 2109 5102
352.333 1216 3477
414.667 1406 4589
790.167 1215 3931
420 1037 3687
1799 1655 5185
1228 2014 5401
362.333 1169 3811
796.667 1112 3862
920 1664 4982
1495.67 1672 5318
367.667 800 2909
903.333 1239 4414
318.333 955 3125
873.333 1145 3995
1282.67 2021 5519
1422 1406 5008
1829 1674 5401
1422.33 1698 5134
364 1212 3903
376.667 1088 3503
1300.67 1569 5100
2142 1726 5493
1388.67 1800 5519
436 969 3636
884.667 897 3309
311.667 975 3125
317 879 2490
862 1392 4506
1302.67 1949 5519
772.667 1397 4589
387 1127 3903
1069.17 1020 3820
301.667 996 2791
871.167 1821 5100
310.333 915 2490
896 618 2223
318.667 958 3176
1249.67 1454 4715
325.667 897 2582
1225.67 1919 5318
624.333 774 3001
490.667 925 3268
456 663 2531
334.667 890 3125
317 915 3084
896.667 1289 4589
1333 1817 5401
798 1509 4833
355.333 1196 3595
418.333 994 3595
447.333 667 2223
873 1203 4322
942.833 1002 3728
1133.17 1622 5100
499.667 879 3217
598 608 1832
604.333 1098 3811
773.167 743 2826
969 825 3125
865 1491 4674
397.333 1079 3503
1556 1405 4623
1567 1668 5185
1202.67 2077 5185
325.667 933 3176
1668 1403 4632
951.333 1087 3820
304 967 3084
588.667 647 2131
501.333 933 3309
438.333 688 2490
362.667 1188 3862
1352.67 1177 4230
1910.5 1823 5912
266.333 685 1804
1293.67 1971 5519
449 685 2531
619.667 630 2007
748.167 955 3595
1837.67 1838 5912
1582.5 2058 5912
892.167 808 3042
566.667 852 3125
311.667 939 2531
368 1131 3477
923 600 1956
780.5 630 2232
366.667 714 1823
387.667 451 994
392 632 2099
347 1250 3518
711.667 748 2817
384 665 2007
374.667 681 1915
310.333 951 3084
777.5 610 2191
359.667 833 2817
440 731 2582
490.667 962 3268
361 485 1537
335.667 498 994
221 644 778
382.667 671 2398
197 743 987
205.667 698 1280
213.667 702 1321
1373.67 1175 4281
741 403 1413
245 626 1588
387.667 494 1804
343.333 510 1496
619 475 1197
266.333 721 2398
213.667 666 727
205.667 662 686
161.667 468 594
221 680 1372
255 580 1013
412 326 994
263 547 1105
462 294 419
253.667 586 1404
287 467 393
290.667 553 1588
287 424 0
462 270 0
253.667 550 810
161.667 432 0
335.667 541 1804
292.667 316 810
290.667 517 994
245 590 994
292.667 273 0


801.333 1635 4982
851.667 1632 5100
1154 1898 5102
542.333 1487 4589
862.667 1359 4589
362.667 1199 3862
355.333 1196 3595
501.333 933 3309
848 1202 4230
969 825 3125
418.333 1020 3595
624.333 774 3001
1057.5 712 2610
676.667 1022 3779
394 1066 3309
884.833 921 3636
1180.67 1734 5519
361.333 1169 3210
555.333 1249 4373
742.333 1059 3811
1487.67 1981 5912
369.667 1185 3569
953 1591 4982
912.833 1541 4709
394.333 1063 3544
1414 1257 4589
457.833 1389 4373
692.667 943 3728
1117.17 1993 5912
943.167 1392 4741
1179.17 1806 5134
959.667 1617 5100
592 1253 4414
489.167 1292 4414
326 894 2817
769.667 1413 4589
555.667 1198 3995
1384.33 1454 4925
711.667 748 2817
596.333 1113 4014
318.667 958 3176
339.333 1242 3477
1307 1221 4281
407.667 1411 4204
1028.67 1918 5318
378.667 1120 3811
429.667 1338 3937
566.667 852 3125
1752 1965 5912
507.167 1271 4106
436 969 3636
1508 1181 4029
858 1554 4833
334.667 854 2531
868.667 1077 3903
598 608 1832
387.333 1108 3544
490.667 925 3268
515.667 836 2950
359.667 833 2817
1095.17 1426 4833
327.667 912 3125
428 1002 3544
363.667 1163 3503
1129.33 1991 5519
327.667 876 2531
438.333 688 2490
1388 1421 4899
413 1054 3636
374.667 681 1915
325.667 933 3176
1185 1231 4388
311.667 939 2531
420 1037 3687
1274 1576 5008
382.667 671 2398
619.667 630 2007
334.667 890 3125
773.167 743 2826
473.833 1310 4322
508.333 900 3309
366.667 714 1823
447.333 667 2223
1294 1463 5100
391.667 1479 4255
367.667 800 2909
310.333 915 2490
318.333 955 3125
370 1124 3503
392 632 2099
1195.33 1559 4899
317 915 3084
1248.67 1293 4589
780.5 630 2232
551.167 853 3042
384 665 2007
533.5 878 3001
266.333 721 2398
325.667 897 2582
438.333 1293 4230
588.667 647 2131
503.5 1639 5100
372.333 1136 3811
304 967 3084
896 618 2223
301.667 996 2791
777.5 610 2191
456 663 2531
1425.5 1374 4715
310.333 951 3084
205.667 662 686
263 547 1105
440 731 2582
221 680 1372
361 485 1537
290.667 553 1588
266.333 685 1804
245 590 994
923 600 1956
449 685 2531
213.667 666 727
741 403 1413
387.667 494 1804
311.667 975 3125
619 475 1197
245 626 1588
335.667 498 994
304 931 2490
213.667 702 1321
343.333 510 1496
335.667 541 1804
290.667 517 994
197 743 987
412 326 994
205.667 698 1280
387.667 451 994
287 467 393
253.667 550 810
292.667 316 810
253.667 586 1404
221 644 778
287 424 0
161.667 468 594
161.667 432 0
462 270 0
462 294 419
255 580 1013
292.667 273 0


984.5 1276 4506
691.667 865 3125
455.667 1281 4230
418.333 994 3595
942.833 1002 3728
1191.17 1653 5519
884.667 897 3309
385.333 1074 3217
325.667 897 2582
1292.17 1398 5100
363.667 1203 3687
1030.67 1466 4623
843.667 1080 3811
676.667 1022 3779
362.333 1159 3217
432 1372 4414
825.667 1583 5100
304 931 2490
1036.83 1136 4322
965.667 1125 3995
354 1233 3569
361.333 1192 3210
325.667 933 3176
980.667 1907 5493
380 1160 3903
955 1555 5008
362 1160 3595
710.667 1144 3903
368 1131 3477
1176.5 1742 5102
937.167 1169 4414
318.667 958 3176
1061.83 1133 4414
1053.17 858 3245
457.333 1335 4322
399.333 1487 4296
420 1048 3687
814 1318 4589
327.667 876 2531
501.333 933 3309
367.667 800 2909
551.167 853 3042
460 992 3217
1657.67 1605 5185
892.5 1132 4014
478 1216 4014
1482.67 1652 5134
413.667 1461 4204
1482.17 1367 5100
499.667 879 3217
686 1754 4591
692 1128 3862
311.667 975 3125
832.833 936 3595
317 879 2490
567.667 1581 4506
317 915 3084
1268.67 1307 4589
665.333 1414 4506
490.667 925 3268
785.667 1415 4589
1175.5 1840 5134
923 600 1956
467 970 3217
892.167 808 3042
266.333 685 1804
1552 1848 5912
849 1881 5226
414.333 1397 4373
376.667 1088 3503
1860 1770 5912
868.667 1077 3903
624.333 774 3001
1044.33 1510 4982
1065.5 1316 4741
969 825 3125
1046.17 1006 3779
364 1223 3903
476.667 1279 3995
884.833 921 3636
445 1318 4296
382.667 671 2398
744 1113 3903
1493.67 1953 5912
449 685 2531
1271.33 2080 5912
684 970 3420
405.333 1046 3595
334.667 890 3125
359.667 833 2817
378.333 1106 3811
327.667 912 3125
456 663 2531
1067.17 1370 4833
326 894 2817
1069.17 1020 3820
721.167 772 2785
1009.83 1150 4029
508.333 900 3309
515.667 836 2950
598 608 1832
588.667 647 2131
310.333 951 3084
765.333 1552 4589
370.667 1203 3903
436 1300 4281
301.667 996 2791
413 1054 3636
440 731 2582
366.667 714 1823
404.667 1078 3328
780.667 1880 4683
1057.5 712 2610
1205.17 1074 3931
384 665 2007
374.667 681 1915
777.5 610 2191
546.667 999 3687
896 618 2223
447.333 667 2223
392 632 2099
773.167 743 2826
488.333 1206 4414
311.667 939 2531
405 1087 3544
533.5 878 3001
318.333 955 3125
245 626 1588
438.333 688 2490
371 1187 3903
741 403 1413
213.667 666 727
221 644 778
266.333 721 2398
213.667 702 1321
619 475 1197
205.667 662 686
780.5 630 2232
343.333 510 1496
290.667 517 994
290.667 553 1588
205.667 698 1280
245 590 994
197 743 987
462 270 0
1276.33 2023 5912
387.667 451 994
255 580 1013
253.667 586 1404
335.667 541 1804
335.667 498 994
287 467 393
361 485 1537
263 547 1105
387.667 494 1804
619.667 630 2007
161.667 468 594
292.667 273 0
221 680 1372
292.667 316 810
287 424 0
462 294 419
253.667 550 810
161.667 432 0
412 326 994


405.333 1046 3595
365.333 1122 3217
753.333 1490 4792
1400.5 1525 4899
1518.33 2063 5912
1041.67 1419 4715
1423 1549 5008
951 1163 4106
1016 1399 4589
446.667 1350 4322
937.333 1635 5008
311.667 939 2531
712.667 1925 4807
1033.83 1436 4741
624.333 774 3001
901 1701 5100
371.667 1142 3811
1183 1222 4414
566.667 852 3125
1612.33 1601 5493
1075 1183 4121
436 969 3636
334.667 854 2531
551.167 853 3042
1121 1054 3811
984.667 1098 4014
1073.33 1635 5226
1060.5 745 2651
1312 1389 4589
718.667 1081 3811
356.333 1168 3268
896 618 2223
394 1102 3903
1070.33 1015 3728
418.333 994 3595
1449.67 1158 4414
363.667 1203 3687
359.667 833 2817
1491 1436 4925
987.667 1476 4792
1511.5 2156 5912
472.667 1227 4055
1108.67 1596 5100
1922 1887 5912
1392.67 1432 4833
385.333 1106 3595
647.333 1495 4506
1393.5 1180 4239
1664.67 1667 5519
1629 1973 5912
387 1127 3903
1155.17 1209 4147
598 608 1832
884.667 897 3309
998 1084 4055
921.667 1451 4589
923 600 1956
473.667 1215 4322
1268.67 928 3544
376.667 1088 3503
429 991 3636
481 1545 4792
327.667 912 3125
427.333 973 3328
318.333 955 3125
1068 1205 4121
380 1160 3903
304 931 2490
1178.33 1473 4833
1119 1716 5519
676.667 1022 3779
312.833 1057 3084
432 1369 4414
361.667 1201 3477
904.333 1128 3995
311 1007 2791
1544.5 1393 4925
1157 750 2734
856 928 3245
533.5 878 3001
481.333 1239 4414
1310.67 1544 4925
780.5 630 2232
619.667 630 2007
318.667 958 3176
394.333 1063 3544
370 1124 3503
326 894 2817
447.333 667 2223
369.333 1152 3862
374.667 681 1915
604.333 1098 3811
934.333 1360 4506
311.333 966 2909
1169.67 1045 3820
772 1720 5008
334.667 890 3125
370.667 1192 3903
327.667 876 2531
384 665 2007
1813 1891 5912
366.667 714 1823
892.167 808 3042
1148.17 967 3435
501.333 933 3309
363.333 1244 3569
382.667 671 2398
335.667 498 994
741 403 1413
266.333 721 2398
864 1196 3995
440 731 2582
367.667 800 2909
456 663 2531
813.333 1936 5493
499.667 879 3217
197 743 987
420 1037 3687
588.667 647 2131
263 547 1105
266.333 685 1804
619 475 1197
213.667 666 727
245 590 994
290.667 553 1588
213.667 702 1321
438.333 688 2490
221 680 1372
343.333 510 1496
387.667 494 1804
335.667 541 1804
862 1643 4982
205.667 698 1280
387.667 451 994
253.667 586 1404
255 580 1013
361 485 1537
777.5 610 2191
290.667 517 994
221 644 778
412 326 994
292.667 273 0
205.667 662 686
392 632 2099
245 626 1588
1047.33 1574 4807
287 467 393
253.667 550 810
449 685 2531
287 424 0
161.667 432 0
161.667 468 594
462 270 0
462 294 419
292.667 316 810


1060.5 745 2651
746 1332 4589
924.667 1571 4807
763.333 1124 3903
372.333 1100 3217
1699 1409 4982
1046.17 1006 3779
387 1091 3309
796.667 1112 3862
879 1026 3820
431.333 1338 4230
387.333 1108 3544
1415 1487 4741
436 969 3636
420 1037 3687
692.667 1123 3862
415.333 1478 4296
490.667 962 3268
318.333 955 3125
387 1127 3903
1931 1563 5318
370.667 1192 3903
691.667 865 3125
923 1554 4715
428 1002 3544
864.667 1203 4414
1445 1685 5226
519.333 1207 3995
772 1053 3728
1232.17 1442 4709
884.833 921 3636
413 1054 3636
797 1091 3820
1061.83 1133 4414
362 1186 3595
1456.67 1456 4899
1648 1422 4899
1322.17 1695 5519
852 1602 4623
334.667 890 3125
969 825 3125
304 967 3084
1130.67 1514 4792
325.667 897 2582
499.667 879 3217
508.333 900 3309
854.333 1600 4715
356.333 1204 3862
425 1354 4230
1449.67 1469 4833
965 1789 5519
1026.83 1194 4029
884.667 897 3309
412 1070 3595
1510.83 1589 5519
418.333 1020 3595
1724.67 1810 5912
318.667 958 3176
897.667 1176 3995
654.333 1107 3820
405 1087 3544
696.667 1430 4414
1486 1455 4982
359.667 833 2817
462.667 1264 4281
1060.67 1429 4674
892.167 808 3042
372.667 1157 3636
327.667 912 3125
937.333 2077 5493
777.5 610 2191
456 663 2531
678.333 1493 4414
1135.33 1293 4589
624.333 774 3001
355 1237 3477
317 915 3084
304 931 2490
1469.17 2010 5912
374.667 681 1915
490.667 925 3268
366.667 714 1823
325.667 933 3176
311.333 966 2909
1456 1489 4899
501.333 933 3309
449 685 2531
774.333 845 3042
780.5 630 2232
1301.33 1748 5226
367.667 800 2909
1371.67 2160 5912
917 854 3084
382.667 671 2398
1030.67 1498 4623
588.667 647 2131
598 608 1832
438.333 688 2490
929 1515 5100
781 1691 4982
266.333 685 1804
1053.17 858 3245
473.333 1272 4322
619.667 630 2007
896 618 2223
440 731 2582
479.667 1233 4106
1527.17 1909 5912
253.667 586 1404
326 894 2817
429 991 3636
447.333 667 2223
371 1139 3328
711.667 748 2817
290.667 517 994
245 626 1588
266.333 721 2398
923 600 1956
213.667 702 1321
741 403 1413
384 665 2007
387.667 451 994
619 475 1197
290.667 553 1588
255 580 1013
263 547 1105
343.333 510 1496
361 485 1537
335.667 498 994
335.667 541 1804
253.667 550 810
205.667 698 1280
221 680 1372
205.667 662 686
462 270 0
462 294 419
392 632 2099
292.667 316 810
387.667 494 1804
245 590 994
213.667 666 727
197 743 987
292.667 273 0
161.667 468 594
287 424 0
287 467 393
221 644 778
412 326 994
161.667 432 0


1493 2006 5912
752.667 1011 3636
1057.33 1207 4147
1093 1452 4683
1576.67 1960 5912
935.333 1091 3995
466.667 1237 4322
427.333 973 3328
1705 1934 5912
533.5 878 3001
413 1054 3636
1426.83 1677 5134
1205.67 1460 5100
1053 1952 5493
1194.33 1518 4833
903.333 1239 4414
304 931 2490
364 1223 3903
939.667 1624 5100
414.333 1397 4373
363.667 1203 3687
652.667 1476 4807
708 1438 4589
2011 1770 5519
412 1070 3595
1168.5 1205 4322
376.667 1088 3503
488.667 1214 4055
368 1131 3477
311.667 975 3125
301.667 996 2791
1046.17 1006 3779
979.167 951 3420
1216.67 943 3503
414 1475 4255
858 985 3687
1488.67 2155 5912
1468 1653 5134
862 1630 4833
499.667 879 3217
490.667 925 3268
676.667 1022 3779
380 1160 3903
317 879 2490
711.667 748 2817
478 1167 4014
1382.5 1448 4792
369.333 1189 3862
947.333 1697 5185
418.333 994 3595
508.333 900 3309
822.333 1337 4388
318.333 955 3125
1197 956 3503
355.333 1196 3595
1817.67 1821 5519
923 600 1956
1040.67 1200 4106
1334 1182 4230
363.333 1200 3636
387 1127 3903
1448 1355 4807
944.5 1056 3820
790 1113 3820
763.333 1124 3903
1256.67 1991 5519
327.667 912 3125
1163 1455 4766
1403.67 1775 5401
456 663 2531
869 1587 5008
378.333 1106 3811
1057.5 712 2610
1412 1856 5519
1083.33 1322 4506
362.667 1191 3518
945 1096 4014
1564 1449 5008
969 825 3125
334.667 890 3125
327.667 876 2531
1026.33 981 3636
365.333 1158 3811
1426.33 1831 5519
404.667 1078 3328
982.667 1126 4055
325.667 933 3176
501.333 933 3309
410.333 1053 3503
374.667 681 1915
359.667 833 2817
304 967 3084
774.333 845 3042
1423 1441 4674
588.667 647 2131
1362.83 1708 5318
318.667 958 3176
376.333 1127 3862
877.667 1377 4589
311.333 966 2909
1882 1925 5912
367.667 800 2909
624.333 774 3001
1293 1374 4589
363.667 1140 3503
777.5 610 2191
1655 1950 5912
392 632 2099
741 403 1413
317 915 3084
197 743 987
1067 1796 5493
205.667 662 686
382.667 671 2398
384 665 2007
447.333 667 2223
566.667 852 3125
449 685 2531
266.333 685 1804
470.667 1231 4373
290.667 553 1588
335.667 541 1804
438.333 688 2490
245 626 1588
619 475 1197
343.333 510 1496
440 731 2582
253.667 586 1404
896 618 2223
221 644 778
255 580 1013
221 680 1372
290.667 517 994
619.667 630 2007
490.667 962 3268
253.667 550 810
263 547 1105
245 590 994
213.667 702 1321
266.333 721 2398
780.5 630 2232
213.667 666 727
387.667 451 994
366.667 714 1823
335.667 498 994
287 424 0
598 608 1832
205.667 698 1280
387.667 494 1804
412 326 994
356.333 1204 3862
161.667 468 594
462 294 419
161.667 432 0
292.667 273 0
462 270 0
287 467 393
361 485 1537
292.667 316 810


422.333 1411 4281
802.667 1446 4589
1018 1512 5008
429 991 3636
1390.67 2049 5912
892.5 1132 4014
427.333 973 3328
458.5 1369 4373
418.333 1020 3595
311.667 975 3125
490.667 925 3268
310.333 915 2490
925.667 1367 4589
1001.17 874 3204
420 1048 3687
404.667 1078 3328
1097.5 2027 5519
1341 1431 5008
1384 1419 4807
436 969 3636
1372.67 1369 4741
839.667 1205 4106
984.667 1098 4014
784 1838 5401
1473.5 1059 3931
326 894 2817
790.667 1286 4414
879 1026 3820
369 1113 3217
356 1165 3217
711.333 1814 4589
1456 1961 5912
710.667 1144 3903
1021.33 1062 3903
327.667 912 3125
304 931 2490
359.667 833 2817
347 1250 3518
1019.33 1721 5401
873.333 1145 3995
884.667 897 3309
1014 1233 4414
855.667 1225 4198
352.333 1216 3477
371 1187 3903
1577 1895 5912
969 825 3125
1709 1719 5226
1264.67 1507 4807
805.667 1556 5008
457.333 1335 4322
1582.67 1365 4623
428 1002 3544
490.667 962 3268
692.667 943 3728
317 915 3084
743.667 1094 3903
1139.67 1870 5519
1220.33 1239 4506
413.667 1381 4204
1166.67 1011 3779
385.333 1110 3811
677.667 1163 3862
676.667 1022 3779
901.167 1105 4322
1734 1883 5912
499.667 879 3217
1134 2053 5912
1031 1255 4506
721.167 772 2785
879 1527 5008
1159 1139 4414
813.667 1244 4080
1315.17 1849 5493
924.333 1600 5100
334.667 854 2531
317 879 2490
465.667 1248 4230
334.667 890 3125
405.333 1046 3595
1360.33 1829 5519
1057.5 712 2610
370.667 1203 3903
501.333 933 3309
325.667 933 3176
421.667 1345 3995
566.667 852 3125
833.667 1377 4589
370 1124 3503
508.333 900 3309
954.333 1360 4506
384 665 2007
310.333 951 3084
1563 1722 5519
666.667 1461 4414
1157 750 2734
362 1186 3595
624.333 774 3001
367.667 800 2909
582.333 1582 4499
896 618 2223
1009.67 1229 4373
355.333 1196 3595
366.667 714 1823
266.333 721 2398
397.333 1079 3503
1292 1490 4792
266.333 685 1804
301.667 996 2791
777.5 610 2191
318.667 958 3176
533.5 878 3001
418.667 1016 3302
440 731 2582
584.333 1245 4373
598 608 1832
923 600 1956
362.667 1188 3862
374.667 681 1915
438.333 688 2490
1237.67 1646 5185
447.333 667 2223
205.667 698 1280
325.667 897 2582
515.667 836 2950
335.667 541 1804
456 663 2531
382.667 671 2398
253.667 550 810
387.667 451 994
619 475 1197
802.667 1242 3995
780.5 630 2232
449 685 2531
213.667 702 1321
392 632 2099
335.667 498 994
253.667 586 1404
221 680 1372
588.667 647 2131
290.667 517 994
318.333 955 3125
290.667 553 1588
245 590 994
221 644 778
741 403 1413
245 626 1588
361 485 1537
619.667 630 2007
213.667 666 727
387.667 494 1804
343.333 510 1496
205.667 662 686
263 547 1105
255 580 1013
197 743 987
161.667 432 0
287 467 393
462 270 0
292.667 273 0
412 326 994
161.667 468 594
287 424 0
292.667 316 810
462 294 419


773.167 743 2826
1474.17 1952 5912
549.833 816 2909
1114.5 1175 4506
311.667 939 2531
387 1124 3903
404.667 1464 4255
423.667 1408 4322
884.667 897 3309
364 1212 3903
878.667 1609 4833
1091.67 1061 3811
498 861 2909
453.667 1325 4322
794.333 1962 4715
562.667 1202 3995
1793 1745 5912
429.833 1080 3636
888.333 1169 3995
780.667 1338 4589
432 1309 4230
748.667 1262 4506
712.5 1989 4982
1463.17 1698 5519
1571.67 1403 4632
378.333 1142 3595
969 825 3125
711.667 748 2817
737 1397 4589
882 1417 5100
935.5 1090 3811
1598 1674 5519
354 1244 3569
420.667 1385 4204
318.667 969 3176
304 967 3084
379.667 1135 3636
1134.67 1812 5493
566.667 852 3125
394 1102 3903
369 1149 3811
731.333 1480 4589
613.667 1059 3512
676.667 1022 3779
1057.5 712 2610
317 879 2490
352.333 1190 3477
470.667 1231 4373
1445 1721 5185
551.167 853 3042
688.333 1513 4589
1501.67 1659 5185
363.667 1140 3503
928.167 1217 4414
1028.17 1207 4014
310.333 951 3084
301.667 996 2791
359.667 833 2817
410.333 1027 3503
385.333 1110 3811
692.667 943 3728
814 1318 4589
490.667 962 3268
658 1044 3595
1053 2055 5493
1122 1053 3811
1046.17 1006 3779
1293.33 1776 5226
1581 1786 5912
317 915 3084
1514 1697 5493
327.667 912 3125
982.667 1097 3820
624.333 774 3001
382.667 671 2398
645 1183 3995
892.167 808 3042
667.5 1347 4414
253.667 586 1404
576 813 2826
440 731 2582
1575.5 1384 4766
334.667 890 3125
465.167 865 2909
1146 1067 3903
384 665 2007
1051.33 927 3420
326 894 2817
588.667 647 2131
266.333 685 1804
777.5 610 2191
571.667 1487 4414
325.667 933 3176
398.667 801 2490
508.333 900 3309
394.333 1063 3544
266.333 721 2398
774.333 845 3042
499.667 879 3217
598 608 1832
392 632 2099
327.667 876 2531
456 663 2531
205.667 698 1280
366.667 714 1823
1371.5 1146 3931
1499 1918 5912
437.333 886 2826
387.667 451 994
449 685 2531
578.333 1467 4414
311.667 975 3125
255 580 1013
780.5 630 2232
374.667 681 1915
197 743 987
343.333 510 1496
1121 1054 3811
245 590 994
1094.67 1980 5912
263 547 1105
438.333 688 2490
253.667 550 810
896 618 2223
361 485 1537
245 626 1588
290.667 517 994
335.667 498 994
447.333 667 2223
290.667 553 1588
619.667 630 2007
205.667 662 686
335.667 541 1804
619 475 1197
741 403 1413
923 600 1956
221 680 1372
221 644 778
515.667 836 2950
292.667 273 0
387.667 494 1804
462 270 0
412 326 994
213.667 666 727
287 424 0
462 294 419
161.667 432 0
292.667 316 810
161.667 468 594
213.667 702 1321
287 467 393


1147.33 1499 5008
490.667 962 3268
1328.5 1432 5100
1539 1115 4115
578.5 1257 4055
355 1183 3477
904 1575 5008
1899.5 1803 5912
371.333 1171 3544
895.667 1231 4373
515.667 836 2950
884.667 897 3309
857 1271 4373
379.667 1135 3636
781.167 1267 4106
884.833 921 3636
1300 1265 4589
1068 1100 3995
903.333 1239 4414
317 941 3084
445 1333 4230
311.667 975 3125
775.667 1862 4899
1153.33 1730 5134
664.667 1282 4741
969.667 1448 4807
359.667 833 2817
1018 778 2950
1061.83 1133 4414
372.667 1157 3636
1171.17 1561 5185
385.333 1129 3595
412 1070 3595
841 1224 4230
763.333 1124 3903
490.667 925 3268
369.333 1116 3268
1712.67 1605 5519
987.667 1501 5008
853.333 1611 4792
711.667 748 2817
942.333 1129 3995
882 1600 5008
427.333 996 3328
1019.67 1045 3811
487 1168 3862
355.667 1205 3811
356.333 1204 3862
1046.17 1006 3779
709.667 786 2642
1410.67 1779 5519
370.667 1178 3687
407.333 1485 4255
1398.67 1744 5401
1383.33 2169 5912
317 879 2490
692.667 943 3728
677.667 1164 3862
480.5 1319 4106
742.333 1059 3811
318.333 919 2531
501.333 933 3309
1440.5 1989 5912
366.667 714 1823
774.333 845 3042
310.333 951 3084
676.667 1022 3779
364 1212 3903
841.167 1152 4055
367.667 800 2909
362.333 1182 3302
868.333 1822 5519
701.667 1167 3903
551.167 853 3042
582 1170 3903
371 1187 3903
619.667 630 2007
562.167 1160 3728
326 917 2817
944.5 1056 3820
430.333 1376 4322
318.667 922 2582
334.667 890 3125
1639 1422 4792
499.667 879 3217
318.333 955 3125
868.667 1077 3903
601.5 1172 4055
896 618 2223
480.667 1255 4029
598 608 1832
318.667 958 3176
464.667 1323 4080
420 1037 3687
304 967 3084
384 665 2007
1696 1968 5912
773.167 743 2826
873.333 1145 3995
363.333 1179 3862
325.667 897 2582
266.333 721 2398
325.667 933 3176
892.167 808 3042
1201.17 1255 4506
266.333 685 1804
1347.5 1251 4506
449 685 2531
456 663 2531
604.333 1098 3811
327.667 876 2531
460 992 3217
969 825 3125
780.5 630 2232
440 731 2582
392 632 2099
255 580 1013
438.333 688 2490
930.667 1142 4014
777.5 610 2191
447.333 667 2223
691.667 865 3125
374.667 681 1915
213.667 666 727
387.667 494 1804
263 547 1105
205.667 698 1280
1069.17 1020 3820
221 644 778
343.333 510 1496
213.667 702 1321
741 403 1413
335.667 498 994
335.667 541 1804
245 626 1588
197 743 987
221 680 1372
253.667 586 1404
245 590 994
382.667 671 2398
253.667 550 810
205.667 662 686
619 475 1197
462 294 419
361 485 1537
290.667 553 1588
161.667 468 594
290.667 517 994
412 326 994
292.667 273 0
287 424 0
387.667 451 994
161.667 432 0
588.667 647 2131
462 270 0
287 467 393
292.667 316 810


420 1048 3687
875.667 1329 4589
1001.17 874 3204
318.333 955 3125
890 892 3217
1025.17 1008 3728
476.667 1316 3995
413 1054 3636
304 967 3084
1166.67 1011 3779
334.667 854 2531
369.333 1152 3862
1059 1851 5493
421.333 1372 4373
414.667 1406 4589
311.667 939 2531
950.167 985 3604
944.5 1056 3820
266.333 685 1804
935.5 1115 4322
937.167 1169 4414
369.333 1189 3862
984.667 1098 4014
371.333 1148 3544
317 879 2490
1163 1305 4589
427.333 973 3328
427.333 1343 4255
901 1115 3995
1524.67 1412 4792
779.667 1342 4589
387 1127 3903
352.333 1190 3477
367.667 800 2909
429 991 3636
325.667 933 3176
412 1081 3595
831.5 1065 3820
363.667 1140 3503
744 1113 3903
922.333 1960 5493
923 600 1956
372.333 1136 3811
446.667 1350 4322
467 970 3217
356.333 1204 3862
311.667 975 3125
1019.67 1045 3811
1169.67 1045 3820
376.333 1091 3268
424.667 1373 4589
969.333 1091 3862
325.667 897 2582
456 663 2531
1173.33 1291 4589
1021.33 1062 3903
884.667 897 3309
598 608 1832
832.833 936 3595
318.667 958 3176
969 825 3125
1324.67 1751 5519
327.667 876 2531
1504.67 1748 5519
362.333 1169 3811
624.333 774 3001
533.5 878 3001
711.667 748 2817
1569 1680 5401
639.667 880 3084
773.167 743 2826
266.333 721 2398
326 894 2817
301.667 996 2791
421 1024 3544
366.667 714 1823
881 1421 5100
488.333 1206 4414
525 1525 4715
619.667 630 2007
1053.17 858 3245
490.667 925 3268
797 1656 4982
410.333 1053 3503
1112.67 1405 4715
480.333 1239 4322
1247.67 1898 5519
1097.83 1752 5493
304 931 2490
1509.17 1694 5134
892.167 808 3042
311.333 966 2909
508.333 900 3309
905.167 1203 4373
449 685 2531
334.667 890 3125
476.667 1279 3995
1727 1673 5102
317 915 3084
382.667 671 2398
255 580 1013
374.667 681 1915
392 632 2099
384 665 2007
1577.67 1736 5493
780.5 630 2232
440 731 2582
438.333 688 2490
551.167 853 3042
213.667 666 727
221 680 1372
1500.17 1745 5185
245 590 994
343.333 510 1496
1273 1894 5912
263 547 1105
896 618 2223
387.667 494 1804
221 644 778
447.333 667 2223
359.667 833 2817
335.667 498 994
741 403 1413
327.667 912 3125
335.667 541 1804
197 743 987
253.667 586 1404
205.667 698 1280
245 626 1588
253.667 550 810
361 485 1537
290.667 517 994
205.667 662 686
777.5 610 2191
287 467 393
588.667 647 2131
287 424 0
213.667 702 1321
462 270 0
290.667 553 1588
412 326 994
161.667 432 0
462 294 419
387.667 451 994
161.667 468 594
292.667 273 0
292.667 316 810
619 475 1197


896 1328 4589
1425.17 2005 5912
356.333 1179 3268
1114.5 1175 4506
1024.67 2097 5912
871.667 1146 4147
385.333 1110 3811
1045 1318 4506
1205.17 1074 3931
304 931 2490
1597 1877 5912
526 1552 4589
676.667 1022 3779
718.667 1081 3811
1057.5 712 2610
958 1143 3862
429.833 1080 3636
692.667 943 3728
711.667 748 2817
1015 1526 5008
984 1417 4674
369 1175 3811
551.167 853 3042
831.5 1065 3820
427.333 973 3328
1134 1276 4589
354 1244 3569
317 941 3084
1077 1508 4833
465.333 1302 4414
394.333 1063 3544
459.167 1413 4414
327.667 912 3125
594.5 1194 4055
325.667 933 3176
864.333 1438 4766
334.667 854 2531
1348.5 1800 5519
430.667 1360 4322
710.667 1144 3903
364 1223 3903
892.167 808 3042
1075.17 1418 4766
507 879 2924
1142 1574 5100
471.667 1218 4230
362 1160 3595
367.667 800 2909
624.333 774 3001
317 879 2490
533.5 878 3001
385.333 1106 3595
508.333 900 3309
362.667 1188 3862
607.167 1172 3820
616 1456 4715
774.333 845 3042
490.667 925 3268
964.333 1918 5493
546.667 999 3687
879.667 1225 4373
372.667 1157 3636
1171.67 1542 5100
691.667 865 3125
1326.17 1563 5134
470.667 1231 4373
310.333 951 3084
1408 1605 5519
506.667 883 3217
490.667 962 3268
777.5 610 2191
1172 1541 5100
359.667 833 2817
301.667 996 2791
379.667 1135 3636
318.667 958 3176
421 1024 3544
639.667 880 3084
1427 1595 5519
326 894 2817
1292 1979 5519
378.333 1142 3595
456 663 2531
1462.33 1968 5912
410.333 1027 3503
1615 1767 5912
334.667 890 3125
1034.33 1684 5401
746 1333 4589
884.667 897 3309
773.167 743 2826
447.333 667 2223
318.667 922 2582
1051 1082 3903
266.333 685 1804
366.667 714 1823
266.333 721 2398
588.667 647 2131
382.667 671 2398
619.667 630 2007
356 1201 3811
923 600 1956
304 967 3084
1004.33 1890 5401
449 685 2531
290.667 517 994
263 547 1105
456.667 1356 3988
387.667 451 994
467 970 3217
1030 1127 3903
318.333 955 3125
510.833 1587 4741
290.667 553 1588
205.667 662 686
867.333 1461 4792
384 665 2007
438.333 688 2490
392 632 2099
440 731 2582
896 618 2223
909.333 1768 5008
374.667 681 1915
253.667 550 810
213.667 666 727
1178.33 1840 5493
325.667 897 2582
619 475 1197
335.667 541 1804
221 644 778
335.667 498 994
255 580 1013
741 403 1413
412 326 994
213.667 702 1321
361 485 1537
221 680 1372
343.333 510 1496
598 608 1832
780.5 630 2232
253.667 586 1404
205.667 698 1280
245 626 1588
245 590 994
292.667 273 0
197 743 987
462 294 419
161.667 432 0
287 467 393
462 270 0
161.667 468 594
292.667 316 810
287 424 0
387.667 494 1804


