439 1347 4414
356.333 1179 3268
490.667 925 3268
1129.67 1894 5226
371.333 1148 3544
489.667 1567 5100
376.333 1091 3268
460 992 3217
368 1131 3477
1461 1818 5519
1442 1344 5008
392 632 2099
771.333 825 3001
369 1113 3217
327.667 912 3125
364 1223 3903
414.667 1406 4589
318.667 958 3176
1010 1094 3903
431.667 1312 3995
304 967 3084
326 894 2817
1134 1276 4589
421.667 1381 4589
421.333 1387 3995
431 1321 3995
892.167 808 3042
444.667 1286 3995
431.667 1348 4589
387 1088 3309
489.333 1608 4982
376.333 1127 3862
630.667 1382 5100
394 1066 3309
615 1168 4414
489.167 1292 4414
325.667 897 2582
362.333 1169 3811
325.667 933 3176
901 1115 3995
1488 1272 4741
1921 1577 5493
311.667 939 2531
414.667 1407 3995
394 1102 3903
865 1281 4589
317 879 2490
430.333 1355 4322
1288.33 1825 5401
429.833 1080 3636
504.333 1545 5008
317 915 3084
372.333 1100 3217
334.667 854 2531
327.667 876 2531
382.667 671 2398
378.333 1070 3217
969 825 3125
1729 1728 5519
394.333 1063 3544
362.667 1188 3862
1226.17 1957 5519
385.333 1110 3811
1586.5 1636 5102
1575 1684 5185
1278.5 1282 4741
311.333 966 2909
444.667 1322 4589
1772 1564 5134
311.667 975 3125
440 731 2582
519.333 1207 3995
266.333 685 1804
676.667 1022 3779
451 1038 3268
1060.5 745 2651
551.167 853 3042
1029.67 1377 4925
515.667 836 2950
508.333 900 3309
901.167 1105 4322
1249 940 3544
870 612 1915
197 743 987
896 618 2223
588.667 647 2131
1815 1561 5401
944.5 1056 3820
923 600 1956
334.667 890 3125
499.667 879 3217
692.667 943 3728
490.667 962 3268
501.333 933 3309
221 644 778
708 1049 3811
691.667 865 3125
438.333 688 2490
467 970 3217
884.667 897 3309
1348.67 1806 5318
1118 1365 4623
965 790 2909
205.667 662 686
456 663 2531
213.667 666 727
562.667 1202 3995
255 580 1013
1018 778 2950
374.667 681 1915
658 1044 3595
447.333 667 2223
361 485 1537
1249.33 1739 5185
398.667 801 2490
245 626 1588
221 680 1372
741 403 1413
213.667 702 1321
721.167 772 2785
343.333 510 1496
598 608 1832
205.667 698 1280
619 475 1197
335.667 498 994
1606.67 1708 5318
449 685 2531
335.667 541 1804
304 931 2490
876 622 2140
387.667 494 1804
266.333 721 2398
253.667 586 1404
263 547 1105
287 467 393
780.5 630 2232
245 590 994
290.667 517 994
287 424 0
161.667 468 594
292.667 273 0
253.667 550 810
290.667 553 1588
462 270 0
161.667 432 0
412 326 994
292.667 316 810
462 294 419
387.667 451 994


1416.17 1299 4792
490.667 962 3268
369 1139 3217
989.833 1168 4373
318.667 958 3176
364 1212 3903
1145.67 1329 4833
884.833 921 3636
832.833 936 3595
463 1280 3988
526.833 1538 5100
524.333 1471 4715
1042.33 1344 4792
1135.33 1566 5134
498.667 1520 4833
317 915 3084
917 854 3084
362.333 1159 3217
471.5 1317 4373
376.333 1091 3268
365.333 1158 3811
490.667 925 3268
1021 1365 4833
998 1084 4055
746 1333 4589
362.333 1169 3811
630.667 1382 5100
311.667 939 2531
495.667 1142 4055
984.667 1098 4014
902.333 1780 5519
371 1187 3903
622 1436 4792
382.667 671 2398
901.167 1105 4322
1119.67 1317 4741
421.667 1407 4589
1145.83 1602 5226
984.5 1276 4506
896 618 2223
619.667 630 2007
418.333 994 3595
508.333 900 3309
473.667 1215 4322
1114.5 1175 4506
334.667 854 2531
997.667 2012 5912
465 1242 4014
759.333 1941 5226
895 1211 4414
923 600 1956
875.333 1794 5226
304 967 3084
1386.67 1916 5912
912.667 1726 5519
816.667 1820 5226
317 879 2490
481.333 1239 4414
927.5 1689 5519
1022.83 1643 5519
515.667 836 2950
334.667 890 3125
619 475 1197
499.667 879 3217
439 1347 4414
423 1352 4281
479.667 1185 4322
562.333 1213 4373
311.667 975 3125
1046.17 1006 3779
780.5 630 2232
551.167 853 3042
831.5 1065 3820
394 1102 3903
1254.67 1058 4147
371 1151 3309
692.667 943 3728
944.5 1056 3820
773.167 743 2826
421.333 1372 4373
326 894 2817
676.667 1022 3779
370.667 1156 3309
739 1355 4589
446.667 1320 4322
436 969 3636
721.167 772 2785
385.333 1106 3595
1077.5 1256 4506
884.667 897 3309
1226.67 1546 5519
843.667 1796 5519
327.667 912 3125
363.333 1179 3862
327.667 876 2531
1009.33 1665 5519
266.333 721 2398
213.667 666 727
533.5 878 3001
318.333 955 3125
440 731 2582
466.667 1237 4322
325.667 897 2582
482.667 1563 5100
387 1088 3309
432 1369 4414
427.333 1343 4255
376.333 1127 3862
691.667 865 3125
588.667 647 2131
394 1066 3309
598 608 1832
221 644 778
266.333 685 1804
253.667 586 1404
469.333 1210 3988
221 680 1372
892.167 808 3042
325.667 933 3176
205.667 662 686
371.667 1142 3811
374.667 681 1915
387 1124 3903
1169.67 1045 3820
427.333 973 3328
205.667 698 1280
213.667 702 1321
335.667 541 1804
449 685 2531
624.333 774 3001
447.333 667 2223
429 991 3636
263 547 1105
362.667 1188 3862
456 663 2531
290.667 517 994
366.667 714 1823
397.333 1079 3503
392 632 2099
1028.17 1057 4014
197 743 987
361 485 1537
1155.33 1536 5134
777.5 610 2191
438.333 688 2490
245 590 994
343.333 510 1496
287 467 393
367.667 800 2909
253.667 550 810
741 403 1413
255 580 1013
384 665 2007
290.667 553 1588
335.667 498 994
420 1037 3687
387.667 494 1804
359.667 833 2817
412 1070 3595
310.333 951 3084
387.667 451 994
245 626 1588
462 294 419
161.667 432 0
292.667 273 0
292.667 316 810
161.667 468 594
412 326 994
287 424 0
462 270 0


631.667 1803 5100
1036 1138 4023
562.333 1213 4373
658.667 1384 5100
1331 1220 4506
1070.33 1015 3728
414.333 1395 4255
445 1318 4296
598 608 1832
870 612 1915
408 1406 3995
376.333 1117 3268
652.667 1414 5100
431.667 1348 4589
1177 1283 4833
674.667 1341 4833
824.5 2012 5493
385.333 1106 3595
506.667 883 3217
317 941 3084
356.333 1168 3268
1147.67 1316 4833
606.333 1195 4106
480.667 1635 4674
363.333 1143 3268
555.667 1198 3995
615 1168 4414
551.167 853 3042
429.833 1080 3636
508.667 881 2950
797 1091 3820
408 1442 4589
334.667 890 3125
431.667 1312 3995
1021.33 1062 3903
534.667 1694 4807
378.667 1084 3217
334.667 854 2531
366.667 714 1823
588.333 1715 5008
1153.33 1292 4589
533.5 878 3001
746 1332 4589
362.333 1195 3811
1210.33 1729 5493
546.667 999 3687
326 894 2817
979 1157 3995
370.667 1156 3309
422.333 1422 4281
355 1237 3477
608 1190 4414
879 1026 3820
892.167 808 3042
387 1088 3309
436 969 3636
370.667 1178 3687
424.667 1370 4589
515.667 836 2950
376.333 1127 3862
508.333 900 3309
449 685 2531
327.667 876 2531
966 1870 5185
327.667 912 3125
406.667 1421 4204
588.667 647 2131
586.667 1713 4982
369 1139 3217
969 825 3125
1334.33 1073 4055
415 1392 4014
1085.33 1298 4506
965 790 2909
923 600 1956
566.667 852 3125
371.667 1106 3217
304 967 3084
805.333 1995 5401
392 632 2099
394 1102 3903
780.5 630 2232
438.333 688 2490
507 879 2924
387 1124 3903
1225.33 1666 5519
367.667 800 2909
1086.83 1799 5226
844 1883 5519
876 622 2140
317.333 937 2791
318.333 919 2531
384 665 2007
362.667 1152 3268
996 1868 5493
382.667 671 2398
304 931 2490
356 1165 3217
363.333 1179 3862
884.833 921 3636
318.667 958 3176
310.333 915 2490
311.667 939 2531
355.667 1169 3217
378.667 1120 3811
362.667 1188 3862
310.333 951 3084
255 580 1013
407 1417 4204
774.333 845 3042
205.667 698 1280
311.667 975 3125
266.333 721 2398
843.667 1080 3811
325.667 897 2582
213.667 666 727
371.667 1142 3811
1743 1355 5008
447.333 667 2223
221 644 778
356 1201 3811
440 731 2582
317 905 2490
266.333 685 1804
221 680 1372
253.667 550 810
213.667 702 1321
355.667 1205 3811
456 663 2531
394 1066 3309
1279 1267 4589
896 618 2223
741 403 1413
290.667 517 994
245 626 1588
325.667 933 3176
263 547 1105
1224.67 1715 5134
1003.33 1816 5134
343.333 510 1496
197 743 987
387.667 451 994
619.667 630 2007
290.667 553 1588
387.667 494 1804
1018 778 2950
245 590 994
287 467 393
253.667 586 1404
335.667 498 994
335.667 541 1804
205.667 662 686
361 485 1537
619 475 1197
292.667 316 810
287 424 0
462 294 419
161.667 468 594
161.667 432 0
292.667 273 0
462 270 0
412 326 994


1298.17 1532 5134
430.667 1360 4322
444.667 1322 4589
1202 947 3544
1341.17 1529 5519
467 970 3217
378.667 1084 3217
444.667 1286 3995
548.333 1255 4322
987.833 1440 4833
1191.17 1620 5519
365.333 1158 3811
900 908 3296
371.667 1106 3217
429.833 1080 3636
387 1088 3309
394 1066 3309
370.667 1156 3309
398.667 801 2490
1084.67 924 3328
915 905 3309
1068.83 1336 4741
571.333 1170 4322
1067.5 1055 3728
1468.17 1420 5134
394 1102 3903
853.333 1932 5226
562.667 1202 3995
847 956 3309
1270.17 1545 5134
431.667 1312 3995
567.667 1617 5100
974.167 1352 4741
385.333 1110 3811
356.333 1168 3268
1441.67 1527 5519
1167.17 1666 5134
619.667 630 2007
1308.67 1327 4833
718.667 1081 3811
355.667 1169 3217
507 879 2924
364 1176 3309
481.333 1603 5008
562.667 1224 4014
924.833 1233 4373
506.667 883 3217
777.5 610 2191
1287.17 1249 4448
408 1406 3995
774.333 845 3042
362 1186 3595
465.167 865 2909
380 1160 3903
1018.17 1394 4833
1161.67 1412 5100
1164.17 1287 4741
524.667 1691 5100
304 931 2490
607.667 1467 5100
965 790 2909
304 967 3084
718.5 1069 3604
928.167 1217 4414
387 1124 3903
1061.17 1417 5100
376.333 1127 3862
943.833 1398 4741
896.667 1289 4589
334.667 854 2531
376.333 1117 3268
363.333 1143 3268
746.167 977 3328
311.333 966 2909
421.667 1345 3995
440 731 2582
751.167 975 3636
549.833 816 2909
362.667 1152 3268
317 879 2490
1018 778 2950
392 632 2099
928.833 1461 4715
969 825 3125
438.333 688 2490
598 608 1832
515.667 836 2950
318.667 958 3176
1031.17 1090 4055
494.333 1033 3268
424.667 1334 3995
592 1253 4414
365.333 1122 3217
263 547 1105
362.333 1159 3217
846.667 967 3544
221 680 1372
366.667 714 1823
1216.67 943 3503
503 1001 3595
1003.33 1829 5226
364 1212 3903
362.333 1195 3811
384 665 2007
334.667 890 3125
317 915 3084
449 685 2531
743.667 1094 3903
327.667 876 2531
923 600 1956
385.333 1106 3595
255 580 1013
1004.33 1807 5493
405.333 1046 3595
1441 1406 5008
711.667 748 2817
604.333 1098 3811
359.667 833 2817
326 894 2817
456 663 2531
1264 1164 4230
512 982 3309
327.667 912 3125
447.333 667 2223
566.667 852 3125
245 590 994
1051 1082 3903
318.333 955 3125
205.667 698 1280
311.667 939 2531
361 485 1537
773 1937 5493
382.667 671 2398
311.667 975 3125
893 1089 3820
343.333 510 1496
892.167 808 3042
1254.67 1058 4147
213.667 666 727
588.667 647 2131
445 1318 4296
325.667 933 3176
266.333 721 2398
325.667 897 2582
245 626 1588
266.333 685 1804
741 403 1413
253.667 550 810
335.667 498 994
221 644 778
371 1151 3309
421.667 1381 4589
371 1187 3903
290.667 517 994
896 618 2223
290.667 553 1588
205.667 662 686
213.667 702 1321
387.667 494 1804
619 475 1197
462 294 419
387.667 451 994
412 326 994
253.667 586 1404
335.667 541 1804
197 743 987
292.667 273 0
161.667 432 0
292.667 316 810
287 467 393
161.667 468 594
462 270 0
287 424 0


868.333 1386 4741
811 1635 5100
692.667 943 3728
896.667 1289 4589
1222.33 1231 4414
475.333 1621 4833
551.167 853 3042
810 1503 4792
423.333 1351 4322
1021.33 1062 3903
1121 1054 3811
1246.5 1741 5185
466.333 1668 5100
952 1090 3820
870 1440 4833
1514 1205 4239
1249 940 3544
1507.33 1677 5519
904.333 1128 3995
407 1417 4204
937.333 1192 4106
1590 1114 4029
812 1584 5008
471.5 1317 4373
414 1394 4322
479.667 1588 4623
1021 1365 4833
1024.67 1209 4322
838 1470 4792
670.667 1115 3811
1325 1726 5318
933.667 1545 5008
318.667 958 3176
882.667 1416 4792
821.333 1302 4230
739.333 1413 4589
310.333 915 2490
834.333 1250 4230
304 931 2490
481 1609 5008
490.667 925 3268
1343.33 1722 5134
479.667 1221 4106
371 1139 3328
1019.33 1311 4741
1127.33 1902 5185
362 1160 3595
478 1167 4014
427.333 1023 3328
499.667 879 3217
362.333 1133 3217
374.667 681 1915
1220.67 1154 4055
362.333 1169 3811
848.667 1371 4589
346.667 1241 3302
969 825 3125
1084.67 924 3328
1354 1172 4230
999.667 1193 4230
1053.17 858 3245
369 1113 3217
718.667 1081 3811
370.667 1192 3903
317 879 2490
376.667 1088 3503
369 1149 3811
834.667 1246 4322
387 1124 3903
583.333 1600 4833
904.667 1226 4322
880 1296 4414
743.667 1094 3903
356 1165 3217
405.333 1046 3595
385.333 1106 3595
1470 1171 4147
408.333 1449 4589
501.333 933 3309
777.5 610 2191
883.667 1606 5100
1405 1153 4029
421.333 1423 4589
515.667 836 2950
440 731 2582
356 1201 3811
310.333 951 3084
311.667 939 2531
508.333 900 3309
415.667 1448 4414
366.667 714 1823
878.333 1242 4322
566.667 852 3125
772.667 1397 4589
490.667 962 3268
394 1066 3309
364 1223 3903
376.333 1127 3862
523.667 1377 4414
923 600 1956
334.667 890 3125
327.667 912 3125
965 790 2909
449 685 2531
1018 778 2950
467 970 3217
384 665 2007
771.333 825 3001
1400 1859 5401
317 915 3084
325.667 897 2582
318.333 955 3125
1318.17 1850 5226
447.333 667 2223
205.667 698 1280
709.667 786 2642
304 967 3084
1005.67 1260 4414
367.667 800 2909
311.667 975 3125
438.333 688 2490
325.667 933 3176
197 743 987
619 475 1197
263 547 1105
413 1054 3636
266.333 685 1804
799 1386 4506
741 403 1413
456 663 2531
213.667 702 1321
382.667 671 2398
598 608 1832
387.667 451 994
326 894 2817
774.333 845 3042
205.667 662 686
711.667 748 2817
213.667 666 727
780.5 630 2232
588.667 647 2131
582.667 659 1823
221 680 1372
266.333 721 2398
361 485 1537
253.667 550 810
896 618 2223
335.667 498 994
245 590 994
221 644 778
253.667 586 1404
245 626 1588
387.667 494 1804
619.667 630 2007
343.333 510 1496
290.667 517 994
335.667 541 1804
161.667 468 594
462 294 419
292.667 273 0
290.667 553 1588
255 580 1013
161.667 432 0
412 326 994
292.667 316 810
287 424 0
462 270 0
287 467 393


408 1433 3903
751 1302 4322
366.667 714 1823
356.333 1215 3862
708 1413 4589
362.333 1169 3811
503 1001 3595
311.667 939 2531
408.333 1413 3995
696.333 1724 4982
1028.5 1366 4741
1021.33 1062 3903
616 1456 4715
355 1237 3477
457.833 1389 4373
829 1125 3820
371.667 1142 3811
827.333 1596 5100
612.5 1334 4014
1463.17 1220 4741
1021.17 1418 5100
304 931 2490
745.333 1648 5100
928.167 1437 5100
325.667 897 2582
1054.17 1325 4715
832 1281 4281
779.667 1342 4589
1014 1782 5519
304 967 3084
501.333 933 3309
438.333 1343 4230
425.333 875 2601
825.333 1624 4982
982.333 1847 5185
327.667 876 2531
598 608 1832
326 894 2817
1058.17 1337 5100
1099.17 1313 4741
1249 940 3544
374.667 681 1915
1193.5 942 3337
376.667 1137 3503
773.167 743 2826
533.5 878 3001
551.167 853 3042
725.667 1183 3903
317 879 2490
600 1535 4766
376.333 1091 3268
885.167 1184 4373
1046.17 1006 3779
780.667 1338 4589
774.333 845 3042
776.333 1403 4589
213.667 666 727
387 1091 3309
793.667 1132 3903
498 861 2909
984.5 1276 4506
923 600 1956
901.167 1105 4322
1083.67 1236 4506
327.667 912 3125
1114.5 1175 4506
334.667 854 2531
490.667 925 3268
917 854 3084
378.333 1070 3217
1254.67 1058 4147
408 1453 4589
430.333 1355 4322
355.333 1196 3595
619.667 630 2007
831.5 1065 3820
317 915 3084
369.333 1116 3268
325.667 933 3176
512.333 1240 3995
392 632 2099
362.667 1152 3268
522.333 1363 4373
318.667 958 3176
515.667 836 2950
355.667 1205 3811
378.667 1120 3811
624.333 774 3001
692.667 943 3728
708 1049 3811
414.333 1434 4373
896 1328 4589
310.333 951 3084
385.333 1110 3811
356.333 1179 3268
901 1115 3995
369.333 1189 3862
1019.67 1045 3811
864 1196 3995
676.667 1022 3779
639.667 880 3084
508.333 900 3309
896 618 2223
447.333 667 2223
1198.33 1656 5519
440 731 2582
290.667 553 1588
197 743 987
507 879 2924
692 1128 3862
266.333 685 1804
1144 1309 4589
334.667 890 3125
969 825 3125
362.667 1199 3862
373.667 848 2531
671.167 1566 4792
588.667 647 2131
266.333 721 2398
619 475 1197
245 590 994
741 403 1413
777.5 610 2191
205.667 662 686
221 644 778
343.333 510 1496
384 665 2007
213.667 702 1321
506.667 883 3217
387.667 494 1804
221 680 1372
873.333 1145 3995
335.667 498 994
387.667 451 994
361 485 1537
490.667 962 3268
456 663 2531
263 547 1105
467 970 3217
780.5 630 2232
310.333 915 2490
253.667 550 810
335.667 541 1804
451 1049 3268
449 685 2531
205.667 698 1280
398.667 801 2490
382.667 671 2398
428.667 1372 4230
245 626 1588
438.333 688 2490
290.667 517 994
287 467 393
253.667 586 1404
462 294 419
292.667 316 810
412 326 994
161.667 432 0
462 270 0
287 424 0
255 580 1013
292.667 273 0
161.667 468 594


888.333 1169 3995
767 1396 4589
884.833 921 3636
1306.67 1738 5185
1312.83 1292 4741
914 1559 4674
773.167 743 2826
407 1417 4204
304 931 2490
919.333 1271 4589
903.333 1127 3995
840.667 1307 4506
1204 1851 5493
373.667 848 2531
1069.17 1020 3820
1347.33 1454 5008
515.667 836 2950
1496.33 1334 5008
432 1372 4414
942.833 1002 3728
334.667 890 3125
364 1212 3903
1171.67 1540 5008
937 1870 5493
1298.33 1502 5008
415.667 1448 4414
588.667 647 2131
1319.33 1471 4925
378.333 1070 3217
622.167 1093 3687
304 967 3084
978.333 1045 3811
817.333 1323 4506
429 991 3636
498 861 2909
935.5 1115 4322
1328.67 1459 5008
414 1438 4255
533.5 878 3001
742.333 1059 3811
853.333 1574 4792
935.333 1091 3995
868.667 1077 3903
1018 778 2950
443 850 2642
369.333 1153 3268
1221.67 1561 5100
786 1628 4792
490.667 925 3268
780 1636 4766
311.667 975 3125
1260.33 1483 4925
808 1604 4766
691.667 865 3125
780.5 630 2232
382.667 671 2398
551.167 853 3042
701.667 1167 3903
797 1617 5100
833.333 1604 4792
634.667 1108 3728
466.667 1237 4322
1679 1740 5318
1458.5 1648 5226
429.667 878 2785
501.333 933 3309
1146.33 1807 5226
692.5 1317 4373
1494 1765 5519
838.333 1612 5100
317 879 2490
392 632 2099
892.167 808 3042
387 1091 3309
1699 1738 5318
499.667 879 3217
555.667 1198 3995
859 1563 5100
369.333 1116 3268
777.5 610 2191
362 1160 3595
405.333 1046 3595
508.333 900 3309
619.667 630 2007
1353.67 1774 5226
446.667 1320 4322
384 665 2007
923 600 1956
369.333 1152 3862
398.667 801 2490
817 1610 4792
1004.67 792 2909
456 663 2531
808.333 1369 4414
317 915 3084
857 1271 4373
763.333 1124 3903
197 743 987
941 1499 4792
245 590 994
327.667 876 2531
414.333 1397 4373
1375.67 1783 5493
772 1053 3728
311.333 966 2909
1365 1512 5100
994 1487 4833
374.667 681 1915
363.667 1203 3687
1396.5 1396 5100
884.667 897 3309
266.333 685 1804
356.333 1204 3862
790 1113 3820
896 618 2223
318.667 958 3176
447.333 667 2223
855.667 1225 4198
440 731 2582
253.667 586 1404
266.333 721 2398
221 644 778
213.667 702 1321
290.667 553 1588
449 685 2531
741 403 1413
245 626 1588
221 680 1372
255 580 1013
361 485 1537
387.667 494 1804
205.667 698 1280
438.333 688 2490
290.667 517 994
205.667 662 686
343.333 510 1496
335.667 541 1804
263 547 1105
1222.67 1537 5100
619 475 1197
213.667 666 727
287 467 393
253.667 550 810
287 424 0
292.667 273 0
462 294 419
335.667 498 994
387.667 451 994
161.667 468 594
161.667 432 0
292.667 316 810
412 326 994
462 270 0


721.167 772 2785
577 1564 5100
501.333 933 3309
1278 1297 4589
551.167 853 3042
692.667 943 3728
376.333 1127 3862
516.167 1603 4766
366.667 714 1823
414 1438 4255
868.667 1077 3903
1598.5 1380 5100
1073.33 1480 5100
410.333 1027 3503
327.667 876 2531
684.833 1494 4792
798.667 1550 5008
814 1318 4589
739 1355 4589
1756.67 1622 5318
533.167 1003 3328
356.333 1179 3268
423 1392 4204
841 1224 4230
893.333 1472 5008
421 1024 3544
848.333 1806 5134
506.667 883 3217
935.333 1091 3995
362.667 1199 3862
793.667 1918 5134
874.5 1461 4741
471.5 1317 4373
873.333 1145 3995
387 1124 3903
431 1321 3995
370 1147 3503
310.333 951 3084
830.167 1247 4414
378.333 1070 3217
326 894 2817
533.5 878 3001
1057.5 712 2610
476.333 1583 4741
773.167 743 2826
454.833 1023 3328
412 1070 3595
384 665 2007
394 1102 3903
1506.17 1350 4899
317 915 3084
1077.5 1256 4506
1032.83 1179 4147
1103 1702 5519
378.333 1106 3811
823.167 1283 4414
1209.83 1391 4925
380 1160 3903
374.667 681 1915
1061.83 1133 4414
327.667 912 3125
437.667 1282 3995
430.333 1374 4106
397.667 1470 4204
311.667 975 3125
483.667 1613 5008
1399.67 1619 5226
363.333 1179 3862
676.667 1022 3779
1114.5 1175 4506
417.667 1370 3995
408 1406 3995
1439.17 1310 4833
988 1835 5226
468.667 1676 4982
317 879 2490
684 970 3420
355.667 1169 3217
424 1354 3995
371.667 1106 3217
469 1635 5100
944.5 1056 3820
1034.5 1233 4239
867.167 1513 5100
1046.17 1006 3779
508.333 900 3309
938 1894 5401
408 1442 4589
546.667 999 3687
424 1390 4589
362.667 1152 3268
884.667 897 3309
420 1037 3687
777.5 610 2191
807.333 1354 4589
407.333 1474 4255
507 879 2924
788.333 1350 4506
624.333 774 3001
1295.67 1666 5519
466.167 1377 4414
446.667 1320 4322
820.667 1523 4833
1124.17 1636 5134
392 632 2099
415.333 1401 4230
371.667 1142 3811
361.333 1167 3477
919.167 1747 5134
431.333 1338 4230
430.667 1383 4322
868.167 1477 4741
634.167 1300 4106
355 1237 3477
889.833 1443 4833
508.667 881 2950
421.667 1394 4080
476 1624 4623
356.333 1204 3862
923 600 1956
304 931 2490
355 1183 3477
1057.67 1769 5226
310.333 915 2490
786.667 1924 5134
831.5 1065 3820
490.667 925 3268
1533.67 1644 5401
1194.67 1700 5226
355.667 1205 3811
1050.33 1770 5401
363.667 1163 3503
896 618 2223
999.5 1690 5134
898.167 1202 4014
406.667 1421 4204
318.667 958 3176
370.667 1178 3687
1093.33 1658 5185
588.667 647 2131
619 475 1197
367.667 800 2909
768 1305 4414
370.667 1192 3903
1069.17 1020 3820
213.667 702 1321
447.333 667 2223
205.667 662 686
515.667 836 2950
440 731 2582
1063.33 1718 5401
780.5 630 2232
361.5 911 2909
311.667 939 2531
325.667 897 2582
263 547 1105
359.667 833 2817
449 685 2531
969 825 3125
266.333 685 1804
892.167 808 3042
304 967 3084
197 743 987
221 644 778
221 680 1372
205.667 698 1280
245 590 994
290.667 553 1588
253.667 550 810
732.667 1262 3995
741 403 1413
774.333 845 3042
438.333 688 2490
456 663 2531
387.667 451 994
266.333 721 2398
325.667 933 3176
245 626 1588
361 485 1537
290.667 517 994
255 580 1013
343.333 510 1496
335.667 498 994
1704.5 1446 5134
412 326 994
161.667 468 594
462 270 0
253.667 586 1404
161.667 432 0
387.667 494 1804
287 424 0
292.667 273 0
287 467 393
292.667 316 810
462 294 419
335.667 541 1804
213.667 666 727


1198.33 1893 5318
1384.67 1386 4741
1363.67 1402 4741
1218.67 1828 5493
1135 1185 4213
857.167 992 3512
1157 750 2734
1239.67 1193 4230
1099.33 1953 5519
1514 1754 5401
369.333 1189 3862
1376 1769 5185
1068 1100 3995
384 665 2007
1193.5 977 3512
318.667 958 3176
399.333 1498 4296
376.667 1138 3503
304 967 3084
317 879 2490
935.333 1219 4239
327.667 912 3125
508.833 1657 4499
879 1026 3820
486.833 1680 4766
941.667 1524 5100
361.333 1219 3210
577.333 1174 3862
451 1049 3268
471.667 1143 3687
749.333 994 3503
1354 1172 4230
415.333 1435 4296
927 1222 4172
1010 1094 3903
569.667 1220 3903
793 1528 4807
676.667 1022 3779
1144.17 943 3394
604.333 1098 3811
399 1489 4080
818.167 1329 4121
916 1365 4322
370 1165 3518
499.667 879 3217
449.167 1434 4080
937.333 1197 4506
374.667 681 1915
619.667 630 2007
568.333 1609 4807
566.667 1591 4499
334.667 890 3125
317 915 3084
304 931 2490
801.333 1692 4982
549.833 816 2909
1236.5 1176 4055
413.667 1417 3988
544.667 1664 4766
1142 1324 4589
1504.67 1794 5401
363 1241 3518
462.667 1117 3328
903.333 1127 3995
266.333 721 2398
1727 1736 5401
654.333 1107 3820
1003.33 1397 4589
851 1156 3903
546.667 999 3687
404.667 1464 4255
884.667 897 3309
318.333 955 3125
889.833 1621 4925
684 970 3420
325.667 933 3176
658.667 1159 3862
533.5 878 3001
832 1372 4296
566.667 852 3125
490.667 925 3268
301.667 996 2791
598 608 1832
582.667 659 1823
692.667 1123 3862
354 1244 3569
398.667 801 2490
1240.67 1172 4055
876 1006 3779
624.333 774 3001
1202 947 3544
1429 1482 4925
607 1288 3995
619 475 1197
1334 1182 4230
1375.67 1400 4792
440 731 2582
1057.5 712 2610
679.167 1570 4833
969 825 3125
447.333 667 2223
515.667 836 2950
1144 1309 4589
263 547 1105
325.667 897 2582
508.333 900 3309
501.333 933 3309
662.667 1376 4506
382.667 671 2398
1845 1576 5134
465.833 1393 4414
1155 990 3595
777.5 610 2191
850.167 1358 4239
438.333 688 2490
1279 1267 4589
780.5 630 2232
602.333 1290 3995
456 663 2531
361 485 1537
923 600 1956
290.667 553 1588
343.333 510 1496
205.667 698 1280
253.667 550 810
266.333 685 1804
896 618 2223
253.667 586 1404
449 685 2531
334.667 854 2531
213.667 702 1321
551.167 853 3042
335.667 498 994
387.667 494 1804
213.667 666 727
373.667 848 2531
197 743 987
435 883 2550
387.667 451 994
588.667 647 2131
458.667 1489 4322
255 580 1013
221 680 1372
366.667 714 1823
335.667 541 1804
221 644 778
161.667 432 0
205.667 662 686
161.667 468 594
245 626 1588
290.667 517 994
741 403 1413
412 326 994
292.667 273 0
287 424 0
287 467 393
462 270 0
462 294 419
245 590 994
292.667 316 810


619.667 630 2007
676.667 1022 3779
430.667 1360 4322
486.667 1189 4322
1193.5 942 3337
584.333 1245 4373
310.333 951 3084
1035 1127 4023
1593 1522 5185
718.667 1081 3811
445 1318 4296
1418 1361 4792
1295 1406 5100
743.667 1094 3903
644 1418 4792
369.333 1116 3268
408.333 1413 3995
937.667 1154 3982
317 905 2490
1001.17 874 3204
1148.33 1842 5912
773.167 743 2826
482.667 1564 4982
1087.5 1145 4147
1641 1270 4792
444.667 1286 3995
1083.67 1236 4506
499.667 879 3217
327.667 876 2531
712.333 1587 5519
489.167 1292 4414
1151.67 1185 4506
1065.17 1970 5912
1212.5 1112 4121
606.333 1172 4106
1111.83 1904 5912
490.667 962 3268
370.667 1178 3687
615 1168 4414
439 1347 4414
1675 1359 4925
304 931 2490
598 608 1832
711.667 748 2817
490.667 925 3268
304 967 3084
652.667 1414 5100
748.667 1262 4506
443 850 2642
392 632 2099
1057.5 712 2610
999 1311 4741
1254.67 1058 4147
449 685 2531
1310.5 1814 5912
371.333 1148 3544
498.667 1520 4833
1522 1566 5134
1440 1302 4792
363.333 1179 3862
566.667 852 3125
424.667 1334 3995
379.667 1135 3636
624.333 774 3001
266.333 685 1804
828 1331 4589
1569 1586 5493
421.667 1345 3995
325.667 897 2582
356.333 1215 3862
372.333 1100 3217
431.667 1312 3995
1334 941 3420
423 1352 4281
363.333 1143 3268
692.667 943 3728
317 915 3084
526.833 1538 5100
431.667 1348 4589
551.167 853 3042
366.667 714 1823
334.667 854 2531
326 894 2817
253.667 550 810
387 1088 3309
398.667 801 2490
266.333 721 2398
334.667 890 3125
1540 1140 4198
255 580 1013
394.333 1063 3544
588.667 647 2131
1574 1549 5519
325.667 933 3176
318.667 969 3176
508.333 900 3309
447.333 667 2223
213.667 702 1321
394 1102 3903
263 547 1105
253.667 586 1404
385.333 1106 3595
394 1066 3309
290.667 553 1588
205.667 698 1280
382.667 671 2398
440 731 2582
245 626 1588
613.667 1059 3512
923 600 1956
491.333 1521 5008
213.667 666 727
361 485 1537
429.667 878 2785
515.667 836 2950
205.667 662 686
221 644 778
221 680 1372
387.667 451 994
456 663 2531
197 743 987
619 475 1197
453.667 1275 4322
498 861 2909
896 618 2223
777.5 610 2191
245 590 994
462 270 0
335.667 498 994
290.667 517 994
335.667 541 1804
780.5 630 2232
343.333 510 1496
387.667 494 1804
533.5 878 3001
892.167 808 3042
438.333 688 2490
462 294 419
161.667 432 0
292.667 273 0
292.667 316 810
287 467 393
741 403 1413
161.667 468 594
412 326 994
287 424 0


376.333 1153 3862
467.667 1626 5008
355.667 1205 3811
420 1037 3687
884.833 921 3636
575.333 1546 4792
1047.5 1120 4147
1477.17 1344 4741
848 1202 4230
1743 1355 5008
376.333 1091 3268
1346 1448 4925
1647 1798 5226
355 1237 3477
618.167 985 3636
615 1472 4792
773.167 743 2826
1053.17 858 3245
902 1111 3995
473.833 1310 4322
1673.67 1299 4741
774.333 845 3042
1370 1465 5100
1594 1441 5008
364 1223 3903
372.333 1100 3217
600 1535 4766
645 1183 3995
566.667 852 3125
394 1066 3309
1254.67 1058 4147
422.333 1372 4281
325.667 933 3176
1279 1267 4589
1196.67 1287 4589
421.667 1345 3995
644 1212 3995
1141.5 2046 5493
1158 1345 4589
561 1627 5100
407.333 1485 4255
515.667 836 2950
424 1390 4589
1167 1291 4589
708 1049 3811
979.333 1460 4741
1407.83 1580 5134
1424 1414 4623
385.667 1106 3518
897.667 1176 3995
1246.67 1240 4414
362.333 1195 3811
1225.17 1477 5100
1036.67 1696 5134
870 612 1915
372.333 1136 3811
362.667 1188 3862
1532 1203 4414
378.667 1084 3217
901 1115 3995
361.333 1167 3477
431 1357 4589
952 1090 3820
429.667 1336 4204
438.333 1293 4230
993 1472 5008
566.667 1589 4766
1021.33 1062 3903
408 1453 4589
440 731 2582
385.333 1110 3811
551.167 853 3042
507 879 2924
1205.67 1105 4322
380 1160 3903
413.667 1415 4255
801.667 1483 5100
985 1455 4792
929.667 1246 4506
378.667 1120 3811
1362.33 1818 5519
501.333 933 3309
692.667 943 3728
1719 1374 4807
1797 1295 4925
555.333 1249 4373
884.667 897 3309
844.333 1352 4589
355.333 1196 3595
369.333 1116 3268
1019.67 1045 3811
1546.5 1391 4925
310.333 915 2490
1265.67 1805 5226
362.667 1152 3268
969 825 3125
407.667 1444 4373
711.667 748 2817
414.333 1434 4373
367.667 800 2909
334.667 854 2531
1670 1421 4982
356 1201 3811
318.667 958 3176
384 665 2007
588.667 647 2131
327.667 912 3125
382.667 671 2398
385.333 1074 3217
310.333 951 3084
334.667 890 3125
965 790 2909
490.667 962 3268
370 1124 3503
326 894 2817
394 1102 3903
506.667 883 3217
1018 778 2950
1695 1388 5008
449 685 2531
447.333 667 2223
197 743 987
1407 1801 5401
438.333 688 2490
1954 1512 5102
1677 1730 5401
508.333 900 3309
221 644 778
205.667 662 686
266.333 721 2398
456 663 2531
896 618 2223
429 991 3636
780.5 630 2232
387.667 451 994
317 879 2490
1147 1936 5226
221 680 1372
923 600 1956
317 915 3084
619.667 630 2007
1464 1226 4414
205.667 698 1280
1345 1888 5318
335.667 541 1804
245 590 994
387.667 494 1804
741 403 1413
876 622 2140
255 580 1013
253.667 550 810
266.333 685 1804
213.667 666 727
213.667 702 1321
263 547 1105
335.667 498 994
290.667 553 1588
290.667 517 994
619 475 1197
253.667 586 1404
343.333 510 1496
412 326 994
245 626 1588
287 424 0
361 485 1537
292.667 316 810
161.667 468 594
462 294 419
287 467 393
161.667 432 0
598 608 1832
292.667 273 0
462 270 0


1054.33 958 3636
785 1360 4414
1105 1461 4792
1354.67 1357 5100
1129.67 1444 4715
478.667 1222 4230
327.667 912 3125
361.667 1201 3477
832.833 936 3595
935.667 1179 4198
751.167 975 3636
1122.33 1461 5100
978.333 1045 3811
429.833 1080 3636
310.333 951 3084
429.667 878 2785
1691.67 1504 5519
1298 1634 5519
422 1342 4230
362 1160 3595
965 790 2909
831.5 1065 3820
839.333 1565 5008
372.333 1136 3811
566.667 852 3125
1383 1148 4414
862.667 1951 5185
1355.67 1550 5519
414.333 1397 4373
392 632 2099
1217.33 1299 4925
379.667 1135 3636
897 1287 4414
615.667 1475 4792
311.667 939 2531
582 1586 4792
697.667 1349 4322
767.333 1575 4833
382.667 671 2398
1168.33 1359 5100
1021.33 1062 3903
311.667 975 3125
362.333 1169 3811
654.333 1107 3820
364 1212 3903
785.333 1648 5008
1018.33 1503 5100
754.667 1233 4373
414.667 1406 4589
811.667 1595 5008
840.333 1561 5008
1414 1257 4589
378.333 1070 3217
369.333 1153 3268
1209 1721 5519
421.333 1386 4589
414 1438 4255
1156 1108 4198
752 1372 4589
1370.67 1177 4506
501.333 933 3309
937.333 1197 4506
334.667 854 2531
769.833 1515 4833
917.333 1801 5185
711.667 748 2817
873.667 1541 5008
471.833 1328 4014
304 967 3084
1107 1168 4373
327.667 876 2531
1401 1169 4506
1051.33 927 3420
814 1318 4589
551.167 853 3042
326 894 2817
902 1111 3995
369.333 1152 3862
863.667 1909 5519
919.333 1804 5519
410.333 1027 3503
387 1127 3903
950 1469 5008
1018 778 2950
774.333 845 3042
384 665 2007
221 680 1372
588.667 647 2131
835 1059 3728
771.333 825 3001
334.667 890 3125
317 879 2490
901 1115 3995
387 1091 3309
919.333 1271 4589
533.5 878 3001
884.667 897 3309
876 1006 3779
1019.33 1724 5185
245 590 994
923 600 1956
205.667 698 1280
290.667 553 1588
1063.67 1754 5519
449 685 2531
205.667 662 686
266.333 721 2398
317 915 3084
499.667 879 3217
398.667 801 2490
266.333 685 1804
438.333 688 2490
446.667 1350 4322
318.667 958 3176
826 1105 3779
394.333 1113 3544
742.667 1102 3687
935.333 1091 3995
508.333 900 3309
888.333 1169 3995
988.667 811 2950
197 743 987
619.667 630 2007
476.667 1279 3995
343.333 510 1496
429 1375 4281
714.333 1677 5008
777.5 610 2191
515.667 836 2950
440 731 2582
490.667 925 3268
741 403 1413
213.667 666 727
498 861 2909
253.667 586 1404
456 663 2531
387.667 451 994
412 1070 3595
380 1160 3903
369.333 1116 3268
571 831 2877
361 485 1537
374.667 681 1915
335.667 541 1804
221 644 778
245 626 1588
387.667 494 1804
896 618 2223
447.333 667 2223
290.667 517 994
335.667 498 994
634.667 1108 3728
161.667 468 594
255 580 1013
366.667 714 1823
161.667 432 0
213.667 702 1321
253.667 550 810
412 326 994
292.667 316 810
462 270 0
263 547 1105
287 467 393
287 424 0
619 475 1197
598 608 1832
292.667 273 0
462 294 419


1532 1203 4414
1717 1569 5134
1037.67 1108 3995
845 1302 4373
326 917 2817
356.333 1204 3862
844.333 1352 4589
979.167 951 3420
796.667 1112 3862
317 941 3084
1785.67 1558 5401
415.667 1437 4414
763.333 1124 3903
555 1235 4322
362.333 1159 3217
999.667 1272 4373
412 1081 3595
1709 1576 5134
369.333 1153 3268
1355 1204 4281
421.333 1386 4589
1673.67 1299 4741
1284.33 1463 5100
376.333 1117 3268
471.667 1143 3687
1004.33 1350 4506
676.667 1022 3779
1193.5 942 3337
1159.17 1197 4239
1107.33 1221 4322
1333 1189 4230
1584 1307 4741
1193.5 977 3512
643.667 1136 3779
356 1165 3217
369 1139 3217
897.667 1176 3995
475 1662 4715
1222.17 1231 4506
1469.67 1317 4741
1382.67 1347 5100
876 1006 3779
367.667 800 2909
421.333 1387 3995
431.667 1312 3995
721.167 772 2785
654.333 1107 3820
424 1354 3995
684 970 3420
692 1128 3862
1021.33 1062 3903
917 854 3084
408.333 1438 4589
356 1201 3811
304 931 2490
503.5 1639 5100
430.333 1376 4322
1201.17 1255 4506
1249 940 3544
1077.17 1227 4414
1196.67 1287 4589
369.333 1171 3518
1068 1100 3995
1031 1317 4414
652 1769 5493
369 1175 3811
607.333 1483 5100
466 1709 4982
266.333 721 2398
363.333 1179 3862
667 1706 5519
691.667 865 3125
413.833 1159 3687
515.667 836 2950
325.667 897 2582
481 1646 5008
1311.33 1459 4709
976.833 1467 5100
384 665 2007
413.5 1145 3636
602.167 1064 3687
777.5 610 2191
1692 1624 5401
1019.67 1045 3811
318.667 958 3176
1338 980 3604
692.5 1317 4373
965.667 1125 3995
1373.17 1452 4925
525.5 1616 4833
857.167 992 3512
598 608 1832
407.333 1474 4255
431 1357 4589
205.667 662 686
1060.17 1206 4023
1093.17 1340 4506
310.333 915 2490
356.333 1168 3268
583.333 1600 4833
1136.67 1694 5519
362.667 1163 3268
318.667 922 2582
362.667 1188 3862
440 731 2582
897.667 1232 4230
421.333 1423 4589
318.333 919 2531
1197 956 3503
1153 1629 5519
364 1176 3309
394 1066 3309
950.167 985 3604
318.333 955 3125
370.667 1192 3903
551.167 853 3042
1381 1137 4230
370.667 1156 3309
392 632 2099
343.333 510 1496
490.667 962 3268
1084.67 1460 4792
334.667 890 3125
864 1196 3995
366.667 714 1823
1069.17 1020 3820
677.667 1164 3862
266.333 685 1804
335.667 541 1804
903.333 1127 3995
884.667 897 3309
969 825 3125
1026.33 981 3636
221 644 778
1001.17 874 3204
310.333 951 3084
923 600 1956
408.333 1413 3995
467 970 3217
944.5 1056 3820
1057.5 712 2610
457.333 1335 4322
950 1469 5008
408 1417 3995
451 1038 3268
456 663 2531
361 485 1537
773.167 743 2826
387.667 494 1804
624.333 774 3001
499.667 879 3217
438.333 688 2490
391.667 1490 4255
221 680 1372
213.667 702 1321
253.667 550 810
780.5 630 2232
387.667 451 994
501.333 933 3309
245 590 994
741 403 1413
892.167 808 3042
213.667 666 727
255 580 1013
253.667 586 1404
287 424 0
447.333 667 2223
335.667 498 994
588.667 647 2131
481.333 1642 4715
290.667 517 994
290.667 553 1588
301.667 996 2791
197 743 987
412 326 994
292.667 316 810
619 475 1197
245 626 1588
161.667 432 0
263 547 1105
462 294 419
205.667 698 1280
382.667 671 2398
287 467 393
449 685 2531
292.667 273 0
161.667 468 594
462 270 0


865 1281 4589
489.5 1303 4055
369.333 1152 3862
1143.17 1649 5519
380 1124 3309
327.667 912 3125
364 1176 3309
1025.33 1713 5519
763.333 1124 3903
1001.33 1757 5493
905 1169 4106
631 1393 4741
1047.5 1120 4147
692.667 943 3728
747.833 1538 5100
327.667 876 2531
710.167 1292 4414
988.667 811 2950
432 1372 4414
745.333 1598 5100
1114.5 1175 4506
902 1111 3995
1153 1629 5519
1085 1698 5519
490.667 962 3268
414.667 1370 3995
588.667 647 2131
373.667 848 2531
498 861 2909
853 1533 5100
1133.33 1285 4741
691.667 865 3125
863.167 1503 5100
924.833 1233 4373
926.167 1347 4741
1574.67 1606 5519
362.667 1152 3268
394.333 1063 3544
978 1252 4506
969 825 3125
582.667 659 1823
507 879 2924
598 608 1832
311.667 975 3125
1493 1369 4833
831.5 1065 3820
382.667 671 2398
775.5 632 1924
311.333 966 2909
1021.33 1062 3903
362.333 1133 3217
1594.67 1595 5519
993.167 1402 5100
365.333 1158 3811
1466 1393 5100
378.667 1084 3217
780.5 630 2232
304 931 2490
1118.17 1658 5493
950 1469 5008
1525.67 1616 5519
385.333 1074 3217
884.667 897 3309
431 1321 3995
1515 1383 5100
858.333 1950 5493
1004.67 792 2909
429.833 1080 3636
362 1186 3595
356.333 1168 3268
1018 778 2950
616 1456 4715
1091.17 1339 4715
438.333 688 2490
1535 1372 5100
424.667 1337 3995
372.333 1100 3217
1946 1490 5519
356.333 1204 3862
969.333 1091 3862
379.667 1135 3636
423.333 1352 4204
1121 1054 3811
1442.67 1371 4833
365.333 1122 3217
503 1001 3595
1712 1225 4833
515.667 836 2950
571.333 1170 4322
1383 1148 4414
923 600 1956
1014 1233 4414
317 905 2490
506.667 883 3217
551.167 853 3042
430.333 1355 4322
748.667 1262 4506
334.667 854 2531
873.333 1145 3995
205.667 662 686
444.667 1322 4589
876 622 2140
870 612 1915
424.667 1373 4589
799 808 2734
304 967 3084
414 1438 4255
361 485 1537
385.333 1110 3811
318.667 958 3176
387 1091 3309
447.333 667 2223
213.667 702 1321
213.667 666 727
901 1115 3995
372.333 1136 3811
896 618 2223
387 1127 3903
255 580 1013
364 1223 3903
253.667 586 1404
266.333 685 1804
730.667 639 2007
449 685 2531
414.667 1406 4589
562.667 1202 3995
253.667 550 810
266.333 721 2398
440 731 2582
456 663 2531
435 883 2550
741 403 1413
335.667 541 1804
619 475 1197
508.333 900 3309
490.667 925 3268
1643.33 1548 5134
263 547 1105
334.667 890 3125
384 665 2007
245 626 1588
197 743 987
343.333 510 1496
205.667 698 1280
387.667 494 1804
221 644 778
245 590 994
317 915 3084
221 680 1372
290.667 553 1588
335.667 498 994
290.667 517 994
774.333 845 3042
387.667 451 994
462 294 419
292.667 316 810
292.667 273 0
287 467 393
161.667 432 0
161.667 468 594
412 326 994
462 270 0
287 424 0


549.833 816 2909
1235 1180 4506
1216.5 1441 5100
546.333 1368 4322
365.333 1122 3217
1360.17 1347 5100
989.833 1168 4373
773.167 743 2826
618.167 985 3636
602.167 1064 3687
449.667 1666 4373
523.167 1192 4055
832.833 936 3595
885.167 1184 4373
1043.17 1685 5519
780.667 1923 5493
1166.67 1011 3779
399 1478 4080
1081 1279 4414
392 632 2099
311.667 939 2531
507.333 1587 4674
901.167 1105 4322
364 1223 3903
796.667 1112 3862
794.667 1554 5008
801 1833 5134
311.667 975 3125
1059.17 1661 5134
676.667 1022 3779
412 1081 3595
458.667 1583 4322
1157 1259 4388
873 1454 5008
721.167 772 2785
467.333 1647 4807
1019.67 1045 3811
445 1333 4230
624.333 774 3001
533.5 878 3001
1027.67 1745 5134
1060.5 1414 4833
865 1281 4589
480.333 1608 4623
692.667 943 3728
359.667 833 2817
777.5 610 2191
542.333 1487 4589
664.667 1282 4741
1134 1276 4589
873.333 1145 3995
490.667 962 3268
429 1412 4281
728.667 2005 5185
1021.33 1062 3903
646.167 1458 4448
831.5 1065 3820
428 1002 3544
582 1170 3903
304 931 2490
327.667 876 2531
458.667 1662 4499
648.667 1361 4792
860 1862 5493
507.667 1546 4792
692 1128 3862
874 1450 5008
881.667 1820 5185
923 600 1956
347 1250 3518
817 1911 5185
814 1275 4281
869.667 1515 5008
1111.17 1634 5519
636.167 1471 4792
508 1555 5008
619.667 630 2007
384 665 2007
861 1858 5493
601.5 1172 4055
327.667 912 3125
836 1535 5008
458.667 1270 4230
465.667 1630 4715
708 1049 3811
311.333 966 2909
394 1066 3309
455.333 1272 4014
523.333 1508 4623
551.167 853 3042
478.667 1222 4230
449.667 1327 4281
410.333 1027 3503
458.667 1617 4373
397.333 1435 3988
462.667 1301 4281
465.667 1248 4230
490.667 925 3268
394.333 1063 3544
1520.5 1579 5134
385.667 1106 3518
1518 1581 5134
793.667 1132 3903
413.333 1385 4204
317 915 3084
310.333 915 2490
460.333 1680 4807
501.333 933 3309
346.667 1241 3302
385.333 1110 3811
935.333 1091 3995
361.333 1167 3477
318.333 955 3125
598 608 1832
780.5 630 2232
404.667 1427 4255
369.333 1189 3862
369.333 1153 3268
301.667 996 2791
205.667 698 1280
797 1091 3820
450 1718 4982
449.667 1709 4766
590.667 1524 4766
266.333 685 1804
391.667 1490 4255
370 1165 3518
440 731 2582
588.667 647 2131
317 879 2490
318.667 969 3176
508.333 900 3309
334.667 890 3125
221 680 1372
354 1244 3569
334.667 854 2531
993.667 1813 5493
427.333 973 3328
684 970 3420
221 644 778
382.667 671 2398
1114 1583 5100
245 590 994
352.333 1190 3477
404.667 1464 4255
362.333 1169 3811
449 685 2531
1057.5 712 2610
917 854 3084
245 626 1588
290.667 517 994
253.667 550 810
465.833 1393 4414
969 825 3125
205.667 662 686
197 743 987
456 663 2531
213.667 702 1321
255 580 1013
266.333 721 2398
515.667 836 2950
428.667 1372 4230
896 618 2223
213.667 666 727
741 403 1413
387.667 451 994
378.333 1070 3217
438.333 688 2490
253.667 586 1404
412 326 994
335.667 498 994
290.667 553 1588
499.667 879 3217
387.667 494 1804
447.333 667 2223
343.333 510 1496
361 485 1537
376.667 1138 3503
619 475 1197
498 861 2909
263 547 1105
335.667 541 1804
292.667 273 0
161.667 432 0
292.667 316 810
287 467 393
462 270 0
462 294 419
287 424 0
161.667 468 594


1112.33 1493 5008
356.333 1179 3268
746 1927 5185
602.167 1064 3687
577.667 1620 4807
1491 1447 5008
709.667 786 2642
1563 1678 5519
903.333 1127 3995
857.167 992 3512
1048.67 1221 4230
1261 1467 5100
1208.67 1219 4147
821.5 1229 4322
392 632 2099
368 1131 3477
423 1392 4204
425 1405 4414
946.667 1327 4589
372.333 1100 3217
384 665 2007
813.833 1090 3779
1382 1154 4230
1488.67 1332 4741
600.5 1010 3595
356.333 1204 3862
406.667 1421 4204
988.667 811 2950
362.333 1133 3217
1170 994 3636
965.667 1125 3995
928 1068 3728
1514.67 1358 4833
1284.33 1463 5100
1491.17 1584 5226
816.333 1598 5008
837.667 1575 4623
1510 1428 5008
1301.33 1177 4322
692 1128 3862
1113.17 968 3461
867 1517 4741
1381 1170 4230
1014.33 1048 3610
753.333 1939 5519
1363 1364 4715
423.333 1351 4322
882.833 1506 4833
1233.67 1243 4414
873.333 1145 3995
943 1502 5008
711.667 748 2817
706.833 1057 3687
788.333 1315 4322
1092.33 1445 4715
802.333 1646 5008
438 1329 4230
365.333 1158 3811
588.667 647 2131
1342.67 1453 5008
855.667 1914 5519
1236 1476 5100
451 1049 3268
1173.33 1291 4589
490.667 925 3268
1258.33 1386 4833
1068.67 998 3636
1336.67 1116 4055
440 731 2582
1070.33 1015 3728
1144.17 1521 5100
1000.67 1736 5519
884.667 897 3309
1103 1276 4414
780.667 1302 3995
369.333 1152 3862
871.667 1902 5226
326 894 2817
515.667 836 2950
796.667 1112 3862
318.667 958 3176
1206 1149 4055
311.667 975 3125
362.333 1169 3811
843.667 1905 5226
362 1160 3595
742.667 1423 4589
317 915 3084
355 1183 3477
929.333 1067 3779
371 1187 3903
619 475 1197
840.667 1552 5100
1077 1490 4982
1200.33 1423 4741
1056.67 1001 3636
551.167 853 3042
782 1354 4589
702.667 1719 4833
364 1223 3903
923 600 1956
423.333 1387 4106
1021.33 1062 3903
823.167 1283 4414
501.333 933 3309
490.667 962 3268
1144.67 1682 5493
221 680 1372
378.333 1070 3217
1153.33 1260 4414
566.667 852 3125
796.667 1658 4982
619.667 630 2007
380 1160 3903
369.333 1116 3268
1075.17 1537 5100
1028.67 998 3544
311.667 939 2531
304 967 3084
804 1686 5100
499.667 879 3217
387 1091 3309
317 879 2490
213.667 702 1321
759 1311 3995
965 790 2909
327.667 876 2531
896 618 2223
1019.67 1045 3811
925.167 972 3512
752 1372 4589
718.667 1656 4833
1018 778 2950
763.333 1124 3903
896.667 1005 3544
266.333 721 2398
255 580 1013
334.667 890 3125
253.667 550 810
447.333 667 2223
213.667 666 727
1249 940 3544
378.333 1106 3811
777.5 610 2191
327.667 912 3125
334.667 854 2531
449 685 2531
508.333 900 3309
266.333 685 1804
205.667 662 686
456 663 2531
197 743 987
263 547 1105
773.167 743 2826
221 644 778
387.667 494 1804
741 403 1413
367.667 800 2909
598 608 1832
253.667 586 1404
311.333 966 2909
913.5 830 2918
245 626 1588
290.667 517 994
205.667 698 1280
361 485 1537
387.667 451 994
780.5 630 2232
868.667 1077 3903
290.667 553 1588
438.333 688 2490
335.667 541 1804
382.667 671 2398
335.667 498 994
969 825 3125
343.333 510 1496
287 424 0
287 467 393
245 590 994
462 294 419
161.667 468 594
412 326 994
292.667 273 0
292.667 316 810
161.667 432 0
462 270 0


1156 1108 4198
421.333 1386 4589
1136.33 1293 4589
771.333 825 3001
708 1632 5185
868.667 1077 3903
421 1413 4255
1173.33 1553 5493
436 1300 4281
691.667 865 3125
657 1366 4792
1217.33 1299 4925
1042.33 1613 5493
790 1113 3820
370.667 1156 3309
642 1479 4766
384 665 2007
759 1347 4589
472.667 1597 4982
1031 1629 5493
904.333 1128 3995
935.333 1091 3995
742.333 1059 3811
1763 1576 5519
367.667 800 2909
1580 1367 5008
997.333 1333 4792
896 618 2223
1146 1067 3903
487 1566 4674
693.667 1663 5493
1175 1511 5185
1536 1616 5519
1035 1127 4023
469.333 1210 3988
888.333 1169 3995
1516 1626 5519
427.333 1343 4255
374.667 681 1915
598 608 1832
501.333 933 3309
1211.83 1678 5519
364 1212 3903
370.667 1178 3687
1049 1397 5100
362.667 1163 3268
642.667 1447 5100
648.333 1409 4766
317 879 2490
1494.33 1650 5519
488.333 1206 4414
763.333 1124 3903
1299 1262 4589
864.667 1203 4414
980 1413 5100
508.333 900 3309
362.333 1133 3217
470.667 1268 4373
378.333 1070 3217
376.333 1091 3268
327.667 912 3125
588.667 647 2131
490.667 925 3268
470.667 1231 4373
317 915 3084
420 1037 3687
405.333 1046 3595
884.667 897 3309
418.333 994 3595
1681 1271 4925
777.5 610 2191
378.333 1106 3811
376.333 1127 3862
533.5 878 3001
392 632 2099
1114.83 1745 5519
1249 940 3544
371 1187 3903
597.333 1193 4373
1136.67 1369 4807
371.333 1148 3544
1157 750 2734
1051.33 927 3420
1159 1141 4239
366.667 714 1823
371 1162 3328
311.667 975 3125
1285 1112 4230
551.167 853 3042
325.667 933 3176
311.333 966 2909
899.333 1860 5519
1012 1226 4506
710.667 1144 3903
692.667 943 3728
917 854 3084
946.667 1327 4589
571.333 1170 4322
490.667 962 3268
327.667 876 2531
447.333 667 2223
1421.33 2122 5912
1855.5 1503 5134
1833 1950 5912
266.333 721 2398
438.333 688 2490
969 825 3125
499.667 879 3217
205.667 662 686
965 790 2909
325.667 897 2582
546.667 999 3687
311.667 939 2531
449 685 2531
879 1026 3820
263 547 1105
515.667 836 2950
619 475 1197
945.333 1162 4023
382.667 671 2398
255 580 1013
923 600 1956
774.333 845 3042
334.667 890 3125
1127 1073 3903
1571.33 2033 5912
1469.33 2075 5912
253.667 550 810
221 680 1372
440 731 2582
213.667 666 727
1592.33 2017 5912
266.333 685 1804
387.667 494 1804
205.667 698 1280
245 626 1588
253.667 586 1404
343.333 510 1496
361 485 1537
335.667 498 994
1018 778 2950
290.667 517 994
335.667 541 1804
619.667 630 2007
456 663 2531
245 590 994
741 403 1413
290.667 553 1588
292.667 273 0
221 644 778
387.667 451 994
287 467 393
287 424 0
161.667 468 594
462 270 0
412 326 994
161.667 432 0
462 294 419
292.667 316 810
197 743 987
213.667 702 1321


1152.5 1403 4833
1270.67 1271 4506
304 931 2490
367.667 800 2909
789.667 1874 5493
711.667 748 2817
841.167 1152 4055
1297 1671 5519
751.667 1582 5100
1299 1262 4589
1204 1501 5134
1180.33 1609 5493
1487.33 1555 5519
385.667 1106 3518
384 665 2007
944 1663 5134
326 894 2817
515.667 836 2950
356.333 1168 3268
780.5 630 2232
1632 1331 5100
1150 1309 4741
847.667 1833 5519
376.333 1117 3268
865 1281 4589
873 1203 4322
868.667 1077 3903
952.667 2068 5912
842 1793 5493
1381 1170 4230
1510 1428 5008
1180.17 1100 4055
1301.33 1177 4322
925.333 1440 5100
325.667 897 2582
474.667 1581 4715
1579 1407 5008
604.333 1098 3811
863 1762 5519
1559 1417 5008
775.167 1226 4414
546.333 1412 4741
998.667 1183 4230
751.167 975 3636
473.833 1310 4322
415 1369 4014
748.167 955 3595
902 1111 3995
743.667 1094 3903
304 967 3084
775.5 632 1924
311.667 939 2531
710.167 1292 4414
483 1579 4623
800.167 1469 4833
774.333 845 3042
318.333 919 2531
370 1124 3503
446.667 1350 4322
796.333 1868 5493
1356.33 1431 4925
438.333 1293 4230
884.667 897 3309
311.667 975 3125
873.333 1145 3995
371.667 1142 3811
1019.67 1045 3811
327.667 876 2531
754.167 1522 5100
945.333 1684 5519
355 1237 3477
819.333 1818 5493
1456.5 1668 5519
519.333 1207 3995
266.333 685 1804
923 600 1956
1146 1067 3903
387 1127 3903
506.667 883 3217
901.667 2239 5912
551.167 853 3042
406.333 1412 3988
1038.33 2024 5912
355.333 1196 3595
407.667 1433 4373
423.667 1365 4322
408 1442 4589
1249 940 3544
932.667 1715 5519
318.667 922 2582
449 685 2531
387 1091 3309
422.333 1411 4281
447.333 667 2223
423.333 1406 4204
318.667 958 3176
266.333 721 2398
490.667 925 3268
475.667 1643 4982
424.667 1337 3995
421.333 1350 3995
900.333 1439 5008
431 1321 3995
197 743 987
1070.33 1015 3728
852.667 1699 5493
444.667 1286 3995
1401 1156 4230
334.667 890 3125
801.667 1483 5100
831.5 1065 3820
317 941 3084
746 1332 4589
618.167 985 3636
489.333 1559 4623
369 1113 3217
407.333 1474 4255
476 1602 5100
378.667 1084 3217
362.667 1152 3268
255 580 1013
566.667 852 3125
385.333 1110 3811
362.667 1188 3862
361.333 1167 3477
310.333 915 2490
385.333 1074 3217
394.333 1063 3544
708 1049 3811
334.667 854 2531
221 680 1372
490.667 1580 5008
431 1357 4589
366.667 714 1823
1127 1073 3903
588.667 647 2131
730.667 639 2007
213.667 702 1321
508.333 900 3309
1378 1884 5912
440 731 2582
507 879 2924
619 475 1197
245 590 994
643.167 1257 4055
290.667 553 1588
310.333 951 3084
378.667 1120 3811
335.667 498 994
374.667 681 1915
456 663 2531
213.667 666 727
896 618 2223
253.667 550 810
205.667 662 686
205.667 698 1280
777.5 610 2191
361 485 1537
438.333 688 2490
624.333 774 3001
253.667 586 1404
387.667 494 1804
1730 1881 5912
429.667 1336 4204
343.333 510 1496
582.667 659 1823
387.667 451 994
290.667 517 994
741 403 1413
221 644 778
969 825 3125
382.667 671 2398
263 547 1105
287 467 393
245 626 1588
335.667 541 1804
598 608 1832
462 270 0
292.667 273 0
412 326 994
161.667 468 594
462 294 419
292.667 316 810
287 424 0
161.667 432 0


797.167 1188 4055
1180.17 1100 4055
582.667 659 1823
674.667 1341 4833
1262.17 1098 4055
757.5 1251 4373
901.167 1105 4322
706.833 1057 3687
523.167 1192 4055
721.167 772 2785
1046.17 1006 3779
1019.67 1045 3811
618.167 985 3636
680.333 1093 3779
431 1321 3995
1582.67 1392 5100
1244.5 1424 5100
549.833 816 2909
410.333 1053 3503
624.333 774 3001
969 825 3125
832.833 936 3595
1397.67 1173 4373
385.333 1074 3217
372.333 1100 3217
712.333 1587 5519
1025.17 1008 3728
830.167 1247 4414
1365 1382 4925
974.667 1078 3728
773.167 743 2826
453.667 1275 4322
645.667 1436 5100
1069.17 1020 3820
1628.67 1326 4833
1533.67 1407 5100
421.667 1371 3995
1797 1295 4925
874 1233 4322
317.333 937 2791
378.333 1106 3811
408.333 1402 3995
1134 1276 4589
1183 1222 4414
1235 1180 4506
1606.67 1375 4899
372.333 1136 3811
862 1231 4230
431.667 1312 3995
326 894 2817
318.667 922 2582
356.333 1179 3268
444.667 1286 3995
884.833 921 3636
363.333 1143 3268
491.333 1521 5008
909.667 1083 3779
431.667 1348 4589
423 1352 4281
365.333 1122 3217
748.667 1262 4506
334.667 854 2531
363.333 1179 3862
424.667 1334 3995
428 1002 3544
405 1087 3544
499.667 879 3217
952 1090 3820
490.667 925 3268
598 608 1832
424.667 1370 4589
1529.67 1405 5008
619.667 630 2007
376.333 1117 3268
380 1160 3903
412 1070 3595
780.5 630 2232
490.667 962 3268
376.333 1153 3862
311.667 939 2531
318.667 958 3176
304 931 2490
362.333 1159 3217
394 1102 3903
588.667 647 2131
310.333 951 3084
923 600 1956
498 861 2909
1679 1570 5401
437.667 1318 4589
892.167 808 3042
394 1066 3309
304 967 3084
387 1088 3309
1449.67 1158 4414
382.667 671 2398
777.5 610 2191
533.5 878 3001
896 618 2223
263 547 1105
334.667 890 3125
387 1124 3903
915 905 3309
365.333 1158 3811
325.667 897 2582
311.667 975 3125
317 941 3084
366.667 714 1823
917 854 3084
515.667 836 2950
384 665 2007
327.667 912 3125
438.333 688 2490
440 731 2582
421 1024 3544
245 590 994
343.333 510 1496
317 879 2490
551.167 853 3042
221 644 778
1117.67 1092 3903
447.333 667 2223
359.667 833 2817
327.667 876 2531
266.333 721 2398
221 680 1372
255 580 1013
266.333 685 1804
449 685 2531
325.667 933 3176
213.667 666 727
335.667 541 1804
205.667 662 686
245 626 1588
741 403 1413
290.667 517 994
501.333 933 3309
205.667 698 1280
387.667 451 994
398.667 801 2490
161.667 432 0
456 663 2531
197 743 987
619 475 1197
253.667 550 810
287 467 393
335.667 498 994
161.667 468 594
361 485 1537
213.667 702 1321
387.667 494 1804
287 424 0
292.667 316 810
290.667 553 1588
462 294 419
462 270 0
292.667 273 0
412 326 994
253.667 586 1404


378.333 1106 3811
416 1388 4281
975 1492 4807
1090 1416 4741
1059.33 1428 4792
1204.5 1352 4925
752 1372 4589
953 1503 4982
1179.83 1402 4766
989.167 1390 4715
1360.67 1848 5519
901.167 1105 4322
380 1160 3903
1074.5 1453 4925
571.333 1170 4322
326 894 2817
363.667 1163 3503
549.833 816 2909
425.333 875 2601
684 970 3420
984.5 1276 4506
443 850 2642
1276.33 1746 5185
1114.5 1175 4506
831.5 1065 3820
835.167 1531 4807
1254.67 1058 4147
576 813 2826
832.833 936 3595
780.5 630 2232
363.667 1203 3687
1083.67 1236 4506
1415.67 1715 5493
424.667 1373 4589
777.5 610 2191
1057.5 712 2610
1046.17 1006 3779
421 1024 3544
624.333 774 3001
917 854 3084
896 618 2223
1204.33 1893 5493
362.333 1133 3217
780.667 1338 4589
412.167 1105 3595
692.667 943 3728
507 879 2924
365.333 1122 3217
317 915 3084
533.5 878 3001
446.667 1350 4322
1182.33 1790 5226
369.333 1189 3862
355 1183 3477
676.667 1022 3779
432 1372 4414
1101 1055 3811
707.667 1352 4414
382.667 671 2398
423.333 1352 4204
503 1001 3595
892.167 808 3042
432 1309 4230
588.667 647 2131
680.833 1503 4741
747.833 1538 5100
501.333 933 3309
992.833 1422 4741
1416.5 1774 5519
763.333 1124 3903
845.833 1465 4715
985.5 1493 5100
1057.83 1468 4833
387 1127 3903
923 600 1956
969 825 3125
508.667 881 2950
378.667 1084 3217
311.667 975 3125
385.333 1074 3217
372.333 1100 3217
387 1091 3309
372.333 1136 3811
438.333 688 2490
515.667 836 2950
467.5 1326 4322
551.167 853 3042
398.667 801 2490
327.667 876 2531
356.333 1204 3862
429.833 1080 3636
365.333 1158 3811
1007.5 1470 4833
327.667 912 3125
369.333 1152 3862
310.333 915 2490
311.333 966 2909
440 731 2582
710.167 1292 4414
619.667 630 2007
1476.67 1684 5185
947.833 1247 4414
245 590 994
490.667 962 3268
884.667 897 3309
317 879 2490
318.667 958 3176
679.5 1369 4373
304 967 3084
449 685 2531
724.5 1725 4766
213.667 702 1321
334.667 854 2531
334.667 890 3125
1079.83 1482 5100
221 680 1372
266.333 685 1804
205.667 662 686
1146 1067 3903
860.833 1529 5100
263 547 1105
304 931 2490
508.333 900 3309
335.667 541 1804
245 626 1588
266.333 721 2398
221 644 778
506.667 883 3217
619 475 1197
361 485 1537
392 632 2099
213.667 666 727
823.167 1283 4414
290.667 517 994
447.333 667 2223
205.667 698 1280
741 403 1413
287 424 0
387.667 451 994
456 663 2531
335.667 498 994
374.667 681 1915
255 580 1013
290.667 553 1588
292.667 316 810
197 743 987
387.667 494 1804
292.667 273 0
287 467 393
343.333 510 1496
462 270 0
253.667 586 1404
161.667 432 0
161.667 468 594
412 326 994
253.667 550 810
462 294 419


