343 377 849
356 334 0
415 280 0
405 338 915
353 366 699
283 382 524
283 343 0
381 940 2464
405 305 0
356 361 875
350 371 890
380.5 500 1889
247 392 999
504 845 2713
363.667 537 1223
870 894 3653
415 314 498
373.667 511 1348
377.667 502 1022
527 491 1848
511.667 611 1914
626 467 1347
609 788 2804
370 526 1373
367 625 1698
378.667 484 1414
725 418 1765
548.5 675 2713
679 441 1574
640 467 1413
253 731 1348
247 358 0
430.333 701 2248
340 875 2197
375.667 521 1523
430 819 2372
360.667 807 1739
326 711 1699
348.667 794 1714
313 623 1574
313.333 907 2223
465 638 1914
348.667 833 2238
533 827 2723
617 487 1764
424 712 2098
644 469 1805
436 696 2398
507.333 640 2372
360.667 846 2263
500.5 733 2588
345.667 870 2347
540 491 1914
637.5 752 3237
504 644 2347
404.333 825 2248
439 659 2289
885.5 748 3653
660.5 599 2738
451 672 2314
575.5 1017 3588
421 1022 3138
343.333 557 1399
622.167 897 3328
434 686 2223
605.5 667 2764
1006.5 987 4477
450.667 789 2438
390.667 497 1439
442 909 2698
451.5 810 2464
640.833 748 3262
364 651 1889
1305 1231 5202
1225 981 4477
479.5 1113 3237
406 1046 3222
1131 1470 5876
1413 1354 5660
564.333 819 3222
429 821 2573
673.5 599 2804
512 940 3163
438 677 1897
1557 1310 6051
427.667 794 2222
607.5 804 3288
495 954 3072
625.333 1087 4071
433.667 804 2347
497 964 3247
910 1304 4986
300.333 819 2098
621 1298 4419
541 856 2764
1168 1120 4811
505 993 3288
577.5 1154 4112
699 914 3397
760.5 854 3562
511.667 650 2438
438.667 777 2413
840 921 3653
412.333 854 2289
827 922 3638
422.333 835 2398
943 547 2072
940.5 1076 4528
1218 1755 6575
1492 1102 4784
850 1273 4861
500 927 3138
898 598 2464
556 917 3046
645.167 758 3328
1309 944 4528
396 921 2988
572 825 3313
562 919 3204
617 472 1197
971 1543 5685
560 874 2947
409 1009 3113
1317 1196 5352
530 950 3313
1351 908 3960
1030.5 1006 4528
899.5 762 3679
689 1524 4861
1011 1240 5052
787.5 1165 4437
1537 1355 6051
793.5 1086 4312
1482 1110 4675
826.5 808 3463
1416 1116 5227
875.5 760 3588
477.333 989 3196
981 1486 5751
539.833 1289 4112
776.5 1311 4902
859 1386 5052
949.5 1068 4378
1518 1091 4726
666.5 935 3613
559.333 913 3071
925.5 1083 4477
481.667 999 3262
547.167 629 2413
960.5 1030 4528
692.833 1021 3961
1306 959 4352
794.5 838 3628
924.5 1169 5001
909 1315 5001
476 1251 3903
694 992 3921
1227.5 1138 5176
393 958 3097
387.333 924 2423
1033.5 1329 5352
1191 967 4312
872 1646 5876
645.167 719 2804
902 1318 5052
832.5 1022 4287
1171.33 1116 4836
697.833 927 4112
731.5 890 3437
300.333 780 1574
393 919 2573
814.667 1377 5027
697.333 988 3946
668.5 1072 4137
461 1255 3288
396 882 2464
391 909 2398
518 937 3288
524.667 1038 3422
401 749 2072
1023 1185 5052
568.667 1214 4112
710 915 3422
408 895 2489
521.333 1042 3397
567.667 815 3247
408 934 3013
395 939 2596
1336 1181 5227
810.5 1179 4528
484 1047 3486
690.667 1075 4162
1101.5 922 4151
898 1291 4961
1130 1357 5751
871 1664 5484
705.5 933 4203
689.5 1025 3936
387.333 963 2947
608.333 1369 4162
564.5 1066 3987
843.5 1023 4312
610.833 1097 4086
481 1084 3595
1232 1720 6374
562.5 929 3463
979 1498 5576
518 898 2764
786.667 1283 4836
974 1506 5576
879.5 1170 4876
1795 1221 5725
1081.5 1269 5352
1407 1316 5374
933.667 1273 5052
1300 1268 5352
391 948 2922
854 1429 5309
622 1219 4203
521.333 1081 3921
1129 1375 5359
1206 1162 5027
1527 1073 4835
704 1471 5052
807.5 1095 4378
1290 1351 5550
957.5 1040 4352
1275 976 4477
650.5 1055 3961
707 1384 4752
1019.5 1244 5227
701.167 923 4137
530 911 2789
368.333 1136 2988
1199.33 1344 5359
500 888 2614
1154 1005 4503
615.167 1107 4152
1467.33 1492 6249
463 1256 3486
994 1447 5576
461 1275 3987
748 1308 4661
991 1484 5685
1588.33 1731 7073
496 1060 3511
476.667 1162 3463
692 1408 4836
388.333 945 2596
537.667 1165 4071
907.667 1513 5660
563.667 859 2922
884 912 3679
770.5 823 3412
1048.33 1805 6183
1251 1596 6575
529 1087 4012
1401 1176 5352
1217 1759 6575
567.667 776 2723
1531 1115 5227
1713 1304 5850
781 1208 4246
1368 1332 5550
1204 967 4378
524.667 1077 3946
1250 1614 6183
931.5 1419 5352
749 1453 4961
1107.67 1663 6183
889 1359 5052
652 1544 4752
745 1345 4770
368.333 1097 2464
878.667 1627 5484
1127.67 1419 5550
526.833 1201 3987
552.667 875 2896
1625 1481 6549
1256 1246 5309
1388.5 1801 7073
614.833 1327 4485
853 1236 4752
1155.67 1633 6074
738.5 1222 4312
1160.5 1455 6051
637 1568 4836
633 1093 4162
1156 1229 5161
577.667 1454 4485
924.667 1616 5876
1419.67 1524 6249
760 1321 4686
1231 1724 6374
1570 1085 4850
904 1984 6074
992 1485 5876
1915 1424 6549
781.5 829 3562
1096 1861 6575
938 1399 5359
1504 1242 5725
886 1562 5352
762.5 1302 4836
680 1557 4902
1267.5 1562 6249
1029.33 1821 6074
712 1241 4444
1221.5 1132 4975
796.667 1736 5400
902 2003 6575
1237 1618 6158
1110 1826 6374
1410 1554 6374
837 1669 5576
938 1866 6051
879.167 1481 5334
725 1248 4510
713 1235 4485
1396 1589 6575
1000.67 1837 6183
852.667 1658 5459
754 1323 4986
753.667 1747 5334
1382 1584 6374
984 1792 6051
790 1394 5027
1139.33 1363 5876
734.667 1373 4569
1072.67 1472 5876
1287.33 1967 7073
921.5 1425 5202
850 1699 5876
808.667 1587 5334
768 1447 5027
966.667 1878 6374
997.5 1341 5176
688.667 1530 4836
902 1964 6051
884.667 1626 5525
1316 1232 5227
1887 1454 6549
781.5 1211 4378
820 1751 5726
732.5 886 3437


415 280 0
405 338 915
350 371 890
247 358 0
353 366 699
283 382 524
378.667 484 1414
390.667 497 1439
247 392 999
283 343 0
356 334 0
405 305 0
415 314 498
356 361 875
363.667 537 1223
253 731 1348
427.667 794 2222
725 418 1765
626 467 1347
348.667 833 2238
375.667 521 1523
360.667 846 2263
364 651 1889
313 623 1574
1059 745 3071
507.333 640 2372
345.667 870 2347
540 491 1914
617 487 1764
450.667 789 2438
617 472 1197
465 638 1914
367 625 1698
370 526 1373
430 819 2372
898 598 2464
424 712 2098
899.5 762 3679
343.333 557 1399
377.667 502 1022
609 788 2804
343 377 849
679 441 1574
438.667 777 2413
433.667 804 2347
451 672 2314
373.667 511 1348
380.5 500 1889
547.167 629 2413
451.5 810 2464
527 491 1848
381 940 2464
300.333 780 1574
401 749 2072
434 686 2223
393 958 3097
439 659 2289
504 644 2347
511.667 650 2438
673.5 599 2804
340 875 2197
300.333 819 2098
500.5 733 2588
552.667 875 2896
429 821 2573
495 954 3072
326 711 1699
885.5 748 3653
562.5 929 3463
430.333 701 2248
313.333 907 2223
541 856 2764
391 948 2922
559.333 913 3071
564.333 819 3222
563.667 859 2922
436 696 2398
567.667 815 3247
699 914 3397
943 547 2072
360.667 807 1739
477.333 989 3196
640 467 1413
556 917 3046
524.667 1077 3946
644 469 1805
850 1247 5027
690.667 1075 4162
697.333 988 3946
1162 724 2962
645.167 758 3328
1467 1094 5352
442 909 2698
548.5 675 2713
481.667 999 3262
511.667 611 1914
504 845 2713
641 1122 4203
1559 1339 6051
701.167 923 4137
694 992 3921
1017.33 1482 5876
572 825 3313
1683 1268 5850
521.333 1081 3921
438 677 1897
759.667 1372 5052
368.333 1136 2988
1506 1533 6575
529 1087 4012
1172 1585 6051
1587 1331 6051
412.333 854 2289
1475 1290 5876
633 1054 3638
559 956 3313
582.333 750 2763
637.5 752 3237
521.333 1042 3397
1111 1751 6575
932 1499 5876
826.5 808 3463
1015.5 989 4327
1096.5 898 4287
1423 1368 6051
756.333 1376 5027
560 874 2947
625.333 1087 4071
1424 1356 6051
853.333 1243 5052
577.667 1454 4485
519.667 900 2764
1591 1836 7073
705.5 933 4203
1088.5 1189 5227
1421 1093 5161
589.333 1398 4811
1111.5 910 4528
779.333 1543 5751
572 786 2789
404.333 825 2248
633 1093 4162
533 827 2723
529 1048 3488
660.5 599 2738
875.5 760 3588
650.5 1055 3961
1164 1589 6051
589.333 1359 4287
1329.5 1052 5136
795.667 1261 5052
597 1404 4902
1192.5 853 3961
977.5 1263 5202
348.667 794 1714
622.167 897 3328
998.5 1020 4503
605.5 667 2764
393 919 2573
396 882 2464
843.5 1023 4312
461 1275 3987
1108.5 914 4437
884 1137 4861
562 919 3204
497 964 3247
1312.5 1063 4785
1022 1732 6051
476.667 1162 3463
537.667 1165 4071
760.5 854 3562
567.667 776 2723
599.667 1187 4337
677.333 1524 5309
856.5 1024 4378
961 1898 6575
476 1251 3903
987.5 1268 5227
391 909 2398
387.333 963 2947
396 921 2988
715.833 858 3653
524.667 1038 3422
1030.5 1006 4528
542 1175 4137
388.333 945 2596
830.833 1096 4836
408 895 2489
692.833 1021 3961
609.333 1207 4419
697.833 927 4112
500 888 2614
575.5 1017 3588
1019.5 1244 5227
387.333 924 2423
406 1046 3222
1293 1467 6051
642.667 925 3638
461 1236 3463
662.5 1195 4902
652.5 1192 4485
481 1084 3595
607.5 804 3288
705.5 894 3679
577.5 1154 4112
832.5 1022 4287
1496 1519 6158
614.833 1327 4485
799.333 1352 5359
395 939 2596
484 1047 3486
408 934 3013
564.5 1066 3987
1904 1400 6549
368.333 1097 2464
409 1009 3113
617 1213 4510
500 927 3138
526.833 1201 3987
1009.5 1021 4528
456.333 1262 3486
844.833 1334 5751
668.5 1072 4137
949.333 1954 6249
422.333 835 2398
758.833 1195 4961
1734.33 1678 7073
505 993 3288
640.833 748 3262
680.667 1520 5334
475.333 1089 3445
610.833 1097 4086
1232.5 1149 5352
701.167 884 3613
512 940 3163
592.667 1394 4836
615.167 1107 4152
724.333 1314 4986
612.667 1203 4444
827.5 1100 4811
539.833 1289 4112
1150.5 1331 5876
645.167 719 2804
592.667 1355 4312
455.333 1241 3313
686.167 983 3786
455.333 1280 3837
1197 2056 7073
459 1226 3288
689.5 1025 3936
479 1074 3420
597 1365 4378
1722 1698 7073
658.167 1146 4312
765.333 1691 5660
459 1265 3812
496 1060 3511
1463.33 1558 6249
1192 1546 6051
671.167 1273 4961
1412 1601 6224
463 1256 3486
1467.33 1536 6183
1460 1562 6224
804.5 843 3653
1031.5 1729 6051
1558.5 1227 5700
887.833 1072 5052
662.5 1156 4378
1078.5 1186 5202
1358 1961 7073
659.833 1268 4811
1092.5 1602 6051
1176 2063 7073
895.333 1770 6224
1415.33 1597 6249
421 1022 3138
776.167 1033 4528
667.667 1504 5227
1119.83 1685 6249
1116.5 1689 6224
685 1530 5400
1017.5 1245 5751
879.5 1170 4876
1774 1513 6549
1031.5 1768 6575
1254.33 1634 6575
1542 1845 7073
1604.33 1778 7073
654.833 1150 4287
827.5 897 4177
1219.5 1158 5202
1416 1116 5227
547 1391 4310


415 280 0
353 366 699
343 377 849
405 305 0
405 338 915
644 469 1805
283 382 524
283 343 0
356 361 875
350 371 890
247 392 999
356 334 0
247 358 0
367 625 1698
415 314 498
375.667 521 1523
378.667 484 1414
438 677 1897
725 418 1765
377.667 502 1022
364 651 1889
540 491 1914
640 467 1413
527 491 1848
699 914 3397
427.667 794 2222
450.667 789 2438
380.5 500 1889
343.333 557 1399
313 623 1574
511.667 650 2438
500.5 733 2588
430.333 701 2248
300.333 819 2098
617 472 1197
609 788 2804
465 638 1914
547.167 629 2413
387.333 963 2947
373.667 511 1348
391 909 2398
424 712 2098
552.667 875 2896
368.333 1136 2988
556 917 3046
617 487 1764
436 696 2398
381 940 2464
370 526 1373
429 821 2573
300.333 780 1574
401 749 2072
390.667 497 1439
253 731 1348
434 686 2223
326 711 1699
626 467 1347
313.333 907 2223
781.5 829 3562
564.333 819 3222
507.333 640 2372
679 441 1574
404.333 825 2248
794.5 838 3628
504 644 2347
412.333 854 2289
442 909 2698
533 827 2723
451.5 810 2464
504 845 2713
524.667 1077 3946
572 825 3313
363.667 537 1223
562.5 929 3463
563.667 923 3137
439 659 2289
511.667 611 1914
529 1048 3488
422.333 835 2398
1059 745 3071
541 856 2764
345.667 870 2347
393 919 2573
505 993 3288
481.667 999 3262
943 547 2072
393 958 3097
388.333 945 2596
529 1087 4012
1162 724 2962
922.667 1412 5751
960.5 1030 4528
348.667 833 2238
605.5 667 2764
521.333 1081 3921
843.5 1023 4312
476.667 1162 3463
521.333 1042 3397
1111.5 910 4528
1192.5 853 3961
826.5 808 3463
645.167 719 2804
641 1122 4203
438.667 777 2413
548.5 675 2713
387.333 924 2423
673.5 599 2804
607.5 804 3288
637.5 752 3237
396 921 2988
660.5 599 2738
1009.5 1021 4528
575.5 1017 3588
640.833 748 3262
1312.5 1063 4785
650.5 1055 3961
1108.5 914 4437
1003.5 977 4261
899.5 762 3679
880.667 1520 5751
406 1046 3222
689.5 1025 3936
1228.5 1126 5176
686.167 983 3786
622.167 897 3328
564.5 1066 3987
697.167 1031 4027
856.5 1024 4378
597 1404 4902
645.167 758 3328
451 672 2314
396 882 2464
885.5 748 3653
519.667 900 2764
500 888 2614
697.833 927 4112
524.667 1038 3422
898 598 2464
563.667 859 2922
360.667 846 2263
391 948 2922
348.667 794 1714
477.333 989 3196
1803 1496 6549
804.5 843 3653
340 875 2197
610.833 1097 4086
481 1084 3595
537.667 1165 4071
408 934 3013
560 874 2947
430 819 2372
615.167 1107 4152
633 1093 4162
577.5 1154 4112
409 1009 3113
654.833 1150 4287
633 1054 3638
567.667 776 2723
512 940 3163
497 964 3247
542 1175 4137
567.667 815 3247
500 927 3138
832.5 1022 4287
668.5 1072 4137
495 954 3072
694 992 3921
360.667 807 1739
702.5 1143 4287
433.667 804 2347
421 1022 3138
986.5 1016 4437
697.333 988 3946
408 895 2489
625.333 1087 4071
1019.5 1244 5227
559.333 913 3071
692.833 1021 3961
395 939 2596
1232.5 1149 5352
1167 1612 6575
701.167 884 3613
1065.5 1176 5136
617 1213 4510
582.333 750 2763
936.5 1028 4437
1284 1362 5876
873 1514 5660
572 786 2789
609.333 1207 4419
932 1499 5876
461 1275 3987
368.333 1097 2464
475.333 1089 3445
589.333 1359 4287
461 1236 3463
455.333 1241 3313
459 1226 3288
978.333 1396 5685
701.167 923 4137
658.167 1185 4836
652.5 1192 4485
484 1047 3486
715.833 858 3653
589.333 1398 4811
705.5 894 3679
459 1265 3812
592.667 1394 4836
883.667 1496 5685
1080.5 1272 5352
1289.5 1337 6051
1438.83 1246 5550
832 1614 5726
658.167 1146 4312
875.5 760 3588
758.833 1195 4961
887.833 1072 5052
455.333 1280 3837
1159.67 1750 6575
943.5 1278 5136
496 1060 3511
1160.5 1455 6051
671.167 1273 4961
827.5 1100 4811
463 1256 3486
1190.83 1353 5726
705.5 933 4203
654.833 1189 4811
766.5 1162 4528
1037.33 1439 5876
835.167 1106 4902
1157.5 1166 5136
1096.5 898 4287
479 1074 3420
592.667 1355 4312
662.5 1156 4378
614.833 1327 4485
1189.5 1442 6051
662.5 1195 4902
1151.5 1305 5634
770.5 823 3412
872 1608 5876
1087.5 1181 5227
733.167 1295 5227
675.5 1283 5027
1182.5 1192 5352
1343.83 1311 5876
1052.5 958 4378
1363.5 1264 5726
1558.5 1227 5700
612.667 1203 4444
1403.5 1330 6051
642.667 925 3638
539.833 1289 4112
758.833 1156 4437
597 1365 4378
1333.5 1063 5352
996.5 1238 5202
766.5 1201 5052
742.833 1315 5309
1507.17 1525 6224
476 1251 3903
750.5 1321 5400
1207.5 1423 6051
1453.5 1300 6051
890.167 1450 5751
1208.5 1420 6051
526.833 1201 3987
1506 1533 6575
1227.5 1138 5176
1021.5 1381 5751
1006.5 978 4477
1078.5 1186 5202
1282.17 1379 5751
998.5 1020 4503
827.5 897 4177
1091.5 1379 5726
1153.5 1302 5634
1081.5 1269 5352
776.167 1033 4528
1445.83 1230 5876
983.5 1237 5136
1166.5 1312 5700


405 338 915
356 334 0
415 280 0
415 314 498
353 366 699
350 371 890
343 377 849
451.5 810 2464
370 526 1373
283 382 524
356 361 875
527 491 1848
247 392 999
405 305 0
247 358 0
390.667 497 1439
617 472 1197
438.667 777 2413
380.5 500 1889
373.667 511 1348
283 343 0
378.667 484 1414
375.667 521 1523
511.667 650 2438
626 467 1347
429 821 2573
617 487 1764
533 827 2723
364 651 1889
679 441 1574
367 625 1698
363.667 537 1223
605.5 667 2764
427.667 794 2222
540 491 1914
497 964 3247
943 547 2072
547.167 629 2413
377.667 502 1022
673.5 599 2804
507.333 640 2372
381 940 2464
500.5 733 2588
660.5 599 2738
504 644 2347
725 418 1765
644 469 1805
511.667 611 1914
898 598 2464
345.667 870 2347
1052.5 958 4378
609 788 2804
313 623 1574
1096.5 898 4287
804.5 843 3653
253 731 1348
640 467 1413
562.5 929 3463
645.167 758 3328
450.667 789 2438
348.667 833 2238
340 875 2197
393 919 2573
348.667 794 1714
652.5 1192 4485
826.5 808 3463
360.667 807 1739
481 1084 3595
343.333 557 1399
406 1046 3222
465 638 1914
360.667 846 2263
401 749 2072
622.167 897 3328
541 856 2764
564.5 1066 3987
637.5 752 3237
607.5 804 3288
396 882 2464
300.333 780 1574
408 895 2489
481.667 999 3262
391 909 2398
577.5 1154 4112
409 1009 3113
436 696 2398
434 686 2223
387.333 924 2423
530 950 3313
391 948 2922
442 909 2698
439 659 2289
668.5 1072 4137
326 711 1699
433.667 804 2347
899.5 762 3679
560 874 2947
521.333 1042 3397
393 958 3097
827.5 897 4177
300.333 819 2098
396 921 2988
404.333 825 2248
529 1048 3488
518 937 3288
500 927 3138
451 672 2314
575.5 1017 3588
430.333 701 2248
650.5 1055 3961
697.167 1031 4027
313.333 907 2223
885.5 748 3653
645.167 719 2804
422.333 835 2398
572 825 3313
456.333 1262 3486
625.333 1087 4071
412.333 854 2289
388.333 945 2596
563.667 859 2922
424 712 2098
529 1087 4012
438 677 1897
459 1226 3288
936.5 1028 4437
875.5 760 3588
368.333 1136 2988
477.333 989 3196
564.333 819 3222
856.5 1024 4378
408 934 3013
686.167 983 3786
526.833 1201 3987
484 1047 3486
599.667 1187 4337
705.5 933 4203
476.667 1162 3463
1192.5 853 3961
430 819 2372
1059 745 3071
633 1093 4162
552.667 875 2896
654.833 1150 4287
421 1022 3138
832.5 1022 4287
760.5 854 3562
1174.5 1959 7073
539.833 1289 4112
1312.5 1063 4785
542 1175 4137
1060.5 1707 6575
495 954 3072
1162 724 2962
794.5 838 3628
615.167 1107 4152
697.833 888 3588
582.333 750 2763
548.5 675 2713
758.833 1195 4961
843.5 1023 4312
770.5 823 3412
1003.5 977 4261
567.667 776 2723
609.333 1207 4419
612.667 1275 4462
395 939 2596
387.333 963 2947
1065.5 1176 5136
572 786 2789
633 1054 3638
640.833 748 3262
705.5 894 3679
479 1074 3420
1329.5 1052 5136
658.167 1146 4312
512 940 3163
1020.5 1001 4503
1209.5 1429 6051
617 1213 4510
505 993 3288
701.167 923 4137
642.667 925 3638
1108.5 914 4437
614.833 1327 4485
697.833 927 4112
654.833 1189 4811
658.167 1185 4836
1163.17 1330 5726
500 888 2614
610.833 1097 4086
746.167 1311 5334
496 1060 3511
512 901 2639
772.333 1098 4337
521.333 1081 3921
766.5 1162 4528
715.833 858 3653
524.667 1038 3422
781.5 829 3562
1688.5 1471 6549
830.833 1096 4836
750.5 1321 5400
701.167 884 3613
1333.5 1063 5352
459 1265 3812
641 1122 4203
475.333 1089 3445
1545.5 1217 5634
1290.5 1325 6051
567.667 815 3247
835.167 1106 4902
368.333 1097 2464
905.833 1206 5227
887.833 1072 5052
1282.17 1361 5876
766.5 1201 5052
960.5 1030 4528
1063.5 1443 5876
556 917 3046
692.833 1021 3961
662.5 1156 4378
675.5 1283 5027
689.5 1025 3936
1342.5 1062 5202
1182.5 1192 5352
694 992 3921
559.333 913 3071
671.167 1273 4961
524.667 1077 3946
1068.5 1172 5227
1030.5 1006 4528
697.333 988 3946
662.5 1195 4902
776.167 1033 4528
455.333 1280 3837
1158.83 1320 5660
592.667 1394 4836
537.667 1165 4071
758.833 1156 4437
1006.5 978 4477
476 1251 3903
844.833 1334 5751
986.5 1016 4437
1554.5 1201 6051
612.667 1203 4444
1061.5 1306 5352
954.333 1320 5352
1232.5 1149 5352
742.833 1315 5309
746.167 1383 5352
824.167 1183 5052
1081.5 1260 5352
1111.5 910 4528
733.167 1295 5227
690.667 1075 4162
827.5 1100 4811
932.833 1460 6249
1228.5 1126 5176
518 898 2764
562 919 3204
463 1256 3486
530 911 2789
1210.5 1169 5352
1350.5 1254 5660
1163.67 1416 5876
1637.17 1769 7073
1363.5 1264 5726
461 1275 3987
1239.17 1623 6575
597 1404 4902
1503.17 1499 6575


283 382 524
415 314 498
247 392 999
343 377 849
353 366 699
356 361 875
350 371 890
283 343 0
405 338 915
247 358 0
375.667 521 1523
679 441 1574
617 472 1197
378.667 484 1414
438.667 777 2413
377.667 502 1022
826.5 808 3463
415 280 0
364 651 1889
356 334 0
725 418 1765
390.667 497 1439
430 819 2372
405 305 0
605.5 667 2764
313 623 1574
511.667 650 2438
644 469 1805
373.667 511 1348
343.333 557 1399
899.5 762 3679
451.5 810 2464
429 821 2573
540 491 1914
562 919 3204
360.667 846 2263
1620 1404 6051
558 897 2738
1509 1148 5202
253 731 1348
1016 1432 5227
563.667 859 2922
897.5 1550 5052
465 638 1914
626 467 1347
504 644 2347
617 487 1764
433.667 804 2347
381 940 2464
345.667 870 2347
640 467 1413
422.333 835 2398
527 491 1848
363.667 537 1223
370 526 1373
450.667 789 2438
340 875 2197
609 788 2804
401 749 2072
367 625 1698
442 909 2698
348.667 833 2238
430.333 701 2248
1100.67 1614 5726
564.333 819 3222
500.5 733 2588
1486.67 1466 6224
326 711 1699
507.333 640 2372
439 659 2289
436 696 2398
380.5 500 1889
434 686 2223
898 598 2464
547.167 629 2413
575.5 1017 3588
644.667 1296 4177
864.667 1436 4961
835.167 1106 4902
348.667 794 1714
1465 1834 6374
477.333 989 3196
1193.67 1366 5751
404.333 825 2248
548.5 675 2713
533 827 2723
1030.5 1006 4528
1632 1391 5850
409 1009 3113
497 964 3247
313.333 907 2223
673.5 599 2804
424 712 2098
1155 1442 5876
396 882 2464
1290.67 1426 5876
794.5 838 3628
690.667 1075 4162
572 786 2789
524.667 1038 3422
300.333 780 1574
879.667 1463 5027
391 909 2398
705.5 933 4203
885.5 748 3653
787.5 1196 4437
500 927 3138
451 672 2314
518 937 3288
406 1046 3222
1571 1443 6051
387.333 924 2423
300.333 819 2098
567.667 815 3247
572 825 3313
393 919 2573
360.667 807 1739
875.5 760 3588
396 921 2988
898 1291 4961
986.5 1016 4437
1001.5 980 4261
393 958 3097
637.5 752 3237
537.667 1165 4071
760.5 854 3562
1357 1293 5525
804.5 843 3653
1020.5 1001 4503
1045 1166 5027
622.167 897 3328
1232.5 1149 5352
660.5 599 2738
421 1022 3138
668.5 1072 4137
1662 1378 5850
530 950 3313
438 677 1897
1267 1338 5726
512 940 3163
562.5 929 3463
387.333 963 2947
427.667 794 2222
391 948 2922
1130.5 1261 5352
705.5 894 3679
1421 1093 5161
408 895 2489
645.167 758 3328
640.833 748 3262
521.333 1042 3397
610.833 1097 4086
408 934 3013
1052.5 958 4378
832.5 1022 4287
529 1048 3488
697.333 988 3946
1029.67 1344 4986
1815 1574 6549
692.833 1199 4203
791.333 1240 4477
495 954 3072
511.667 611 1914
564.5 1066 3987
607.5 804 3288
770.5 823 3412
577.5 1154 4112
645.167 719 2804
518 898 2764
500 888 2614
1251 2084 6158
567.667 776 2723
633 1093 4162
524.667 1077 3946
936.5 1028 4437
395 939 2596
943 547 2072
1259.67 1614 6224
559.333 913 3071
1646 1704 6549
1033.67 1315 4986
529 1087 4012
935 1064 4337
481.667 999 3262
560 874 2947
977.5 1856 5726
1130 1441 5525
625.333 1087 4071
1141.83 1177 5052
694 992 3921
843.5 1023 4312
759 1300 4312
1532.5 1708 6249
1013 1395 5202
1584 1400 5850
542 1175 4137
633 1054 3638
715.833 858 3653
692.833 1021 3961
1329.5 1052 5136
476.667 1162 3463
797.5 1165 4287
556 917 3046
530 911 2789
368.333 1136 2988
1085.67 1588 5685
962 1611 5352
767 1231 4287
689.5 1025 3936
1543 1764 6549
476 1251 3903
526.833 1201 3987
368.333 1097 2464
1096.5 898 4287
701.167 923 4137
521.333 1081 3921
697.167 1031 4027
475.333 1089 3445
481 1084 3595
697.833 888 3588
459 1265 3812
615.167 1107 4152
642.667 925 3638
998.5 1020 4503
748 1324 4337
907.667 1431 5001
1329.67 1604 6183
934.667 1395 5001
650.5 1055 3961
799 1940 5751
1121.5 924 4503
708.667 1332 4485
504 845 2713
1000 1385 5136
455.333 1280 3837
1245 941 4528
1704 1318 5700
388.333 945 2596
582.333 750 2763
1006.5 987 4477
1017.67 1717 5700
993 1754 5660
1064 1193 5052
962 1798 5576
869 1560 5161
622 1353 4177
778 1208 4312
1125.33 1562 5726
463 1256 3486
455.333 1241 3313
788 1192 4287
461 1275 3987
1388 1480 6051
971.5 1840 5685
904.5 1098 4477
876 1559 5202
1118 1387 5227
1086 1431 5352
962.667 1375 5001
539.833 1289 4112
589.333 1359 4287
597 1404 4902
1183.5 1202 5227
484 1047 3486
592.667 1394 4836
978.5 1839 5726
1003.33 1589 5227
459 1226 3288
863.333 1716 5202
1063.67 1629 5375
964 1884 5876
867.667 1445 5001
856.333 1717 5161
1173.5 1197 5202
1124 1651 6051
1042.67 1672 5751
461 1236 3463
1083.67 1615 5576
715 1472 5027


465 638 1914
415 280 0
283 343 0
247 392 999
247 358 0
350 371 890
356 361 875
353 366 699
283 382 524
356 334 0
679 441 1574
390.667 497 1439
405 305 0
405 338 915
415 314 498
343.333 557 1399
373.667 511 1348
367 625 1698
300.333 780 1574
393 919 2573
370 526 1373
673.5 599 2804
364 651 1889
326 711 1699
451.5 810 2464
500.5 733 2588
375.667 521 1523
725 418 1765
313 623 1574
898 598 2464
377.667 502 1022
560 874 2947
540 491 1914
345.667 870 2347
300.333 819 2098
640 467 1413
313.333 907 2223
617 487 1764
451 672 2314
430 819 2372
436 696 2398
504 644 2347
368.333 1097 2464
422.333 835 2398
511.667 650 2438
430.333 701 2248
381 940 2464
363.667 537 1223
380.5 500 1889
368.333 1136 2988
455.333 1280 3837
527 491 1848
507.333 640 2372
644 469 1805
438.667 777 2413
253 731 1348
340 875 2197
412.333 854 2289
427.667 794 2222
548.5 675 2713
348.667 833 2238
442 909 2698
360.667 846 2263
343 377 849
348.667 794 1714
429 821 2573
547.167 629 2413
575.5 1017 3588
609 788 2804
541 856 2764
626 467 1347
559.333 913 3071
885.5 748 3653
562.5 929 3463
605.5 667 2764
826.5 808 3463
794.5 838 3628
607.5 804 3288
505 993 3288
637.5 752 3237
378.667 484 1414
450.667 789 2438
360.667 807 1739
928.5 1335 5202
433.667 804 2347
439 659 2289
476 1251 3903
617 472 1197
424 712 2098
434 686 2223
409 1009 3113
396 882 2464
387.333 924 2423
827.5 897 4177
533 827 2723
408 895 2489
387.333 963 2947
562 919 3204
899.5 762 3679
1111.5 910 4528
1006.5 987 4477
396 921 2988
563.667 859 2922
529 1048 3488
530 950 3313
518 937 3288
393 958 3097
391 909 2398
564.5 1066 3987
835.167 1106 4902
481 1084 3595
622.167 897 3328
401 749 2072
662.5 1156 4378
660.5 599 2738
650.5 1055 3961
692.833 1021 3961
930.5 1472 5726
572 825 3313
807.5 1095 4378
404.333 825 2248
475.333 1089 3445
521.333 1042 3397
388.333 945 2596
694 992 3921
564.333 819 3222
497 964 3247
408 934 3013
702.5 1143 4287
481.667 999 3262
856.5 1024 4378
406 1046 3222
421 1022 3138
500 927 3138
645.167 758 3328
577.5 1154 4112
645.167 719 2804
495 954 3072
511.667 611 1914
391 948 2922
640.833 748 3262
438 677 1897
496 1060 3511
512 940 3163
461 1275 3987
456.333 1262 3486
529 1087 4012
615.167 1107 4152
668.5 1072 4137
943 547 2072
459 1265 3812
461 1236 3463
524.667 1077 3946
625.333 1087 4071
521.333 1081 3921
504 845 2713
395 939 2596
633 1093 4162
582.333 750 2763
572 786 2789
705.5 894 3679
843.5 1023 4312
1165 1342 5352
1017.33 1482 5876
500 888 2614
542 1175 4137
567.667 815 3247
518 898 2764
751 1347 5052
567.667 776 2723
697.333 988 3946
609.333 1207 4419
530 911 2789
701.167 884 3613
832.5 1022 4287
537.667 1165 4071
652.5 1192 4485
715.833 858 3653
697.833 927 4112
477.333 989 3196
479 1074 3420
610.833 1097 4086
690.667 1075 4162
524.667 1038 3422
641 1122 4203
705.5 933 4203
599.667 1187 4337
484 1047 3486
556 917 3046
589.333 1398 4811
658.167 1146 4312
1030.5 1006 4528
597 1404 4902
633 1054 3638
1352.33 1644 6575
1282.17 1361 5876
642.667 925 3638
1049.17 1424 5700
817 1653 5660
1068.5 1172 5227
960.5 1030 4528
689.5 1025 3936
987.333 1509 5876
893.167 1448 5400
996.5 1238 5202
1333.5 1063 5352
1182.5 1192 5352
804.5 843 3653
1232.5 1149 5352
766.5 1201 5052
808.667 1790 5660
923.5 1562 5726
654.833 1189 4811
1106 1434 5876
617 1213 4510
662.5 1195 4902
1052.5 958 4378
1404.5 1349 6051
743.333 1341 4961
766.5 1162 4528
887.833 1072 5052
612.667 1203 4444
1283.5 1110 5227
1210.5 1169 5352
654.833 1150 4287
1106 1395 5352
592.667 1394 4836
697.833 888 3588
770.5 823 3412
1167 1338 5352
820.833 1187 5027
758.833 1195 4961
936.5 1028 4437
943.5 1278 5136
940.667 1731 5876
811.667 1676 5751
1189 1423 5685
827.5 1100 4811
564 1377 4401
1096.5 898 4287
1106.5 1765 6575
1232.17 1408 5751
1623 1343 6051
772 1375 5309
986 1557 5876
1104.5 1628 6051
912.167 1581 5660
758.833 1156 4437
1253.5 1481 6051
888.5 1329 5136
1162.5 1560 6051


350 371 890
640 467 1413
390.667 497 1439
415 314 498
415 280 0
405 338 915
283 343 0
356 334 0
247 358 0
353 366 699
283 382 524
343 377 849
356 361 875
644 469 1805
405 305 0
725 418 1765
377.667 502 1022
465 638 1914
378.667 484 1414
367 625 1698
424 712 2098
617 472 1197
247 392 999
434 686 2223
253 731 1348
370 526 1373
605.5 667 2764
504 644 2347
373.667 511 1348
617 487 1764
412.333 854 2289
527 491 1848
343.333 557 1399
430.333 701 2248
313 623 1574
375.667 521 1523
626 467 1347
572 825 3313
360.667 846 2263
396 882 2464
451 672 2314
326 711 1699
679 441 1574
364 651 1889
401 749 2072
363.667 537 1223
660.5 599 2738
380.5 500 1889
533 827 2723
348.667 833 2238
540 491 1914
345.667 870 2347
541 856 2764
442 909 2698
547.167 629 2413
439 659 2289
381 940 2464
300.333 780 1574
500 888 2614
450.667 789 2438
793.5 1086 4312
436 696 2398
507.333 640 2372
562.5 929 3463
511.667 611 1914
898 598 2464
429 821 2573
595 784 2738
497 964 3247
563.667 923 3137
360.667 807 1739
609 788 2804
495 954 3072
885.5 748 3653
511.667 650 2438
404.333 825 2248
300.333 819 2098
826.5 808 3463
607.5 804 3288
512 940 3163
427.667 794 2222
408 895 2489
500 927 3138
673.5 599 2804
943 547 2072
391 909 2398
637.5 752 3237
393 919 2573
500.5 733 2588
348.667 794 1714
560 874 2947
406 1046 3222
504 845 2713
633 1093 4162
451.5 810 2464
340 875 2197
563.667 859 2922
391 948 2922
430 819 2372
408 934 3013
396 921 2988
438.667 777 2413
481.667 999 3262
622.167 897 3328
804.5 843 3653
705.5 933 4203
393 958 3097
313.333 907 2223
387.333 924 2423
438 677 1897
936.5 1028 4437
433.667 804 2347
1309 944 4528
1248.5 1143 5176
1162 724 2962
640.833 748 3262
701.167 923 4137
1059 745 3071
925.5 1083 4477
422.333 835 2398
1416 1116 5227
610.833 1097 4086
658.167 1185 4836
476.667 1162 3463
526.833 1201 3987
477.333 989 3196
479 1074 3420
387.333 963 2947
1746 1250 5725
940.5 1076 4528
983.5 1237 5136
1205.67 1159 4851
645.167 758 3328
810.5 1179 4528
650.5 1055 3961
658.167 1146 4312
692.833 1021 3961
575.5 1017 3588
456.333 1262 3486
529 1048 3488
1009.5 1021 4528
1192.5 853 3961
559.333 913 3071
668.5 1072 4137
760.5 854 3562
702.5 1143 4287
409 1009 3113
899.5 762 3679
529 1087 4012
577.5 1154 4112
615.167 1107 4152
564.5 1066 3987
1201.33 1343 5876
697.167 1031 4027
524.667 1077 3946
781.5 829 3562
645.167 719 2804
1161.5 1217 5227
548.5 675 2713
459 1265 3812
388.333 945 2596
1108.5 914 4437
1018 1212 4986
856.5 1024 4378
942.5 1213 5052
421 1022 3138
843.5 1023 4312
1030.5 1006 4528
542 1175 4137
599.667 1187 4337
368.333 1136 2988
518 937 3288
539.833 1289 4112
656.167 1333 4610
1034.5 1521 5751
521.333 1042 3397
1127.5 1774 6575
1020.5 1001 4503
368.333 1097 2464
662.5 1156 4378
830.833 1096 4836
524.667 1038 3422
671.167 1273 4961
832.5 1022 4287
1322.5 1088 4810
770.5 823 3412
701.167 884 3613
614.833 1327 4485
895.833 1691 5876
689.5 1025 3936
1068.83 1900 6575
1152.5 1560 6051
519.667 900 2764
552.667 875 2896
1210.5 1169 5352
875.5 760 3588
686.167 983 3786
556 917 3046
395 939 2596
643.167 1245 4485
567.667 776 2723
564.333 819 3222
697.333 988 3946
496 1060 3511
758.833 1195 4961
1283.5 1136 5001
481 1084 3595
625.333 1087 4071
567.667 815 3247
815.833 1156 4485
459 1226 3288
1096.5 898 4287
1065.5 1176 5136
1183.5 1202 5227
1033.5 1329 5352
1209.5 1429 6051
1527.5 1262 5725
1160.5 1455 6051
1620.5 1515 6549
1329.5 1052 5136
948.5 1306 5202
885.333 1584 5685
1544.5 1226 5634
521.333 1081 3921
1297.5 1555 6549
537.667 1165 4071
572 786 2789
705.5 894 3679
1019.5 1244 5227
652.5 1192 4485
1016.5 1461 5700
1464.5 1304 5674
1107.5 1370 5725
654.833 1150 4287
1323.5 1088 4935
1431.5 1307 6051
1080.5 1272 5352
1312.5 1063 4785
612.667 1203 4444
1142.83 1566 6158
1241.5 1152 5202
1221.5 1145 4935
843.833 1304 5136
484 1047 3486
675.5 1283 5027
746.167 1311 5334
475.333 1089 3445
476 1251 3903
609.333 1207 4419
1421 1093 5161
642.667 925 3638
694 992 3921
1289.5 1337 6051
892.833 1607 5726
1545.5 1217 5634
912.833 1578 5726
1401.17 1610 6575
697.833 927 4112
798.167 1399 5660
1229.5 1400 6051
1018.5 1598 6224
1061.5 1306 5352
1077.5 1188 5202
1052.5 958 4378
1072.17 1386 5751
1165.17 1639 6575
715.833 858 3653
933.5 1556 5876
758.833 1156 4437
1493.17 1515 6158
930.5 1472 5726
1668.5 1457 6549
1081.5 1260 5352
697.833 888 3588
1268.5 1132 4876
794.5 838 3628
827.5 1100 4811
1006.5 987 4477
827.5 897 4177
1121.5 924 4503
1678.67 1792 7073
1474.5 1306 6051


350 371 890
405 338 915
415 314 498
405 305 0
283 382 524
247 358 0
356 361 875
356 334 0
353 366 699
343 377 849
364 651 1889
378.667 484 1414
247 392 999
415 280 0
451 672 2314
617 472 1197
367 625 1698
375.667 521 1523
283 343 0
626 467 1347
373.667 511 1348
679 441 1574
253 731 1348
640 467 1413
770.5 823 3412
595 784 2738
377.667 502 1022
340 875 2197
313 623 1574
617 487 1764
380.5 500 1889
898 598 2464
412.333 854 2289
390.667 497 1439
943 547 2072
345.667 870 2347
541 856 2764
343.333 557 1399
725 418 1765
451.5 810 2464
370 526 1373
429 821 2573
401 749 2072
500.5 733 2588
363.667 537 1223
660.5 599 2738
527 491 1848
442 909 2698
360.667 807 1739
533 827 2723
540 491 1914
326 711 1699
548.5 675 2713
313.333 907 2223
438 677 1897
547.167 629 2413
424 712 2098
360.667 846 2263
404.333 825 2248
567.667 815 3247
348.667 833 2238
644 469 1805
436 696 2398
504 644 2347
396 921 2988
484 1047 3486
507.333 640 2372
465 638 1914
348.667 794 1714
673.5 599 2804
477.333 989 3196
511.667 650 2438
607.5 804 3288
697.333 988 3946
575.5 1017 3588
885.5 748 3653
562.5 929 3463
826.5 808 3463
439 659 2289
605.5 667 2764
697.833 927 4112
899.5 762 3679
434 686 2223
427.667 794 2222
300.333 819 2098
832.5 1022 4287
564.333 819 3222
559.333 913 3071
650.5 1055 3961
572 825 3313
526.833 1201 3987
511.667 611 1914
481.667 999 3262
609 788 2804
564.5 1066 3987
504 845 2713
1593 2126 7073
393 958 3097
430.333 701 2248
408 934 3013
505 993 3288
697.167 1031 4027
556 917 3046
567.667 776 2723
1006.5 978 4477
610.833 1097 4086
524.667 1077 3946
300.333 780 1574
406 1046 3222
804.5 843 3653
422.333 835 2398
388.333 945 2596
577.5 1154 4112
1077.5 1188 5202
694 992 3921
705.5 933 4203
1121.5 924 4503
701.167 884 3613
794.5 838 3628
641 1122 4203
701.167 923 4137
563.667 859 2922
450.667 789 2438
645.167 719 2804
637.5 752 3237
562 919 3204
622.167 897 3328
497 964 3247
615.167 1107 4152
645.167 758 3328
560 874 2947
559 956 3313
430 819 2372
827.5 1100 4811
1228.5 1126 5176
642.667 925 3638
875.5 760 3588
668.5 1072 4137
500 927 3138
1020.5 1001 4503
396 882 2464
438.667 777 2413
393 919 2573
521.333 1042 3397
433.667 804 2347
692.833 1021 3961
977.5 1263 5202
689.5 1025 3936
391 948 2922
726.5 883 3503
1003.5 977 4261
391 909 2398
686.167 983 3786
495 954 3072
530 911 2789
408 895 2489
654.833 1189 4811
387.333 924 2423
690.667 1075 4162
521.333 1081 3921
643.167 1245 4485
529 1048 3488
998.5 1020 4503
524.667 1038 3422
395 939 2596
1605.5 1538 6249
518 898 2764
654.833 1150 4287
421 1022 3138
1481.83 1555 6249
1192.5 853 3961
1329.5 1052 5136
640.833 748 3262
1544.5 1226 5634
572 786 2789
552.667 875 2896
512 940 3163
592.667 1355 4312
856.5 1024 4378
1468.5 1329 5850
1059 745 3071
1162 724 2962
705.5 894 3679
625.333 1087 4071
592.667 1394 4836
537.667 1165 4071
1052.5 958 4378
835.167 1106 4902
1078.5 1186 5202
662.5 1156 4378
461 1236 3463
895.5 1445 5726
459 1226 3288
368.333 1097 2464
368.333 1136 2988
633 1093 4162
529 1087 4012
381 940 2464
1133.5 1633 6051
409 1009 3113
1030.5 1006 4528
1024.83 1745 6224
476.667 1162 3463
539.833 1289 4112
1382.33 1653 6249
675.5 1283 5027
387.333 963 2947
612.667 1203 4444
1061.5 1306 5352
997.333 1598 5876
455.333 1241 3313
658.167 1146 4312
960.5 1030 4528
589.333 1359 4287
476 1212 3379
1473.5 1306 6051
1342.5 1062 5202
658.167 1185 4836
1554.5 1201 6051
894.833 1444 5660
461 1275 3987
1209.5 1430 6051
766.5 1162 4528
824.167 1183 5052
671.167 1273 4961
1081.5 1260 5352
1427.83 1588 6575
662.5 1195 4902
599.667 1187 4337
1009.5 1021 4528
766.5 1201 5052
459 1265 3812
1310.5 1342 6051
827.5 897 4177
1312.5 1063 4785
827.667 1630 5660
843.5 1023 4312
776.167 1033 4528
1096.5 898 4287
820.833 1187 5027
1301.5 1410 6051
479 1074 3420
1039.83 1685 6575
1333.5 1063 5352
886.667 1492 5751
697.833 888 3588
1545.5 1217 5634
887.833 1072 5052
1203.67 1346 5726
758.833 1195 4961
1356.5 1280 5400
1156.5 1298 5725
542 1175 4137
760.5 854 3562
1065.5 1176 5136
903.167 1351 5751
733.167 1295 5227
1087.5 1181 5227
1153.5 1556 6051
1768 1904 7073
1232.5 1149 5352
899.833 1355 5726
500 888 2614
1210.5 1417 6051
1261.5 1345 5726
781.5 829 3562
652.5 1192 4485
1507.17 1525 6224
466.333 1125 3288
750.5 1321 5400
1688.5 1471 6549
1467.33 1536 6183
746.167 1311 5334
758.833 1156 4437
481 1084 3595
609.333 1207 4419
1455.83 1577 6575
496 1060 3511
1369.83 1539 6224
830.833 1096 4836
1386.83 1620 6575
1324.83 1333 5726


247 392 999
617 487 1764
405 305 0
283 382 524
405 338 915
415 280 0
356 334 0
353 366 699
356 361 875
380.5 500 1889
350 371 890
247 358 0
451 672 2314
363.667 537 1223
401 749 2072
390.667 497 1439
644 469 1805
373.667 511 1348
465 638 1914
412.333 854 2289
283 343 0
540 491 1914
504 644 2347
343 377 849
582.333 750 2763
725 418 1765
679 441 1574
313 623 1574
415 314 498
364 651 1889
422.333 835 2398
343.333 557 1399
504 845 2713
442 909 2698
367 625 1698
253 731 1348
378.667 484 1414
326 711 1699
617 472 1197
345.667 870 2347
429 821 2573
527 491 1848
541 856 2764
605.5 667 2764
377.667 502 1022
507.333 640 2372
715.833 858 3653
626 467 1347
375.667 521 1523
943 547 2072
559.333 913 3071
404.333 825 2248
511.667 650 2438
300.333 819 2098
794.5 838 3628
567.667 815 3247
388.333 945 2596
436 696 2398
533 827 2723
370 526 1373
387.333 963 2947
424 712 2098
439 659 2289
313.333 907 2223
898 598 2464
640.833 748 3262
340 875 2197
1096.5 898 4287
434 686 2223
406 1046 3222
430.333 701 2248
348.667 833 2238
430 819 2372
477.333 989 3196
497 964 3247
562 919 3204
360.667 846 2263
450.667 789 2438
609 788 2804
572 825 3313
381 940 2464
673.5 599 2804
564.333 819 3222
368.333 1136 2988
660.5 599 2738
348.667 794 1714
547.167 629 2413
637.5 752 3237
998.5 1020 4503
625.333 1087 4071
821.5 1180 4503
438.667 777 2413
690.667 1075 4162
607.5 804 3288
433.667 804 2347
451.5 810 2464
300.333 780 1574
481.667 999 3262
393 958 3097
650.5 1055 3961
575.5 1017 3588
562.5 929 3463
701.167 923 4137
552.667 875 2896
692.833 1021 3961
368.333 1097 2464
564.5 1066 3987
500.5 733 2588
843.5 1023 4312
832.5 1022 4287
937.833 1182 4961
521.333 1081 3921
885.5 748 3653
505 993 3288
438 677 1897
826.5 808 3463
511.667 611 1914
461 1275 3987
589.333 1398 4811
396 921 2988
686.167 983 3786
427.667 794 2222
548.5 675 2713
459 1265 3812
986.5 1016 4437
1192.5 853 3961
1549.5 1255 5725
597 1404 4902
360.667 807 1739
542 1175 4137
641 1122 4203
556 917 3046
640 467 1413
633 1093 4162
463 1256 3486
455.333 1280 3837
1088 1765 6051
615.167 1107 4152
476 1251 3903
512 940 3163
530 911 2789
592.667 1394 4836
529 1087 4012
645.167 758 3328
529 1048 3488
572 786 2789
1065.5 1176 5136
697.833 927 4112
1153.5 1302 5634
702.5 1143 4287
697.833 888 3588
807.5 1095 4378
396 882 2464
856.5 1024 4378
668.5 1072 4137
943.5 1278 5136
524.667 1077 3946
408 934 3013
770.5 823 3412
960.5 1030 4528
521.333 1042 3397
567.667 776 2723
393 919 2573
500 927 3138
1059 745 3071
1157.5 1166 5136
1327.5 1084 5026
804.5 843 3653
654.833 1189 4811
610.833 1097 4086
395 939 2596
524.667 1038 3422
481 1084 3595
476.667 1162 3463
421 1022 3138
408 895 2489
1111.5 910 4528
1006.5 987 4477
1108.5 914 4437
689.5 1025 3936
1162 724 2962
705.5 894 3679
1451 1143 5352
537.667 1165 4071
671.167 1273 4961
936.5 1028 4437
560 874 2947
1068.5 1172 5227
518 898 2764
701.167 884 3613
387.333 924 2423
455.333 1241 3313
577.5 1154 4112
409 1009 3113
697.333 988 3946
1312.5 1063 4785
1447.5 1294 5850
875.5 760 3588
1124 1620 6051
1453.5 1300 6051
758.833 1195 4961
526.833 1201 3987
563.667 859 2922
827.5 1100 4811
760.5 854 3562
830.833 1096 4836
391 948 2922
1189.5 1411 6051
977.5 1263 5202
495 954 3072
622.167 897 3328
645.167 719 2804
1081.5 1269 5352
642.667 925 3638
983.5 1237 5136
391 909 2398
694 992 3921
654.833 1150 4287
597 1384 4203
1040.67 1156 4961
724.333 1314 4986
539.833 1289 4112
824.167 1183 5052
820.833 1187 5027
899.5 762 3679
1003.5 977 4261
1323.5 1088 4935
652.5 1192 4485
530 950 3313
1221.5 1145 4935
705.5 933 4203
994.667 1542 5876
518 937 3288
658.167 1146 4312
1532 1121 5227
1094.67 1841 6575
815.833 1156 4485
662.5 1156 4378
612.667 1203 4444
479 1074 3420
484 1047 3486
617 1213 4510
475.333 1089 3445
496 1060 3511
1487.17 1884 7073
609.333 1207 4419
599.667 1187 4337
1232.5 1149 5352
500 888 2614
1396.17 1617 6374
1001.5 980 4261
779.333 1543 5751
1182.5 1192 5352
1145 1581 6051
884 1137 4861
658.167 1185 4836
1159.5 1720 6224
1239.17 1623 6575
742.833 1315 5309
987.5 1268 5227
1082.33 1464 5876
1041.83 1310 5459
1416.17 1607 6374
1170.17 1735 6249
766.5 1201 5052
1290.5 1325 6051
1124.5 1331 5876
1620.5 1529 6549
614.833 1327 4485
1733.67 1868 7073
1558.5 1227 5700
944.5 1150 4876
1052.5 958 4378
879.5 1170 4876
733.167 1295 5227
1316.5 1084 4876
844.833 1334 5751
1228.5 1126 5176
758.833 1156 4437
1493.17 1548 6158
1544.5 1226 5634
633 1054 3638
750.5 1321 5400
662.5 1195 4902
1538.5 1586 6549
1167.67 1762 6575
1329.5 1052 5136


247 392 999
283 343 0
405 338 915
353 366 699
283 382 524
367 625 1698
356 334 0
247 358 0
343 377 849
626 467 1347
356 361 875
415 314 498
390.667 497 1439
617 487 1764
350 371 890
405 305 0
370 526 1373
373.667 511 1348
377.667 502 1022
380.5 500 1889
450.667 789 2438
348.667 833 2238
360.667 807 1739
465 638 1914
343.333 557 1399
378.667 484 1414
527 491 1848
348.667 794 1714
375.667 521 1523
253 731 1348
438 677 1897
564.333 819 3222
500.5 733 2588
617 472 1197
415 280 0
345.667 870 2347
660.5 599 2738
547.167 629 2413
326 711 1699
673.5 599 2804
640 467 1413
679 441 1574
313 623 1574
770.5 823 3412
360.667 846 2263
436 696 2398
826.5 808 3463
725 418 1765
427.667 794 2222
504 644 2347
434 686 2223
1421 1093 5161
518 898 2764
563.667 923 3137
507.333 640 2372
572 825 3313
364 651 1889
340 875 2197
898 598 2464
505 993 3288
439 659 2289
540 491 1914
530 950 3313
381 940 2464
412.333 854 2289
556 917 3046
430.333 701 2248
451 672 2314
644 469 1805
511.667 650 2438
404.333 825 2248
622.167 897 3328
422.333 835 2398
430 819 2372
885.5 748 3653
1329.5 1052 5136
582.333 750 2763
609 788 2804
313.333 907 2223
533 827 2723
442 909 2698
607.5 804 3288
541 856 2764
1200 955 4462
438.667 777 2413
429 821 2573
781.5 829 3562
433.667 804 2347
481.667 999 3262
856.5 1024 4378
1397 1716 6374
368.333 1136 2988
1157 1217 5161
552.667 875 2896
572 786 2789
530 911 2789
998.5 1020 4503
640.833 748 3262
960.5 1030 4528
1034 1462 5550
387.333 963 2947
512 940 3163
567.667 776 2723
497 964 3247
518 937 3288
300.333 819 2098
409 1009 3113
393 958 3097
363.667 537 1223
801.333 1811 5751
504 845 2713
642.667 925 3638
477.333 989 3196
560 874 2947
391 948 2922
526.833 1201 3987
633 1093 4162
562.5 929 3463
406 1046 3222
401 749 2072
694 992 3921
1312.33 1122 4986
511.667 611 1914
563.667 859 2922
1162 724 2962
615.167 1107 4152
500 927 3138
1059 745 3071
475.333 1089 3445
500 888 2614
943 547 2072
575.5 1017 3588
705.5 933 4203
396 921 2988
1088.33 1781 6158
455.333 1280 3837
605.5 667 2764
689.5 1025 3936
542 1175 4137
408 934 3013
387.333 924 2423
884 1137 4861
637.5 752 3237
567.667 815 3247
559.333 913 3071
388.333 945 2596
529 1087 4012
976.667 1575 5751
1006.5 978 4477
300.333 780 1574
393 919 2573
843.5 1023 4312
391 909 2398
476.667 1162 3463
495 954 3072
529 1048 3488
645.167 719 2804
633 1054 3638
408 895 2489
832.5 1022 4287
724.333 1314 4986
524.667 1038 3422
1192.5 853 3961
1220.83 1081 4961
548.5 675 2713
396 882 2464
1539 1351 6051
1096.5 898 4287
610.833 1097 4086
524.667 1077 3946
1245 941 4528
599.667 1187 4337
650.5 1055 3961
421 1022 3138
692.833 1021 3961
686.167 983 3786
702.5 1143 4287
537.667 1165 4071
711.333 1226 4861
424 712 2098
395 939 2596
456.333 1262 3486
1350.5 1254 5660
1010.67 1677 5876
956.333 1491 5550
658.167 1146 4312
617 1213 4510
697.167 1031 4027
701.167 923 4137
1030.5 1006 4528
804.5 843 3653
701.167 884 3613
899.5 762 3679
1130.5 1261 5352
564.5 1066 3987
543.333 1406 4335
1065.5 1176 5136
658.167 1185 4836
521.333 1081 3921
937.833 1182 4961
697.333 988 3946
667.5 1274 4902
641 1122 4203
1442 1295 5685
987.5 1268 5227
1275 1475 6051
521.333 1042 3397
577.5 1154 4112
1108.5 914 4437
668.5 1072 4137
827.5 1100 4811
1430.33 1380 5876
484 1047 3486
827.5 897 4177
496 1060 3511
933.167 1188 5052
1252.5 1168 5352
830.833 1096 4836
671.167 1273 4961
645.167 758 3328
1062 1667 6051
715.833 858 3653
978.667 1495 5685
1356 1355 5751
1058.5 961 4312
652.5 1192 4485
1198.67 1728 6575
996.5 1238 5202
705.5 894 3679
461 1236 3463
539.833 1289 4112
476 1251 3903
697.833 927 4112
597 1404 4902
683.333 1600 5159
1127.5 1482 6051
1123.67 1453 5660
1070.67 1478 5576
1154 1005 4503
481 1084 3595
1509.67 1564 6575
625.333 1087 4071
685 1530 5400
368.333 1097 2464
1091 1507 5725
737 1598 5726
766.5 1201 5052
1437 1440 6051
746.167 1311 5334
1594.67 1843 7073
609.333 1207 4419
479 1074 3420
1363.67 1690 6224
697.833 888 3588
1309.33 1446 5876
1042.67 1537 5876
1454 1686 6224
612.667 1203 4444
459 1226 3288
1199 1364 5726
750.5 1321 5400
1229.33 1582 6183
461 1275 3987
1135.67 1466 5685
1468 1162 5202
1278.17 1350 5660
1046.67 1438 5484
1141 1448 5725
1183.33 1444 5751
1369.67 1347 5751
592.667 1394 4836
662.5 1156 4378
549 1401 4485
1456.5 1314 5700
1554.5 1201 6051
1128.67 1173 4902


405 305 0
405 338 915
415 280 0
350 371 890
247 392 999
247 358 0
415 314 498
343 377 849
527 491 1848
353 366 699
679 441 1574
617 487 1764
377.667 502 1022
283 382 524
356 334 0
283 343 0
375.667 521 1523
511.667 650 2438
373.667 511 1348
356 361 875
640.833 748 3262
640 467 1413
313 623 1574
626 467 1347
644 469 1805
617 472 1197
451 672 2314
390.667 497 1439
326 711 1699
436 696 2398
367 625 1698
370 526 1373
540 491 1914
364 651 1889
725 418 1765
560 874 2947
422.333 835 2398
378.667 484 1414
609 788 2804
875.5 760 3588
500.5 733 2588
504 644 2347
442 909 2698
380.5 500 1889
1059 745 3071
530 950 3313
1235.83 1599 6575
637.5 752 3237
511.667 611 1914
340 875 2197
943 547 2072
381 940 2464
421 1022 3138
530 911 2789
826.5 808 3463
387.333 963 2947
1108.5 914 4437
348.667 794 1714
567.667 776 2723
427.667 794 2222
507.333 640 2372
393 919 2573
673.5 599 2804
438.667 777 2413
450.667 789 2438
518 937 3288
781.5 829 3562
605.5 667 2764
692.667 1118 4203
518 898 2764
539.833 1289 4112
1329.5 1052 5136
345.667 870 2347
430.333 701 2248
343.333 557 1399
505 993 3288
1096.5 898 4287
556 917 3046
434 686 2223
770.5 823 3412
253 731 1348
429 821 2573
572 786 2789
360.667 846 2263
572 825 3313
660.5 599 2738
439 659 2289
689.5 1025 3936
300.333 780 1574
455.333 1280 3837
562.5 929 3463
645.167 719 2804
794.5 839 3628
1192.5 853 3961
465 638 1914
461 1275 3987
393 958 3097
650.5 1055 3961
430 819 2372
412.333 854 2289
363.667 537 1223
633 1054 3638
438 677 1897
622.167 897 3328
533 827 2723
641 1122 4203
500 888 2614
496 1060 3511
567.667 815 3247
391 948 2922
936.5 1028 4437
564.5 1066 3987
300.333 819 2098
899.5 762 3679
1020.5 1001 4503
582.333 750 2763
885.5 748 3653
477.333 989 3196
1052.5 958 4378
547.167 629 2413
804.5 843 3653
607.5 804 3288
645.167 758 3328
497 964 3247
697.333 988 3946
701.167 884 3613
642.667 925 3638
610.833 1097 4086
512 940 3163
313.333 907 2223
705.5 894 3679
668.5 1072 4137
406 1046 3222
387.333 924 2423
564.333 819 3222
348.667 833 2238
983.5 1237 5136
481.667 999 3262
701.167 923 4137
575.5 1017 3588
542 1175 4137
541 856 2764
559.333 913 3071
500 927 3138
692.833 1021 3961
396 921 2988
697.833 927 4112
658.167 1146 4312
898 598 2464
408 934 3013
702.5 1143 4287
456.333 1262 3486
543.333 1406 4335
633 1093 4162
577.5 1154 4112
529 1048 3488
408 895 2489
409 1009 3113
404.333 825 2248
388.333 945 2596
481 1084 3595
1162 724 2962
360.667 807 1739
396 882 2464
549 1401 4485
484 1047 3486
652.5 1192 4485
1127.5 1482 6051
401 749 2072
996.5 1238 5202
697.167 1031 4027
475.333 1089 3445
526.833 1201 3987
697.833 888 3588
830.833 1096 4836
395 939 2596
529 1087 4012
524.667 1038 3422
675.5 1283 5027
524.667 1077 3946
1554.5 1201 6051
615.167 1107 4152
1006.5 978 4477
715.833 858 3653
1333.5 1063 5352
843.5 1023 4312
746.167 1311 5334
391 909 2398
658.167 1185 4836
368.333 1136 2988
705.5 933 4203
564 1377 4401
827.5 897 4177
776.167 1033 4528
835.167 1106 4902
662.5 1156 4378
766.5 1201 5052
766.5 1162 4528
671.167 1273 4961
960.5 1030 4528
476.667 1162 3463
537.667 1165 4071
1283.5 1110 5227
1111.5 910 4528
1068.5 1172 5227
856.5 1024 4378
758.833 1195 4961
662.5 1195 4902
495 954 3072
1030.5 1006 4528
987.5 1268 5227
1003.5 977 4261
368.333 1097 2464
733.167 1295 5227
1445.83 1230 5876
943.5 1278 5136
1342.5 1062 5202
1282.17 1361 5876
476 1251 3903
1228.5 1126 5176
1473.5 1306 6051
563.667 859 2922
433.667 804 2347
750.5 1321 5400
625.333 1087 4071
599.667 1187 4337
857.833 1422 5876
1065.5 1176 5136
824.167 1183 5052
827.5 1100 4811
887.833 1072 5052
694 992 3921
1017.5 1245 5751
690.667 1075 4162
609.333 1207 4419
614.833 1327 4485
562 919 3204
521.333 1042 3397
617 1213 4510
479 1074 3420
1290.5 1325 6051
612.667 1203 4444
504 845 2713
552.667 875 2896
742.833 1315 5309
921.333 1776 6249
1312.5 1063 4785
461 1236 3463
597 1404 4902
686.167 983 3786
424 712 2098
832.5 1022 4287
548.5 675 2713
758.833 1156 4437
977.5 1263 5202
680.667 1520 5334
547 1391 4310
1189.5 1411 6051
459 1265 3812
521.333 1081 3921
1545.5 1217 5634
654.833 1189 4811
1182.5 1192 5352
592.667 1394 4836
954.333 1320 5352
1265.83 1469 6158
1232.5 1149 5352
1087.5 1523 6051


353 366 699
247 358 0
644 469 1805
465 638 1914
527 491 1848
415 280 0
356 334 0
350 371 890
405 338 915
405 305 0
380.5 500 1889
356 361 875
253 731 1348
343 377 849
415 314 498
283 382 524
283 343 0
343.333 557 1399
626 467 1347
364 651 1889
247 392 999
679 441 1574
556 917 3046
367 625 1698
326 711 1699
548.5 675 2713
673.5 599 2804
804.5 843 3653
430.333 701 2248
605.5 667 2764
340 875 2197
504 644 2347
370 526 1373
363.667 537 1223
348.667 833 2238
373.667 511 1348
564.333 819 3222
439 659 2289
375.667 521 1523
348.667 794 1714
345.667 870 2347
377.667 502 1022
540 491 1914
725 418 1765
595 784 2738
640.833 748 3262
541 856 2764
640 467 1413
433.667 804 2347
313 623 1574
412.333 854 2289
436 696 2398
300.333 819 2098
898 598 2464
390.667 497 1439
511.667 650 2438
451 672 2314
429 821 2573
430 819 2372
434 686 2223
451.5 810 2464
300.333 780 1574
500.5 733 2588
609 788 2804
547.167 629 2413
617 472 1197
378.667 484 1414
313.333 907 2223
381 940 2464
660.5 599 2738
360.667 846 2263
438.667 777 2413
427.667 794 2222
442 909 2698
562.5 929 3463
360.667 807 1739
507.333 640 2372
699 914 3397
575.5 1017 3588
481.667 999 3262
422.333 835 2398
401 749 2072
617 487 1764
424 712 2098
368.333 1136 2988
533 827 2723
450.667 789 2438
404.333 825 2248
461 1275 3987
826.5 808 3463
511.667 611 1914
406 1046 3222
607.5 804 3288
645.167 758 3328
572 825 3313
368.333 1097 2464
396 921 2988
622 1219 4203
387.333 963 2947
409 1009 3113
393 958 3097
388.333 945 2596
1096.5 898 4287
832.5 1022 4287
481 1084 3595
1121.5 924 4503
781.5 829 3562
421 1022 3138
666.5 935 3613
518 937 3288
650.5 1055 3961
542 1175 4137
500 927 3138
497 964 3247
529 1087 4012
637.5 752 3237
408 934 3013
899.5 762 3679
484 1047 3486
1006.5 978 4477
539.833 1289 4112
615.167 1107 4152
438 677 1897
770.5 823 3412
1037.5 1421 5227
705.5 933 4203
850 1586 5161
943 547 2072
1793 1638 6374
395 939 2596
559.333 913 3071
577.5 1154 4112
875.5 760 3588
689.5 1025 3936
495 954 3072
1258 1022 4528
702.5 1143 4287
526.833 1201 3987
1536 1767 6224
564.5 1066 3987
856.5 1024 4378
1107 1691 6051
998.5 1020 4503
391 948 2922
560 874 2947
455.333 1280 3837
559 956 3313
537.667 1165 4071
562 919 3204
996.5 1238 5202
475.333 1089 3445
521.333 1081 3921
701.167 923 4137
645.167 719 2804
396 882 2464
524.667 1077 3946
1765 1660 6549
519.667 900 2764
1068.5 1172 5227
668.5 1072 4137
387.333 924 2423
476.667 1162 3463
567.667 815 3247
697.333 988 3946
656.167 1333 4610
643.167 1245 4485
393 919 2573
521.333 1042 3397
524.667 1038 3422
827 1737 5685
625.333 1087 4071
869 1564 5161
408 895 2489
690.667 1075 4162
1445.67 1358 5525
622.167 897 3328
1607 1728 6549
1518.5 1296 5499
1275.33 1827 6374
1714 1307 5850
675.5 1283 5027
1659 1370 5876
726.5 883 3503
391 909 2398
658.167 1185 4836
885.5 748 3653
1684 1705 6549
662.5 1156 4378
843.5 1023 4312
943.5 1278 5136
512 940 3163
1252.5 1168 5352
1245.33 1846 6374
671.167 1273 4961
1052.5 958 4378
1692 1688 6374
1840 1575 6374
1253.5 1155 5352
1273.33 1801 6158
991 1425 5227
1315 1864 6575
610.833 1097 4086
824.167 1183 5052
1887 1537 6549
563.667 859 2922
1456.5 1314 5700
766.5 1201 5052
529 1048 3488
827.5 897 4177
1260.67 1834 6374
633 1093 4162
852.667 1584 5359
1623.33 1563 6158
807.5 1095 4378
1529 1665 6074
994 1374 5161
960.5 1030 4528
1548.33 1915 7073
477.333 989 3196
662.5 1195 4902
705.5 894 3679
835.167 1106 4902
1642 1692 6374
1162 2032 6183
981 1388 5202
887.5 1431 5876
500 888 2614
1537 1750 6224
1231.5 1174 5352
654.833 1150 4287
1208.5 1386 6051
505 993 3288
658.167 1146 4312
1578.33 1566 6249
613.333 1261 4162
941.5 1412 5202
692.833 1021 3961
572 786 2789
567.667 776 2723
701.167 884 3613
887.833 1072 5052
1719 1648 6374
766.5 1162 4528
1409.33 1924 7073
1461.33 1680 6183
1127.5 1482 6051
633 1054 3638
1132 2085 6183
1081.5 1260 5352
694 992 3921
512 901 2639


247 358 0
415 314 498
405 338 915
247 392 999
415 280 0
343 377 849
405 305 0
356 361 875
283 382 524
367 625 1698
626 467 1347
370 526 1373
350 371 890
527 491 1848
283 343 0
353 366 699
373.667 511 1348
427.667 794 2222
375.667 521 1523
507.333 640 2372
377.667 502 1022
673.5 599 2804
725 418 1765
390.667 497 1439
465 638 1914
617 487 1764
378.667 484 1414
396 882 2464
540 491 1914
363.667 537 1223
300.333 819 2098
343.333 557 1399
450.667 789 2438
313 623 1574
541 856 2764
396 921 2988
505 993 3288
380.5 500 1889
434 686 2223
476.667 1162 3463
436 696 2398
300.333 780 1574
391 909 2398
430.333 701 2248
356 334 0
408 895 2489
511.667 650 2438
660.5 599 2738
504 644 2347
429 821 2573
364 651 1889
605.5 667 2764
526.833 1201 3987
442 909 2698
393 919 2573
326 711 1699
617 472 1197
547.167 629 2413
637.5 752 3237
393 958 3097
253 731 1348
524.667 1077 3946
644 469 1805
572 825 3313
424 712 2098
401 749 2072
518 937 3288
387.333 963 2947
552.667 875 2896
451 672 2314
451.5 810 2464
348.667 833 2238
409 1009 3113
640 467 1413
345.667 870 2347
438 677 1897
567.667 815 3247
439 659 2289
692.667 1118 4203
607.5 804 3288
360.667 846 2263
391 948 2922
697.333 988 3946
511.667 611 1914
826.5 808 3463
572 786 2789
340 875 2197
421 1022 3138
313.333 907 2223
433.667 804 2347
438.667 777 2413
412.333 854 2289
529 1048 3488
609 788 2804
430 819 2372
496 1060 3511
835.167 1106 4902
381 940 2464
408 934 3013
481.667 999 3262
614.833 1327 4485
479 1074 3420
388.333 945 2596
475.333 1089 3445
481 1084 3595
484 1047 3486
524.667 1038 3422
679 441 1574
617 1213 4510
387.333 924 2423
563.667 859 2922
1020.5 1001 4503
406 1046 3222
705.5 933 4203
422.333 835 2398
652.5 1192 4485
843.5 1023 4312
477.333 989 3196
1257 1335 5876
537.667 1165 4071
645.167 719 2804
560 874 2947
521.333 1081 3921
612.667 1203 4444
548.5 675 2713
530 950 3313
609.333 1207 4419
539.833 1289 4112
500.5 733 2588
686.167 983 3786
455.333 1280 3837
562 919 3204
567.667 776 2723
500 888 2614
562.5 929 3463
395 939 2596
690.667 1075 4162
750.5 1321 5400
564.333 819 3222
360.667 807 1739
521.333 1042 3397
348.667 794 1714
556 917 3046
633 1054 3638
622.167 897 3328
794.5 838 3628
694 992 3921
495 954 3072
625.333 1087 4071
512 940 3163
404.333 825 2248
898 598 2464
668.5 1072 4137
856.5 1024 4378
650.5 1055 3961
641 1122 4203
642.667 925 3638
645.167 758 3328
533 827 2723
500 927 3138
633 1093 4162
697.833 927 4112
497 964 3247
705.5 894 3679
529 1087 4012
504 845 2713
575.5 1017 3588
1003.5 977 4261
899.5 762 3679
701.167 923 4137
1068.5 1172 5227
766.5 1201 5052
875.5 760 3588
689.5 1025 3936
564.5 1066 3987
542 1175 4137
701.167 884 3613
885.5 748 3653
615.167 1107 4152
1108.5 914 4437
998.5 1020 4503
599.667 1187 4337
1201 1814 7073
1096.5 898 4287
610.833 1097 4086
1111.5 910 4528
577.5 1154 4112
640.833 748 3262
1065.5 1176 5136
662.5 1195 4902
832.5 1022 4287
658.167 1146 4312
943 547 2072
559.333 913 3071
827.5 1100 4811
692.833 1021 3961
518 898 2764
368.333 1136 2988
1290.5 1325 6051
887.833 1072 5052
675.5 1283 5027
582.333 750 2763
530 911 2789
1052.5 958 4378
766.5 1162 4528
742.833 1315 5309
662.5 1156 4378
1342.5 1062 5202
1200 1830 7073
802.5 1409 5726
654.833 1189 4811
654.833 1150 4287
960.5 1030 4528
733.167 1295 5227
1333.5 1063 5352
1113 1688 6575
1228.5 1126 5176
715.833 858 3653
776.167 1033 4528
1362.83 1690 7073
767.833 1131 4352
827.5 897 4177
1214 1597 6575
1017.5 1245 5751
1232.5 1149 5352
770.5 823 3412
1189.5 1411 6051
943.5 1278 5136
758.833 1195 4961
1006.5 978 4477
1445.83 1230 5876
857.833 1422 5876
697.167 1031 4027
697.833 888 3588
936.5 1028 4437
1157.5 1166 5136
844.833 1334 5751
932.833 1460 6249
1283.5 1110 5227
830.833 1096 4836
781.5 829 3562
746.167 1311 5334
1554.5 1201 6051
820.833 1187 5027
1329.5 1052 5136
977.5 1263 5202
986.5 1016 4437


415 314 498
405 305 0
350 371 890
343 377 849
247 392 999
353 366 699
283 382 524
247 358 0
356 334 0
356 361 875
405 338 915
370 526 1373
283 343 0
640.833 748 3262
540 491 1914
511.667 650 2438
429 821 2573
626 467 1347
660.5 599 2738
253 731 1348
343.333 557 1399
433.667 804 2347
373.667 511 1348
363.667 537 1223
364 651 1889
541 856 2764
640 467 1413
348.667 794 1714
415 280 0
401 749 2072
500.5 733 2588
465 638 1914
527 491 1848
380.5 500 1889
547.167 629 2413
605.5 667 2764
377.667 502 1022
390.667 497 1439
442 909 2698
804.5 843 3653
617 472 1197
313 623 1574
375.667 521 1523
725 418 1765
610.833 1097 4086
1508.5 1333 5876
345.667 870 2347
367 625 1698
427.667 794 2222
511.667 611 1914
451 672 2314
1009.5 1021 4528
436 696 2398
326 711 1699
998.5 1020 4503
348.667 833 2238
381 940 2464
564.333 819 3222
360.667 846 2263
507.333 640 2372
673.5 599 2804
607.5 804 3288
575.5 1017 3588
645.167 758 3328
562.5 929 3463
701.167 923 4137
637.5 752 3237
645.167 719 2804
617 487 1764
300.333 780 1574
438.667 777 2413
439 659 2289
340 875 2197
430 819 2372
564.5 1066 3987
644 469 1805
313.333 907 2223
393 958 3097
856.5 1024 4378
827.5 897 4177
622.167 897 3328
393 919 2573
477.333 989 3196
378.667 484 1414
504 644 2347
658.167 1185 4836
524.667 1038 3422
816 1617 5227
412.333 854 2289
650.5 1055 3961
824.167 1183 5052
450.667 789 2438
300.333 819 2098
794.5 838 3628
1053.5 2118 6249
434 686 2223
679 441 1574
388.333 945 2596
430.333 701 2248
898 598 2464
438 677 1897
826.5 808 3463
885.5 748 3653
518 898 2764
396 882 2464
422.333 835 2398
702.5 1143 4287
387.333 924 2423
1006.5 987 4477
530 911 2789
705.5 933 4203
843.5 1023 4312
577.5 1154 4112
1231.5 1174 5352
567.667 815 3247
1225 981 4477
368.333 1136 2988
692.833 1021 3961
701.167 884 3613
1030.5 1006 4528
686.167 983 3786
530 950 3313
559.333 913 3071
658.167 1146 4312
654.833 1150 4287
671.167 1273 4961
749.5 1702 4986
582.333 750 2763
360.667 807 1739
572 825 3313
408 895 2489
524.667 1077 3946
943 547 2072
518 937 3288
567.667 776 2723
1162 724 2962
368.333 1097 2464
552.667 875 2896
1192.5 853 3961
715.833 858 3653
560 874 2947
1455 1391 6051
1199.5 1185 5136
643.167 1245 4485
391 909 2398
391 948 2922
1059 745 3071
1333.5 1077 4785
875.5 760 3588
770.5 823 3412
899.5 762 3679
983.5 1237 5136
1052.5 958 4378
880.167 1447 5334
697.333 988 3946
424 712 2098
690.667 1075 4162
409 1009 3113
387.333 963 2947
940.5 1076 4528
1102.5 1274 5352
1537 1108 4975
1384 1843 6575
1193.5 2342 7073
396 921 2988
563.667 859 2922
481 1084 3595
1301 2290 7073
918.5 1897 5751
938 1660 5876
666.5 935 3613
1377.5 2204 7073
562 919 3204
406 1046 3222
1108.5 914 4437
533 827 2723
451.5 810 2464
1062.5 1305 5227
505 993 3288
395 939 2596
1469 2147 7073
404.333 825 2248
830.833 1096 4836
652.5 1192 4485
484 1047 3486
408 934 3013
1360 1523 6051
521.333 1042 3397
461 1255 3288
1257 1604 6051
926.167 1685 5700
537.667 1165 4071
697.833 927 4112
1220.83 1081 4961
1142.67 1773 6249
697.167 1031 4027
1200 1853 6575
421 1022 3138
1411 1799 6549
628 1253 4203
459 1265 3812
827.5 1100 4811
1227.5 1138 5176
859 1803 5685
1777 1613 6575
1618 2021 7073
1439 2158 7073
479 1074 3420
1671 1594 6549
1654 1628 6575
529 1048 3488
1058 1884 6575
1003.5 977 4261
668.5 1072 4137
1445 1634 6575
1410.5 1831 6575
877.167 1428 5227
1309 944 4528
1080.5 1276 5176
1039 1766 6051
495 954 3072
521.333 1081 3921
1097.83 1178 4961
1206.67 1608 6051
500 927 3138
1216 1781 6374
932.167 1535 5660
609 788 2804
694 992 3921
1140.67 1413 5751
1276 1534 6051
1086.5 1612 6051
1551 2062 7073
497 964 3247
542 1175 4137
476.667 1162 3463
529 1087 4012
939.5 1467 5751
1131 1470 5876
1609 2026 7073
512 940 3163
641 1208 4162
1088.5 1189 5227
621 1298 4419
656.167 1333 4610
461 1275 3987
526.833 1201 3987
933 1654 5751
1286 1360 5876
1730 1913 7073
1033.5 1329 5352
481.667 999 3262
803.667 1376 5052
615.167 1107 4152
1531 1115 5227
886.833 1042 4437
625.333 1087 4071
810.5 1179 4528
1388 1474 6051
1450.5 1349 5499
937.5 1330 5227
633 1054 3638
500 888 2614
564.333 780 2698
863.5 1463 5227
662.5 1156 4378
1457.5 1308 5700
1672 1339 6051
879.5 1170 4876
512 901 2639
832.5 1022 4287
1749 1891 7073
1252.5 1168 5352
697.833 888 3588
1414 1590 6374
917 1641 5685
944.5 1150 4876
1228.5 1126 5176


415 280 0
356 361 875
405 305 0
247 358 0
350 371 890
353 366 699
283 382 524
247 392 999
283 343 0
405 338 915
343 377 849
415 314 498
378.667 484 1414
363.667 537 1223
429 821 2573
356 334 0
673.5 599 2804
626 467 1347
375.667 521 1523
725 418 1765
885.5 748 3653
660.5 599 2738
540 491 1914
345.667 870 2347
511.667 611 1914
340 875 2197
450.667 789 2438
427.667 794 2222
253 731 1348
313 623 1574
367 625 1698
343.333 557 1399
373.667 511 1348
640 467 1413
617 472 1197
562.5 929 3463
481.667 999 3262
527 491 1848
533 827 2723
541 856 2764
377.667 502 1022
504 644 2347
396 921 2988
804.5 843 3653
348.667 833 2238
559 956 3313
401 749 2072
360.667 846 2263
370 526 1373
609 788 2804
617 487 1764
511.667 650 2438
524.667 1038 3422
644 469 1805
348.667 794 1714
637.5 752 3237
679 441 1574
436 696 2398
504 845 2713
524.667 1077 3946
826.5 808 3463
507.333 640 2372
477.333 989 3196
381 940 2464
434 686 2223
465 638 1914
559.333 913 3071
442 909 2698
547.167 629 2413
360.667 807 1739
393 919 2573
364 651 1889
567.667 815 3247
898 598 2464
564.333 819 3222
380.5 500 1889
300.333 780 1574
390.667 497 1439
548.5 675 2713
567.667 776 2723
430 819 2372
692.833 1021 3961
393 958 3097
430.333 701 2248
326 711 1699
1162 724 2962
622.167 897 3328
451.5 810 2464
690.667 1075 4162
451 672 2314
1227.5 1142 5136
575.5 1017 3588
406 1046 3222
732.667 1588 5660
697.333 988 3946
572 825 3313
943 547 2072
1096.5 898 4287
610.833 1097 4086
439 659 2289
537.667 1165 4071
500.5 733 2588
438 677 1897
781.5 829 3562
313.333 907 2223
438.667 777 2413
505 993 3288
1059 745 3071
461 1275 3987
605.5 667 2764
412.333 854 2289
577.5 1154 4112
552.667 875 2896
694 992 3921
368.333 1136 2988
521.333 1081 3921
899.5 762 3679
408 895 2489
396 882 2464
409 1009 3113
300.333 819 2098
875.5 760 3588
612.667 1203 4444
421 1022 3138
562 919 3204
642.667 925 3638
702.5 1143 4287
832.5 1022 4287
856.5 1024 4378
686.167 983 3786
387.333 924 2423
408 934 3013
607.5 804 3288
542 1175 4137
529 1048 3488
387.333 963 2947
521.333 1042 3397
1192.5 853 3961
556 917 3046
645.167 719 2804
404.333 825 2248
640.833 748 3262
697.833 927 4112
843.5 1023 4312
645.167 758 3328
368.333 1097 2464
391 909 2398
582.333 750 2763
529 1087 4012
689.5 1025 3936
794.5 838 3628
701.167 884 3613
563.667 859 2922
560 874 2947
564.5 1066 3987
572 786 2789
388.333 945 2596
1052.5 958 4378
433.667 804 2347
715.833 858 3653
615.167 1107 4152
641 1122 4203
701.167 923 4137
391 948 2922
705.5 933 4203
500 927 3138
1230 1364 5876
1108.5 914 4437
668.5 1072 4137
497 964 3247
633 1093 4162
650.5 1055 3961
495 954 3072
1020.5 1001 4503
395 939 2596
476.667 1162 3463
526.833 1201 3987
697.167 1031 4027
592.667 1394 4836
512 940 3163
1065.5 1176 5136
599.667 1187 4337
658.167 1146 4312
1329.5 1052 5136
476 1251 3903
705.5 894 3679
1252.5 1168 5352
652.5 1192 4485
983.5 1237 5136
658.167 1185 4836
484 1047 3486
671.167 1273 4961
1333.5 1063 5352
481 1084 3595
614.833 1327 4485
539.833 1289 4112
625.333 1087 4071
475.333 1089 3445
987.5 1268 5227
830.833 1096 4836
827.5 1100 4811
758.833 1195 4961
820.833 1187 5027
1009.5 1021 4528
824.167 1183 5052
597 1404 4902
592.667 1355 4312
1467.5 1309 5850
589.333 1359 4287
597 1365 4378
662.5 1156 4378
461 1236 3463
835.167 1106 4902
455.333 1280 3837
459 1226 3288
779.333 1543 5751
1208.5 1386 6051
609.333 1207 4419
463 1256 3486
496 1060 3511
589.333 1398 4811
479 1074 3420
617 1213 4510
1087.5 1523 6051
654.833 1150 4287
827.5 897 4177
943.5 1278 5136
455.333 1241 3313
746.167 1311 5334
1068.5 1172 5227
424 712 2098
654.833 1189 4811
667.667 1504 5227
742.833 1315 5309
733.167 1295 5227
766.5 1201 5052
459 1265 3812
887.833 1072 5052
1312.5 1063 4785
770.5 823 3412
1186.83 1565 6249
675.5 1283 5027
519.667 900 2764
662.5 1195 4902
750.5 1321 5400
500 888 2614
1545.5 1217 5634
1345.5 1469 6575
1936 1441 6549
1016 1802 6575
1554.5 1201 6051
1003.5 977 4261
986.833 1567 6249
844.833 1334 5751
1473.5 1306 6051
766.5 1162 4528
1228.5 1126 5176
633 1054 3638
1421.5 1410 6249
697.833 888 3588
960.5 1030 4528
1189.5 1442 6051
1290.5 1325 6051
758.833 1156 4437
996.5 1238 5202
1265.83 1469 6158
954.333 1320 5352
1278.83 1479 6224
1017.5 1245 5751
776.167 1033 4528
1127.5 1482 6051
1111.5 910 4528
1335.5 1698 6575
1342.5 1062 5202
760.5 854 3562
857.833 1422 5876
1006.5 978 4477
1388.83 1730 7073


353 366 699
405 338 915
405 305 0
364 651 1889
644 469 1805
356 334 0
415 314 498
350 371 890
247 358 0
283 382 524
247 392 999
356 361 875
367 625 1698
511.667 611 1914
283 343 0
540 491 1914
415 280 0
343 377 849
373.667 511 1348
313 623 1574
640 467 1413
380.5 500 1889
617 472 1197
375.667 521 1523
500.5 733 2588
622.167 897 3328
679 441 1574
673.5 599 2804
527 491 1848
451.5 810 2464
617 487 1764
390.667 497 1439
377.667 502 1022
378.667 484 1414
465 638 1914
626 467 1347
725 418 1765
899.5 762 3679
429 821 2573
450.667 789 2438
507.333 640 2372
562.5 929 3463
504 845 2713
609 788 2804
401 749 2072
541 856 2764
547.167 629 2413
511.667 650 2438
595 784 2738
504 644 2347
363.667 537 1223
412.333 854 2289
533 827 2723
436 696 2398
313.333 907 2223
442 909 2698
326 711 1699
567.667 815 3247
439 659 2289
343.333 557 1399
370 526 1373
660.5 599 2738
404.333 825 2248
567.667 776 2723
640.833 748 3262
781.5 829 3562
406 1046 3222
572 825 3313
253 731 1348
542 1175 4137
388.333 945 2596
539.833 1289 4112
438 677 1897
505 993 3288
690.667 1075 4162
1003.5 977 4261
642.667 925 3638
804.5 843 3653
345.667 870 2347
537.667 1165 4071
481.667 999 3262
701.167 923 4137
1006.5 978 4477
607.5 804 3288
360.667 846 2263
832.5 1022 4287
885.5 748 3653
430.333 701 2248
409 1009 3113
577.5 1154 4112
641 1122 4203
633 1093 4162
960.5 1030 4528
348.667 833 2238
760.5 854 3562
519.667 900 2764
697.833 888 3588
348.667 794 1714
477.333 989 3196
575.5 1017 3588
770.5 823 3412
360.667 807 1739
564.5 1066 3987
421 1022 3138
916.5 1453 5660
564.333 819 3222
668.5 1072 4137
495 954 3072
645.167 719 2804
391 948 2922
985.5 1525 5751
945.167 1536 5726
434 686 2223
481 1084 3595
451 672 2314
726.5 883 3503
497 964 3247
300.333 819 2098
827.5 897 4177
1030.5 1006 4528
652.5 1192 4485
340 875 2197
977.5 1263 5202
826.5 808 3463
1179.17 1472 5876
943 547 2072
529 1087 4012
610.833 1097 4086
1052.5 958 4378
438.667 777 2413
856.5 1024 4378
605.5 667 2764
637.5 752 3237
408 934 3013
562 919 3204
645.167 758 3328
500 927 3138
521.333 1081 3921
422.333 835 2398
617 1213 4510
393 958 3097
1210.5 1169 5352
396 921 2988
479 1074 3420
875.5 760 3588
650.5 1055 3961
614.833 1327 4485
609.333 1207 4419
484 1047 3486
612.667 1203 4444
496 1060 3511
898 598 2464
395 939 2596
625.333 1087 4071
701.167 884 3613
705.5 933 4203
512 940 3163
996.5 1238 5202
1030.17 1558 5876
615.167 1107 4152
1096.5 898 4287
524.667 1077 3946
548.5 675 2713
475.333 1089 3445
654.833 1189 4811
387.333 963 2947
300.333 780 1574
427.667 794 2222
526.833 1201 3987
750.5 1321 5400
766.5 1201 5052
1182.5 1192 5352
1081.5 1260 5352
368.333 1136 2988
381 940 2464
500 888 2614
559.333 913 3071
424 712 2098
662.5 1195 4902
396 882 2464
524.667 1038 3422
393 919 2573
1111.5 910 4528
633 1054 3638
529 1048 3488
408 895 2489
1342.5 1062 5202
430 819 2372
758.833 1195 4961
808 1890 5726
702.5 1143 4287
697.833 927 4112
887.833 1072 5052
521.333 1042 3397
556 917 3046
662.5 1156 4378
697.167 1031 4027
905.333 1547 5685
697.333 988 3946
476.667 1162 3463
675.5 1283 5027
1228.5 1126 5176
689.5 1025 3936
387.333 924 2423
391 909 2398
692.833 1021 3961
560 874 2947
563.667 859 2922
572 786 2789
1282.17 1361 5876
1422.17 1604 6575
705.5 894 3679
1554.5 1201 6051
1011.5 1450 5660
1333.5 1063 5352
1473.5 1306 6051
983.5 1237 5136
658.167 1146 4312
835.167 1106 4902
455.333 1280 3837
1400.17 1610 6575
1329.5 1052 5136
1043.83 1734 6575
671.167 1273 4961
907.5 1671 5726
1431.5 1307 6051
459 1265 3812
433.667 804 2347
776.167 1033 4528
732.667 1588 5660
1156.5 1298 5725
827.5 1100 4811
654.833 1150 4287
1119 1561 6224
1363.5 1264 5726
987.5 1268 5227
694 992 3921
1072.17 1386 5751
1176.83 1560 6224
476 1251 3903
1157.5 1166 5136
758.833 1156 4437
766.5 1162 4528
794.5 838 3628
455.333 1241 3313
1065.5 1389 5700
1087.5 1523 6051
1063.5 1179 5136
843.833 1304 5136
824.167 1183 5052
1277.5 1537 6549
368.333 1097 2464
658.167 1185 4836
1186.83 1565 6249
936.167 1566 5751
843.5 1023 4312
954.333 1320 5352
461 1275 3987
1153.5 1302 5634
1232.5 1149 5352
820.833 1187 5027
1283.5 1110 5227
746.167 1311 5334
1068.5 1172 5227
830.833 1096 4836
1127.5 1482 6051
608.167 1390 4287
898.5 1701 5751
1378.5 1451 6549
1290.5 1325 6051
518 937 3288
978.167 1576 6249
742.833 1315 5309
1404.5 1815 7073
1065.5 1176 5136
1208.5 1386 6051
970.5 1570 6158
1017.17 1470 5751
943.5 1278 5136
1189.5 1411 6051
936.5 1028 4437
1031.5 1404 5634
1545.5 1217 5634
592.667 1394 4836
1108.5 914 4437
1312.5 1063 4785
530 950 3313
1409.83 1714 7073
1278.83 1479 6224
1265.83 1469 6158
1155.5 1704 6575
1020.5 1001 4503
1350.5 1254 5660


283 343 0
626 467 1347
415 280 0
363.667 537 1223
405 338 915
283 382 524
405 305 0
415 314 498
660.5 599 2738
350 371 890
343 377 849
353 366 699
438.667 777 2413
465 638 1914
300.333 780 1574
348.667 833 2238
540 491 1914
356 334 0
247 358 0
253 731 1348
527 491 1848
364 651 1889
313 623 1574
1371 1325 5634
356 361 875
390.667 497 1439
429 821 2573
370 526 1373
644 469 1805
375.667 521 1523
343.333 557 1399
367 625 1698
943 547 2072
378.667 484 1414
436 696 2398
373.667 511 1348
679 441 1574
567.667 776 2723
326 711 1699
563.667 859 2922
673.5 599 2804
504 845 2713
391 948 2922
794.5 838 3628
345.667 870 2347
640 467 1413
504 644 2347
567.667 815 3247
424 712 2098
380.5 500 1889
434 686 2223
507.333 640 2372
439 659 2289
313.333 907 2223
1309 944 4528
1279 1093 4810
1401 1176 5352
530 950 3313
412.333 854 2289
401 749 2072
725 418 1765
885.5 748 3653
247 392 999
300.333 819 2098
477.333 989 3196
505 993 3288
1162 724 2962
1535 1413 5850
541 856 2764
898 598 2464
1018 1212 4986
500.5 733 2588
451.5 810 2464
547.167 629 2413
1059 745 3071
617 472 1197
533 827 2723
1299 1282 5352
340 875 2197
690.667 1075 4162
430.333 701 2248
613.333 1261 4162
404.333 825 2248
511.667 611 1914
442 909 2698
387.333 963 2947
699 914 3397
595 784 2738
518 898 2764
564.333 819 3222
1192.5 853 3961
475.333 1089 3445
804.5 843 3653
422.333 835 2398
381 940 2464
455.333 1280 3837
1424 1307 5725
607.5 804 3288
511.667 650 2438
1121.5 924 4503
451 672 2314
617 487 1764
562.5 929 3463
406 1046 3222
518 937 3288
1350 1249 5352
430 819 2372
560 874 2947
393 958 3097
409 1009 3113
575.5 1017 3588
433.667 804 2347
396 921 2988
524.667 1077 3946
694 992 3921
1023 1185 5052
622 1219 4203
572 825 3313
936.5 1028 4437
360.667 807 1739
1247.5 1144 5176
637.5 752 3237
770.5 823 3412
940.5 1076 4528
388.333 945 2596
793.5 1086 4312
530 911 2789
921 1291 5052
348.667 794 1714
899.5 762 3679
807.5 1095 4378
377.667 502 1022
988 1361 5268
360.667 846 2263
610.833 1097 4086
450.667 789 2438
1030.5 1006 4528
810.5 1179 4528
459 1265 3812
552.667 875 2896
564.5 1066 3987
701.167 884 3613
495 954 3072
484 1047 3486
500 927 3138
760.5 854 3562
605.5 667 2764
622.167 897 3328
650.5 1055 3961
497 964 3247
438 677 1897
1482 1124 5227
701.167 923 4137
645.167 719 2804
697.833 927 4112
832.5 1022 4287
699 1498 4986
479 1074 3420
1001.5 980 4261
396 882 2464
615.333 1303 4269
608.333 1369 4162
391 909 2398
998.5 1020 4503
826.5 808 3463
524.667 1038 3422
704 1471 5052
387.333 924 2423
1216.5 1154 4759
758.833 1195 4961
658.167 1185 4836
548.5 675 2713
393 919 2573
686.167 983 3786
395 939 2596
641 1122 4203
668.5 1072 4137
640.833 748 3262
625.333 1087 4071
615.167 1107 4152
1087.5 1181 5227
408 895 2489
1545 1547 6549
526.833 1201 3987
960.5 1030 4528
529 1087 4012
993 1334 5334
512 940 3163
1436 1436 6051
869.5 1112 4503
1849 1535 6549
521.333 1081 3921
577.5 1154 4112
1773 1266 5634
697.333 988 3946
645.167 758 3328
368.333 1136 2988
1015.5 989 4327
624 1261 4310
1311.67 1736 6575
633 1093 4162
562 919 3204
1157.5 1166 5136
1403 1357 5725
1316.5 1084 4876
1329 1264 5352
1280 1309 5352
500 888 2614
408 934 3013
481.667 999 3262
421 1022 3138
1138.67 1547 5876
826 1649 5685
521.333 1042 3397
1415 1486 6051
856.5 1024 4378
559.333 913 3071
1002 1573 5876
537.667 1165 4071
368.333 1097 2464
872.333 1452 5268
529 1048 3488
849.5 1167 4503
609 788 2804
692.833 1021 3961
779.667 1414 5027
427.667 794 2222
776 1429 5052
1524 1562 6549
1503 1612 6549
1006.5 1018 4477
705.5 933 4203
1516 1566 6549
572 786 2789
1054 1179 4785
1321 1268 5352
1167.67 1515 6249
654.833 1150 4287
1549.67 1275 5400
1089 1717 6051
1093 1589 6158
813.667 1358 5027
1396.67 2011 7073
1253.5 1121 4810
1079.67 1389 5751
802.667 1373 5052
1144 1424 5876
1427 1443 6051
705.5 894 3679
692.667 1118 4203
642.667 925 3638
972.667 1217 5052
1061.5 1346 5352
990 1567 5660
1005 1463 5660
1616.67 1513 6224
476.667 1162 3463
633 1054 3638
1005 1347 5359
1312.5 1063 4785
881 1410 5309
654.833 1189 4811
476 1251 3903
1065.33 1849 6051
1142.67 1641 6224
481 1084 3595
1206 1162 5027
662.5 1195 4902
887.667 1416 5400
1154.67 1868 6249
1367.67 1626 6575
496 1060 3511
977 1614 5726
986.667 1589 5726
621 1298 4419
1128.67 1173 4902
1084.5 1364 5700
798.667 1442 5225
542 1175 4137
1121 1167 4811
931 1289 4986
1063.5 1179 5136
850.333 1314 5202
1558 1343 6051
1017 1476 5685
1641.67 1508 6224
1019.5 1244 5227
1527.67 1928 7073
1451 1171 5352
1789 1889 7073
726.5 883 3503


247 358 0
283 382 524
373.667 511 1348
343 377 849
375.667 521 1523
356 361 875
405 305 0
405 338 915
617 472 1197
725 418 1765
353 366 699
415 314 498
283 343 0
380.5 500 1889
617 487 1764
438.667 777 2413
364 651 1889
415 280 0
500.5 733 2588
350 371 890
540 491 1914
504 644 2347
390.667 497 1439
644 469 1805
370 526 1373
378.667 484 1414
465 638 1914
547.167 629 2413
943.5 1278 5136
247 392 999
343.333 557 1399
673.5 599 2804
253 731 1348
356 334 0
504 845 2713
533 827 2723
367 625 1698
438 677 1897
450.667 789 2438
679 441 1574
313 623 1574
430 819 2372
436 696 2398
527 491 1848
433.667 804 2347
885.5 748 3653
340 875 2197
430.333 701 2248
348.667 794 1714
439 659 2289
898 598 2464
300.333 819 2098
804.5 843 3653
760.5 854 3562
377.667 502 1022
348.667 833 2238
429 821 2573
518 937 3288
607.5 804 3288
434 686 2223
807.5 1095 4378
363.667 537 1223
562 919 3204
412.333 854 2289
427.667 794 2222
560 874 2947
401 749 2072
396 921 2988
541 856 2764
704 1471 5052
451.5 810 2464
507.333 640 2372
826.5 808 3463
640.833 748 3262
451 672 2314
511.667 650 2438
345.667 870 2347
605.5 667 2764
422.333 835 2398
477.333 989 3196
645.167 758 3328
626 467 1347
572 825 3313
404.333 825 2248
793.5 1086 4312
409 1009 3113
660.5 599 2738
406 1046 3222
575.5 1017 3588
1232.5 1149 5352
548.5 675 2713
1006.5 987 4477
393 958 3097
562.5 929 3463
300.333 780 1574
442 909 2698
559.333 913 3071
500 927 3138
313.333 907 2223
567.667 815 3247
326 711 1699
1108.5 914 4437
960.5 1030 4528
564.333 819 3222
705.5 933 4203
388.333 945 2596
360.667 846 2263
843.5 1023 4312
564.5 1066 3987
1162 724 2962
943 547 2072
387.333 963 2947
1059 745 3071
622.167 897 3328
640 467 1413
577.5 1154 4112
650.5 1055 3961
832.5 1022 4287
1192.5 853 3961
899.5 762 3679
511.667 611 1914
524.667 1077 3946
500 888 2614
530 950 3313
637.5 752 3237
360.667 807 1739
645.167 719 2804
668.5 1072 4137
856.5 1024 4378
701.167 884 3613
781.5 829 3562
701.167 923 4137
381 940 2464
391 948 2922
396 882 2464
552.667 875 2896
481.667 999 3262
702.5 1143 4287
542 1175 4137
497 964 3247
686.167 983 3786
475.333 1089 3445
610.833 1097 4086
615.167 1107 4152
810.5 1179 4528
642.667 925 3638
567.667 776 2723
1061.5 1306 5352
884 1137 4861
1063.5 1179 5136
697.833 927 4112
770.5 823 3412
689.5 1025 3936
395 939 2596
936.5 1028 4437
1065.5 1176 5136
1031.5 1404 5634
391 909 2398
393 919 2573
654.833 1189 4811
1312.5 1063 4785
986.5 1016 4437
1210.5 1169 5352
481 1084 3595
556 917 3046
1546 1526 6549
529 1087 4012
652.5 1192 4485
794.5 838 3628
1096.5 898 4287
408 934 3013
633 1093 4162
1032.83 1336 5876
529 1048 3488
692.833 1021 3961
758.833 1195 4961
599.667 1187 4337
495 954 3072
408 895 2489
512 940 3163
484 1047 3486
609 788 2804
524.667 1038 3422
387.333 924 2423
1009.5 1021 4528
1080.5 1272 5352
421 1022 3138
563.667 859 2922
633 1054 3638
983.5 1237 5136
612.667 1203 4444
1142.5 1611 6575
572 786 2789
582.333 750 2763
697.333 988 3946
476.667 1162 3463
697.833 888 3588
715.833 858 3653
875.5 760 3588
697.167 1031 4027
654.833 1150 4287
746.167 1311 5334
799.333 1352 5359
1227.5 1138 5176
705.5 894 3679
526.833 1201 3987
658.167 1185 4836
827.5 1100 4811
625.333 1087 4071
1020.5 1001 4503
521.333 1042 3397
886.833 1042 4437
539.833 1289 4112
1585.83 1477 6575
694 992 3921
1329.5 1052 5136
671.167 1273 4961
1545.5 1217 5634
658.167 1146 4312
424 712 2098
617 1213 4510
476 1251 3903
1352.83 1323 5726
614.833 1327 4485
758.833 1156 4437
1188.5 1444 6051
479 1074 3420
521.333 1081 3921
830.833 1096 4836
662.5 1195 4902
824.167 1183 5052
1364.83 1335 5876
987.5 1268 5227
1580.5 1578 6575
1445.83 1230 5876
879.5 1170 4876
662.5 1156 4378
1030.5 1006 4528
609.333 1207 4419
820.833 1187 5027
996.5 1238 5202
537.667 1165 4071
496 1060 3511
1081.5 1260 5352
766.5 1201 5052
1041.83 1310 5459
977.5 1263 5202
742.833 1315 5309
690.667 1075 4162
1289.5 1337 6051
519.667 900 2764
1052.5 958 4378
887.833 1072 5052
1324.83 1333 5726
1019.5 1244 5227
1068.5 1172 5227
1003.5 977 4261
1388.83 1730 7073
1558.5 1227 5700
1156.5 1298 5725
1342.5 1062 5202
932.833 1460 6249
1182.5 1192 5352
857.833 1422 5876
1189.5 1411 6051
733.167 1295 5227
1277.5 1568 6549
1111.5 910 4528
675.5 1283 5027


356 334 0
350 371 890
353 366 699
415 314 498
343 377 849
415 280 0
375.667 521 1523
283 382 524
356 361 875
405 338 915
405 305 0
527 491 1848
725 418 1765
1458 1914 6549
373.667 511 1348
283 343 0
547.167 629 2413
253 731 1348
247 392 999
378.667 484 1414
313 623 1574
364 651 1889
605.5 667 2764
247 358 0
540 491 1914
562.5 929 3463
617 487 1764
377.667 502 1022
343.333 557 1399
626 467 1347
367 625 1698
438.667 777 2413
401 749 2072
567.667 815 3247
438 677 1897
617 472 1197
348.667 833 2238
507.333 640 2372
340 875 2197
370 526 1373
607.5 804 3288
360.667 846 2263
363.667 537 1223
500.5 733 2588
451 672 2314
511.667 650 2438
390.667 497 1439
429 821 2573
644 469 1805
673.5 599 2804
660.5 599 2738
541 856 2764
424 712 2098
465 638 1914
1108.5 914 4437
533 827 2723
794.5 839 3628
692.833 1021 3961
781.5 829 3562
439 659 2289
1006.5 978 4477
885.5 748 3653
436 696 2398
645.167 758 3328
640.833 748 3262
345.667 870 2347
380.5 500 1889
348.667 794 1714
421 1022 3138
504 644 2347
430 819 2372
701.167 884 3613
1219.5 1158 5202
360.667 807 1739
640 467 1413
434 686 2223
567.667 776 2723
637.5 752 3237
313.333 907 2223
697.833 927 4112
430.333 701 2248
575.5 1017 3588
572 825 3313
326 711 1699
450.667 789 2438
433.667 804 2347
679 441 1574
650.5 1055 3961
442 909 2698
481.667 999 3262
422.333 835 2398
564.333 819 3222
412.333 854 2289
826.5 808 3463
406 1046 3222
1542 1814 6374
404.333 825 2248
500 927 3138
697.833 888 3588
559.333 913 3071
615.167 1107 4152
668.5 1072 4137
477.333 989 3196
481 1084 3595
804.5 843 3653
701.167 923 4137
497 964 3247
505 993 3288
511.667 611 1914
645.167 719 2804
898 598 2464
943 547 2072
948.5 1306 5202
622.167 897 3328
512 940 3163
633 1054 3638
610.833 1097 4086
879.5 1170 4876
1052.5 958 4378
705.5 933 4203
1301 1743 6249
500 888 2614
936.5 1028 4437
827.5 897 4177
625.333 1087 4071
577.5 1154 4112
766.5 1201 5052
1162 724 2962
542 1175 4137
1009.5 1021 4528
409 1009 3113
1019.83 1602 6158
393 958 3097
1333.5 1063 5352
300.333 819 2098
633 1093 4162
843.5 1023 4312
715.833 858 3653
1081.5 1260 5352
609 788 2804
1059 745 3071
694 992 3921
300.333 780 1574
875.5 760 3588
1192.5 853 3961
1569 1773 6374
758.833 1195 4961
572 786 2789
1030.5 1006 4528
563.667 859 2922
697.167 1031 4027
1063.5 1179 5136
899.5 762 3679
1549.5 1237 5850
560 874 2947
548.5 675 2713
396 921 2988
705.5 894 3679
702.5 1143 4287
391 948 2922
760.5 854 3562
1759 1618 6575
495 954 3072
518 898 2764
641 1122 4203
393 919 2573
671.167 1273 4961
642.667 925 3638
396 882 2464
1312.5 1063 4785
987.5 1268 5227
529 1087 4012
408 895 2489
518 937 3288
387.333 924 2423
530 911 2789
529 1048 3488
521.333 1042 3397
658.167 1146 4312
564.5 1066 3987
844.667 1468 5359
1435.83 1255 5459
1452.5 1312 6051
1219 1403 5700
427.667 794 2222
654.833 1150 4287
686.167 983 3786
689.5 1025 3936
391 909 2398
381 940 2464
1232.5 1149 5352
1449.83 1265 5525
1187.33 1420 5400
1229.5 1400 6051
395 939 2596
408 934 3013
387.333 963 2947
1065.5 1176 5136
556 917 3046
1096.5 898 4287
658.167 1185 4836
552.667 875 2896
654.833 1189 4811
521.333 1081 3921
617 1213 4510
537.667 1165 4071
857.833 1422 5876
830.833 1096 4836
524.667 1077 3946
820.833 1187 5027
582.333 750 2763
530 950 3313
562 919 3204
1280.5 1350 5634
609.333 1207 4419
1019.5 1244 5227
451.5 810 2464
388.333 945 2596
843.833 1304 5136
856.5 1024 4378
524.667 1038 3422
776.167 1033 4528
476.667 1162 3463
479 1074 3420
652.5 1192 4485
824.167 1183 5052
1148.5 1761 6249
496 1060 3511
983.5 1237 5136
1000.5 1356 5352
1198.5 1411 5634
475.333 1089 3445
484 1047 3486
1558.5 1227 5700
1020.5 1001 4503
746.167 1311 5334
662.5 1156 4378
770.5 823 3412
1465.5 1307 5850
675.5 1283 5027
1290.5 1325 6051
960.5 1030 4528
996.5 1238 5202
690.667 1075 4162
827.5 1100 4811
1545.5 1217 5634
526.833 1201 3987
887.833 1072 5052
1127.5 1482 6051
504 845 2713
1068.5 1172 5227
1579.83 1500 6374
1282.17 1361 5876
1329.5 1052 5136
599.667 1187 4337
539.833 1289 4112
1121.5 924 4503
1486 1857 6549
1544.5 1226 5634
1284.5 1346 5725


247 392 999
353 366 699
350 371 890
356 334 0
247 358 0
283 382 524
283 343 0
415 280 0
356 361 875
405 338 915
343 377 849
326 711 1699
409 1009 3113
405 305 0
343.333 557 1399
313 623 1574
540 491 1914
422.333 835 2398
367 625 1698
363.667 537 1223
429 821 2573
390.667 497 1439
415 314 498
617 487 1764
679 441 1574
364 651 1889
373.667 511 1348
541 856 2764
406 1046 3222
527 491 1848
644 469 1805
507.333 640 2372
380.5 500 1889
537.667 1165 4071
253 731 1348
300.333 819 2098
605.5 667 2764
477.333 989 3196
640 467 1413
438 677 1897
725 418 1765
375.667 521 1523
505 993 3288
898 598 2464
434 686 2223
567.667 815 3247
377.667 502 1022
511.667 650 2438
360.667 846 2263
436 696 2398
626 467 1347
345.667 870 2347
340 875 2197
439 659 2289
500.5 733 2588
943 547 2072
504 644 2347
451 672 2314
427.667 794 2222
572 825 3313
348.667 833 2238
559.333 913 3071
617 472 1197
533 827 2723
1948 1729 6374
442 909 2698
424 712 2098
370 526 1373
430.333 701 2248
637.5 752 3237
479.5 1113 3237
465 638 1914
378.667 484 1414
885.5 748 3653
313.333 907 2223
641 1122 4203
451.5 810 2464
562.5 929 3463
412.333 854 2289
673.5 599 2804
401 749 2072
572 786 2789
461 1275 3987
607.5 804 3288
567.667 776 2723
804.5 843 3653
539.833 1289 4112
960.5 1030 4528
300.333 780 1574
360.667 807 1739
671.167 1273 4961
823.333 1261 5052
393 958 3097
625.333 1087 4071
1598 2076 6575
1665 1569 6249
421 1022 3138
404.333 825 2248
564.333 819 3222
1111.5 910 4528
582.333 750 2763
1157 1217 5161
348.667 794 1714
1202 1203 5227
433.667 804 2347
481.667 999 3262
826.5 808 3463
450.667 789 2438
609 788 2804
381 940 2464
497 964 3247
511.667 611 1914
556 917 3046
610.833 1097 4086
936.5 1028 4437
633 1093 4162
1312.33 1122 4986
642.667 925 3638
438.667 777 2413
542 1175 4137
1245 1498 6051
408 934 3013
843.5 1023 4312
396 921 2988
1020.5 1001 4503
832.5 1022 4287
1073.5 1251 5227
660.5 599 2738
526.833 1201 3987
711.333 1226 4861
917 1132 5052
1033 1329 5202
495 954 3072
1247.5 1144 5176
512 940 3163
697.167 1031 4027
1006.5 1018 4477
1023 1345 5227
1337 1173 5352
701.167 923 4137
1400.33 1403 5876
547.167 629 2413
856.5 1024 4378
529 1087 4012
1220.83 1081 4961
1294 1435 6051
1288.67 1644 6249
692.833 1021 3961
500 927 3138
564.5 1066 3987
1065.5 1176 5136
577.5 1154 4112
715.833 858 3653
899.5 762 3679
645.167 758 3328
622.167 897 3328
391 948 2922
668.5 1072 4137
645.167 719 2804
387.333 963 2947
1757 1801 7073
500 888 2614
1418 1121 5227
633 1054 3638
521.333 1081 3921
430 819 2372
794.5 838 3628
705.5 894 3679
497 1138 3463
368.333 1136 2988
689.5 1025 3936
640.833 748 3262
575.5 1017 3588
787.5 1165 4437
724.333 1314 4986
529 1048 3488
697.833 927 4112
395 939 2596
705.5 933 4203
615.167 1107 4152
524.667 1077 3946
393 919 2573
396 882 2464
476.667 1162 3463
387.333 924 2423
599.667 1187 4337
524.667 1038 3422
408 895 2489
519.667 900 2764
512 901 2639
830.833 1096 4836
651.333 1046 3653
1108.5 914 4437
368.333 1097 2464
1749 1917 6374
1620 1583 6183
391 909 2398
1058.5 961 4312
762.333 1355 5227
1664 1577 6249
552.667 875 2896
1449.33 1340 5876
521.333 1042 3397
1048 1301 5136
563.667 859 2922
805.333 1093 4528
1559 1345 6051
1521.5 1303 5550
658.167 1146 4312
686.167 983 3786
697.333 988 3946
560 874 2947
388.333 945 2596
650.5 1055 3961
701.167 884 3613
1245 1343 5659
513.667 1052 3328
564.333 780 2698
1238 1617 6051
697.833 888 3588
1108 1733 6051
1030.5 1006 4528
1147.5 1231 5176
658.167 1185 4836
1081.5 1260 5352
1290 1329 5725
884 1137 4861
857.833 1422 5876
1288 1236 5352
559 956 3313
1027.5 992 4477
690.667 1075 4162
1356 1355 5751
562 919 3204
760.5 854 3562
1059 745 3071
1682 1247 5725
662.5 1156 4378
1192.5 853 3961
824.167 1183 5052
1162 724 2962


