1.428480499e+00 2.000000000e+00 2.000000000e+00 
1.364447377e+00 1.891402715e+00 1.929591404e+00 
1.347722308e+00 1.771040724e+00 1.855506857e+00 
1.306626425e+00 1.773303167e+00 1.813092040e+00 
1.313794311e+00 1.639366516e+00 1.756680334e+00 
1.289901356e+00 1.652941176e+00 1.739007493e+00 
1.287034201e+00 1.658371041e+00 1.714265517e+00 
1.255973358e+00 1.521266968e+00 1.640180970e+00 
1.250716908e+00 1.538914027e+00 1.618973561e+00 
1.229213248e+00 1.540271493e+00 1.597766153e+00 
1.227301812e+00 1.549321267e+00 1.584900325e+00 
1.216788911e+00 1.407239819e+00 1.520147038e+00 
1.200063842e+00 1.404072398e+00 1.514350346e+00 
1.190028801e+00 1.426244344e+00 1.477732221e+00 
1.169480859e+00 1.431221719e+00 1.468400961e+00 
1.132207848e+00 1.439366516e+00 1.428106885e+00 
1.160879395e+00 1.290045249e+00 1.394316415e+00 
1.158967958e+00 1.272850679e+00 1.369574438e+00 
1.154667226e+00 1.298190045e+00 1.354022338e+00 
1.078568162e+00 1.298642534e+00 1.348367030e+00 
1.062679346e+00 1.316289593e+00 1.314293793e+00 
1.111182047e+00 1.162443439e+00 1.264951223e+00 
1.106403455e+00 1.171040724e+00 1.249540506e+00 
1.102580583e+00 1.157918552e+00 1.243743815e+00 
1.059095403e+00 1.195022624e+00 1.240209246e+00 
1.023733829e+00 1.069683258e+00 1.116499364e+00 
