1.031905167e+00 1.027360989e+00 1.058967821e+00 
1.026190809e+00 1.025007355e+00 1.055707969e+00 
1.000000000e+00 1.003040110e+00 1.017977601e+00 
1.000000000e+00 1.000000000e+00 1.000000000e+00 
1.023174897e+00 1.018829067e+00 1.032178937e+00 
1.005714358e+00 1.008139649e+00 1.030597424e+00 
1.027619398e+00 1.021084633e+00 1.034470516e+00 
1.000634929e+00 1.004314995e+00 1.026788884e+00 
1.030794042e+00 1.029126214e+00 1.058709615e+00 
1.022381237e+00 1.024222811e+00 1.055449763e+00 
1.034286150e+00 1.030499166e+00 1.062227673e+00 
1.025714612e+00 1.025791900e+00 1.058419133e+00 
1.021270111e+00 1.021967245e+00 1.046638479e+00 
1.056032458e+00 1.056977542e+00 1.114514411e+00 
1.024762219e+00 1.022359518e+00 1.048575025e+00 
1.038571918e+00 1.035010297e+00 1.077978246e+00 
1.045079938e+00 1.040404040e+00 1.085756705e+00 
1.015397021e+00 1.022849858e+00 1.048478198e+00 
1.036032204e+00 1.036383250e+00 1.085208017e+00 
1.023571728e+00 1.036383250e+00 1.080205274e+00 
1.011322842e+00 1.026968716e+00 1.040957945e+00 
1.008518680e+00 1.020888497e+00 1.032437143e+00 
1.018227692e+00 1.035500637e+00 1.056353484e+00 
1.038413186e+00 1.045699716e+00 1.087435045e+00 
1.055714993e+00 1.046582328e+00 1.092825098e+00 
1.023571728e+00 1.033343140e+00 1.062227673e+00 
1.033016292e+00 1.054427773e+00 1.101894587e+00 
1.056508654e+00 1.046091988e+00 1.091985928e+00 
1.068413567e+00 1.059429244e+00 1.120711358e+00 
1.025238416e+00 1.034618025e+00 1.066455798e+00 
1.023809826e+00 1.054918113e+00 1.105412646e+00 
1.039841776e+00 1.059429244e+00 1.110512216e+00 
1.066191317e+00 1.056291066e+00 1.117451506e+00 
1.049683171e+00 1.044326763e+00 1.090113933e+00 
1.073281407e+00 1.182406590e+00 1.283026176e+00 
1.030635310e+00 1.035990978e+00 1.069425169e+00 
1.061588084e+00 1.073551044e+00 1.144530872e+00 
1.049365706e+00 1.045405511e+00 1.090953103e+00 
1.044286277e+00 1.041973129e+00 1.087144563e+00 
1.056508654e+00 1.053152888e+00 1.113933447e+00 
1.038571918e+00 1.091203295e+00 1.166317013e+00 
1.055873725e+00 1.043934491e+00 1.088726076e+00 
1.060503467e+00 1.182602726e+00 1.272568828e+00 
1.048016483e+00 1.071393547e+00 1.137849789e+00 
1.044762473e+00 1.066294008e+00 1.131943324e+00 
1.046370906e+00 1.136314602e+00 1.219894781e+00 
1.061429351e+00 1.057369815e+00 1.115805442e+00 
1.068969130e+00 1.116602922e+00 1.215828035e+00 
1.047302188e+00 1.058056291e+00 1.112836071e+00 
1.040714803e+00 1.051779935e+00 1.108866152e+00 
1.036190936e+00 1.056781406e+00 1.106994158e+00 
1.029524184e+00 1.068549573e+00 1.135719588e+00 
1.044762473e+00 1.056683338e+00 1.110512216e+00 
1.064921459e+00 1.058742767e+00 1.119323500e+00 
1.070318353e+00 1.061096401e+00 1.122292870e+00 
1.051270492e+00 1.048837893e+00 1.102088242e+00 
1.040159240e+00 1.087476709e+00 1.163057160e+00 
1.046720117e+00 1.086888300e+00 1.164380467e+00 
1.021190745e+00 1.046091988e+00 1.073717845e+00 
1.056508654e+00 1.048151417e+00 1.100022593e+00 
1.015939409e+00 1.047661077e+00 1.071845851e+00 
1.010502832e+00 1.031087575e+00 1.039666914e+00 
1.042738638e+00 1.074335589e+00 1.142400671e+00 
1.026360176e+00 1.071883887e+00 1.124003486e+00 
1.080794677e+00 1.072080024e+00 1.146661072e+00 
1.030582452e+00 1.051093459e+00 1.090856276e+00 
1.018741032e+00 1.042757674e+00 1.070683923e+00 
1.047064090e+00 1.055898794e+00 1.111545041e+00 
1.048095849e+00 1.056879474e+00 1.113417035e+00 
1.050238733e+00 1.065313327e+00 1.131652842e+00 
1.044841839e+00 1.063940375e+00 1.128683472e+00 
1.039471454e+00 1.060213788e+00 1.111900074e+00 
1.023312518e+00 1.058154359e+00 1.100442178e+00 
1.037341744e+00 1.072962636e+00 1.139431301e+00 
1.036825864e+00 1.061390605e+00 1.111254559e+00 
1.025555880e+00 1.033833480e+00 1.065100216e+00 
1.035058699e+00 1.071883887e+00 1.136106897e+00 
1.027198758e+00 1.070412867e+00 1.130620017e+00 
1.030794042e+00 1.035696774e+00 1.068069587e+00 
1.037460793e+00 1.035304501e+00 1.072329987e+00 
1.023598236e+00 1.035794842e+00 1.062937740e+00 
1.052540350e+00 1.044130627e+00 1.091146758e+00 
1.020899789e+00 1.052662548e+00 1.094664816e+00 
1.015939409e+00 1.049818574e+00 1.086305393e+00 
1.010502832e+00 1.033245072e+00 1.054126456e+00 
1.026804626e+00 1.074335589e+00 1.128909402e+00 
1.026931612e+00 1.071589683e+00 1.121873285e+00 
1.053334011e+00 1.046974600e+00 1.097053223e+00 
1.048439821e+00 1.078062175e+00 1.149824097e+00 
1.062540477e+00 1.055604590e+00 1.116063648e+00 
1.040773057e+00 1.077179563e+00 1.141496950e+00 
1.035556007e+00 1.047464941e+00 1.094858471e+00 
1.037566668e+00 1.061488673e+00 1.117645160e+00 
1.067699272e+00 1.072668432e+00 1.143723978e+00 
1.013068896e+00 1.035304501e+00 1.055998451e+00 
1.015714485e+00 1.038246543e+00 1.063034567e+00 
1.081112141e+00 1.071001275e+00 1.145821902e+00 
1.038550807e+00 1.088065117e+00 1.164574121e+00 
1.026190809e+00 1.065215259e+00 1.118226124e+00 
1.067937371e+00 1.057958223e+00 1.119033018e+00 
1.065715120e+00 1.057173679e+00 1.117935642e+00 
1.073969193e+00 1.060213788e+00 1.121744182e+00 
1.065238924e+00 1.075806610e+00 1.152599813e+00 
1.042646097e+00 1.074139453e+00 1.141303295e+00 
1.074762854e+00 1.059723448e+00 1.120905012e+00 
1.013068896e+00 1.033147004e+00 1.041538908e+00 
1.086350303e+00 1.074825929e+00 1.149920924e+00 
1.010502832e+00 1.030204962e+00 1.036148856e+00 
1.045159304e+00 1.053741296e+00 1.110512216e+00 
1.047302188e+00 1.040894381e+00 1.087402769e+00 
1.060476958e+00 1.070510935e+00 1.141593777e+00 
1.029365452e+00 1.068647641e+00 1.128973953e+00 
1.060926647e+00 1.169265470e+00 1.259755350e+00 
1.028148453e+00 1.067078553e+00 1.119033018e+00 
1.081588338e+00 1.087868981e+00 1.171900720e+00 
1.040720041e+00 1.107482593e+00 1.194203273e+00 
1.059842030e+00 1.052564480e+00 1.112577865e+00 
1.032645970e+00 1.042659606e+00 1.083432850e+00 
1.023809826e+00 1.052074139e+00 1.096310880e+00 
1.049471581e+00 1.071785819e+00 1.141109641e+00 
1.061588084e+00 1.138374032e+00 1.242971952e+00 
1.048929193e+00 1.118956556e+00 1.215892586e+00 
1.056508654e+00 1.050995391e+00 1.109608495e+00 
1.031402462e+00 1.058350495e+00 1.108930704e+00 
1.046508527e+00 1.101696577e+00 1.188555014e+00 
1.053968939e+00 1.081592625e+00 1.164670949e+00 
1.026931612e+00 1.054231637e+00 1.096795017e+00 
1.086249825e+00 1.165636952e+00 1.270244973e+00 
1.029206720e+00 1.065117191e+00 1.128489817e+00 
1.051005886e+00 1.117093263e+00 1.214052868e+00 
1.071429478e+00 1.065803668e+00 1.139431301e+00 
1.062910799e+00 1.100715897e+00 1.194429203e+00 
1.056759927e+00 1.114151221e+00 1.210244328e+00 
1.043968812e+00 1.102284986e+00 1.188555014e+00 
1.033307248e+00 1.067666961e+00 1.132492012e+00 
1.075080318e+00 1.098950672e+00 1.194977891e+00 
1.044445009e+00 1.041286653e+00 1.088467869e+00 
1.041111633e+00 1.039717564e+00 1.085498499e+00 
1.084657107e+00 1.122290870e+00 1.228512410e+00 
1.054286404e+00 1.085417280e+00 1.167349837e+00 
1.057302315e+00 1.069824458e+00 1.139463577e+00 
1.031667069e+00 1.051191527e+00 1.094664816e+00 
1.036667132e+00 1.053054820e+00 1.107284640e+00 
1.037143329e+00 1.052466412e+00 1.106994158e+00 
1.061746816e+00 1.056487202e+00 1.117677436e+00 
1.065080191e+00 1.058056291e+00 1.120646806e+00 
1.047103773e+00 1.116602922e+00 1.210534809e+00 
1.054453072e+00 1.158281848e+00 1.255043088e+00 
1.059365833e+00 1.058546631e+00 1.117483781e+00 
1.045000571e+00 1.119152692e+00 1.215892586e+00 
1.044008495e+00 1.116700990e+00 1.210728464e+00 
1.032275489e+00 1.081886829e+00 1.153083949e+00 
1.024907777e+00 1.078552515e+00 1.130555466e+00 
1.073651729e+00 1.070020594e+00 1.144756802e+00 
1.020304544e+00 1.060409924e+00 1.101894587e+00 
1.021495035e+00 1.075806610e+00 1.116612336e+00 
1.025225241e+00 1.076787290e+00 1.130813672e+00 
1.024907777e+00 1.080710013e+00 1.145015008e+00 
1.070318353e+00 1.068451505e+00 1.141787432e+00 
1.020304544e+00 1.062567422e+00 1.116354130e+00 
1.060953155e+00 1.092968520e+00 1.187102605e+00 
1.062699209e+00 1.054918113e+00 1.117386954e+00 
1.025225241e+00 1.078944788e+00 1.145273214e+00 
1.059365833e+00 1.053349024e+00 1.114417584e+00 
1.031428971e+00 1.080611945e+00 1.152051125e+00 
1.079855458e+00 1.147200157e+00 1.256043637e+00 
1.030688167e+00 1.081396489e+00 1.151792919e+00 
1.027249076e+00 1.069530254e+00 1.123390246e+00 
1.026828436e+00 1.093458860e+00 1.147435691e+00 
1.070093430e+00 1.133176424e+00 1.242713746e+00 
1.025079684e+00 1.074727861e+00 1.116902818e+00 
1.105265940e+00 1.113660881e+00 1.221024433e+00 
1.060238860e+00 1.076395018e+00 1.155504632e+00 
1.031852309e+00 1.078846720e+00 1.152309331e+00 
1.047831242e+00 1.118270079e+00 1.212406804e+00 
1.020304544e+00 1.059527312e+00 1.098376529e+00 
1.066310366e+00 1.175443758e+00 1.264177129e+00 
1.028360201e+00 1.089438070e+00 1.160313720e+00 
1.027487174e+00 1.082377170e+00 1.146112384e+00 
1.072064407e+00 1.115033833e+00 1.218442372e+00 
1.028360201e+00 1.091595567e+00 1.174773263e+00 
1.033571855e+00 1.053741296e+00 1.105348094e+00 
1.054683234e+00 1.080317741e+00 1.157602556e+00 
1.036032204e+00 1.092870452e+00 1.181809379e+00 
1.132223901e+00 1.113464745e+00 1.224962076e+00 
1.043254518e+00 1.077767971e+00 1.148533067e+00 
1.112541112e+00 1.093458860e+00 1.194332376e+00 
1.043968812e+00 1.135333922e+00 1.218700578e+00 
1.054154180e+00 1.114837697e+00 1.207791369e+00 
1.043175151e+00 1.126409728e+00 1.216828583e+00 
1.104763235e+00 1.086594096e+00 1.176354775e+00 
1.039167164e+00 1.117681671e+00 1.205370687e+00 
1.033757095e+00 1.110816907e+00 1.203498693e+00 
1.059445199e+00 1.077866039e+00 1.154213601e+00 
1.027526857e+00 1.093851133e+00 1.171803892e+00 
1.039405262e+00 1.119544964e+00 1.205628893e+00 
1.054207038e+00 1.070510935e+00 1.137527031e+00 
1.080239114e+00 1.092183976e+00 1.187102605e+00 
1.033254391e+00 1.064136511e+00 1.118774812e+00 
1.084643932e+00 1.154849466e+00 1.270180422e+00 
1.034484565e+00 1.103167598e+00 1.176709809e+00 
1.039841776e+00 1.095518290e+00 1.182067585e+00 
1.024907777e+00 1.078258311e+00 1.123325695e+00 
1.041825928e+00 1.046974600e+00 1.091146758e+00 
1.064564312e+00 1.116602922e+00 1.213988316e+00 
1.065199241e+00 1.114837697e+00 1.214246522e+00 
1.074233800e+00 1.098558400e+00 1.194622858e+00 
1.028836398e+00 1.081788761e+00 1.148339412e+00 
1.030344354e+00 1.097283515e+00 1.174837814e+00 
1.039087798e+00 1.121310189e+00 1.205370687e+00 
1.069683425e+00 1.092380112e+00 1.184714198e+00 
1.030846900e+00 1.078356379e+00 1.146887003e+00 
1.102540985e+00 1.091301363e+00 1.188490463e+00 
1.041825928e+00 1.050014710e+00 1.109124359e+00 
1.044233419e+00 1.071687751e+00 1.139173095e+00 
1.026828436e+00 1.095616358e+00 1.161895233e+00 
1.028836398e+00 1.075512406e+00 1.141303295e+00 
1.025225241e+00 1.075904678e+00 1.127295614e+00 
1.071112014e+00 1.091399431e+00 1.184488268e+00 
1.031217381e+00 1.094243405e+00 1.175031469e+00 
1.077302569e+00 1.067765029e+00 1.142852532e+00 
1.024629995e+00 1.079631264e+00 1.128683472e+00 
1.029558629e+00 1.107874865e+00 1.191653487e+00 
1.068572299e+00 1.116406786e+00 1.214375625e+00 
1.091588465e+00 1.078552515e+00 1.163024885e+00 
1.015502895e+00 1.040109836e+00 1.069683375e+00 
1.059683298e+00 1.057762087e+00 1.114578963e+00 
1.018677539e+00 1.043346082e+00 1.070716199e+00 
1.037857624e+00 1.058154359e+00 1.107542846e+00 
1.047381554e+00 1.055212317e+00 1.110802698e+00 
1.035714739e+00 1.050897323e+00 1.101636381e+00 
1.022751559e+00 1.055996862e+00 1.099441629e+00 
1.064894951e+00 1.115720310e+00 1.213149146e+00 
1.106985486e+00 1.090909091e+00 1.179969661e+00 
1.042857687e+00 1.055016181e+00 1.110447665e+00 
1.029259578e+00 1.073256840e+00 1.132492012e+00 
1.033082484e+00 1.114837697e+00 1.197559952e+00 
1.095556769e+00 1.086299892e+00 1.174289126e+00 
1.086509035e+00 1.074139453e+00 1.151244231e+00 
1.075080318e+00 1.069530254e+00 1.145563696e+00 
1.032844385e+00 1.107482593e+00 1.182293516e+00 
1.080159748e+00 1.072962636e+00 1.149372236e+00 
1.059894888e+00 1.104932823e+00 1.198431398e+00 
1.023455377e+00 1.080906149e+00 1.136203725e+00 
1.036849674e+00 1.107776797e+00 1.189039151e+00 
1.038479378e+00 1.091203295e+00 1.163541297e+00 
1.117779273e+00 1.102579190e+00 1.203530969e+00 
1.051905421e+00 1.103756007e+00 1.196559404e+00 
1.015397021e+00 1.039129156e+00 1.060904367e+00 
1.073651729e+00 1.082573306e+00 1.168866798e+00 
1.093493251e+00 1.083750123e+00 1.171610238e+00 
1.056270556e+00 1.071589683e+00 1.140205919e+00 
1.026508273e+00 1.046876532e+00 1.080657135e+00 
1.052064153e+00 1.060017652e+00 1.118839364e+00 
1.036138078e+00 1.061880945e+00 1.114030275e+00 
1.050000635e+00 1.059233108e+00 1.115579511e+00 
1.022169647e+00 1.038246543e+00 1.075751218e+00 
1.020793915e+00 1.043542218e+00 1.071555369e+00 
1.040185748e+00 1.059233108e+00 1.112158280e+00 
1.022169647e+00 1.036187114e+00 1.057870445e+00 
1.032169774e+00 1.043248014e+00 1.083723332e+00 
1.046585195e+00 1.129744042e+00 1.218248717e+00 
1.079471962e+00 1.104246347e+00 1.200045186e+00 
1.050741438e+00 1.073649112e+00 1.147758448e+00 
1.050318099e+00 1.075414338e+00 1.147500242e+00 
1.026878595e+00 1.058350495e+00 1.105606300e+00 
1.051482082e+00 1.076787290e+00 1.151018300e+00 
1.076826372e+00 1.071393547e+00 1.146402866e+00 
1.083969320e+00 1.072080024e+00 1.147435691e+00 
1.072699336e+00 1.083652055e+00 1.167349837e+00 
1.065379084e+00 1.203687359e+00 1.288868089e+00 
1.034754410e+00 1.102186918e+00 1.187941775e+00 
1.062963815e+00 1.070805139e+00 1.142142465e+00 
1.040246543e+00 1.124056095e+00 1.216667205e+00 
1.069339452e+00 1.098264195e+00 1.192557209e+00 
1.075873979e+00 1.067961165e+00 1.144175838e+00 
1.073122675e+00 1.093949201e+00 1.187651293e+00 
1.102699717e+00 1.100715897e+00 1.200271116e+00 
1.067461174e+00 1.080611945e+00 1.165703773e+00 
1.043122294e+00 1.067078553e+00 1.132201530e+00 
1.086667767e+00 1.073060704e+00 1.149630443e+00 
1.037167139e+00 1.106992253e+00 1.191459833e+00 
1.090477339e+00 1.085319212e+00 1.172998096e+00 
1.083175659e+00 1.072570364e+00 1.148274860e+00 
1.046045505e+00 1.106698048e+00 1.194429203e+00 
1.076932247e+00 1.097773855e+00 1.196559404e+00 
1.033545347e+00 1.080710013e+00 1.153535810e+00 
1.041085125e+00 1.086986369e+00 1.164670949e+00 
1.037487301e+00 1.075316269e+00 1.141109641e+00 
1.078731158e+00 1.084142395e+00 1.170512862e+00 
1.027079709e+00 1.067961165e+00 1.120324049e+00 
1.037026978e+00 1.097577719e+00 1.182648549e+00 
1.029947523e+00 1.059723448e+00 1.106897331e+00 
1.027037327e+00 1.052368344e+00 1.100700384e+00 
1.023492362e+00 1.053349024e+00 1.095116677e+00 
1.091271000e+00 1.098068059e+00 1.200012910e+00 
1.074339515e+00 1.116210650e+00 1.221218087e+00 
1.065873852e+00 1.071687751e+00 1.142884808e+00 
1.087937625e+00 1.096498970e+00 1.197043540e+00 
1.050450323e+00 1.083063646e+00 1.161152890e+00 
1.036561258e+00 1.060115720e+00 1.109124359e+00 
1.067725781e+00 1.085417280e+00 1.170028725e+00 
1.051561448e+00 1.081298421e+00 1.161411096e+00 
1.039921142e+00 1.084044327e+00 1.157441177e+00 
1.069207228e+00 1.073256840e+00 1.145854178e+00 
1.059339325e+00 1.100617829e+00 1.193590033e+00 
1.064445263e+00 1.089732274e+00 1.178097666e+00 
1.082064534e+00 1.086888300e+00 1.174289126e+00 
1.056535162e+00 1.087574777e+00 1.170867895e+00 
1.095318671e+00 1.096400902e+00 1.195913888e+00 
1.078678301e+00 1.122879278e+00 1.231707711e+00 
1.097937752e+00 1.084828871e+00 1.174482781e+00 
1.042000533e+00 1.104540551e+00 1.191427557e+00 
1.100953663e+00 1.088555457e+00 1.178517251e+00 
1.054365770e+00 1.063940375e+00 1.138624407e+00 
1.121430113e+00 1.105325096e+00 1.207242681e+00 
1.054365770e+00 1.060900265e+00 1.120646806e+00 
1.074842220e+00 1.080710013e+00 1.167349837e+00 
1.051032394e+00 1.062371286e+00 1.135655037e+00 
1.051032394e+00 1.059331176e+00 1.117677436e+00 
1.039206847e+00 1.085025007e+00 1.161120615e+00 
1.090265749e+00 1.103167598e+00 1.200335668e+00 
1.093017054e+00 1.083652055e+00 1.170028725e+00 
1.047937117e+00 1.063155830e+00 1.131394636e+00 
1.040582579e+00 1.060606061e+00 1.113481587e+00 
1.058095976e+00 1.079729332e+00 1.154471807e+00 
1.055000698e+00 1.063057762e+00 1.135913243e+00 
1.047937117e+00 1.060115720e+00 1.113417035e+00 
1.046667259e+00 1.074629793e+00 1.145660524e+00 
1.054207038e+00 1.064626851e+00 1.137301101e+00 
1.044550883e+00 1.073452976e+00 1.143788529e+00 
1.047989974e+00 1.085809552e+00 1.167414389e+00 
1.046997898e+00 1.083750123e+00 1.163638124e+00 
1.083016927e+00 1.161714230e+00 1.267501533e+00 
1.047079963e+00 1.132588016e+00 1.239518446e+00 
1.031005632e+00 1.061292537e+00 1.110705871e+00 
1.034973936e+00 1.074139453e+00 1.141012813e+00 
1.058849954e+00 1.197607139e+00 1.273698480e+00 
1.080662453e+00 1.177797391e+00 1.286092373e+00 
1.042516413e+00 1.090026478e+00 1.172513959e+00 
1.062725717e+00 1.129155634e+00 1.230093922e+00 
1.080265622e+00 1.099342944e+00 1.199528774e+00 
1.065609246e+00 1.091105227e+00 1.181615725e+00 
1.027936863e+00 1.074335589e+00 1.131911048e+00 
1.056413415e+00 1.166421497e+00 1.256592325e+00 
1.076773515e+00 1.099931352e+00 1.196010716e+00 
1.031428971e+00 1.050014710e+00 1.093567440e+00 
1.044508502e+00 1.155437874e+00 1.222218636e+00 
1.064868602e+00 1.087967049e+00 1.178355873e+00 
1.046127570e+00 1.154653329e+00 1.233579705e+00 
1.045079938e+00 1.070805139e+00 1.137042894e+00 
1.087397935e+00 1.206727469e+00 1.299874125e+00 
1.076098903e+00 1.122094734e+00 1.228447859e+00 
1.108255343e+00 1.089143866e+00 1.180227867e+00 
1.051167316e+00 1.116700990e+00 1.224736146e+00 
1.071098839e+00 1.151220947e+00 1.257431495e+00 
1.057170091e+00 1.085809552e+00 1.171126101e+00 
1.075397783e+00 1.110424635e+00 1.210534809e+00 
1.047278378e+00 1.106109640e+00 1.196075267e+00 
1.072381872e+00 1.104736687e+00 1.199786980e+00 
1.065027334e+00 1.138864372e+00 1.251525030e+00 
1.089104306e+00 1.202118270e+00 1.313978633e+00 
1.119049131e+00 1.100813965e+00 1.203789175e+00 
1.070781375e+00 1.104834755e+00 1.199786980e+00 
1.070024699e+00 1.178581936e+00 1.273763031e+00 
1.114207799e+00 1.126605864e+00 1.234096117e+00 
1.077249711e+00 1.127978817e+00 1.230900817e+00 
1.050389529e+00 1.121604393e+00 1.228254204e+00 
1.064495581e+00 1.157987643e+00 1.255527225e+00 
1.078440202e+00 1.129547906e+00 1.232224123e+00 
1.048262518e+00 1.111307247e+00 1.204692896e+00 
1.058281216e+00 1.088947730e+00 1.174385954e+00 
1.070977092e+00 1.186721585e+00 1.297066133e+00 
1.057805020e+00 1.102873394e+00 1.197947261e+00 
1.074035385e+00 1.167107973e+00 1.280185908e+00 
1.117461809e+00 1.098460331e+00 1.200271116e+00 
1.050265241e+00 1.086299892e+00 1.169221831e+00 
1.052699082e+00 1.181425910e+00 1.263563890e+00 
1.053043055e+00 1.105030891e+00 1.201174838e+00 
1.064437326e+00 1.193194077e+00 1.286641061e+00 
1.056651513e+00 1.170050015e+00 1.257915631e+00 
1.077990355e+00 1.131116995e+00 1.234160669e+00 
1.056892310e+00 1.102383054e+00 1.194138721e+00 
1.097461555e+00 1.104540551e+00 1.206758545e+00 
1.076350176e+00 1.066980484e+00 1.140270471e+00 
1.048429186e+00 1.105128959e+00 1.196075267e+00 
1.079471962e+00 1.121996666e+00 1.228447859e+00 
1.031048013e+00 1.084828871e+00 1.153826292e+00 
1.057326125e+00 1.140531529e+00 1.253203370e+00 
1.069596122e+00 1.147984701e+00 1.255849982e+00 
1.074974444e+00 1.112189860e+00 1.210276603e+00 
1.055730866e+00 1.154555261e+00 1.245295807e+00 
1.078572426e+00 1.086692164e+00 1.171352032e+00 
1.039048115e+00 1.129449838e+00 1.211083497e+00 
1.026571766e+00 1.072080024e+00 1.127392441e+00 
1.032688193e+00 1.085417280e+00 1.157150696e+00 
1.025376037e+00 1.074041385e+00 1.127812026e+00 
1.053360519e+00 1.085319212e+00 1.165768325e+00 
1.029947523e+00 1.086692164e+00 1.149017203e+00 
1.072408380e+00 1.100323625e+00 1.195978440e+00 
1.018254200e+00 1.048935962e+00 1.083271471e+00 
1.044339134e+00 1.087574777e+00 1.165961979e+00 
1.050318099e+00 1.105128959e+00 1.198431398e+00 
1.038254454e+00 1.063646170e+00 1.117935642e+00 
1.040913218e+00 1.088653526e+00 1.171610238e+00 
1.014603360e+00 1.036383250e+00 1.056063002e+00 
1.059286467e+00 1.068059233e+00 1.141109641e+00 
1.049061417e+00 1.104148279e+00 1.193041345e+00 
1.086826499e+00 1.076689222e+00 1.158732208e+00 
1.042698955e+00 1.061292537e+00 1.128425265e+00 
1.046310112e+00 1.090026478e+00 1.174579608e+00 
1.032804702e+00 1.083946259e+00 1.155569183e+00 
1.024629995e+00 1.082671374e+00 1.146661072e+00 
1.024629995e+00 1.080513877e+00 1.132201530e+00 
1.030055937e+00 1.086103756e+00 1.162798954e+00 
1.042698955e+00 1.058252427e+00 1.110447665e+00 
1.092858322e+00 1.078944788e+00 1.167608043e+00 
1.139208117e+00 1.112385996e+00 1.221669948e+00 
1.073625221e+00 1.113660881e+00 1.207759094e+00 
1.038254454e+00 1.102579190e+00 1.189620114e+00 
1.056799610e+00 1.128174953e+00 1.228738340e+00 
1.048214898e+00 1.107972933e+00 1.200529323e+00 
1.053611792e+00 1.109345886e+00 1.203498693e+00 
1.109049004e+00 1.093556929e+00 1.193299551e+00 
1.032963434e+00 1.082573306e+00 1.153697189e+00 
1.028947510e+00 1.100519761e+00 1.175386502e+00 
1.120318988e+00 1.105717368e+00 1.207307233e+00 
1.048669983e+00 1.106207708e+00 1.201852629e+00 
1.062196504e+00 1.129547906e+00 1.231707711e+00 
1.082773591e+00 1.202216338e+00 1.299648194e+00 
1.086741895e+00 1.201039521e+00 1.299648194e+00 
1.029841649e+00 1.059919584e+00 1.107187813e+00 
1.035026953e+00 1.053545160e+00 1.102540103e+00 
1.033809953e+00 1.072766500e+00 1.137494755e+00 
1.087535556e+00 1.197509071e+00 1.299648194e+00 
1.019365325e+00 1.049524370e+00 1.090307588e+00 
1.095874233e+00 1.085417280e+00 1.176161121e+00 
1.035926329e+00 1.073943317e+00 1.139366750e+00 
1.121747578e+00 1.104050211e+00 1.208340057e+00 
1.093651983e+00 1.082279102e+00 1.172901268e+00 
1.040741311e+00 1.088359321e+00 1.166639770e+00 
1.067881814e+00 1.181818182e+00 1.265984572e+00 
1.073492997e+00 1.177601255e+00 1.267985670e+00 
1.090159875e+00 1.082181034e+00 1.168640868e+00 
1.075477149e+00 1.097381583e+00 1.193299551e+00 
1.089604312e+00 1.093851133e+00 1.195720234e+00 
1.053619729e+00 1.170246151e+00 1.248491108e+00 
1.064397643e+00 1.194174757e+00 1.277410193e+00 
1.046413288e+00 1.146611749e+00 1.229771165e+00 
1.028624649e+00 1.089143866e+00 1.157699384e+00 
1.049564121e+00 1.124350299e+00 1.223090082e+00 
1.040384164e+00 1.107286457e+00 1.191718039e+00 
1.014814950e+00 1.041580857e+00 1.064583804e+00 
1.087143964e+00 1.083750123e+00 1.170028725e+00 
1.037249203e+00 1.085123075e+00 1.161120615e+00 
1.042646097e+00 1.097381583e+00 1.184746474e+00 
1.045820741e+00 1.107090321e+00 1.195978440e+00 
1.072619970e+00 1.081592625e+00 1.166994804e+00 
1.082567239e+00 1.160929685e+00 1.264080302e+00 
1.080397846e+00 1.116210650e+00 1.224929800e+00 
1.056873738e+00 1.169657742e+00 1.263079753e+00 
1.049736028e+00 1.083946259e+00 1.165703773e+00 
1.050238733e+00 1.066784348e+00 1.136687861e+00 
1.060476958e+00 1.083553986e+00 1.165413291e+00 
1.071985041e+00 1.101108169e+00 1.197592228e+00 
1.058810271e+00 1.079435128e+00 1.160313720e+00 
1.070635818e+00 1.102481122e+00 1.197334022e+00 
1.061111887e+00 1.081788761e+00 1.165671497e+00 
1.062223012e+00 1.084926939e+00 1.168931349e+00 
1.053016546e+00 1.047268805e+00 1.093535164e+00 
1.092382125e+00 1.078062175e+00 1.160797857e+00 
1.052064153e+00 1.100323625e+00 1.187909499e+00 
1.089419072e+00 1.137197215e+00 1.257108737e+00 
1.042011168e+00 1.120329509e+00 1.215892586e+00 
1.043281026e+00 1.121506325e+00 1.217764581e+00 
1.052381618e+00 1.100912033e+00 1.189716942e+00 
1.031812626e+00 1.082573306e+00 1.153600361e+00 
1.080001016e+00 1.086299892e+00 1.171255204e+00 
1.033704079e+00 1.081788761e+00 1.157344350e+00 
1.040434323e+00 1.107972933e+00 1.193848239e+00 
1.069577550e+00 1.102677258e+00 1.196623955e+00 
1.039450183e+00 1.105128959e+00 1.190878869e+00 
1.039831141e+00 1.103854075e+00 1.190814318e+00 
1.053598617e+00 1.103657939e+00 1.193428654e+00 
1.072516794e+00 1.116897127e+00 1.227963722e+00 
1.074551264e+00 1.100323625e+00 1.199238292e+00 
1.058572172e+00 1.101206237e+00 1.192492657e+00 
1.064127798e+00 1.079042856e+00 1.162734403e+00 
1.090265749e+00 1.105521232e+00 1.204886551e+00 
1.036286175e+00 1.106599980e+00 1.188006326e+00 
1.054365770e+00 1.096302834e+00 1.187941775e+00 
1.047222822e+00 1.080611945e+00 1.155762838e+00 
1.037619525e+00 1.099735216e+00 1.184133234e+00 
1.039069226e+00 1.100912033e+00 1.187102605e+00 
1.051270492e+00 1.078062175e+00 1.151760643e+00 
1.049445072e+00 1.082671374e+00 1.158990414e+00 
1.051270492e+00 1.080906149e+00 1.160862408e+00 
1.042143392e+00 1.066392076e+00 1.128973953e+00 
1.037778258e+00 1.034814161e+00 1.076654940e+00 
1.039937015e+00 1.084240463e+00 1.160023239e+00 
1.063127786e+00 1.178876140e+00 1.264951748e+00 
1.068889764e+00 1.078944788e+00 1.157408902e+00 
1.044921205e+00 1.103461802e+00 1.190330181e+00 
1.089207482e+00 1.080317741e+00 1.167543492e+00 
1.047476793e+00 1.100813965e+00 1.188748669e+00 
1.038571918e+00 1.099735216e+00 1.185779298e+00 
1.031058648e+00 1.048641757e+00 1.082141820e+00 
1.049619678e+00 1.143865843e+00 1.241777749e+00 
1.048357757e+00 1.109345886e+00 1.201433044e+00 
1.047535048e+00 1.108561342e+00 1.200012910e+00 
1.118572934e+00 1.104540551e+00 1.206984475e+00 
1.047090598e+00 1.102481122e+00 1.192783139e+00 
1.047789020e+00 1.105913504e+00 1.200012910e+00 
1.055685945e+00 1.131901540e+00 1.230578059e+00 
1.060000762e+00 1.057860155e+00 1.114998548e+00 
1.049960952e+00 1.105619300e+00 1.197850434e+00 
1.046548210e+00 1.084632735e+00 1.162250266e+00 
1.041151316e+00 1.083259782e+00 1.159280896e+00 
1.027407808e+00 1.077081495e+00 1.132911597e+00 
1.044098496e+00 1.107286457e+00 1.195365200e+00 
1.037090471e+00 1.088163185e+00 1.163476745e+00 
1.038868271e+00 1.088555457e+00 1.168576316e+00 
1.106712942e+00 1.364126704e+00 1.534873963e+00 
1.080249749e+00 1.271354320e+00 1.430526418e+00 
1.092207520e+00 1.256349907e+00 1.406900558e+00 
1.084469327e+00 1.260076493e+00 1.406900558e+00 
1.089257800e+00 1.243993331e+00 1.388922958e+00 
1.079620059e+00 1.247719918e+00 1.388922958e+00 
1.084945523e+00 1.245170148e+00 1.388922958e+00 
1.080678326e+00 1.289987251e+00 1.453506762e+00 
1.077789401e+00 1.293713837e+00 1.453506762e+00 
1.083397884e+00 1.223104835e+00 1.365942614e+00 
1.075659691e+00 1.226831421e+00 1.365942614e+00 
1.083053912e+00 1.224575856e+00 1.365942614e+00 
1.085236479e+00 1.226929489e+00 1.373462867e+00 
1.098353154e+00 1.348141610e+00 1.516896363e+00 
1.097932513e+00 1.351966265e+00 1.516896363e+00 
1.102268442e+00 1.345493773e+00 1.507536391e+00 
1.098347757e+00 1.325978229e+00 1.490688442e+00 
1.100435085e+00 1.323526527e+00 1.490688442e+00 
1.090950837e+00 1.327449250e+00 1.490688442e+00 
1.106244682e+00 1.370304992e+00 1.556305071e+00 
1.109869173e+00 1.363636364e+00 1.534873963e+00 
1.099601741e+00 1.371972149e+00 1.534873963e+00 
1.101800182e+00 1.351672060e+00 1.528967498e+00 
1.072035359e+00 1.207806218e+00 1.346093019e+00 
1.078900526e+00 1.212121212e+00 1.347965013e+00 
1.080995790e+00 1.208590762e+00 1.356388988e+00 
1.070892488e+00 1.210846327e+00 1.337217184e+00 
1.083249787e+00 1.317544376e+00 1.455636962e+00 
1.082860893e+00 1.319505737e+00 1.455636962e+00 
1.092940387e+00 1.314896538e+00 1.462608527e+00 
1.094654694e+00 1.313229381e+00 1.462608527e+00 
1.095035651e+00 1.311954496e+00 1.462608527e+00 
1.093321344e+00 1.313621653e+00 1.462608527e+00 
1.091942914e+00 1.315190742e+00 1.462608527e+00 
1.078096230e+00 1.291164068e+00 1.412193784e+00 
1.078381948e+00 1.292340885e+00 1.418874867e+00 
1.089670504e+00 1.341865254e+00 1.475680212e+00 
1.089686377e+00 1.339315485e+00 1.475680212e+00 
1.097813464e+00 1.353731490e+00 1.492269954e+00 
1.104752600e+00 1.391389624e+00 1.539908982e+00 
1.096403288e+00 1.358634893e+00 1.508569215e+00 
1.096085823e+00 1.359321369e+00 1.492528161e+00 
1.093228644e+00 1.260076493e+00 1.410128135e+00 
1.425949853e+00 1.708443660e+00 2.000000000e+00 
1.394790728e+00 1.708639796e+00 2.000000000e+00 
1.380004825e+00 1.708835932e+00 2.000000000e+00 
1.346239317e+00 1.709032068e+00 2.000000000e+00 
1.336977295e+00 1.709130136e+00 2.000000000e+00 
1.232106122e+00 1.711483770e+00 2.000000000e+00 
1.202126376e+00 1.712562518e+00 2.000000000e+00 
1.191084966e+00 1.716485241e+00 2.000000000e+00 
1.426275254e+00 1.696185152e+00 1.981086402e+00 
1.268857382e+00 1.709522409e+00 1.979989026e+00 
1.219542470e+00 1.704717074e+00 1.978117032e+00 
1.268158961e+00 1.703442189e+00 1.973017461e+00 
1.340924964e+00 1.685397666e+00 1.970435400e+00 
1.218063087e+00 1.687457095e+00 1.968757060e+00 
1.341928151e+00 1.683436305e+00 1.968563406e+00 
1.202347014e+00 1.679807787e+00 1.966626860e+00 
1.247034883e+00 1.670099049e+00 1.959203434e+00 
1.219190085e+00 1.666078258e+00 1.957266888e+00 
1.272833623e+00 1.656663725e+00 1.947713262e+00 
1.314488120e+00 1.652839070e+00 1.947519608e+00 
1.215880519e+00 1.657154065e+00 1.947455056e+00 
1.211126490e+00 1.655781112e+00 1.945583062e+00 
1.324189831e+00 1.652152594e+00 1.938611497e+00 
1.251611132e+00 1.654408159e+00 1.936771778e+00 
1.271979644e+00 1.638619202e+00 1.936029435e+00 
1.238125246e+00 1.639992155e+00 1.935964884e+00 
1.213047150e+00 1.638619202e+00 1.935771229e+00 
1.177478444e+00 1.640972835e+00 1.933834684e+00 
1.272659018e+00 1.636952045e+00 1.925023400e+00 
1.201069220e+00 1.623222516e+00 1.924281057e+00 
1.182132472e+00 1.627439443e+00 1.921021205e+00 
1.198783477e+00 1.622241836e+00 1.913533228e+00 
1.321924723e+00 1.609689124e+00 1.911467579e+00 
1.223761572e+00 1.608610376e+00 1.908820966e+00 
1.207983593e+00 1.606943219e+00 1.907949521e+00 
1.262436666e+00 1.605079925e+00 1.900009683e+00 
1.396430431e+00 1.593900167e+00 1.898589549e+00 
1.198537442e+00 1.591840737e+00 1.898395895e+00 
1.180076890e+00 1.595076983e+00 1.896007488e+00 
1.193759603e+00 1.586545062e+00 1.895749282e+00 
1.152782892e+00 1.593017554e+00 1.891617984e+00 
1.329594662e+00 1.575561440e+00 1.885517865e+00 
1.247384094e+00 1.578209277e+00 1.885066004e+00 
1.181470558e+00 1.577817005e+00 1.883387664e+00 
1.356107697e+00 1.573011670e+00 1.882935804e+00 
1.210428069e+00 1.577326665e+00 1.877481199e+00 
1.248034896e+00 1.559968618e+00 1.872187974e+00 
1.225947314e+00 1.566244974e+00 1.870057774e+00 
1.165978298e+00 1.564577817e+00 1.868734467e+00 
1.214156688e+00 1.563401000e+00 1.867927573e+00 
1.145038350e+00 1.564577817e+00 1.865410064e+00 
1.172887910e+00 1.557811121e+00 1.859116290e+00 
1.183689634e+00 1.548004315e+00 1.857825259e+00 
1.249331738e+00 1.546042954e+00 1.857179744e+00 
1.199148561e+00 1.543689320e+00 1.854597683e+00 
1.294483105e+00 1.541433755e+00 1.843365717e+00 
1.290292575e+00 1.537216828e+00 1.842817029e+00 
1.222109170e+00 1.532215357e+00 1.841719653e+00 
1.191811960e+00 1.530352064e+00 1.837136494e+00 
1.232074376e+00 1.528881043e+00 1.834748088e+00 
1.246492019e+00 1.527311954e+00 1.834296227e+00 
1.259196942e+00 1.526429342e+00 1.831294581e+00 
1.209288372e+00 1.530057860e+00 1.831036375e+00 
1.167291013e+00 1.528292635e+00 1.829874447e+00 
1.252530191e+00 1.520447190e+00 1.827356938e+00 
1.156692466e+00 1.518976169e+00 1.824839428e+00 
1.146417732e+00 1.522898892e+00 1.823967982e+00 
1.198700936e+00 1.516524468e+00 1.821676403e+00 
1.178467346e+00 1.514170835e+00 1.821418197e+00 
1.160689342e+00 1.518093557e+00 1.820546751e+00 
1.192029423e+00 1.513288222e+00 1.817964690e+00 
1.211428082e+00 1.512307541e+00 1.812897395e+00 
1.174184752e+00 1.504069824e+00 1.811025401e+00 
1.189951618e+00 1.502108463e+00 1.807055482e+00 
1.257503270e+00 1.501814259e+00 1.805086660e+00 
1.233387091e+00 1.499558694e+00 1.801374948e+00 
1.185076953e+00 1.495930176e+00 1.796565859e+00 
1.207904227e+00 1.492988134e+00 1.796017171e+00 
1.258944558e+00 1.491124841e+00 1.794145176e+00 
1.172438698e+00 1.487888595e+00 1.793144628e+00 
1.241558623e+00 1.486319506e+00 1.788496918e+00 
1.285824264e+00 1.484063940e+00 1.788206436e+00 
1.145049461e+00 1.480435422e+00 1.782913210e+00 
1.165681469e+00 1.477787585e+00 1.779976116e+00 
1.296856151e+00 1.476904972e+00 1.779685634e+00 
1.214740822e+00 1.473178386e+00 1.777555434e+00 
1.165560833e+00 1.473276454e+00 1.776554885e+00 
1.207121678e+00 1.470432480e+00 1.774134203e+00 
1.203759730e+00 1.467686574e+00 1.772584966e+00 
1.156078172e+00 1.468471119e+00 1.770616144e+00 
1.153390837e+00 1.469647936e+00 1.768227738e+00 
1.173108547e+00 1.466117486e+00 1.765226092e+00 
1.147227266e+00 1.462390899e+00 1.763095891e+00 
1.166697355e+00 1.461900559e+00 1.762095343e+00 
1.238010959e+00 1.460821810e+00 1.759674660e+00 
1.213201120e+00 1.454545455e+00 1.756253429e+00 
1.189156370e+00 1.458958517e+00 1.752735371e+00 
1.167711653e+00 1.456310680e+00 1.751896201e+00 
1.143100230e+00 1.462194763e+00 1.748700900e+00 
1.132076280e+00 1.447876827e+00 1.745473324e+00 
1.214550343e+00 1.444346376e+00 1.745215118e+00 
1.192729431e+00 1.444934785e+00 1.741793887e+00 
1.312689685e+00 1.442286947e+00 1.737533486e+00 
1.217426570e+00 1.443954104e+00 1.732304812e+00 
1.237618890e+00 1.435716387e+00 1.731110609e+00 
1.232677558e+00 1.443071492e+00 1.730820127e+00 
1.143276423e+00 1.444934785e+00 1.727334345e+00 
1.160565531e+00 1.436402864e+00 1.727237517e+00 
1.150387624e+00 1.432774345e+00 1.727043863e+00 
1.326853357e+00 1.432087869e+00 1.724913662e+00 
1.147465365e+00 1.435029911e+00 1.723073944e+00 
1.181141983e+00 1.428361283e+00 1.718813543e+00 
1.206669291e+00 1.428067079e+00 1.717942097e+00 
1.162687780e+00 1.429832304e+00 1.714456315e+00 
1.155395624e+00 1.421986859e+00 1.711261014e+00 
1.252482571e+00 1.420319702e+00 1.709163089e+00 
1.313813509e+00 1.418554477e+00 1.706742407e+00 
1.288538585e+00 1.420123566e+00 1.706193719e+00 
1.230158478e+00 1.414435618e+00 1.703482555e+00 
1.140950996e+00 1.416396980e+00 1.700093600e+00 
1.160363941e+00 1.407570854e+00 1.689313494e+00 
1.324781902e+00 1.402863587e+00 1.688764807e+00 
1.160298861e+00 1.408061194e+00 1.688571152e+00 
1.149466977e+00 1.411885849e+00 1.688216119e+00 
1.142965307e+00 1.409139943e+00 1.685504954e+00 
1.192434190e+00 1.404923017e+00 1.685311300e+00 
1.244169767e+00 1.403648132e+00 1.683213375e+00 
1.224475866e+00 1.398842797e+00 1.680502211e+00 
1.165613214e+00 1.396587232e+00 1.677823322e+00 
1.221804404e+00 1.394135530e+00 1.671723203e+00 
1.152054312e+00 1.400019614e+00 1.671174515e+00 
1.214355103e+00 1.389134059e+00 1.667333699e+00 
1.178375281e+00 1.388251447e+00 1.665042120e+00 
1.171457733e+00 1.393350986e+00 1.663815641e+00 
1.263971606e+00 1.384622928e+00 1.662330956e+00 
1.148276486e+00 1.386682358e+00 1.657231385e+00 
1.218851985e+00 1.386093949e+00 1.655843527e+00 
1.171395827e+00 1.384622928e+00 1.651131266e+00 
1.235260130e+00 1.378052368e+00 1.648613756e+00 
1.167433872e+00 1.383348044e+00 1.647322725e+00 
1.151847960e+00 1.386093949e+00 1.647225898e+00 
1.280162288e+00 1.376189075e+00 1.645095698e+00 
1.151962247e+00 1.369716583e+00 1.644353355e+00 
1.279713076e+00 1.368441699e+00 1.640092954e+00 
1.149779680e+00 1.373639306e+00 1.638414614e+00 
1.129220689e+00 1.382171227e+00 1.637865926e+00 
1.243653888e+00 1.367264882e+00 1.634154214e+00 
1.195656453e+00 1.364617044e+00 1.633411871e+00 
1.170045016e+00 1.358831029e+00 1.625633412e+00 
1.219871046e+00 1.353731490e+00 1.622664042e+00 
1.149168561e+00 1.361969207e+00 1.622115354e+00 
1.172264092e+00 1.358536825e+00 1.620533841e+00 
1.127768289e+00 1.353731490e+00 1.619210535e+00 
1.159949650e+00 1.349612631e+00 1.614950134e+00 
1.127073042e+00 1.348828087e+00 1.607720363e+00 
1.231021981e+00 1.345395705e+00 1.603944098e+00 
1.131012775e+00 1.345787977e+00 1.603169480e+00 
1.198664427e+00 1.345003432e+00 1.602814447e+00 
1.240823693e+00 1.339609689e+00 1.602072104e+00 
1.181951517e+00 1.342649799e+00 1.600135558e+00 
1.124104751e+00 1.341374914e+00 1.599651422e+00 
1.117057042e+00 1.336569579e+00 1.594648678e+00 
1.230585468e+00 1.333235265e+00 1.591130620e+00 
1.186978565e+00 1.335686967e+00 1.586224704e+00 
1.237887148e+00 1.328626066e+00 1.579737275e+00 
1.123128548e+00 1.329802883e+00 1.578446245e+00 
1.159049639e+00 1.323232323e+00 1.578188039e+00 
1.291300524e+00 1.321565166e+00 1.575476874e+00 
1.148387599e+00 1.326566637e+00 1.567762967e+00 
1.109948539e+00 1.322840051e+00 1.567504761e+00 
1.132811210e+00 1.318721193e+00 1.565729594e+00 
1.210109017e+00 1.317740512e+00 1.562211535e+00 
1.276087633e+00 1.314406198e+00 1.558951683e+00 
1.186299191e+00 1.311169952e+00 1.558112513e+00 
1.272436793e+00 1.310875748e+00 1.556756931e+00 
1.182753114e+00 1.310875748e+00 1.554981764e+00 
1.138711285e+00 1.313719721e+00 1.553593906e+00 
1.198943796e+00 1.304403256e+00 1.553109770e+00 
1.150822550e+00 1.305482005e+00 1.550915018e+00 
1.114049067e+00 1.304599392e+00 1.547461511e+00 
1.211431256e+00 1.298028832e+00 1.535132169e+00 
1.181430875e+00 1.297538492e+00 1.531614111e+00 
1.240531626e+00 1.294890654e+00 1.531259078e+00 
1.144116116e+00 1.299794057e+00 1.529871220e+00 
1.132215965e+00 1.293517701e+00 1.529742117e+00 
1.105445783e+00 1.294890654e+00 1.529483911e+00 
1.233812493e+00 1.288908503e+00 1.525772198e+00 
1.180880075e+00 1.291458272e+00 1.523900203e+00 
1.139171609e+00 1.287633618e+00 1.521963657e+00 
1.107316125e+00 1.294792586e+00 1.518929736e+00 
1.122192028e+00 1.286751005e+00 1.518542426e+00 
1.163044928e+00 1.285966461e+00 1.515379402e+00 
1.162092535e+00 1.284691576e+00 1.514830714e+00 
1.299210149e+00 1.284299304e+00 1.513636510e+00 
1.226458431e+00 1.283907031e+00 1.512054998e+00 
1.151576528e+00 1.284789644e+00 1.511699964e+00 
1.296352970e+00 1.279003629e+00 1.510731692e+00 
1.188600808e+00 1.276846131e+00 1.509182455e+00 
1.237383967e+00 1.271354320e+00 1.508052803e+00 
1.183362646e+00 1.277728744e+00 1.503243714e+00 
1.111165380e+00 1.282043738e+00 1.502695026e+00 
1.235744263e+00 1.271550456e+00 1.501371720e+00 
1.176489543e+00 1.281161126e+00 1.500823032e+00 
1.115498768e+00 1.272236932e+00 1.498499177e+00 
1.270797089e+00 1.264097284e+00 1.490075203e+00 
1.157954387e+00 1.270667843e+00 1.488622793e+00 
1.172965688e+00 1.266548985e+00 1.488493690e+00 
1.161338557e+00 1.269491027e+00 1.487880451e+00 
1.206986755e+00 1.262528195e+00 1.487751348e+00 
1.095054064e+00 1.262528195e+00 1.484426944e+00 
1.196446939e+00 1.259095812e+00 1.482651777e+00 
1.180637214e+00 1.254780818e+00 1.480231094e+00 
1.167806893e+00 1.254192410e+00 1.476809863e+00 
1.266828785e+00 1.251642640e+00 1.467643546e+00 
1.192807210e+00 1.253015593e+00 1.466998031e+00 
1.148989194e+00 1.252231048e+00 1.466158861e+00 
1.133744555e+00 1.247719918e+00 1.465674725e+00 
1.128073055e+00 1.244581740e+00 1.460671981e+00 
1.169486279e+00 1.243110719e+00 1.453732692e+00 
1.137330315e+00 1.237422771e+00 1.444566375e+00 
1.222859973e+00 1.232127096e+00 1.442694381e+00 
1.128215914e+00 1.232323232e+00 1.438724462e+00 
1.111006648e+00 1.227223693e+00 1.431752897e+00 
1.254288943e+00 1.226733353e+00 1.430655521e+00 
1.161271889e+00 1.225066196e+00 1.421295549e+00 
1.229367992e+00 1.221045406e+00 1.419617209e+00 
1.145914551e+00 1.220064725e+00 1.417196527e+00 
1.243018959e+00 1.218201432e+00 1.415647290e+00 
1.222701241e+00 1.219476317e+00 1.413775296e+00 
1.237780797e+00 1.218103364e+00 1.408320692e+00 
1.166800531e+00 1.218397568e+00 1.404608979e+00 
1.219050401e+00 1.214572914e+00 1.398412032e+00 
1.235241082e+00 1.211728940e+00 1.397895620e+00 
1.117660224e+00 1.218887908e+00 1.396249556e+00 
1.151006679e+00 1.211336668e+00 1.396120453e+00 
1.149049512e+00 1.207315877e+00 1.396055902e+00 
1.172172028e+00 1.205354516e+00 1.390698125e+00 
1.171748213e+00 1.207021673e+00 1.385243521e+00 
1.220161526e+00 1.204275767e+00 1.381531808e+00 
1.195558039e+00 1.195743846e+00 1.376012652e+00 
1.154155926e+00 1.196234187e+00 1.370622599e+00 
1.148282835e+00 1.192213396e+00 1.370558048e+00 
1.193970717e+00 1.191624988e+00 1.365393926e+00 
1.191907199e+00 1.191232716e+00 1.364716135e+00 
1.207780416e+00 1.188584878e+00 1.362230901e+00 
1.207621684e+00 1.187702265e+00 1.362037246e+00 
1.155346417e+00 1.191624988e+00 1.360100700e+00 
1.189843681e+00 1.189957831e+00 1.359552012e+00 
1.204447041e+00 1.182994999e+00 1.358035051e+00 
1.102077963e+00 1.181622046e+00 1.352935481e+00 
1.198097754e+00 1.176620575e+00 1.346932189e+00 
1.196192968e+00 1.180739433e+00 1.343285027e+00 
1.176351446e+00 1.177895459e+00 1.341832618e+00 
1.173811731e+00 1.174659213e+00 1.335990705e+00 
1.188732555e+00 1.171913308e+00 1.334957880e+00 
1.143176421e+00 1.171324899e+00 1.330051964e+00 
1.169208498e+00 1.170834559e+00 1.325791563e+00 
1.145927250e+00 1.169461606e+00 1.324210051e+00 
1.115371782e+00 1.175247622e+00 1.322563987e+00 
1.160954425e+00 1.163577523e+00 1.320498338e+00 
1.182383268e+00 1.163087183e+00 1.318206759e+00 
1.140530356e+00 1.163773659e+00 1.316431592e+00 
1.113678745e+00 1.158772188e+00 1.314817803e+00 
1.172224409e+00 1.158281848e+00 1.307813962e+00 
1.092964196e+00 1.158576052e+00 1.302520737e+00 
1.145398672e+00 1.154555261e+00 1.293838557e+00 
1.166668783e+00 1.148180838e+00 1.292805732e+00 
1.103361154e+00 1.146415612e+00 1.291191944e+00 
1.127409554e+00 1.145042660e+00 1.289545880e+00 
1.088228581e+00 1.147886633e+00 1.281928800e+00 
1.121853452e+00 1.145827204e+00 1.280799148e+00 
1.086482527e+00 1.144258115e+00 1.280250460e+00 
1.137620795e+00 1.143277435e+00 1.278959429e+00 
1.134208053e+00 1.140727665e+00 1.275925508e+00 
1.127938133e+00 1.136020398e+00 1.268631185e+00 
1.116271318e+00 1.141512209e+00 1.265532711e+00 
1.082329141e+00 1.138275964e+00 1.262821547e+00 
1.132065169e+00 1.135530058e+00 1.262498790e+00 
1.105927218e+00 1.130332451e+00 1.260691347e+00 
1.142224028e+00 1.127194273e+00 1.257431495e+00 
1.141906564e+00 1.130136315e+00 1.254946261e+00 
1.137620795e+00 1.124840639e+00 1.252073718e+00 
1.119922158e+00 1.129253702e+00 1.248652487e+00 
1.080027524e+00 1.130626655e+00 1.244295259e+00 
1.135557277e+00 1.125527116e+00 1.242713746e+00 
1.134922348e+00 1.128665294e+00 1.241906852e+00 
1.116588782e+00 1.122290870e+00 1.238033760e+00 
1.094868982e+00 1.114837697e+00 1.233805635e+00 
1.076403034e+00 1.114739629e+00 1.221573121e+00 
1.081429605e+00 1.107580661e+00 1.220120711e+00 
1.062011422e+00 1.106403844e+00 1.207500888e+00 
1.094128179e+00 1.102971462e+00 1.203789175e+00 
1.092382125e+00 1.101108169e+00 1.202950005e+00 
1.056984851e+00 1.094537609e+00 1.191169351e+00 
1.100953663e+00 1.093360792e+00 1.187199432e+00 
1.099048877e+00 1.087672845e+00 1.177807185e+00 
1.094128179e+00 1.086790232e+00 1.173482232e+00 
1.086350303e+00 1.080415809e+00 1.164735500e+00 

