1.208562406e+00 1.277725758e+00 1.383949307e+00 
1.240395260e+00 1.336304731e+00 1.425054741e+00 
1.223211019e+00 1.276452302e+00 1.382323668e+00 
1.179937542e+00 1.255777370e+00 1.356263685e+00 
1.134474521e+00 1.182778381e+00 1.256983611e+00 
1.154302761e+00 1.179182741e+00 1.258675602e+00 
1.021091392e+00 1.014345107e+00 1.024285051e+00 
1.153503385e+00 1.188134387e+00 1.275844337e+00 
1.158243705e+00 1.035506948e+00 1.085445558e+00 
1.033559784e+00 1.000000000e+00 1.000000000e+00 
1.051271893e+00 1.010936739e+00 1.031683365e+00 
1.003961919e+00 1.007490917e+00 1.000000000e+00 
1.547989326e+00 1.419491367e+00 1.567994824e+00 
1.503411911e+00 1.358740028e+00 1.520220954e+00 
1.423878719e+00 1.282182853e+00 1.437429500e+00 
1.447939220e+00 1.314993071e+00 1.474669896e+00 
1.509211462e+00 1.343233829e+00 1.501741756e+00 
1.279109034e+00 1.395707704e+00 1.487094420e+00 
1.591972453e+00 1.353571295e+00 1.520220954e+00 
1.273020497e+00 1.289561407e+00 1.419215712e+00 
1.534861391e+00 1.281733398e+00 1.423296397e+00 
1.127084377e+00 1.198022398e+00 1.268047907e+00 
1.429637484e+00 1.342035282e+00 1.497876717e+00 
1.411783213e+00 1.353234204e+00 1.517400969e+00 
1.139694932e+00 1.217199146e+00 1.288932387e+00 
1.517016442e+00 1.403722986e+00 1.562072855e+00 
1.251844040e+00 1.281171579e+00 1.403241324e+00 
1.490497221e+00 1.361736395e+00 1.528763851e+00 
1.400948530e+00 1.349001835e+00 1.498507067e+00 
1.350888519e+00 1.294018503e+00 1.430479066e+00 
1.580106506e+00 1.371062587e+00 1.541204963e+00 
1.268845334e+00 1.261021012e+00 1.403871674e+00 
1.369897573e+00 1.370500768e+00 1.523273174e+00 
1.603799946e+00 1.382411326e+00 1.556532413e+00 
1.565540627e+00 1.392449155e+00 1.557726760e+00 
1.406850624e+00 1.348440016e+00 1.510052419e+00 
1.595992635e+00 1.375444773e+00 1.550328445e+00 
1.383463649e+00 1.323345444e+00 1.474304957e+00 
1.447640910e+00 1.349863291e+00 1.518396258e+00 
1.442788725e+00 1.309374883e+00 1.463224073e+00 
1.117497699e+00 1.152889621e+00 1.224902130e+00 
1.254672151e+00 1.287426495e+00 1.416445491e+00 
1.517593251e+00 1.400651710e+00 1.562072855e+00 
1.406787699e+00 1.306228698e+00 1.452806715e+00 
1.369046925e+00 1.325330537e+00 1.463887599e+00 
1.441765618e+00 1.406869171e+00 1.541835313e+00 
1.466111610e+00 1.360200757e+00 1.524467520e+00 
1.551129730e+00 1.430989925e+00 1.574016323e+00 
1.121290653e+00 1.190082026e+00 1.251708579e+00 
1.389479940e+00 1.301059965e+00 1.435190100e+00 
1.566111610e+00 1.430353197e+00 1.581215580e+00 
1.101425126e+00 1.170081276e+00 1.213937363e+00 
1.092281599e+00 1.153713622e+00 1.202292482e+00 
1.081790321e+00 1.120154313e+00 1.157670360e+00 
1.122425627e+00 1.130866325e+00 1.205991640e+00 
1.531019495e+00 1.422749916e+00 1.570283989e+00 
1.090883275e+00 1.144949249e+00 1.193849114e+00 
1.061118426e+00 1.095659013e+00 1.123449008e+00 
1.026742953e+00 1.013596015e+00 1.023521996e+00 
1.001165270e+00 1.009251283e+00 1.008443368e+00 
1.384088234e+00 1.509569647e+00 1.599893836e+00 
1.370373003e+00 1.401775347e+00 1.538650388e+00 
1.344168405e+00 1.424847373e+00 1.540657554e+00 
1.431245557e+00 1.419940822e+00 1.569288700e+00 
1.414262908e+00 1.449754672e+00 1.580419348e+00 
1.332317606e+00 1.407505899e+00 1.518844138e+00 
1.469603925e+00 1.148544889e+00 1.265626037e+00 
1.384713984e+00 1.155473988e+00 1.264415102e+00 
1.030063973e+00 1.000599273e+00 1.000000000e+00 
1.365302912e+00 1.503839095e+00 1.580867228e+00 
1.024004568e+00 1.003708004e+00 1.014547807e+00 
1.321978163e+00 1.362972396e+00 1.502803397e+00 
1.297357167e+00 1.380164051e+00 1.499900471e+00 
1.232613585e+00 1.178171467e+00 1.294406476e+00 
1.395341249e+00 1.409715720e+00 1.555686418e+00 
1.392670450e+00 1.313045432e+00 1.449986729e+00 
1.372562546e+00 1.320723623e+00 1.461996550e+00 
1.422416304e+00 1.333046182e+00 1.478783757e+00 
1.369798525e+00 1.413011723e+00 1.550096211e+00 
1.363739119e+00 1.403947713e+00 1.537588747e+00 
1.352008343e+00 1.381662235e+00 1.518927078e+00 
1.437582297e+00 1.322221806e+00 1.465446885e+00 
1.257641260e+00 1.121090678e+00 1.216193351e+00 
1.396098675e+00 1.396644069e+00 1.541271316e+00 
1.404430358e+00 1.414285179e+00 1.565324132e+00 
1.318052367e+00 1.279598487e+00 1.412663393e+00 
1.308763998e+00 1.311322521e+00 1.437396324e+00 
1.333771863e+00 1.281658489e+00 1.414421737e+00 
1.360806134e+00 1.408554628e+00 1.541271316e+00 
1.290764068e+00 1.434510656e+00 1.534768761e+00 
1.168090239e+00 1.067755347e+00 1.131013204e+00 
1.202990084e+00 1.082025544e+00 1.153722381e+00 
1.135418390e+00 1.120940859e+00 1.190830071e+00 
1.285995782e+00 1.097719016e+00 1.183431756e+00 
1.357405875e+00 1.445747032e+00 1.566004247e+00 
1.350783644e+00 1.332409454e+00 1.466707584e+00 
1.219041682e+00 1.162215813e+00 1.262640170e+00 
1.306017456e+00 1.444436121e+00 1.563466260e+00 
1.360630178e+00 1.409753174e+00 1.536493929e+00 
1.337924887e+00 1.410989176e+00 1.537621923e+00 
1.265603552e+00 1.151541256e+00 1.259720656e+00 
1.221401354e+00 1.103412113e+00 1.187529029e+00 
1.245965252e+00 1.370613132e+00 1.456356579e+00 
1.409487631e+00 1.430390651e+00 1.572340920e+00 
1.078879127e+00 1.071276078e+00 1.125904054e+00 
1.359547642e+00 1.435147384e+00 1.575923960e+00 
1.269608586e+00 1.401063710e+00 1.480392807e+00 
1.273687032e+00 1.397542979e+00 1.498822241e+00 
1.356634466e+00 1.426720102e+00 1.561774268e+00 
1.294015172e+00 1.370163677e+00 1.488205826e+00 
1.184170968e+00 1.104535750e+00 1.186483976e+00 
1.234355664e+00 1.158545264e+00 1.273273174e+00 
1.233733409e+00 1.119779767e+00 1.210785615e+00 
1.362247573e+00 1.419978276e+00 1.569587287e+00 
1.299491942e+00 1.425821192e+00 1.533292416e+00 
1.287757670e+00 1.423611371e+00 1.516405680e+00 
1.299704021e+00 1.461178321e+00 1.545683764e+00 
1.233928010e+00 1.104947751e+00 1.191891713e+00 
1.249837445e+00 1.289861043e+00 1.405596842e+00 
1.281937145e+00 1.439155025e+00 1.516289563e+00 
1.333106494e+00 1.482827072e+00 1.569122819e+00 
1.300330937e+00 1.436570658e+00 1.544157654e+00 
1.277858699e+00 1.091501554e+00 1.181441178e+00 
1.281948798e+00 1.414172815e+00 1.504147037e+00 
1.315971195e+00 1.426682647e+00 1.555586889e+00 
1.327485230e+00 1.422113188e+00 1.533126534e+00 
1.163767086e+00 1.152327803e+00 1.244724968e+00 
1.333788177e+00 1.409116446e+00 1.525661867e+00 
1.232636890e+00 1.193640211e+00 1.312321677e+00 
1.125097591e+00 1.164575452e+00 1.237592064e+00 
1.352321801e+00 1.425671373e+00 1.543046248e+00 
1.153718960e+00 1.090115735e+00 1.165699025e+00 
1.125036997e+00 1.152028166e+00 1.236862186e+00 
1.144868732e+00 1.146859433e+00 1.238404884e+00 
1.130166517e+00 1.127907412e+00 1.209823502e+00 
1.352552525e+00 1.122289224e+00 1.223508725e+00 
1.328725078e+00 1.235514439e+00 1.365420344e+00 
1.476193528e+00 1.446870669e+00 1.577466658e+00 
1.389563839e+00 1.453013221e+00 1.582326986e+00 
1.298833564e+00 1.082624817e+00 1.162812687e+00 
1.314737173e+00 1.411513540e+00 1.525894101e+00 
1.275062051e+00 1.089628825e+00 1.173213456e+00 
1.205204097e+00 1.075695719e+00 1.147684294e+00 
1.459838960e+00 1.233791528e+00 1.368787738e+00 
1.399893960e+00 1.469605603e+00 1.607093093e+00 
1.376026894e+00 1.288025769e+00 1.426580851e+00 
1.331053288e+00 1.462451777e+00 1.568459293e+00 
1.308738362e+00 1.094310648e+00 1.185671157e+00 
1.379161472e+00 1.459642683e+00 1.599528897e+00 
1.415135696e+00 1.224802427e+00 1.366017517e+00 
1.243075381e+00 1.066669164e+00 1.133518015e+00 
1.161005395e+00 1.307801790e+00 1.334400504e+00 
1.422763555e+00 1.457807409e+00 1.596725499e+00 
1.367756971e+00 1.468781602e+00 1.590372238e+00 
1.248794528e+00 1.354245477e+00 1.454515294e+00 
1.302533298e+00 1.217573692e+00 1.351917590e+00 
1.195241036e+00 1.356380389e+00 1.394449605e+00 
1.309495788e+00 1.087344095e+00 1.163874328e+00 
1.018877379e+00 1.005917825e+00 1.015128392e+00 
1.265098990e+00 1.079553541e+00 1.154037556e+00 
1.421742778e+00 1.210644593e+00 1.349163957e+00 
1.256660102e+00 1.418068092e+00 1.490627696e+00 
1.331181468e+00 1.160455448e+00 1.278680910e+00 
1.302262955e+00 1.134799056e+00 1.241987924e+00 
1.347445145e+00 1.157608899e+00 1.268562139e+00 
1.287588706e+00 1.077942994e+00 1.155016256e+00 
1.223265786e+00 1.095733923e+00 1.181308473e+00 
1.070463894e+00 1.131989962e+00 1.145179484e+00 
1.302078842e+00 1.158133263e+00 1.274815872e+00 
1.301105841e+00 1.074721900e+00 1.151715215e+00 
1.287006071e+00 1.091464100e+00 1.174291686e+00 
1.330470653e+00 1.079740814e+00 1.160871873e+00 
1.289523055e+00 1.467695419e+00 1.517882025e+00 
1.305044455e+00 1.203228585e+00 1.323750912e+00 
1.244124125e+00 1.080227724e+00 1.156326720e+00 
1.318118788e+00 1.090677553e+00 1.174291686e+00 
1.242152487e+00 1.392673883e+00 1.460122089e+00 
1.030763136e+00 1.002397094e+00 1.014829806e+00 
1.354288777e+00 1.172066370e+00 1.301124677e+00 
1.238239510e+00 1.061987340e+00 1.133352133e+00 
1.376320543e+00 1.333495637e+00 1.472314379e+00 
1.397586725e+00 1.339788007e+00 1.485916661e+00 
1.375702949e+00 1.337578186e+00 1.483411851e+00 
1.183530070e+00 1.040450953e+00 1.094751510e+00 
1.443948169e+00 1.189258025e+00 1.315340721e+00 
1.375009613e+00 1.373197498e+00 1.524948577e+00 
1.304951233e+00 1.087643732e+00 1.168319952e+00 
1.414466831e+00 1.172103824e+00 1.302484905e+00 
1.386461890e+00 1.100603019e+00 1.196420277e+00 
1.375487374e+00 1.166598000e+00 1.287174043e+00 
1.315671720e+00 1.083411364e+00 1.166810431e+00 
1.333034247e+00 1.093823739e+00 1.183133170e+00 
1.317428948e+00 1.195737668e+00 1.322805388e+00 
1.294036147e+00 1.139668152e+00 1.246831663e+00 
1.337404011e+00 1.088767370e+00 1.171770287e+00 
1.332617081e+00 1.238510806e+00 1.383501427e+00 
1.491394479e+00 1.161653995e+00 1.281152545e+00 
1.253659531e+00 1.098280834e+00 1.189088315e+00 
1.146669075e+00 1.071613169e+00 1.145345365e+00 
1.313807288e+00 1.102438294e+00 1.197614624e+00 
1.430163021e+00 1.310910521e+00 1.454896822e+00 
1.271236468e+00 1.136634331e+00 1.239864641e+00 
1.358912570e+00 1.156223080e+00 1.269010019e+00 
1.230161856e+00 1.158620173e+00 1.267682967e+00 
1.033093676e+00 1.001498183e+00 1.008924424e+00 
1.315780090e+00 1.408629537e+00 1.516886736e+00 
1.267363110e+00 1.257949736e+00 1.396407007e+00 
1.168317466e+00 1.235139893e+00 1.343225400e+00 
1.267363110e+00 1.256301734e+00 1.391165152e+00 
1.231987835e+00 1.223716244e+00 1.351320417e+00 
1.254247993e+00 1.393610248e+00 1.473077433e+00 
1.227865108e+00 1.276265029e+00 1.382638843e+00 
1.181904518e+00 1.208846773e+00 1.323999735e+00 
1.240467506e+00 1.240570808e+00 1.362832592e+00 
1.152071268e+00 1.209258774e+00 1.300643620e+00 
1.214435368e+00 1.218210420e+00 1.344237277e+00 
1.180362865e+00 1.167309637e+00 1.275014929e+00 
1.162077444e+00 1.181167834e+00 1.292880366e+00 
1.182688745e+00 1.281546125e+00 1.365519873e+00 
1.161364298e+00 1.212479868e+00 1.316153540e+00 
1.187303215e+00 1.287051950e+00 1.369650322e+00 
1.203679924e+00 1.227536612e+00 1.351784885e+00 
1.170878730e+00 1.228248249e+00 1.354040873e+00 
1.162312828e+00 1.178471104e+00 1.279128790e+00 
1.183964716e+00 1.246900633e+00 1.358121558e+00 
1.176742370e+00 1.147159070e+00 1.240329109e+00 
1.149241992e+00 1.146522342e+00 1.235037489e+00 
1.100875118e+00 1.106558298e+00 1.184393869e+00 
1.242461284e+00 1.288213042e+00 1.401001924e+00 
1.337954018e+00 1.271395932e+00 1.410540110e+00 
1.245246280e+00 1.291097045e+00 1.401549333e+00 
1.151366279e+00 1.152515075e+00 1.245852963e+00 
1.308036869e+00 1.292707592e+00 1.427742021e+00 
1.141851848e+00 1.203678040e+00 1.280140668e+00 
1.123545451e+00 1.227536612e+00 1.267915201e+00 
1.195697822e+00 1.199857673e+00 1.320599164e+00 
1.196699955e+00 1.249897000e+00 1.362003185e+00 
1.197422422e+00 1.241731900e+00 1.377596045e+00 
1.183535896e+00 1.210007865e+00 1.334931325e+00 
1.295632567e+00 1.288437769e+00 1.424689802e+00 
1.157614459e+00 1.218210420e+00 1.333554509e+00 
1.262626286e+00 1.237611896e+00 1.375273704e+00 
1.195540511e+00 1.346454923e+00 1.389987393e+00 
1.162319820e+00 1.157234353e+00 1.255291620e+00 
1.152953378e+00 1.206299861e+00 1.312752969e+00 
1.253737604e+00 1.249372636e+00 1.387200584e+00 
1.231434331e+00 1.268324656e+00 1.386304824e+00 
1.170805318e+00 1.196299487e+00 1.308771813e+00 
1.271414755e+00 1.325480355e+00 1.442041006e+00 
1.149364345e+00 1.192216937e+00 1.292913543e+00 
1.219412238e+00 1.280609761e+00 1.395444894e+00 
1.143219875e+00 1.213753324e+00 1.323949970e+00 
1.202572917e+00 1.262743923e+00 1.379088979e+00 
1.129336845e+00 1.205063860e+00 1.288302037e+00 
1.291488866e+00 1.316566164e+00 1.435223276e+00 
1.261212813e+00 1.309711974e+00 1.418568774e+00 
1.267035669e+00 1.316753436e+00 1.428272842e+00 
1.017595581e+00 1.016817109e+00 1.028581381e+00 
1.145985061e+00 1.184501292e+00 1.266239798e+00 
1.020741811e+00 1.003895277e+00 1.000000000e+00 
1.006292460e+00 1.008951646e+00 1.010633004e+00 
1.163321953e+00 1.105584479e+00 1.199771084e+00 
1.264349721e+00 1.369452039e+00 1.475831066e+00 
1.366759500e+00 1.333832728e+00 1.469345100e+00 
1.336285351e+00 1.313419978e+00 1.461731139e+00 
1.192074997e+00 1.105097569e+00 1.188872669e+00 
1.249201207e+00 1.360762575e+00 1.468515692e+00 
1.388860016e+00 1.341885464e+00 1.484689138e+00 
1.242609273e+00 1.061650249e+00 1.125572291e+00 
1.304185651e+00 1.371998951e+00 1.492701214e+00 
1.226012329e+00 1.336978913e+00 1.430694712e+00 
1.133297598e+00 1.114348852e+00 1.188093026e+00 
1.200744608e+00 1.165961272e+00 1.270536129e+00 
1.117505855e+00 1.135473239e+00 1.230293278e+00 
1.410784576e+00 1.313607251e+00 1.462792781e+00 
1.219591689e+00 1.374995318e+00 1.430263420e+00 
1.209325658e+00 1.193003483e+00 1.311840621e+00 
1.190047427e+00 1.196823851e+00 1.319653639e+00 
1.402216344e+00 1.301059965e+00 1.447813682e+00 
1.215484112e+00 1.311322521e+00 1.423760865e+00 
1.244112472e+00 1.334132365e+00 1.448228386e+00 
1.255217498e+00 1.272407206e+00 1.393205494e+00 
1.115556358e+00 1.091838646e+00 1.172384049e+00 
1.177948425e+00 1.282445035e+00 1.360560016e+00 
1.124441544e+00 1.115247762e+00 1.184991042e+00 
1.367784938e+00 1.327802539e+00 1.465612766e+00 
1.273759278e+00 1.211431140e+00 1.342926813e+00 
1.152918419e+00 1.125098318e+00 1.230061044e+00 
1.199447662e+00 1.219408967e+00 1.340140004e+00 
1.115340783e+00 1.126633956e+00 1.202541304e+00 
1.115439831e+00 1.099516836e+00 1.178770486e+00 
1.201434448e+00 1.294879958e+00 1.386537058e+00 
1.213894683e+00 1.071276078e+00 1.137018114e+00 
1.296553130e+00 1.365032398e+00 1.480824099e+00 
1.148863279e+00 1.109329937e+00 1.200683432e+00 
1.273984176e+00 1.330986179e+00 1.466425586e+00 
1.194186467e+00 1.167084910e+00 1.287937098e+00 
1.194943892e+00 1.206786771e+00 1.324099263e+00 
1.235131734e+00 1.248211544e+00 1.384878243e+00 
1.154343545e+00 1.185325293e+00 1.280439254e+00 
1.187996551e+00 1.183639837e+00 1.299233627e+00 
1.191055385e+00 1.135997603e+00 1.239615818e+00 
1.164370696e+00 1.136035057e+00 1.236812421e+00 
1.401959985e+00 1.318925802e+00 1.463605600e+00 
1.205920738e+00 1.280609761e+00 1.395378542e+00 
1.196406306e+00 1.344694558e+00 1.389141397e+00 
1.225707028e+00 1.293643957e+00 1.416561608e+00 
1.188012865e+00 1.181392562e+00 1.300427974e+00 
1.300651386e+00 1.365257126e+00 1.481968682e+00 
1.096394654e+00 1.101314656e+00 1.182502820e+00 
1.133996761e+00 1.088655006e+00 1.160523522e+00 
1.261748838e+00 1.370350949e+00 1.474421074e+00 
1.280952492e+00 1.387842241e+00 1.494442970e+00 
1.241752800e+00 1.336080003e+00 1.439254197e+00 
1.157690201e+00 1.109929211e+00 1.201628956e+00 
1.169183262e+00 1.177497285e+00 1.284934643e+00 
1.237371383e+00 1.341997828e+00 1.432171057e+00 
1.098581866e+00 1.072661897e+00 1.129487094e+00 
1.223335703e+00 1.296565414e+00 1.408566120e+00 
1.171108289e+00 1.168620548e+00 1.279161967e+00 
1.189537038e+00 1.144874340e+00 1.252853162e+00 
1.264807672e+00 1.149855800e+00 1.255839029e+00 
1.265678129e+00 1.266863927e+00 1.388013403e+00 
1.213547432e+00 1.232031162e+00 1.360510251e+00 
1.120838528e+00 1.068204802e+00 1.136404353e+00 
1.104923267e+00 1.077680812e+00 1.143188906e+00 
1.113284081e+00 1.082549908e+00 1.154634729e+00 
1.230422877e+00 1.349601109e+00 1.443732997e+00 
1.230840043e+00 1.274954118e+00 1.388958928e+00 
1.261236119e+00 1.341136372e+00 1.470937562e+00 
1.213247958e+00 1.221918424e+00 1.341301174e+00 
1.150410758e+00 1.115547399e+00 1.206041404e+00 
1.130675740e+00 1.123225589e+00 1.214053480e+00 
1.186099491e+00 1.188171842e+00 1.306150886e+00 
1.163555007e+00 1.137683059e+00 1.238852764e+00 
1.229205169e+00 1.380501142e+00 1.434178223e+00 
1.232765070e+00 1.216524963e+00 1.344005043e+00 
1.292153070e+00 1.322933443e+00 1.441725831e+00 
1.214371278e+00 1.146335069e+00 1.253035631e+00 
1.156738175e+00 1.164275816e+00 1.264829806e+00 
1.183967046e+00 1.325929810e+00 1.371823369e+00 
1.204504935e+00 1.353496386e+00 1.407404950e+00 
1.128665649e+00 1.105771752e+00 1.182851171e+00 
1.169194915e+00 1.156223080e+00 1.257182669e+00 
1.217206381e+00 1.271658115e+00 1.379536859e+00 
1.145493317e+00 1.151241620e+00 1.240644284e+00 
1.272111586e+00 1.312258886e+00 1.428554840e+00 
1.168204435e+00 1.188471478e+00 1.300660208e+00 
1.238707948e+00 1.310423611e+00 1.422135227e+00 
1.261787292e+00 1.332709090e+00 1.448510384e+00 
1.034258946e+00 1.002846549e+00 1.016322739e+00 
1.007457730e+00 1.006592007e+00 1.000000000e+00 
1.305320624e+00 1.354882205e+00 1.501127994e+00 
1.374954846e+00 1.352335293e+00 1.496931192e+00 
1.292922148e+00 1.409266265e+00 1.499253533e+00 
1.319887668e+00 1.364208397e+00 1.517865437e+00 
1.256431709e+00 1.157196899e+00 1.267583438e+00 
1.372265402e+00 1.354282932e+00 1.496931192e+00 
1.297907175e+00 1.336679276e+00 1.478651052e+00 
1.159770209e+00 1.201430765e+00 1.294141066e+00 
1.269445448e+00 1.155174351e+00 1.264166280e+00 
1.272527588e+00 1.169819094e+00 1.289247562e+00 
1.161751168e+00 1.180306379e+00 1.270818128e+00 
1.273646247e+00 1.191168209e+00 1.322656094e+00 
1.321113532e+00 1.344245103e+00 1.485253135e+00 
1.293362620e+00 1.205213678e+00 1.331680048e+00 
1.321822017e+00 1.334319637e+00 1.480425984e+00 
1.293444189e+00 1.178995468e+00 1.314710371e+00 
1.256889661e+00 1.175999101e+00 1.301456440e+00 
1.308884021e+00 1.172141279e+00 1.296065291e+00 
1.292922148e+00 1.410989176e+00 1.508891248e+00 
1.344498176e+00 1.388179333e+00 1.533823237e+00 
1.294807556e+00 1.205288588e+00 1.340023887e+00 
1.301047578e+00 1.387767332e+00 1.508310663e+00 
1.271218989e+00 1.330087269e+00 1.449953553e+00 
1.254716431e+00 1.189632571e+00 1.312835910e+00 
1.318823776e+00 1.326753811e+00 1.449323204e+00 
1.343108009e+00 1.386306603e+00 1.527519740e+00 
1.285238356e+00 1.296153414e+00 1.430893769e+00 
1.246116737e+00 1.105284842e+00 1.194844403e+00 
1.276067679e+00 1.353084385e+00 1.478435406e+00 
1.292663458e+00 1.339937825e+00 1.466890054e+00 
1.119312024e+00 1.126559047e+00 1.204714352e+00 
1.293479147e+00 1.217536237e+00 1.346692323e+00 
1.255526294e+00 1.153114349e+00 1.263967222e+00 
1.300092056e+00 1.161241994e+00 1.280306549e+00 
1.272137222e+00 1.190007116e+00 1.316120364e+00 
1.284704662e+00 1.162964905e+00 1.276839626e+00 
1.244046051e+00 1.213416233e+00 1.335163559e+00 
1.282187678e+00 1.167234728e+00 1.288086391e+00 
1.270791335e+00 1.178958013e+00 1.304044191e+00 
1.281942972e+00 1.206899135e+00 1.332028399e+00 
1.331152336e+00 1.212816959e+00 1.343208812e+00 
1.132465595e+00 1.121315405e+00 1.194413111e+00 
1.289721151e+00 1.330461815e+00 1.451761661e+00 
1.268592470e+00 1.147271433e+00 1.254312919e+00 
1.143336402e+00 1.107344844e+00 1.188773140e+00 
1.019809595e+00 1.003970186e+00 1.000000000e+00 
1.122365033e+00 1.120566313e+00 1.188258908e+00 
1.109731172e+00 1.098093562e+00 1.165334085e+00 
1.292698416e+00 1.178733286e+00 1.304956539e+00 
1.248330750e+00 1.115959399e+00 1.210354323e+00 
1.142640736e+00 1.130641597e+00 1.219212395e+00 
1.128760036e+00 1.125397955e+00 1.201297193e+00 
1.106278476e+00 1.099104835e+00 1.166080552e+00 
1.106092033e+00 1.086595004e+00 1.158284122e+00 
1.453604764e+00 1.664032361e+00 1.632207551e+00 
1.290466924e+00 1.149256526e+00 1.260616416e+00 
1.223289092e+00 1.151204165e+00 1.256801141e+00 
1.104231096e+00 1.100265928e+00 1.162879039e+00 
1.010720487e+00 1.007603281e+00 1.013552518e+00 
1.343094026e+00 1.300722874e+00 1.431408002e+00 
1.371558083e+00 1.277388666e+00 1.422135227e+00 
1.289913420e+00 1.250009364e+00 1.393205494e+00 
1.072528403e+00 1.093149556e+00 1.131726495e+00 
1.390181433e+00 1.193939848e+00 1.331298520e+00 
1.276078166e+00 1.238136260e+00 1.376385110e+00 
1.424904157e+00 1.327015993e+00 1.477406940e+00 
1.352307818e+00 1.216412600e+00 1.353476876e+00 
1.259826142e+00 1.087980823e+00 1.163243979e+00 
1.363100551e+00 1.240346080e+00 1.385392476e+00 
1.233257979e+00 1.185212929e+00 1.308357110e+00 
1.320895627e+00 1.217124237e+00 1.346609382e+00 
1.128535139e+00 1.186036930e+00 1.270652246e+00 
1.356126409e+00 1.274954118e+00 1.415018910e+00 
1.195948355e+00 1.180156560e+00 1.289148033e+00 
1.194882133e+00 1.163039814e+00 1.267682967e+00 
1.326430661e+00 1.216225327e+00 1.348235021e+00 
1.225208292e+00 1.132327053e+00 1.237442771e+00 
1.306485894e+00 1.146784524e+00 1.260201712e+00 
1.374875607e+00 1.269897749e+00 1.415018910e+00 
1.314649778e+00 1.253380276e+00 1.402163095e+00 
1.224227134e+00 1.165137271e+00 1.282761595e+00 
1.323051377e+00 1.132926327e+00 1.252139871e+00 
1.308324691e+00 1.198434398e+00 1.324182204e+00 
1.275582926e+00 1.214839507e+00 1.344253865e+00 
1.459314588e+00 1.331585453e+00 1.479480459e+00 
1.243182586e+00 1.157346717e+00 1.264531219e+00 
1.333869746e+00 1.233866437e+00 1.376534404e+00 
1.421272009e+00 1.293119592e+00 1.436069272e+00 
1.215146183e+00 1.345106558e+00 1.404352730e+00 
1.359494040e+00 1.301322147e+00 1.446138279e+00 
1.244347856e+00 1.158170718e+00 1.276076571e+00 
1.276730718e+00 1.255889734e+00 1.406476014e+00 
1.281945302e+00 1.219895876e+00 1.365304227e+00 
1.342939045e+00 1.507959100e+00 1.572374096e+00 
1.237870119e+00 1.111090303e+00 1.204979762e+00 
1.359320414e+00 1.302146148e+00 1.436401035e+00 
1.186981600e+00 1.312446159e+00 1.382904253e+00 
1.105903259e+00 1.137683059e+00 1.208579391e+00 
1.272996026e+00 1.242818083e+00 1.388444695e+00 
1.462291854e+00 1.347428743e+00 1.502571163e+00 
1.193102765e+00 1.280497397e+00 1.363827881e+00 
1.138752229e+00 1.109629574e+00 1.193434410e+00 
1.295951851e+00 1.286602494e+00 1.425734855e+00 
1.215260380e+00 1.227162066e+00 1.362052949e+00 
1.194617617e+00 1.301621784e+00 1.383866366e+00 
1.411660860e+00 1.333682909e+00 1.493032977e+00 
1.252033979e+00 1.274617027e+00 1.389804923e+00 
1.141964879e+00 1.196861306e+00 1.284486763e+00 
1.403707890e+00 1.337615641e+00 1.485352664e+00 
1.386644837e+00 1.349676018e+00 1.492668038e+00 
1.130685062e+00 1.160193266e+00 1.239881229e+00 
1.130556883e+00 1.163152178e+00 1.256303497e+00 
1.020741811e+00 1.005056369e+00 1.007796430e+00 
1.193415058e+00 1.090715008e+00 1.168834185e+00 
1.202737220e+00 1.068092438e+00 1.136470705e+00 
1.270805318e+00 1.298213416e+00 1.420526176e+00 
1.294927578e+00 1.316828346e+00 1.445906045e+00 
1.199340457e+00 1.321285441e+00 1.389240926e+00 
1.341695701e+00 1.131053598e+00 1.231935505e+00 
1.395009147e+00 1.318214165e+00 1.463058191e+00 
1.391672979e+00 1.342447283e+00 1.486464070e+00 
1.288728341e+00 1.315330162e+00 1.434360693e+00 
1.309489961e+00 1.310386157e+00 1.443749585e+00 
1.322502534e+00 1.305367242e+00 1.437313383e+00 
1.358953354e+00 1.422937189e+00 1.545003649e+00 
1.282383444e+00 1.099928836e+00 1.191460421e+00 
1.347964855e+00 1.426345556e+00 1.543991772e+00 
1.239495671e+00 1.282033035e+00 1.396987592e+00 
1.376770337e+00 1.130192142e+00 1.231968682e+00 
1.241578009e+00 1.334694183e+00 1.429035897e+00 
1.001165270e+00 1.008240009e+00 1.000000000e+00 
1.185918874e+00 1.287875950e+00 1.367809037e+00 
1.322654020e+00 1.279111577e+00 1.414272444e+00 
1.337681345e+00 1.201131129e+00 1.329092296e+00 
1.370575760e+00 1.124686318e+00 1.224786013e+00 
1.082268082e+00 1.015693472e+00 1.046695641e+00 
1.290475081e+00 1.207610772e+00 1.334101918e+00 
1.617474393e+00 1.272107570e+00 1.417590074e+00 
1.324570889e+00 1.167122364e+00 1.295169531e+00 
1.209037836e+00 1.090265553e+00 1.171521465e+00 
1.331402869e+00 1.113599760e+00 1.218349811e+00 
1.346667910e+00 1.123000861e+00 1.221484971e+00 
1.285549483e+00 1.078954268e+00 1.155530489e+00 
1.355667292e+00 1.197198397e+00 1.335412381e+00 
1.336107065e+00 1.192404210e+00 1.328893239e+00 
1.326494750e+00 1.197086033e+00 1.324663261e+00 
1.424100120e+00 1.129780142e+00 1.235452193e+00 
1.494307655e+00 1.165699090e+00 1.288550859e+00 
1.274033117e+00 1.105135024e+00 1.194943932e+00 
1.386566764e+00 1.291546500e+00 1.428886603e+00 
1.187480336e+00 1.083036818e+00 1.156111074e+00 
1.086499994e+00 1.105509570e+00 1.166777254e+00 
1.307911020e+00 1.133637964e+00 1.246201314e+00 
1.215087920e+00 1.111052848e+00 1.201910955e+00 
1.312859923e+00 1.203940222e+00 1.331978634e+00 
1.081419416e+00 1.099029926e+00 1.152743680e+00 
1.122679656e+00 1.170755459e+00 1.235701015e+00 
1.153207406e+00 1.189932207e+00 1.277503152e+00 
1.122277637e+00 1.121427769e+00 1.186782563e+00 
1.025869000e+00 1.001872729e+00 1.000000000e+00 
1.469778715e+00 1.127495412e+00 1.231354920e+00 
1.462457322e+00 1.148320162e+00 1.261213589e+00 
1.446473309e+00 1.111502303e+00 1.207749983e+00 
1.168964191e+00 1.061800067e+00 1.125223940e+00 
1.201009124e+00 1.061388067e+00 1.124195475e+00 
1.187258935e+00 1.077605903e+00 1.149625108e+00 
1.008389946e+00 1.006292371e+00 1.000000000e+00 
1.321175292e+00 1.513727106e+00 1.570847986e+00 
1.244423599e+00 1.321435260e+00 1.435438922e+00 
1.288200473e+00 1.467433237e+00 1.516538385e+00 
1.350755678e+00 1.526986029e+00 1.590687413e+00 
1.336401878e+00 1.544814413e+00 1.593308341e+00 
1.377075638e+00 1.525600210e+00 1.595614093e+00 
1.011361385e+00 1.019176748e+00 1.026955743e+00 
1.109311675e+00 1.122551406e+00 1.184460222e+00 
1.334331193e+00 1.533091127e+00 1.586042731e+00 
1.011652703e+00 1.005468370e+00 1.000000000e+00 
1.404649428e+00 1.310873066e+00 1.454847057e+00 
1.257612128e+00 1.143338702e+00 1.247296132e+00 
1.412130464e+00 1.312071613e+00 1.458695508e+00 
1.017246000e+00 1.004120004e+00 1.000000000e+00 
1.246745983e+00 1.116221581e+00 1.214202774e+00 
1.229200508e+00 1.207648227e+00 1.332492867e+00 
1.302877052e+00 1.276639575e+00 1.410009289e+00 
1.252389387e+00 1.154200532e+00 1.261744410e+00 
1.203258096e+00 1.118169220e+00 1.208347157e+00 
1.165643171e+00 1.091164463e+00 1.172201579e+00 
1.243748908e+00 1.220607513e+00 1.348964899e+00 
1.232494727e+00 1.203415858e+00 1.326670427e+00 
1.248299288e+00 1.107607026e+00 1.201844602e+00 
1.252397544e+00 1.082100453e+00 1.158217769e+00 
1.223536129e+00 1.112026668e+00 1.208446686e+00 
1.161836233e+00 1.083261545e+00 1.162315042e+00 
1.220556533e+00 1.121352860e+00 1.211830668e+00 
1.034725054e+00 1.002509457e+00 1.015874859e+00 
1.483101250e+00 1.486572531e+00 1.613778117e+00 
1.470431267e+00 1.383872055e+00 1.554591600e+00 
1.471870375e+00 1.476197610e+00 1.610842014e+00 
1.365937984e+00 1.529458032e+00 1.598168668e+00 
1.445873195e+00 1.405258624e+00 1.562454383e+00 
1.402886374e+00 1.246713360e+00 1.389456572e+00 
1.445846394e+00 1.493164538e+00 1.626683697e+00 
1.340995374e+00 1.521292932e+00 1.579125473e+00 
1.417613060e+00 1.369526949e+00 1.539662265e+00 
1.530343638e+00 1.454923405e+00 1.591467056e+00 
1.485047252e+00 1.442413574e+00 1.583305686e+00 
1.408092802e+00 1.342522192e+00 1.489466525e+00 
1.340616661e+00 1.522454024e+00 1.589526242e+00 
1.531120873e+00 1.434098655e+00 1.592495521e+00 
1.452116713e+00 1.540694408e+00 1.631461084e+00 
1.409764965e+00 1.372972771e+00 1.528680910e+00 
1.349000781e+00 1.510318739e+00 1.572589742e+00 
1.374894252e+00 1.527023484e+00 1.592976578e+00 
1.524167706e+00 1.446046668e+00 1.590488355e+00 
1.564780871e+00 1.468294693e+00 1.610775662e+00 
1.499432513e+00 1.454548860e+00 1.590488355e+00 
1.437596280e+00 1.506760553e+00 1.609498374e+00 
1.378588159e+00 1.297089779e+00 1.431623648e+00 
1.553960171e+00 1.473912881e+00 1.607723442e+00 
1.368642577e+00 1.509644556e+00 1.592031053e+00 
1.440136570e+00 1.514288925e+00 1.611024484e+00 
1.025869000e+00 1.002771639e+00 1.014498043e+00 
1.440918466e+00 1.523652571e+00 1.629370977e+00 
1.463326614e+00 1.540919136e+00 1.640236215e+00 
1.000233054e+00 1.011273830e+00 1.015028863e+00 
1.413003251e+00 1.518408929e+00 1.607856148e+00 
1.420776769e+00 1.531443125e+00 1.610112136e+00 
1.389447312e+00 1.538072587e+00 1.607706854e+00 
1.433150774e+00 1.542642047e+00 1.628591334e+00 
1.238848946e+00 1.215626053e+00 1.338448013e+00 
1.419511286e+00 1.290647590e+00 1.427592728e+00 
1.002330541e+00 1.008015281e+00 1.000000000e+00 
1.188805248e+00 1.301134874e+00 1.381743083e+00 
1.249684794e+00 1.272557025e+00 1.389688806e+00 
1.154380834e+00 1.191505300e+00 1.281899011e+00 
1.346897468e+00 1.273493389e+00 1.412066220e+00 
1.144089166e+00 1.195400577e+00 1.290491673e+00 
1.354075533e+00 1.283755946e+00 1.421687347e+00 
1.140039852e+00 1.104423387e+00 1.186102448e+00 
1.184992484e+00 1.289224316e+00 1.370114790e+00 
1.335481315e+00 1.131877598e+00 1.230160573e+00 
1.179521540e+00 1.139930334e+00 1.246234490e+00 
1.160178053e+00 1.177572194e+00 1.268645080e+00 
1.146340469e+00 1.181130379e+00 1.265742154e+00 
1.218488178e+00 1.094760103e+00 1.180445889e+00 
1.214879336e+00 1.211094048e+00 1.335130383e+00 
1.067509934e+00 1.099142290e+00 1.136321412e+00 
1.213066176e+00 1.195625304e+00 1.312421206e+00 
1.214642786e+00 1.057492790e+00 1.124859001e+00 
1.075002622e+00 1.091539009e+00 1.142624909e+00 
1.166724542e+00 1.167908910e+00 1.267434145e+00 
1.293415058e+00 1.104460841e+00 1.193550528e+00 
1.113056854e+00 1.156859807e+00 1.215811824e+00 
1.126082245e+00 1.062511705e+00 1.124477473e+00 
1.015323304e+00 1.017229110e+00 1.024898812e+00 
1.153777224e+00 1.121652496e+00 1.211598434e+00 
1.206389177e+00 1.187909660e+00 1.301356911e+00 
1.127500379e+00 1.078804450e+00 1.148281468e+00 
1.199494273e+00 1.156859807e+00 1.258891248e+00 
1.158241374e+00 1.179332559e+00 1.268346493e+00 
1.127309274e+00 1.160717630e+00 1.253168337e+00 
1.119111598e+00 1.149780891e+00 1.235419017e+00 
1.127655360e+00 1.107532117e+00 1.186019508e+00 
1.141230758e+00 1.118506311e+00 1.195275695e+00 
1.187387114e+00 1.163639088e+00 1.268827550e+00 
1.032627568e+00 1.000299637e+00 1.000000000e+00 
1.006758568e+00 1.008240009e+00 1.012540641e+00 
1.030471818e+00 1.010899285e+00 1.025131046e+00 
1.032627568e+00 1.002097457e+00 1.014216044e+00 
1.027034271e+00 1.005018915e+00 1.015509920e+00 
1.034025892e+00 1.001910184e+00 1.014448278e+00 
1.005593297e+00 1.009326192e+00 1.010069007e+00 
1.008856054e+00 1.007828009e+00 1.011926879e+00 
1.028665649e+00 1.001423274e+00 1.000000000e+00 
1.027500379e+00 1.003782913e+00 1.016455444e+00 
1.014216297e+00 1.006479643e+00 1.004876916e+00 
1.017246000e+00 1.005543279e+00 1.011545352e+00 
1.011885757e+00 1.007153826e+00 1.012872404e+00 
1.053136325e+00 1.009625829e+00 1.031865835e+00 
1.028199541e+00 1.003370913e+00 1.014697100e+00 
1.031695352e+00 1.002322184e+00 1.012739699e+00 
1.010953541e+00 1.005992734e+00 1.000000000e+00 
1.000000000e+00 1.008989101e+00 1.000000000e+00 
1.003262757e+00 1.009064010e+00 1.009969478e+00 
1.021674027e+00 1.004681823e+00 1.004727623e+00 
1.022839298e+00 1.003857822e+00 1.015410391e+00 
1.024004568e+00 1.002397094e+00 1.000000000e+00 
1.036939068e+00 1.013858197e+00 1.031202309e+00 
1.029597865e+00 1.002621821e+00 1.013253931e+00 
1.017712108e+00 1.006142552e+00 1.013734988e+00 
1.024936784e+00 1.003520731e+00 1.010732533e+00 
1.004894135e+00 1.009663283e+00 1.010931590e+00 
1.022839298e+00 1.002621821e+00 1.000000000e+00 
1.003961919e+00 1.008577100e+00 1.006502555e+00 
1.034317210e+00 1.009962920e+00 1.020851304e+00 
1.032336250e+00 1.012622196e+00 1.027320682e+00 
1.007457730e+00 1.007453463e+00 1.007348550e+00 
1.029248284e+00 1.012622196e+00 1.022891646e+00 
1.010720487e+00 1.006067643e+00 1.000000000e+00 
1.029306548e+00 1.011610922e+00 1.024152346e+00 
1.006525514e+00 1.008464737e+00 1.013419813e+00 
1.061293217e+00 1.007303644e+00 1.030704665e+00 
1.035890325e+00 1.015169107e+00 1.032496185e+00 
1.026684690e+00 1.013633469e+00 1.024600226e+00 
1.030063973e+00 1.002097457e+00 1.008078429e+00 
1.019809595e+00 1.004944005e+00 1.004545153e+00 
1.012351865e+00 1.007004008e+00 1.004395860e+00 
1.044571588e+00 1.008427282e+00 1.024434344e+00 
1.006525514e+00 1.007341099e+00 1.000000000e+00 
1.000000000e+00 1.009775647e+00 1.012507465e+00 
1.021674027e+00 1.002921458e+00 1.000000000e+00 
1.016546838e+00 1.005393460e+00 1.000000000e+00 
1.010953541e+00 1.007191281e+00 1.010981355e+00 
1.020741811e+00 1.005318551e+00 1.015227921e+00 
1.011652703e+00 1.007078917e+00 1.007016787e+00 
1.053835487e+00 1.008876737e+00 1.026972331e+00 
1.014682406e+00 1.006779280e+00 1.010118771e+00 
1.008389946e+00 1.007416008e+00 1.009156658e+00 
1.012584919e+00 1.007303644e+00 1.015360626e+00 
1.029073494e+00 1.014832016e+00 1.030621724e+00 
1.523209854e+00 1.737967714e+00 1.693766173e+00 
1.026043791e+00 1.013596015e+00 1.020237542e+00 
1.010487433e+00 1.008165100e+00 1.012225466e+00 
1.009904797e+00 1.019326567e+00 1.021680711e+00 
1.054767703e+00 1.008052736e+00 1.024334815e+00 
1.022664507e+00 1.013408742e+00 1.017815672e+00 
1.051580689e+00 1.071051350e+00 1.108071794e+00 
1.071262104e+00 1.094909922e+00 1.125688408e+00 
1.050456203e+00 1.010824375e+00 1.031152545e+00 
1.085408485e+00 1.108580846e+00 1.163194214e+00 
1.054651176e+00 1.008277464e+00 1.027801738e+00 
1.055932974e+00 1.009026555e+00 1.028614558e+00 
1.052903271e+00 1.015169107e+00 1.039380267e+00 
1.188773786e+00 1.039177497e+00 1.094436335e+00 
1.055466866e+00 1.008090191e+00 1.027105036e+00 
1.082501136e+00 1.013820742e+00 1.043444363e+00 
1.038104338e+00 1.013446196e+00 1.030870546e+00 
1.045678595e+00 1.016554927e+00 1.034420410e+00 
1.045795122e+00 1.011610922e+00 1.031451131e+00 
1.082384609e+00 1.015056744e+00 1.047740694e+00 
1.044862906e+00 1.018015656e+00 1.040790259e+00 
1.032744095e+00 1.014607289e+00 1.030588548e+00 
1.060827109e+00 1.008464737e+00 1.030090903e+00 
1.038861764e+00 1.009401101e+00 1.019856015e+00 
1.050223149e+00 1.010562193e+00 1.030820782e+00 
1.048708298e+00 1.010562193e+00 1.030190432e+00 
1.025927264e+00 1.024495299e+00 1.043411187e+00 
1.080753231e+00 1.014045470e+00 1.043460951e+00 
1.022547980e+00 1.013670924e+00 1.026972331e+00 
1.034841582e+00 1.010637103e+00 1.026292217e+00 
1.056748663e+00 1.009213828e+00 1.032330303e+00 
1.034958109e+00 1.014307652e+00 1.031583837e+00 
1.048708298e+00 1.017603656e+00 1.042399310e+00 
1.045095960e+00 1.011311285e+00 1.030953487e+00 
1.045542608e+00 1.016742200e+00 1.037870745e+00 
1.019984385e+00 1.015506199e+00 1.025413045e+00 
1.012643183e+00 1.017828383e+00 1.021315772e+00 
1.022431453e+00 1.014082924e+00 1.019175901e+00 
1.030821399e+00 1.023933481e+00 1.045982350e+00 
1.038220865e+00 1.010449830e+00 1.027237741e+00 
1.087395271e+00 1.013258924e+00 1.044920709e+00 
1.023654987e+00 1.013745833e+00 1.029460553e+00 
1.025830197e+00 1.021573842e+00 1.043013071e+00 
1.056632136e+00 1.008839282e+00 1.029526906e+00 
1.022081872e+00 1.015056744e+00 1.026109747e+00 
1.031986669e+00 1.012622196e+00 1.025612103e+00 
1.035540744e+00 1.013858197e+00 1.030771017e+00 
1.055816447e+00 1.009476010e+00 1.030240196e+00 
1.037579967e+00 1.020000749e+00 1.044091301e+00 
1.033443257e+00 1.014682198e+00 1.031268662e+00 
1.048708298e+00 1.010599648e+00 1.030356313e+00 
1.081219339e+00 1.014757107e+00 1.045202707e+00 
1.043697636e+00 1.011835649e+00 1.030638312e+00 
1.047232250e+00 1.016480018e+00 1.039579325e+00 
1.079238379e+00 1.016217836e+00 1.046811758e+00 
1.067585676e+00 1.016255290e+00 1.045899409e+00 
1.044746379e+00 1.012622196e+00 1.030870546e+00 
1.049174406e+00 1.011273830e+00 1.031285250e+00 
1.021965345e+00 1.015506199e+00 1.029593259e+00 
1.027383852e+00 1.013633469e+00 1.025147635e+00 
1.048475244e+00 1.011461103e+00 1.031003251e+00 
1.077723528e+00 1.016554927e+00 1.047160109e+00 
1.014798933e+00 1.018802202e+00 1.022476942e+00 
1.027403312e+00 1.025843665e+00 1.045650587e+00 
1.045445541e+00 1.018390202e+00 1.043908832e+00 
1.033151940e+00 1.024607663e+00 1.046994227e+00 
1.022314926e+00 1.015768381e+00 1.031484308e+00 
1.040726196e+00 1.008502191e+00 1.022576471e+00 
1.013924980e+00 1.019813476e+00 1.029195143e+00 
1.048009136e+00 1.012060377e+00 1.032778183e+00 
1.049990095e+00 1.011573467e+00 1.031915599e+00 
1.032977149e+00 1.018727293e+00 1.035117112e+00 
1.075859096e+00 1.017678565e+00 1.048653042e+00 
1.024509479e+00 1.024308027e+00 1.039214385e+00 
1.042532365e+00 1.012772014e+00 1.030903722e+00 
1.087162217e+00 1.013745833e+00 1.045401765e+00 
1.047717818e+00 1.017528746e+00 1.041686020e+00 
1.039153082e+00 1.020937114e+00 1.046712229e+00 
1.039386136e+00 1.011910558e+00 1.027337270e+00 
1.021382710e+00 1.014045470e+00 1.018628492e+00 
1.048921892e+00 1.017079291e+00 1.044987061e+00 
1.026976007e+00 1.023708753e+00 1.043079424e+00 
1.058846149e+00 1.008989101e+00 1.030903722e+00 
1.026218581e+00 1.026405483e+00 1.046612700e+00 
1.028549122e+00 1.015393835e+00 1.029526906e+00 
1.044338534e+00 1.018989475e+00 1.043278482e+00 
1.009788270e+00 1.006217461e+00 1.000000000e+00 
1.083316825e+00 1.014008015e+00 1.047160109e+00 
1.032724635e+00 1.021761115e+00 1.043079424e+00 
1.027325588e+00 1.013258924e+00 1.023671289e+00 
1.048650034e+00 1.017828383e+00 1.043776126e+00 
1.035890325e+00 1.020562568e+00 1.043991772e+00 
1.064614237e+00 1.017266564e+00 1.047359167e+00 
1.035773798e+00 1.012060377e+00 1.028946321e+00 
1.040376615e+00 1.009850556e+00 1.022244708e+00 
1.055059021e+00 1.014457470e+00 1.037057926e+00 
1.055525129e+00 1.020113113e+00 1.047525048e+00 
1.026276845e+00 1.012659650e+00 1.016521797e+00 
1.040318352e+00 1.012959287e+00 1.031733130e+00 
1.071780650e+00 1.016217836e+00 1.046363878e+00 
1.053427643e+00 1.021386569e+00 1.047807047e+00 
1.016255520e+00 1.016367654e+00 1.024467520e+00 
1.015323304e+00 1.015918199e+00 1.022510119e+00 
1.072013704e+00 1.018277838e+00 1.048371044e+00 
1.043115001e+00 1.012921832e+00 1.031816071e+00 
1.021324446e+00 1.023409116e+00 1.033143123e+00 
1.020625284e+00 1.024607663e+00 1.039313914e+00 
1.080520177e+00 1.016367654e+00 1.047558224e+00 
1.024528939e+00 1.013034196e+00 1.018761197e+00 
1.016138993e+00 1.028353122e+00 1.038202508e+00 
1.046377757e+00 1.015468744e+00 1.036410988e+00 
1.025752473e+00 1.023858571e+00 1.039712030e+00 
1.054010278e+00 1.013446196e+00 1.035863579e+00 
1.024237622e+00 1.026143301e+00 1.044290359e+00 
1.021790554e+00 1.018053111e+00 1.030389490e+00 
1.061176690e+00 1.008015281e+00 1.023953288e+00 
1.030743675e+00 1.020562568e+00 1.041171787e+00 
1.070498852e+00 1.018165474e+00 1.047458696e+00 
1.036298169e+00 1.020525113e+00 1.045932586e+00 
1.071198014e+00 1.017978201e+00 1.047740694e+00 
1.029830919e+00 1.011498558e+00 1.021365536e+00 
1.035832061e+00 1.023072025e+00 1.046562935e+00 
1.013575399e+00 1.017416383e+00 1.020602482e+00 
1.026276845e+00 1.023821117e+00 1.043261894e+00 
1.026956547e+00 1.019101839e+00 1.032181010e+00 
1.018294743e+00 1.025506573e+00 1.037008161e+00 
1.027209061e+00 1.013109105e+00 1.020851304e+00 
1.033792838e+00 1.020487659e+00 1.040441908e+00 
1.020547561e+00 1.024195663e+00 1.033143123e+00 
1.037269189e+00 1.016142927e+00 1.033574414e+00 
1.031452626e+00 1.028502940e+00 1.051937496e+00 
1.051563210e+00 1.016517473e+00 1.041603079e+00 
1.029714392e+00 1.013446196e+00 1.029477142e+00 
1.080986285e+00 1.016105472e+00 1.046745405e+00 
1.053194588e+00 1.016517473e+00 1.045401765e+00 
1.060477528e+00 1.008539646e+00 1.028929733e+00 
1.074344244e+00 1.016742200e+00 1.046828346e+00 
1.062108906e+00 1.008464737e+00 1.032197598e+00 
1.057389562e+00 1.016817109e+00 1.046645876e+00 
1.202232658e+00 1.080489906e+00 1.151466392e+00 
1.075664845e+00 1.028053485e+00 1.068459293e+00 
1.084967664e+00 1.034420765e+00 1.081298520e+00 
1.014915460e+00 1.015131653e+00 1.018412846e+00 
1.025869000e+00 1.025768755e+00 1.044008360e+00 
1.083278022e+00 1.038877861e+00 1.086225201e+00 
1.059137467e+00 1.015281471e+00 1.043378011e+00 
1.080015265e+00 1.025881119e+00 1.065755424e+00 
1.077976042e+00 1.039439679e+00 1.086988256e+00 
1.038706433e+00 1.017341473e+00 1.040193086e+00 
1.072130231e+00 1.031424398e+00 1.077815009e+00 
1.080986285e+00 1.016742200e+00 1.048238339e+00 
1.068556696e+00 1.022173115e+00 1.062686617e+00 
1.068168312e+00 1.018577475e+00 1.047607989e+00 
1.078714008e+00 1.039664407e+00 1.087021432e+00 
1.044280271e+00 1.012659650e+00 1.032363480e+00 
1.084132515e+00 1.015169107e+00 1.048653042e+00 
1.052009858e+00 1.017304019e+00 1.046811758e+00 
1.025053311e+00 1.022472752e+00 1.039313914e+00 
1.035715534e+00 1.022397843e+00 1.045849645e+00 
1.029481338e+00 1.026105847e+00 1.047807047e+00 
1.039211345e+00 1.019476385e+00 1.047359167e+00 
1.081607723e+00 1.026742575e+00 1.072125274e+00 
1.032763555e+00 1.019176748e+00 1.040193086e+00 
1.056573872e+00 1.014644743e+00 1.040690731e+00 
1.076499994e+00 1.019251657e+00 1.058390286e+00 
1.047329434e+00 1.016217836e+00 1.038617212e+00 
1.059487048e+00 1.021311660e+00 1.054425718e+00 
1.088677069e+00 1.013258924e+00 1.047027404e+00 
1.055175548e+00 1.016442563e+00 1.043162365e+00 
1.080403650e+00 1.014420016e+00 1.044439652e+00 
1.036997332e+00 1.021985842e+00 1.046181408e+00 
1.038686973e+00 1.014644743e+00 1.031617013e+00 
1.076791312e+00 1.016779655e+00 1.047773870e+00 
1.074888076e+00 1.029364396e+00 1.071478336e+00 
1.072246758e+00 1.021798569e+00 1.061193683e+00 
1.050417400e+00 1.016442563e+00 1.040441908e+00 
1.019867858e+00 1.027004757e+00 1.041885077e+00 
1.039735717e+00 1.013933106e+00 1.031451131e+00 
1.035327150e+00 1.018727293e+00 1.040325791e+00 
1.034317210e+00 1.021536387e+00 1.043361423e+00 
1.076558258e+00 1.017229110e+00 1.047607989e+00 
1.034958109e+00 1.023296753e+00 1.047525048e+00 
1.102194204e+00 1.023484026e+00 1.063068144e+00 
1.014798933e+00 1.016367654e+00 1.018230376e+00 
1.033792838e+00 1.020899659e+00 1.042067547e+00 
1.042357575e+00 1.019101839e+00 1.046894698e+00 
1.075626041e+00 1.016854564e+00 1.046878110e+00 
1.047601291e+00 1.017940747e+00 1.043908832e+00 
1.040726196e+00 1.009176374e+00 1.030007962e+00 
1.035812601e+00 1.021985842e+00 1.044904120e+00 
1.037055595e+00 1.018877112e+00 1.041835313e+00 
1.034530804e+00 1.017229110e+00 1.037704864e+00 
1.036531223e+00 1.020262931e+00 1.044489417e+00 
1.077063169e+00 1.028465486e+00 1.074895495e+00 
1.076092150e+00 1.017378928e+00 1.047906576e+00 
1.051388420e+00 1.016330200e+00 1.041271316e+00 
1.051971055e+00 1.016480018e+00 1.043693186e+00 
1.044338534e+00 1.007828009e+00 1.022559883e+00 
1.050514467e+00 1.015768381e+00 1.038766505e+00 
1.042124521e+00 1.018240384e+00 1.041254728e+00 
1.056573872e+00 1.026030937e+00 1.062537323e+00 
1.058263514e+00 1.012584741e+00 1.038932387e+00 
1.053952014e+00 1.015656017e+00 1.042465663e+00 
1.052611953e+00 1.016217836e+00 1.041453785e+00 
1.108370136e+00 1.020450204e+00 1.059899808e+00 
1.050747521e+00 1.016854564e+00 1.044356712e+00 
1.074227717e+00 1.017528746e+00 1.047491872e+00 
1.070615379e+00 1.018727293e+00 1.048188574e+00 
1.052388571e+00 1.072886625e+00 1.110891779e+00 
1.062602165e+00 1.092587737e+00 1.125539115e+00 
1.045678595e+00 1.048765871e+00 1.085080618e+00 
1.067764312e+00 1.098280834e+00 1.133982483e+00 
1.077449689e+00 1.103824113e+00 1.143039613e+00 
1.158418495e+00 1.054796060e+00 1.122039015e+00 
1.096038081e+00 1.090864826e+00 1.154203437e+00 
1.076441731e+00 1.017079291e+00 1.047160109e+00 
1.069838494e+00 1.059702611e+00 1.111704598e+00 
1.089026650e+00 1.061949886e+00 1.113562471e+00 
1.029772656e+00 1.025731301e+00 1.046048703e+00 
1.083957724e+00 1.038728042e+00 1.091881760e+00 
1.187996551e+00 1.063522978e+00 1.133136487e+00 
1.063448967e+00 1.041424772e+00 1.090504943e+00 
1.099514082e+00 1.056294243e+00 1.115835047e+00 
1.148280644e+00 1.058653882e+00 1.122370778e+00 
1.064206393e+00 1.023259298e+00 1.061276624e+00 
1.089725812e+00 1.036293494e+00 1.086225201e+00 
1.076558258e+00 1.016367654e+00 1.046745405e+00 
1.075567778e+00 1.029963669e+00 1.076687015e+00 
1.051155365e+00 1.011236376e+00 1.031550660e+00 
1.047261382e+00 1.052024420e+00 1.092031053e+00 
1.043425778e+00 1.027678939e+00 1.059601221e+00 
1.082268082e+00 1.026667665e+00 1.076106430e+00 
1.077257420e+00 1.017491292e+00 1.048653042e+00 
1.031229244e+00 1.023484026e+00 1.045468118e+00 
1.068246035e+00 1.040750590e+00 1.090239533e+00 
1.047309974e+00 1.042735683e+00 1.076637250e+00 
1.035074636e+00 1.012135286e+00 1.030489019e+00 
1.039852244e+00 1.019064384e+00 1.045003649e+00 
1.114662596e+00 1.019214203e+00 1.061608387e+00 
1.055311535e+00 1.033784037e+00 1.075011612e+00 
1.067352622e+00 1.021761115e+00 1.060812156e+00 
1.075266789e+00 1.045507322e+00 1.098550196e+00 
1.063565494e+00 1.040563317e+00 1.087568841e+00 
1.093299696e+00 1.049627327e+00 1.102514763e+00 
1.053610240e+00 1.032473126e+00 1.072606330e+00 
1.058108184e+00 1.041125136e+00 1.089061774e+00 
1.030063973e+00 1.024045844e+00 1.044821180e+00 
1.129694583e+00 1.041499682e+00 1.092794108e+00 
1.056748663e+00 1.017266564e+00 1.047226461e+00 
1.033919037e+00 1.042323683e+00 1.069719992e+00 
1.083316825e+00 1.026105847e+00 1.071611041e+00 
1.073645082e+00 1.017903292e+00 1.048188574e+00 
1.062108906e+00 1.048728417e+00 1.100723243e+00 
1.065604717e+00 1.021274205e+00 1.057942406e+00 
1.064555974e+00 1.023221844e+00 1.060812156e+00 
1.022606244e+00 1.022847298e+00 1.038932387e+00 
1.066129089e+00 1.021723660e+00 1.059103576e+00 
1.040434879e+00 1.012060377e+00 1.030771017e+00 
1.015381568e+00 1.016966928e+00 1.024484109e+00 
1.074344244e+00 1.031049852e+00 1.076040077e+00 
1.053145997e+00 1.032585490e+00 1.070283989e+00 
1.108952772e+00 1.019850931e+00 1.062570500e+00 
1.103825582e+00 1.022285479e+00 1.063482848e+00 
1.043561649e+00 1.028802577e+00 1.062255325e+00 
1.064847291e+00 1.023109480e+00 1.059650985e+00 
1.082850717e+00 1.014832016e+00 1.046314113e+00 
1.062982859e+00 1.023221844e+00 1.059568045e+00 
1.113380799e+00 1.019176748e+00 1.059899808e+00 
1.050980575e+00 1.016779655e+00 1.041453785e+00 
1.019926122e+00 1.016068018e+00 1.026673744e+00 
1.080054069e+00 1.013596015e+00 1.041835313e+00 
1.079704487e+00 1.016255290e+00 1.047027404e+00 
1.075742568e+00 1.017116746e+00 1.046944463e+00 
1.049290933e+00 1.016817109e+00 1.041486962e+00 
1.056632136e+00 1.013371287e+00 1.040790259e+00 
1.021149656e+00 1.026517847e+00 1.039413443e+00 
1.056573872e+00 1.013296378e+00 1.039745206e+00 
1.038104338e+00 1.021873478e+00 1.046811758e+00 
1.026102054e+00 1.024120754e+00 1.044904120e+00 
1.028141277e+00 1.021311660e+00 1.035117112e+00 
1.048941352e+00 1.017678565e+00 1.045899409e+00 
1.046921589e+00 1.014195288e+00 1.037024750e+00 
1.046436021e+00 1.017154201e+00 1.039778382e+00 
1.031384574e+00 1.021236750e+00 1.043029660e+00 
1.065818311e+00 1.019139294e+00 1.051124677e+00 
1.022528520e+00 1.024757482e+00 1.041122022e+00 
1.024995048e+00 1.023896026e+00 1.038982151e+00 
1.054359859e+00 1.015206562e+00 1.042747661e+00 
1.054534649e+00 1.014832016e+00 1.041553314e+00 
1.012410129e+00 1.018128020e+00 1.017417557e+00 
1.029947446e+00 1.033784037e+00 1.057643819e+00 
1.038046075e+00 1.019925840e+00 1.043942008e+00 
1.042823683e+00 1.024045844e+00 1.047807047e+00 
1.054651176e+00 1.014082924e+00 1.036128989e+00 
1.029073494e+00 1.012846923e+00 1.020569305e+00 
1.055117284e+00 1.013184014e+00 1.035083936e+00 
1.045329014e+00 1.017304019e+00 1.040640966e+00 
1.009846534e+00 1.018577475e+00 1.017882025e+00 
1.027869420e+00 1.020974568e+00 1.034453586e+00 
1.025325169e+00 1.024008390e+00 1.039529560e+00 
1.073033315e+00 1.040488408e+00 1.087751310e+00 
1.288870504e+00 1.079253905e+00 1.156111074e+00 
1.178169826e+00 1.041537136e+00 1.093308341e+00 
1.070945500e+00 1.063448069e+00 1.121823369e+00 
1.134763508e+00 1.037978951e+00 1.089360361e+00 
1.097649650e+00 1.024720027e+00 1.063781435e+00 
1.104641272e+00 1.022397843e+00 1.063648729e+00 
1.063922882e+00 1.045657141e+00 1.092760932e+00 
1.064206393e+00 1.028727668e+00 1.063399907e+00 
1.142279502e+00 1.025169482e+00 1.067381063e+00 
1.122353380e+00 1.031499307e+00 1.079291354e+00 
1.101495042e+00 1.023521480e+00 1.064063433e+00 
1.015731149e+00 1.016704745e+00 1.027387035e+00 
1.120372420e+00 1.031798944e+00 1.080104174e+00 
1.020392230e+00 1.024907300e+00 1.034752173e+00 
1.022839298e+00 1.025206937e+00 1.041553314e+00 
1.032511041e+00 1.015618562e+00 1.031119368e+00 
1.044416258e+00 1.018614929e+00 1.043361423e+00 
1.032977149e+00 1.022697479e+00 1.045335412e+00 
1.043794703e+00 1.018614929e+00 1.041652843e+00 
1.076092150e+00 1.016667291e+00 1.046562935e+00 
1.046824405e+00 1.016929473e+00 1.038700153e+00 
1.028685109e+00 1.020787295e+00 1.034669232e+00 
1.040803920e+00 1.016817109e+00 1.037704864e+00 
1.047329434e+00 1.016554927e+00 1.039662265e+00 
1.031947866e+00 1.019251657e+00 1.037704864e+00 
1.035094096e+00 1.018952021e+00 1.043013071e+00 
1.044124940e+00 1.014719652e+00 1.032396656e+00 
1.071780650e+00 1.018614929e+00 1.051539380e+00 
1.030413554e+00 1.023596389e+00 1.045915998e+00 
1.024936784e+00 1.025544028e+00 1.042847190e+00 
1.013284081e+00 1.007490917e+00 1.016040740e+00 
1.025635946e+00 1.025094573e+00 1.043693186e+00 
1.020877798e+00 1.026817484e+00 1.045650587e+00 
1.030646608e+00 1.022360388e+00 1.044688475e+00 
1.046843865e+00 1.018090565e+00 1.044655298e+00 
1.069158791e+00 1.013221469e+00 1.039496384e+00 
1.077840055e+00 1.016180381e+00 1.046695641e+00 
1.024936784e+00 1.025281846e+00 1.042200252e+00 
1.024820257e+00 1.024607663e+00 1.039612501e+00 
1.074703497e+00 1.047941870e+00 1.099296662e+00 
1.228742557e+00 1.070489531e+00 1.140402097e+00 
1.229791300e+00 1.056893517e+00 1.125223940e+00 
1.081044548e+00 1.070901532e+00 1.123349479e+00 
1.088210961e+00 1.052249148e+00 1.105052750e+00 
1.038395656e+00 1.018427656e+00 1.038899210e+00 
1.029830919e+00 1.022847298e+00 1.043129189e+00 
1.062982859e+00 1.022660025e+00 1.058655696e+00 
1.052670217e+00 1.010524739e+00 1.030688076e+00 
1.095901744e+00 1.025918574e+00 1.071528100e+00 
1.025694210e+00 1.024607663e+00 1.043842479e+00 
1.044047217e+00 1.018427656e+00 1.042017782e+00 
1.025422352e+00 1.021648751e+00 1.035249818e+00 
1.021635224e+00 1.023334207e+00 1.031152545e+00 
1.018081149e+00 1.025094573e+00 1.032910888e+00 
1.013031567e+00 1.029326941e+00 1.032910888e+00 
1.021169116e+00 1.024120754e+00 1.034221352e+00 
1.019984385e+00 1.025206937e+00 1.036991573e+00 
1.050572730e+00 1.018015656e+00 1.046330701e+00 
1.095144319e+00 1.034682947e+00 1.085428970e+00 
1.099863663e+00 1.023371662e+00 1.062902263e+00 
1.063973339e+00 1.022098206e+00 1.057743348e+00 
1.050747521e+00 1.030488033e+00 1.062935439e+00 
1.013109291e+00 1.029813851e+00 1.036394400e+00 
1.105340434e+00 1.022809843e+00 1.063781435e+00 
1.071605859e+00 1.024532754e+00 1.062769557e+00 
1.022722771e+00 1.024944754e+00 1.041453785e+00 
1.103242947e+00 1.023034571e+00 1.062968615e+00 
1.016624562e+00 1.036817858e+00 1.049366333e+00 
1.027364392e+00 1.043971684e+00 1.063963904e+00 
1.014662946e+00 1.027604030e+00 1.031484308e+00 
1.041367095e+00 1.018764748e+00 1.040790259e+00 
1.014662946e+00 1.028390576e+00 1.040922965e+00 
1.050592190e+00 1.014906925e+00 1.039015327e+00 
1.030763136e+00 1.022959661e+00 1.044870944e+00 
1.053058601e+00 1.021873478e+00 1.052435140e+00 
1.047407041e+00 1.016105472e+00 1.037489218e+00 
1.027500379e+00 1.024083299e+00 1.044622122e+00 
1.016372047e+00 1.028165849e+00 1.039595913e+00 
1.016313784e+00 1.025693846e+00 1.032910888e+00 
1.085890092e+00 1.089291734e+00 1.148530290e+00 
1.066855402e+00 1.077268812e+00 1.115005640e+00 
1.100128180e+00 1.083486273e+00 1.139274103e+00 
1.062557535e+00 1.089291734e+00 1.115353991e+00 
1.024761994e+00 1.025618937e+00 1.041835313e+00 
1.061759325e+00 1.014195288e+00 1.042349545e+00 
1.031559365e+00 1.020075658e+00 1.036228518e+00 
1.048242190e+00 1.017416383e+00 1.041984606e+00 
1.052845007e+00 1.027341848e+00 1.062885674e+00 
1.025169838e+00 1.025019664e+00 1.042996483e+00 
1.033093676e+00 1.023671299e+00 1.046844934e+00 
1.056399082e+00 1.026967302e+00 1.062023091e+00 
1.068226575e+00 1.014944380e+00 1.046330701e+00 
1.032355710e+00 1.027379303e+00 1.049930330e+00 
1.045969913e+00 1.018540020e+00 1.046496583e+00 
1.048999615e+00 1.028428031e+00 1.062752969e+00 
1.061506811e+00 1.025356755e+00 1.062222148e+00 
1.029772656e+00 1.021161841e+00 1.036012872e+00 
1.081801974e+00 1.014682198e+00 1.044920709e+00 
1.023247142e+00 1.025843665e+00 1.041835313e+00 
1.032180920e+00 1.034270946e+00 1.058539579e+00 
1.017556778e+00 1.026705120e+00 1.037439453e+00 
1.086113474e+00 1.012135286e+00 1.035929932e+00 
1.037987811e+00 1.009513465e+00 1.018280141e+00 
1.042551825e+00 1.017004382e+00 1.038384978e+00 
1.062516751e+00 1.022585116e+00 1.058025347e+00 
1.038395656e+00 1.044271321e+00 1.076388428e+00 
1.094736474e+00 1.055657515e+00 1.110526840e+00 
1.094940396e+00 1.063485524e+00 1.124145710e+00 
1.086055211e+00 1.052923330e+00 1.105417690e+00 
1.095027792e+00 1.044496049e+00 1.100972066e+00 
1.112390319e+00 1.048915690e+00 1.116050693e+00 
1.071023224e+00 1.031049852e+00 1.073303032e+00 
1.096193062e+00 1.035769130e+00 1.089327185e+00 
1.085356048e+00 1.036817858e+00 1.085843673e+00 
1.091590244e+00 1.036593131e+00 1.088647071e+00 
1.231306151e+00 1.068279711e+00 1.137101055e+00 
1.067818731e+00 1.032735308e+00 1.073236680e+00 
1.063196453e+00 1.020899659e+00 1.054707717e+00 
1.090832819e+00 1.048391326e+00 1.100059717e+00 
1.085410466e+00 1.094198285e+00 1.161784221e+00 
1.063487770e+00 1.020450204e+00 1.054989715e+00 
1.069391845e+00 1.014082924e+00 1.042614956e+00 
1.104504935e+00 1.073036443e+00 1.135558357e+00 
1.104408217e+00 1.063335705e+00 1.125655232e+00 
1.068051785e+00 1.031948762e+00 1.072954681e+00 
1.061370940e+00 1.019738567e+00 1.047375755e+00 
1.088735332e+00 1.047042960e+00 1.099562073e+00 
1.094057122e+00 1.059927338e+00 1.119451264e+00 
1.066859364e+00 1.067755347e+00 1.119036560e+00 
1.203086801e+00 1.076894266e+00 1.151731803e+00 
1.033559784e+00 1.034682947e+00 1.060596510e+00 
1.043153804e+00 1.026892393e+00 1.059352399e+00 
1.027791696e+00 1.012921832e+00 1.025048106e+00 
1.073159514e+00 1.028128394e+00 1.070118108e+00 
1.095648881e+00 1.025581482e+00 1.064859664e+00 
1.069566636e+00 1.020113113e+00 1.057909230e+00 
1.051893331e+00 1.036518222e+00 1.077350541e+00 
1.046533088e+00 1.028315667e+00 1.061641563e+00 
1.079238379e+00 1.027791303e+00 1.073037622e+00 
1.051271893e+00 1.032098580e+00 1.068160706e+00 
1.045600872e+00 1.028690213e+00 1.061940150e+00 
1.033287927e+00 1.030488033e+00 1.059733926e+00 
1.067760467e+00 1.021424023e+00 1.059584633e+00 
1.032355710e+00 1.031574216e+00 1.060032513e+00 
1.029442535e+00 1.044346230e+00 1.068309999e+00 
1.067051633e+00 1.026555302e+00 1.067248358e+00 
1.038842304e+00 1.038428406e+00 1.074381262e+00 
1.050922311e+00 1.016367654e+00 1.039927676e+00 
1.033608376e+00 1.027192030e+00 1.048022693e+00 
1.023771514e+00 1.024682572e+00 1.041221551e+00 
1.030102777e+00 1.029027304e+00 1.051539380e+00 
1.024392952e+00 1.035769130e+00 1.056200650e+00 
1.038550986e+00 1.031124761e+00 1.060430628e+00 
1.042386707e+00 1.025581482e+00 1.052119965e+00 
1.042843143e+00 1.025206937e+00 1.052037025e+00 
1.048630574e+00 1.021985842e+00 1.047807047e+00 
1.027966487e+00 1.033821491e+00 1.057262292e+00 
1.056515609e+00 1.022997116e+00 1.056001592e+00 
1.061681602e+00 1.019438930e+00 1.049714684e+00 
1.065993102e+00 1.029214577e+00 1.065772012e+00 
1.042231376e+00 1.033259673e+00 1.063250614e+00 
1.022237202e+00 1.024233117e+00 1.038550859e+00 
1.027908223e+00 1.029776396e+00 1.048901865e+00 
1.069508372e+00 1.024120754e+00 1.062736381e+00 
1.019829055e+00 1.024382936e+00 1.034453586e+00 
1.067274899e+00 1.019850931e+00 1.056034769e+00 
1.032044933e+00 1.022098206e+00 1.045070002e+00 
1.042279851e+00 1.024607663e+00 1.048984805e+00 
1.019926122e+00 1.028952395e+00 1.044323535e+00 
1.106223709e+00 1.076706993e+00 1.144831133e+00 
1.064606430e+00 1.106258661e+00 1.136901997e+00 
1.143221040e+00 1.089741189e+00 1.162912216e+00 
1.026956547e+00 1.031199670e+00 1.052418552e+00 
1.047997483e+00 1.061949886e+00 1.103178289e+00 
1.062071967e+00 1.095846286e+00 1.125920642e+00 
1.042899426e+00 1.054870969e+00 1.088016721e+00 
1.112596572e+00 1.081276452e+00 1.146987592e+00 
1.092736055e+00 1.032922581e+00 1.079822175e+00 
1.074515189e+00 1.057680063e+00 1.111173777e+00 
1.030838878e+00 1.047866961e+00 1.074530555e+00 
1.082780801e+00 1.080564815e+00 1.137665052e+00 
1.062982859e+00 1.015918199e+00 1.045418353e+00 
1.109253411e+00 1.042098955e+00 1.096576206e+00 
1.097460876e+00 1.050563692e+00 1.105766041e+00 
1.182364800e+00 1.064796434e+00 1.133070135e+00 
1.090547327e+00 1.041949137e+00 1.094187512e+00 
1.185277975e+00 1.061912431e+00 1.126733462e+00 
1.087356468e+00 1.025356755e+00 1.064826488e+00 
1.021953692e+00 1.030937488e+00 1.049747860e+00 
1.058764580e+00 1.035581857e+00 1.083736978e+00 
1.028432595e+00 1.041499682e+00 1.061674740e+00 
1.053707307e+00 1.030488033e+00 1.068144118e+00 
1.058399501e+00 1.021049478e+00 1.048719395e+00 
1.050281413e+00 1.021648751e+00 1.052103377e+00 
1.045367818e+00 1.031761489e+00 1.064926017e+00 
1.071489332e+00 1.019776022e+00 1.056300179e+00 
1.038298589e+00 1.031424398e+00 1.061973326e+00 
1.063565494e+00 1.020225477e+00 1.052484905e+00 
1.027073074e+00 1.030825125e+00 1.050510915e+00 
1.058749082e+00 1.021836024e+00 1.054011015e+00 
1.096076535e+00 1.020562568e+00 1.062205560e+00 
1.100446299e+00 1.018689839e+00 1.053397253e+00 
1.059234534e+00 1.020300386e+00 1.054293013e+00 
1.016410851e+00 1.027828758e+00 1.043411187e+00 
1.022062412e+00 1.022360388e+00 1.035100524e+00 
1.082866215e+00 1.053148058e+00 1.106595448e+00 
1.096504189e+00 1.051462602e+00 1.102962643e+00 
1.049500682e+00 1.041200045e+00 1.084831796e+00 
1.052359439e+00 1.034345856e+00 1.071743746e+00 
1.049842455e+00 1.053822241e+00 1.098417491e+00 
1.044831793e+00 1.045057867e+00 1.077566187e+00 
1.081254297e+00 1.085171729e+00 1.145627364e+00 
1.101475232e+00 1.054496423e+00 1.114756818e+00 
1.035152359e+00 1.063448069e+00 1.085064030e+00 
1.084724821e+00 1.050226600e+00 1.102647469e+00 
1.061875852e+00 1.049589872e+00 1.101320417e+00 
1.057113742e+00 1.039701861e+00 1.083969212e+00 
1.056321358e+00 1.031873853e+00 1.069637051e+00 
1.057696377e+00 1.047642234e+00 1.098085728e+00 
1.054631716e+00 1.023746208e+00 1.060944861e+00 
1.048786021e+00 1.024270572e+00 1.059518280e+00 
1.079529697e+00 1.021536387e+00 1.062769557e+00 
1.092126269e+00 1.060938612e+00 1.123515361e+00 
1.047106051e+00 1.056331698e+00 1.095763387e+00 
1.068820863e+00 1.068392075e+00 1.122287838e+00 
1.079374366e+00 1.078055358e+00 1.133418486e+00 
1.050164886e+00 1.024308027e+00 1.061342977e+00 
1.079471433e+00 1.015993108e+00 1.046695641e+00 
1.060865912e+00 1.043859321e+00 1.092113994e+00 
1.050052204e+00 1.054046968e+00 1.100391480e+00 
1.055699920e+00 1.021498933e+00 1.053463606e+00 
1.062788608e+00 1.081201543e+00 1.124311592e+00 
1.047325472e+00 1.044233866e+00 1.091201646e+00 
1.080722118e+00 1.056032061e+00 1.106595448e+00 
1.048974329e+00 1.055095696e+00 1.094452923e+00 
1.103397928e+00 1.053372785e+00 1.108121558e+00 
1.041697216e+00 1.028652759e+00 1.058804990e+00 
1.050252281e+00 1.056743698e+00 1.102746998e+00 
1.044575434e+00 1.045469868e+00 1.084516621e+00 
1.041685563e+00 1.035619312e+00 1.072971269e+00 
1.041732174e+00 1.047904416e+00 1.080568642e+00 
1.035113439e+00 1.031049852e+00 1.060098865e+00 
1.018556929e+00 1.038465860e+00 1.055089244e+00 
1.048067399e+00 1.024682572e+00 1.061807445e+00 
1.060691122e+00 1.040301135e+00 1.087154137e+00 
1.077354487e+00 1.057380426e+00 1.107258974e+00 
1.038667513e+00 1.029551669e+00 1.061525446e+00 
1.051590361e+00 1.052511330e+00 1.102746998e+00 
1.031549693e+00 1.064459343e+00 1.085992967e+00 
1.024791125e+00 1.056406607e+00 1.058904519e+00 
1.084656886e+00 1.020600022e+00 1.062769557e+00 
1.048028596e+00 1.026143301e+00 1.061160507e+00 
1.118799305e+00 1.030338215e+00 1.078909827e+00 
1.041848701e+00 1.035656766e+00 1.075326787e+00 
1.046474824e+00 1.026780029e+00 1.058804990e+00 
1.024888192e+00 1.045994232e+00 1.068343176e+00 
1.037513896e+00 1.055994607e+00 1.091997877e+00 
1.032724635e+00 1.030750215e+00 1.056797824e+00 
1.025927264e+00 1.032098580e+00 1.056797824e+00 
1.050634839e+00 1.053372785e+00 1.106280273e+00 
1.034938649e+00 1.032660399e+00 1.061060978e+00 
1.107651165e+00 1.049514963e+00 1.106280273e+00 
1.070440589e+00 1.031911308e+00 1.074364674e+00 
1.038628710e+00 1.030450579e+00 1.060878508e+00 
1.028723913e+00 1.012622196e+00 1.018014730e+00 
1.086323223e+00 1.034121128e+00 1.084831796e+00 
1.035006700e+00 1.029252032e+00 1.056051357e+00 
1.044023911e+00 1.032622945e+00 1.068956937e+00 
1.049267628e+00 1.058092063e+00 1.100242187e+00 
1.090327907e+00 1.027641485e+00 1.077035366e+00 
1.055602853e+00 1.032810218e+00 1.076570898e+00 
1.057399233e+00 1.029926214e+00 1.066286245e+00 
1.051289372e+00 1.052586239e+00 1.095083273e+00 
1.060197863e+00 1.051425147e+00 1.098964899e+00 
1.081122272e+00 1.034458219e+00 1.077848185e+00 
1.049252130e+00 1.033147309e+00 1.069786345e+00 
1.025305825e+00 1.047267688e+00 1.069686816e+00 
1.052219607e+00 1.039065134e+00 1.082210869e+00 
1.056142722e+00 1.030300760e+00 1.068409528e+00 
1.046183507e+00 1.024682572e+00 1.057063234e+00 
1.040590209e+00 1.039626952e+00 1.075973724e+00 
1.101961150e+00 1.030712761e+00 1.078909827e+00 
1.044047217e+00 1.027641485e+00 1.061060978e+00 
1.047698358e+00 1.025993483e+00 1.058871342e+00 
1.049485184e+00 1.023521480e+00 1.054691129e+00 
1.100154981e+00 1.031611671e+00 1.078047243e+00 
1.039803652e+00 1.029514214e+00 1.060098865e+00 
1.055369799e+00 1.033259673e+00 1.077035366e+00 
1.019401750e+00 1.038353496e+00 1.054176896e+00 
1.070673643e+00 1.033109854e+00 1.076886073e+00 
1.041872007e+00 1.034757856e+00 1.075973724e+00 
1.094911265e+00 1.029551669e+00 1.077748656e+00 
1.033940478e+00 1.027641485e+00 1.054044191e+00 
1.052611953e+00 1.015768381e+00 1.040441908e+00 
1.051776804e+00 1.023409116e+00 1.055006303e+00 
1.110933731e+00 1.022285479e+00 1.063880963e+00 
1.029869723e+00 1.032323308e+00 1.057428173e+00 
1.055136744e+00 1.033709128e+00 1.072705859e+00 
1.043293636e+00 1.024944754e+00 1.053729016e+00 
1.051504947e+00 1.023933481e+00 1.057013470e+00 
1.048475244e+00 1.017191655e+00 1.041802137e+00 
1.021771094e+00 1.037379677e+00 1.054176896e+00 
1.062963399e+00 1.022060751e+00 1.054624776e+00 
1.039634688e+00 1.037866587e+00 1.075509256e+00 
1.047076919e+00 1.023970935e+00 1.056913941e+00 
1.022023608e+00 1.026068392e+00 1.042216840e+00 
1.046610811e+00 1.023858571e+00 1.054375954e+00 
1.020333966e+00 1.035769130e+00 1.045982350e+00 
1.078597481e+00 1.022023297e+00 1.061807445e+00 
1.082384609e+00 1.014270197e+00 1.045070002e+00 
1.077962408e+00 1.120716132e+00 1.149044523e+00 
1.118799305e+00 1.042810592e+00 1.097073850e+00 
1.067294359e+00 1.014457470e+00 1.044555769e+00 
1.048416980e+00 1.042173864e+00 1.082061575e+00 
1.109884988e+00 1.026330574e+00 1.071644217e+00 
1.030708717e+00 1.036555676e+00 1.068309999e+00 
1.041114581e+00 1.025956028e+00 1.058290757e+00 
1.046436021e+00 1.043746957e+00 1.083106629e+00 
1.075023946e+00 1.029701487e+00 1.071544688e+00 
1.024995048e+00 1.024720027e+00 1.041420609e+00 
1.042670217e+00 1.039851680e+00 1.076421604e+00 
1.069430649e+00 1.030076033e+00 1.072788800e+00 
1.030471818e+00 1.023371662e+00 1.045235883e+00 
1.028879243e+00 1.034608038e+00 1.059684162e+00 
1.029054034e+00 1.031124761e+00 1.053861721e+00 
1.022547980e+00 1.026293120e+00 1.042747661e+00 
1.041580689e+00 1.031312034e+00 1.062255325e+00 
1.018508338e+00 1.027042211e+00 1.040939553e+00 
1.045037696e+00 1.025132027e+00 1.056582178e+00 
1.019984385e+00 1.026293120e+00 1.039031916e+00 
1.029772656e+00 1.021536387e+00 1.040508261e+00 
1.193085286e+00 1.053297876e+00 1.118887267e+00 
1.181335866e+00 1.072998989e+00 1.145378542e+00 
1.048554832e+00 1.076220083e+00 1.113363413e+00 
1.066420406e+00 1.018989475e+00 1.051672085e+00 
1.066420406e+00 1.022472752e+00 1.059203105e+00 
1.140298542e+00 1.038390951e+00 1.091102117e+00 
1.164652691e+00 1.046368778e+00 1.106512507e+00 
1.067177832e+00 1.021686205e+00 1.057975582e+00 
1.142629083e+00 1.038728042e+00 1.092445757e+00 
1.094212102e+00 1.019139294e+00 1.054342778e+00 
1.042299311e+00 1.029252032e+00 1.059286046e+00 
1.059720102e+00 1.023633844e+00 1.059684162e+00 
1.068343102e+00 1.031274580e+00 1.073037622e+00 
1.036531223e+00 1.020000749e+00 1.043610245e+00 
1.009788270e+00 1.019663658e+00 1.017699555e+00 
1.043833623e+00 1.025506573e+00 1.056233827e+00 
1.045426081e+00 1.024233117e+00 1.055288302e+00 
1.036131186e+00 1.025132027e+00 1.050029859e+00 
1.026471095e+00 1.021536387e+00 1.038136156e+00 
1.054243332e+00 1.015206562e+00 1.042614956e+00 
1.036570027e+00 1.029364396e+00 1.057776524e+00 
1.058477108e+00 1.022285479e+00 1.057195939e+00 
1.032200263e+00 1.031724035e+00 1.060314511e+00 
1.054088001e+00 1.023783662e+00 1.058108287e+00 
1.059836629e+00 1.016255290e+00 1.044987061e+00 
1.064925015e+00 1.020150567e+00 1.053231372e+00 
1.033792838e+00 1.033409491e+00 1.061840621e+00 
1.024975588e+00 1.032585490e+00 1.055255126e+00 
1.041396227e+00 1.046818233e+00 1.077781833e+00 
1.116527028e+00 1.044121503e+00 1.102000531e+00 
1.035948588e+00 1.021573842e+00 1.044622122e+00 
1.150319867e+00 1.037978951e+00 1.090239533e+00 
1.153349569e+00 1.035694221e+00 1.086308141e+00 
1.051912791e+00 1.034121128e+00 1.070084931e+00 
1.044717247e+00 1.024008390e+00 1.048719395e+00 
1.029966906e+00 1.020600022e+00 1.035896755e+00 
1.058787886e+00 1.022510206e+00 1.057876053e+00 
1.020159176e+00 1.023409116e+00 1.031434543e+00 
1.035657271e+00 1.021461478e+00 1.044290359e+00 
1.032355710e+00 1.028989850e+00 1.053165019e+00 
1.027558642e+00 1.044795685e+00 1.068674939e+00 
1.047309974e+00 1.030150942e+00 1.062885674e+00 
1.042299311e+00 1.032660399e+00 1.062305089e+00 
1.035016372e+00 1.032810218e+00 1.062255325e+00 
1.024451216e+00 1.033259673e+00 1.054243249e+00 
1.025597143e+00 1.032510581e+00 1.052634198e+00 
1.025985527e+00 1.025918574e+00 1.045783292e+00 
1.054592913e+00 1.026030937e+00 1.061973326e+00 
1.070324062e+00 1.025094573e+00 1.063681906e+00 
1.085010313e+00 1.075133900e+00 1.130880499e+00 
1.034752205e+00 1.045469868e+00 1.072739035e+00 
1.018217020e+00 1.026555302e+00 1.035117112e+00 
1.073450831e+00 1.045881868e+00 1.094734921e+00 
1.057273034e+00 1.022884752e+00 1.058406874e+00 
1.034212336e+00 1.038952770e+00 1.070748457e+00 
1.125519419e+00 1.047979325e+00 1.108785084e+00 
1.036472960e+00 1.037492041e+00 1.071494924e+00 
1.055272615e+00 1.022585116e+00 1.054724305e+00 
1.036729319e+00 1.049215326e+00 1.078860062e+00 
1.101028934e+00 1.023221844e+00 1.062869086e+00 
1.039215190e+00 1.034008764e+00 1.067132241e+00 
1.042979013e+00 1.027416757e+00 1.058954283e+00 
1.020974865e+00 1.025656392e+00 1.039396855e+00 
1.035929128e+00 1.028652759e+00 1.054989715e+00 
1.033132480e+00 1.029252032e+00 1.053712428e+00 
1.021848818e+00 1.026368029e+00 1.040939553e+00 
1.059632707e+00 1.029776396e+00 1.065324132e+00 
1.046766142e+00 1.045919323e+00 1.087668370e+00 
1.052728480e+00 1.033297127e+00 1.072274567e+00 
1.025907804e+00 1.032360763e+00 1.050859266e+00 
1.064769568e+00 1.019251657e+00 1.052236083e+00 
1.029442535e+00 1.032997491e+00 1.057577467e+00 
1.056379622e+00 1.023034571e+00 1.059153341e+00 
1.040590209e+00 1.026143301e+00 1.053082078e+00 
1.021200112e+00 1.035844039e+00 1.053480194e+00 
1.038298589e+00 1.029476759e+00 1.059485104e+00 
1.034103616e+00 1.042436046e+00 1.071611041e+00 
1.037622732e+00 1.026180756e+00 1.057527702e+00 
1.045571740e+00 1.023371662e+00 1.049283392e+00 
1.024742534e+00 1.022510206e+00 1.037489218e+00 
1.079160656e+00 1.026030937e+00 1.070018579e+00 
1.032068238e+00 1.029701487e+00 1.055620065e+00 
1.046940932e+00 1.022397843e+00 1.053330900e+00 
1.041813743e+00 1.025843665e+00 1.051423263e+00 
1.021780883e+00 1.033896401e+00 1.047408931e+00 
1.027335260e+00 1.030375670e+00 1.049316568e+00 
1.110525886e+00 1.045582232e+00 1.103576405e+00 
1.086832096e+00 1.062624068e+00 1.115022228e+00 
1.135171353e+00 1.028390576e+00 1.078014067e+00 
1.175140124e+00 1.043110229e+00 1.100590538e+00 
1.093388256e+00 1.069890258e+00 1.127546281e+00 
1.107068530e+00 1.050938237e+00 1.110676133e+00 
1.030607805e+00 1.020375295e+00 1.032595714e+00 
1.016080730e+00 1.027154575e+00 1.030754429e+00 
1.055715418e+00 1.068242256e+00 1.110195077e+00 
1.116527028e+00 1.018689839e+00 1.056366532e+00 
1.041444819e+00 1.024869845e+00 1.051307146e+00 
1.031578825e+00 1.034270946e+00 1.057876053e+00 
1.063740285e+00 1.022135661e+00 1.059186517e+00 
1.027849960e+00 1.021349114e+00 1.032363480e+00 
1.037075055e+00 1.027866212e+00 1.054740893e+00 
1.032064393e+00 1.031274580e+00 1.055868887e+00 
1.167449340e+00 1.065582981e+00 1.128674275e+00 
1.071438876e+00 1.083373909e+00 1.131145909e+00 
1.069937542e+00 1.066781527e+00 1.115586225e+00 
1.035200834e+00 1.060826248e+00 1.076587486e+00 
1.059725928e+00 1.066406982e+00 1.106811094e+00 
1.057622616e+00 1.029888760e+00 1.071644217e+00 
1.042648892e+00 1.028989850e+00 1.060778979e+00 
1.056690399e+00 1.030637852e+00 1.069189171e+00 
1.057511915e+00 1.073148807e+00 1.113678588e+00 
1.044715266e+00 1.061800067e+00 1.092926813e+00 
1.071124253e+00 1.131615416e+00 1.185704333e+00 
1.065119149e+00 1.081613544e+00 1.125107823e+00 
1.069974481e+00 1.032248399e+00 1.076471369e+00 
1.081772842e+00 1.075133900e+00 1.130167209e+00 
1.065721244e+00 1.068167347e+00 1.108785084e+00 
1.045764009e+00 1.066294618e+00 1.094187512e+00 
1.046803081e+00 1.053747331e+00 1.090106828e+00 
1.062341960e+00 1.038053860e+00 1.086158848e+00 
1.072246758e+00 1.030600397e+00 1.074762789e+00 
1.061759325e+00 1.024008390e+00 1.061392741e+00 
1.056661268e+00 1.028989850e+00 1.064627430e+00 
1.520278033e+00 1.719315330e+00 1.671421936e+00 
1.045076500e+00 1.017790928e+00 1.043361423e+00 
1.042318771e+00 1.016629836e+00 1.035896755e+00 
1.072549728e+00 1.096745196e+00 1.140667507e+00 
1.159758556e+00 1.064122252e+00 1.125671820e+00 
1.113380799e+00 1.021274205e+00 1.062819322e+00 
1.172809583e+00 1.044870594e+00 1.106330038e+00 
1.051213629e+00 1.016592382e+00 1.043560480e+00 
1.102776839e+00 1.024345481e+00 1.064162962e+00 
1.110525886e+00 1.027416757e+00 1.077848185e+00 
1.019401750e+00 1.025206937e+00 1.035382523e+00 
1.051388420e+00 1.027454212e+00 1.062769557e+00 
1.075567778e+00 1.023446571e+00 1.062935439e+00 
1.029190021e+00 1.029776396e+00 1.055752770e+00 
1.072421548e+00 1.023821117e+00 1.063399907e+00 
1.111050258e+00 1.019813476e+00 1.059916396e+00 
1.084423832e+00 1.021274205e+00 1.061342977e+00 
1.078947062e+00 1.027192030e+00 1.068475881e+00 
1.041056318e+00 1.029439305e+00 1.058158052e+00 
1.042998473e+00 1.030150942e+00 1.061857209e+00 
1.033909365e+00 1.021761115e+00 1.043759538e+00 
1.112681637e+00 1.018240384e+00 1.052385376e+00 
1.029267744e+00 1.029514214e+00 1.047823635e+00 
1.065546453e+00 1.022585116e+00 1.062354854e+00 
1.037424636e+00 1.026854938e+00 1.056101121e+00 
1.032977149e+00 1.023334207e+00 1.045915998e+00 
1.020062109e+00 1.024195663e+00 1.032861124e+00 
1.100854143e+00 1.018839657e+00 1.053712428e+00 
1.093804258e+00 1.022922207e+00 1.062819322e+00 
1.375399979e+00 1.627027229e+00 1.608138146e+00 
1.376122447e+00 1.625753774e+00 1.608138146e+00 
1.378429682e+00 1.623881044e+00 1.608138146e+00 
1.375003787e+00 1.628862504e+00 1.608138146e+00 
1.376705082e+00 1.624480318e+00 1.608138146e+00 
1.378616125e+00 1.622944680e+00 1.608138146e+00 
1.375190230e+00 1.627963594e+00 1.608138146e+00 
1.396648683e+00 1.615715944e+00 1.608138146e+00 
1.397516809e+00 1.612045395e+00 1.608138146e+00 
1.396287449e+00 1.616614854e+00 1.608138146e+00 
1.395716466e+00 1.616652309e+00 1.608138146e+00 
1.400826177e+00 1.611408667e+00 1.608138146e+00 
1.400150320e+00 1.611895577e+00 1.608138146e+00 
1.401478728e+00 1.611258849e+00 1.608138146e+00 
1.400802871e+00 1.611745758e+00 1.608138146e+00 
1.385345561e+00 1.619423948e+00 1.608138146e+00 
1.387163383e+00 1.617626128e+00 1.608138146e+00 
1.384063764e+00 1.619873403e+00 1.608138146e+00 
1.381739049e+00 1.620173040e+00 1.608138146e+00 
1.387093466e+00 1.618262856e+00 1.608138146e+00 
1.380713612e+00 1.620285404e+00 1.608138146e+00 
1.336609297e+00 1.704520769e+00 1.608138146e+00 
1.331653402e+00 1.707741863e+00 1.608138146e+00 
1.333774194e+00 1.706543316e+00 1.608138146e+00 
1.334310218e+00 1.706356043e+00 1.608138146e+00 
1.332725451e+00 1.706842953e+00 1.608138146e+00 
1.332678840e+00 1.707030226e+00 1.608138146e+00 
1.348821329e+00 1.693434211e+00 1.608138146e+00 
1.345768321e+00 1.694295667e+00 1.608138146e+00 
1.346397567e+00 1.693509120e+00 1.608138146e+00 
1.338645024e+00 1.699689127e+00 1.608138146e+00 
1.337852640e+00 1.699801491e+00 1.608138146e+00 
1.339210180e+00 1.699202217e+00 1.608138146e+00 
1.336699022e+00 1.702310948e+00 1.608138146e+00 
1.343134810e+00 1.696393123e+00 1.608138146e+00 
1.343973805e+00 1.695007304e+00 1.608138146e+00 
1.342202594e+00 1.697516761e+00 1.608138146e+00 
1.340625983e+00 1.697704034e+00 1.608138146e+00 
1.352014170e+00 1.689164388e+00 1.608138146e+00 
1.352037475e+00 1.689014570e+00 1.608138146e+00 
1.350909493e+00 1.689576389e+00 1.608138146e+00 
1.352503583e+00 1.687778568e+00 1.608138146e+00 
1.353412494e+00 1.687254204e+00 1.608138146e+00 
1.349776851e+00 1.692235664e+00 1.608138146e+00 
1.348867940e+00 1.692610210e+00 1.608138146e+00 
1.350336180e+00 1.691149481e+00 1.608138146e+00 
1.350406097e+00 1.690437844e+00 1.608138146e+00 
1.365140939e+00 1.674032735e+00 1.608138146e+00 
1.363882448e+00 1.675755646e+00 1.608138146e+00 
1.364232029e+00 1.675156373e+00 1.608138146e+00 
1.366038198e+00 1.673133825e+00 1.608138146e+00 
1.366609180e+00 1.672497097e+00 1.608138146e+00 
1.364907885e+00 1.674407281e+00 1.608138146e+00 
1.364709789e+00 1.675044009e+00 1.608138146e+00 
1.368963026e+00 1.668114911e+00 1.608138146e+00 
1.370600231e+00 1.666354545e+00 1.608138146e+00 
1.362460818e+00 1.677516012e+00 1.608138146e+00 
1.357654078e+00 1.683508746e+00 1.608138146e+00 
1.359355372e+00 1.682572381e+00 1.608138146e+00 
1.355160399e+00 1.684894565e+00 1.608138146e+00 
1.354851603e+00 1.685456384e+00 1.608138146e+00 
1.353435799e+00 1.687179295e+00 1.608138146e+00 
1.366818929e+00 1.671972733e+00 1.608138146e+00 
1.373721990e+00 1.630435597e+00 1.608138146e+00 
1.370762203e+00 1.631709053e+00 1.608138146e+00 
1.374118182e+00 1.630248324e+00 1.608138146e+00 
1.417900882e+00 1.602569385e+00 1.608138146e+00 
1.401513686e+00 1.610697030e+00 1.608138146e+00 
1.402410944e+00 1.610060302e+00 1.608138146e+00 
1.402597387e+00 1.609835574e+00 1.608138146e+00 
1.401874920e+00 1.610285029e+00 1.608138146e+00 
1.402154585e+00 1.610097756e+00 1.608138146e+00 
1.407023084e+00 1.606502116e+00 1.608138146e+00 
1.406262163e+00 1.606764298e+00 1.608138146e+00 
1.408208164e+00 1.604030113e+00 1.608138146e+00 
1.407637181e+00 1.604067568e+00 1.608138146e+00 
1.402889870e+00 1.608936664e+00 1.608138146e+00 
1.403249939e+00 1.608225027e+00 1.608138146e+00 
1.404048149e+00 1.607775572e+00 1.608138146e+00 
1.405114371e+00 1.607663208e+00 1.608138146e+00 
1.416953517e+00 1.603955204e+00 1.608138146e+00 
1.285770885e+00 1.602082475e+00 1.519341782e+00 
1.283114068e+00 1.605790479e+00 1.519341782e+00 
1.284861974e+00 1.602606839e+00 1.519341782e+00 
1.288672408e+00 1.595602832e+00 1.519341782e+00 
1.286598226e+00 1.599498109e+00 1.519341782e+00 
1.284139506e+00 1.602869021e+00 1.519341782e+00 
1.280433947e+00 1.610285029e+00 1.519341782e+00 
1.280130976e+00 1.610846848e+00 1.519341782e+00 
1.290003146e+00 1.595490468e+00 1.519341782e+00 
1.279758090e+00 1.611408667e+00 1.519341782e+00 
1.280760222e+00 1.605902843e+00 1.519341782e+00 
1.341936912e+00 1.638787970e+00 1.599545485e+00 
1.334941795e+00 1.648975617e+00 1.599545485e+00 
1.342472937e+00 1.635791603e+00 1.599545485e+00 
1.333508512e+00 1.651859620e+00 1.599545485e+00 
1.339373318e+00 1.641110154e+00 1.599545485e+00 
1.340538588e+00 1.639462152e+00 1.599545485e+00 
1.334394118e+00 1.650848346e+00 1.599545485e+00 
1.341051307e+00 1.639274879e+00 1.599545485e+00 
1.339326707e+00 1.641372336e+00 1.599545485e+00 
1.336786418e+00 1.644106521e+00 1.599545485e+00 
1.355925982e+00 1.622682497e+00 1.599545485e+00 
1.355902677e+00 1.623881044e+00 1.599545485e+00 
1.354766538e+00 1.625079591e+00 1.599545485e+00 
1.352150506e+00 1.626914866e+00 1.599545485e+00 
1.353175944e+00 1.625379228e+00 1.599545485e+00 
1.350361816e+00 1.628113412e+00 1.599545485e+00 
1.345796287e+00 1.631034870e+00 1.599545485e+00 
1.348951839e+00 1.629536687e+00 1.599545485e+00 
1.352424345e+00 1.625678864e+00 1.599545485e+00 
1.350979410e+00 1.627476685e+00 1.599545485e+00 
1.347973012e+00 1.630473051e+00 1.599545485e+00 
1.342764254e+00 1.633394509e+00 1.599545485e+00 
1.349487864e+00 1.629124686e+00 1.599545485e+00 
1.364610741e+00 1.614929398e+00 1.599545485e+00 
1.359212044e+00 1.618487584e+00 1.599545485e+00 
1.370978944e+00 1.604517023e+00 1.599545485e+00 
1.365642006e+00 1.611371212e+00 1.599545485e+00 
1.368805714e+00 1.610622121e+00 1.599545485e+00 
1.369767062e+00 1.609535938e+00 1.599545485e+00 
1.382767983e+00 1.602232293e+00 1.599545485e+00 
1.365566263e+00 1.613393760e+00 1.599545485e+00 
1.359326241e+00 1.616877037e+00 1.599545485e+00 
1.344162579e+00 1.787669950e+00 1.625854290e+00 
1.343952830e+00 1.788194314e+00 1.625854290e+00 
1.343696470e+00 1.788269224e+00 1.625854290e+00 
1.344861741e+00 1.787520132e+00 1.625854290e+00 
1.337613760e+00 1.797220870e+00 1.625854290e+00 
1.337637065e+00 1.796097232e+00 1.625854290e+00 
1.336681543e+00 1.798868871e+00 1.625854290e+00 
1.339967605e+00 1.792576501e+00 1.625854290e+00 
1.339431581e+00 1.794486685e+00 1.625854290e+00 
1.339338360e+00 1.794973595e+00 1.625854290e+00 
1.338429449e+00 1.795423050e+00 1.625854290e+00 
1.339734551e+00 1.794074684e+00 1.625854290e+00 
1.339944300e+00 1.793887412e+00 1.625854290e+00 
1.339920995e+00 1.793924866e+00 1.625854290e+00 
1.339082000e+00 1.795198322e+00 1.625854290e+00 
1.342461284e+00 1.789505225e+00 1.625854290e+00 
1.342671033e+00 1.789130679e+00 1.625854290e+00 
1.341249403e+00 1.789954680e+00 1.625854290e+00 
1.341016349e+00 1.791789955e+00 1.625854290e+00 
1.350245289e+00 1.780029215e+00 1.625854290e+00 
1.348404162e+00 1.781489943e+00 1.625854290e+00 
1.349382989e+00 1.781265216e+00 1.625854290e+00 
1.345514292e+00 1.784561220e+00 1.625854290e+00 
1.345607514e+00 1.783887037e+00 1.625854290e+00 
1.345863873e+00 1.782913218e+00 1.625854290e+00 
1.356596012e+00 1.776059028e+00 1.625854290e+00 
1.359852943e+00 1.769541930e+00 1.625854290e+00 
1.357598145e+00 1.774373572e+00 1.625854290e+00 
1.361886340e+00 1.769354657e+00 1.625854290e+00 
1.357866157e+00 1.773999026e+00 1.625854290e+00 
1.358646888e+00 1.771639387e+00 1.625854290e+00 
1.352086416e+00 1.777107757e+00 1.625854290e+00 
1.358227391e+00 1.773774299e+00 1.625854290e+00 
1.352412692e+00 1.776208847e+00 1.625854290e+00 
1.393014205e+00 1.741450991e+00 1.625854290e+00 
1.391895545e+00 1.742911720e+00 1.625854290e+00 
1.392035378e+00 1.741750627e+00 1.625854290e+00 
1.386203200e+00 1.750889546e+00 1.625854290e+00 
1.390753580e+00 1.745009176e+00 1.625854290e+00 
1.374191594e+00 1.760253193e+00 1.625854290e+00 
1.363098221e+00 1.765609199e+00 1.625854290e+00 
1.377594183e+00 1.755758643e+00 1.625854290e+00 
1.362352448e+00 1.766807746e+00 1.625854290e+00 
1.398677418e+00 1.733323345e+00 1.625854290e+00 
1.398770640e+00 1.733061163e+00 1.625854290e+00 
1.398793945e+00 1.733023709e+00 1.625854290e+00 
1.399236748e+00 1.732461890e+00 1.625854290e+00 
1.399283359e+00 1.732386981e+00 1.625854290e+00 
1.395373877e+00 1.735982621e+00 1.625854290e+00 
1.382389270e+00 1.751713547e+00 1.625854290e+00 
1.395368051e+00 1.736956440e+00 1.625854290e+00 
1.390940024e+00 1.744147721e+00 1.625854290e+00 
1.391103161e+00 1.743922993e+00 1.625854290e+00 
1.389378561e+00 1.745121540e+00 1.625854290e+00 
1.388790100e+00 1.745533541e+00 1.625854290e+00 
1.389559178e+00 1.745084086e+00 1.625854290e+00 
1.393666756e+00 1.740814263e+00 1.625854290e+00 
1.393643451e+00 1.741376082e+00 1.625854290e+00 
1.392408264e+00 1.741600809e+00 1.625854290e+00 
1.393829894e+00 1.740252444e+00 1.625854290e+00 
1.388114243e+00 1.746919360e+00 1.625854290e+00 
1.394389224e+00 1.738754260e+00 1.625854290e+00 
1.394645583e+00 1.737855350e+00 1.625854290e+00 
1.399819383e+00 1.731712798e+00 1.625854290e+00 
1.401217707e+00 1.730738979e+00 1.625854290e+00 
1.402755864e+00 1.726843702e+00 1.625854290e+00 
1.400355407e+00 1.731562980e+00 1.625854290e+00 
1.401427456e+00 1.729502978e+00 1.625854290e+00 
1.408316534e+00 1.716656055e+00 1.625854290e+00 
1.406661850e+00 1.719015693e+00 1.625854290e+00 
1.415657737e+00 1.707779318e+00 1.625854290e+00 
1.413816610e+00 1.710738230e+00 1.625854290e+00 
1.421422329e+00 1.691074572e+00 1.625854290e+00 
1.425442511e+00 1.686542567e+00 1.625854290e+00 
1.420688209e+00 1.692048391e+00 1.625854290e+00 
1.424090798e+00 1.688115660e+00 1.625854290e+00 
1.418707249e+00 1.703097494e+00 1.625854290e+00 
1.419569549e+00 1.701374583e+00 1.625854290e+00 
1.432643882e+00 1.682460017e+00 1.625854290e+00 
1.425640607e+00 1.684370201e+00 1.625854290e+00 
1.428093501e+00 1.683508746e+00 1.625854290e+00 
1.429689922e+00 1.683246564e+00 1.625854290e+00 
1.355838587e+00 1.776133938e+00 1.624527238e+00 
1.371601198e+00 1.763961197e+00 1.624527238e+00 
1.371403102e+00 1.764597925e+00 1.624527238e+00 
1.356584360e+00 1.773811753e+00 1.624527238e+00 
1.358005989e+00 1.771976479e+00 1.624527238e+00 
1.375073703e+00 1.760140829e+00 1.624527238e+00 
1.155505319e+00 1.067980074e+00 1.133932718e+00 
1.223912512e+00 1.160829994e+00 1.273986464e+00 
1.077449689e+00 1.114873216e+00 1.148181939e+00 
1.114944591e+00 1.134686692e+00 1.201977307e+00 
1.075358029e+00 1.124948500e+00 1.166329374e+00 
1.505893937e+00 1.749278999e+00 1.653374030e+00 
1.498417563e+00 1.746207723e+00 1.647253002e+00 
1.145707727e+00 1.106595753e+00 1.189917723e+00 
1.080026918e+00 1.102775385e+00 1.150869219e+00 
1.083441160e+00 1.121053223e+00 1.161817398e+00 
1.122850950e+00 1.203528222e+00 1.254395860e+00 
1.138366524e+00 1.098767744e+00 1.183813284e+00 
1.093229780e+00 1.123263044e+00 1.176945790e+00 
1.239841756e+00 1.354320387e+00 1.448327915e+00 
1.115802230e+00 1.137121240e+00 1.202674010e+00 
1.061710733e+00 1.088355369e+00 1.114076704e+00 
1.092697251e+00 1.075096446e+00 1.130084268e+00 
1.098995537e+00 1.122925952e+00 1.200816137e+00 
1.088354638e+00 1.118094311e+00 1.175801208e+00 
1.091640701e+00 1.106033934e+00 1.175801208e+00 
1.108836245e+00 1.020487659e+00 1.061525446e+00 
1.157911603e+00 1.179931833e+00 1.267400969e+00 
1.188502278e+00 1.121615042e+00 1.219826156e+00 
1.076346528e+00 1.088243005e+00 1.142873731e+00 
1.106577951e+00 1.160755084e+00 1.211681375e+00 
1.081149423e+00 1.102625567e+00 1.155032845e+00 
1.106647867e+00 1.162328177e+00 1.217188640e+00 
1.140120256e+00 1.135735421e+00 1.233527968e+00 
1.094913595e+00 1.122551406e+00 1.181026475e+00 
1.136365755e+00 1.157721263e+00 1.237824298e+00 
1.279548341e+00 1.472339788e+00 1.504395860e+00 
1.064460771e+00 1.116109218e+00 1.142459027e+00 
1.110176305e+00 1.184276565e+00 1.244111207e+00 
1.224683920e+00 1.143675793e+00 1.246898016e+00 
1.289680366e+00 1.379190232e+00 1.482814677e+00 
1.512575597e+00 1.669051275e+00 1.651250746e+00 
1.478788585e+00 1.699501854e+00 1.640999270e+00 
1.077012713e+00 1.122888498e+00 1.143039613e+00 
1.193551394e+00 1.088205551e+00 1.166030788e+00 
1.059937658e+00 1.114161579e+00 1.117261628e+00 
1.597845415e+00 1.535787857e+00 2.000000000e+00 
1.577586026e+00 1.536199858e+00 2.000000000e+00 
1.571545265e+00 1.536237312e+00 2.000000000e+00 
1.558432478e+00 1.537323495e+00 2.000000000e+00 
1.541118893e+00 1.537772950e+00 2.000000000e+00 
1.538689304e+00 1.539308588e+00 2.000000000e+00 
1.536084925e+00 1.540132589e+00 2.000000000e+00 
1.531048627e+00 1.546200232e+00 2.000000000e+00 
1.525423867e+00 1.549908236e+00 2.000000000e+00 
1.590970321e+00 1.501329638e+00 1.714783359e+00 
1.594075766e+00 1.489007079e+00 1.623299715e+00 
1.598436207e+00 1.511255103e+00 1.829142061e+00 
1.835233112e+00 1.491141990e+00 1.630167209e+00 
1.796761714e+00 1.521704933e+00 1.859996019e+00 
1.803160213e+00 1.494512903e+00 1.695010285e+00 
1.838697461e+00 1.481253980e+00 1.614673877e+00 
1.638996935e+00 1.497696543e+00 1.712759605e+00 
1.591988767e+00 1.502528185e+00 1.720721916e+00 
1.549929501e+00 1.497996180e+00 1.680479066e+00 
1.554309752e+00 1.493127083e+00 1.649226992e+00 
1.550244124e+00 1.506910371e+00 1.736513835e+00 
1.539611033e+00 1.511292558e+00 1.762606994e+00 
1.575109827e+00 1.492265628e+00 1.626982284e+00 
1.553961336e+00 1.494587812e+00 1.641546679e+00 
1.538393325e+00 1.505412188e+00 1.663227390e+00 
1.551193819e+00 1.506311098e+00 1.687877380e+00 
1.593382430e+00 1.509569647e+00 1.748457302e+00 
1.587529277e+00 1.522940934e+00 1.808871342e+00 
1.570830954e+00 1.504288550e+00 1.681208944e+00 
1.560485685e+00 1.518895839e+00 1.776574215e+00 
1.529920645e+00 1.512528559e+00 1.720406741e+00 
1.525542725e+00 1.502116184e+00 1.629420742e+00 
1.478978524e+00 2.000000000e+00 2.000000000e+00 
1.417065383e+00 1.989475261e+00 1.995604140e+00 
1.357507254e+00 1.986366531e+00 1.994492734e+00 
1.365250475e+00 1.981459980e+00 1.991108752e+00 
1.318734050e+00 1.979662160e+00 1.991058987e+00 
1.506610578e+00 1.979175250e+00 1.990362285e+00 
1.411179603e+00 1.979325068e+00 1.990096875e+00 
1.384746612e+00 1.970560695e+00 1.986563599e+00 
1.406321591e+00 1.970186149e+00 1.986464070e+00 
1.298460678e+00 1.967938874e+00 1.986132307e+00 
1.466515958e+00 1.967077419e+00 1.985817132e+00 
1.371196849e+00 1.961084685e+00 1.981968682e+00 
1.391161425e+00 1.959099592e+00 1.981636919e+00 
1.340810096e+00 1.959623956e+00 1.981587154e+00 
1.375196057e+00 1.958987228e+00 1.981222215e+00 
1.389380892e+00 1.958350500e+00 1.980309867e+00 
1.411946351e+00 1.956253043e+00 1.978651052e+00 

