922 1372 5195
1088 1318 4927
830 1015 4395
330.533 963 3237
1141 1328 5170
1186 1221 5195
240 865 3196
472.867 1094 3421
837.7 1518 4969
1017.4 1668 5435
758.333 1066 4553
1231.6 1486 5702
425.6 721 2473
611 1040 3687
521.6 1186 4095
424 845 2788
1083 1850 6094
684 1338 4420
245.8 1017 3237
401.65 1314 3438
552.933 840 3080
1573 1756 6601
783 820 3496
869.8 1241 4594
1062 1389 5386
789 1010 3712
583.8 1131 4153
509.1 1454 4070
662 617 2854
825.8 1711 5559
498.6 642 2664
304.8 690 1914
1175.2 1563 5826
197.9 792 507
612 708 2879
771.2 1263 4844
530.2 1004 3295
1355 1465 6094
483.6 1009 3438
1155 1609 5611
799 903 3778
434.333 630 2639
337.267 682 1990
543 1638 4395
489 1133 3587
678.6 1214 4271
1095 1234 4795
333 836 2730
507.6 837 2854
949.2 1563 5386
698.333 754 3347
555.6 972 3654
389.6 734 2730
1121.6 1361 5129
588 1103 3778
856 842 3687
1236.33 1567 6094
497.6 685 2689
547 766 2854
594 804 2879
849 824 3654
767.8 1396 4778
1101 1604 5501
571.333 907 3563
1485.6 1701 6118
292.6 837 2730
877.2 1461 5118
249.6 861 2598
697.267 1045 3747
1028 744 3138
512.6 1364 4285
724.6 871 3654
850.6 1575 5195
377.333 783 2730
1066.33 1375 5386
1257.6 1935 6267
625.4 1052 4194
446.6 1188 3386
969.4 1734 5893
197.9 752 0
236.8 737 1765
236.8 692 990
236.8 777 2272
592.333 828 3629
879.333 1420 5195
1353.33 1455 5893
735.6 1393 4635
317.2 779 2462
1315 1361 5319
849.333 1256 4803
246.6 637 1740
304.8 730 2421
1235.6 1654 5893
728 1136 4462
532.8 916 3386
382.2 667 2206
427 643 2664
604.6 568 2382
360 571 1955
265.2 493 0
741.6 1167 4553
236.8 732 1497
283.6 597 1765
586 479 1889
265.2 578 1282
751.667 1729 5434
646.6 1396 4671
265.2 538 775
577.733 1286 4362
246.6 544 0
340.6 444 1674
376 858 2879
283.6 552 990
246.6 589 775
440.6 487 1699
236.8 663 0
323.4 1006 3295
633 430 1274
265.2 533 507
595 755 2879
429 517 1955
1348.6 1844 6209
340.6 399 899
274.6 398 775
380 328 899
309 333 0
588 466 1864
351 302 0
309 374 441
548.8 854 3129
246.6 592 965
286 420 965
1123.4 1692 5677
274.6 353 0
351 331 990


489 1133 3587
781 950 3778
357.6 1077 3361
456.6 1050 3171
454.267 771 2914
1168.6 1291 5677
431 868 2955
1140.67 1754 5611
662.2 1178 4004
1019.7 1901 5435
1041.6 1682 5435
698.333 754 3347
926.6 1548 5310
1168 1714 5636
1301.67 1683 5702
662 617 2854
695.2 1019 4070
1142 1717 5827
993 1129 4611
304.25 1308 2854
844.6 788 3472
382.2 667 2206
1383.6 1857 6601
1463 1606 6601
1478 1208 4836
772 1067 4553
881.5 1158 4611
799 903 3778
1083 1024 4153
1395.6 1822 6143
497.6 685 2689
1142.2 1640 5319
616 712 2854
434.333 630 2639
716.8 1341 4511
762.6 1281 5170
1028 744 3138
1027 1054 4462
865.5 871 3687
551.2 1383 4386
862.6 1060 4139
357.4 1226 3295
1339 1545 5760
636.4 1076 4003
317.2 779 2462
313.8 930 2879
717 890 3687
1036.6 1234 4969
940 870 3687
1100 1270 5195
592.333 828 3629
452.767 1535 4577
304.85 1313 3014
249.6 856 2330
1356 1873 6209
519.333 907 3438
236.8 777 2272
1112 1390 5261
1034 1053 4296
292.6 837 2730
418.9 1076 3105
304.8 690 1914
555.733 1223 4462
552.933 840 3080
604.6 568 2382
1381.6 1642 5827
407 766 2854
389.6 734 2730
236.8 732 1497
1160.67 1812 6118
446.6 1188 3386
376 858 2879
236.8 663 0
883.6 820 3563
983.6 1032 4139
333 836 2730
696.6 774 3215
246.6 637 1740
934 730 2881
498.6 642 2664
387 1075 2903
548 957 3879
246.6 592 965
246.6 544 0
506.6 925 3654
829.45 1660 5285
427 643 2664
326.7 1387 4161
265.2 533 507
545.6 853 3105
425.6 721 2473
648 1201 4069
595 755 2879
360 571 1955
236.8 737 1765
304.8 730 2421
265.2 578 1282
236.8 692 990
633 430 1274
340.6 444 1674
1361 985 4087
586 479 1889
283.6 552 990
440.6 487 1699
265.2 493 0
588 466 1864
340.6 399 899
429 517 1955
491.8 925 3320
1145.5 1589 5368
226.5 901 1483
453.2 1085 3386
351 302 0
377.333 783 2730
246.6 589 775
274.6 353 0
283.6 597 1765
351 331 990
265.2 538 775
309 374 441
380 328 899
309 333 0
274.6 398 775
286 420 965


731 829 3629
1351.6 1805 6267
1485.6 1638 6535
548.8 854 3129
591.333 871 3654
555.6 972 3654
539.8 878 3320
912.2 1293 4510
1127.6 1103 4580
1691 1859 6601
1205 1510 5319
236.8 732 1497
989 1331 5129
507.6 882 3629
1115.2 1618 5677
832.2 1446 4969
1304.6 1925 6334
670.8 1241 4153
1140.6 1896 6143
1139 1351 5195
1144 1635 5827
817.6 1006 4462
1050 1773 5611
591.6 857 3397
1011 1307 5170
1067 1148 4553
799 903 3778
1156 1550 5319
467.2 862 3105
1319 1584 5611
240 825 2689
735.8 1050 4028
337.267 682 1990
245.8 1017 3237
236.8 692 990
755 871 3687
464.8 1050 3629
1046 796 3405
1024 1177 4611
885 1302 4778
625.4 1012 3687
604.6 568 2382
595 755 2879
833.6 1408 4902
1300.2 1638 5893
983.733 1629 5170
305.6 1251 3687
317.2 779 2462
1068 1633 5559
407 766 2854
1642 1614 5760
1584 1463 5636
774.333 1051 4205
1405 1939 6601
684 1187 4420
240 865 3196
1042.2 1857 5827
1213 1272 5386
1125.2 1774 5893
1023 1206 4611
628.333 836 3472
1667 1431 5611
1690 1464 5826
1563 1549 5545
635.1 1335 4646
333 836 2730
497.6 685 2689
1208 1460 5369
872.6 1394 4737
454.267 771 2914
1125.6 1754 5768
292.6 837 2730
236.8 777 2272
434.333 630 2639
619.333 868 3563
662 617 2854
858 811 3563
1172.6 1785 6118
612 708 2879
895.2 1702 5435
483.6 1009 3438
425.6 721 2473
330.533 963 3237
856 842 3687
197.9 837 1282
1164.6 2145 6209
389.6 734 2730
343.333 1087 4070
501.4 961 3229
782 950 3778
249 1065 3654
1058 1189 4928
691 767 3372
868 996 4395
304.8 690 1914
377.333 783 2730
376 858 2879
423 1053 3778
427 643 2664
1079 1553 5435
1073.6 1611 5369
633 430 1274
382.2 667 2206
498.6 642 2664
360 571 1955
588 466 1864
429 517 1955
246.6 637 1740
246.6 589 775
586 479 1889
246.6 592 965
340.6 444 1674
236.8 663 0
765.5 1307 4611
717 890 3687
937.75 1228 4611
637.933 1016 3979
340.6 399 899
265.2 493 0
265.2 538 775
1062.33 1463 5261
283.6 552 990
246.6 544 0
236.8 737 1765
304.8 730 2421
286 420 965
265.2 578 1282
351 302 0
265.2 533 507
351 331 990
309 374 441
440.6 487 1699
380 328 899
283.6 597 1765
274.6 398 775
309 333 0
274.6 353 0


785 1463 4737
834 1021 4029
880 1684 5702
382.2 667 2206
768 1111 4285
292.6 837 2730
1046 796 3405
696.6 774 3215
927 1278 4611
236.8 737 1765
1613 1905 6601
858 811 3563
317.667 1306 4095
1285 1584 5893
595 755 2879
548.8 854 3129
1532 1645 6334
1364.6 1486 5702
664.6 880 3588
591.6 857 3397
539.8 878 3320
1162 1018 3846
659 903 3778
236.8 732 1497
1178 1402 5386
304.8 690 1914
240 825 2689
467.2 862 3105
493.4 1093 3654
789.6 807 3306
1248.93 1524 5702
797.717 1864 5128
1475.67 1597 6209
526.8 1155 3712
830 1054 4462
427 643 2664
542.8 1143 4094
337.267 682 1990
871.6 806 3306
684 1187 4420
333 836 2730
197.9 797 775
545.6 853 3105
407 766 2854
436.8 1277 3361
496.1 1091 3563
1056 1040 4271
197.9 837 1282
826.8 1424 4778
771.6 1102 4462
857 890 3687
1048 1293 5261
612 708 2879
481.6 1156 4337
1328 1826 6143
636.8 1134 4161
726 891 3687
389.6 734 2730
197.9 752 0
236.8 777 2272
681.6 1199 4487
671.6 830 3014
732.6 833 3588
910 1459 5636
491.8 925 3320
604.8 1249 4486
1145.6 1842 6535
905.933 1558 5285
744.267 1602 4535
314.6 1223 3105
1023 1177 4611
317.2 779 2462
939.867 1614 6118
506.6 925 3654
718.933 1127 4004
323.4 1006 3295
604.6 568 2382
434.333 630 2639
507.6 882 3629
376 858 2879
236.8 692 990
1184 1005 4153
1253 1025 4296
377.333 783 2730
581.2 1107 3813
950.333 1227 4903
594.6 843 3105
1393 1289 5118
611 1040 3687
927.6 1430 5060
425.6 721 2473
498.6 642 2664
283.6 552 990
246.6 637 1740
304.8 730 2421
865.6 1281 4903
265.2 533 507
772 1067 4553
236.8 663 0
440.6 487 1699
283.6 597 1765
1270 920 3871
246.6 589 775
543.2 826 2879
265.2 493 0
340.6 399 899
265.2 538 775
633 430 1274
246.6 544 0
586 479 1889
662 617 2854
588 466 1864
619 1083 3712
429 517 1955
497.6 685 2689
1071.6 1173 4646
340.6 444 1674
265.2 578 1282
246.6 592 965
360 571 1955
309 333 0
286 420 965
309 374 441
274.6 398 775
274.6 353 0
351 302 0
594 804 2879
380 328 899
351 331 990


619.6 854 3306
489 1133 3587
1120 1168 4553
929 855 3778
252.4 874 2730
1053 1175 4421
596.2 1180 4194
761.8 1080 3962
1046 796 3405
832 1347 4726
878.6 1019 3802
1026 797 3405
584 1124 3654
777.6 1155 4296
969.2 1241 4687
1382.2 1897 6601
530.6 1374 4136
1054 1044 4395
1162.6 1222 5195
997 979 3827
369.75 834 2664
969.6 1279 4994
698 797 3306
685.6 839 3563
1186.4 1656 5768
571.333 907 3563
1127.6 1103 4580
849.6 1052 4004
1163 1831 5702
748.1 1228 4487
1493 1219 4611
731 829 3629
684 1187 4420
639 972 3687
1111.6 1026 4396
1178 1686 5636
236.8 737 1765
579.067 1442 4635
245.8 1017 3237
966.8 1219 4553
1260 1852 6267
1028 744 3138
568.733 1163 4136
929 1165 4354
612 881 3588
454.9 1089 3497
548.8 854 3129
604.6 568 2382
1545 1728 6601
888.6 1052 4205
1177 1797 6209
283.2 1172 3629
483.6 1009 3438
425.6 721 2473
245.8 977 2730
317.2 739 1955
304.8 690 1914
333 836 2730
1361.6 1550 6094
621 849 3497
1000.6 1551 5611
808.6 1122 4070
943 996 4362
427 643 2664
936.8 1723 5677
1352 1584 5636
713 1004 3778
1546.6 1653 6118
1546.6 1724 6143
1537 1741 6535
983.733 1555 5219
1167.4 1853 6267
705.333 784 3281
1020.4 1854 6267
594.6 843 3105
317.2 779 2462
639.6 845 3306
292.6 837 2730
1009 1290 5118
314.4 766 2330
1309.6 1603 5768
531.267 758 2823
683.333 1120 3879
557.2 1210 3678
1195.5 1653 5760
670.8 1396 4928
1224 1096 4486
683.6 880 3588
337.267 682 1990
431 868 2955
376 858 2879
552.2 927 3361
377.333 783 2730
236.8 692 990
765.4 1849 5369
236.8 732 1497
755.2 1130 4003
1393 1498 6094
1379 1534 5570
662 617 2854
520 930 3629
948.6 755 2973
1385 1744 6209
407 766 2854
1075 1377 5386
1312 1488 5545
594 804 2879
724.6 871 3654
498.6 642 2664
994 1242 4770
236.8 663 0
404 1077 3361
458.2 1153 3629
586 479 1889
197.9 752 0
709.533 1352 4577
799 903 3778
434.333 630 2639
440.6 487 1699
844.6 1350 5195
497.6 685 2689
1119.5 1230 4611
612 708 2879
265.2 538 775
252.4 914 3237
389.6 734 2730
429 517 1955
595 755 2879
792.333 1029 3913
246.6 544 0
883.6 820 3563
265.2 533 507
755 871 3687
844 1062 4219
246.6 637 1740
265.2 578 1282
340.6 444 1674
340.6 399 899
283.6 597 1765
360 571 1955
329.2 738 1955
382.2 667 2206
588 466 1864
246.6 592 965
806 1177 4486
633 430 1274
283.6 552 990
236.8 777 2272
351 302 0
274.6 353 0
309 333 0
265.2 493 0
286 420 965
274.6 398 775
309 374 441
246.6 589 775
380 328 899
358.933 764 2247
351 331 990


668 973 3654
1492.6 1619 6052
602.6 961 3563
734.6 1047 3872
531.267 758 2823
555.733 1240 4136
1538 1457 6267
252.4 914 3237
1083.2 1723 6209
708 918 3687
972 963 4128
637.2 1117 3979
1296.6 1721 6535
245.8 977 2730
612 708 2879
753 1178 4486
749 1055 4337
624.6 882 3629
948.2 1274 4778
790.6 1004 4161
595 755 2879
808.8 1340 4994
968.8 1271 5501
377.333 783 2730
570.8 821 2862
425.6 721 2473
879.6 1454 5319
724.6 871 3654
560.933 1008 3563
304.8 690 1914
407 766 2854
498.6 642 2664
562.6 916 3497
1466.6 1800 6601
604.6 568 2382
767.8 1576 4902
891.4 1357 5893
755 871 3687
542.4 952 3295
671.6 830 3014
471 1040 3687
970 1016 4395
676 982 3712
392.85 1494 3454
236.8 777 2272
571.6 1156 4462
483.6 1009 3438
427 643 2664
621 858 3397
545.6 853 3105
732.6 833 3588
236.8 732 1497
612 881 3588
333 836 2730
594 804 2879
612.333 931 3629
843.8 1898 5386
197.9 797 775
450.4 1072 3254
236.8 692 990
317.2 779 2462
304.8 730 2421
685.6 839 3563
434.333 630 2639
618.4 1075 3912
236.8 663 0
929 855 3778
337.267 682 1990
493.6 1383 4285
382.2 667 2206
246.6 637 1740
246.6 592 965
360 571 1955
759.6 1019 4553
497.6 685 2689
265.2 533 507
468.6 866 3196
249.6 861 2598
283.6 552 990
236.8 737 1765
717 890 3687
1073.6 1153 4712
633 430 1274
265.2 538 775
246.6 544 0
283.6 597 1765
340.6 399 899
389.6 734 2730
265.2 578 1282
292.6 837 2730
586 479 1889
691 767 3372
246.6 589 775
588 466 1864
805 1278 4611
543.2 826 2879
265.2 493 0
440.6 487 1699
429 517 1955
274.6 398 775
351 331 990
351 302 0
340.6 444 1674
380 328 899
662 617 2854
274.6 353 0
286 420 965
309 333 0
376 858 2879
309 374 441


1087.6 1361 5386
1001.5 1296 4837
869 795 3229
491.8 925 3320
1277.6 1718 5827
595 755 2879
830 903 3778
888.2 1229 4462
683.6 880 3588
1295 1536 5893
948.6 755 2973
540.667 970 3904
281 978 3438
333 836 2730
1063 1394 5261
662 617 2854
1161 1693 5760
1407.6 1208 4795
889.6 1514 5386
678 904 3778
1457 1615 6094
1642 1858 6601
711.8 1488 4994
783.8 1002 4028
629 941 3563
854 1333 4421
1395 1532 5702
639.6 845 3306
245.8 1017 3237
854.6 972 4205
685.6 839 3563
1005 1146 4487
727.667 1067 3945
726 891 3687
1165 1685 5702
621.067 1420 4444
888 1087 4421
832.6 1394 4602
1330.67 1788 6535
1214 1605 5760
726.8 1217 4362
849 1146 4395
621 868 3497
1119.2 1736 6094
934 730 2881
731 829 3629
552.2 927 3361
471 1040 3687
963 1345 4611
467.2 862 3105
920.6 1054 4462
752.6 1395 4778
236.8 663 0
427 643 2664
1448 1728 6334
339.2 1212 4136
497.6 685 2689
197.9 752 0
610.6 960 3397
604.6 568 2382
1015.1 1603 5611
475.933 853 3171
236.8 777 2272
1377.1 1758 6334
1091.33 1259 4994
929 855 3778
856.333 952 4337
236.8 732 1497
894.6 1339 4487
236.8 737 1765
407 766 2854
360.8 1125 3778
722 1134 4161
729.4 1147 4194
377.333 783 2730
389.6 734 2730
696.6 1153 4161
249.6 861 2598
1028.6 1481 5170
1014.2 1566 5435
821 1450 4927
583.8 1131 4153
1229 1535 5768
382.2 667 2206
789.6 807 3306
425.6 721 2473
292.6 837 2730
1286 1045 4396
369.75 834 2664
1435.6 1463 6077
621 858 3397
304.8 730 2421
1166.8 1766 6267
977.2 1489 5410
337.267 682 1990
612 708 2879
1171 1228 4903
897 1184 4462
692.5 1387 4420
636.8 1366 4285
240 865 3196
1510 1741 6535
1028 744 3138
304.8 690 1914
696.6 774 3215
658.2 1252 4194
498.6 642 2664
594 804 2879
1024 1128 4611
497.8 1154 4161
246.6 544 0
236.8 692 990
900.6 1267 4487
669 930 3588
317.2 779 2462
592.6 947 3372
1183 1725 6143
594.6 843 3105
440.6 487 1699
429 517 1955
376 858 2879
283.6 597 1765
586 479 1889
283.6 552 990
265.2 538 775
246.6 592 965
340.6 444 1674
265.2 578 1282
434.333 630 2639
309 333 0
1077 1264 4646
246.6 637 1740
265.2 533 507
265.2 493 0
360 571 1955
340.6 399 899
633 430 1274
815.333 1134 4271
380 328 899
351 302 0
309 374 441
351 331 990
588 466 1864
246.6 589 775
274.6 353 0
286 420 965
274.6 398 775


847.7 1650 5319
562 1053 3778
970 1019 4553
706.6 881 3629
1136.33 1499 5310
684 1338 4420
1386.6 1625 5893
879.6 1074 4396
787.6 1199 4487
1112.6 1267 4837
619.333 868 3563
917 786 3229
612 708 2879
949 1321 5261
1335.6 1667 6094
308.867 881 2980
1042 1128 4611
249.6 901 3105
662 617 2854
901.6 1232 4511
1288.6 1856 5893
252.4 914 3237
595 755 2879
498.6 642 2664
936.267 1590 5052
629.867 1576 4535
593.4 1177 3962
750.6 774 3215
1185 1673 5760
434.6 961 3438
497.6 685 2689
304.8 690 1914
1258 1984 6267
1007.6 979 4180
1133.6 1247 4803
667.2 1152 4161
816 1453 4536
1027.8 1548 5310
678.6 1214 4271
944.6 1418 4969
594.6 843 3105
905.6 1485 4803
544.2 830 3014
825 1427 4726
854.8 1518 4927
236.8 777 2272
402.6 1067 3945
236.8 663 0
526.8 1195 4219
860.4 1955 5827
298.65 1301 3295
628.333 845 3372
512.6 1364 4285
667 1474 4396
638.6 1121 4070
358.933 764 2247
507.6 882 3629
1349 1959 6601
1002.6 1199 4611
969.2 1743 5611
1247 1683 5827
899.6 1198 4487
376 858 2879
697 903 3778
755 871 3687
555.6 972 3654
628.333 855 3472
701.6 1088 4462
314.4 766 2330
1050 1589 5611
594 804 2879
434.333 630 2639
236.8 737 1765
1136 1571 5319
431 868 2955
611 1040 3687
685.6 839 3563
1170.2 1877 5893
1379 1658 6601
236.8 692 990
427 643 2664
1332 1555 5768
1050.5 1955 5893
911.6 1421 4594
333 836 2730
1271 1179 5170
776 790 3562
501 1041 3562
265.2 578 1282
317.2 779 2462
197.9 837 1282
699 1165 4285
811.867 1940 4861
1387 1338 5369
1170 1844 5760
1015.6 1290 4928
407 766 2854
317.2 739 1955
329.2 738 1955
604.6 568 2382
382.2 667 2206
292.6 837 2730
236.8 732 1497
440.6 487 1699
389.6 734 2730
246.6 637 1740
808 1034 4296
1299.6 1673 5827
340.6 399 899
340.6 444 1674
588 466 1864
246.6 589 775
591.6 857 3397
1020 1763 5702
283.6 597 1765
265.2 533 507
265.2 538 775
377.333 783 2730
283.6 552 990
429 517 1955
246.6 544 0
337.267 682 1990
265.2 493 0
360 571 1955
1146.6 1415 5636
586 479 1889
246.6 592 965
633 430 1274
351 331 990
380 328 899
309 374 441
309 333 0
274.6 353 0
274.6 398 775
286 420 965
351 302 0
970.333 1295 4903


888 1059 3896
621 868 3497
916 1169 4553
434.6 961 3438
969.6 1192 4646
858 871 3687
454.267 771 2914
600.6 1097 4362
249.6 861 2598
1026 1076 4486
389.6 734 2730
1444 1266 5277
1229 1790 6601
711.6 1629 5060
555.6 972 3654
562 1053 3778
943 996 4362
761 1318 4553
531.267 758 2823
691 767 3372
810 918 3687
470.8 1269 4070
783 820 3496
1029 1290 5118
1323 1483 5611
876.6 1062 3938
780.2 1326 4869
921 1177 4611
402.6 1067 3945
339.6 1032 3629
814.6 1427 4902
688.8 1708 4862
931 903 3778
377.333 783 2730
860 838 3562
1020 935 4271
240 865 3196
580.6 1167 4271
686 982 3712
925 1035 4462
1141.6 1333 5129
542.8 1143 4094
604.6 568 2382
467.2 862 3105
669.4 1276 4420
639.6 845 3306
928.6 1004 4296
562.6 916 3497
370.4 1161 3687
685.6 839 3563
333 836 2730
1535 1384 5827
829 952 3778
433.6 731 2639
1045 1006 4462
826.8 1419 5118
713 1004 3778
1471 1756 6601
304.8 730 2421
771.867 1495 5153
497.6 685 2689
876 1123 4486
240 820 2421
1487 1544 5826
359.367 1340 3678
1005.6 1645 5702
498.6 642 2664
1213 1364 5261
1464 1356 5702
407 766 2854
1120.6 1532 5702
317.2 779 2462
595 755 2879
247.667 791 1955
1234 914 4128
616 712 2854
724.6 871 3654
1159 1250 4927
571.333 907 3563
236.8 663 0
1022 1133 4712
1383.6 1739 6535
1299 1246 4862
434.333 630 2639
671.6 830 3014
337.267 682 1990
611 1040 3687
236.8 732 1497
265.4 841 2473
911 951 3778
1114.33 1567 6094
376 858 2879
706.6 881 3629
1036 1019 4553
893 1330 5060
853.05 1835 5344
487.6 1274 4271
672 1599 4462
855 1096 4395
292.6 837 2730
252.4 914 3237
236.8 692 990
304.8 690 1914
662 617 2854
633 430 1274
1204 1547 6094
1018.6 1390 5386
425.6 721 2473
246.6 544 0
491.8 925 3320
992 1608 5636
382.2 667 2206
246.6 589 775
236.8 737 1765
1046 796 3405
340.6 399 899
283.6 597 1765
340.6 444 1674
265.2 538 775
274.6 353 0
265.2 533 507
588 466 1864
283.6 552 990
309 333 0
265.2 578 1282
246.6 592 965
286 420 965
380 328 899
594.6 883 3629
274.6 398 775
360 571 1955
265.2 493 0
621 858 3397
586 479 1889
440.6 487 1699
429 517 1955
309 374 441
351 302 0
246.6 637 1740
351 331 990


544.6 974 3654
996.4 1638 5636
983.2 1158 4553
471 1040 3687
842 1407 4902
849 824 3654
252.4 874 2730
894.6 1315 4928
1176 1096 4486
249.6 861 2598
768 1111 4285
1327 1193 4770
959 1276 4903
434.6 961 3438
407 766 2854
827.267 1363 4511
678 904 3778
1143.6 1242 4687
495.8 926 3306
404 1077 3361
425.6 721 2473
931.4 1672 5768
858 871 3687
1326.6 1742 6334
377.333 783 2730
628.333 836 3472
560.933 1048 4070
727 1241 4136
541 949 3320
931 1005 3912
913.8 1296 4611
697 903 3778
1090.67 1350 5052
873.4 1465 5386
662 617 2854
236.8 732 1497
252.4 914 3237
1316 1872 6535
1007.6 979 4180
749 781 3629
871.933 1605 4928
604.6 568 2382
1555 1486 5827
362.333 1079 3438
731.2 987 3813
874.4 1427 4994
732.6 833 3588
1498 1590 6535
1122.6 1279 5129
555.6 972 3654
612 708 2879
317.2 779 2462
245.8 972 2462
920.6 1054 4462
855 1087 4421
991.6 1763 6209
427 643 2664
1074 1043 4395
236.8 737 1765
809.2 1403 4535
304.8 730 2421
750.6 1146 4362
1006 1097 4487
1073 1177 4611
265.4 841 2473
902 1317 4969
595 755 2879
1012.2 1243 4635
497.6 685 2689
753 1178 4486
1055.8 1413 5826
1013 905 4337
685.6 868 3563
1228 1382 5702
236.8 692 990
819.6 1145 4362
667 1493 4536
591.333 871 3654
304.8 690 1914
454.267 771 2914
691 767 3372
561.2 903 3170
1019.6 1499 6094
811.6 1453 4861
236.8 777 2272
337.267 682 1990
948.6 755 2973
765.6 1060 4139
498.6 642 2664
236.8 663 0
586 479 1889
292.6 837 2730
429 517 1955
606.333 1132 4095
265.2 533 507
389.6 734 2730
360 571 1955
246.6 637 1740
857 890 3687
382.2 667 2206
434.333 630 2639
246.6 589 775
246.6 592 965
283.6 597 1765
265.2 538 775
265.2 578 1282
283.6 552 990
340.6 444 1674
340.6 399 899
246.6 544 0
633 430 1274
333 836 2730
197.9 792 507
638.6 1529 4337
440.6 487 1699
588 466 1864
265.2 493 0
351 331 990
380 328 899
274.6 353 0
309 333 0
286 420 965
351 302 0
309 374 441
274.6 398 775


1104 981 4128
1023 1128 4611
1057 1195 4646
729.6 1204 4296
471.8 925 3171
1375 1563 5826
667.2 1535 4844
596.2 1190 4094
323.4 1006 3295
252.4 874 2730
236.8 732 1497
531.267 758 2823
879.6 1074 4396
755.6 1071 3838
856 842 3687
591.333 871 3654
1388.5 1374 5386
948.6 755 2973
382.467 1211 3827
691 767 3372
1270 1220 5052
826.6 1005 4296
996.933 1733 6334
314.4 726 1823
868.7 1525 5702
755 871 3687
304.8 730 2421
631 999 3778
236.8 692 990
425.6 721 2473
423 1053 3778
1086.8 1614 6118
726 891 3687
549.4 914 3229
970 1016 4395
659 903 3778
377.333 783 2730
434.333 630 2639
777.6 1155 4296
571.333 907 3563
611 1040 3687
648.6 1085 4271
245.8 977 2730
884.6 1293 5261
498.6 642 2664
1030 1001 3962
604.6 568 2382
690 1223 4462
308.867 881 2980
849 824 3654
245.8 972 2462
385.267 1074 3421
778 1248 4487
337.267 682 1990
796.4 1477 4994
382.2 667 2206
376 858 2879
890 1452 5319
407 766 2854
369.75 834 2664
595 755 2879
454.267 771 2914
497.6 685 2689
625.2 1108 4003
330.533 963 3237
452.4 1001 3588
1768 1545 6077
1170.53 1646 6334
427 643 2664
1161 1483 5611
292.6 837 2730
360 571 1955
1223.6 1273 5261
1213 1596 6094
236.8 777 2272
236.8 663 0
925 1035 4462
317.2 779 2462
755.933 1364 4969
197.9 792 507
588 466 1864
1613 1876 6601
440.6 487 1699
236.8 737 1765
265.2 493 0
265.2 538 775
246.6 592 965
246.6 589 775
333 836 2730
662 617 2854
246.6 544 0
246.6 637 1740
340.6 399 899
544.6 974 3654
839.8 1266 4927
612 708 2879
265.2 533 507
283.6 552 990
475.933 853 3171
283.6 597 1765
340.6 444 1674
586 479 1889
486.6 961 3563
963.6 1216 4844
389.6 734 2730
633 430 1274
309 333 0
351 331 990
838 1306 4994
309 374 441
274.6 398 775
576.6 828 3629
429 517 1955
265.2 578 1282
380 328 899
274.6 353 0
351 302 0
286 420 965
971.6 1601 5827


343.333 1047 3563
1115.6 950 3872
456.4 912 3104
625.333 1318 4153
612 708 2879
976.6 1075 4205
1672 1685 6143
757.8 1515 4535
249 1065 3654
1019 1328 4862
832.933 1293 4778
1548.6 1955 6267
471.8 925 3171
787.8 1709 5285
343.333 1087 4070
1632 1876 6601
434.333 630 2639
778.1 1713 5386
197.9 797 775
858 871 3687
330.533 963 3237
606.333 1132 4095
1029.33 1222 5195
1122 995 4395
697 903 3778
1090 1061 4139
431 868 2955
681 1021 3654
1321 1155 4902
526.4 1213 4094
717 890 3687
1073 1076 4486
197.9 837 1282
604.6 568 2382
877 1520 5052
1277.5 1412 5702
313.8 970 3386
1216.6 1292 5386
873.6 1229 4486
382.2 667 2206
236.8 777 2272
1211 2108 6601
507.6 882 3629
1261 1205 4635
917.6 1567 6094
596 1400 4470
317.2 779 2462
662 617 2854
236.8 737 1765
625.2 1060 4095
292.6 837 2730
1458.6 1410 5545
236.8 692 990
788.6 1108 4462
475.933 853 3171
595 755 2879
591.6 857 3397
749 781 3629
1304.67 1706 6143
802.533 1514 4778
304.8 730 2421
304.8 690 1914
955.667 1463 5702
377.333 783 2730
1446.6 1464 5760
333 836 2730
552.933 840 3080
236.8 663 0
427 643 2664
1295 1215 4646
594 804 2879
236.8 732 1497
1278 1966 6209
774.267 1423 4635
986 1431 5319
931 1005 3912
425.6 721 2473
376 858 2879
895.6 1336 4903
497.6 685 2689
240 825 2689
337.267 682 1990
246.6 589 775
407 766 2854
1379.6 1958 6601
755.8 1029 4028
924 776 3163
389.6 734 2730
875 1123 4486
265.2 538 775
687.6 1137 4462
340.6 444 1674
265.2 493 0
197.9 752 0
949 1106 4420
265.2 578 1282
429 517 1955
498.6 642 2664
246.6 544 0
265.2 533 507
360 571 1955
586 479 1889
283.6 552 990
588 466 1864
246.6 637 1740
340.6 399 899
633 430 1274
889 1458 5170
309 333 0
592.333 828 3629
440.6 487 1699
283.6 597 1765
274.6 353 0
351 302 0
351 331 990
380 328 899
286 420 965
246.6 592 965
274.6 398 775
309 374 441


1422 1764 6118
236.8 732 1497
711.2 1120 3904
1364 1777 6209
1266 1768 6094
762.6 766 3372
1012 1235 4993
671.6 830 3014
197.9 752 0
1005.6 1292 5261
639 972 3687
705.333 784 3281
659 903 3778
1175 1520 5611
431 868 2955
1425 1505 5827
252.4 869 2462
938.4 1365 4844
1256 1685 5893
749 781 3629
981.333 1421 5195
503.6 1204 3629
1208 1564 5702
894.2 1502 4994
304.8 690 1914
555.6 972 3654
268.6 884 2622
619.333 868 3563
1281.4 1623 5893
236.8 692 990
555.8 1141 4070
1267.6 1473 5570
458.4 1220 4029
304.8 730 2421
696.6 774 3215
337.267 682 1990
772 1067 4553
858 871 3687
818.2 1018 3802
1289 1158 4611
1342 1374 5386
854 1037 4003
1143 1786 5893
530.467 1324 4737
226.5 901 1483
258.6 1118 3237
1003 992 4029
1200.6 1464 5386
685.6 839 3563
832.733 1424 4778
1021.8 1444 5319
498.6 642 2664
1379 1173 4621
553.6 1095 3654
618 1064 3854
1549 1613 6077
811 1573 5261
292.6 837 2730
236.8 777 2272
664.6 880 3588
236.8 663 0
425.6 721 2473
1036 1019 4553
526.8 1195 4219
1126 1177 4611
313.8 970 3386
333 836 2730
1070 1397 5319
1117.7 1591 5501
777 1650 5060
454.267 771 2914
1013 1051 4194
683.333 1120 3879
265.4 841 2473
1165.6 1880 6118
1263.2 1636 5768
1194.2 1682 5702
687.6 1137 4462
507.6 882 3629
434.333 630 2639
418.733 1329 3472
595 755 2879
736.6 1055 4337
449.2 953 3171
1703 1878 6334
594.6 843 3105
382.2 667 2206
407 766 2854
317.2 779 2462
724.6 871 3654
928.267 1718 5636
612 708 2879
1319.5 1794 6118
1137 1281 5319
376 858 2879
913.6 1390 5170
710.2 1136 3938
236.8 737 1765
1131.8 2003 5677
581 1139 4029
588 466 1864
579.5 1112 3712
427 643 2664
497.6 685 2689
939 1306 4611
680.6 865 3240
377.333 783 2730
246.6 637 1740
265.2 538 775
265.2 578 1282
246.6 592 965
475.933 853 3171
246.6 544 0
586 479 1889
340.6 444 1674
440.6 487 1699
265.2 493 0
340.6 399 899
662 617 2854
633 430 1274
360 571 1955
265.2 533 507
604.6 568 2382
283.6 552 990
429 517 1955
389.6 734 2730
283.6 597 1765
246.6 589 775
274.6 353 0
309 374 441
351 302 0
380 328 899
351 331 990
286 420 965
1734 1959 6601
309 333 0
274.6 398 775


1199 1214 4837
856.333 952 4337
698.333 754 3347
304.8 690 1914
1358 1873 6535
1154 1188 4836
912 902 3778
1373 1397 6094
521.6 1010 3438
728 1136 4462
1029.67 1793 6143
592.333 828 3629
1351 1270 5195
844.6 788 3472
776 790 3562
912.267 1564 5636
999.6 1553 5827
918 1905 5893
1279.6 1499 5611
639 972 3687
1353.6 1473 5768
995 1374 5386
514.4 1610 5118
755 871 3687
934 1019 4553
805.6 1131 4230
652 1226 4486
304.8 730 2421
236.8 777 2272
691 767 3372
584.6 1008 3563
382.467 1211 3827
542.4 952 3295
1259.6 1552 5702
423 1053 3778
764 1341 5261
543.8 1201 4161
1106 1108 4611
425.6 721 2473
735.6 1130 4070
1051 1259 5129
1058.33 1246 5104
595 755 2879
752.867 1640 5285
861.6 1121 4553
517.8 955 3254
406.933 1156 3678
236.8 732 1497
1304.6 1789 6094
339.6 1032 3629
497.6 685 2689
891 1128 4611
841.733 1480 5386
1676 1837 6601
197.9 792 507
434.333 630 2639
735.6 1380 5060
604.6 568 2382
1332.6 1626 6209
594 804 2879
637.933 1016 3979
1257.6 1471 5570
612 708 2879
678 904 3778
236.8 692 990
895.333 1074 4396
1691 1684 6267
617 1302 4194
1367 1741 6535
888 1087 4421
252.4 914 3237
498.6 642 2664
292.6 837 2730
828.6 1093 4029
811 1123 4205
830 903 3778
433.6 731 2639
1045.6 1333 4994
236.8 737 1765
637.6 1190 3945
377.333 783 2730
1540 2026 6601
283.6 597 1765
252.4 874 2730
940 870 3687
382.2 667 2206
376 858 2879
265.2 493 0
317.2 779 2462
265.2 578 1282
1136.6 1313 5261
700 1511 5170
246.6 589 775
407 766 2854
389.6 734 2730
265.2 533 507
340.6 444 1674
717 890 3687
283.6 552 990
265.2 538 775
240 825 2689
588 466 1864
337.267 682 1990
586 479 1889
246.6 637 1740
246.6 592 965
440.6 487 1699
662 617 2854
429 517 1955
274.6 353 0
360 571 1955
633 430 1274
309 333 0
246.6 544 0
351 331 990
340.6 399 899
351 302 0
286 420 965
380 328 899
274.6 398 775
309 374 441


1212.6 1391 5195
926 1103 4462
1033.6 1523 5501
292.8 1183 3146
1217 1624 5760
1089.8 1632 5559
471 1040 3687
545.6 853 3105
1167.67 1520 5636
677 1479 4487
252.4 874 2730
1037 1031 3896
544.6 974 3654
1525 1599 6094
236.8 692 990
871.6 806 3306
1074 1023 4395
767.8 1024 3778
867.6 1265 4778
1140 1334 4927
382.2 667 2206
531.267 758 2823
467.2 862 3105
1111 1170 4635
484.6 1049 4004
1306.6 1554 5768
725.6 1549 4611
497.6 685 2689
483.6 1009 3438
1137 1432 5319
791 1226 4486
1134.6 1761 6334
849 824 3654
236.8 663 0
1038 1500 5195
333 836 2730
539.8 878 3320
594 804 2879
1083 1366 4928
1025 1075 4070
1304 1279 4994
810 918 3687
1618 1550 6094
723.6 1294 4296
1187.6 1398 5261
1130.6 1581 5545
407 766 2854
1156 1093 4396
236.8 732 1497
900.5 1157 4611
236.8 777 2272
252.4 869 2462
833.5 1562 4928
1369 1281 5319
789.6 807 3306
1000.8 1655 5219
876 804 3163
425.6 721 2473
820 1097 4395
416.9 1004 3229
656 1214 4285
1079 1470 4993
619.2 1091 4136
532.8 916 3386
979.6 1493 4994
595 755 2879
304.8 690 1914
998 1324 4861
830 903 3778
317.2 779 2462
789 1683 5702
724.4 1728 4994
330.2 972 3171
1451 1909 6535
592.333 828 3629
1077.8 1256 4660
1043.6 1355 4903
434.333 630 2639
377.333 783 2730
236.8 737 1765
486.6 961 3563
1002 1074 4029
339.2 1212 4136
389.6 734 2730
427 643 2664
1059.8 1927 6209
376 858 2879
940 870 3687
662 617 2854
304.8 730 2421
245.8 977 2730
866.6 1376 4602
337.267 682 1990
1299 1646 6334
1194.2 1704 5768
440.6 487 1699
1104 982 4028
283.6 552 990
246.6 589 775
498.6 642 2664
1233.6 1687 6094
1519 1628 6209
283.6 597 1765
1262 1511 5559
958 1378 4903
340.6 444 1674
856.6 1041 3938
240 820 2421
292.6 837 2730
724.6 871 3654
265.2 578 1282
265.2 493 0
429 517 1955
360 571 1955
588 466 1864
246.6 544 0
1117 1515 5319
612 708 2879
678.067 1614 4737
265.2 538 775
265.2 533 507
633 430 1274
604.6 568 2382
340.6 399 899
246.6 637 1740
468.6 866 3196
555.6 972 3654
351 331 990
274.6 398 775
286 420 965
586 479 1889
309 333 0
351 302 0
380 328 899
246.6 592 965
274.6 353 0
309 374 441


544.6 974 3654
1179.2 1925 5827
717.2 1615 5702
1159 1146 4778
1180.6 1978 6601
789.6 807 3306
1572 1715 6118
883 1097 4395
555.6 972 3654
583.8 1131 4153
483.6 1009 3438
1122 1443 5826
704.4 1292 4470
602.6 961 3563
611 1040 3687
726 891 3687
1505 1398 5343
532.8 916 3386
1437 1615 6094
1326 1795 6209
683.6 880 3588
1121.6 1476 5285
1402 1646 6094
1026 1477 5386
1585.6 1829 6601
917 786 3229
1336.2 1555 5893
754.4 1326 4902
317.2 779 2462
1022 1129 4611
770 1155 4420
475.933 853 3171
600.6 1097 4362
497.6 685 2689
639.6 845 3306
1171 1330 5319
858 811 3563
955.6 1188 4553
721.6 835 3306
1519 1860 6535
552.933 840 3080
440 1237 3945
1363.6 1778 6052
503.6 1245 4070
1326 1426 5386
818.6 1043 4362
539.8 878 3320
595 755 2879
427 643 2664
1226.6 1835 5893
724.6 871 3654
236.8 737 1765
730.4 1524 4510
1646 1694 6209
580.4 1071 4029
931 987 4462
755 871 3687
1393 1433 5826
1201.6 1485 5827
425.6 721 2473
230.7 973 507
1185 1302 5319
610.6 960 3397
453.2 1085 3386
333 836 2730
357.667 1107 3904
498.6 642 2664
407 766 2854
236.8 732 1497
377.333 783 2730
1655 1691 6535
236.8 692 990
376 858 2879
594 804 2879
369.75 834 2664
240 865 3196
389.6 734 2730
626.8 1040 4094
1002.6 1572 5435
975.1 1260 5170
798.6 774 3215
685.6 839 3563
1024 1128 4611
304.8 690 1914
1026 797 3405
1011.2 1224 4635
265.2 533 507
304.8 730 2421
678 904 3778
604.6 568 2382
517.8 955 3254
619.333 868 3563
628.333 855 3472
635 882 3629
487.4 1022 3629
323.4 1006 3295
246.6 592 965
283.6 597 1765
1191 1254 4903
697 903 3778
586 479 1889
246.6 589 775
292.6 837 2730
746 1217 4553
236.8 663 0
283.6 552 990
337.267 682 1990
265.2 538 775
612 881 3588
429 517 1955
246.6 637 1740
612 708 2879
588 466 1864
236.8 777 2272
440.6 487 1699
265.2 493 0
246.6 544 0
340.6 399 899
662 617 2854
1271.6 1898 6334
360 571 1955
726 1237 4462
340.6 444 1674
265.2 578 1282
885 992 4205
633 430 1274
309 333 0
274.6 398 775
309 374 441
286 420 965
274.6 353 0
380 328 899
351 331 990
351 302 0


1384 1234 4844
868 1250 4553
1091 1523 5386
425.6 721 2473
1692 1725 6143
726 891 3687
559.2 1418 4362
612 708 2879
824.933 1302 4778
856 842 3687
1464 2156 6601
781 950 3778
562.6 916 3497
1156.33 1195 4646
504.2 974 3361
992.4 1386 4927
774.667 1122 4028
317.2 779 2462
968 1539 5129
1059 1488 4928
1101.6 1793 6143
498.6 642 2664
1106.1 1397 6094
929 855 3778
881.6 1163 4271
602.6 961 3563
311.8 1231 3562
676 982 3712
740.8 1469 4569
1307.8 1767 6334
1161 1338 4928
434.333 630 2639
606.8 1002 3588
236.8 663 0
538.3 1110 3646
761 1318 4553
840 859 3563
407 766 2854
901.8 1590 5677
724.8 1535 4420
787.6 1199 4487
521.6 1010 3438
552.2 927 3361
849 824 3654
382.2 667 2206
1237 1254 5319
236.8 777 2272
304.8 690 1914
337.267 682 1990
433.75 1351 4004
724.6 871 3654
575 1123 3654
617 1087 3646
883 1177 4611
894.467 1773 5501
595 755 2879
885 973 4205
630.6 1029 4004
427 643 2664
662 617 2854
691 767 3372
1066.6 1360 4994
628.333 836 3472
613.8 1239 4136
544.2 830 3014
339.6 1032 3629
236.8 732 1497
1022 1129 4611
475.933 853 3171
1661 1710 6118
806.6 1075 4205
292.6 837 2730
992 1164 4354
969.6 1377 4903
604.6 568 2382
313.8 930 2879
664.6 880 3588
360 571 1955
471.8 925 3171
594.6 843 3105
236.8 737 1765
516.4 1248 4153
236.8 692 990
497.6 685 2689
304.8 730 2421
1185 1120 4553
910.4 1611 5826
731.6 1310 4285
376 858 2879
1492 1777 6601
1091 1400 5195
377.333 783 2730
389.6 734 2730
500.4 989 3372
810 1571 5386
333 836 2730
594 804 2879
1006 1146 4487
668 973 3654
672 1309 4161
246.6 544 0
283.6 597 1765
995.6 1254 4903
246.6 637 1740
809 1072 4029
340.6 444 1674
265.2 533 507
265.2 538 775
633 430 1274
330.533 963 3237
1073 1518 5118
246.6 589 775
588 466 1864
785 1222 4070
265.2 493 0
500 1266 3654
283.6 552 990
246.6 592 965
586 479 1889
429 517 1955
340.6 399 899
286 420 965
265.2 578 1282
274.6 398 775
351 302 0
380 328 899
309 333 0
309 374 441
440.6 487 1699
799.6 1135 4161
274.6 353 0
351 331 990


649.4 1536 4395
998.4 1778 5559
576.6 828 3629
360.8 1165 4285
846.2 1540 5195
794.333 1142 4396
516.667 1120 3945
542.8 1143 4094
543.867 1029 3879
313.8 970 3386
376 858 2879
1041.6 1348 5104
1048 1262 4836
1060 1339 4993
1256 1129 4611
929 855 3778
623.8 1094 4219
1180 1321 5261
1273 1509 6601
545.6 853 3105
240 865 3196
709.533 1352 4577
330.533 963 3237
236.8 663 0
777.6 1052 4296
506.6 925 3654
799.6 1135 4462
236.8 732 1497
762.6 766 3372
317.2 779 2462
1078.8 1454 5768
507.6 882 3629
749 781 3629
604.6 568 2382
1134.2 1320 5060
377.333 783 2730
705.333 784 3281
588 1144 4219
782 950 3778
197.9 752 0
808.6 971 4553
1038.6 1264 4646
786.5 1255 4420
1191.6 1151 5104
389.6 734 2730
935.4 1380 5170
292.6 837 2730
333 836 2730
696.6 774 3215
864 1393 5386
236.8 777 2272
727.667 1067 3945
1269.6 1274 5386
434.333 630 2639
713 1004 3778
304.8 690 1914
595 755 2879
407 766 2854
871 1382 5319
425.6 721 2473
236.8 737 1765
858 871 3687
1241 1340 5386
612 708 2879
1089 1328 5319
382.2 667 2206
735.8 1050 4028
374.3 1136 3678
236.8 692 990
454.267 771 2914
539.8 878 3320
471 1040 3687
246.6 589 775
498.6 642 2664
265.2 578 1282
902.8 1267 4928
810 918 3687
501.4 961 3229
337.267 682 1990
497.6 685 2689
427 643 2664
656.2 1414 4420
246.6 544 0
265.2 538 775
633 430 1274
340.6 399 899
440.6 487 1699
804.6 1359 4994
246.6 592 965
588 466 1864
662 617 2854
265.2 533 507
246.6 637 1740
586 479 1889
283.6 597 1765
265.2 493 0
360 571 1955
283.6 552 990
429 517 1955
304.8 730 2421
274.6 398 775
380 328 899
286 420 965
309 333 0
351 331 990
309 374 441
351 302 0
274.6 353 0
340.6 444 1674


539.8 878 3320
1025 1078 4487
1391 1244 5386
902.333 1276 4903
1485 1518 6094
883.6 820 3563
1057.8 1539 5559
249 1012 2421
686 982 3712
746.6 1062 4136
468.95 925 3129
892.333 960 4180
888.6 1055 4337
313.8 970 3386
491.8 925 3320
1555 1485 5827
798.6 774 3215
454.267 771 2914
236.8 692 990
717 890 3687
585 973 3654
983.6 1293 5386
801 1653 4803
304.8 690 1914
1057 1180 5170
945 1546 6094
618 1064 3854
576.6 828 3629
304.8 730 2421
489 1133 3587
1184 1006 4296
382.2 667 2206
1130 1191 5261
252.4 874 2730
591.6 1169 4553
503.5 1121 3588
1532 1837 6601
943.6 1231 4994
686.6 1098 4362
427 643 2664
521.6 1186 4095
697 903 3778
245.8 1017 3237
1270.33 1459 5545
1306.6 1471 5570
369.75 834 2664
337.267 682 1990
874 1098 4487
434.333 630 2639
423.667 881 2980
1462 1857 6601
1005 1176 4611
532.8 916 3386
407 766 2854
236.8 663 0
249.6 901 3105
1091.6 1473 5768
679.6 1122 4029
236.8 732 1497
333 836 2730
434.6 961 3438
604.6 568 2382
425.6 721 2473
745.667 1019 3945
498.6 642 2664
834.6 1384 4844
797 822 3039
497.6 685 2689
1216.8 1657 6143
389.6 734 2730
591.333 871 3654
376 858 2879
265.2 533 507
1410 1752 6267
871.6 806 3306
662 617 2854
929 855 3778
377.333 783 2730
1067 1087 4553
317.2 779 2462
509.6 1383 4511
246.6 637 1740
887.6 1428 4869
633 430 1274
236.8 777 2272
292.6 837 2730
431 868 2955
340.6 444 1674
866.6 1657 5060
772.6 1052 4161
283.6 597 1765
236.8 737 1765
1286 1045 4396
429 517 1955
588 466 1864
586 479 1889
612 708 2879
265.2 538 775
440.6 487 1699
265.2 578 1282
246.6 592 965
340.6 399 899
283.6 552 990
265.2 493 0
360 571 1955
309 374 441
246.6 544 0
297.3 996 3237
274.6 398 775
380 328 899
351 331 990
286 420 965
274.6 353 0
351 302 0
246.6 589 775
309 333 0


1006.6 912 4180
1530 1470 5435
1062 1196 4969
1269.8 1705 6143
1090 890 3687
882 1434 4993
1126 1156 4611
1347 1125 4770
676 1308 4486
1077 1270 5118
1026 1055 4486
389.6 734 2730
872.5 1478 4903
649.6 852 2973
1183.93 1620 6052
1335 2163 6334
1393.67 1693 6209
377.333 783 2730
1363 1567 6094
292.6 837 2730
891.2 1670 5611
382.2 667 2206
292.8 1212 4136
475.933 853 3171
409.1 1427 4712
1121.6 1534 5893
434.333 630 2639
624.6 882 3629
570.8 821 2862
240 825 2689
824.933 1173 4778
860 837 3562
780.2 1174 4462
1338 1790 6535
786.6 1427 4778
475 1013 4095
551 1106 4285
539.8 878 3320
612 708 2879
686.6 1098 4362
1341 1958 6601
1001.2 1633 5702
1549 1788 6601
330.2 972 3171
236.8 737 1765
304.8 690 1914
333 836 2730
820 1265 4553
592.6 947 3372
1113 1340 5261
323.4 1006 3295
1026 797 3405
951.6 1508 4994
425.6 721 2473
1116.4 1650 6094
659 903 3778
802.6 1298 4487
874.6 993 4205
1312 1356 5386
662.6 856 3347
1013 1054 4337
619.333 868 3563
357.6 1077 3361
236.8 777 2272
249.6 901 3105
984 1155 4421
826.6 1040 4205
317.2 779 2462
662 617 2854
376 858 2879
698 797 3306
304.8 730 2421
1112.4 1803 5893
236.8 732 1497
706.6 881 3629
957 1168 4927
616.267 934 3722
698.333 754 3347
604.6 568 2382
612.6 897 3372
540.667 970 3904
754.333 1055 4337
337.267 682 1990
246.6 592 965
1623 1472 5826
236.8 663 0
985.6 954 3963
265.2 533 507
633 430 1274
1001 1514 5386
497.6 685 2689
340.6 444 1674
407 766 2854
236.8 692 990
919 1514 5319
869 836 3472
595 755 2879
427 643 2664
429 517 1955
246.6 544 0
1057 1423 5386
360 571 1955
283.6 552 990
685.6 839 3563
246.6 637 1740
586 479 1889
434.6 961 3438
796 1369 4553
265.2 538 775
552.2 927 3361
588 466 1864
340.6 399 899
274.6 398 775
380 328 899
265.2 493 0
351 302 0
265.2 578 1282
274.6 353 0
309 333 0
283.6 597 1765
351 331 990
694 881 3588
440.6 487 1699
286 420 965
246.6 589 775
309 374 441


