1240 1261 5319
591.333 871 3654
858.6 947 3813
989 1510 5410
968.5 1322 5386
1244.67 1821 6535
666.6 1395 5261
333.733 1051 4161
1328.5 1668 6535
826.4 1554 5768
755 871 3687
475.933 853 3171
1120 947 4395
1125.1 1547 6094
1314.6 1698 6601
749 781 3629
321.067 1209 4869
625.4 1052 4194
467.2 862 3105
674.133 1257 4994
698.333 754 3347
764.733 1350 5060
1025 1078 4487
1859 1770 7042
1269 1132 4712
726 891 3687
249 1105 4161
552.933 840 3080
849 824 3654
762.6 766 3372
1157.8 1520 5636
1053.6 1726 5893
1105.6 1292 5386
236.8 732 1497
1002.33 1158 5170
1166 1523 5677
805.6 1441 5386
1219 1144 4737
1406 1363 5702
830 903 3778
1006.6 912 4180
770.6 1034 4462
938 1534 5702
729.8 1189 4993
1115 908 3913
454.267 771 2914
847.6 963 4271
736.6 1007 4337
313.8 970 3386
863.6 1212 5170
771.6 1006 4337
846.6 1153 4712
648.6 1085 4271
1258 1417 6094
837 973 4205
928.6 1004 4296
481.6 1156 4337
324.467 1018 3945
807 1329 5060
434.6 961 3438
666.4 1574 5768
540.667 970 3904
853.933 1140 4687
281 978 3438
506.6 925 3654
1178 1273 5261
533.6 1156 4462
1319 1692 6535
589.8 1338 4993
245.8 1017 3237
912 902 3778
1140 900 3871
943 1006 4462
360.8 1165 4285
1178.6 1359 5611
958.6 961 4180
1001.6 1098 4487
240 865 3196
691 767 3372
507.6 882 3629
442.7 979 3563
1452 1615 6267
236.8 708 775
943 996 4362
1028 744 3138
197.9 837 1282
856 842 3687
1045 1056 4486
1470 1136 4837
924.6 1854 5893
317.2 779 2462
236.8 777 2272
486.6 961 3563
934 730 2881
427 643 2664
791 1076 4486
1286.67 1982 7042
678 904 3778
304.8 730 2421
701.6 1088 4462
376 858 2879
1137 1864 6209
497.6 685 2689
389.6 734 2730
337.267 682 1990
407 766 2854
686.6 1098 4362
434.333 630 2639
382.2 667 2206
916.6 1153 4778
708.6 1056 4337
1482 1666 6334
553.6 1120 4553
236.8 703 507
576.6 828 3629
425.6 721 2473
236.8 737 1765
606.8 1042 4095
1007.1 1886 6094
292.6 837 2730
252.4 914 3237
633 430 1274
604.6 568 2382
918.333 1270 5195
586 479 1889
662 617 2854
498.6 642 2664
945.1 1641 5826
246.6 589 775
377.333 783 2730
1269.6 2228 6601
440.6 487 1699
595 755 2879
612 708 2879
265.2 578 1282
304.8 690 1914
265.2 493 0
265.2 533 507
360 571 1955
429 517 1955
1146.2 1543 5826
246.6 637 1740
283.6 552 990
283.6 597 1765
588 466 1864
309 374 441
333 836 2730
340.6 444 1674
246.6 544 0
351 302 0
274.6 398 775
380 328 899
274.6 353 0
309 333 0
340.6 399 899
246.6 592 965
351 331 990
286 420 965
265.2 538 775


705.333 784 3281
542.933 1139 4136
1180 1120 4993
894.7 1641 6118
826.6 1005 4296
475.933 853 3171
852 1259 5129
706.333 1083 4337
467.2 862 3105
1487.6 2180 7042
648.6 1085 4271
1375 1526 6094
858.6 947 3813
1022 1109 4611
491.8 925 3320
931 987 4462
458.2 1193 4136
637.933 1016 3979
1367.6 1749 6601
533.6 1156 4462
817.6 1006 4462
544.2 830 3014
765.6 1060 4139
252.4 914 3237
553.6 1120 4553
911.333 1163 4712
539.267 966 3813
1726 1784 7042
1525 1479 6094
1128 1244 5386
1432.6 2216 7042
292.8 1212 4136
258.6 1096 3295
539.8 878 3320
1171.6 1299 5677
507.6 882 3629
759.133 1452 5893
788.6 1007 4462
950.6 1131 5170
330.667 1245 4778
989.2 1944 6143
696.6 774 3215
258.6 1141 4070
771.6 1006 4337
733 1177 4611
197.9 792 507
698 797 3306
1150.6 1631 6535
758.333 1066 4553
197.9 837 1282
1109.2 1959 6601
717 890 3687
756.6 1394 5386
553.6 1061 4095
790.333 960 4180
786.333 1034 4462
874 1156 4611
890.1 1352 5195
486.6 961 3563
955.6 1272 5386
816.6 1049 4487
1006.6 912 4180
844.6 788 3472
695.2 1019 4070
236.8 663 0
302.8 1036 3372
849 824 3654
1543 2001 7042
1028 744 3138
604.6 568 2382
559 1229 4994
701.6 1088 4462
776 790 3562
531.267 758 2823
376 858 2879
337.267 682 1990
929 855 3778
826.333 1019 4553
304.8 690 1914
552.933 840 3080
245.8 1017 3237
454.267 771 2914
240 820 2421
497.8 1154 4161
312.067 969 3904
240 825 2689
304.8 730 2421
883.333 993 4271
236.8 692 990
292.6 837 2730
434.6 961 3438
890.267 1165 4844
724.6 871 3654
382.2 667 2206
389.6 734 2730
427 643 2664
858 811 3563
498.6 642 2664
659 903 3778
576.6 828 3629
506.6 925 3654
856 842 3687
317.2 779 2462
434.333 630 2639
240 865 3196
497.6 685 2689
333 836 2730
407 766 2854
544.8 1349 5060
246.6 589 775
1374 1414 5826
612 708 2879
377.333 783 2730
425.6 721 2473
265.2 578 1282
236.8 732 1497
440.6 487 1699
236.8 737 1765
1043 1008 4486
340.6 399 899
429 517 1955
246.6 544 0
236.8 777 2272
586 479 1889
246.6 637 1740
283.6 552 990
633 430 1274
265.2 538 775
360 571 1955
283.6 597 1765
246.6 592 965
662 617 2854
265.2 533 507
340.6 444 1674
265.2 493 0
351 331 990
309 333 0
588 466 1864
595 755 2879
309 374 441
351 302 0
274.6 398 775
286 420 965
274.6 353 0
380 328 899


548 957 3879
1222.2 1796 6209
920.333 1207 5170
865.5 871 3687
415.4 1191 4778
937.6 1244 5261
330.533 963 3237
1006.6 1190 5261
265.4 841 2473
992.067 1681 6077
1313 1891 6601
475.933 853 3171
1006.6 912 4180
1134.2 1378 5611
591.333 871 3654
481.6 1156 4337
578.6 1492 5195
369.75 834 2664
1007.6 1505 5827
738.6 1098 4487
964.4 1755 5893
1114.33 1445 6094
530.067 1522 5501
258.6 1101 3563
1417.6 1698 6601
236.8 737 1765
249 1105 4161
1156.4 1829 6535
197.9 792 507
773.6 1556 5768
686.6 1098 4362
934 730 2881
1101 1168 4836
324.467 1018 3945
762.6 766 3372
615.8 1016 4285
491.8 925 3320
717 890 3687
454.267 771 2914
881.5 1158 4611
783 820 3496
759.6 1019 4553
197.9 837 1282
1143.6 1179 5104
840.6 952 4337
823.6 1293 5386
475 1013 4095
634.2 1300 5060
452.4 1041 4095
670.6 1103 4337
245.8 1017 3237
376 858 2879
771.6 1006 4337
1264 2076 6601
506.6 925 3654
1107.27 1844 6334
236.8 663 0
790.333 960 4180
929 855 3778
835.6 1261 5170
742.6 1066 4553
1504.6 1683 6267
1372 1555 6143
858.6 947 3813
904.6 1520 5570
1125 1109 4611
1015 1292 5386
240 865 3196
333.733 1051 4161
240 820 2421
576.6 828 3629
486.6 961 3563
706.333 1083 4337
902.6 1172 4646
281 978 3438
1354 1398 6094
236.8 777 2272
612 708 2879
507.6 882 3629
858 811 3563
553.6 1120 4553
274.4 1081 3438
497.6 685 2689
659 903 3778
389.6 734 2730
1207.6 1355 5702
317.2 779 2462
434.6 961 3438
236.8 732 1497
333 836 2730
434.333 630 2639
698 797 3306
498.6 642 2664
1046 796 3405
236.8 692 990
539.8 878 3320
1913 1819 7042
427 643 2664
317.667 1346 4602
377.333 783 2730
292.6 837 2730
382.2 667 2206
1026 1589 5893
1177.4 2077 6601
337.267 682 1990
246.6 589 775
425.6 721 2473
588 466 1864
604.6 568 2382
497.2 930 3397
407 766 2854
429 517 1955
662 617 2854
595 755 2879
1371.27 1949 7042
304.8 690 1914
698.333 754 3347
1044 809 3430
1446 1182 5129
902 1128 4611
696.6 774 3215
283.6 552 990
360 571 1955
304.8 730 2421
1388 1740 6535
340.6 399 899
633 430 1274
586 479 1889
283.6 597 1765
265.2 538 775
246.6 637 1740
265.2 493 0
340.6 444 1674
440.6 487 1699
246.6 544 0
351 302 0
246.6 592 965
265.2 533 507
265.2 578 1282
286 420 965
309 374 441
274.6 353 0
351 331 990
380 328 899
274.6 398 775
309 333 0


245.8 1017 3237
547.8 1063 4136
703.2 1246 5060
1148.93 1532 5702
1041.33 1191 5261
1034.6 1158 5170
626.8 1040 4094
934 1341 5261
553.6 1120 4553
939.333 1294 5261
853.2 1527 5369
749 781 3629
1347.67 1485 5827
896.1 1374 5386
758.333 1066 4553
1115.6 950 3872
452.5 1359 4994
1086.6 1225 5386
1311.33 1666 6334
1002.6 986 4462
1456.8 1909 7042
1210.8 1837 6601
875.6 1680 5559
762.6 766 3372
770.6 1034 4462
697 903 3778
1140 900 3871
1020 1196 4737
475.933 853 3171
863.6 1212 5170
370.4 1201 4194
1119.4 1889 6267
312.067 969 3904
1041.6 1018 4553
666.2 1051 4161
912 902 3778
865.5 871 3687
425.6 721 2473
591.333 871 3654
666.6 1395 5261
946.2 1203 4712
940 870 3687
1048.6 1440 5611
1191.6 1151 5104
1030.6 1615 6094
249 1065 3654
826.6 1005 4296
625.2 1060 4095
481.6 1156 4337
281 978 3438
240 825 2689
698.333 754 3347
1028 744 3138
570.8 821 2862
840.6 952 4337
806.6 1375 5261
486.6 961 3563
252.4 914 3237
1023 1128 4611
1079.33 1140 4928
1292 1413 5826
683.4 1235 4844
934 730 2881
249 1105 4161
1492.6 1391 5501
1504 1417 6094
506.6 925 3654
1032.6 1202 5195
708.8 1270 5118
844.9 1647 5344
826.333 1019 4553
1008.33 1153 4621
364.867 1316 4844
543.2 826 2879
688.333 1029 4070
434.6 961 3438
594 804 2879
576.6 828 3629
507.6 882 3629
790.333 960 4180
624.2 1450 5060
702.2 1028 4004
815.333 1021 4271
317.2 779 2462
872 1129 4611
467.2 862 3105
933 1615 5827
236.8 732 1497
771 1158 4611
240 820 2421
1385.6 1597 6601
783 973 4205
240 865 3196
1249.6 1055 4580
706.333 1083 4337
304.8 730 2421
491.8 925 3320
662 617 2854
1448.67 1970 7042
292.6 837 2730
236.8 737 1765
305.6 1296 4462
427 643 2664
754.6 1062 4180
1304.6 1764 6143
595 755 2879
498.6 642 2664
1047.6 1773 6118
1234 914 4128
389.6 734 2730
434.333 630 2639
377.333 783 2730
236.8 692 990
497.6 685 2689
956.6 1340 5386
604.6 568 2382
539.8 878 3320
337.267 682 1990
1757 1850 7042
678 904 3778
533.6 1156 4462
304.8 690 1914
246.6 592 965
691 767 3372
907.2 1535 5768
340.6 399 899
407 766 2854
333 836 2730
246.6 544 0
1071.93 1602 5893
265.2 538 775
612 708 2879
586 479 1889
429 517 1955
360 571 1955
376 858 2879
283.6 597 1765
265.2 493 0
246.6 589 775
382.2 667 2206
236.8 777 2272
283.6 552 990
246.6 637 1740
633 430 1274
309 374 441
274.6 353 0
380 328 899
265.2 578 1282
351 302 0
340.6 444 1674
286 420 965
309 333 0
265.2 533 507
274.6 398 775
440.6 487 1699
1110.35 2053 6267
588 466 1864
351 331 990


1328 1961 6601
1220.27 1759 6535
1008.8 1440 5826
1514.2 1531 6535
236.8 663 0
1025 1302 5319
1120 947 4395
968 1212 5129
840.6 952 4337
991 1550 6334
671 1186 4803
1507 1807 6601
1028 744 3138
1411 2080 7042
278.2 965 3306
461.4 1281 5060
1025.6 1191 5261
1433 1545 6209
783 973 4205
698.333 754 3347
1369.6 1320 5435
1006.6 912 4180
697 903 3778
1221.6 1277 5410
1073.33 1293 5386
696.6 774 3215
1055.8 1415 5559
333.733 1051 4161
245.8 1017 3237
706 1053 4296
1152 1373 5760
1471 1740 6535
1005 1303 5319
771.6 1006 4337
876 1260 5170
1531.6 1804 7042
546.133 1187 4553
726 891 3687
434.6 961 3438
808.6 971 4553
759.6 1019 4553
736.6 1007 4337
312.067 969 3904
1059 1127 4903
475 1013 4095
249 1105 4161
929 855 3778
553.6 1120 4553
591.333 871 3654
539.8 878 3320
1475 1499 6094
252.4 914 3237
240 820 2421
920.8 1544 5826
849 824 3654
1509.2 2050 7042
716.4 1145 4803
544.2 830 3014
427 643 2664
507.6 882 3629
506.6 925 3654
510.4 1201 4194
467.2 862 3105
475.933 853 3171
376 858 2879
813 1310 5369
1319 1130 5170
377.333 783 2730
1054 1429 5559
389.6 734 2730
796.6 1267 4928
1309.6 2119 7042
236.8 737 1765
497.6 685 2689
612 708 2879
595 755 2879
698 797 3306
486.6 961 3563
662 617 2854
452.4 1041 4095
856 842 3687
240 825 2689
891 1128 4611
940 1109 4611
1449.6 1827 6601
498.6 642 2664
755 871 3687
240 865 3196
317.2 779 2462
434.333 630 2639
454.267 771 2914
333 836 2730
407 766 2854
304.8 730 2421
360 571 1955
678 904 3778
425.6 721 2473
304.8 690 1914
236.8 692 990
246.6 544 0
1098 1189 4993
633 430 1274
236.8 777 2272
491.8 925 3320
265.2 538 775
576.6 828 3629
588 466 1864
749 781 3629
246.6 592 965
236.8 732 1497
337.267 682 1990
586 479 1889
246.6 637 1740
604.6 568 2382
340.6 399 899
246.6 589 775
382.2 667 2206
924.4 1453 5768
283.6 597 1765
340.6 444 1674
429 517 1955
309 374 441
292.6 837 2730
1205 1152 5052
265.2 578 1282
351 331 990
265.2 533 507
440.6 487 1699
380 328 899
274.6 353 0
274.6 398 775
309 333 0
762.6 766 3372
283.6 552 990
351 302 0
286 420 965
265.2 493 0


999 1499 5435
587.6 1293 5195
881.5 1158 4611
1002.6 986 4462
910.6 1221 5195
240 865 3196
850.6 1290 4928
805.6 1441 5386
761.6 1066 4553
506.6 925 3654
1036 1191 5261
588 1144 4219
733.333 1031 4271
929 855 3778
1041.6 1018 4553
749 781 3629
971.8 1899 6535
1324.6 1756 6601
997.1 1636 5827
1172 1080 4611
292.8 1212 4136
1106.1 1397 6094
249 1065 3654
547.8 1063 4136
245.8 1017 3237
1106 1108 4611
1350 1233 5319
1028 744 3138
464.8 1090 4136
681.6 1199 4487
666.2 1051 4161
236.8 732 1497
1006.6 912 4180
1419.6 1920 7042
656.6 1122 4205
788.6 1007 4462
493.4 1133 4161
864.5 1288 4994
934 730 2881
840.6 952 4337
691 767 3372
240 820 2421
783 973 4205
972.6 1211 5129
686.6 1098 4362
197.9 752 0
1039 1462 5636
939 1397 5319
692.6 1120 4553
369.75 834 2664
491.8 925 3320
1297.6 1808 6535
922 1028 4486
416.9 1027 3295
770.6 1034 4462
681 1042 4095
1371.6 2152 7042
639 972 3687
631 999 3778
1572 1740 6535
611 1040 3687
548.8 854 3129
249.6 861 2598
591.333 871 3654
507.6 882 3629
659 903 3778
594 804 2879
865.5 871 3687
339.6 1032 3629
304.8 690 1914
701.6 1088 4462
434.6 961 3438
236.8 777 2272
481.6 1156 4337
304.8 730 2421
1087 1159 5170
337.267 682 1990
799.733 1538 5677
688.333 1029 4070
921.6 1293 5261
377.333 783 2730
917.6 1212 5170
533.6 1156 4462
486.6 961 3563
762.6 766 3372
666 1278 4611
1503.6 1674 6267
604.6 568 2382
1148.6 1742 6209
717 890 3687
931 987 4462
333 836 2730
236.8 692 990
771.6 1006 4337
539.8 878 3320
389.6 734 2730
662 617 2854
576.6 828 3629
1269 1647 6209
407 766 2854
498.6 642 2664
531.267 758 2823
767.8 1064 4285
382.2 667 2206
376 858 2879
317.2 779 2462
612 708 2879
726 1201 4712
434.333 630 2639
963.1 1273 5386
246.6 592 965
423 1053 3778
497.6 685 2689
292.6 837 2730
633 430 1274
265.2 538 775
236.8 737 1765
425.6 721 2473
265.2 578 1282
252.4 914 3237
265.2 493 0
265.2 533 507
427 643 2664
283.6 597 1765
429 517 1955
1662 1688 6601
340.6 444 1674
588 466 1864
360 571 1955
246.6 544 0
236.8 663 0
340.6 399 899
966.067 1655 5827
586 479 1889
246.6 589 775
309 374 441
544.2 830 3014
380 328 899
440.6 487 1699
274.6 398 775
246.6 637 1740
274.6 353 0
351 331 990
283.6 552 990
595 755 2879
286 420 965
351 302 0
309 333 0


551 1151 5060
507.6 882 3629
1148.8 1663 6118
533.6 1156 4462
762.6 766 3372
296 1300 5060
278.2 965 3306
770.6 1034 4462
236.8 692 990
837 973 4205
1262.2 1812 6535
1031 1899 6601
736.6 1007 4337
882.6 1213 5170
648.6 1085 4271
971 995 4395
849 824 3654
826.333 1019 4553
828.6 992 4029
1305.2 1779 6535
434.6 961 3438
636.4 1506 5893
1057.2 1611 6094
553.6 1120 4553
840.6 952 4337
304.8 690 1914
825.2 1000 4070
481.6 1156 4337
454.267 771 2914
475.933 853 3171
952.333 1272 5386
1710 1755 6601
1058.2 1895 6143
929 855 3778
1142 917 3846
598.2 1578 5285
647.6 1292 5261
1205 1174 5195
1368 1611 6535
755 871 3687
249 1105 4161
333.733 1051 4161
249.6 861 2598
1525.2 1820 7042
491.8 925 3320
544.2 830 3014
616.267 934 3722
880 1442 5386
630.6 1029 4004
531.267 758 2823
731 1382 5319
697 903 3778
1023 1128 4611
1028 744 3138
258.6 1096 3295
1636 1538 6094
249.6 856 2330
872 1129 4611
425.6 721 2473
576.6 828 3629
240 865 3196
1261 1225 5386
245.8 1017 3237
958.2 1892 6077
678 904 3778
265.4 841 2473
1301 1747 6334
236.8 663 0
698.333 754 3347
600.6 1097 4362
1493 2051 7042
742.6 1066 4553
252.4 914 3237
617.667 957 3813
317.2 779 2462
377.333 783 2730
1285 1427 5611
691 767 3372
236.8 732 1497
389.6 734 2730
749 781 3629
376 858 2879
591.333 871 3654
321.667 1005 3813
486.6 961 3563
236.8 737 1765
313.8 970 3386
604.6 568 2382
1009.8 1453 5893
407 766 2854
434.333 630 2639
595 755 2879
304.8 730 2421
337.267 682 1990
498.6 642 2664
497.6 685 2689
938.267 1904 6601
292.6 837 2730
1102.27 2117 7042
382.2 667 2206
506.6 925 3654
427 643 2664
871.333 1238 5261
265.2 533 507
333 836 2730
236.8 777 2272
246.6 592 965
662 617 2854
467.2 862 3105
246.6 544 0
633 430 1274
246.6 589 775
360 571 1955
283.6 597 1765
265.2 493 0
340.6 444 1674
588 466 1864
586 479 1889
283.6 552 990
440.6 487 1699
340.6 399 899
612 708 2879
429 517 1955
265.2 578 1282
380 328 899
274.6 353 0
246.6 637 1740
286 420 965
351 331 990
309 374 441
265.2 538 775
309 333 0
274.6 398 775
351 302 0


568.733 1199 5060
736.6 1007 4337
1019.6 1809 6601
934 730 2881
928.6 1004 4296
312.067 969 3904
1947 1928 7042
1737 1437 6094
295.2 1042 3295
837 973 4205
1337.6 1496 6334
943 987 4462
1053.8 1325 5319
542.7 1466 4969
987 1567 6094
697.267 1164 4803
755 871 3687
296 1260 4553
1172 1080 4611
762.6 1485 5827
910 1403 5319
434.6 961 3438
1039 1189 4928
913 1797 6209
1226.6 1433 5611
333.733 1051 4161
732.267 967 3854
321.067 1209 4869
360.8 1165 4285
1022 1129 4611
995 1394 5386
995 953 4337
507.6 882 3629
964 1198 4861
249.6 861 2598
1278 1445 6094
1323 1422 5636
1994 1851 7042
786.333 1034 4462
1026 1055 4486
454.267 771 2914
698.333 754 3347
506.6 925 3654
1272.67 1633 6118
1093 1111 5170
759.2 1603 5768
854.2 968 3979
659 903 3778
1471 1739 6535
699.8 1063 4285
742.6 1066 4553
691 767 3372
533.6 1156 4462
544.2 830 3014
252.4 914 3237
975.333 1199 5104
475.933 853 3171
576.6 828 3629
491.8 925 3320
236.8 692 990
836.6 1239 5261
481.6 1156 4337
497.6 685 2689
292.8 1172 3629
627.6 1362 5170
1028 744 3138
236.8 777 2272
905 1006 4462
830 1015 4395
1006.6 912 4180
1180.6 1466 6094
236.8 663 0
240 865 3196
910.067 1832 6118
1542.6 1969 7042
265.4 841 2473
452.4 1041 4095
197.9 837 1282
236.8 737 1765
425.6 721 2473
1008.8 1441 5826
1435 1311 5611
240 820 2421
749 781 3629
591.333 871 3654
553.6 1120 4553
377.333 783 2730
292.6 837 2730
1120 947 4395
389.6 734 2730
1163.5 1440 5545
1041.6 1018 4553
440.6 487 1699
856 842 3687
1087 1233 5319
662 617 2854
929 855 3778
612 708 2879
434.333 630 2639
407 766 2854
197.9 792 507
427 643 2664
333 836 2730
633 430 1274
317.2 779 2462
604.6 568 2382
1019.6 1374 5386
245.8 1017 3237
376 858 2879
265.2 493 0
382.2 667 2206
717 890 3687
340.6 399 899
498.6 642 2664
1610.6 1940 7042
586 479 1889
236.8 732 1497
283.6 552 990
265.2 533 507
360 571 1955
246.6 589 775
429 517 1955
304.8 690 1914
595 755 2879
588 466 1864
265.2 538 775
246.6 637 1740
265.2 578 1282
304.8 730 2421
709.2 1660 5285
246.6 592 965
309 333 0
274.6 398 775
274.6 353 0
351 302 0
246.6 544 0
486.6 961 3563
380 328 899
286 420 965
283.6 597 1765
309 374 441
340.6 444 1674
351 331 990


370.4 1201 4194
1125 1109 4611
1008.8 1440 5826
1098 1145 4737
790.333 960 4180
475.933 853 3171
637.933 1016 3979
1006.6 912 4180
648.6 1085 4271
999.4 2090 6094
434.6 961 3438
312.067 969 3904
699.8 1063 4285
236.8 663 0
677.7 1127 4462
755 871 3687
659 903 3778
929 855 3778
1976 1729 6601
616.867 1453 5768
364.867 1316 4844
547.8 1063 4136
896 1714 5826
625.2 1060 4095
317.867 1121 3945
544.8 1349 5060
1903 1756 6267
506.6 925 3654
1238.6 1930 6535
1045.2 1669 6094
1148.93 1613 6209
481.6 1156 4337
292.8 1212 4136
240 865 3196
1153.6 1244 5386
1288 1804 6267
1489.33 1819 7042
623.067 1255 5768
623.8 1094 4219
698.333 754 3347
454.267 771 2914
576.6 828 3629
935.4 1707 5893
491.8 925 3320
783 973 4205
1096.6 1416 6094
1123.2 2010 6601
551 1151 5060
883.6 820 3563
691 767 3372
612 708 2879
317.2 779 2462
1024 1128 4611
382.2 667 2206
912 902 3778
245.8 1017 3237
531.267 758 2823
236.8 692 990
507.6 882 3629
736.6 1007 4337
1446 1795 6334
516 1126 4337
425.6 721 2473
662 617 2854
236.8 777 2272
377.333 783 2730
497.6 685 2689
337.267 682 1990
467.2 862 3105
376 858 2879
240 825 2689
333 836 2730
717 890 3687
788.6 1007 4462
926 1736 5827
808.6 971 4553
1390 2152 7042
604.6 568 2382
292.6 837 2730
389.6 734 2730
498.6 642 2664
1078.6 1615 6094
595 755 2879
236.8 737 1765
1192.6 1217 5104
589.533 1112 4271
776 790 3562
844.6 788 3472
304.8 730 2421
588 466 1864
265.2 578 1282
304.8 690 1914
633 430 1274
246.6 592 965
1387.6 2001 6601
283.6 597 1765
434.333 630 2639
360 571 1955
340.6 444 1674
283.6 552 990
429 517 1955
407 766 2854
268.6 929 3397
246.6 544 0
265.2 538 775
265.2 493 0
440.6 487 1699
236.8 732 1497
586 479 1889
340.6 399 899
427 643 2664
286 420 965
351 331 990
246.6 637 1740
351 302 0
274.6 353 0
265.2 533 507
246.6 589 775
309 374 441
274.6 398 775
380 328 899
309 333 0


1002.6 986 4462
963.1 1273 5386
452.5 1314 4219
930.6 1232 5170
1023.6 1143 5261
475.933 853 3171
1350.6 1418 6094
411.267 1316 4844
830 903 3778
475 1013 4095
1201.6 1968 7042
1140 900 3871
948 1281 5319
656.333 1102 4462
885 1451 5319
931 987 4462
324.467 1018 3945
1121.75 1901 6052
583.8 1152 4161
1115 908 3913
539.8 878 3320
677.8 1324 4869
661.867 1486 5219
1191 1785 6267
890.267 1165 4844
781 950 3778
197.9 797 775
283.2 1172 3629
685.333 1043 4362
1013 1814 5827
292.8 1212 4136
539.267 966 3813
240 820 2421
481.6 1156 4337
840.6 952 4337
779.6 1041 4271
710 1351 5170
252.4 914 3237
1374 1397 6094
866 1240 5261
662 617 2854
648.6 1085 4271
777.333 1066 4553
1039.6 1453 5768
783.8 1002 4028
753 1076 4486
589.8 1338 4993
1582.6 1690 6601
929 855 3778
240 865 3196
912 902 3778
1392 1627 6334
804.933 1306 4869
673.6 1120 4553
268.6 929 3397
1406.4 1748 6601
806.333 1055 4462
317.2 779 2462
708 918 3687
533.6 1156 4462
914 1645 5760
1028 744 3138
1658 1332 5559
760.7 1704 5702
851 1297 4969
755 871 3687
826.333 1019 4553
304.8 730 2421
486.6 961 3563
531.267 758 2823
274.4 1081 3438
236.8 692 990
717 890 3687
506.6 925 3654
762.6 766 3372
1234 933 4128
292.6 837 2730
1285.6 1636 5893
591.333 871 3654
507.6 882 3629
817.6 1006 4462
636.4 1292 4635
1721 1589 6535
1356.6 1695 6209
376 858 2879
434.6 961 3438
467.2 862 3105
600.6 1097 4362
265.4 841 2473
767.267 1253 4778
737.867 1254 4712
427 643 2664
317.867 1121 3945
319.8 1060 3438
498.6 642 2664
940.267 1438 5636
576.6 828 3629
236.8 663 0
304.8 690 1914
1479.6 1920 7042
625.4 1052 4194
604.6 568 2382
612 708 2879
1251 1828 6601
434.333 630 2639
856 842 3687
770.867 1755 5768
691 767 3372
337.267 682 1990
333 836 2730
389.6 734 2730
1002.6 1196 5386
594 804 2879
265.2 493 0
377.333 783 2730
1908 1789 7042
497.6 685 2689
407 766 2854
795.5 1342 4994
283.6 552 990
245.8 1017 3237
197.9 837 1282
786.6 1395 5261
749 781 3629
464.8 1090 4136
360 571 1955
382.2 667 2206
425.6 721 2473
340.6 399 899
265.2 578 1282
246.6 589 775
595 755 2879
440.6 487 1699
236.8 777 2272
265.2 533 507
340.6 444 1674
265.2 538 775
1184.93 1688 6094
1200 1651 5893
588 466 1864
236.8 732 1497
586 479 1889
429 517 1955
246.6 544 0
236.8 737 1765
246.6 592 965
283.6 597 1765
309 374 441
246.6 637 1740
274.6 353 0
633 430 1274
351 302 0
274.6 398 775
351 331 990
380 328 899
286 420 965
309 333 0


706.333 1083 4337
790.333 960 4180
591.333 871 3654
1080 1441 5677
1010.87 1919 7042
986.6 911 3938
856 842 3687
569.867 1258 4869
1207 1432 5827
733 1177 4611
467.2 862 3105
486.6 961 3563
698.333 754 3347
884.6 1227 5170
475.933 853 3171
1148 1177 4861
1437 1123 5052
676 982 3712
823.6 1293 5386
475 1013 4095
296 1260 4553
553.6 1120 4553
822.6 1258 5129
1020.6 1212 5129
773.333 1308 4994
434.6 961 3438
464.8 1090 4136
1189.6 1742 6209
963.6 1415 5636
934 730 2881
1503.33 1776 6601
912 902 3778
786.6 1395 5261
337.267 682 1990
665.6 1362 5170
699.8 1063 4285
750.8 1347 5060
791.6 1280 5170
835.6 1261 5170
277.6 1169 4362
507.6 882 3629
1184.6 1120 4928
779.6 1041 4271
600.6 1097 4362
452.4 1001 3588
240 825 2689
698 797 3306
813.8 1236 4993
1047.4 1550 6094
755 871 3687
648.6 1085 4271
2010 1902 7042
543.2 826 2879
1352.6 1887 6267
696.6 774 3215
333 836 2730
612 708 2879
863.6 1244 5386
717 890 3687
236.8 663 0
643.2 1431 5060
531.267 758 2823
762.6 766 3372
840.6 952 4337
1082 1174 4726
506.6 925 3654
662 617 2854
808.6 971 4553
382.2 667 2206
1216 1683 6118
377.333 783 2730
631 999 3778
491.8 925 3320
749 781 3629
425.6 721 2473
452.4 1041 4095
313.8 970 3386
324.467 1018 3945
389.6 734 2730
249 1105 4161
687.8 1224 4778
252.4 914 3237
1405 1879 6601
576.6 828 3629
855.6 1238 5261
497.6 685 2689
1443 1735 6535
240 865 3196
498.6 642 2664
265.2 538 775
249 1065 3654
890.6 1221 4621
655.4 1487 5893
589.4 1311 4994
697 903 3778
1468.33 1646 6334
666.2 1051 4161
427 643 2664
304.8 730 2421
304.8 690 1914
407 766 2854
434.333 630 2639
1326 1499 6094
595 755 2879
236.8 692 990
570.8 821 2862
633 430 1274
265.2 533 507
376 858 2879
317.2 779 2462
236.8 737 1765
440.6 487 1699
900.6 1222 5195
898.4 1740 6094
240 820 2421
604.6 568 2382
246.6 592 965
1438 1655 6267
429 517 1955
246.6 637 1740
245.8 1017 3237
246.6 544 0
588 466 1864
761.6 1066 4553
340.6 444 1674
586 479 1889
283.6 597 1765
340.6 399 899
246.6 589 775
292.6 837 2730
236.8 777 2272
594 804 2879
360 571 1955
236.8 732 1497
265.2 578 1282
1436 1786 6267
274.6 353 0
286 420 965
351 302 0
274.6 398 775
309 333 0
283.6 552 990
380 328 899
309 374 441
265.2 493 0
351 331 990


758.333 1066 4553
1239.5 1273 5386
378.633 1133 4161
1257 1107 4902
1265 1405 5893
471 1317 4969
916.6 1153 4778
1111.2 2179 6601
462 1077 4004
920.333 1191 5261
826.6 1005 4296
698.333 754 3347
1022 1133 4712
971 995 4395
763.6 1410 5170
805.6 1441 5386
706 1053 4296
1392 1371 5570
980 1421 5386
1104 943 4128
568.733 1199 5060
790.6 1004 4161
934 730 2881
576.6 828 3629
1098 1189 4993
782.933 1520 5893
1182.93 1720 6052
343.333 1087 4070
1139.33 1440 5545
762.6 766 3372
648.6 1085 4271
240 820 2421
364.867 1316 4844
402.267 1076 3879
1240.6 1907 6267
486.6 961 3563
662 617 2854
673.6 1120 4553
733.333 1031 4271
236.8 692 990
258.6 1141 4070
481.6 1156 4337
475.933 853 3171
814.6 1371 5195
847.6 963 4271
664 1702 5702
986.6 911 3938
197.9 797 775
681 1042 4095
832.933 1501 5768
1593 1679 6601
552.933 840 3080
591.6 1169 4553
565.533 1111 4136
717 890 3687
698.2 1773 5768
1490 1668 6094
859.933 1450 5702
302.8 1036 3372
507.6 882 3629
686.6 1098 4362
278.2 965 3306
619.2 1091 4136
1542 1730 6267
1278.6 1694 6209
1209.2 2058 6535
691 767 3372
759.6 1019 4553
745.667 1019 3945
638.6 1147 4362
1143.2 2005 6143
833.6 1324 5195
236.8 737 1765
929 855 3778
1006 1430 5434
321.667 1005 3813
1085.8 1783 6118
1154.6 1293 5386
1166.6 1185 4803
376 858 2879
749 781 3629
571.6 1156 4462
1452.6 1920 7042
454.267 771 2914
496 1262 4844
1343.2 1870 6334
442.7 979 3563
371.933 1151 4271
656.333 1102 4462
618 1064 3854
252.4 914 3237
753 1076 4486
912 902 3778
1592 1645 6094
1360 1759 6535
843 993 4094
292.6 837 2730
659 903 3778
1572 1821 6601
1597 1853 7042
1023 1128 4611
292.8 1212 4136
240 865 3196
1043 1008 4486
382.2 667 2206
236.8 777 2272
491.8 925 3320
591.333 871 3654
853.6 1192 5261
748 1700 5368
407 766 2854
425.6 721 2473
1341 1905 6267
498.6 642 2664
1287.4 2169 7042
304.8 730 2421
555.6 972 3654
337.267 682 1990
595 755 2879
236.8 732 1497
544.6 974 3654
1035 954 3963
377.333 783 2730
604.6 568 2382
1224 2220 7042
856 842 3687
943 996 4362
304.8 690 1914
427 643 2664
236.8 663 0
389.6 734 2730
283.6 597 1765
1161 2025 6209
265.2 533 507
586 479 1889
360 571 1955
434.333 630 2639
440.6 487 1699
340.6 444 1674
849 824 3654
333 836 2730
317.2 779 2462
245.8 1017 3237
265.2 538 775
340.6 399 899
246.6 544 0
246.6 589 775
633 430 1274
283.6 552 990
246.6 592 965
612 708 2879
265.2 578 1282
497.6 685 2689
265.2 493 0
309 374 441
588 466 1864
246.6 637 1740
274.6 398 775
429 517 1955
351 331 990
351 302 0
309 333 0
286 420 965
274.6 353 0
380 328 899


1146.67 1776 6209
705.333 784 3281
1016.6 1516 5636
1341.6 1300 5435
726 891 3687
240 825 2689
1044.8 1473 5768
908.6 1603 5768
1006.6 912 4180
616.267 934 3722
755 871 3687
197.9 792 507
788.6 1007 4462
1020.6 1212 5129
615.8 1016 4285
771.6 1006 4337
697.267 1164 4803
742.6 1066 4553
471.3 1083 4271
268.6 929 3397
899 1374 5386
1194.2 1344 5501
1258.6 1391 5636
481.6 1156 4337
890.267 1165 4844
931 987 4462
736.6 1007 4337
1106 1108 4611
1018.6 1484 5702
343.333 1087 4070
611.4 1413 5261
536 1328 4486
281 978 3438
531.267 758 2823
464.8 1090 4136
434.6 961 3438
506.6 925 3654
452.4 1041 4095
1237 1254 5319
552.933 840 3080
1028 744 3138
692.6 1120 4553
906.8 1788 6094
783 973 4205
274.4 1081 3438
696.6 774 3215
240 865 3196
749 781 3629
1091 1222 5195
1299 1319 5501
545.6 853 3105
905.2 1590 5501
324.467 1018 3945
539.8 878 3320
312.067 969 3904
786.333 1034 4462
1337 1365 5827
1072.8 1440 5677
339.2 1212 4136
376 858 2879
1124.6 1796 6334
701.6 1088 4462
882.6 1213 5170
1166.6 1180 4903
458.2 1193 4136
245.8 1017 3237
649.6 1145 4362
317.867 1121 3945
521.8 1385 4844
627.6 1362 5170
881.6 1741 5501
434.333 630 2639
840.6 952 4337
382.2 667 2206
568.733 1199 5060
491.8 925 3320
817.2 1572 5435
454.267 771 2914
826.6 1005 4296
333 836 2730
934 730 2881
995.5 1331 5319
940 870 3687
304.8 730 2421
1143.6 1452 5768
197.9 837 1282
427 643 2664
970 1019 4553
1029.6 1498 6094
948.6 755 2973
544.2 830 3014
1224.67 1689 6118
1345.6 2002 7042
292.6 837 2730
236.8 692 990
975 1156 4611
629.6 1169 4553
1297.4 1661 6601
985.6 1635 5827
497.6 685 2689
591.333 871 3654
337.267 682 1990
1627.4 1919 7042
1022 1133 4712
1037.6 1272 5386
762.6 766 3372
236.8 732 1497
1024 1109 4611
595 755 2879
912 902 3778
576.6 828 3629
969 1293 5261
1325.2 2070 7042
377.333 783 2730
236.8 737 1765
697 903 3778
236.8 663 0
498.6 642 2664
662 617 2854
604.6 568 2382
507.6 882 3629
317.2 779 2462
252.4 914 3237
340.6 444 1674
429 517 1955
670 1168 4553
425.6 721 2473
633 430 1274
389.6 734 2730
246.6 589 775
283.6 552 990
1709 1799 7042
265.2 493 0
283.6 597 1765
588 466 1864
246.6 592 965
612 708 2879
236.8 777 2272
265.2 578 1282
586 479 1889
304.8 690 1914
407 766 2854
340.6 399 899
380 328 899
440.6 487 1699
265.2 533 507
246.6 544 0
309 374 441
246.6 637 1740
265.2 538 775
274.6 353 0
286 420 965
351 331 990
351 302 0
309 333 0
360 571 1955
274.6 398 775


695.6 1280 5170
951.267 1454 5611
277.6 1121 3397
972 963 4128
947.6 1519 6094
1376 1442 5826
733 1484 5702
330.667 1245 4778
817.6 1006 4462
1281.6 1500 6094
576.6 828 3629
544.2 830 3014
506.6 925 3654
970 1019 4553
623.8 1094 4219
339.2 1212 4136
1194.2 1422 5677
495.8 926 3306
920.6 987 4462
863.6 1244 5386
673.6 1120 4553
891 1109 4611
736.8 1219 4927
755 871 3687
560.6 1147 4462
317.867 1121 3945
1482.6 2028 6601
467.4 1460 4994
950.6 1131 5170
858.6 947 3813
1220 1808 6535
292.8 1172 3629
1219.6 1870 6334
759.2 1603 5768
1503.6 2010 6601
1282.5 1765 6267
1026.2 2161 6535
761.6 1066 4553
467.2 862 3105
240 825 2689
1124.5 1466 5827
616.267 934 3722
343.333 1087 4070
226.5 896 1215
783 973 4205
880.133 1392 5501
377.333 783 2730
762.6 766 3372
1573.6 1947 6601
849 824 3654
536.067 1701 5435
698.333 754 3347
1120 947 4395
1433.1 1759 6535
1104 943 4128
670.8 1289 5118
245.8 1017 3237
312.067 969 3904
1084.2 1390 5636
856 842 3687
591.333 871 3654
475 1013 4095
930.2 1167 4969
901.2 1199 5060
1604.6 1870 7042
961 1028 4486
1046.5 1806 6209
454.267 771 2914
425.6 721 2473
240 865 3196
533.6 1156 4462
252.4 914 3237
236.8 737 1765
305.6 1336 4969
591.6 1169 4553
736.6 1007 4337
1053 1234 5319
666.2 1051 4161
649.6 1145 4362
507.6 882 3629
1417.2 2059 6601
317.2 779 2462
647.6 1292 5261
434.6 961 3438
604.6 568 2382
648.6 1085 4271
874 1156 4611
304.8 730 2421
1215.6 1957 6267
333 836 2730
878.6 1227 5060
539.8 878 3320
434.333 630 2639
1358 1745 6118
691 767 3372
662 617 2854
1497.5 2079 7042
337.267 682 1990
1326 1339 5677
376 858 2879
236.8 692 990
1046.8 1487 5893
1651 1858 6601
236.8 663 0
389.6 734 2730
382.2 667 2206
612 708 2879
749 781 3629
717 890 3687
659 903 3778
498.6 642 2664
246.6 592 965
407 766 2854
497.6 685 2689
283.6 552 990
486.6 961 3563
595 755 2879
817 1383 5319
481.6 1156 4337
292.6 837 2730
236.8 732 1497
265.2 578 1282
236.8 777 2272
246.6 544 0
246.6 589 775
265.2 533 507
427 643 2664
246.6 637 1740
586 479 1889
314.4 726 1823
429 517 1955
283.6 597 1765
265.2 493 0
633 430 1274
340.6 399 899
440.6 487 1699
380 328 899
340.6 444 1674
274.6 353 0
309 374 441
360 571 1955
351 331 990
286 420 965
588 466 1864
265.2 538 775
351 302 0
274.6 398 775
309 333 0


1006.6 912 4180
552.933 840 3080
826.333 1019 4553
330.667 1245 4778
671.6 830 3014
868 996 4395
732.6 833 3588
452.4 1041 4095
594.6 843 3105
591.333 871 3654
343.333 1087 4070
843 993 4094
1037.4 1680 5826
533.6 1156 4462
1191.6 1151 5104
258.6 1141 4070
249.6 856 2330
778.6 1033 4296
622.8 1579 4994
801.6 1637 5702
733.333 1031 4271
1293 1394 5826
717 890 3687
240 865 3196
952.333 1272 5386
758.333 1066 4553
1458 2197 7042
1002.6 1196 5386
491.8 925 3320
304.8 730 2421
666.2 1051 4161
858 811 3563
1191.6 1129 4862
324.467 1018 3945
1229.8 1429 5434
458.2 1193 4136
539.267 966 3813
434.6 961 3438
304.8 690 1914
252.4 914 3237
1148.6 1457 5827
1461.4 2119 7042
732.267 967 3854
1041.6 1018 4553
583.8 1152 4161
755 871 3687
767.6 1394 5386
1224.8 1559 6601
628.333 836 3472
1120 1130 4862
1000.5 1449 5501
878.6 1227 5060
929 855 3778
321.667 1005 3813
647 1315 4928
226.5 901 1483
659 903 3778
695.6 1280 5170
905.533 1580 5702
507.6 882 3629
698.333 754 3347
1250.33 1515 6094
891 1128 4611
1126.6 1656 5893
656.333 1102 4462
464.8 1090 4136
292.8 1212 4136
815.333 1021 4271
245.8 1017 3237
907.333 1265 5104
1070 1697 6094
915 1898 6209
1011.6 1176 4712
1810 1922 7042
720.6 1199 4487
236.8 663 0
1024.2 1570 5636
588 1144 4219
637 1551 5060
600.6 1097 4362
648.6 1085 4271
881.5 1158 4611
591.6 857 3397
652 1226 4486
305.6 1336 4969
1193.2 1982 6535
1101 1168 4836
377.333 783 2730
236.8 737 1765
197.9 797 775
292.6 837 2730
937.6 1244 5261
621 849 3497
1106 1108 4611
382.2 667 2206
762.6 766 3372
265.4 841 2473
369.75 834 2664
1330.6 1348 6094
506.6 925 3654
486.6 961 3563
786.333 1034 4462
595 755 2879
662 617 2854
931 987 4462
619.6 854 3306
619.333 868 3563
1607 1950 7042
333 836 2730
427 643 2664
854.6 972 4205
691 767 3372
236.8 692 990
934 730 2881
934 1341 5261
337.267 682 1990
434.333 630 2639
497.6 685 2689
604.6 568 2382
612 708 2879
317.2 779 2462
454.267 771 2914
407 766 2854
540.667 970 3904
685.6 839 3563
376 858 2879
1194.6 1603 5893
265.2 533 507
236.8 777 2272
498.6 642 2664
588 466 1864
586 479 1889
849 824 3654
236.8 732 1497
283.6 552 990
265.2 538 775
246.6 637 1740
425.6 721 2473
283.6 597 1765
360 571 1955
429 517 1955
340.6 444 1674
246.6 592 965
309 333 0
440.6 487 1699
389.6 734 2730
265.2 493 0
246.6 589 775
309 374 441
340.6 399 899
246.6 544 0
286 420 965
274.6 398 775
351 331 990
380 328 899
274.6 353 0
633 430 1274
265.2 578 1282
351 302 0


884 1283 5319
475 1013 4095
1006.6 1190 5261
452.4 1041 4095
872 1129 4611
491.8 925 3320
741.067 1371 5636
531.267 758 2823
648.6 1085 4271
754.333 1055 4337
920.333 1191 5261
434.6 961 3438
696.6 774 3215
944.4 1351 5768
733.333 1031 4271
1088 1820 6094
1024 1109 4611
932.6 1158 5170
929 855 3778
1273.6 1819 7042
441.267 1509 5285
240 820 2421
1463.2 1617 6334
873.8 1588 5677
1199 1345 5760
1158.27 1544 6209
1100.6 1384 5827
249 1060 3386
986.6 911 3938
394.267 1314 4386
726 891 3687
746.6 1303 5195
742.6 1066 4553
698.333 754 3347
312.067 969 3904
843 993 4094
826.333 1019 4553
1545 1627 6601
828.8 1241 5118
1120 947 4395
616.267 934 3722
778.6 1033 4296
486.6 961 3563
701.6 1088 4462
1218 1086 4836
506.6 925 3654
844.6 788 3472
362.333 1115 4362
405.8 1155 4869
548 957 3879
337.267 682 1990
467.2 862 3105
454.267 771 2914
507.6 882 3629
883.333 993 4271
389.6 734 2730
995.867 1875 6267
918.333 1270 5195
896.8 1554 5893
680.4 1227 5060
595 755 2879
755 871 3687
240 865 3196
844.333 960 4180
249 1105 4161
692.6 1120 4553
699.8 1063 4285
539.8 878 3320
817.6 1006 4462
1519 1658 6535
934 730 2881
249 1065 3654
407 766 2854
826.6 1005 4296
1315 1719 6535
659 903 3778
236.8 732 1497
770.6 1034 4462
324.467 1018 3945
265.4 841 2473
1041 1840 6601
662 617 2854
1592 1369 5827
576.6 828 3629
252.4 914 3237
1080.33 1097 4903
245.8 1017 3237
591.333 871 3654
369.75 834 2664
544.2 830 3014
780.2 1214 4969
856 842 3687
1273.8 1513 6267
1020 935 4271
434.333 630 2639
425.6 721 2473
1253.8 1792 6535
292.6 837 2730
883.6 820 3563
304.8 690 1914
304.8 730 2421
333 836 2730
333.733 1051 4161
498.6 642 2664
440.6 487 1699
285.6 1006 3386
236.8 777 2272
1002.6 1196 5386
265.2 538 775
317.2 779 2462
552.933 840 3080
588 466 1864
236.8 737 1765
283.6 552 990
246.6 592 965
236.8 692 990
429 517 1955
265.2 493 0
604.6 568 2382
340.6 444 1674
586 479 1889
246.6 637 1740
376 858 2879
246.6 544 0
283.6 597 1765
612 708 2879
497.6 685 2689
382.2 667 2206
427 643 2664
246.6 589 775
377.333 783 2730
360 571 1955
633 430 1274
265.2 533 507
265.2 578 1282
351 331 990
340.6 399 899
309 374 441
351 302 0
274.6 398 775
309 333 0
380 328 899
274.6 353 0
286 420 965


1023.6 1143 5261
495.8 926 3306
197.9 837 1282
1339 1333 5611
698.333 754 3347
1627 1840 6601
840.6 952 4337
1136.6 1404 5570
461.4 1281 5060
571.333 907 3563
236.8 663 0
531.267 758 2823
197.9 792 507
452.4 1041 4095
1230 1441 5677
839 1572 5386
240 820 2421
849 824 3654
1309.67 1692 6209
506.6 925 3654
743.5 1637 5118
678 904 3778
844.6 788 3472
1349.6 1349 6094
796.4 1458 5118
551 1151 5060
249 1105 4161
1428 1704 6267
562.6 916 3497
539.8 878 3320
839.4 1552 5559
706 1053 4296
1307 1526 6094
1225.8 1464 5826
930.6 1232 5170
708.6 1056 4337
1056.8 1764 6118
891.4 1143 4635
761.6 1066 4553
1234 914 4128
519.333 907 3438
1104 943 4128
1229 1750 6094
240 825 2689
312.067 969 3904
570.8 821 2862
1125 1109 4611
853.667 1452 5768
1689.4 1796 6334
788.6 1007 4462
1233.2 1796 6209
576.6 828 3629
600.6 1097 4362
1073.6 1501 5893
487.4 1062 4136
552.933 840 3080
553.6 1120 4553
799 903 3778
817.6 1006 4462
324.467 1018 3945
1165 1225 5386
434.6 961 3438
467.2 862 3105
591.333 871 3654
826.6 1005 4296
1082.6 1111 5170
1043 1008 4486
774.8 1620 5435
960.1 1742 5826
245.8 1017 3237
969 1420 5195
1069 1330 5319
475 1013 4095
382.2 667 2206
1075.4 1877 6601
1527 1841 6535
1197.1 1858 6601
545.6 853 3105
304.8 690 1914
377.333 783 2730
486.6 961 3563
544.2 830 3014
883.6 820 3563
783 973 4205
252.4 914 3237
1326.2 2002 7042
1120 947 4395
972.6 1211 5129
920.6 987 4462
427 643 2664
498.6 642 2664
434.333 630 2639
405.8 1155 4869
698 797 3306
1136 1301 5319
497.6 685 2689
317.2 779 2462
548.8 854 3129
956 1423 5386
770.6 1034 4462
1294.6 1391 5501
389.6 734 2730
594 804 2879
394.267 1314 4386
240 865 3196
762.6 766 3372
376 858 2879
292.6 837 2730
595 755 2879
717 890 3687
826.333 1019 4553
236.8 692 990
696.6 774 3215
604.6 568 2382
304.8 730 2421
425.6 721 2473
333 836 2730
1426 1643 6118
246.6 589 775
440.6 487 1699
612 708 2879
236.8 732 1497
236.8 777 2272
1927 1731 7042
265.2 533 507
340.6 444 1674
662 617 2854
858 871 3687
246.6 544 0
1541 1615 6267
337.267 682 1990
265.2 578 1282
283.6 597 1765
633 430 1274
246.6 637 1740
738.6 1098 4487
340.6 399 899
588 466 1864
265.2 493 0
407 766 2854
1110 1373 5386
429 517 1955
360 571 1955
283.6 552 990
286 420 965
274.6 398 775
265.2 538 775
351 302 0
246.6 592 965
351 331 990
380 328 899
309 333 0
586 479 1889
309 374 441
274.6 353 0


295.2 1042 3295
1057.2 1691 6143
986.6 1272 5261
742.6 1066 4553
861.933 1509 5677
333.733 1051 4161
826.333 1019 4553
856 842 3687
826.6 1005 4296
872 1129 4611
1112.33 1371 5611
744.333 1541 5893
732.267 967 3854
840.6 952 4337
452.4 1041 4095
1179.2 2078 6535
1178.6 1359 5611
747.533 1310 5261
486.6 961 3563
928 1863 6052
240 825 2689
1330.2 1878 6601
922.333 1178 4994
659 903 3778
226.5 901 1483
825 1443 5386
553.6 1120 4553
240 820 2421
993 1375 5386
1006.6 912 4180
1096.6 1416 6094
305.6 1336 4969
533.6 1156 4462
475.933 853 3171
771.6 1006 4337
454.267 771 2914
717 890 3687
1396.6 1581 6118
591.333 871 3654
600.6 1097 4362
1262.6 1685 6535
691 767 3372
324.467 1018 3945
688.333 1029 4070
1006.6 1190 5261
1581.6 2040 7042
828.6 992 4029
858.6 947 3813
654.4 1615 5386
249 1105 4161
1368 1658 6535
2008 1641 6601
698.333 754 3347
771 1158 4611
507.6 882 3629
1102 996 4395
738.6 1098 4487
304.8 690 1914
1322 1373 5760
236.8 692 990
382.2 667 2206
1184 995 4395
736.6 1007 4337
1340.5 1858 6601
1584.6 1850 6601
1011.6 1176 4712
817.6 1006 4462
1092.8 1796 6209
552.933 840 3080
1240.67 1813 6267
1002.6 1244 5386
959.933 1427 5410
912 902 3778
506.6 925 3654
236.8 777 2272
407 766 2854
699.8 1063 4285
1165 1225 5386
236.8 737 1765
849 824 3654
1041.6 1018 4553
662 617 2854
252.4 914 3237
312.067 969 3904
595 755 2879
762.6 766 3372
753.933 1508 5501
236.8 732 1497
498.6 642 2664
389.6 734 2730
240 865 3196
546.133 1227 5060
604.6 568 2382
1087.6 1863 6334
491.8 925 3320
377.333 783 2730
337.267 682 1990
461.4 1281 5060
304.8 730 2421
434.333 630 2639
197.9 797 775
576.6 828 3629
612 708 2879
755 871 3687
265.2 493 0
1208.2 1682 6118
333 836 2730
340.6 444 1674
376 858 2879
500.8 1165 4285
497.6 685 2689
425.6 721 2473
588 466 1864
360 571 1955
265.2 538 775
427 643 2664
749 781 3629
317.2 779 2462
245.8 1017 3237
429 517 1955
283.6 597 1765
265.2 578 1282
586 479 1889
246.6 589 775
292.6 837 2730
633 430 1274
440.6 487 1699
283.6 552 990
246.6 544 0
340.6 399 899
246.6 592 965
246.6 637 1740
286 420 965
351 331 990
309 374 441
265.2 533 507
274.6 353 0
351 302 0
274.6 398 775
309 333 0
380 328 899


1037.6 1881 6601
976.6 1369 6094
616.267 934 3722
948.6 755 2973
481.6 1156 4337
533.6 1156 4462
312.067 969 3904
995 953 4337
855.6 1238 5261
249 1105 4161
691 767 3372
695.2 1019 4070
305.6 1336 4969
1098 1145 4737
697 903 3778
761 1177 4611
491.8 925 3320
240 865 3196
844.333 960 4180
758.333 1066 4553
771 1158 4611
666 1278 4611
304.8 690 1914
699.8 1063 4285
240 825 2689
660.533 1313 4602
670.6 1103 4337
475.933 853 3171
1332.2 2051 7042
869.4 1176 4902
783 973 4205
1191.6 1151 5104
333.733 1051 4161
595.6 1473 5893
1028 744 3138
786.6 1292 5261
1039.8 1707 6601
881.8 1107 4726
735.6 1098 4362
630.6 1029 4004
544.2 830 3014
1020.6 1212 5129
678 904 3778
434.6 961 3438
570.8 821 2862
1472 1634 6267
576.6 828 3629
680.4 1227 5060
531.267 758 2823
697.6 1331 5129
708.8 1270 5118
1602 1619 6535
317.2 779 2462
552.933 840 3080
922.333 1178 4994
1389 1657 6535
252.4 914 3237
434.333 630 2639
934 730 2881
240 820 2421
507.6 882 3629
591.333 871 3654
236.8 777 2272
497.6 685 2689
377.333 783 2730
236.8 732 1497
853.933 1140 4687
755 871 3687
749 781 3629
484.6 1049 4004
486.6 961 3563
427 643 2664
236.8 737 1765
506.6 925 3654
594 804 2879
1540.6 2002 7042
337.267 682 1990
236.8 663 0
808.6 971 4553
901.6 1225 5386
553.6 1120 4553
612 708 2879
245.8 1017 3237
389.6 734 2730
849 824 3654
595 755 2879
717 890 3687
382.2 667 2206
425.6 721 2473
498.6 642 2664
246.6 544 0
407 766 2854
1556.33 1751 7042
662 617 2854
292.6 837 2730
376 858 2879
586 479 1889
340.6 399 899
633 430 1274
440.6 487 1699
246.6 592 965
333 836 2730
246.6 637 1740
265.2 493 0
283.6 552 990
265.2 533 507
360 571 1955
265.2 578 1282
236.8 692 990
304.8 730 2421
283.6 597 1765
429 517 1955
246.6 589 775
274.6 398 775
265.2 538 775
340.6 444 1674
588 466 1864
274.6 353 0
351 302 0
351 331 990
604.6 568 2382
286 420 965
380 328 899
309 333 0
309 374 441


920.2 1552 5702
240 820 2421
377.667 1417 4844
1180 1120 4993
1037.6 1272 5386
312.067 969 3904
913 1374 5386
844.333 960 4180
935.6 1613 5826
491.8 925 3320
814.6 1371 5195
1000.87 1874 6143
999.2 1947 6209
887.6 1636 5702
555.733 1263 4969
360.8 1165 4285
1277 1859 6601
691 767 3372
856 842 3687
808.6 971 4553
744.4 1434 5118
1151.6 1450 6094
1441 1900 7042
1302 1785 6267
245.8 1017 3237
914.333 1550 5611
1347 1357 5893
1056 1650 5827
268.6 929 3397
755 871 3687
749 781 3629
1572 1639 6535
771.6 1006 4337
929 855 3778
855.6 1341 5261
1260.6 1945 6334
844.4 1440 5501
639 1426 4994
656.333 1102 4462
1749 1549 6334
643.2 1431 5060
258.6 1101 3563
317.867 1121 3945
648.6 1085 4271
548 957 3879
1081.6 1130 5170
625 944 3788
921 1129 4611
454.267 771 2914
713.333 1040 4271
504.533 917 3372
531.267 758 2823
726 891 3687
920.333 1191 5261
1210 1225 5386
674.733 1325 4994
856.333 952 4337
258.6 1141 4070
869.6 1685 5702
685.333 1043 4362
959.4 1577 5826
1383 1815 6334
1205 1173 5195
847.6 963 4271
678 904 3778
900.5 1157 4611
1097 1636 5893
697 903 3778
317.667 1346 4602
1013 905 4337
736.6 1007 4337
551 1106 4285
317.2 779 2462
236.8 663 0
333.733 1051 4161
236.8 732 1497
1504.6 1634 6118
805.8 1572 5195
742.6 1066 4553
600.6 1097 4362
407 766 2854
376 858 2879
986.6 911 3938
484.6 1049 4004
304.8 690 1914
552.933 840 3080
506.6 925 3654
240 865 3196
240 825 2689
1028 744 3138
1326 1840 6601
759.6 1019 4553
762.6 766 3372
434.6 961 3438
274.4 1081 3438
236.8 777 2272
576.6 828 3629
1819 1799 7042
1475.6 1646 6334
382.2 667 2206
1074 1696 6094
1227 1113 4646
475.933 853 3171
591.333 871 3654
507.6 882 3629
497.6 685 2689
1000.6 1452 5702
872.333 1219 5261
612 708 2879
486.6 961 3563
427 643 2664
718.933 1246 5060
539.8 878 3320
304.8 730 2421
604.6 568 2382
1020.8 1185 4660
595 755 2879
662 617 2854
434.333 630 2639
337.267 682 1990
415.4 1191 4778
425.6 721 2473
333 836 2730
377.333 783 2730
698.333 754 3347
633 430 1274
292.6 837 2730
236.8 692 990
236.8 737 1765
863 1177 4611
498.6 642 2664
389.6 734 2730
1321 1444 5636
440.6 487 1699
283.6 597 1765
1423 1810 6601
265.2 493 0
429 517 1955
360 571 1955
265.2 578 1282
340.6 444 1674
586 479 1889
340.6 399 899
972.333 1340 5386
283.6 552 990
246.6 592 965
246.6 544 0
265.2 533 507
246.6 637 1740
265.2 538 775
351 331 990
246.6 589 775
1337.33 1968 7042
309 333 0
380 328 899
309 374 441
588 466 1864
274.6 353 0
351 302 0
274.6 398 775
286 420 965


