604.8 1289 4993
859.8 1140 4993
762.6 1281 5170
930.6 1131 5170
902.6 1180 5170
1067 1130 5170
846 890 3521
631 999 3778
659 903 3778
929 855 3778
912 902 3778
562 1053 3778
360.8 1165 4285
536 1328 4486
922 1028 4486
667 1177 4486
970 1015 4395
1134 989 4003
783.8 1002 4028
557.8 1094 4094
615.8 1016 4285
368.333 584 1740
425 848 1765
473 615 1864
596 544 1798
797 769 2465
839 600 2264
725 776 2371
609 806 2139
667 821 2697
539.8 878 3320
612.6 928 3361
313.8 970 3386
890 865 3295
548.8 854 3129
640 1665 6334
712.667 1646 6334
779 1617 6334
991 1550 6334
871 1598 6334
1010.6 1610 6535
963.6 1415 5636
976.6 1369 6094
863.6 1244 5386
879.6 1466 6094
796.6 1522 5611
928.667 1770 7042
825.667 1771 7042
753 1790 7042
1043 1722 7042
1125 1703 7042
1237 1621 7042
1324.8 1601 7042
1361.2 1448 6334
1191.2 1515 6334
1300.6 1542 6535
1083.27 1591 6535
1266.6 1301 6094
246.6 592 965
274.6 353 0
340.6 399 899
286 420 965
447 532 1431
380 328 899
351 331 990
309 333 0
624 453 1607
351 302 0
274.6 398 775
283.6 552 990
309 374 441


351 302 0
309 333 0
274.6 353 0
309 374 441
236.8 663 0
265.2 493 0
811 761 2407
331 1282 3563
507.333 1219 3563
559 1142 3563
515.1 1160 3563
396 1253 3563
494.533 1095 2730
638 840 2656
657 923 2788
588 997 2788
702.8 895 2788
735.333 1059 3563
758 1020 3563
877.6 962 3563
849.6 991 3563
854 910 2837
745 952 3163
869 754 2788
360 571 1955
342.5 1009 1699
718 606 2173
532 727 2330
816.6 1049 4487
826.333 1019 4553
600.6 1097 4362
580.6 1167 4271
737.6 1063 4230
790.6 1120 4553
1330.6 1348 6094
1248.6 1349 6094
822.6 1258 5129
746.6 1303 5195
766.6 1394 5386
713 1674 5386
787.6 1273 5261
831.6 1498 6094
910.6 1221 5195
900.6 1222 5195
867.6 1326 5386
937.6 1244 5261
1155.6 1190 5261
1025.6 1191 5261
1002.6 1196 5386
1096.6 1368 6094
995.6 1397 6094
957.6 1416 6094
947.6 1417 6094
380 328 899
274.6 398 775
289.6 611 1216
351 331 990
286 420 965
447 532 1431


593 1425 4660
657.8 1335 4660
547 1497 4726
619.667 1347 4726
1055.8 1415 5559
973.8 1444 5559
640 1620 5559
704.8 1530 5559
606 1379 5118
557.6 1428 5118
809.8 1241 5118
670.8 1289 5118
708.8 1270 5118
622.4 1338 5118
843.8 1482 5559
935.8 1463 5559
770.8 1460 5368
982.8 1441 5368
1295.6 1440 5570
1262.6 1480 5570
1299.1 1392 5570
1187.8 1313 5559
1174 1381 5559
988.6 1495 5570
719 1504 5826
1092 1410 5559
1054 1429 5559
753 1745 6267
817.8 1655 6267
890.467 1636 6267
993.467 1635 6267
1301.8 1486 6267
1189.8 1568 6267
1107.8 1587 6267
1520 1485 6267
286 420 965
274.6 398 775
289.6 611 1216
274.6 353 0
351 331 990
309 333 0
351 302 0
283.6 552 990
309 374 441
246.6 592 965
771.6 915 3281
475 968 3320
500 1302 3827
623.8 1094 4219
551 1106 4285
1084 1090 4128
449.6 474 1608
588 466 1864
445 606 1698
554 544 1632
423 682 1472
534.333 637 1740
617 787 2305
641.6 873 2598
550 902 2598


368.067 1356 4803
414.567 1207 4803
547.067 1117 4803
489.967 1578 5244
536.467 1429 5244
668.967 1339 5244
982.2 1500 5434
925 1579 5434
1006 1430 5434
1248.67 1361 5434
1174 1410 5434
1098.67 1429 5434
810.267 1628 5434
818 1580 5434
309 333 0
351 302 0
274.6 353 0
689 928 3587
433.967 1191 4345
312.067 969 3904
694.1 1095 4296
783.8 1002 4028
475 1013 4095
296 1252 4095
826.6 1005 4296
539.267 966 3813
342.5 1103 4095
351 331 990
286 420 965
274.6 398 775
380 328 899
265.2 538 775
309 374 441
283.6 552 990
415 605 1823
476 813 2396
368.333 584 1740
731 876 2879
611 742 2622
523 792 2663
480 893 2622
429 517 1955
313.8 930 2879
525.6 682 2598
440.6 487 1699
395 615 1823


310 420 924
309 333 0
274.6 353 0
380 328 899
351 302 0
246.6 589 775
351 331 990
283.6 552 990
340.6 399 899
309 374 441
274.6 398 775
566.8 1127 3637
621 849 3497
724.2 1078 3637
525.4 1400 3646
626.9 1134 3646
752.8 1063 3646
609.65 1182 3646
558 1278 3646
845 991 3646
796 1038 3646
1048 990 3646
395 615 1823
265.2 578 1282
367 618 1914
538 557 1889
351.6 777 2272
361 597 1765
789.333 1694 6601
856.733 1578 6601
764.733 1372 5768
1055.27 1302 5768
973.267 1303 5768
775.267 1350 5768
368.067 1404 5768
970.8 1267 4927
933 1343 5636
1284.33 1349 6094
1236.33 1397 6094
1128 1417 6094
762.733 1424 5893
1060 1446 6094
1225.8 1394 5826
923.8 1414 5826
1026.73 1529 6601
978.733 1577 6601
780 733 2722
475 928 2813
391.9 986 2747
427 643 2664
517.8 915 2747


669 1238 4928
1037 1220 5052
898 1268 5052
936 1249 5052
1137 1181 5052
717.5 1695 6334
758.333 1632 6334
765.9 1627 6334
632.5 1500 5435
673.333 1437 5435
821.733 1320 5435
1068.93 1297 5344
712.733 1440 5501
1075.8 1332 5559
813 1310 5369
664.6 1446 5369
684.733 1542 5501
1164.33 1316 5827
744.333 1541 5893
762.733 1424 5893
771.4 1405 5893
514.4 1655 5893
891.4 1357 5893
906.733 1496 6334
866.9 1598 6334
1161.8 1477 6334
351 302 0
309 333 0
274.6 353 0
772.9 1216 4470
475 1013 4095
926.6 1058 4421
733.8 1103 4153
595 606 1698
530 695 1673
425.6 721 2473
565 821 2697
472 694 1632
428.333 1094 2664
681 720 2697
782 672 2697
380 328 899
309 374 441
301.6 602 990
286 420 965
396.6 899 1216
351 331 990
402 642 1406
274.6 398 775


778.467 1728 6209
682.467 1534 5768
862.667 1108 4869
792.667 1214 4844
837.6 1199 5060
816 1258 4869
844.667 1156 4869
890 1188 4993
1180 1120 4993
902.6 1143 5261
855.6 1238 5261
647.6 1292 5261
442.967 1431 5310
909.667 1303 5768
1321.47 1558 6209
997.467 1563 6209
246.6 544 0
309 374 441
309 333 0
274.6 353 0
351 302 0
395 837 2396
545 739 2396
610 843 2747
559 799 2507
910 815 2747
581 892 2747
281.8 1258 3130
293.8 637 1215
274.6 398 775
586 479 1889
380 328 899
351 331 990
286 420 965
429 517 1955
449.6 474 1608
360 571 1955
794.6 879 3497
720.6 1110 4136
896 1019 4553
790.6 1004 4161
548 957 3879
943 996 4362
540.667 970 3904
736.6 1007 4337
843 993 4094


309 374 441
274.6 398 775
309 333 0
265.2 533 507
351 331 990
380 328 899
286 420 965
351 302 0
283.6 552 990
274.6 353 0
340.6 399 899
246.6 592 965
475.933 853 3171
1020 913 3563
1042.33 900 3497
847.6 941 3563
580.6 1145 3563
648.6 1063 3563
796 1201 4004
557 1230 4004
591.8 1384 4219
774.6 1209 4004
968.2 1160 4004
821 1316 4219
543.4 1433 4219
265.2 578 1282
534.333 673 2664
382.2 667 2206
358.933 764 2247
624 453 1607
554 544 1632
449.6 474 1608
246.6 637 1740
356 796 1823
368.333 584 1740
292.6 837 2730
333 836 2730
377.333 783 2730
389.6 734 2730
1111 1175 4778
792.5 1325 4778
975.333 1199 5104
859.333 1246 5104
1077.33 1198 5104
1448 1169 5104
828.333 1233 4837
905.333 1162 4646
930.85 1910 5545
990.333 1357 5545
954.6 1459 5545
1221.33 1289 5545
941.333 1506 5545


932.2 1473 5153
1143.6 1179 5104
1191.6 1151 5104
859.333 1246 5104
1041.6 1198 5104
975.333 1199 5104
1273.6 1150 5104
980.2 1444 5153
735.85 1858 6052
803.25 1742 6052
753 1761 6052
906.25 1741 6052
1043 1693 6052
1125 1674 6052
1237 1592 6052
1324.8 1572 6052
650.85 1663 5153
706 1566 5153
860 1500 5611
1283.2 1330 5611
983.2 1398 5611
1235.2 1359 5611
1031.2 1379 5611
1105.2 1378 5611
651.6 1617 5611
719 1520 5611
757 1501 5611
246.6 589 775
274.6 398 775
309 333 0
351 302 0
309 374 441
274.6 353 0
796 924 3039
782 691 2697
737 870 2572
709 799 2506
909 964 3229
666 1223 3039
286 420 965
367 618 1914
544.2 896 2139
667 590 1914
265.2 578 1282
340.6 444 1674
581.2 1039 2205
493.6 1108 2205
609 806 2139
665 1295 4778
557.6 1444 4903
525 1444 4778
794.333 1142 4396
765.6 1060 4139
821.8 1366 4836
593 1441 4445
604.6 1422 4712


1501.6 1267 5827
1419.6 1268 5827
785.6 1293 5386
708.8 1270 5118
809.8 1241 5118
670.8 1289 5118
622.4 1338 5118
619.667 1392 5501
547 1542 5501
606 1424 5893
745 1376 5893
644 1405 5893
557.6 1473 5893
1017.6 1336 5827
863.6 1244 5386
1002.6 1196 5386
901.6 1225 5386
1269.6 1315 5827
1246.33 1335 5827
1287.6 1288 5827
871 1598 6334
712.667 1646 6334
640 1665 6334
906 1597 6334
991 1550 6334
779 1617 6334
1123 1448 6334
265.2 493 0
236.8 692 990
283.6 552 990
246.6 592 965
265.2 533 507
380 328 899
274.6 398 775
351 331 990
286 420 965
340.6 399 899
351 302 0
274.6 353 0
309 333 0
309 374 441
283.2 1187 3237
956 998 3496
872 1129 4611
891 1109 4611
759.6 1019 4553
370.4 1201 4194
296 1300 5060
551 1151 5060
588 466 1864
586 479 1889
440.6 487 1699
246.6 637 1740
538 526 1889
262.45 868 1889
498.6 597 1889
398.75 598 1889
1062 812 2906
831 861 2906
864 821 2906
783 991 2906
592.75 804 2722
780 704 2722
630 732 2722


1261 1123 4635
739.467 1481 4712
769.133 1332 4712
891.4 1143 4635
708.867 1631 4712
1343 1122 4635
636.4 1292 4635
579.067 1442 4635
702.267 1734 4712
911.333 1163 4712
881.667 1312 4712
1286 1486 5319
722.4 1846 6601
892.8 1729 6601
789.8 1730 6601
753 1749 6601
854.6 1595 5826
957.6 1594 5826
787.2 1711 5826
817.8 1614 5826
1324.8 1560 6601
1125 1662 6601
1237 1580 6601
1041.8 1681 6601
1520 1444 5826
1189.8 1527 5826
1301.8 1445 5826
1106.6 1546 5826
1004 1038 4003
674.133 1228 4004
774.333 1051 4205
964 1047 3937
521.6 1010 3438
351 302 0
246.6 544 0
286 372 0
309 333 0
309 374 441
351 331 990
380 328 899
286 420 965
274.6 398 775
440.6 487 1699
236.8 732 1497
415 605 1823
781 782 2722
639 947 2788
429 517 1955
580.2 807 2507
389.6 689 1955
653.6 907 3438
405.8 1126 3879
548 957 3879


914.6 1186 4969
972.6 1211 5129
847.8 1207 4861
715.3 1297 4861
1020.6 1210 5129
822.6 1258 5129
643.5 1426 4928
560.9 1458 4928
682.9 1309 4928
514.4 1607 4928
815.4 1219 4928
796.4 1267 4928
715.567 1530 5636
586.467 1711 5636
722.667 1459 5636
910.4 1323 5636
632.967 1562 5636
741.067 1342 5636
905 1006 4462
694.1 1095 4296
826.6 1005 4296
424.167 1243 4712
547.067 1117 4803
274.6 353 0
309 333 0
351 302 0
274.6 398 775
265.2 538 775
351 331 990
309 374 441
380 328 899
283.6 552 990
340.6 399 899
688 894 2663
641.6 984 2598
858 763 2598
534.6 650 2507
451.7 838 2247
667 590 1914
596 544 1798
607.6 637 1823
647 566 1823
368.333 584 1740
283.6 597 1765
340.6 444 1674
1046 904 2697
867.6 991 4070
737.6 1063 4230
651.3 1092 4028
765.6 1060 4139
342.5 1103 4095


623.067 1255 5768
368.067 1404 5768
902.6 1143 5261
855.6 1238 5261
296 1300 5060
859.8 1140 4993
551 1151 5060
1470.6 1658 6267
1472.27 1657 6267
1578.2 1555 6267
1545.2 1642 6267
1180.6 1726 6267
1234.2 1725 6267
1418.6 1677 6267
1394.2 1685 6267
1263.2 1705 6267
1432.2 1676 6267
835.6 1813 6267
1125.6 1745 6267
1388.6 1697 6267
309 374 441
274.6 353 0
351 302 0
274.6 398 775
380 328 899
309 333 0
340.6 399 899
542.6 742 2573
529.6 828 2462
616 712 2854
252.4 914 3237
245.8 1017 3237
321.067 1209 4869
615.8 1016 4285
897.267 1104 4778
547.067 1117 4803
475 1013 4095
783.8 1002 4028
249 1105 4161
808.6 971 4553
547.8 1063 4136
351 331 990
310 420 924
624 453 1607
320.2 539 965
360 571 1955
429 517 1955


728.6 1394 5386
724 1674 5386
731 1382 5319
627.6 1362 5170
695.6 1280 5170
647.6 1292 5261
986 1233 5319
1187.6 1225 5386
983.6 1245 5386
877.1 1374 5386
1164.6 1110 5170
863.6 1212 5170
950.6 1131 5170
902.6 1143 5261
793.6 1498 6094
1048.6 1349 6094
1001.6 1444 6094
309 333 0
274.6 353 0
309 374 441
351 302 0
737.6 1063 4230
600.6 1097 4362
553.6 1120 4553
826.6 1005 4296
612 679 1889
340.6 444 1674
647 566 1823
593 689 1955
388.7 898 1823
504 721 2473
681 720 2697
565 821 2697
782 672 2697
361 597 1765
380 328 899
274.6 398 775
286 420 965
246.6 592 965


896 1019 4553
758.333 1066 4553
786.333 1034 4462
771 1158 4611
872 1129 4611
656.333 1102 4462
1172 1080 4611
891 1128 4611
1106 1108 4611
727.8 1668 5893
1176.6 1353 5611
1251 1352 5611
1305 1351 5611
952.333 1272 5386
841.333 1340 5386
930.6 1131 5170
902.6 1180 5170
1067 1130 5170
964.6 1372 5611
740.133 1433 5893
546.133 1227 5060
629.6 1169 4553
733 1177 4611
762.6 1281 5170
533.8 1462 5060
797 770 2465
592.333 828 3629
591.333 871 3654
912 902 3778
678 904 3778
849 824 3654
562.6 916 3497
429 517 1955
449.6 474 1608
395 837 2396
360 571 1955
536.6 790 2396
380 328 899
351 331 990
309 374 441
274.6 398 775
274.6 353 0
309 333 0
286 420 965
351 302 0
283.6 552 990
246.6 592 965
723 789 2396


309 374 441
351 302 0
380 328 899
351 331 990
265.2 538 775
309 333 0
274.6 398 775
274.6 353 0
283.6 552 990
340.6 399 899
853.6 1192 5261
582.667 1382 5702
1053.8 1365 5826
623.067 1255 5768
551 1151 5060
368.067 1404 5768
902.6 1143 5261
296 1300 5060
809.8 1241 5118
716.067 1509 6601
817.067 1480 6601
678.067 1528 6601
1096.6 1368 6094
995.6 1397 6094
644 1405 5893
745 1376 5893
629.667 1577 6601
957.6 1416 6094
497.6 685 2689
691 767 3372
427 643 2664
283.6 597 1765
424 822 1955
586 479 1889
604.6 568 2382
340.6 444 1674
792 1077 4486
547.067 1117 4803
736.6 1007 4337
897.267 1104 4778
321.067 1209 4869
859.8 1140 4993
808.6 971 4553
600.6 1097 4362


309 333 0
351 302 0
274.6 353 0
747.6 1094 4029
1063 1030 4062
1295 982 4062
1003 992 4029
698.6 1141 4029
883 1036 4230
767 1064 4230
736 1051 3963
1035 954 3963
854.5 1055 4029
851.6 1357 4420
898 1175 4671
1129 1126 4671
1630.6 1541 4969
1622 1531 4836
1110 1918 4712
1194.8 1669 4712
1248 1662 4836
1334 1578 4836
1167.8 1759 4969
1268.6 1672 4969
1135.5 1889 4712
310.6 882 2462
317.2 779 2462
944 1019 3747
811.6 976 3681
732 1038 3747
796.6 837 3240
542 947 3130
780 704 2722
602 800 2722
630 732 2722
645.6 839 2757
547.5 943 2914
570 914 3039
649.6 852 2973
618 749 2465
844.6 788 3472
743.6 855 3472
627.6 937 3472
742.6 908 3472
702 960 3522
621 858 3397
770 911 3522
360 571 1955
301.6 642 1497
633 430 1274
429 517 1955
274.6 398 775
351 331 990
265.2 533 507
309 374 441
286 420 965
283.6 552 990


309 374 441
274.6 398 775
274.6 353 0
265.2 533 507
309 333 0
351 302 0
889 946 3229
703 799 2330
720 1200 3320
718.25 1331 3320
918 844 3229
653 993 3229
739 974 3229
819.25 1181 3320
1184 982 3320
1054 1030 3320
922 1031 3320
1007.6 1600 3938
1130 1253 4205
1205 1485 4271
863 1272 3563
839 1046 3497
814 1319 3563
1101.2 1491 5760
351 331 990
380 328 899
286 420 965
517 638 1406
494 632 1365
323.35 748 1282
624 453 1607
389.6 689 1955
292.6 792 1955
329.2 738 1955


1266.6 1301 6094
762.6 1281 5170
647.6 1292 5261
846 1302 5319
817 1350 5319
800.6 1262 5170
841 1261 5170
879.6 1466 6094
1087 1233 5319
1285 1205 5319
930.6 1131 5170
902.6 1143 5261
855.6 1238 5261
1067 1130 5170
1015 1253 5319
884 1283 5319
948 1281 5319
884.6 1227 5170
1105 1111 5170
1014.6 1350 6094
1117.6 1349 6094
976.6 1369 6094
274.6 398 775
286 420 965
351 331 990
274.6 353 0
309 374 441
574 567 1215
351 302 0
283.6 552 990
246.6 592 965
283.6 597 1765
246.6 637 1740
586 479 1889
428.8 777 1823
424 822 1955
670 672 1955
623 700 1955
451.25 802 1955
722.5 1082 2948
424 845 2788
783 739 2697
600.6 1097 4362
481.6 1156 4337
922 1028 4486
977.6 992 4271
553.6 1120 4553
826.6 1005 4296
1022 1129 4611


274.6 353 0
380 303 0
810.133 1331 5768
475.933 853 3171
917 786 3229
240 865 3196
591.333 871 3654
592.333 828 3629
520 930 3629
952.333 1133 4778
963.8 1167 4993
716.4 1145 4803
758.333 1066 4553
333.733 1051 4161
452.4 1041 4095
688.333 1029 4070
548 957 3879
858.6 947 3813
815.333 1021 4271
1106 969 4003
685.333 1043 4362
312.067 969 3904
778.6 1033 4296
626.8 1040 4094
912 902 3778
405.8 1155 4869
546.133 1227 5060
872.333 1219 5261
871.333 1238 5261
1022.33 1190 5261
332.75 552 990
351 331 990
286 420 965
633 430 1274
447 532 1431
301.6 642 1497
380 328 899
274.6 398 775
361 597 1765
538 526 1889
415 605 1823
604.6 568 2382
497.6 685 2689
358.933 764 2247
382.2 667 2206
434.333 630 2639


