654.417 1738 5118
613.5 1787 5118
715.083 1718 5118
962.833 1717 5118
1078.67 1705 5118
1127.08 1686 5118
1158.5 1666 5118
1301.75 1618 5118
1286 1665 5118
1416 1616 5118
437.667 1621 4854
693.333 1620 4854
785 1612 4854
840.917 1593 4854
845.667 1592 4854
915.083 1540 4854
951 1539 4854
1025.25 1520 4854
1137.75 1492 4854
1157 1491 4854
1358.8 1490 4854
599.333 1565 4678
808.833 1564 4678
1052.5 1513 4678
1195.75 1465 4678
1310 1463 4678
1085 1504 4653
861.417 1547 4627
629 1560 4587
664.917 1559 4587
1232 1446 4627
448.417 1593 4561
503.5 1561 4561
564.167 1541 4561
1390 1445 4627
727.917 1521 4561
712.917 1540 4561
811.833 1520 4561
1099.58 1488 4561
1190.58 1469 4561
1242.83 1440 4561
1265 1419 4561
321.917 1468 4414
652.75 1467 4414
729.917 1439 4414
673.333 1466 4414
835.25 1386 4414
909.5 1367 4414
1031.75 1339 4414
1051 1338 4414
596.75 1451 4363
1252.8 1337 4414
351.583 1463 4323
387.5 1462 4323
1014.25 1349 4363
327.667 1395 4297
388.333 1375 4297
856.833 1294 4297
1106.8 1293 4297
1249 1274 4297
621.917 1368 4121
657.833 1367 4121
1136.83 1287 4121
1159 1266 4121
650.75 1351 4070
711.417 1331 4070
1153 1248 4070
279.333 1383 3949
597.3 1355 3949
1080.25 1287 3989
1131.5 1258 3989
