1.369212963e+00 1.287930199e+00 1.598321859e+00 
1.160300926e+00 1.351429956e+00 1.537650602e+00 
1.678819444e+00 1.882695104e+00 1.906841652e+00 
1.417438079e+00 1.461463888e+00 1.748924269e+00 
1.516203704e+00 1.562772661e+00 1.876075731e+00 
1.128375579e+00 1.390693165e+00 1.467512909e+00 
1.679398148e+00 1.856034901e+00 1.940834768e+00 
1.058835069e+00 1.230731944e+00 1.381669535e+00 
1.321566551e+00 1.353853611e+00 1.663080895e+00 
1.173997106e+00 1.236548715e+00 1.569922547e+00 
1.180362847e+00 1.386815317e+00 1.655765921e+00 
1.367476852e+00 1.301017935e+00 1.609294320e+00 
1.517170139e+00 1.660688318e+00 1.887048193e+00 
1.807870370e+00 1.665050897e+00 1.906841652e+00 
1.170138889e+00 1.252544838e+00 1.505163511e+00 
1.415509259e+00 1.475036355e+00 1.774311532e+00 
1.166280671e+00 1.265632574e+00 1.467512909e+00 
1.700231481e+00 1.548230732e+00 1.867469880e+00 
1.339699074e+00 1.323315560e+00 1.580895009e+00 
1.044367477e+00 1.252544838e+00 1.392641997e+00 
1.337962963e+00 1.304411052e+00 1.575301205e+00 
1.128858218e+00 1.347067378e+00 1.485800344e+00 
1.376928819e+00 1.516723219e+00 1.729130809e+00 
1.478396991e+00 1.477944741e+00 1.782917384e+00 
1.393518519e+00 1.498303442e+00 1.774311532e+00 
1.446566551e+00 1.453708192e+00 1.736445783e+00 
1.038580440e+00 1.215220553e+00 1.327882960e+00 
1.235146412e+00 1.344643723e+00 1.655765921e+00 
1.022762153e+00 1.238487639e+00 1.327882960e+00 
1.649016204e+00 1.613184683e+00 1.887048193e+00 
1.245659722e+00 1.309258362e+00 1.571643718e+00 
1.060185185e+00 1.229277751e+00 1.392641997e+00 
1.211612847e+00 1.366456617e+00 1.578528399e+00 
1.273148148e+00 1.332525448e+00 1.580895009e+00 
1.155092593e+00 1.274842462e+00 1.505163511e+00 
1.747297454e+00 1.734367426e+00 1.940834768e+00 
1.384162616e+00 1.559379544e+00 1.802710843e+00 
1.366512153e+00 1.310712555e+00 1.598321859e+00 
1.158950810e+00 1.352884149e+00 1.526678141e+00 
1.509259259e+00 1.510906447e+00 1.822289157e+00 
1.246045718e+00 1.363548231e+00 1.720524957e+00 
1.310377894e+00 1.343674261e+00 1.655765921e+00 
1.037229745e+00 1.216674746e+00 1.316910499e+00 
1.088638310e+00 1.156568105e+00 1.392641997e+00 
1.438078704e+00 1.444013572e+00 1.729130809e+00 
1.250000000e+00 1.180319922e+00 1.505163511e+00 
1.467785301e+00 1.561803199e+00 1.822289157e+00 
1.812690972e+00 1.843431895e+00 1.946213425e+00 
1.570023148e+00 1.540959767e+00 1.833476764e+00 
1.265046296e+00 1.217159476e+00 1.516135972e+00 
1.089313079e+00 1.172564227e+00 1.430292599e+00 
1.448206019e+00 1.536597189e+00 1.779690189e+00 
1.173418403e+00 1.193892390e+00 1.505163511e+00 
1.004147569e+00 1.135239942e+00 1.000000000e+00 
1.021604745e+00 1.174018420e+00 1.204388985e+00 
1.144097222e+00 1.116335434e+00 1.365533563e+00 
1.004147569e+00 1.144934561e+00 1.139629948e+00 
1.047453704e+00 1.113911779e+00 1.327882960e+00 
1.004147569e+00 1.156568105e+00 1.193416523e+00 
1.041956019e+00 1.101793505e+00 1.204388985e+00 
1.000000000e+00 1.159961222e+00 1.139629948e+00 
1.064428819e+00 1.078526418e+00 1.188253012e+00 
1.041666667e+00 1.000000000e+00 1.000000000e+00 
1.064428819e+00 1.092583616e+00 1.253012048e+00 
1.000000000e+00 1.150266602e+00 1.000000000e+00 
1.046103588e+00 1.115365972e+00 1.316910499e+00 
1.008873264e+00 1.058652448e+00 1.139629948e+00 
1.008873264e+00 1.048957828e+00 1.000000000e+00 
1.041666667e+00 1.014057198e+00 1.064759036e+00 
1.075231481e+00 1.037324285e+00 1.177280551e+00 
1.090856481e+00 1.049927290e+00 1.188253012e+00 

1.528165509e+00 1.551623849e+00 1.822289157e+00 
1.538773148e+00 1.604459525e+00 1.833476764e+00 
1.086516204e+00 1.332525448e+00 1.421041308e+00 
1.580439815e+00 1.748909355e+00 1.940834768e+00 
1.150462963e+00 1.359670383e+00 1.505593804e+00 
1.313464699e+00 1.386815317e+00 1.720524957e+00 
1.155767940e+00 1.310712555e+00 1.558950086e+00 
1.458043981e+00 1.583131362e+00 1.793889845e+00 
1.462094907e+00 1.811924382e+00 1.813683305e+00 
1.475115741e+00 1.618031992e+00 1.887048193e+00 
1.370949074e+00 1.281143965e+00 1.655765921e+00 
1.447337963e+00 1.364032962e+00 1.663080895e+00 
1.444444444e+00 1.509936985e+00 1.729130809e+00 
1.265046296e+00 1.217159476e+00 1.516135972e+00 
1.529513889e+00 1.538051381e+00 1.822289157e+00 
1.166280671e+00 1.265632574e+00 1.467512909e+00 
1.129726273e+00 1.389238972e+00 1.478485370e+00 
1.367476852e+00 1.324769753e+00 1.609294320e+00 
1.515335648e+00 1.588463403e+00 1.808089501e+00 
1.392553819e+00 1.721764421e+00 1.802710843e+00 
1.472800926e+00 1.523509452e+00 1.793889845e+00 
1.299575810e+00 1.359670383e+00 1.643287435e+00 
1.590277778e+00 1.609306835e+00 1.876075731e+00 
1.983796296e+00 1.651963160e+00 1.946213425e+00 
1.237075810e+00 1.367910810e+00 1.663080895e+00 
1.150945023e+00 1.298594280e+00 1.505163511e+00 
1.240548032e+00 1.343189530e+00 1.623709122e+00 
1.619791667e+00 1.728550654e+00 1.946213425e+00 
1.815682870e+00 1.658749394e+00 1.926635112e+00 
1.038580440e+00 1.215220553e+00 1.327882960e+00 
1.044367477e+00 1.252544838e+00 1.392641997e+00 
1.310377894e+00 1.343674261e+00 1.655765921e+00 
1.250000000e+00 1.180319922e+00 1.505163511e+00 
1.500387731e+00 1.498303442e+00 1.768932874e+00 
1.058835069e+00 1.230731944e+00 1.381669535e+00 
1.549189815e+00 1.398933592e+00 1.748924269e+00 
1.252025463e+00 1.258361609e+00 1.543244406e+00 
1.231867477e+00 1.446437227e+00 1.559165232e+00 
1.450038773e+00 1.581192438e+00 1.776032702e+00 
1.542824074e+00 1.460979157e+00 1.793889845e+00 
1.817129630e+00 1.682501212e+00 1.935240964e+00 
1.173418403e+00 1.193892390e+00 1.505163511e+00 
1.037229745e+00 1.216674746e+00 1.316910499e+00 
1.022762153e+00 1.238487639e+00 1.327882960e+00 
1.289351852e+00 1.459524964e+00 1.720524957e+00 
1.088638310e+00 1.156568105e+00 1.392641997e+00 
1.453703704e+00 1.478429472e+00 1.748924269e+00 
1.252893519e+00 1.330586524e+00 1.598321859e+00 
1.155285301e+00 1.257876878e+00 1.438898451e+00 
1.089313079e+00 1.172564227e+00 1.430292599e+00 
1.749421296e+00 1.578284052e+00 1.847676420e+00 
1.607060185e+00 1.721764421e+00 1.926635112e+00 
1.047453704e+00 1.113911779e+00 1.327882960e+00 
1.256365741e+00 1.313136209e+00 1.580895009e+00 
1.000000000e+00 1.159961222e+00 1.139629948e+00 
1.261574074e+00 1.287930199e+00 1.598321859e+00 
1.004147569e+00 1.144934561e+00 1.139629948e+00 
1.144097222e+00 1.116335434e+00 1.365533563e+00 
1.000000000e+00 1.150266602e+00 1.000000000e+00 
1.391203704e+00 1.535142996e+00 1.748924269e+00 
1.060185185e+00 1.229277751e+00 1.392641997e+00 
1.004147569e+00 1.156568105e+00 1.193416523e+00 
1.021604745e+00 1.174018420e+00 1.204388985e+00 
1.046103588e+00 1.115365972e+00 1.316910499e+00 
1.004147569e+00 1.135239942e+00 1.000000000e+00 
1.041956019e+00 1.101793505e+00 1.204388985e+00 
1.064428819e+00 1.078526418e+00 1.188253012e+00 
1.064428819e+00 1.092583616e+00 1.253012048e+00 
1.041666667e+00 1.014057198e+00 1.064759036e+00 
1.041666667e+00 1.000000000e+00 1.000000000e+00 
1.075231481e+00 1.037324285e+00 1.177280551e+00 
1.008873264e+00 1.058652448e+00 1.139629948e+00 
1.008873264e+00 1.048957828e+00 1.000000000e+00 
1.090856481e+00 1.049927290e+00 1.188253012e+00 

1.141685764e+00 1.317498788e+00 1.440834768e+00 
1.701579861e+00 1.622394571e+00 1.881454389e+00 
1.155092593e+00 1.286476006e+00 1.558950086e+00 
1.259259259e+00 1.507513330e+00 1.675774527e+00 
1.531637731e+00 1.625302957e+00 1.926635112e+00 
1.443479745e+00 1.554047504e+00 1.788296041e+00 
1.300347222e+00 1.384391663e+00 1.657487091e+00 
1.614004630e+00 1.611730490e+00 1.860370052e+00 
1.271894097e+00 1.390208434e+00 1.655765921e+00 
1.382523148e+00 1.331071255e+00 1.655765921e+00 
1.197723958e+00 1.385845856e+00 1.591437177e+00 
1.451678241e+00 1.444013572e+00 1.774311532e+00 
1.145640625e+00 1.332525448e+00 1.569922547e+00 
1.128858218e+00 1.347067378e+00 1.485800344e+00 
1.389853588e+00 1.518177412e+00 1.725473322e+00 
1.474151042e+00 1.611730490e+00 1.808089501e+00 
1.173418403e+00 1.193892390e+00 1.505163511e+00 
1.322723958e+00 1.344158992e+00 1.655765921e+00 
1.391203704e+00 1.518662143e+00 1.748924269e+00 
1.482829861e+00 1.755210858e+00 1.822719449e+00 
1.211612847e+00 1.431895298e+00 1.643287435e+00 
1.111303819e+00 1.352399418e+00 1.466006885e+00 
1.155285301e+00 1.271934077e+00 1.503657487e+00 
1.733796296e+00 1.723703345e+00 1.946213425e+00 
1.088927662e+00 1.353853611e+00 1.505163511e+00 
1.460455440e+00 1.572952012e+00 1.793889845e+00 
1.387442130e+00 1.394571013e+00 1.693846816e+00 
1.448109375e+00 1.526417838e+00 1.774311532e+00 
1.088638310e+00 1.156568105e+00 1.392641997e+00 
1.309027778e+00 1.426563257e+00 1.663080895e+00 
1.381558449e+00 1.400872516e+00 1.709552496e+00 
1.501736111e+00 1.438681532e+00 1.748924269e+00 
1.495081019e+00 1.764420746e+00 1.876075731e+00 
1.022762153e+00 1.238487639e+00 1.327882960e+00 
1.191743634e+00 1.280174503e+00 1.523450947e+00 
1.250000000e+00 1.180319922e+00 1.505163511e+00 
1.170138889e+00 1.252544838e+00 1.505163511e+00 
1.392361111e+00 1.257876878e+00 1.543244406e+00 
1.544560185e+00 1.495395056e+00 1.802710843e+00 
1.372974537e+00 1.677653902e+00 1.725473322e+00 
1.038580440e+00 1.215220553e+00 1.327882960e+00 
1.037229745e+00 1.216674746e+00 1.316910499e+00 
1.541087963e+00 1.510906447e+00 1.802710843e+00 
1.060185185e+00 1.229277751e+00 1.392641997e+00 
1.373649884e+00 1.570528357e+00 1.779690189e+00 
1.755787037e+00 1.581677169e+00 1.906841652e+00 
1.431905671e+00 1.628696074e+00 1.793889845e+00 
1.384259259e+00 1.266117305e+00 1.523450947e+00 
1.442708333e+00 1.566650509e+00 1.774311532e+00 
1.089313079e+00 1.172564227e+00 1.430292599e+00 
1.367476852e+00 1.324769753e+00 1.609294320e+00 
1.265046296e+00 1.217159476e+00 1.516135972e+00 
1.289351852e+00 1.459524964e+00 1.720524957e+00 
1.058835069e+00 1.230731944e+00 1.381669535e+00 
1.680555556e+00 1.562772661e+00 1.808089501e+00 
1.261574074e+00 1.287930199e+00 1.598321859e+00 
1.777777778e+00 1.696558410e+00 1.935240964e+00 
1.044367477e+00 1.252544838e+00 1.392641997e+00 
1.741608796e+00 1.601551139e+00 1.813683305e+00 
1.047453704e+00 1.113911779e+00 1.327882960e+00 
1.064428819e+00 1.078526418e+00 1.188253012e+00 
1.004147569e+00 1.144934561e+00 1.139629948e+00 
1.144097222e+00 1.116335434e+00 1.365533563e+00 
1.407407407e+00 1.448376151e+00 1.741824441e+00 
1.064428819e+00 1.092583616e+00 1.253012048e+00 
1.000000000e+00 1.159961222e+00 1.139629948e+00 
1.004147569e+00 1.156568105e+00 1.193416523e+00 
1.004147569e+00 1.135239942e+00 1.000000000e+00 
1.041956019e+00 1.101793505e+00 1.204388985e+00 
1.000000000e+00 1.150266602e+00 1.000000000e+00 
1.090856481e+00 1.049927290e+00 1.188253012e+00 
1.046103588e+00 1.115365972e+00 1.316910499e+00 
1.008873264e+00 1.058652448e+00 1.139629948e+00 
1.041666667e+00 1.000000000e+00 1.000000000e+00 
1.021604745e+00 1.174018420e+00 1.204388985e+00 
1.075231481e+00 1.037324285e+00 1.177280551e+00 
1.008873264e+00 1.048957828e+00 1.000000000e+00 
1.041666667e+00 1.014057198e+00 1.064759036e+00 

1.528935185e+00 1.488124091e+00 1.748924269e+00 
1.679976852e+00 1.575375667e+00 1.872848537e+00 
1.143904514e+00 1.339796413e+00 1.478485370e+00 
1.329282407e+00 1.493456132e+00 1.729130809e+00 
1.310377894e+00 1.343674261e+00 1.655765921e+00 
1.358217593e+00 1.378574891e+00 1.709552496e+00 
1.409722222e+00 1.444498303e+00 1.729130809e+00 
1.141685764e+00 1.317498788e+00 1.440834768e+00 
1.181134259e+00 1.410567135e+00 1.720524957e+00 
1.682002315e+00 1.746000969e+00 1.926635112e+00 
1.367476852e+00 1.301017935e+00 1.609294320e+00 
1.202932292e+00 1.409112942e+00 1.591437177e+00 
1.210840856e+00 1.336888027e+00 1.580895009e+00 
1.037229745e+00 1.216674746e+00 1.316910499e+00 
1.362268519e+00 1.306834707e+00 1.589500861e+00 
1.250000000e+00 1.180319922e+00 1.505163511e+00 
1.145640625e+00 1.332525448e+00 1.569922547e+00 
1.291859375e+00 1.311682016e+00 1.598321859e+00 
1.293788773e+00 1.500242365e+00 1.793889845e+00 
1.288194444e+00 1.293746970e+00 1.578528399e+00 
1.560763889e+00 1.443528841e+00 1.747418244e+00 
1.674768519e+00 1.711100339e+00 1.887048193e+00 
1.108120949e+00 1.346582647e+00 1.485800344e+00 
1.166280671e+00 1.265632574e+00 1.467512909e+00 
1.170138889e+00 1.252544838e+00 1.505163511e+00 
1.265046296e+00 1.217159476e+00 1.516135972e+00 
1.547164352e+00 1.648570044e+00 1.881454389e+00 
1.089313079e+00 1.172564227e+00 1.430292599e+00 
1.524693287e+00 1.566165778e+00 1.808089501e+00 
1.369212963e+00 1.297624818e+00 1.598321859e+00 
1.044367477e+00 1.252544838e+00 1.392641997e+00 
1.708333333e+00 1.525448376e+00 1.808089501e+00 
1.600885417e+00 1.840523509e+00 1.940834768e+00 
1.598958333e+00 1.585070286e+00 1.822289157e+00 
1.311342593e+00 1.273873000e+00 1.580895009e+00 
1.155285301e+00 1.257876878e+00 1.438898451e+00 
1.022762153e+00 1.238487639e+00 1.327882960e+00 
1.780671296e+00 1.727096461e+00 1.906841652e+00 
1.445601852e+00 1.377120698e+00 1.720524957e+00 
1.038580440e+00 1.215220553e+00 1.327882960e+00 
1.754629630e+00 1.737760543e+00 1.946213425e+00 
1.173997106e+00 1.236548715e+00 1.569922547e+00 
1.058835069e+00 1.230731944e+00 1.381669535e+00 
1.088638310e+00 1.156568105e+00 1.392641997e+00 
1.370949074e+00 1.281143965e+00 1.655765921e+00 
1.004147569e+00 1.156568105e+00 1.193416523e+00 
1.021604745e+00 1.174018420e+00 1.204388985e+00 
1.173418403e+00 1.193892390e+00 1.505163511e+00 
1.000000000e+00 1.150266602e+00 1.000000000e+00 
1.046103588e+00 1.115365972e+00 1.316910499e+00 
1.041956019e+00 1.101793505e+00 1.204388985e+00 
1.004147569e+00 1.135239942e+00 1.000000000e+00 
1.047453704e+00 1.113911779e+00 1.327882960e+00 
1.004147569e+00 1.144934561e+00 1.139629948e+00 
1.488813657e+00 1.591371789e+00 1.872848537e+00 
1.158372106e+00 1.317983519e+00 1.467512909e+00 
1.144097222e+00 1.116335434e+00 1.365533563e+00 
1.060185185e+00 1.229277751e+00 1.392641997e+00 
1.041666667e+00 1.014057198e+00 1.064759036e+00 
1.041666667e+00 1.000000000e+00 1.000000000e+00 
1.000000000e+00 1.159961222e+00 1.139629948e+00 
1.008873264e+00 1.048957828e+00 1.000000000e+00 
1.064428819e+00 1.078526418e+00 1.188253012e+00 
1.075231481e+00 1.037324285e+00 1.177280551e+00 
1.008873264e+00 1.058652448e+00 1.139629948e+00 
1.090856481e+00 1.049927290e+00 1.188253012e+00 
1.064428819e+00 1.092583616e+00 1.253012048e+00 

1.385127315e+00 1.471158507e+00 1.748924269e+00 
1.170138889e+00 1.252544838e+00 1.505163511e+00 
1.145640625e+00 1.332525448e+00 1.569922547e+00 
1.511574074e+00 1.492486670e+00 1.822289157e+00 
1.511961806e+00 1.761997092e+00 1.867469880e+00 
1.529513889e+00 1.448376151e+00 1.748924269e+00 
1.417438079e+00 1.461463888e+00 1.748924269e+00 
1.260030671e+00 1.366941348e+00 1.625430293e+00 
1.108120949e+00 1.346582647e+00 1.485800344e+00 
1.332368634e+00 1.440620456e+00 1.714931153e+00 
1.089313079e+00 1.172564227e+00 1.430292599e+00 
1.256365741e+00 1.313136209e+00 1.580895009e+00 
1.124807292e+00 1.274357731e+00 1.435456110e+00 
1.150945023e+00 1.298594280e+00 1.505163511e+00 
1.273340856e+00 1.458070771e+00 1.729130809e+00 
1.686730324e+00 1.777508483e+00 1.946213425e+00 
1.312500000e+00 1.344158992e+00 1.655765921e+00 
1.360243056e+00 1.354338342e+00 1.663080895e+00 
1.284914931e+00 1.386815317e+00 1.655765921e+00 
1.413194444e+00 1.424624333e+00 1.720524957e+00 
1.088638310e+00 1.156568105e+00 1.392641997e+00 
1.250000000e+00 1.180319922e+00 1.505163511e+00 
1.564814815e+00 1.671352399e+00 1.842082616e+00 
1.261574074e+00 1.287930199e+00 1.598321859e+00 
1.340856481e+00 1.513814833e+00 1.813683305e+00 
1.525462963e+00 1.693650024e+00 1.833476764e+00 
1.328125000e+00 1.401841978e+00 1.671686747e+00 
1.506365741e+00 1.387784779e+00 1.671686747e+00 
1.382523148e+00 1.331071255e+00 1.655765921e+00 
1.451388889e+00 1.280659234e+00 1.564328744e+00 
1.271990741e+00 1.333979641e+00 1.623709122e+00 
1.408950810e+00 1.440135725e+00 1.709552496e+00 
1.155092593e+00 1.286476006e+00 1.558950086e+00 
1.368055556e+00 1.325254484e+00 1.609294320e+00 
1.595295139e+00 1.603974794e+00 1.881454389e+00 
1.166280671e+00 1.265632574e+00 1.467512909e+00 
1.022762153e+00 1.238487639e+00 1.327882960e+00 
1.467978588e+00 1.634512845e+00 1.822289157e+00 
1.425925926e+00 1.443528841e+00 1.729130809e+00 
1.211612847e+00 1.366456617e+00 1.578528399e+00 
1.731192130e+00 1.638875424e+00 1.940834768e+00 
1.037229745e+00 1.216674746e+00 1.316910499e+00 
1.173418403e+00 1.193892390e+00 1.505163511e+00 
1.644484954e+00 1.659718856e+00 1.887048193e+00 
1.064428819e+00 1.092583616e+00 1.253012048e+00 
1.360725116e+00 1.504604944e+00 1.813683305e+00 
1.406250000e+00 1.438681532e+00 1.682659208e+00 
1.004147569e+00 1.135239942e+00 1.000000000e+00 
1.265046296e+00 1.217159476e+00 1.516135972e+00 
1.254629630e+00 1.323315560e+00 1.569922547e+00 
1.527488426e+00 1.675714978e+00 1.867469880e+00 
1.021604745e+00 1.174018420e+00 1.204388985e+00 
1.038580440e+00 1.215220553e+00 1.327882960e+00 
1.044367477e+00 1.252544838e+00 1.392641997e+00 
1.058835069e+00 1.230731944e+00 1.381669535e+00 
1.046103588e+00 1.115365972e+00 1.316910499e+00 
1.143904514e+00 1.339796413e+00 1.478485370e+00 
1.000000000e+00 1.159961222e+00 1.139629948e+00 
1.144097222e+00 1.116335434e+00 1.365533563e+00 
1.041956019e+00 1.101793505e+00 1.204388985e+00 
1.004147569e+00 1.144934561e+00 1.139629948e+00 
1.000000000e+00 1.150266602e+00 1.000000000e+00 
1.047453704e+00 1.113911779e+00 1.327882960e+00 
1.004147569e+00 1.156568105e+00 1.193416523e+00 
1.064428819e+00 1.078526418e+00 1.188253012e+00 
1.075231481e+00 1.037324285e+00 1.177280551e+00 
1.008873264e+00 1.058652448e+00 1.139629948e+00 
1.041666667e+00 1.000000000e+00 1.000000000e+00 
1.008873264e+00 1.048957828e+00 1.000000000e+00 
1.041666667e+00 1.014057198e+00 1.064759036e+00 
1.090856481e+00 1.049927290e+00 1.188253012e+00 

1.445023148e+00 1.328162870e+00 1.632314974e+00 
1.311342593e+00 1.273873000e+00 1.580895009e+00 
1.235146412e+00 1.344643723e+00 1.655765921e+00 
1.221161458e+00 1.307319438e+00 1.543244406e+00 
1.489583333e+00 1.452253999e+00 1.748924269e+00 
1.423803819e+00 1.698497334e+00 1.847676420e+00 
1.368055556e+00 1.571982550e+00 1.733218589e+00 
1.038580440e+00 1.215220553e+00 1.327882960e+00 
1.394097222e+00 1.601551139e+00 1.779690189e+00 
1.180362847e+00 1.400872516e+00 1.720524957e+00 
1.157600116e+00 1.322346098e+00 1.532271945e+00 
1.638310185e+00 1.643722734e+00 1.867469880e+00 
1.250000000e+00 1.180319922e+00 1.505163511e+00 
1.456789931e+00 1.544352884e+00 1.748924269e+00 
1.444444444e+00 1.336888027e+00 1.591437177e+00 
1.497685185e+00 1.631604460e+00 1.808089501e+00 
1.191743634e+00 1.280174503e+00 1.523450947e+00 
1.929976852e+00 1.619970916e+00 1.822719449e+00 
1.159722222e+00 1.330586524e+00 1.543244406e+00 
1.655092593e+00 1.624818226e+00 1.867469880e+00 
1.044367477e+00 1.252544838e+00 1.392641997e+00 
1.265046296e+00 1.217159476e+00 1.516135972e+00 
1.646412037e+00 1.748424624e+00 1.940834768e+00 
1.571759259e+00 1.648570044e+00 1.926635112e+00 
1.421585648e+00 1.678623364e+00 1.793889845e+00 
1.439236111e+00 1.377605429e+00 1.663080895e+00 
1.660879630e+00 1.714493456e+00 1.946213425e+00 
1.022762153e+00 1.238487639e+00 1.327882960e+00 
1.483987269e+00 1.740668929e+00 1.881454389e+00 
1.089313079e+00 1.172564227e+00 1.430292599e+00 
1.145640625e+00 1.332525448e+00 1.569922547e+00 
1.166280671e+00 1.265632574e+00 1.467512909e+00 
1.089313079e+00 1.158507029e+00 1.365533563e+00 
1.219135995e+00 1.262239457e+00 1.516135972e+00 
1.252025463e+00 1.258361609e+00 1.543244406e+00 
1.181905671e+00 1.215220553e+00 1.478485370e+00 
1.059992477e+00 1.295201163e+00 1.505163511e+00 
1.312500000e+00 1.344158992e+00 1.655765921e+00 
1.271026042e+00 1.310227824e+00 1.558950086e+00 
1.528356481e+00 1.538536112e+00 1.822289157e+00 
1.126157407e+00 1.272903539e+00 1.446428571e+00 
1.464699074e+00 1.554532235e+00 1.788296041e+00 
1.155285301e+00 1.257876878e+00 1.438898451e+00 
1.047453704e+00 1.113911779e+00 1.327882960e+00 
1.060185185e+00 1.229277751e+00 1.392641997e+00 
1.037229745e+00 1.216674746e+00 1.316910499e+00 
1.004147569e+00 1.135239942e+00 1.000000000e+00 
1.064428819e+00 1.078526418e+00 1.188253012e+00 
1.041956019e+00 1.101793505e+00 1.204388985e+00 
1.200424190e+00 1.276296655e+00 1.505163511e+00 
1.320891204e+00 1.544352884e+00 1.729130809e+00 
1.004147569e+00 1.156568105e+00 1.193416523e+00 
1.000000000e+00 1.150266602e+00 1.000000000e+00 
1.179976852e+00 1.264663112e+00 1.478485370e+00 
1.000000000e+00 1.159961222e+00 1.139629948e+00 
1.064428819e+00 1.092583616e+00 1.253012048e+00 
1.537615741e+00 1.515753757e+00 1.768717728e+00 
1.021604745e+00 1.174018420e+00 1.204388985e+00 
1.430555556e+00 1.526417838e+00 1.729130809e+00 
1.424671875e+00 1.656325739e+00 1.790232358e+00 
1.004147569e+00 1.144934561e+00 1.139629948e+00 
1.046103588e+00 1.115365972e+00 1.316910499e+00 
1.144097222e+00 1.116335434e+00 1.365533563e+00 
1.041666667e+00 1.014057198e+00 1.064759036e+00 
1.075231481e+00 1.037324285e+00 1.177280551e+00 
1.058835069e+00 1.230731944e+00 1.381669535e+00 
1.008873264e+00 1.058652448e+00 1.139629948e+00 
1.041666667e+00 1.000000000e+00 1.000000000e+00 
1.090856481e+00 1.049927290e+00 1.188253012e+00 
1.008873264e+00 1.048957828e+00 1.000000000e+00 

1.571568287e+00 1.648085313e+00 1.881454389e+00 
1.158372106e+00 1.363548231e+00 1.564328744e+00 
1.219135995e+00 1.262239457e+00 1.516135972e+00 
1.173418403e+00 1.193892390e+00 1.505163511e+00 
1.384259259e+00 1.266117305e+00 1.523450947e+00 
1.602430556e+00 1.654871546e+00 1.906841652e+00 
1.089313079e+00 1.172564227e+00 1.430292599e+00 
1.392361111e+00 1.257876878e+00 1.543244406e+00 
1.479745370e+00 1.419292293e+00 1.782917384e+00 
1.306520255e+00 1.387300048e+00 1.720524957e+00 
1.219135995e+00 1.271934077e+00 1.655765921e+00 
1.370370370e+00 1.547261270e+00 1.768717728e+00 
1.161458333e+00 1.309258362e+00 1.569922547e+00 
1.832175926e+00 1.796897722e+00 1.946213425e+00 
1.445601852e+00 1.377120698e+00 1.720524957e+00 
1.155092593e+00 1.286476006e+00 1.558950086e+00 
1.426504630e+00 1.561803199e+00 1.822289157e+00 
1.265046296e+00 1.217159476e+00 1.516135972e+00 
1.388696181e+00 1.540475036e+00 1.736445783e+00 
1.088927662e+00 1.353853611e+00 1.505163511e+00 
1.615931713e+00 1.632573921e+00 1.881454389e+00 
1.059992477e+00 1.299563742e+00 1.430292599e+00 
1.060185185e+00 1.229277751e+00 1.392641997e+00 
1.682002315e+00 1.711100339e+00 1.940834768e+00 
1.191743634e+00 1.280174503e+00 1.523450947e+00 
1.678819444e+00 1.627241881e+00 1.887048193e+00 
1.022762153e+00 1.238487639e+00 1.327882960e+00 
1.424768519e+00 1.583616093e+00 1.782917384e+00 
1.204861111e+00 1.320891905e+00 1.655765921e+00 
1.423032407e+00 1.538051381e+00 1.776032702e+00 
1.191454282e+00 1.451769268e+00 1.597030981e+00 
1.578125000e+00 1.732913233e+00 1.887048193e+00 
1.570023148e+00 1.604459525e+00 1.833476764e+00 
1.376928819e+00 1.516723219e+00 1.729130809e+00 
1.250000000e+00 1.180319922e+00 1.505163511e+00 
1.143904514e+00 1.339796413e+00 1.478485370e+00 
1.166280671e+00 1.265632574e+00 1.467512909e+00 
1.630208333e+00 1.623364033e+00 1.872848537e+00 
1.088638310e+00 1.156568105e+00 1.392641997e+00 
1.004147569e+00 1.135239942e+00 1.000000000e+00 
1.058835069e+00 1.230731944e+00 1.381669535e+00 
1.150945023e+00 1.298594280e+00 1.505163511e+00 
1.540318287e+00 1.639844886e+00 1.847676420e+00 
1.397762153e+00 1.589917596e+00 1.774311532e+00 
1.064428819e+00 1.078526418e+00 1.188253012e+00 
1.170138889e+00 1.252544838e+00 1.505163511e+00 
1.037229745e+00 1.216674746e+00 1.316910499e+00 
1.257233796e+00 1.601551139e+00 1.659423408e+00 
1.108120949e+00 1.346582647e+00 1.485800344e+00 
1.438078704e+00 1.516238488e+00 1.729130809e+00 
1.000000000e+00 1.150266602e+00 1.000000000e+00 
1.021604745e+00 1.174018420e+00 1.204388985e+00 
1.144097222e+00 1.116335434e+00 1.365533563e+00 
1.038580440e+00 1.215220553e+00 1.327882960e+00 
1.041956019e+00 1.101793505e+00 1.204388985e+00 
1.064428819e+00 1.092583616e+00 1.253012048e+00 
1.004147569e+00 1.144934561e+00 1.139629948e+00 
1.044367477e+00 1.252544838e+00 1.392641997e+00 
1.047453704e+00 1.113911779e+00 1.327882960e+00 
1.000000000e+00 1.159961222e+00 1.139629948e+00 
1.004147569e+00 1.156568105e+00 1.193416523e+00 
1.046103588e+00 1.115365972e+00 1.316910499e+00 
1.357831597e+00 1.367426079e+00 1.663080895e+00 
1.041666667e+00 1.000000000e+00 1.000000000e+00 
1.090856481e+00 1.049927290e+00 1.188253012e+00 
1.075231481e+00 1.037324285e+00 1.177280551e+00 
1.008873264e+00 1.048957828e+00 1.000000000e+00 
1.041666667e+00 1.014057198e+00 1.064759036e+00 
1.008873264e+00 1.058652448e+00 1.139629948e+00 
1.110339699e+00 1.296170625e+00 1.446428571e+00 

1.513888889e+00 1.381968008e+00 1.714931153e+00 
1.473958333e+00 1.398448861e+00 1.748924269e+00 
1.485144676e+00 1.509452254e+00 1.808089501e+00 
1.204861111e+00 1.320891905e+00 1.655765921e+00 
1.145640625e+00 1.332525448e+00 1.569922547e+00 
1.421682292e+00 1.558894813e+00 1.808089501e+00 
1.307870370e+00 1.440620456e+00 1.663080895e+00 
1.430169560e+00 1.531265148e+00 1.774311532e+00 
1.460648148e+00 1.486185167e+00 1.802710843e+00 
1.478587963e+00 1.661173049e+00 1.842082616e+00 
1.593460648e+00 1.715462918e+00 1.940834768e+00 
1.353780671e+00 1.461948619e+00 1.748924269e+00 
1.037229745e+00 1.216674746e+00 1.316910499e+00 
1.514756944e+00 1.706253030e+00 1.935240964e+00 
1.473765625e+00 1.518662143e+00 1.813683305e+00 
1.155285301e+00 1.257876878e+00 1.438898451e+00 
1.170138889e+00 1.252544838e+00 1.505163511e+00 
1.265046296e+00 1.217159476e+00 1.516135972e+00 
1.553530093e+00 1.565681047e+00 1.881454389e+00 
1.110532407e+00 1.367910810e+00 1.569922547e+00 
1.538582176e+00 1.678138633e+00 1.876075731e+00 
1.331115162e+00 1.403296171e+00 1.663080895e+00 
1.173418403e+00 1.193892390e+00 1.505163511e+00 
1.166280671e+00 1.265632574e+00 1.467512909e+00 
1.742476852e+00 1.673291323e+00 1.935240964e+00 
1.059992477e+00 1.295201163e+00 1.505163511e+00 
1.409914931e+00 1.555016966e+00 1.788296041e+00 
1.311728588e+00 1.419777024e+00 1.720524957e+00 
1.044367477e+00 1.252544838e+00 1.392641997e+00 
1.058835069e+00 1.230731944e+00 1.381669535e+00 
1.642939815e+00 1.555016966e+00 1.833476764e+00 
1.060185185e+00 1.229277751e+00 1.392641997e+00 
1.219135995e+00 1.271934077e+00 1.655765921e+00 
1.155092593e+00 1.274842462e+00 1.505163511e+00 
1.173997106e+00 1.236548715e+00 1.569922547e+00 
1.038580440e+00 1.215220553e+00 1.327882960e+00 
1.391685764e+00 1.666020359e+00 1.802710843e+00 
1.124807292e+00 1.274357731e+00 1.435456110e+00 
1.545138889e+00 1.597188560e+00 1.853055077e+00 
1.021604745e+00 1.174018420e+00 1.204388985e+00 
1.250000000e+00 1.180319922e+00 1.505163511e+00 
1.022762153e+00 1.238487639e+00 1.327882960e+00 
1.144097222e+00 1.116335434e+00 1.365533563e+00 
1.736880787e+00 1.796897722e+00 1.946213425e+00 
1.670717593e+00 1.883664566e+00 1.946213425e+00 
1.088638310e+00 1.156568105e+00 1.392641997e+00 
1.004147569e+00 1.135239942e+00 1.000000000e+00 
1.046103588e+00 1.115365972e+00 1.316910499e+00 
1.089313079e+00 1.172564227e+00 1.430292599e+00 
1.064428819e+00 1.078526418e+00 1.188253012e+00 
1.000000000e+00 1.150266602e+00 1.000000000e+00 
1.000000000e+00 1.159961222e+00 1.139629948e+00 
1.004147569e+00 1.156568105e+00 1.193416523e+00 
1.064428819e+00 1.092583616e+00 1.253012048e+00 
1.004147569e+00 1.144934561e+00 1.139629948e+00 
1.041956019e+00 1.101793505e+00 1.204388985e+00 
1.008873264e+00 1.048957828e+00 1.000000000e+00 
1.041666667e+00 1.000000000e+00 1.000000000e+00 
1.090856481e+00 1.049927290e+00 1.188253012e+00 
1.047453704e+00 1.113911779e+00 1.327882960e+00 
1.075231481e+00 1.037324285e+00 1.177280551e+00 
1.041666667e+00 1.014057198e+00 1.064759036e+00 
1.008873264e+00 1.058652448e+00 1.139629948e+00 

1.160300926e+00 1.351429956e+00 1.537650602e+00 
1.188464699e+00 1.430925836e+00 1.602409639e+00 
1.211323495e+00 1.295201163e+00 1.569922547e+00 
1.530092593e+00 1.368395540e+00 1.714931153e+00 
1.155285301e+00 1.257876878e+00 1.438898451e+00 
1.660879630e+00 1.541444498e+00 1.795611015e+00 
1.297453704e+00 1.301987397e+00 1.609294320e+00 
1.222029514e+00 1.278720310e+00 1.537650602e+00 
1.592303241e+00 1.668444014e+00 1.887048193e+00 
1.436149884e+00 1.701405720e+00 1.801204819e+00 
1.265046296e+00 1.217159476e+00 1.516135972e+00 
1.405864005e+00 1.563257392e+00 1.748924269e+00 
1.291859375e+00 1.311682016e+00 1.598321859e+00 
1.559895833e+00 1.697527872e+00 1.935240964e+00 
1.544658565e+00 1.725157538e+00 1.940834768e+00 
1.660879630e+00 1.586039748e+00 1.881454389e+00 
1.211612847e+00 1.366456617e+00 1.578528399e+00 
1.059992477e+00 1.295201163e+00 1.505163511e+00 
1.357831597e+00 1.400387785e+00 1.674053356e+00 
1.293595486e+00 1.344158992e+00 1.655765921e+00 
1.443094329e+00 1.590402327e+00 1.833476764e+00 
1.690682870e+00 1.556955889e+00 1.813683305e+00 
1.412808449e+00 1.388269510e+00 1.748924269e+00 
1.316358218e+00 1.466795928e+00 1.729130809e+00 
1.037229745e+00 1.216674746e+00 1.316910499e+00 
1.088638310e+00 1.156568105e+00 1.392641997e+00 
1.166280671e+00 1.265632574e+00 1.467512909e+00 
1.522858796e+00 1.677653902e+00 1.887048193e+00 
1.173418403e+00 1.193892390e+00 1.505163511e+00 
1.370949074e+00 1.281143965e+00 1.655765921e+00 
1.498842593e+00 1.501696558e+00 1.782917384e+00 
1.123167245e+00 1.287930199e+00 1.435456110e+00 
1.303240741e+00 1.234609792e+00 1.589500861e+00 
1.219135995e+00 1.262239457e+00 1.516135972e+00 
1.161458333e+00 1.309258362e+00 1.569922547e+00 
1.237268519e+00 1.277750848e+00 1.558950086e+00 
1.250000000e+00 1.180319922e+00 1.505163511e+00 
1.227044560e+00 1.355792535e+00 1.580895009e+00 
1.696180556e+00 1.643238003e+00 1.935240964e+00 
1.713541667e+00 1.571013088e+00 1.822289157e+00 
1.038580440e+00 1.215220553e+00 1.327882960e+00 
1.022762153e+00 1.238487639e+00 1.327882960e+00 
1.599537037e+00 1.773630635e+00 1.946213425e+00 
1.170138889e+00 1.252544838e+00 1.505163511e+00 
1.235146412e+00 1.344643723e+00 1.655765921e+00 
1.044367477e+00 1.252544838e+00 1.392641997e+00 
1.594328704e+00 1.596219098e+00 1.876075731e+00 
1.569444444e+00 1.567135240e+00 1.813683305e+00 
1.686533565e+00 1.696558410e+00 1.935240964e+00 
1.638888889e+00 1.530780417e+00 1.788296041e+00 
1.047453704e+00 1.113911779e+00 1.327882960e+00 
1.144097222e+00 1.116335434e+00 1.365533563e+00 
1.158372106e+00 1.332040717e+00 1.532271945e+00 
1.143904514e+00 1.353853611e+00 1.543244406e+00 
1.608605324e+00 1.586524479e+00 1.822289157e+00 
1.369212963e+00 1.287930199e+00 1.598321859e+00 
1.271412037e+00 1.309258362e+00 1.571643718e+00 
1.021604745e+00 1.174018420e+00 1.204388985e+00 
1.058835069e+00 1.230731944e+00 1.381669535e+00 
1.046103588e+00 1.115365972e+00 1.316910499e+00 
1.004147569e+00 1.144934561e+00 1.139629948e+00 
1.041956019e+00 1.101793505e+00 1.204388985e+00 
1.060185185e+00 1.229277751e+00 1.392641997e+00 
1.004147569e+00 1.135239942e+00 1.000000000e+00 
1.089313079e+00 1.172564227e+00 1.430292599e+00 
1.000000000e+00 1.150266602e+00 1.000000000e+00 
1.004147569e+00 1.156568105e+00 1.193416523e+00 
1.423418403e+00 1.532234610e+00 1.793889845e+00 
1.041666667e+00 1.000000000e+00 1.000000000e+00 
1.090856481e+00 1.049927290e+00 1.188253012e+00 
1.064428819e+00 1.092583616e+00 1.253012048e+00 
1.000000000e+00 1.159961222e+00 1.139629948e+00 
1.075231481e+00 1.037324285e+00 1.177280551e+00 
1.008873264e+00 1.048957828e+00 1.000000000e+00 
1.008873264e+00 1.058652448e+00 1.139629948e+00 
1.064428819e+00 1.078526418e+00 1.188253012e+00 
1.041666667e+00 1.014057198e+00 1.064759036e+00 

1.557870370e+00 1.475521086e+00 1.808089501e+00 
1.673032407e+00 1.641783810e+00 1.946213425e+00 
1.560185185e+00 1.514299564e+00 1.813683305e+00 
1.265239005e+00 1.440135725e+00 1.625430293e+00 
1.367476852e+00 1.301017935e+00 1.609294320e+00 
1.044367477e+00 1.252544838e+00 1.392641997e+00 
1.088927662e+00 1.353853611e+00 1.505163511e+00 
1.479745370e+00 1.541929229e+00 1.782917384e+00 
1.128858218e+00 1.347067378e+00 1.485800344e+00 
1.303240741e+00 1.234609792e+00 1.589500861e+00 
1.211612847e+00 1.366456617e+00 1.578528399e+00 
1.642939815e+00 1.740668929e+00 1.946213425e+00 
1.318673032e+00 1.564226854e+00 1.675774527e+00 
1.439428819e+00 1.574890936e+00 1.822289157e+00 
1.265046296e+00 1.217159476e+00 1.516135972e+00 
1.359567708e+00 1.394571013e+00 1.729130809e+00 
1.173418403e+00 1.193892390e+00 1.505163511e+00 
1.285300926e+00 1.433349491e+00 1.640060241e+00 
1.173997106e+00 1.236548715e+00 1.569922547e+00 
1.088638310e+00 1.156568105e+00 1.392641997e+00 
1.461034144e+00 1.507028599e+00 1.779690189e+00 
1.150945023e+00 1.298594280e+00 1.505163511e+00 
1.620081019e+00 1.545322346e+00 1.847676420e+00 
1.669560185e+00 1.521085797e+00 1.822289157e+00 
1.634259259e+00 1.494910325e+00 1.813683305e+00 
1.377025463e+00 1.545322346e+00 1.802710843e+00 
1.125192708e+00 1.352399418e+00 1.466006885e+00 
1.091917245e+00 1.350460494e+00 1.446428571e+00 
1.425347222e+00 1.300533204e+00 1.654259897e+00 
1.557482639e+00 1.667474552e+00 1.887048193e+00 
1.143904514e+00 1.353853611e+00 1.543244406e+00 
1.302758681e+00 1.330586524e+00 1.663080895e+00 
1.022762153e+00 1.238487639e+00 1.327882960e+00 
1.158372106e+00 1.363548231e+00 1.564328744e+00 
1.592881944e+00 1.727581192e+00 1.906841652e+00 
1.060185185e+00 1.229277751e+00 1.392641997e+00 
1.166280671e+00 1.265632574e+00 1.467512909e+00 
1.170138889e+00 1.252544838e+00 1.505163511e+00 
1.412808449e+00 1.388269510e+00 1.748924269e+00 
1.546105324e+00 1.647115851e+00 1.876075731e+00 
1.643130787e+00 1.711100339e+00 1.940834768e+00 
1.037229745e+00 1.216674746e+00 1.316910499e+00 
1.089313079e+00 1.172564227e+00 1.430292599e+00 
1.261574074e+00 1.287930199e+00 1.598321859e+00 
1.227044560e+00 1.355792535e+00 1.580895009e+00 
1.297453704e+00 1.374697043e+00 1.609294320e+00 
1.602141204e+00 1.605913718e+00 1.861876076e+00 
1.341145833e+00 1.442074649e+00 1.709552496e+00 
1.695312500e+00 1.589432865e+00 1.940834768e+00 
1.446469907e+00 1.558894813e+00 1.808089501e+00 
1.319637153e+00 1.483276781e+00 1.720524957e+00 
1.038580440e+00 1.215220553e+00 1.327882960e+00 
1.658564815e+00 1.604944256e+00 1.876075731e+00 
1.064428819e+00 1.078526418e+00 1.188253012e+00 
1.047453704e+00 1.113911779e+00 1.327882960e+00 
1.064428819e+00 1.092583616e+00 1.253012048e+00 
1.000000000e+00 1.159961222e+00 1.139629948e+00 
1.004147569e+00 1.135239942e+00 1.000000000e+00 
1.041956019e+00 1.101793505e+00 1.204388985e+00 
1.004147569e+00 1.156568105e+00 1.193416523e+00 
1.058835069e+00 1.230731944e+00 1.381669535e+00 
1.144097222e+00 1.116335434e+00 1.365533563e+00 
1.250000000e+00 1.180319922e+00 1.505163511e+00 
1.000000000e+00 1.150266602e+00 1.000000000e+00 
1.046103588e+00 1.115365972e+00 1.316910499e+00 
1.004147569e+00 1.144934561e+00 1.139629948e+00 
1.090856481e+00 1.049927290e+00 1.188253012e+00 
1.362075810e+00 1.721279690e+00 1.768932874e+00 
1.008873264e+00 1.058652448e+00 1.139629948e+00 
1.008873264e+00 1.048957828e+00 1.000000000e+00 
1.041666667e+00 1.014057198e+00 1.064759036e+00 
1.075231481e+00 1.037324285e+00 1.177280551e+00 
1.041666667e+00 1.000000000e+00 1.000000000e+00 
1.021604745e+00 1.174018420e+00 1.204388985e+00 

1.350694444e+00 1.437227339e+00 1.709552496e+00 
1.589508102e+00 1.624818226e+00 1.861876076e+00 
1.367669560e+00 1.433834222e+00 1.720524957e+00 
1.204861111e+00 1.320891905e+00 1.655765921e+00 
1.277585069e+00 1.408143480e+00 1.657487091e+00 
1.623072917e+00 1.697527872e+00 1.881454389e+00 
1.543981481e+00 1.700920989e+00 1.867469880e+00 
1.088638310e+00 1.156568105e+00 1.392641997e+00 
1.360918403e+00 1.516723219e+00 1.729130809e+00 
1.419560185e+00 1.431410567e+00 1.748924269e+00 
1.468364005e+00 1.575375667e+00 1.822289157e+00 
1.081597222e+00 1.309258362e+00 1.569922547e+00 
1.295331597e+00 1.536597189e+00 1.714931153e+00 
1.181134259e+00 1.396509937e+00 1.655765921e+00 
1.714508102e+00 1.836160931e+00 1.946213425e+00 
1.616319444e+00 1.598642753e+00 1.842082616e+00 
1.155767940e+00 1.299079011e+00 1.505163511e+00 
1.219135995e+00 1.271934077e+00 1.655765921e+00 
1.166280671e+00 1.265632574e+00 1.467512909e+00 
1.620949074e+00 1.671837130e+00 1.867469880e+00 
1.265046296e+00 1.217159476e+00 1.516135972e+00 
1.528356481e+00 1.465826466e+00 1.822289157e+00 
1.589988426e+00 1.606398449e+00 1.853055077e+00 
1.037229745e+00 1.216674746e+00 1.316910499e+00 
1.173418403e+00 1.193892390e+00 1.505163511e+00 
1.058835069e+00 1.230731944e+00 1.381669535e+00 
1.716047454e+00 1.803683955e+00 1.926635112e+00 
1.124807292e+00 1.274357731e+00 1.435456110e+00 
1.358603588e+00 1.526417838e+00 1.714931153e+00 
1.089313079e+00 1.172564227e+00 1.430292599e+00 
1.328125000e+00 1.401841978e+00 1.671686747e+00 
1.647957176e+00 1.747455162e+00 1.887048193e+00 
1.155285301e+00 1.271934077e+00 1.503657487e+00 
1.451388889e+00 1.487154629e+00 1.793889845e+00 
1.583721065e+00 1.680562288e+00 1.872848537e+00 
1.038580440e+00 1.215220553e+00 1.327882960e+00 
1.633680556e+00 1.690741638e+00 1.881454389e+00 
1.155285301e+00 1.257876878e+00 1.438898451e+00 
1.488425926e+00 1.604459525e+00 1.833476764e+00 
1.450231481e+00 1.421715948e+00 1.674053356e+00 
1.022762153e+00 1.238487639e+00 1.327882960e+00 
1.250000000e+00 1.180319922e+00 1.505163511e+00 
1.060185185e+00 1.229277751e+00 1.392641997e+00 
1.730324074e+00 1.627726612e+00 1.872848537e+00 
1.484375000e+00 1.484730974e+00 1.767211704e+00 
1.745081019e+00 1.615123606e+00 1.872848537e+00 
1.004147569e+00 1.156568105e+00 1.193416523e+00 
1.004147569e+00 1.135239942e+00 1.000000000e+00 
1.044367477e+00 1.252544838e+00 1.392641997e+00 
1.385030671e+00 1.467280659e+00 1.747418244e+00 
1.046103588e+00 1.115365972e+00 1.316910499e+00 
1.170138889e+00 1.252544838e+00 1.505163511e+00 
1.252025463e+00 1.258361609e+00 1.543244406e+00 
1.000000000e+00 1.150266602e+00 1.000000000e+00 
1.047453704e+00 1.113911779e+00 1.327882960e+00 
1.751736111e+00 1.772176442e+00 1.946213425e+00 
1.041956019e+00 1.101793505e+00 1.204388985e+00 
1.064428819e+00 1.078526418e+00 1.188253012e+00 
1.000000000e+00 1.159961222e+00 1.139629948e+00 
1.004147569e+00 1.144934561e+00 1.139629948e+00 
1.041666667e+00 1.014057198e+00 1.064759036e+00 
1.021604745e+00 1.174018420e+00 1.204388985e+00 
1.041666667e+00 1.000000000e+00 1.000000000e+00 
1.008873264e+00 1.058652448e+00 1.139629948e+00 
1.064428819e+00 1.092583616e+00 1.253012048e+00 
1.144097222e+00 1.116335434e+00 1.365533563e+00 
1.090856481e+00 1.049927290e+00 1.188253012e+00 
1.075231481e+00 1.037324285e+00 1.177280551e+00 
1.008873264e+00 1.048957828e+00 1.000000000e+00 

1.368055556e+00 1.325254484e+00 1.609294320e+00 
1.488038194e+00 1.630150267e+00 1.802710843e+00 
1.263696181e+00 1.352884149e+00 1.623709122e+00 
1.621527778e+00 1.535627727e+00 1.808089501e+00 
1.239197338e+00 1.322830829e+00 1.569922547e+00 
1.502314815e+00 1.367910810e+00 1.714931153e+00 
1.382523148e+00 1.334464372e+00 1.655765921e+00 
1.684027778e+00 1.710130877e+00 1.887048193e+00 
1.239004630e+00 1.376635967e+00 1.575301205e+00 
1.523628472e+00 1.555016966e+00 1.833476764e+00 
1.487557870e+00 1.663596704e+00 1.808089501e+00 
1.380497685e+00 1.386815317e+00 1.720524957e+00 
1.303240741e+00 1.234609792e+00 1.589500861e+00 
1.237268519e+00 1.277750848e+00 1.558950086e+00 
1.678049769e+00 1.780416869e+00 1.926635112e+00 
1.243441551e+00 1.491517208e+00 1.591437177e+00 
1.088638310e+00 1.156568105e+00 1.392641997e+00 
1.170138889e+00 1.252544838e+00 1.505163511e+00 
1.273148148e+00 1.332525448e+00 1.580895009e+00 
1.238618634e+00 1.389723703e+00 1.578528399e+00 
1.262731481e+00 1.295685894e+00 1.569922547e+00 
1.374614005e+00 1.572952012e+00 1.793889845e+00 
1.159722222e+00 1.330586524e+00 1.543244406e+00 
1.326774884e+00 1.389723703e+00 1.748924269e+00 
1.352430556e+00 1.287930199e+00 1.598321859e+00 
1.668981481e+00 1.526902569e+00 1.802710843e+00 
1.663773148e+00 1.553562773e+00 1.813683305e+00 
1.173418403e+00 1.193892390e+00 1.505163511e+00 
1.804398148e+00 1.810954920e+00 1.946213425e+00 
1.270640625e+00 1.400387785e+00 1.632314974e+00 
1.400848958e+00 1.517207950e+00 1.774311532e+00 
1.060185185e+00 1.229277751e+00 1.392641997e+00 
1.221257523e+00 1.464857004e+00 1.564328744e+00 
1.690972222e+00 1.621909840e+00 1.881454389e+00 
1.533564815e+00 1.658264663e+00 1.881454389e+00 
1.618055556e+00 1.638875424e+00 1.881454389e+00 
1.059992477e+00 1.295201163e+00 1.505163511e+00 
1.669560185e+00 1.615608337e+00 1.867469880e+00 
1.632714120e+00 1.760542899e+00 1.906841652e+00 
1.250000000e+00 1.180319922e+00 1.505163511e+00 
1.641782407e+00 1.534658265e+00 1.782917384e+00 
1.222318866e+00 1.368880271e+00 1.569922547e+00 
1.369888310e+00 1.682501212e+00 1.876075731e+00 
1.291859375e+00 1.311682016e+00 1.598321859e+00 
1.246335069e+00 1.458070771e+00 1.729130809e+00 
1.501736111e+00 1.344158992e+00 1.663080895e+00 
1.022762153e+00 1.238487639e+00 1.327882960e+00 
1.155864005e+00 1.374697043e+00 1.537650602e+00 
1.044367477e+00 1.252544838e+00 1.392641997e+00 
1.621718750e+00 1.833737276e+00 1.906841652e+00 
1.037229745e+00 1.216674746e+00 1.316910499e+00 
1.046103588e+00 1.115365972e+00 1.316910499e+00 
1.222029514e+00 1.278720310e+00 1.537650602e+00 
1.058835069e+00 1.230731944e+00 1.381669535e+00 
1.004147569e+00 1.156568105e+00 1.193416523e+00 
1.265046296e+00 1.217159476e+00 1.516135972e+00 
1.785300926e+00 1.724672807e+00 1.940834768e+00 
1.038580440e+00 1.215220553e+00 1.327882960e+00 
1.157600116e+00 1.322346098e+00 1.532271945e+00 
1.166280671e+00 1.265632574e+00 1.467512909e+00 
1.305266204e+00 1.387784779e+00 1.720524957e+00 
1.000000000e+00 1.150266602e+00 1.000000000e+00 
1.310377894e+00 1.343674261e+00 1.655765921e+00 
1.144097222e+00 1.116335434e+00 1.365533563e+00 
1.064428819e+00 1.092583616e+00 1.253012048e+00 
1.021604745e+00 1.174018420e+00 1.204388985e+00 
1.000000000e+00 1.159961222e+00 1.139629948e+00 
1.047453704e+00 1.113911779e+00 1.327882960e+00 
1.064428819e+00 1.078526418e+00 1.188253012e+00 
1.041956019e+00 1.101793505e+00 1.204388985e+00 
1.004147569e+00 1.144934561e+00 1.139629948e+00 
1.089313079e+00 1.172564227e+00 1.430292599e+00 
1.004147569e+00 1.135239942e+00 1.000000000e+00 
1.008873264e+00 1.058652448e+00 1.139629948e+00 
1.075231481e+00 1.037324285e+00 1.177280551e+00 
1.041666667e+00 1.014057198e+00 1.064759036e+00 
1.041666667e+00 1.000000000e+00 1.000000000e+00 
1.008873264e+00 1.048957828e+00 1.000000000e+00 
1.090856481e+00 1.049927290e+00 1.188253012e+00 

1.268518519e+00 1.444498303e+00 1.774311532e+00 
1.123167245e+00 1.287930199e+00 1.435456110e+00 
1.849537037e+00 1.737760543e+00 1.946213425e+00 
1.155092593e+00 1.286476006e+00 1.558950086e+00 
1.184027778e+00 1.417353369e+00 1.602409639e+00 
1.734664352e+00 1.715947649e+00 1.935240964e+00 
1.044367477e+00 1.252544838e+00 1.392641997e+00 
1.081597222e+00 1.309258362e+00 1.569922547e+00 
1.311342593e+00 1.273873000e+00 1.580895009e+00 
1.059992477e+00 1.295201163e+00 1.505163511e+00 
1.173997106e+00 1.236548715e+00 1.569922547e+00 
1.193094329e+00 1.417838100e+00 1.655765921e+00 
1.037229745e+00 1.216674746e+00 1.316910499e+00 
1.853009259e+00 1.625787688e+00 1.926635112e+00 
1.722800926e+00 1.624333495e+00 1.887048193e+00 
1.630208333e+00 1.509452254e+00 1.802710843e+00 
1.331115162e+00 1.403296171e+00 1.663080895e+00 
1.495370370e+00 1.565681047e+00 1.822289157e+00 
1.455053819e+00 1.591371789e+00 1.872848537e+00 
1.204861111e+00 1.320891905e+00 1.655765921e+00 
1.570312500e+00 1.830828890e+00 1.906841652e+00 
1.422453704e+00 1.351914687e+00 1.682659208e+00 
1.088638310e+00 1.156568105e+00 1.392641997e+00 
1.385030671e+00 1.574406205e+00 1.801204819e+00 
1.089313079e+00 1.172564227e+00 1.430292599e+00 
1.685763889e+00 1.561318468e+00 1.822289157e+00 
1.754050926e+00 1.774115366e+00 1.940834768e+00 
1.643518519e+00 1.808046534e+00 1.926635112e+00 
1.412808449e+00 1.388269510e+00 1.748924269e+00 
1.155285301e+00 1.271934077e+00 1.503657487e+00 
1.155285301e+00 1.257876878e+00 1.438898451e+00 
1.438850116e+00 1.577314590e+00 1.813683305e+00 
1.038580440e+00 1.215220553e+00 1.327882960e+00 
1.610243056e+00 1.652447891e+00 1.887048193e+00 
1.361497106e+00 1.440620456e+00 1.714931153e+00 
1.414351852e+00 1.451284537e+00 1.793889845e+00 
1.690682870e+00 1.767329132e+00 1.906841652e+00 
1.712962963e+00 1.784294716e+00 1.940834768e+00 
1.352430556e+00 1.287930199e+00 1.598321859e+00 
1.391975116e+00 1.401841978e+00 1.709552496e+00 
1.000000000e+00 1.159961222e+00 1.139629948e+00 
1.021604745e+00 1.174018420e+00 1.204388985e+00 
1.331983218e+00 1.375181774e+00 1.657487091e+00 
1.297453704e+00 1.301987397e+00 1.609294320e+00 
1.155092593e+00 1.274842462e+00 1.505163511e+00 
1.004147569e+00 1.144934561e+00 1.139629948e+00 
1.058835069e+00 1.230731944e+00 1.381669535e+00 
1.060185185e+00 1.229277751e+00 1.392641997e+00 
1.288194444e+00 1.293746970e+00 1.578528399e+00 
1.166280671e+00 1.265632574e+00 1.467512909e+00 
1.250000000e+00 1.180319922e+00 1.505163511e+00 
1.041956019e+00 1.101793505e+00 1.204388985e+00 
1.367476852e+00 1.301017935e+00 1.609294320e+00 
1.022762153e+00 1.238487639e+00 1.327882960e+00 
1.064428819e+00 1.078526418e+00 1.188253012e+00 
1.170138889e+00 1.252544838e+00 1.505163511e+00 
1.173418403e+00 1.193892390e+00 1.505163511e+00 
1.508101852e+00 1.677653902e+00 1.887048193e+00 
1.144097222e+00 1.116335434e+00 1.365533563e+00 
1.004147569e+00 1.156568105e+00 1.193416523e+00 
1.265046296e+00 1.217159476e+00 1.516135972e+00 
1.064428819e+00 1.092583616e+00 1.253012048e+00 
1.047453704e+00 1.113911779e+00 1.327882960e+00 
1.000000000e+00 1.150266602e+00 1.000000000e+00 
1.004147569e+00 1.135239942e+00 1.000000000e+00 
1.075231481e+00 1.037324285e+00 1.177280551e+00 
1.008873264e+00 1.058652448e+00 1.139629948e+00 
1.041666667e+00 1.000000000e+00 1.000000000e+00 
1.090856481e+00 1.049927290e+00 1.188253012e+00 
1.041666667e+00 1.014057198e+00 1.064759036e+00 
1.008873264e+00 1.048957828e+00 1.000000000e+00 
1.046103588e+00 1.115365972e+00 1.316910499e+00 

1.197723958e+00 1.371788657e+00 1.526678141e+00 
1.561730324e+00 1.626272419e+00 1.847676420e+00 
1.656440972e+00 1.615123606e+00 1.872848537e+00 
1.599537037e+00 1.537566651e+00 1.822289157e+00 
1.181134259e+00 1.400872516e+00 1.580895009e+00 
1.229456019e+00 1.313136209e+00 1.532271945e+00 
1.022762153e+00 1.238487639e+00 1.327882960e+00 
1.392939815e+00 1.444013572e+00 1.729130809e+00 
1.352430556e+00 1.287930199e+00 1.598321859e+00 
1.292920718e+00 1.416383907e+00 1.682874355e+00 
1.384451968e+00 1.482792050e+00 1.720524957e+00 
1.292631366e+00 1.311682016e+00 1.598321859e+00 
1.729745370e+00 1.598158022e+00 1.842082616e+00 
1.688848380e+00 1.829859428e+00 1.940834768e+00 
1.507135417e+00 1.777993214e+00 1.867469880e+00 
1.352237847e+00 1.354338342e+00 1.663080895e+00 
1.170138889e+00 1.252544838e+00 1.505163511e+00 
1.390625000e+00 1.238972370e+00 1.537650602e+00 
1.480613426e+00 1.740668929e+00 1.822719449e+00 
1.232252894e+00 1.300048473e+00 1.558950086e+00 
1.454861111e+00 1.472127969e+00 1.748924269e+00 
1.389467593e+00 1.477460010e+00 1.782917384e+00 
1.193190394e+00 1.430441105e+00 1.623709122e+00 
1.371045718e+00 1.540475036e+00 1.729130809e+00 
1.617864583e+00 1.674260785e+00 1.926635112e+00 
1.152777778e+00 1.412506059e+00 1.455034423e+00 
1.112075810e+00 1.376151236e+00 1.440834768e+00 
1.088927662e+00 1.358216190e+00 1.430292599e+00 
1.701967593e+00 1.655356277e+00 1.946213425e+00 
1.155285301e+00 1.271934077e+00 1.503657487e+00 
1.089313079e+00 1.172564227e+00 1.430292599e+00 
1.262731481e+00 1.295685894e+00 1.569922547e+00 
1.555167824e+00 1.551623849e+00 1.822289157e+00 
1.088638310e+00 1.156568105e+00 1.392641997e+00 
1.141685764e+00 1.317498788e+00 1.440834768e+00 
1.171489005e+00 1.413960252e+00 1.532271945e+00 
1.422743056e+00 1.494910325e+00 1.813683305e+00 
1.250000000e+00 1.180319922e+00 1.505163511e+00 
1.415701968e+00 1.523509452e+00 1.793889845e+00 
1.544560185e+00 1.475521086e+00 1.768717728e+00 
1.370949074e+00 1.281143965e+00 1.655765921e+00 
1.261188079e+00 1.403296171e+00 1.663080895e+00 
1.204861111e+00 1.320891905e+00 1.655765921e+00 
1.173418403e+00 1.193892390e+00 1.505163511e+00 
1.265046296e+00 1.217159476e+00 1.516135972e+00 
1.311342593e+00 1.273873000e+00 1.580895009e+00 
1.044367477e+00 1.252544838e+00 1.392641997e+00 
1.515625000e+00 1.400872516e+00 1.720524957e+00 
1.060185185e+00 1.229277751e+00 1.392641997e+00 
1.166280671e+00 1.265632574e+00 1.467512909e+00 
1.058835069e+00 1.230731944e+00 1.381669535e+00 
1.376928819e+00 1.516723219e+00 1.729130809e+00 
1.037229745e+00 1.216674746e+00 1.316910499e+00 
1.391010995e+00 1.549684925e+00 1.788296041e+00 
1.666087963e+00 1.607367911e+00 1.887048193e+00 
1.047453704e+00 1.113911779e+00 1.327882960e+00 
1.271412037e+00 1.309258362e+00 1.571643718e+00 
1.367476852e+00 1.301017935e+00 1.609294320e+00 
1.362461227e+00 1.505089675e+00 1.720524957e+00 
1.297453704e+00 1.301987397e+00 1.609294320e+00 
1.041956019e+00 1.101793505e+00 1.204388985e+00 
1.038580440e+00 1.215220553e+00 1.327882960e+00 
1.256365741e+00 1.313136209e+00 1.580895009e+00 
1.356481481e+00 1.241880756e+00 1.551850258e+00 
1.064428819e+00 1.078526418e+00 1.188253012e+00 
1.021604745e+00 1.174018420e+00 1.204388985e+00 
1.528645833e+00 1.717401842e+00 1.926635112e+00 
1.000000000e+00 1.159961222e+00 1.139629948e+00 
1.004147569e+00 1.135239942e+00 1.000000000e+00 
1.004147569e+00 1.156568105e+00 1.193416523e+00 
1.008873264e+00 1.048957828e+00 1.000000000e+00 
1.000000000e+00 1.150266602e+00 1.000000000e+00 
1.144097222e+00 1.116335434e+00 1.365533563e+00 
1.064428819e+00 1.092583616e+00 1.253012048e+00 
1.004147569e+00 1.144934561e+00 1.139629948e+00 
1.090856481e+00 1.049927290e+00 1.188253012e+00 
1.075231481e+00 1.037324285e+00 1.177280551e+00 
1.041666667e+00 1.000000000e+00 1.000000000e+00 
1.041666667e+00 1.014057198e+00 1.064759036e+00 
1.046103588e+00 1.115365972e+00 1.316910499e+00 
1.008873264e+00 1.058652448e+00 1.139629948e+00 

1.512442130e+00 1.782840524e+00 1.867469880e+00 
1.367476852e+00 1.301017935e+00 1.609294320e+00 
1.705439815e+00 1.519146873e+00 1.793889845e+00 
1.037229745e+00 1.221037324e+00 1.242039587e+00 
1.480515046e+00 1.671352399e+00 1.842082616e+00 
1.238618634e+00 1.389723703e+00 1.578528399e+00 
1.499421296e+00 1.507028599e+00 1.782917384e+00 
1.256365741e+00 1.313136209e+00 1.580895009e+00 
1.084490741e+00 1.316044595e+00 1.451807229e+00 
1.635416667e+00 1.681531750e+00 1.881454389e+00 
1.649884259e+00 1.551139118e+00 1.813683305e+00 
1.159722222e+00 1.316529326e+00 1.478485370e+00 
1.293595486e+00 1.344158992e+00 1.655765921e+00 
1.044367477e+00 1.252544838e+00 1.392641997e+00 
1.516973380e+00 1.697527872e+00 1.867469880e+00 
1.376157407e+00 1.424624333e+00 1.720524957e+00 
1.230131366e+00 1.427047988e+00 1.663080895e+00 
1.250000000e+00 1.180319922e+00 1.505163511e+00 
1.288001736e+00 1.508967523e+00 1.674053356e+00 
1.398919560e+00 1.539505574e+00 1.808089501e+00 
1.653935185e+00 1.565196316e+00 1.876075731e+00 
1.239969329e+00 1.335918565e+00 1.643287435e+00 
1.173418403e+00 1.193892390e+00 1.505163511e+00 
1.060185185e+00 1.229277751e+00 1.392641997e+00 
1.490740741e+00 1.452253999e+00 1.748924269e+00 
1.156057292e+00 1.286960737e+00 1.446428571e+00 
1.265046296e+00 1.217159476e+00 1.516135972e+00 
1.539351852e+00 1.391662627e+00 1.709552496e+00 
1.166280671e+00 1.265632574e+00 1.467512909e+00 
1.597800926e+00 1.770237518e+00 1.940834768e+00 
1.193190394e+00 1.430441105e+00 1.623709122e+00 
1.501736111e+00 1.438681532e+00 1.748924269e+00 
1.145640625e+00 1.332525448e+00 1.569922547e+00 
1.532407407e+00 1.597188560e+00 1.853055077e+00 
1.644965278e+00 1.655356277e+00 1.861876076e+00 
1.365162037e+00 1.403296171e+00 1.663080895e+00 
1.368634259e+00 1.502181289e+00 1.748924269e+00 
1.128375579e+00 1.390693165e+00 1.467512909e+00 
1.022762153e+00 1.238487639e+00 1.327882960e+00 
1.173997106e+00 1.236548715e+00 1.569922547e+00 
1.321566551e+00 1.605428987e+00 1.793889845e+00 
1.381751736e+00 1.517207950e+00 1.774311532e+00 
1.336034144e+00 1.509936985e+00 1.729130809e+00 
1.772569444e+00 1.635967038e+00 1.887048193e+00 
1.038580440e+00 1.215220553e+00 1.327882960e+00 
1.089313079e+00 1.172564227e+00 1.430292599e+00 
1.310377894e+00 1.343674261e+00 1.655765921e+00 
1.041956019e+00 1.101793505e+00 1.204388985e+00 
1.021604745e+00 1.174018420e+00 1.204388985e+00 
1.004147569e+00 1.156568105e+00 1.193416523e+00 
1.128858218e+00 1.347067378e+00 1.485800344e+00 
1.000000000e+00 1.150266602e+00 1.000000000e+00 
1.058835069e+00 1.230731944e+00 1.381669535e+00 
1.088638310e+00 1.156568105e+00 1.392641997e+00 
1.353009259e+00 1.287930199e+00 1.598321859e+00 
1.047453704e+00 1.113911779e+00 1.327882960e+00 
1.328125000e+00 1.299079011e+00 1.580895009e+00 
1.747106481e+00 1.692195831e+00 1.935240964e+00 
1.391782407e+00 1.416868638e+00 1.674053356e+00 
1.307098958e+00 1.539990305e+00 1.698795181e+00 
1.144097222e+00 1.116335434e+00 1.365533563e+00 
1.382523148e+00 1.331071255e+00 1.655765921e+00 
1.000000000e+00 1.159961222e+00 1.139629948e+00 
1.004147569e+00 1.144934561e+00 1.139629948e+00 
1.004147569e+00 1.135239942e+00 1.000000000e+00 
1.064428819e+00 1.092583616e+00 1.253012048e+00 
1.046103588e+00 1.115365972e+00 1.316910499e+00 
1.064428819e+00 1.078526418e+00 1.188253012e+00 
1.041666667e+00 1.014057198e+00 1.064759036e+00 
1.008873264e+00 1.048957828e+00 1.000000000e+00 
1.075231481e+00 1.037324285e+00 1.177280551e+00 
1.090856481e+00 1.049927290e+00 1.188253012e+00 
1.041666667e+00 1.000000000e+00 1.000000000e+00 
1.008873264e+00 1.058652448e+00 1.139629948e+00 

1.369212963e+00 1.287930199e+00 1.598321859e+00 
1.391975116e+00 1.411051866e+00 1.709552496e+00 
1.216242477e+00 1.366456617e+00 1.623709122e+00 
1.262731481e+00 1.295685894e+00 1.569922547e+00 
1.650462963e+00 1.643722734e+00 1.833476764e+00 
1.409722222e+00 1.458070771e+00 1.729130809e+00 
1.156057292e+00 1.286960737e+00 1.446428571e+00 
1.611689815e+00 1.720794959e+00 1.881454389e+00 
1.059992477e+00 1.295201163e+00 1.505163511e+00 
1.277585069e+00 1.408143480e+00 1.657487091e+00 
1.155767940e+00 1.310712555e+00 1.558950086e+00 
1.615162037e+00 1.478914203e+00 1.822289157e+00 
1.370949074e+00 1.281143965e+00 1.655765921e+00 
1.221161458e+00 1.307319438e+00 1.543244406e+00 
1.703703704e+00 1.725157538e+00 1.940834768e+00 
1.222029514e+00 1.278720310e+00 1.537650602e+00 
1.251543403e+00 1.300533204e+00 1.558950086e+00 
1.616319444e+00 1.662142511e+00 1.876075731e+00 
1.219135995e+00 1.262239457e+00 1.516135972e+00 
1.482060185e+00 1.504120213e+00 1.813683305e+00 
1.170138889e+00 1.252544838e+00 1.505163511e+00 
1.184606481e+00 1.408628211e+00 1.643287435e+00 
1.722800926e+00 1.690741638e+00 1.946213425e+00 
1.440393519e+00 1.722733883e+00 1.795611015e+00 
1.265046296e+00 1.217159476e+00 1.516135972e+00 
1.750000000e+00 1.651478429e+00 1.946213425e+00 
1.619212963e+00 1.661173049e+00 1.842082616e+00 
1.358410301e+00 1.440620456e+00 1.663080895e+00 
1.365162037e+00 1.403296171e+00 1.663080895e+00 
1.303240741e+00 1.234609792e+00 1.589500861e+00 
1.332561921e+00 1.361124576e+00 1.655765921e+00 
1.252025463e+00 1.258361609e+00 1.543244406e+00 
1.240548032e+00 1.339796413e+00 1.564328744e+00 
1.282021412e+00 1.396509937e+00 1.655765921e+00 
1.166280671e+00 1.265632574e+00 1.467512909e+00 
1.755208333e+00 1.649539506e+00 1.847676420e+00 
1.110532407e+00 1.367910810e+00 1.569922547e+00 
1.058835069e+00 1.230731944e+00 1.381669535e+00 
1.088638310e+00 1.156568105e+00 1.392641997e+00 
1.412808449e+00 1.412506059e+00 1.748924269e+00 
1.250000000e+00 1.180319922e+00 1.505163511e+00 
1.123167245e+00 1.287930199e+00 1.435456110e+00 
1.368055556e+00 1.325254484e+00 1.609294320e+00 
1.000000000e+00 1.159961222e+00 1.139629948e+00 
1.044367477e+00 1.252544838e+00 1.392641997e+00 
1.549768519e+00 1.795928260e+00 1.887048193e+00 
1.320409144e+00 1.459524964e+00 1.720524957e+00 
1.585839120e+00 1.584100824e+00 1.822289157e+00 
1.247299190e+00 1.500727096e+00 1.793889845e+00 
1.144097222e+00 1.116335434e+00 1.365533563e+00 
1.173418403e+00 1.193892390e+00 1.505163511e+00 
1.158372106e+00 1.363548231e+00 1.564328744e+00 
1.021604745e+00 1.174018420e+00 1.204388985e+00 
1.565972222e+00 1.706253030e+00 1.853055077e+00 
1.000000000e+00 1.150266602e+00 1.000000000e+00 
1.047453704e+00 1.113911779e+00 1.327882960e+00 
1.022762153e+00 1.242850218e+00 1.253012048e+00 
1.227044560e+00 1.355792535e+00 1.580895009e+00 
1.041956019e+00 1.101793505e+00 1.204388985e+00 
1.143904514e+00 1.353853611e+00 1.543244406e+00 
1.004147569e+00 1.135239942e+00 1.000000000e+00 
1.038580440e+00 1.215220553e+00 1.327882960e+00 
1.004147569e+00 1.144934561e+00 1.139629948e+00 
1.089313079e+00 1.172564227e+00 1.430292599e+00 
1.037229745e+00 1.216674746e+00 1.316910499e+00 
1.060185185e+00 1.229277751e+00 1.392641997e+00 
1.004147569e+00 1.156568105e+00 1.193416523e+00 
1.046103588e+00 1.115365972e+00 1.316910499e+00 
1.075231481e+00 1.037324285e+00 1.177280551e+00 
1.557291667e+00 1.745516238e+00 1.861876076e+00 
1.064428819e+00 1.092583616e+00 1.253012048e+00 
1.041666667e+00 1.000000000e+00 1.000000000e+00 
1.041666667e+00 1.014057198e+00 1.064759036e+00 
1.008873264e+00 1.058652448e+00 1.139629948e+00 
1.090856481e+00 1.049927290e+00 1.188253012e+00 
1.064428819e+00 1.078526418e+00 1.188253012e+00 
1.008873264e+00 1.048957828e+00 1.000000000e+00 

1.288773148e+00 1.528356762e+00 1.813683305e+00 
1.297260995e+00 1.378574891e+00 1.709552496e+00 
1.155092593e+00 1.286476006e+00 1.558950086e+00 
1.415509259e+00 1.375181774e+00 1.748924269e+00 
1.317226273e+00 1.420746486e+00 1.774311532e+00 
1.558738426e+00 1.636936500e+00 1.887048193e+00 
1.181134259e+00 1.410567135e+00 1.720524957e+00 
1.150945023e+00 1.298594280e+00 1.505163511e+00 
1.693287037e+00 1.871061561e+00 1.935240964e+00 
1.702546296e+00 1.734367426e+00 1.940834768e+00 
1.543981481e+00 1.605428987e+00 1.872848537e+00 
1.740353009e+00 1.869607368e+00 1.946213425e+00 
1.088638310e+00 1.156568105e+00 1.392641997e+00 
1.696180556e+00 1.591856520e+00 1.872848537e+00 
1.219135995e+00 1.271934077e+00 1.655765921e+00 
1.215856481e+00 1.407658749e+00 1.714931153e+00 
1.081597222e+00 1.309258362e+00 1.569922547e+00 
1.858796296e+00 1.638875424e+00 1.940834768e+00 
1.826967593e+00 1.800775570e+00 1.946213425e+00 
1.155285301e+00 1.271934077e+00 1.503657487e+00 
1.265046296e+00 1.217159476e+00 1.516135972e+00 
1.391589699e+00 1.684924867e+00 1.842082616e+00 
1.044367477e+00 1.252544838e+00 1.392641997e+00 
1.484762731e+00 1.654871546e+00 1.906841652e+00 
1.022762153e+00 1.238487639e+00 1.327882960e+00 
1.170138889e+00 1.252544838e+00 1.505163511e+00 
1.468364005e+00 1.575375667e+00 1.822289157e+00 
1.250000000e+00 1.180319922e+00 1.505163511e+00 
1.625868056e+00 1.837615124e+00 1.926635112e+00 
1.037229745e+00 1.216674746e+00 1.316910499e+00 
1.058835069e+00 1.230731944e+00 1.381669535e+00 
1.089313079e+00 1.172564227e+00 1.430292599e+00 
1.173418403e+00 1.193892390e+00 1.505163511e+00 
1.000000000e+00 1.150266602e+00 1.000000000e+00 
1.515625000e+00 1.496364518e+00 1.802710843e+00 
1.038580440e+00 1.215220553e+00 1.327882960e+00 
1.004147569e+00 1.144934561e+00 1.139629948e+00 
1.204861111e+00 1.320891905e+00 1.655765921e+00 
1.060185185e+00 1.229277751e+00 1.392641997e+00 
1.252893519e+00 1.344643723e+00 1.663080895e+00 
1.041956019e+00 1.101793505e+00 1.204388985e+00 
1.004147569e+00 1.135239942e+00 1.000000000e+00 
1.577546296e+00 1.491517208e+00 1.822289157e+00 
1.123167245e+00 1.287930199e+00 1.435456110e+00 
1.498842593e+00 1.611245759e+00 1.867469880e+00 
1.000000000e+00 1.159961222e+00 1.139629948e+00 
1.144097222e+00 1.116335434e+00 1.365533563e+00 
1.046103588e+00 1.115365972e+00 1.316910499e+00 
1.173997106e+00 1.236548715e+00 1.569922547e+00 
1.064428819e+00 1.092583616e+00 1.253012048e+00 
1.047453704e+00 1.113911779e+00 1.327882960e+00 
1.166280671e+00 1.265632574e+00 1.467512909e+00 
1.004147569e+00 1.156568105e+00 1.193416523e+00 
1.008873264e+00 1.048957828e+00 1.000000000e+00 
1.041666667e+00 1.014057198e+00 1.064759036e+00 
1.075231481e+00 1.037324285e+00 1.177280551e+00 
1.064428819e+00 1.078526418e+00 1.188253012e+00 
1.008873264e+00 1.058652448e+00 1.139629948e+00 
1.041666667e+00 1.000000000e+00 1.000000000e+00 
1.090856481e+00 1.049927290e+00 1.188253012e+00 
1.021604745e+00 1.174018420e+00 1.204388985e+00 

1.447337963e+00 1.364032962e+00 1.663080895e+00 
1.204861111e+00 1.311197286e+00 1.516135972e+00 
1.197723958e+00 1.385845856e+00 1.591437177e+00 
1.221161458e+00 1.307319438e+00 1.543244406e+00 
1.585457176e+00 1.671352399e+00 1.876075731e+00 
1.495659722e+00 1.624818226e+00 1.822289157e+00 
1.513310185e+00 1.540475036e+00 1.779690189e+00 
1.236882523e+00 1.289869123e+00 1.523450947e+00 
1.367476852e+00 1.324769753e+00 1.609294320e+00 
1.291859375e+00 1.311682016e+00 1.598321859e+00 
1.235146412e+00 1.344643723e+00 1.655765921e+00 
1.861302083e+00 1.816286961e+00 1.940834768e+00 
1.556134259e+00 1.384391663e+00 1.674053356e+00 
1.155285301e+00 1.257876878e+00 1.438898451e+00 
1.868634259e+00 1.850218129e+00 1.946213425e+00 
1.419174190e+00 1.559864275e+00 1.782917384e+00 
1.125192708e+00 1.352399418e+00 1.466006885e+00 
1.158372106e+00 1.363548231e+00 1.564328744e+00 
1.703125000e+00 1.667959283e+00 1.935240964e+00 
1.310377894e+00 1.343674261e+00 1.655765921e+00 
1.491510417e+00 1.610761028e+00 1.813683305e+00 
1.806712963e+00 1.859428017e+00 1.946213425e+00 
1.567899306e+00 1.624818226e+00 1.867469880e+00 
1.634259259e+00 1.653902084e+00 1.872848537e+00 
1.089313079e+00 1.172564227e+00 1.430292599e+00 
1.291666667e+00 1.260300533e+00 1.569922547e+00 
1.503373843e+00 1.577314590e+00 1.788296041e+00 
1.515815972e+00 1.603974794e+00 1.822289157e+00 
1.333912037e+00 1.420261755e+00 1.720524957e+00 
1.445601852e+00 1.387300048e+00 1.720524957e+00 
1.878472222e+00 1.806592341e+00 1.940834768e+00 
1.129726273e+00 1.389238972e+00 1.478485370e+00 
1.682291667e+00 1.597188560e+00 1.867469880e+00 
1.352430556e+00 1.287930199e+00 1.598321859e+00 
1.498263889e+00 1.583131362e+00 1.793889845e+00 
1.173418403e+00 1.193892390e+00 1.505163511e+00 
1.150945023e+00 1.298594280e+00 1.505163511e+00 
1.262731481e+00 1.295685894e+00 1.569922547e+00 
1.529126157e+00 1.521085797e+00 1.768717728e+00 
1.145640625e+00 1.318468250e+00 1.505163511e+00 
1.370949074e+00 1.281143965e+00 1.655765921e+00 
1.600405093e+00 1.526902569e+00 1.813683305e+00 
1.037229745e+00 1.216674746e+00 1.316910499e+00 
1.058835069e+00 1.230731944e+00 1.381669535e+00 
1.265046296e+00 1.217159476e+00 1.516135972e+00 
1.765625000e+00 1.519146873e+00 1.872848537e+00 
1.303240741e+00 1.234609792e+00 1.589500861e+00 
1.166280671e+00 1.265632574e+00 1.467512909e+00 
1.193094329e+00 1.421715948e+00 1.575301205e+00 
1.298900463e+00 1.438681532e+00 1.748924269e+00 
1.601562500e+00 1.744062046e+00 1.881454389e+00 
1.239197338e+00 1.322830829e+00 1.569922547e+00 
1.627893519e+00 1.588463403e+00 1.842082616e+00 
1.653356481e+00 1.699951527e+00 1.887048193e+00 
1.000000000e+00 1.150266602e+00 1.000000000e+00 
1.250000000e+00 1.180319922e+00 1.505163511e+00 
1.088638310e+00 1.156568105e+00 1.392641997e+00 
1.000000000e+00 1.159961222e+00 1.139629948e+00 
1.417342014e+00 1.726611730e+00 1.768717728e+00 
1.628182870e+00 1.534658265e+00 1.822289157e+00 
1.038580440e+00 1.215220553e+00 1.327882960e+00 
1.064428819e+00 1.078526418e+00 1.188253012e+00 
1.044367477e+00 1.252544838e+00 1.392641997e+00 
1.046103588e+00 1.115365972e+00 1.316910499e+00 
1.603009259e+00 1.506059137e+00 1.802710843e+00 
1.470486111e+00 1.655356277e+00 1.853055077e+00 
1.041956019e+00 1.101793505e+00 1.204388985e+00 
1.064428819e+00 1.092583616e+00 1.253012048e+00 
1.004147569e+00 1.135239942e+00 1.000000000e+00 
1.060185185e+00 1.229277751e+00 1.392641997e+00 
1.144097222e+00 1.116335434e+00 1.365533563e+00 
1.047453704e+00 1.113911779e+00 1.327882960e+00 
1.004147569e+00 1.156568105e+00 1.193416523e+00 
1.021604745e+00 1.174018420e+00 1.204388985e+00 
1.041666667e+00 1.014057198e+00 1.064759036e+00 
1.008873264e+00 1.048957828e+00 1.000000000e+00 
1.041666667e+00 1.000000000e+00 1.000000000e+00 
1.022762153e+00 1.238487639e+00 1.327882960e+00 
1.004147569e+00 1.144934561e+00 1.139629948e+00 
1.075231481e+00 1.037324285e+00 1.177280551e+00 
1.090856481e+00 1.049927290e+00 1.188253012e+00 
1.008873264e+00 1.058652448e+00 1.139629948e+00 

1.306809606e+00 1.508967523e+00 1.664802065e+00 
1.155092593e+00 1.274842462e+00 1.505163511e+00 
1.155285301e+00 1.257876878e+00 1.438898451e+00 
1.311342593e+00 1.273873000e+00 1.580895009e+00 
1.038580440e+00 1.215220553e+00 1.327882960e+00 
1.450810185e+00 1.423654872e+00 1.729130809e+00 
1.265046296e+00 1.217159476e+00 1.516135972e+00 
1.429687500e+00 1.437712070e+00 1.793889845e+00 
1.357349537e+00 1.438196801e+00 1.748924269e+00 
1.392168403e+00 1.556955889e+00 1.774311532e+00 
1.126157407e+00 1.272903539e+00 1.446428571e+00 
1.129726273e+00 1.389238972e+00 1.478485370e+00 
1.313464699e+00 1.386815317e+00 1.720524957e+00 
1.170138889e+00 1.252544838e+00 1.505163511e+00 
1.037229745e+00 1.221037324e+00 1.242039587e+00 
1.271412037e+00 1.309258362e+00 1.571643718e+00 
1.211323495e+00 1.295201163e+00 1.569922547e+00 
1.060185185e+00 1.229277751e+00 1.392641997e+00 
1.044367477e+00 1.252544838e+00 1.392641997e+00 
1.204861111e+00 1.320891905e+00 1.655765921e+00 
1.337384259e+00 1.338342220e+00 1.720524957e+00 
1.438657407e+00 1.301502666e+00 1.598321859e+00 
1.147376736e+00 1.351914687e+00 1.466006885e+00 
1.222029514e+00 1.278720310e+00 1.537650602e+00 
1.022762153e+00 1.242850218e+00 1.253012048e+00 
1.423707755e+00 1.586039748e+00 1.813683305e+00 
1.089313079e+00 1.172564227e+00 1.430292599e+00 
1.059992477e+00 1.299563742e+00 1.430292599e+00 
1.088638310e+00 1.156568105e+00 1.392641997e+00 
1.058835069e+00 1.230731944e+00 1.381669535e+00 
1.547552083e+00 1.879301987e+00 1.881454389e+00 
1.634837963e+00 1.604944256e+00 1.876075731e+00 
1.480324074e+00 1.597673291e+00 1.867469880e+00 
1.693576389e+00 1.661657780e+00 1.940834768e+00 
1.300347222e+00 1.384391663e+00 1.657487091e+00 
1.155092593e+00 1.286476006e+00 1.558950086e+00 
1.406828704e+00 1.474066893e+00 1.779690189e+00 
1.144097222e+00 1.116335434e+00 1.365533563e+00 
1.614195602e+00 1.763451285e+00 1.946213425e+00 
1.173418403e+00 1.193892390e+00 1.505163511e+00 
1.004147569e+00 1.135239942e+00 1.000000000e+00 
1.252025463e+00 1.258361609e+00 1.543244406e+00 
1.021604745e+00 1.174018420e+00 1.204388985e+00 
1.166280671e+00 1.265632574e+00 1.467512909e+00 
1.046103588e+00 1.115365972e+00 1.316910499e+00 
1.064428819e+00 1.078526418e+00 1.188253012e+00 
1.000000000e+00 1.150266602e+00 1.000000000e+00 
1.528935185e+00 1.542413960e+00 1.872848537e+00 
1.250000000e+00 1.180319922e+00 1.505163511e+00 
1.047453704e+00 1.113911779e+00 1.327882960e+00 
1.000000000e+00 1.159961222e+00 1.139629948e+00 
1.004147569e+00 1.156568105e+00 1.193416523e+00 
1.004147569e+00 1.144934561e+00 1.139629948e+00 
1.041666667e+00 1.000000000e+00 1.000000000e+00 
1.041666667e+00 1.014057198e+00 1.064759036e+00 
1.090856481e+00 1.049927290e+00 1.188253012e+00 
1.008873264e+00 1.048957828e+00 1.000000000e+00 
1.075231481e+00 1.037324285e+00 1.177280551e+00 
1.008873264e+00 1.058652448e+00 1.139629948e+00 
1.064428819e+00 1.092583616e+00 1.253012048e+00 
1.041956019e+00 1.101793505e+00 1.204388985e+00 

1.781828704e+00 1.692195831e+00 1.935240964e+00 
1.261574074e+00 1.287930199e+00 1.598321859e+00 
1.128375579e+00 1.390693165e+00 1.467512909e+00 
1.529513889e+00 1.551623849e+00 1.822289157e+00 
1.447337963e+00 1.364032962e+00 1.663080895e+00 
1.413194444e+00 1.563257392e+00 1.813683305e+00 
1.578125000e+00 1.724672807e+00 1.940834768e+00 
1.022762153e+00 1.238487639e+00 1.327882960e+00 
1.293788773e+00 1.486185167e+00 1.729130809e+00 
1.412229745e+00 1.388754241e+00 1.748924269e+00 
1.333912037e+00 1.447891420e+00 1.657487091e+00 
1.112075810e+00 1.376151236e+00 1.440834768e+00 
1.732349537e+00 1.787203102e+00 1.946213425e+00 
1.060185185e+00 1.229277751e+00 1.392641997e+00 
1.155767940e+00 1.299079011e+00 1.505163511e+00 
1.129726273e+00 1.389238972e+00 1.478485370e+00 
1.533564815e+00 1.738245274e+00 1.867469880e+00 
1.505497685e+00 1.561803199e+00 1.768717728e+00 
1.268325810e+00 1.515753757e+00 1.697074010e+00 
1.038580440e+00 1.215220553e+00 1.327882960e+00 
1.565393519e+00 1.474066893e+00 1.779690189e+00 
1.537037037e+00 1.552593311e+00 1.867469880e+00 
1.088638310e+00 1.156568105e+00 1.392641997e+00 
1.545138889e+00 1.551139118e+00 1.822289157e+00 
1.646412037e+00 1.619486185e+00 1.876075731e+00 
1.250000000e+00 1.180319922e+00 1.505163511e+00 
1.236882523e+00 1.289869123e+00 1.523450947e+00 
1.143904514e+00 1.339796413e+00 1.478485370e+00 
1.155767940e+00 1.310712555e+00 1.558950086e+00 
1.295042245e+00 1.481822588e+00 1.690189329e+00 
1.123167245e+00 1.287930199e+00 1.435456110e+00 
1.058835069e+00 1.230731944e+00 1.381669535e+00 
1.044367477e+00 1.252544838e+00 1.392641997e+00 
1.265046296e+00 1.217159476e+00 1.516135972e+00 
1.037229745e+00 1.216674746e+00 1.316910499e+00 
1.236400463e+00 1.308773631e+00 1.532271945e+00 
1.360725116e+00 1.452738730e+00 1.697074010e+00 
1.330632523e+00 1.466795928e+00 1.655981067e+00 
1.574363426e+00 1.664566166e+00 1.926635112e+00 
1.166280671e+00 1.265632574e+00 1.467512909e+00 
1.064428819e+00 1.078526418e+00 1.188253012e+00 
1.204861111e+00 1.320891905e+00 1.655765921e+00 
1.046103588e+00 1.115365972e+00 1.316910499e+00 
1.520445602e+00 1.841977702e+00 1.935240964e+00 
1.170138889e+00 1.252544838e+00 1.505163511e+00 
1.364197338e+00 1.426078526e+00 1.663080895e+00 
1.560185185e+00 1.527387300e+00 1.813683305e+00 
1.252025463e+00 1.258361609e+00 1.543244406e+00 
1.004147569e+00 1.144934561e+00 1.139629948e+00 
1.064428819e+00 1.092583616e+00 1.253012048e+00 
1.004147569e+00 1.156568105e+00 1.193416523e+00 
1.021604745e+00 1.174018420e+00 1.204388985e+00 
1.047453704e+00 1.113911779e+00 1.327882960e+00 
1.089313079e+00 1.172564227e+00 1.430292599e+00 
1.173418403e+00 1.193892390e+00 1.505163511e+00 
1.000000000e+00 1.150266602e+00 1.000000000e+00 
1.075231481e+00 1.037324285e+00 1.177280551e+00 
1.144097222e+00 1.116335434e+00 1.365533563e+00 
1.041956019e+00 1.101793505e+00 1.204388985e+00 
1.090856481e+00 1.049927290e+00 1.188253012e+00 
1.000000000e+00 1.159961222e+00 1.139629948e+00 
1.008873264e+00 1.048957828e+00 1.000000000e+00 
1.008873264e+00 1.058652448e+00 1.139629948e+00 
1.041666667e+00 1.000000000e+00 1.000000000e+00 
1.041666667e+00 1.014057198e+00 1.064759036e+00 
1.004147569e+00 1.135239942e+00 1.000000000e+00 
