7410.83 25586 58465
7424.83 25656 58819
7629.33 25566 58465
7642.83 25517 58465
7658.83 25512 58465
7399 25687 58819
7711.5 25403 58274
7871.17 25369 58274
7423.17 25657 58819
7871.83 25364 58274
7307.33 25426 58274
7740.83 25375 58274
7490.83 25993 59243
7810.67 25978 59243
8061.83 25939 59243
7877.17 26553 59554
8410.67 26517 59554
8398.5 26549 59554
9769.83 27212 67063
9176.83 27397 67063
9776.5 27206 67063
9562.17 27268 67063
8109.5 28050 67360
8739.33 27885 67360
8113.5 28033 67360
8053.5 27903 66936
8327.17 27665 67063
8434.17 27514 67063
8606.83 27468 67063
8608.83 27432 67063
8612.5 27417 67063
8023.67 27466 65565
8025.67 27427 65565
8025.33 27433 65565
8418.5 26553 65998
8192 26577 66997
8157 27079 66997
8113.83 27143 66010
8112.83 27183 66997
1749 2278 7106
1839 2460 7953
1876 2439 7953
1764 2222 7106
1553 1971 6228
1695 2279 7644
1803 2382 7660
1249.33 2922 9504
1151.33 2931 9504
1496.5 2875 9504
1225.67 2779 9195
1240 2855 9250
1265.83 2908 9504
1287.67 2884 9504
1174 2928 9504
1202.83 2783 9043
1243.5 2770 9195
1147 2856 9250
1246.83 2750 9043
1133.17 2725 8699
1162.33 2789 8827
1405.17 2737 9043
1918 2546 8589
1108 2627 8263
1093.67 2551 8208
1113 2687 8517
1124.33 2796 8589
1136 2799 8905
1684.33 2874 9504
1965 2638 9504
1742.33 2863 9504
1671.33 2720 9195
234 248 0
706 739 806
220 266 0
220 312 430
234 269 464
693 753 806
290 335 645
800 859 1734
763 1119 3276
1232 1932 4985
1041.5 1947 4985
1366.5 1920 4985
1121.5 1941 4985
1410 1839 5241
1451 1826 5767
4911.83 15135 33586
4928.33 15053 33586
4931.83 15018 33673
4948.5 15120 33996
4824.33 15319 33996
6806.83 18753 41808
7050.67 18413 41808
6881.5 18503 41808
6803.67 18847 41808
6500.17 18923 41808
7238.17 18298 41808
6831.17 18559 41808
4297 4885 10179
2864.33 5272 11167
2234.67 5368 19618
2305.67 5486 19892
2219.83 5427 19626
2257.33 5535 19892
2256.33 5314 19548
2217.67 5359 19460
2261.17 5363 19626
2310.67 5472 19892
2164.67 5290 19419
2280.83 5511 19892
1602.33 5506 19548
1597.33 5520 19548
1887.17 5470 19626
1608.33 5536 19626
1607 5494 19618
1599.67 5496 19419
1589.67 5510 19121
1606 5595 19892
1844.67 5579 19892
1856.5 5537 19892
7925.5 23890 56952
8402.17 24073 57749
8407.33 24142 58253
7882.33 24240 58253
7255.83 24042 57531
7239 24169 57531
7248.17 24076 57531
7253.17 24047 57531
6999.67 24219 57728
6987.67 24249 58253
7334.33 23967 56952
7239.83 23979 57072
7257.33 23792 56316
7661.17 23717 56316
7689.5 23635 56316
7071.5 23306 55551
7057.5 23309 55551
6874.17 23442 55551
7218.83 23261 55551
8013.67 22032 49840
8105 21921 49840
8243.5 21737 49840
9264 21589 49840
5883.83 13545 25088
4874.33 13640 25136
5352.67 10859 22560
5033.17 12241 21995
6304.67 12349 23709
5888.67 12880 23665
7381 14406 26372
6026.83 14694 31852
4979.5 14743 32677
4588.83 12379 20682


7516 25180 63224
7349.17 25212 64010
7304.83 25059 63063
7279.5 24955 62754
7618.5 24942 62754
7267.5 24806 62241
7260.83 24827 62241
7200.67 24462 61975
7295.33 24742 62241
7529.17 24401 61975
7189 24375 61592
7257.33 24282 61592
7426.83 24264 61592
7784.83 26395 66754
7732 26406 66754
8152.33 25318 65106
8151.5 25329 65106
7397.5 25436 64804
7478.33 25395 64804
7456.33 25735 66701
7511 25677 66701
8441 26860 67078
8443.67 26835 67078
8864.67 26811 67078
8408.67 26878 67078
7711 26551 67055
7743 26467 67055
7714.33 26520 67055
7822 26971 67697
7808 26886 67396
7957 26249 66754
7947.67 26360 66754
7842.17 26371 66754
7458.33 25725 66701
7473.67 25694 66701
7618.5 25461 66114
7382.67 25487 66114
8479.5 28754 68965
8540 28749 68965
8981.83 28386 68941
8901 28584 68965
8923.67 28472 68965
8990 28344 68965
8657.17 28936 69062
9059.83 28508 69322
9314 28344 69322
8820.83 28588 69322
9022.5 28527 69322
9070.67 28485 69322
9066.67 28488 69322
8683.83 28991 69322
8387.33 29215 69322
8363 29295 69322
8472.17 29046 69322
9485.5 29100 69486
9265.67 29407 69956
9532.33 29151 69956
9285.33 29250 69956
9482.17 29164 69956
8461.67 29027 68245
8333.67 29145 68476
8993.5 28271 68590
8894.83 30272 69601
8915.33 30260 69601
8888.83 30273 69601
8937.83 30482 69956
8976.5 29492 69956
8865.17 30234 69337
8981.33 29414 69956
7703.5 22430 56283
6548.83 19948 49941
6631.5 19779 49941
6801.33 19679 49941
7031.33 19590 49941
6935.33 19635 49941
6708.17 19720 49941
7312.67 19568 49941
6516.33 20099 49941
6847.67 20429 51739
6895.83 20311 51739
6891.5 20330 51739
6870.5 20350 51739
6926 20135 50830
7108.83 20008 50830
7011.5 20053 50830
7100.5 20029 50830
6871.17 20195 51160
7072.67 20114 50867
7038.33 20290 51739
7035.33 20293 51739
7142.67 20262 51739
6597.17 20282 50881
6718.67 20643 52726
6959 20546 52726
6871.5 20612 52726
7137 20833 53434
7192 20980 54171
6639.5 20440 51739
6950.67 20463 51998
7152.83 20226 51739
6756 20433 51739
7137 20263 51739
7750 22033 55317
7133.67 21244 54459
6898.83 21322 54459
7111 21297 54459
7667.33 21023 54459
7472 21187 54459
7117.67 21267 54459
7664.83 21032 54459
7657.33 20948 53621
7647.67 20964 53621
8054.83 22329 56283
8098.67 22288 56283
8093.67 22297 56283
7857.33 22370 56283
7679 22337 55951
7774.33 22090 55951
7967 22010 55317
7751.33 22031 55317
7756.33 22028 55317
7320.33 22753 56707
7384.83 22706 56707
7435.67 22537 56707
7506.5 22483 56283
8249 23039 57226
8141.83 23234 57226
8205 23153 57226
8872.67 22276 56283
8152.33 22371 56707
7580.83 22451 56283
7741.17 22323 55317
7190.17 23696 57226
7254.17 23483 57226
7331.33 23337 57226
7508.33 23280 57226
7101.17 23061 56707
7253.67 23670 57226
7252.17 23419 56823
224 234 0
224 273 533
284 368 921
701 879 3443
564 713 2640
508 673 2605
737.333 2264 6827
776.333 2372 7372
1058.5 2266 7372
759 2142 6793
938.5 2087 6718
774 2173 6851
803.333 2318 7372
1045 2294 7372
756.333 2250 7051
744.333 2238 6860
767.667 2376 7372
1351.5 2163 6796
706 2146 6793
8307.17 19241 38463
8399 19070 38463
8399.33 19018 38463
4632.67 13027 31739
4424.83 13105 31739
4731.5 12952 31739
4597.67 13092 31739
4678 12778 30741
4666.67 12817 30741
4380.33 13269 31739
4440 12987 30741
4660.17 13448 32597
4769.17 13198 32597
4594.33 13500 32597
4721.17 13347 32597
4848.5 13484 34122
4847.17 13517 34122
4824.17 13328 33552
5209.17 14162 35716
5210.83 14135 35716
5041.83 14214 35716
4613.33 14040 34918
4699 13926 34918
4694.67 13941 34918
4600.83 14154 34918
4297 13536 34122
5133.17 13825 34918
4990.5 13883 34918
5088.83 13679 34595
5195.83 14069 35082
4754.33 14459 35716
4787.83 14245 35716
4787 14300 35716
5660 14700 37164
5150.33 14852 37430
5426.33 14773 37430
5494.67 14755 37430
5533.17 14727 37430
5308.33 14775 37430
5523 14685 36785
5201.83 14602 36519
5512.67 14473 36519
5216.83 14100 35716
5207.83 14197 35716
4787.17 14858 37164
4869.33 14747 37164
4755.17 14866 37164
4950.17 14859 37430
4788 14829 37164
3030 3838 7752
1521.67 4785 15041
1776.83 4896 15522
1468.5 4842 14940
1498.17 4955 15522
1485.67 4685 14908
1521 4926 15522
1525 4799 15216
1534 4898 15522
1784.67 4863 15522
1814.17 4724 15522
1491 5036 15522
2438.17 4473 10169
4606 10694 19871
3432.67 8174 17786
4321.67 10098 18223
4786.33 10571 21754
4569.17 8102 15991
4850.67 10476 18543
3915.67 11990 25915
3923 11682 25915
3752 12037 25915


7352.83 23730 57464
7472.33 23520 57464
6924.33 24101 57757
7310 24792 58029
7694.5 23401 57464
7679.5 23469 57464
7659.33 24374 61158
7380.33 24538 60734
7627.83 24262 60162
7358.33 24540 61158
7650.33 24293 60249
7479.83 24342 60162
7480.83 24515 61158
8069.5 24294 61158
7946.67 25185 61483
8009.83 25231 61849
7951.33 25237 61849
7799.17 25407 61849
7846.67 25367 61849
7902.83 25360 61849
7917.83 25342 61849
8002.17 25128 61483
7937.33 25284 61483
7996.17 25160 61483
7748.33 26394 62368
7712.83 26474 62368
7784 26350 62368
7714.67 26236 61479
7758.67 26227 61512
8678 25580 62368
8895.33 25411 62368
7966.33 25678 62368
8270.67 25586 62368
7824.17 25823 62368
9141.67 28404 62987
9374.17 28356 62987
8671.33 28730 62987
9041.17 29997 69753
8928.83 30022 69753
9018.5 30362 70142
9361.33 29889 69753
9298.33 30134 70142
9211.67 30201 70142
10205.3 29872 69297
242 270 737
242 240 0
1587.17 3078 4455
1059.83 3329 10565
1041.5 3206 10199
1057.83 3336 10565
998.5 3126 10144
1041.5 3226 10293
1355.5 3215 10565
1036.83 3235 10277
1348.83 3296 10565
1705 2022 5890
1625 2038 6417
1599 2067 6417
855 932 2690
757.5 1380 4301
758.5 1378 4301
928 1153 3903
663.5 1135 3458
722.5 1238 3521
727 1270 3581
4905.17 15015 40296
5050.17 14978 40296
4837.5 15095 40296
4925.67 15014 40296
4829.83 15116 40296
4797 15149 40296
4894.83 15017 40296
5066.5 14742 40296
5066.83 14713 40296
4837.83 14785 40024
7624.5 20912 43927
7417.5 21331 43927
7434.5 21088 43927
7469.67 21020 43927
7622.17 20920 43927
6734.67 23553 57216
6986.5 23260 57436
6735.83 23402 57436
7605.67 22559 53794
7557.5 22905 55168
7431.33 23110 55392
7968.83 23151 55709
7051.83 22812 54793
7342.5 22615 54793
4551.17 12325 30123
4186.83 12464 31486
4318 12333 31486
4166.5 12506 31486
4046.83 12565 31486
4298.67 12455 31486
4622.33 13037 32237
4463.83 13118 32237
4597.5 14634 38799
4548.67 14684 38799
5037 14061 37276
4904.33 14121 37276
4939.67 14299 37910
5031.83 13898 36792
5740.5 13883 36792
5060.83 14011 37276
4737.33 14509 38799
4805.17 14304 38799
4229.17 13153 32237
4248.83 13144 32237
4296.5 13124 32237
4418.5 11201 23858
4695 5794 11677
3378.17 7795 15246
2643.5 7213 14897
3528 8208 15920
3790.17 7874 15920
2883.33 8951 21673
2966.67 8907 21527
2868 9032 22370
3701.33 8490 22370
3059.5 8523 22370
2869.67 8991 22370
2863.67 9045 22370
3363 6244 13167
3039 5831 11815
2996 6502 12124
3304.67 6713 12250


330 318 0
330 338 901
818 955 2269
833 936 2269
609 705 1397
422 458 936
419 460 936
627 698 1808
1040 1956 6492
1020.5 1968 6492
997 1799 6068
964.5 1801 6169
947 1795 5563
1351 1730 5649
1483 3441 9608
1218.5 3535 9608
1388.17 3474 9608
1456.83 3466 9608
1359.83 3532 9608
1510 3436 9608
1172.5 3399 8728
1417 3194 8644
1328.83 3517 9305
1225.83 3483 9187
1430.5 3280 9342
1358 3264 9219
7375.83 24360 57614
7613 24068 57614
6640.33 22228 57093
6598 22358 57093
7484.83 24090 58351
7898.5 24862 59082
7727 24897 59082
8341 24483 58541
8261.83 24493 58658
8248.67 24604 59082
8250.83 24566 59082
8352.67 24453 59082
7490.67 24854 59019
7652.33 24808 59019
7937.5 24751 59082
8013.83 24623 59082
8092.83 25736 60574
7879.17 25576 60306
8080.17 25770 60574
7982 25350 60306
8093 25697 60574
8431.83 25692 60574
9322.67 25072 60306
9424 25362 60574
9290.17 25132 60306
9894 24749 59736
9063.33 25200 60306
9097.67 25137 60306
8827.33 25539 60574
8577.17 25661 60574
8624.17 25547 60574
9080.33 25431 60574
9000.17 25837 60707
9028.67 25520 60574
8494.17 25691 60574
9148.17 25855 60732
8730 25202 60306
8593 25246 60306
8006.83 25074 59736
8043.83 24886 59736
8390.17 24871 59736
8471.67 24770 59736
7879.5 25337 59736
7955.5 25219 59736
8383.33 25311 60306
8387.67 25251 60306
8681.5 26192 61228
8670.17 26579 61228
8694.67 25986 61228
8566.5 26598 61343
8470 26658 61343
8728 25882 61228
8701.83 26542 61343
8692.67 26026 61228
8562.67 26775 62026
8575.5 26710 62026
8519.33 26803 62026
8112.17 26892 62026
8567.5 26741 62026
8498.17 26870 62026
8499.5 26820 62026
9186.5 26299 62026
9024 26485 62026
9164.17 26315 62026
9178.17 26305 62026
8664.5 27917 69210
8660 27951 69210
8673.33 27785 69210
8043 28011 70587
8206.17 28005 70859
8034.67 28020 70859
8413.5 27992 69591
8413.83 27985 69591
10051 27763 67605
9939.5 27764 67605
4344.67 12018 31204
3928.17 12101 31970
3614.33 12161 31970
3903.67 12135 31970
5565.33 16276 32852
5682 16238 32852
10028 18513 33342
8559.33 18918 33265
6696.5 19481 40693
6748.17 19319 40693
3115.83 5327 10337
3073.33 6127 11602
4037.83 8566 15503
4796.67 9200 17012
4364.17 9600 19542
3768.33 9215 18026
4096.83 7040 13036
3579.5 8232 13528
3165.33 6890 12201
3968.33 7405 13270
3920.17 8588 13713
4460 6785 14095
4263.17 11333 20354
7476.33 21456 56141
6698.83 22127 56747
7278.33 21462 57093
7150.33 21585 57093
6724.33 21632 57093
6608.67 22191 56228
6716.67 21627 56149
6608 22075 56138
6567 21906 52691
7084.17 21367 52845
6710.83 21479 52845
6653.33 21981 53789
6701.33 22038 54227
6703.33 21906 53789
6623.33 21818 53202
6592 22017 53456
6670.67 21757 53456
6614.67 21764 53101
6616.33 21846 53456


8810.67 24544 63977
7630.83 24566 63977
8165.83 24559 63977
9297.5 24530 63977
8262.17 24557 63977
9324.5 24466 63977
7133.67 24885 64718
7167.67 25045 65283
7414.5 25044 65283
7434.17 25041 65283
7178.33 25032 65189
7441 24933 65189
7161.33 25060 65283
7397.67 24751 64635
7121.17 24670 63977
7063 24671 63977
7181.67 25106 66184
7445 24986 66184
7249.67 25324 66198
7463.83 24949 66184
7703.17 24790 66184
7649.17 24848 66184
7489.83 24928 66184
7294.67 25717 67632
7746.17 24786 66184
7217.83 25361 67099
8100.5 26920 70961
8035.17 26461 70906
8126.83 26421 70906
7497.5 26611 70906
7490 26626 70906
7478 26639 70906
7406.67 26308 70020
7377.33 26078 69231
7300.67 25879 68628
7368.67 26087 69231
7720.33 27015 71227
7741.5 27153 71336
7765.17 27252 71602
7710.33 27268 71602
7774.83 27082 71602
7945.17 23226 57133
7953.5 23215 57133
7954.67 23190 57133
8102.5 22908 56873
7977 22962 56873
7544.33 23054 56873
7545.17 23321 57133
7539.17 23618 57133
8430.83 23703 62817
7848.5 23727 62817
7121.67 23917 63465
6915 23833 62580
6949.67 24021 62846
6959.17 23995 63465
7082 24641 63703
920.5 1822 7091
862.5 1715 6386
954.833 2740 8284
935.167 2696 8068
1088.5 2250 8416
1029.5 2171 8367
1087 2255 8416
1085.5 2022 7713
1296.5 1884 7347
1016.5 2049 7713
1204.5 2309 8643
1185.5 2311 8643
1140 2411 8989
955.5 2677 8989
1138.5 2416 8989
1428 2290 8623
1132.5 2322 8643
1496.17 3537 9481
1267.83 3654 9481
1289.33 3618 9481
1367.83 3538 9481
2835 3518 9481
461 550 1268
256 314 858
256 278 0
1085 1335 2791
858 968 2044
1178 1347 3023
1056.5 1377 2735
827 1597 6040
869 1661 6518
858 1676 6259
5666.17 13994 29456
4916.5 14148 29456
4794.33 14381 29456
4846.5 14267 29456
5067.33 14063 29456
7739.33 18566 37357
8045.5 17232 36479
6779.33 19585 37357
6781.83 19576 37357
7607.17 18924 37357
6898.5 18929 37357
5523.17 16639 34028
6314.5 17416 36479
6769.5 17362 36479
3070.5 6530 10345
3501.67 6406 11662
3639.17 11179 23126
3777.33 11070 23579
3840.67 10782 23579
3539.5 11253 23579
3800.67 10967 23579
3819.5 10847 23579
3472 6932 12840
3811.83 7593 13386
3775 8075 12855
3878.17 7395 14505
3599 8081 15425
3468.67 8355 16269
4324 8395 19199
9652.33 22521 40637
9528 22606 41449
9515.5 22752 41449
9542.33 22597 41449
10366.7 22690 42099
7649.33 22906 55898
8107.5 22843 56558


7679.33 23409 59417
8480.83 23289 59417
8892.67 23225 59417
9019.17 23200 59417
9008.17 23222 59417
9081.5 23168 59417
8350.83 23320 59417
7826.83 24330 60174
7864.67 24269 60174
7552.83 24034 59771
7552.33 24234 59771
7475.83 24390 59771
7646.17 24338 60174
7562.83 24381 60174
7306.33 24566 60174
7314.67 24555 60174
7309 24557 60174
7303.33 24590 60174
7240.33 24382 58104
7246.5 24204 58104
7294.33 24603 58568
7299.33 23677 59417
7386.67 23474 58987
7494 23507 59417
7400.5 24791 61052
7394.33 24793 61052
7487.5 24462 61052
7363.5 24837 63908
7664.17 24606 63102
7499 24774 63908
7704.67 24740 63908
7647.33 24693 63102
7700.33 24759 63908
7868.83 27272 66425
7619.33 25531 64588
7747 25461 64588
8147 25376 65344
8190.5 25241 64664
8182.83 25284 64664
8353 25230 64664
8625.17 25119 64664
8142.5 25285 64664
8357 25164 64664
8241.83 27601 66957
8115.83 27743 66957
8183.67 27733 66957
8311.83 27791 67121
8505.5 27640 67106
9297 28184 67507
8231.33 27977 67427
8285.5 27824 67427
8432.83 27794 67427
8575 27521 67427
8565.67 27460 67106
9180.83 28539 67839
9270.17 28243 67839
7658 26002 65996
7825.67 25868 65996
7816.33 25870 65996
7796.17 25396 65344
7729.83 25582 65368
8335.67 25605 66818
8068.33 25827 66818
8241.83 25707 66818
8286.33 25409 66515
8282 25581 66359
7872 26167 66359
7967.83 26290 66818
9383.17 28452 70582
9375.83 28436 70358
9919.33 28402 70903
9843.17 28415 70903
9606.17 28444 70903
9383.83 28395 70358
9501.17 28466 70903
10073.2 28387 70903
9112.17 28732 70903
9250.67 28580 70903
9361.5 28502 70903
9026.17 29068 68418
9213 28374 67839
9516.33 28391 70247
9352.67 28404 69994
9632.17 28292 69564
8658.67 29265 68750
8689.33 29140 68396
8967.33 29057 68102
8634.33 29107 68102
8517.5 28722 67970
9193.5 28449 67839
9215.67 28270 67839
9188.5 28537 67839
9114.5 28551 67839
348 395 622
434 548 1163
258 315 541
258 270 0
1124 1332 3215
1119 1333 3215
1140 1315 3215
913 1091 2527
1475 1889 6643
1333 1707 6225
1318 1681 6147
1061.17 3089 7594
1101.17 2725 8215
1067.83 2976 7979
1073.5 2795 8192
1455 2848 8590
1098.5 2933 8590
1073.83 3025 8590
1408.5 2689 7591
1457.5 2827 8590
1213.67 2902 8590
4853 14996 31679
4672.33 15316 31679
4811.5 15114 31679
6018.5 17880 36954
6803.33 17395 36954
6212.33 17599 36954
6145 17662 36954
6369.17 17462 36954
5992.17 18008 36954
8466.5 21713 38006
9682.83 21223 38549
4303.17 10739 22692
4312.33 11243 23277
4459.67 12052 26487
4595 11946 26487
4381.67 12083 26487
5079.33 11874 26487
4447.5 12054 26487
5114.5 11757 26487
4169.67 12235 26487
4463.83 11957 26487
5084.5 11800 26487
4319 12105 26487
4645.5 11880 26487
4317.67 12147 26487
4497 12599 29804
4648.33 12387 29804
4503.67 12588 29804
4163.83 12602 29804
4221.17 13719 30531
4233.83 13851 30799
4217.5 13708 30001
4180.5 13940 30799
4240.17 13782 30799
9461.83 21785 44355
9210.33 21906 44355
9356.83 21793 44355
7249 23912 56837
7122.5 24142 57766
7271.83 24083 57766
8148.83 22254 44355
8600.67 22000 44355
8164 22141 44355
6981.17 23595 55132
7728.33 23052 56068
7455.83 23321 56068
6998.83 23732 56068
7521.5 23142 56068
1686.5 5488 18158
1645 5377 17886
1678.83 5508 18158
1641.17 5349 17545
1752.83 5434 18158
1630.5 5300 17206
1663.5 5373 17763


6816.83 21756 54816
7139.17 21689 54816
6918 21725 54816
7428 21685 54816
6569 21780 54816
7060.17 21703 54816
8067.83 21646 54816
6690.5 21742 54435
6756 21716 54519
6610.83 21679 54355
6777.17 20473 54413
8113.5 22431 55070
7866.5 22489 55070
7985.67 22451 55070
7627.5 22518 55070
6959.17 22927 55767
6845 22945 54901
7635.83 22883 55767
7540 22574 55070
7447.67 24289 58076
7477.33 24219 58076
7412.33 24136 57578
7999.17 24117 58076
7885.67 24123 58076
8084.67 24116 58076
8277.5 24039 58076
8259 24065 58076
8584.5 23941 58076
8477.5 24035 58076
8319.33 24036 58076
8568.83 24031 58076
8583.83 23976 58076
8590.17 23938 58076
7736.17 24124 58076
7664.67 24165 58076
7666.67 24160 58076
7658 24168 58076
7553.17 24175 58076
7618.67 24173 58076
7413 24321 58076
7453 24247 58076
7542.33 24195 58076
8221.17 23757 56692
7372 23621 56381
7492.5 23563 56381
7434 24094 56692
7436 23932 56692
7500.67 23897 56692
7495 24094 57004
7742.33 23972 57428
7636.67 23993 57190
7625.17 24022 57428
7617.83 24055 57333
7383 24107 57396
7526 23759 56692
9106 24544 59026
8772.83 24566 59026
8675.5 24612 59026
8952 25053 59777
9277.83 24718 59530
8979 25180 60152
8768.67 24827 59530
8849.5 24724 59530
9194.83 25426 60806
8864.5 25586 60806
9136.17 25454 60806
9030.5 25483 60806
9268.5 25347 60806
8159.83 25230 60152
8922.67 25095 59777
9155.67 24988 59777
8913.5 25120 59777
8608.17 24927 59530
8959.33 25195 60152
8731.33 24914 59530
8896.67 25201 60152
8647.17 25950 62082
8721.33 25907 62082
7807 25978 61627
9140.33 25575 61503
8637.5 25710 61503
8988.17 25687 61503
8818.5 25826 62384
8968.83 25697 62082
9004.17 25602 62082
8824.17 25799 62384
8882.33 25773 62082
8593 26580 64167
8664.33 26380 64167
8446.83 26622 64167
8594 26467 64167
8809.83 25861 63081
8780.5 25936 63081
8841.83 26101 63726
8808.17 26156 63351
8849.5 26073 63351
8557.5 26303 63726
8688.67 26239 63726
8576.17 26299 63726
8691.33 26213 63726
8587.5 26248 63726
8418.67 26520 63636
8669.83 26164 63081
8688.17 26038 63081
7846.33 26207 63081
8215.5 26008 62827
7850 26110 62827
7824.33 26105 62310
7834 26103 62401
8512.67 26803 64967
8738.67 26594 64967
8299.5 26683 64818
8874.5 26756 65503
8586.17 26796 69774
7635.83 27101 70120
7632.83 27078 70009
7576.17 26962 69859
7545.17 26872 69409
7745.17 26990 70803
7620.5 27105 70803
7746.67 26807 70803
7745.5 26980 70803
7681.83 27002 70803
1293.67 3437 10122
1512.67 3392 10122
1586.33 3379 10229
1257.67 3497 10122
1297.5 3517 10229
1330.17 3509 10229
1279 3460 9693
1167.5 2976 9390
1553 3470 10229
1013.5 3027 9390
1110 3000 9390
1268.33 3725 10819
1268.67 3708 10819
1316.17 3564 10819
1328.83 3833 11399
1283.67 4178 12330
1356.83 3966 11794
1384.33 3913 11751
1456.5 3944 12880
1387 3817 11751
1513.5 3956 13033
1378.33 3925 11751
1415.5 4169 13322
1570.5 4068 13738
1330.5 4120 13168
1329.83 4186 13738
1559.67 4106 13738
1527.5 4127 13738
1541.5 4107 13738
1420.83 4138 13738
1520.5 3902 13475
1613.17 4023 13738
1404.17 4182 13738
1575.83 4062 13738
1930.5 4297 13824
1401 4430 14090
1665.83 4374 14090
1843.17 4345 14090
1396 4439 14090
1579.83 4415 14090
2422.67 3976 13738
200 226 0
787 1015 3434
682 864 3113
553 608 1837
542 620 1535
476 540 1276
264 312 999
232 297 915
678 864 2596
649 836 2435
659 767 2534
565 690 2275
576 705 2416
544 685 2114
200 256 579
1989 2220 5306
984.5 2927 8920
1015.83 2988 9038
1815.5 2853 9036
1235.67 2928 9124
970.167 2859 8820
5935.5 16820 35681
5761.33 16868 35681
6011.5 17071 36002
6477.17 17051 36002
5928.17 16846 35681
5944.5 16804 35681
6544.33 16690 35681
5342.67 13671 31209
5060.17 13691 31209
4629.17 14176 31209
4673.67 14168 31209
4747.67 13723 31209
5862.5 15067 34304
5639.17 15130 34304
5741.17 16433 35162
5811.5 15129 34304
6559 21752 54050
3856.33 7217 16054
4046.67 9005 16480
4622.33 9999 20165
3503.17 11344 25769
3627.67 10764 24782
3686.67 10944 25769
3556.83 10965 25769
3442.83 11144 25238
3491.17 11230 25273
3493.5 11348 25769
3479.83 11427 25769
3509.17 11342 25769


7399.17 24690 66719
7292.17 24896 66719
7480.33 24521 66719
7422 24611 66719
7665.5 24504 66719
7310 24772 66719
7745.67 24502 66719
7845 26258 66869
8574 26169 67442
7902 26199 66989
7547.17 26300 67442
8479 26246 67442
8158.5 26290 67442
7104.17 24873 65675
7074.5 24943 65887
7740.17 24314 66650
7737.5 24249 65815
7342.67 24383 66197
7408.33 24325 65899
7361 24374 66275
7373.33 24348 65695
7340.5 24470 66650
7470.17 24408 66650
7536.33 24321 66650
7379.33 24411 66650
7357.33 24420 66650
7101.17 24939 66650
7151.33 24928 66650
7268.5 24785 66367
7942 24275 66154
7806.33 27399 71083
7789.67 27273 70651
7690.5 24049 58149
7724.5 24005 58149
7811 23821 58149
9089.5 23147 57766
9159.5 23101 57766
8472.67 23764 58149
8606.67 23674 58149
8608.67 23669 58149
7956.5 23525 57766
8201 23297 57766
8369 23157 57766
8110.17 23786 58149
238 276 0
238 308 521
833 975 2027
840 1057 3110
761.5 1080 3110
729.5 1119 3110
695.167 1780 5375
834 1734 5375
694.833 1799 5375
641.5 1592 4986
663.667 1698 5060
699.5 1768 5375
841 1724 5375
3211 3407 5834
1854.5 3553 10083
4083.5 9807 22398
3872.17 9838 22398
4510.83 9675 22398
3549.17 10270 31830
3462.83 9958 31455
3452.5 9875 30841
3350.67 10114 31455
3703.33 10235 32730
3726.67 10355 33358
3309.67 10423 33358
3692.17 10395 33358
4109.67 10340 33358
8875.33 20609 36568
9445.83 20295 36444
8246 19060 35948
7956.67 20993 45063
8085.33 20901 45063
7546.33 21163 45063
7701 21103 45063
8096 20878 45063
3165.17 6354 10932
3575.83 5717 12550
2554 8158 20746
2641.83 8098 20746
2536.33 8058 20124
2510 7967 20038
2964 8079 20746
2538 8164 20746
4865.5 7689 13152
3892.67 7783 14183


7186 21217 55617
7005 21299 55617
7023.33 21275 55617
7192.33 21198 55617
6800.5 21865 55925
5763.33 20493 55530
5763.67 20486 55530
5832.33 20472 55530
6280.67 20301 55530
5763 20437 54902
6684.17 22027 55925
7080 21854 56248
6970.17 21900 56248
7315.67 21760 55945
7081 21832 56248
7401.17 22354 56516
7161.17 22392 56516
6954.5 22282 56248
6926.33 22302 56248
6910.67 22313 56248
8464 22800 56817
7291.83 23451 56815
7267.33 23514 56815
7530.83 23737 57653
7625.67 23663 57653
7747.5 23234 57083
7894.83 23230 57083
7427 23303 57083
7865.83 22827 56817
7608.33 22907 56817
7541.33 22925 56817
7689.5 22845 56817
7927.5 23139 57083
7445.83 23206 56815
7067.67 22943 56516
8012.83 23352 57653
7273.67 24024 57965
7347.33 23984 57965
7382.17 23767 57196
7527.17 23779 57653
7528.67 23835 57691
7468.83 23739 57650
7423.5 23845 57668
7482.5 23868 57965
7431.83 23919 57965
7424.83 23934 57965
7441.33 23877 57965
7849 23549 57653
7962 23481 57653
9955.33 31068 63042
9956.83 31004 63042
9488.83 31357 63914
9839.83 31072 63042
9956.5 31019 63042
9750.17 31148 63914
9638.17 31260 63914
9507.67 31268 63914
9961.83 30976 63042
9480.83 31384 63914
9972.17 30955 63042
10243.8 30777 63640
8240 26454 58803
8211.33 26532 58803
8240.67 26438 58803
8418.67 26394 58803
8419.67 26348 58803
8476.33 26155 59062
8430.17 26259 58451
8446.5 26322 58803
8681.67 26136 58219
8598.83 27152 60109
8607.67 27016 60109
8425.67 26451 59813
8520.83 26444 59813
8521 26305 59813
9058.5 26575 60533
9154 26551 60533
9160.67 26541 60533
9068 26562 60533
8670 26609 60533
8767.67 26576 60533
9296.83 26494 60533
8479.33 27183 60276
8430.67 27241 60895
8620.83 26873 60533
8621.67 26850 60533
8664 27138 60593
8689.33 27229 61249
8563 27443 61249
8684.33 27267 61249
8929.33 26922 61249
8817.67 27091 61249
8842.5 27036 61249
8835 27065 61249
8821 27090 61249
8908.17 26983 61249
8914.33 26935 60928
8928.83 26733 60928
8919.33 26863 60708
9089.67 26680 60928
9499.5 26920 61249
810 1060 3780
1499 2047 5649
1049 2220 5649
1034.5 2238 5649
1317 1818 5346
1262 1710 4767
887 1902 5346
379.5 534 1059
266 308 743
482 532 1595
242 270 737
242 240 0
256 314 858
653 863 2824
560 697 2504
462 630 1966
453 559 1767
733 897 3043
732 895 2871
4182.33 13246 29334
4307.67 13068 29334
4212.67 13205 29334
4345 12432 29227
4358.17 12184 29227
4460 12059 29227
4322.83 12009 28530
4211.17 12117 28530
7840.5 15388 31788
6524.67 17157 33547
5892.67 17244 33547
6504.33 17240 33547
6457.83 16830 30794
6652.17 16649 30794
7004 15915 31788
7254.17 15848 31788
7396.67 15646 31788
7658 15395 31788
7424 15616 31788
9388.33 20282 39506
9554.67 20117 39506
8785 20300 39506
9394.67 20272 39506
3023 9206 20354
3365.33 9097 20354
4250.5 11141 23198
4140.67 11225 23198
3994.33 11305 23198
5516.17 10930 23198
5377.83 10975 23198
2960.67 8152 16923
3037 7983 16923
1230.5 3719 12856
1270.83 3669 12856
1164.83 3503 12344
1234.5 3686 12856
1194.17 3585 12424
1229.83 3737 12856
1173.5 3499 12317
1196.5 3560 12588
1175.83 3468 11756


770 1027 3685
1197 1441 4283
1205 1439 4283
990 1193 3920
1019 1233 4020
1444.5 2576 9302
1213 2553 9190
1137.5 2641 9190
1124.17 2641 9187
1114 2891 9808
1091.17 2657 9561
1162.67 2676 9808
1149.83 2633 9774
1184.17 2795 10140
1122.17 2976 10140
1225.5 2597 10140
1132.5 2919 10140
1176.5 2813 10140
1148.17 2814 10140
300 290 0
604 829 3370
5125.83 13560 44787
5165.17 13558 44787
4063.5 13911 45432
4172.17 13685 46387
4390.67 13657 44787
5842.83 13517 44787
4092.83 13724 46387
4159.5 13716 46387
4066.17 14398 49452
4368.83 14190 49418
4042.5 14381 49386
4342.5 14195 49418
4158.5 14210 49285
4038.17 14247 49137
3984.17 14141 47006
4266.17 13967 47006
4250.5 14008 47958
4119 13969 47006
3984 14162 47006
4125.5 14344 49771
4213.83 14232 49711
4083.83 14480 49806
4052.67 14412 49771
4125.33 14244 49711
4093.83 14236 49601
4077.17 14297 49742
4129.17 14422 50074
4075 14482 50074
4151 14384 50074
4160.17 14233 50074
4136.83 14412 50074
5019.33 12276 20502
5626.67 11188 23052
4805 12364 24094
4153.67 12600 29052
4145.67 12607 29052
8058.67 26231 61779
8196.17 26155 61779
8188.17 26164 61779
8052.33 26234 61779
7986.17 26388 61779
7917.67 26520 61779
8012.33 26102 61666
8128.83 25810 61666
7989.67 26338 61505
7809.5 26218 60668
8293.67 26300 62398
8310.17 25781 61343
8128 25565 61038
8122.67 25572 61038
8285.17 25335 60468
8080.17 25500 60468
9021.67 26099 62285
9175.83 26019 62285
8406.33 26127 62285
8399.83 26166 62285
8373 26456 63192
8335 26465 63192
8792.67 26324 63192
8625.83 26432 63192
8791.67 26341 63192
8229.83 26365 62398
8190.33 26431 62398
8158.83 26457 62398
8280 26313 62398
8913.83 27071 64603
8909.83 27074 64603
8900.5 27087 64603
8373.83 27163 63651
8434.83 26855 63651
8949.5 27047 64603
8338.5 27053 63213
8922.33 27060 64603
9019.67 26958 64603
8491.83 26836 63651
8318.17 27273 63651
8613.17 26663 63651
8738.17 27163 64603
8911.83 27139 65144
8769.17 27250 65144
8745.5 27267 65144
8519.33 27370 65144
8771.33 27188 65144
8650.17 27270 65144
8831.67 27634 66033
8973 27591 66033
8760.83 27556 65603
8852.33 27607 65658
8798.17 27490 65463
8917.83 27373 65463
8630.17 27878 66870
8733.33 27710 66555
8717.33 27714 66870
9007.5 27540 66033
8748.17 27653 66311
8153.67 27680 66311
8501.5 28344 68590
8467.17 28560 68864
8492.83 28524 68864
8419.67 28673 68864
8516.5 28384 68864
8505.17 28512 68864
8487.17 28245 67712
8836.33 28264 68339
8493.17 28314 68339
8202.33 27894 67286
8230.33 27893 67286
8230.67 27885 67286
5308.17 11947 20178
6396.33 10604 20740
5482.5 11328 21681
4800.67 8678 15684
4078.83 9875 15302
4362.33 9403 16484
3753.83 8395 14840
2912 7256 13905
5808.5 9824 17708
4552.83 10193 17415
4991 10881 18675
4705.17 11023 18980
3305.5 6264 13755
3326.5 6562 14356


8078.67 26699 59853
8084 26686 59853
9136.67 26676 59853
9091.17 26009 59556
9180.5 25955 59556
8107.17 26059 59556
9253.17 25931 59556
8850.5 26021 59556
7834.83 26253 59556
7689.5 25768 57196
7741.5 25894 58671
7727.17 25935 59290
9844 24072 58419
9585.33 24056 58183
9581 24063 58103
8628.67 24127 59055
9589 24081 58220
9479.67 24101 59055
8075.5 25674 59055
8051.83 25679 59055
8117.83 24405 59055
8787.33 27526 60624
8971.33 27351 60693
8969 27353 60693
9304.83 27261 60693
8652.67 27724 61622
8678 27678 61622
8670.5 27870 62205
8490 27743 61622
8537.17 27915 61975
8620.17 27924 62502
8689.5 27815 62502
8832 27745 62502
8990.33 27667 62502
8915.17 27744 62502
8494 27935 62502
8876 27625 61622
8953.33 27511 61622
8961 27503 61622
8889.5 27603 61622
8980.33 27442 61622
8771.67 27629 61622
8913.5 27567 61622
8691.67 27641 61622
8978 27471 61622
8951.33 27554 61622
9509.5 27433 61622
8967.67 27488 61622
8711.5 28268 63311
8710.17 28291 63311
9500.5 27902 63058
8926.83 28256 63973
8939.67 28185 63973
8774.67 28458 63973
8895.17 28283 63973
8860.33 28304 63973
8902.33 28266 63973
9116 27955 63973
8906.17 28129 63713
9844.67 27928 63973
9174.33 29313 70645
8900.67 28011 63093
681 777 2082
537 600 1549
232 297 915
941 1286 3069
748.5 1290 3069
454 533 1448
739.5 1305 3069
224 273 533
224 234 0
683 1323 3069
677 1343 3069
1068.5 2670 9665
1050 2589 9652
989.667 2370 9369
1097.67 2441 9690
1138 2435 9652
1167.67 2570 10255
1092.67 2692 10255
1039.83 2746 10255
1423.33 2557 10255
1155.67 2628 10255
1131.17 2688 10255
1105.17 2691 10255
1160.67 2586 10255
1672 2442 10255
982 1873 5053
1559 1921 5457
1434 1753 4887
1411 1720 4462
1481 1786 5102
10225.8 21775 37948
5697.83 15358 36455
5893.83 15302 36455
5123.17 15625 36887
5449.5 15441 36455
5098.83 15537 36073
5878.5 15320 36455
5865.5 15353 36455
5118.5 15630 36887
5028.83 15664 36887
8629.33 21042 37755
5473.5 15243 32119
5472.67 15249 32119
5738.17 15214 32119
3398.83 6774 12688
3878.5 7309 13618
2349.67 7777 24505
2327.33 7707 24293
2323.33 7674 24131
2328.33 7718 24333
2396.33 8002 25640
2570.5 7869 25640
2392.67 7931 25179
2545.17 7974 25640
2391 7939 25144
2346.67 7874 24978
2354.33 7819 24978
2363.33 7843 24986
2399.67 7983 25640
4189.33 7512 15560
7458.33 22982 54563
7445.83 23082 54646
7507 23186 55553
7497.83 23206 55553
7546 22938 54555
8394.83 22210 55553
7555.17 22979 55553
7526.33 23046 55553
7151 23228 55553
7773 22275 55553
7508.5 23066 55553


1500.83 3701 12634
1408.83 3747 12634
1498.17 3411 11597
1259.33 3466 11597
1917.5 3366 11597
1225.33 3583 11597
1217 3756 12634
1194 3630 11869
1571.17 3584 11906
1258.67 3471 11597
1222.67 3733 12581
1471.17 3586 11690
1166.67 3518 11396
2050.67 4285 15363
2037.67 4275 15103
1960.67 4111 15054
2101.67 4280 15363
1971.83 4302 15363
1935 4304 15363
1941.5 4153 15054
1288.33 4036 14380
1292.33 4039 14705
1237.33 3845 13428
1239 3841 13428
1592.83 3840 13428
1261 3924 13907
1231.67 3755 12958
1365.67 4277 15057
1361.67 4333 15363
1288.33 4095 15011
1316.67 4159 15054
228 313 416
300 334 456
228 264 0
2558 2887 5602
2440.5 3228 5441
2430 3302 5441
1881.17 3319 7600
1821.5 3347 7600
916.5 1153 2698
1243 2281 5006
1598.5 2167 5006
10321.5 31495 68387
10212.3 31557 68387
10942 31394 68387
10356 31484 68387
10295.3 31556 68387
10705 31473 68847
9738 32373 68999
9718.67 32321 68732
9757.33 32506 69308
9753.17 32536 69308
10097.2 32148 69308
10127.5 32016 69308
10149.7 31952 69308
10158.3 31637 69308
10681 31579 69308
10692 31512 69308
9757.67 32493 69308
9991.67 27647 66677
10471.2 27383 66322
11170.8 27492 66677
10491 27494 66677
8678.83 28068 66213
9212.5 28055 66213
9685 27698 66677
9496.33 27768 66677
9393.5 27652 66322
9426.5 27492 66322
9450.17 27470 66322
9479.83 27390 66322
9353.67 27089 65614
9151 27169 65614
9525.5 26892 65614
7917.17 27409 64999
8178 27395 64999
7838.5 27443 64999
7984.5 26701 63632
7658.17 26835 63632
7638.83 26737 63300
7812.5 27309 64248
7816.83 27383 64322
7463.5 26150 63042
7464.17 26108 63042
7732.33 26096 63042
7927.17 26009 63042
7375.17 25848 62141
7807.83 25841 62141
8200.83 25789 62141
8281.17 28551 66496
8311.5 28505 66496
8440 28465 66496
8708.33 28349 66230
9766.5 28774 67213
9745.5 28885 67213
9504.5 28915 67213
9745.83 28877 67213
9910.83 28745 67213
9497.17 29998 67213
9473.33 30128 67213
9477.33 30099 67213
9332 30407 67213
9258.5 30477 67213
9331.67 30415 67213
9208.5 30703 67213
4860.5 15274 39221
4876 15241 39651
4796.5 15406 39651
4857 15389 39651
8172.5 21580 41523
8734.67 21490 41523
8171.5 21605 41523
4838.67 9174 17958
5036.33 10335 19858
4829.33 10159 17535
5470.83 13898 33135
4885.33 14974 33135
5668.67 13772 33135
4909.83 13908 33135
5505.33 10579 23212
3477.33 10749 26782
3518.67 10669 26782
3693.67 10637 26782
8956 24818 45903
9053.33 24762 45903
8059 22253 44992
9044.17 21621 44992
8260 21861 44992
7817.67 22337 44992
8918.5 21777 44992
9035.67 21628 44992
9326.33 24574 45903
9232.33 24665 45903
9130.5 24719 45903
9386.5 23902 45903


6075.5 19993 49478
5948.33 20008 49478
5876.67 20048 49478
5873.67 20070 49478
6746.83 19116 49103
6580 19217 49103
7006.83 19066 49103
6584.83 19118 49103
6125.33 19452 49103
6162.83 19405 49103
6014.67 19469 49103
5816.17 19594 49103
6168.33 19259 49103
6275.17 19255 49103
6293.33 19230 49103
6156.33 19814 49478
6329.83 19582 49478
5982 19504 49103
5761.83 19646 49103
5826.17 19487 48794
5825.17 19571 49103
6396.5 19948 50848
6612.17 19891 50848
6363.5 19972 50848
6055.67 20659 52015
6668.5 20315 51542
6527.17 19978 51173
5987.33 20061 51470
6528.83 19899 51470
6308.33 20355 52015
5827.67 20117 51470
6164.5 20547 52015
6304.5 20923 53408
6268.83 20780 53102
6525.33 20639 52591
6525.67 20635 52591
6187.5 20814 52276
6272.67 21534 54707
6354.67 21696 56044
6346.67 21147 53861
6363.83 21092 53861
6269.67 21235 53861
6308.33 21231 53861
6349.33 21096 53861
8104.17 21222 57033
7851.67 21135 56805
7946.67 21049 56805
7911.67 21050 56805
7833 21049 55947
6883.5 21190 56172
8158.17 21019 56805
7437.67 21247 57079
8172.17 20975 56284
7222.5 21222 56933
7615.67 21122 56284
7180.5 21142 56817
8070.17 20898 56040
6889.83 21259 57079
6425.83 21533 57171
6426.17 21444 57171
6398.5 21402 56776
6754.33 23041 61489
6471.83 21664 57912
6722.5 21468 57537
6384.33 21757 57912
6416.17 21737 57912
6473.17 21622 57293
6464.83 21679 57912
6864.5 21407 57652
7051.33 21373 57488
7242.17 21303 57431
7221.17 21307 57431
6424 22225 60189
6488 22101 60189
6713.33 22893 60545
7215.67 21744 58488
7038.17 21884 58488
6984.83 21909 58488
7118.17 21881 58488
7123.17 21835 58488
6778 22076 58488
6887.17 21914 58488
6870 22032 58488
6486 22079 59291
7203.67 21646 58090
7094.17 21411 57912
6918.17 21443 57912
6709.5 21495 57912
6589.67 23432 61984
12531.5 30631 67126
12006.2 30723 67126
13070 30602 67126
12391.8 30680 67126
12531 30644 67126
9935.67 32142 67126
9973.33 32036 67126
10028.7 32000 67126
9919.67 32216 67126
8888.33 24792 62872
7508.33 24837 62872
7608.5 24816 62872
6635.5 23222 62606
6595.83 23338 62606
6980 23207 62203
6776.33 23132 62108
10536.8 31236 67126
10282 31288 67126
10517.8 31283 67126
11237.3 30744 67126
11113 30819 67126
222 258 0
222 300 268
430 510 1213
224 273 533
224 234 0
388 410 680
734 925 3046
862 1038 3173
788 954 3066
918.333 2310 7380
961 2219 7380
919 2303 7380
871.333 2331 7380
1032.5 2199 7380
907 2023 6416
841.167 2029 6416
891.667 2169 6876
952 2124 7112
882.833 2186 6997
916.5 2000 6729
963.5 2115 7112
930 2113 6744
894 1104 3700
1099 1316 3839
5605.67 18770 46683
5617.17 18574 46683
5881.33 18792 47147
6151.17 18737 47147
6172.83 18687 47147
5706 19007 47531
5914.5 18888 47672
6180.83 18742 47672
5654 19196 48530
5789.83 18934 47672
5655.5 19109 48135
6241.83 19029 48237
5773.83 16139 35048
5805.5 18310 45847
6120.83 18552 46683
5458.83 16583 35048
5570.5 16514 35048
5629.33 16453 35048
5569.83 16534 35048
5661.33 16401 35048
5764.67 16399 35048
6043.17 18316 46144
5923 18454 46144
5312.17 14195 30668
4652.33 12213 25361
4617.17 12228 25361
4396.67 12265 25361
4237.67 12390 25361
4244.17 12297 25361
4967 12194 25361
4709.83 12208 25361
4118.17 12534 25992
4142.33 12506 25992
4063.17 12632 25992
4142.67 12456 25992
4386.83 12299 25992
4355.33 12379 25611
4678.33 11680 23143
4780.5 8678 16833
5215.5 9088 16855
4642.33 9383 16178
4848.5 9725 18112
4380.5 10467 16990
3934.83 10538 20373
2276.83 4539 7494
2882.83 4786 7744
2687.67 4420 7724
2517.33 5226 8068
3249.83 5941 12399
3355.33 6831 13138
3215.5 7229 12130
2976.67 5479 9953
2659.5 6652 10456
2522.33 5292 9546
3169.67 6273 10196
2346.17 5260 9300
3720 4197 8998
3030.5 4024 8311
4154.83 7177 13932
3226 7204 15585
3224.33 7219 15585
3111.17 7236 15585


5905.5 19837 51733
5897.83 19841 51733
5993.17 19749 51733
6036 20298 52274
6067 20411 52649
6073.83 20391 52649
6076.5 20382 52649
6617 19717 51004
5887.83 19744 51165
5783.17 19212 50953
6201 20206 52274
6062 20473 52964
6198.33 21329 53534
6272 21231 53534
6372.17 21062 53534
6391.67 21806 54326
6442.5 21627 54326
6534.17 21551 54326
7864.67 24221 56449
7753.83 24223 56449
7642.5 24240 56449
7322.33 24665 57423
7305.33 24585 56436
7345.33 24407 56927
7397 24341 56769
7498 24322 56769
7386.33 24349 57423
7358.33 24447 57423
7360.33 24442 57423
7350.33 24477 57423
7376.67 24300 56476
7361.67 24386 56629
6739 22642 56425
6925.5 21687 55120
6674.33 22308 55579
6362.33 21902 55120
6576.17 21713 55120
6425 21672 54699
6433.33 21752 55120
6349.17 21957 54326
6400 21804 54326
6409.67 21778 54326
7907.67 25225 58114
8179 25045 58247
7512.5 25618 58114
7525.17 25314 58114
7671.33 25232 58114
8401.17 25881 59600
8322.67 25944 59600
8150.83 26173 59600
8159.17 26071 59600
8672.83 25853 59600
8437.5 25862 59600
8242.67 25164 59027
8211.17 25221 59027
7744 25509 59027
7736 25463 58617
7748.33 25423 58617
8907.83 25775 60263
8508 26096 60128
9407.17 25722 60582
10116.7 25719 61014
9402.33 25783 61014
8896.5 25859 61014
8819.33 25983 61014
8738.5 26108 61014
8692.17 26134 61014
8506.5 26154 61014
9165.83 28432 67086
9641.17 28334 67086
9671.5 28833 67748
9888.5 28610 67748
9740.33 28746 67748
9883 28632 67748
9708.67 28736 67566
9038.67 29095 67748
8962 28924 67203
9089 28786 67203
9165.5 28804 67640
8942.83 29031 67203
8944.5 29001 67203
9199.17 28955 68136
9312.5 28848 68136
9288.5 29294 69188
9477 29219 69188
9269.83 29459 69188
9458.83 29252 69188
9278.17 29047 68402
9420.67 28993 68402
9173.17 29086 68402
10050.3 29123 68811
10016 28978 68428
10423.7 29212 68835
9671.83 29296 69810
9512.67 29368 69810
9841 29213 69188
9826.17 29257 69547
9285.5 29322 69400
9350.83 29537 69810
9323.5 29639 69810
9465.33 29524 69810
298 342 619
448 463 798
428 481 798
402.5 531 798
206 238 0
206 278 421
1293 1456 2320
847.5 1651 3745
855.667 1898 4143
868 1769 4143
2480.5 3014 4251
2160 2360 4223
1058.33 3046 6452
4152.5 12848 28341
4939.67 12466 28341
4967.5 12455 28341
4801.33 12468 28341
4369.83 12723 28341
4357 12729 28341
4354.17 12745 28341
4154.67 12746 28341
6000.5 15450 32984
5638.5 16539 36799
5743.17 18446 46762
5765.17 18498 46848
5770.83 18528 47706
6038.33 18925 48506
5572.67 19021 50851
6306.5 18799 50851
6415.33 18723 50851
6677.17 18712 50851
6166.5 18880 50123
6168.83 18892 50430
5901.5 18946 50953
6688.67 16135 36799
6356.67 16300 36799
6664.17 16173 36799
3822.5 9058 17880
3512.5 9309 19031
3427 9311 19031
3541.33 9270 19031
3337.83 9317 19031
3193.33 9450 19031
3968.5 10840 22820
4258.5 10837 23281
3594 11117 24196
4407.5 10828 24196
3657 10884 24196
3876.33 10849 24196
2893.5 5235 7100
3074.17 4600 9433
2910.67 5298 8395
2566.5 5465 14735
1858 5466 13972
1839.33 5401 13799
1970.33 5420 14081
1816 5546 14735
2136.83 5499 14735
2527 5474 14735
2567 5453 14735
2602 5436 14735
3690.5 4260 7520


6624.33 18902 51888
5133.5 17518 48647
5128.33 17584 48647
5667 17802 48999
5633.5 17811 48999
5927.33 17750 48999
5803.5 17767 48999
5348.67 17979 48999
5363.83 17874 48999
5352.83 17962 48999
5461.33 17446 48647
5395.33 17476 48647
5315.67 17511 48647
5759.33 17274 48647
5682.67 17345 48647
5425.67 17472 47280
5453.67 17341 48252
5130.33 17519 48272
5429.33 17307 47878
6851.33 17998 50560
6851.67 17990 50560
5883.67 18884 50990
5934.67 18740 50990
5809.83 18137 50560
5976 18006 50560
5591 18213 50560
5974.33 18019 50560
5912.33 17788 50029
5808.17 18194 50560
5545.17 17874 50029
5899.33 19266 52507
5919.33 19176 52472
5982.67 19162 52507
6087.67 18937 51888
6075 19067 51888
6082 18926 51775
5946.5 18317 50990
5863.17 19395 52580
6624.17 18917 51888
6095 18970 52507
6050.83 19955 54198
6290.5 19927 54198
5701.17 19707 53199
5840.67 19610 52927
5660.17 19623 52927
5856.83 19485 53199
5929.17 19095 51810
5962.83 19221 52507
5592.33 19456 52454
5915.33 19262 52507
5898.33 19201 51871
5744.67 19299 52470
5807.17 19239 52068
5854.5 19404 52580
5855.83 19403 52580
5991.67 19210 52580
5889.67 19370 52507
5761.33 19454 52507
5810.5 19933 53799
5816.5 19959 53931
5981.5 19315 52896
5961.33 19317 53199
6473.83 20569 56029
6322.5 20644 56029
5859.83 20135 54550
5873.83 20130 54550
5856.5 20163 54550
6025.5 19995 54550
5877.17 20100 54550
6172.17 20554 55286
6360.17 20457 55286
6136 20604 54802
6161.83 20421 54802
6139.83 20515 54802
6355.5 20416 54911
6614.5 20794 58119
6066.17 20878 57287
6574 20693 57287
6025.33 20966 57287
6067.5 20771 57287
6098.33 21205 58420
6429.67 21229 58558
6093.5 20911 58119
6164.17 21058 58420
6509.67 21493 58732
6967 21420 59263
6317.33 21631 59263
6469.33 21606 59263
6495.67 21554 59263
6586 21796 59584
6444.33 21829 59316
6975.33 22037 61447
6327.5 22000 60715
6424.67 22040 61447
6355.5 22149 61447
6779.83 22985 63206
6954.67 23070 63788
6944.83 23014 63329
6811.83 23102 63788
6812.83 23060 63514
7047 22880 63468
9342.5 28741 64163
9346.17 28728 64163
9541.33 28348 64163
9361.33 28446 64163
9216.17 28974 64163
9223.5 28926 64163
9282.33 28813 64163
11493.7 33648 65682
6731 23373 62294
6707.83 23304 61974
6627.33 23261 61622
6634.83 23099 61622
1351.5 2007 6686
805.5 2314 7495
952.667 2299 7495
1018.5 2252 7495
729.833 2058 6906
742.5 2112 6974
714.5 2010 6686
891.667 2027 6974
1446 2209 7207
881.167 2145 7194
757.833 2160 7194
777.5 2212 7207
1511.5 2002 6974
1492.5 2015 6974
1546 1975 6974
729.5 1980 6596
688.833 1753 5054
716.167 1957 6583
653.167 1832 6385
672.833 1807 6075
412 517 1201
336 359 913
336 312 0
805.5 1105 1734
910.5 1082 1734
288 347 288
288 318 0
724 1133 1734
920.5 1075 1734
1134.5 1442 2455
1136.5 1407 2883
949.5 1457 2883
4471.33 13108 29281
4693.17 12903 29281
4530 13065 29281
4713.17 12747 29281
4805 12744 29281
5194.67 12721 29281
4488.5 13097 29281
4545.33 12974 29281
4708 12895 28708
3834.83 12405 25716
4431 13620 29281
5260.83 16195 35486
5797.83 15544 35486
5266 16065 35486
5636.17 15556 35486
5315.83 15809 35486
5532.17 15709 35486
5899.17 15469 35486
5903 15439 35486
1750.83 4955 15744
2546 7662 16523
3085 7454 16523
2556.67 7489 16523
2473.33 7675 16523
2547.33 7655 16523
4322.17 9611 19208
3211.17 10341 22473
3254.5 10304 22733
3222 10297 22430
3184.5 10375 22733
3478.17 10170 22733
3261.83 10302 22733
3267.83 10266 22229
3249 10358 22733
3213.5 10109 22122


406 449 766
406 406 0
2404 2653 5160
1185.33 3328 8252
1132 3121 7354
1190.67 3282 8252
1232.33 3059 8252
1183.67 2935 7618
1208.67 3091 8252
1213 3077 8252
1181.33 3362 8252
1156 3217 7452
797 937 2878
1757 2010 3128
1277 1406 2907
1102 2140 3471
1053 2158 4421
804 2186 4421
1053.5 2156 4421
1065 2146 4421
1838 3732 10334
1801 3696 10246
1554 3834 10351
2891 3664 10363
1854 3731 10347
1866.5 3771 10585
1814 3805 10829
1861 3795 11083
1318.17 4009 10624
1348.17 4084 10768
1360.17 4142 11083
1811.33 3862 11083
1628.5 4003 11083
1708.5 3892 11083
3497.5 12352 35987
3779.67 12286 35987
3836.67 12350 36318
3826.17 12337 36168
8549.33 17974 37958
6483.67 18536 38577
7056.67 18133 38577
6769.5 18437 38577
6964.17 18308 38577
6225.17 18569 38577
3511.83 12353 36510
3812.67 12385 36865
3521.5 12416 36865
7673 21473 48844
7600.83 21479 48844
8042.83 21460 48844
7525.17 21640 49433
7527.17 21620 49433
7536.5 21606 49433
6893.17 21647 49116
6849.83 21649 49116
6546.83 21650 49433
7004 21643 49433
6544.33 21832 49433
6917.83 21513 48844
7205 21550 49023
6658.17 21562 48844
7346 21189 45394
7426.5 21110 45394
7289.5 21293 45394
7440.17 21060 45394
7253.67 21308 45394
8916 20971 45394
7886 20399 43481
5089 7372 14237
4338.33 6731 14138
2296.67 7928 23496
2265.33 7817 23215
2551.17 7927 24009
2312 7956 24009
2430.17 7831 23433
2555.17 7870 23439
2517.83 7765 23229
2648.5 7891 24009
2913.17 7872 24009
2442.5 7935 24009
9654 32186 69070
9493.5 32200 69070
10028.7 32037 69070
9905 32168 69070
9158.5 31093 68588
10067.7 30940 67822
9802.67 31053 67822
9908.67 30952 68588
9947.5 30942 68588
11615.3 30468 68588
10094.5 29885 67266
10563.7 30162 68267
10249.3 30195 68267
10744.7 30136 68267
10764.5 30074 68267
10571 30154 68267
10685.3 30139 68267
10764.3 30092 68267
10835 29983 67736
10772.3 29990 67736
10478.2 29858 67266
10660.7 29780 67266
10531.8 29825 67266
10564.2 30476 68588
9894.5 30845 67289
9431.67 30885 67289
9428.67 30895 67289
9421.33 30907 67289
9590.5 30952 67470
9299 30940 67289
9444 30882 67289
9223 30229 66825
9183.33 30078 66033
9544.5 30073 66033
8885.33 30319 66825
9547.5 30051 66033
11615.7 28844 57220
10593.2 28921 57220
11156.5 28887 57220
12094 28538 57220
11672.3 28616 57220


5223.83 17344 54748
5365.83 17167 54748
4920.83 17414 54295
4845.5 17102 52755
4887.5 17262 53409
5674.5 17137 54748
5689 17123 54748
5433.5 17151 54748
5763.67 17062 54748
5299.67 17254 54748
7293.67 22373 55902
7292 22376 55902
7288.33 22377 55902
7562.67 21893 55377
7576 21891 55377
7309.83 21999 55377
6910.17 22278 55377
7187.33 22201 55377
7294 22113 55377
6783 21988 55002
6785.83 21937 55002
6899.17 21903 55002
6716.33 22040 55002
7830 21710 54959
7422.67 21786 54959
7326 21884 55002
8347.83 22016 56011
7039.83 22604 57119
6983.17 22592 56939
7269.33 22442 56947
7048.67 22601 57119
8269.5 22306 57644
7949.33 22448 57644
7925.5 22346 56817
6932.33 22403 56587
8244.5 22225 57045
8235.83 22284 57045
8037.83 22353 57045
8209.83 22240 56817
8224.5 22158 56817
8268.5 22807 59069
7368.5 22953 59069
8249.83 22308 57644
8248.33 22334 57644
8144.5 22421 57644
8355 22282 57644
8186.83 22399 57644
8020 22437 57644
7062.67 22888 57730
7100.83 22858 57644
6966 22735 57119
7039.17 22634 57119
7237.67 22573 56947
7456.17 22707 58352
7524.17 22449 57644
7359.5 22465 57644
7224.5 22607 57644
7244.67 22484 57644
7559.67 22574 58229
8880.33 22677 59069
8574.33 22705 59069
6653.33 23369 61685
6655 23346 61685
6673.83 23314 61685
6657.17 23332 61685
6680.83 23248 60858
7541.5 23055 60184
7452.67 23244 60184
7960.67 23054 60184
8365.17 23722 61722
8545 22952 60184
8448 23027 60184
7376.5 23083 59304
7399.33 23016 59645
7493.83 22848 59304
7457.67 22748 58682
9955.33 26022 66018
10058.2 26011 66018
10095.2 25923 66018
9290.33 26072 66018
9551.83 26023 66018
9389 26151 66747
9050.5 26218 66747
9050.17 26238 66747
9145.67 26230 67035
7833.67 26374 67290
7724.5 26312 66644
7731.83 26392 67318
7715.17 26357 66972
7714.5 26415 66972
7721.83 26447 67255
7826.67 26280 67220
7640.83 26217 66427
8352.83 26245 67376
7728.5 26410 67557
7744.17 26441 67573
7708.17 26450 68176
8308.33 26307 68176
8692.5 25825 63570
8848 25096 63362
9516.67 24990 63362
8125.5 25968 64514
7860 26082 64514
8695.33 25927 64514
9734.5 25832 65062
8412.17 23652 61722
8309.83 23735 61722
8230.83 23752 61722
8369.17 23717 61722
7860.33 26055 64045
7835.5 25905 63995
7771.5 26060 63570
6996.67 24430 63058
6912 24190 62770
7874.33 25314 63108
7483.33 25508 63362
7491.67 25348 63362
7994.17 25198 63362
6778.33 23850 62103
6795 23958 62458
8441.83 23977 62717
11781.8 34263 69035
11872.5 34203 69035
11952 33999 69035
11162 35049 69035
11705.7 34382 69035
11727.2 34306 69035
470.5 615 1367
767 928 2243
477 567 1134
623 741 1934
489 566 1163
568 643 1571
228 282 849
228 258 0
1695.83 3455 8636
1623.83 3314 8111
2032.67 3419 14053
1203.5 3892 14257
1216.83 3973 14523
1217.17 3954 14523
1339.33 3926 14523
1183.83 3853 13688
1208.17 3863 14010
1186.5 3804 13525
1190.5 3813 13720
1398.83 3518 14053
1539.5 3796 14523
1648.83 3773 14523
1032.5 1514 4412
906 1661 4412
927 1592 4412
896.5 1327 4124
1160 1366 4412
815.833 2082 6857
4829 16595 52467
4801 16463 51702
4887.17 17200 52971
4921.5 17432 54748
5209.5 17378 54748
5289.5 17306 54748
5190.83 17184 53804
4788.17 16859 52467
6443.17 14217 31287
5971.33 14439 31287
7730.5 15709 34607
7361.83 15719 34607
4679.33 16083 49357
4705 16137 49840
5080.5 14577 31287
5577 14478 31287
5572.33 14508 31287
4754.67 16354 50625
4710.67 16201 50192
4733 16393 51190
4689.17 16528 51237
4722.17 16690 51819
4776.67 7428 15515
3452.67 9252 15698
3562.83 8923 14995
4651.33 8731 16300
4750.67 13263 28497
5112 13106 28497
5207.5 12928 28497
5148.17 13024 28497
5251 12907 28497
5486.83 12631 28497
5323.5 12662 28497
5276 12715 28497
5834.67 12613 28497
4681 11558 23850
4546.33 11562 23850
4686 11544 23850
6698.67 10103 18369
5831.67 10952 18942
4612.17 11281 19275
4703 11056 19776
5852.83 11001 19735
5169.17 10492 16663


7406.33 22556 59378
7520.67 22533 59378
9059 22452 59378
9032.33 22457 59378
8812 22464 59378
6526.17 22538 58882
6453.33 22367 58614
6453.67 22365 58614
6427.5 22223 58308
7202 22096 58045
6505.67 22572 59378
6566 22877 59799
6415.5 22112 57942
8419 24178 61559
8327.5 24249 61559
8231 24364 61559
8326.83 24292 61559
7513.83 24332 61061
7086.5 24337 61061
7868.67 23867 60980
8200.17 23811 60980
7213.5 23921 60154
6984 23998 60154
7120.5 23958 60154
8563.67 23754 60980
8298 23775 60980
8498 23770 60980
8618.33 23732 60980
7427.33 24725 62475
7587.67 24646 62512
7172.17 24506 61674
7340.83 24960 62886
7272.17 24747 62394
7564.67 24648 62512
8481.67 24384 62512
7627.67 24496 63078
7487.67 25114 64065
7418.83 24925 63783
7390.33 25083 63384
7404.33 24739 63384
7769.83 24563 63384
7632.5 24707 63384
8146.5 24509 63384
7635.5 24596 63384
7609.33 25617 65310
7588.33 25461 64993
7952.83 25134 64569
7588.67 25434 64993
7591.33 25433 64993
7498 25144 64569
8776.67 25371 66403
8517.17 25447 66403
8267 25458 66403
7680.67 25633 66088
8465.17 25280 65617
8199 26247 66757
8249 26084 66757
7644.83 25477 65713
8006.83 25386 65713
8681.5 25753 66437
8437.33 25915 66437
7697 25750 66403
7873.83 25691 66403
7731.83 25707 66403
8347.83 25935 66757
8337.67 26068 66757
8572.67 25865 66757
8122.67 26282 66757
8051.33 26362 66757
8401.83 28538 69032
8224.33 25545 66403
8952.17 25314 66403
8086.83 26301 66757
8100 26127 66405
7990.33 26378 66757
8132.17 26266 66757
8216.33 26213 66757
224 234 0
224 273 533
378 395 634
362 469 634
728.5 1173 2563
704.5 1207 3558
718 1184 3558
811.5 1177 3558
988 1149 2563
685.5 1241 3558
475 565 1732
572 711 2366
1207 3765 13684
1225.33 3834 13744
1213.67 3638 13090
1327.33 3624 13090
1236.67 3766 13713
1179.5 3702 13090
1241.33 3731 13773
1329.17 3611 13228
1206.83 3837 13773
1241 3751 13773
1205.67 3592 13036
1287 3965 14421
1257.83 3940 14046
1272 3803 13991
1248.67 3974 14421
1287.33 3923 14421
1285 3968 14421
1271 3892 14075
1291 3882 14046
1296.33 3907 14133
2045.67 2795 4278
2317 2922 6053
2132.83 3569 6230
8115.83 21377 36447
8939.17 21829 37303
8198 20404 35151
6995.83 17787 34726
8372.67 17562 34726
7682.33 17665 34726
7230.17 17666 34726
7786.33 17624 34726
8374.83 17343 34726
8372.17 17604 34726
6280.17 17432 33703
6062.5 17450 33703
5645 15164 32825
5885 14921 32825
5008.33 15289 32825
5743.83 15092 32825
5754.33 14927 32825
5478.17 14893 32505
5579 14836 32505
5653.5 15161 32825
5380.33 14957 32505
5923.17 14878 32825
5655.5 15125 32825
5577.83 13880 28959
6082.67 13351 28959
7261.17 13245 28959
5903.5 13835 28959
8821.67 22083 37682
10424.8 21313 41933
5908.17 9678 19701
3235.83 10301 24421
3179.5 10472 24994
3200 10296 24136
3213.33 10317 24994
3179.5 10491 24994
4163.33 9834 16520
4439.17 8826 16852
4087.83 9180 16446
3389 7976 14871
4603.33 10051 17146
4356 7978 15188


8761 25691 64233
7900 25796 64233
7733.33 25831 64233
7736.33 25797 64233
7732.33 25843 64233
7703.5 25940 64233
7978.67 27208 64300
9653 25480 63375
9656.17 25467 64233
9630.67 25530 64233
9278.5 25549 64233
7669.67 25659 63286
9002 25546 63588
8461.5 25697 64233
8974.83 25566 64233
8764.67 25673 64233
7658.5 25763 63643
7707.17 25726 63922
8024 25772 64233
8212.67 27226 65612
8583.5 27190 65877
8259 27109 65612
8260.67 27083 65612
9024.83 26870 65612
8659.5 27174 65877
8622.5 26887 65612
8697.33 27066 65877
8981.17 27321 67232
8908.33 27355 67232
8956.33 27354 67232
9179.83 27289 67232
8822.5 27367 67232
8882.5 27203 66915
8833.67 27339 66915
9203.33 27251 67232
9084.33 26808 66603
8949 27030 66915
9135.5 27005 66915
8868 27596 67973
8948.33 27560 67973
9331.67 27550 67973
8533.17 27522 67232
8464.67 27604 67232
8436.5 27444 66701
8382.83 27482 66701
8380.33 27570 66701
8257.33 27224 66447
8230.67 27249 66447
8206.67 27396 66447
8547.17 27462 67232
8666.33 27801 67973
8788.83 27703 67973
8523.83 27886 68236
9074.67 27817 68236
8796.33 27865 68236
8219 28492 69469
8305.33 28346 70719
8522.83 28340 71042
8442.83 28409 71042
8546.17 28295 71042
8352 28502 71042
8267.33 28644 71042
8313.33 28505 71042
8420.17 28423 71042
8509.67 28067 70621
8550.83 28238 71042
8474.67 28348 71042
8360.17 28487 71042
8855.17 28036 69999
9341.83 27821 69999
9295.83 27858 69999
9057 27898 69999
9014.67 27908 69999
8268.67 28220 69999
8221 28214 69818
8293 28239 70100
8225.33 28485 70359
10339 31098 73770
9507.67 31218 73770
9338.17 31319 73770
9661.83 31183 73770
10155.2 31146 73770
9918.5 31164 73770
10345.2 31076 73770
10454.7 30613 72453
8646 29555 72386
8582.33 29735 72386
8591.67 29711 72386
9147.33 30614 73200
9260.17 29087 71655
9105.83 29113 71655
8558.83 29129 71655
8535.83 29477 71649
8424.67 28724 71343
8993.17 28525 71343
8872.5 29342 72386
8898.67 29325 72386
9098 29128 72386
238 285 260
238 260 0
751 904 3187
663 732 2504
548 557 1761
636 729 2444
278 294 814
624 751 2373
435 503 1690
266 308 743
320 328 947
1441.33 4001 12181
1447.17 4280 13110
1480 4159 13110
1507.33 3989 13110
1149 1349 3838
1133 1358 3838
886.667 2310 8006
850.833 2357 8006
885.333 2132 7361
816.833 2364 8006
887 2295 8006
848.667 2149 7315
1312 2271 8006
844.333 2153 7553
1266 2198 7709
6301.5 19160 42303
6433.67 18870 42303
6492.17 18564 42303
8856.17 22330 42890
8045.33 22836 42890
8146.5 22803 42890
8840.83 22341 42890
8619.67 22387 42890
8421 22434 42890
8602.5 22398 42890
9850.5 24439 44356
14124 24292 45159
11457.2 24460 45159
9568.67 25392 47752
9808.67 25276 47752
12247.7 24326 45159
2222.17 7618 24095
2156.17 7432 24052
2299 7272 22970
2215.5 7626 24490
2876.33 7489 24490
2345.5 7518 24490
2219.17 7622 24490
2210.5 7642 24490
10882.8 24470 48982
10664.2 24600 48982
10881.8 24489 48982
10762.5 24513 48982
10952.5 24467 48982
10723.5 24564 48982
6854.83 14033 26439
5858.17 14314 29178
5834.5 13586 26426
5407.5 15399 33006
5389.67 15425 33006
5478.5 15276 33006
5753.33 15248 33006
6041 15226 33006


9062.83 28757 68175
8962.17 29108 68175
9294.83 28744 68175
8981.17 28811 68175
9062.67 28761 68175
8903 29896 68175
8935 29318 68175
8896.83 29976 68175
8593.83 30010 68175
8638 26559 62785
7289.67 23403 59033
7509.67 23350 59033
7384.17 23358 59033
6880.67 21186 53478
6565.83 20397 52103
6344.67 20064 52029
6226.33 20320 52029
6335.67 20140 52029
6316.67 20189 52029
6362.17 20055 52029
6180 19641 51568
6062.17 19794 51568
6278.17 19595 51568
6477.83 19551 51568
6789.83 20713 52798
6696.83 20741 52798
6637 20775 52798
6577.33 20492 52409
6514.33 20794 52409
6043.67 19407 50731
6083.5 19438 51138
6427.83 19381 50883
7043 21014 53478
7036 21022 53478
6979 21081 53478
7037 21018 53478
8261.5 22200 56186
8368.83 22181 56186
8374.17 22171 56186
6926.83 21478 55143
7100.33 21387 55143
6978.83 21437 55143
7946.17 21671 55840
7582 22279 56186
7315.17 21817 55840
7022.33 21183 54198
7087.67 21274 54622
7031.83 21395 54622
7050 21129 54198
8149.17 22944 57993
7962 23143 57993
7420.83 22737 57213
7436.33 22676 57213
7694.83 22601 57213
7340.5 22561 56797
7350.67 22556 56797
7481 23178 58325
7025.17 23966 60288
7078.17 23846 60288
7160.17 23645 59603
7451 23655 60288
7286.5 23752 60288
7254.17 23781 60288
7402.5 23723 60288
7439 23689 60288
7108.83 23472 59033
8089.67 22971 57532
8395 22115 56523
8269.17 22259 56797
8098 22735 57532
7352 22544 56797
7422.83 22290 56797
7654.33 22664 57213
7784.83 22509 57213
7289.33 22836 56797
7416.5 23505 59603
7406.83 23538 59603
7750.5 24885 61409
8268.67 24703 61409
8266 24706 61409
7352.17 23197 58325
7624.33 26432 62484
7673.83 26268 62163
7660.83 26382 62484
7548 26295 62330
7814.83 24799 61409
7827.5 24459 60870
8008.67 24286 60870
7271.83 24609 61084
7645 24912 61409
7050 24647 61084
7259.17 24629 61084
7436.33 24462 61084
7418.17 24512 61084
7644.33 25114 61792
7218.67 25116 61109
7205.67 25163 61792
8035.67 27128 63958
7777 26976 63899
7774 26979 63899
7779 26954 63899
7939.83 26835 63899
8463.17 26179 62330
8402.67 25847 62058
7984 26263 62330
7989.33 26318 62484
7445 25906 62058
8618.83 26574 63326
7652 26608 63326
7649.33 26632 63326
8495 26818 63899
8122.67 27473 64502
8323.83 27407 64502
8121.33 27500 64822
8325.83 27369 64502
8011 27144 64439
8010.67 27159 64439
8674.5 26985 64439
9690.33 28525 65520
9323.5 27549 65197
10059.5 27291 65197
9492.83 27371 65197
9346.33 27431 65197
9656.33 27366 65197
9728.17 27301 65197
8856.67 28729 65520
9087.33 28652 65520
8927 28722 65520
9044.33 28681 65520
9098.83 28541 65520
8427.5 29345 66947
8891.5 28877 67340
8788.83 29064 67630
9064.17 28710 67588
9188.33 28629 67432
8887.17 28970 67599
9238.67 28685 67642
8786.83 29037 66901
8784.5 29288 66873
8684.67 29320 66858
8445.83 29436 67377
8981.17 28124 65197
8865.33 28188 65197
8960.33 28136 65197
8523.5 28447 65197
9302.5 27972 65197
588 620 935
256 278 0
256 314 858
1225.5 1724 4953
1230.5 1658 4953
983.333 2205 4775
1127 2195 4801
974 2297 5231
947.333 2457 5231
1071.17 2285 5231
1000 1183 3082
994 1221 3082
761 948 2658
807 940 2555
1323 2484 6820
1322 2619 7316
1370.5 2606 7316
993.167 2929 9624
970.5 2930 9624
996.833 2926 9624
918.167 2696 9249
1006.83 2907 9624
1031 2744 9624
4076.17 13229 29529
4118.5 13220 30172
4179.5 13080 29989
5154.17 13043 29989
3970.17 13240 30516
4130.5 13187 30516
4148.5 11819 27995
4602.33 11779 27995
7231.5 16307 31333
7568.83 16316 31632
6305 17324 33858
5901.5 17439 33858
6389.17 17283 33858
7103.83 17254 33858
7007.67 16990 31617
4837.17 10893 22521
3692.67 5620 9728
3156.67 5764 11129
2220.83 6677 19756
2135.83 6822 20180
2195.83 6558 19342
2222.33 6661 20180
2138 6780 20180
2191 6761 20180
2363.5 6518 20180
2309.83 6268 19604
2363.67 6498 20180
2093.17 6851 20180
3154.5 6169 11923
8794.33 19373 36781


