580 791 2828
363 480 1523
441 612 2305
238 301 782
434 500 1568
276 307 786
245 413 1519
126 214 0
126 237 737
580 791 2828
441 612 2305
363 480 1523
276 307 786
245 413 1519
126 214 0
126 237 737
434 500 1568
238 301 782
580 791 2828
245 413 1519
441 612 2305
363 480 1523
434 500 1568
276 307 786
126 214 0
126 237 737
238 301 782
580 791 2828
363 480 1523
441 612 2305
434 500 1568
245 413 1519
276 307 786
126 214 0
238 301 782
126 237 737
580 791 2828
441 612 2305
245 413 1519
434 500 1568
126 214 0
363 480 1523
276 307 786
126 237 737
238 301 782
580 791 2828
441 612 2305
363 480 1523
245 413 1519
434 500 1568
238 301 782
126 214 0
276 307 786
126 237 737
363 480 1523
580 791 2828
441 612 2305
245 413 1519
434 500 1568
126 237 737
238 301 782
276 307 786
126 214 0
580 791 2828
441 612 2305
363 480 1523
245 413 1519
434 500 1568
276 307 786
126 214 0
126 237 737
238 301 782
580 791 2828
363 480 1523
245 413 1519
441 612 2305
126 214 0
434 500 1568
126 237 737
276 307 786
238 301 782
245 413 1519
580 791 2828
441 612 2305
363 480 1523
238 301 782
126 237 737
276 307 786
434 500 1568
126 214 0
580 791 2828
441 612 2305
363 480 1523
126 237 737
126 214 0
245 413 1519
238 301 782
434 500 1568
276 307 786
580 791 2828
441 612 2305
245 413 1519
363 480 1523
276 307 786
434 500 1568
126 214 0
126 237 737
238 301 782
580 791 2828
363 480 1523
441 612 2305
245 413 1519
126 237 737
276 307 786
434 500 1568
238 301 782
126 214 0
580 791 2828
434 500 1568
441 612 2305
245 413 1519
363 480 1523
238 301 782
126 237 737
276 307 786
126 214 0
580 791 2828
441 612 2305
363 480 1523
126 237 737
434 500 1568
126 214 0
245 413 1519
238 301 782
276 307 786
580 791 2828
441 612 2305
126 237 737
276 307 786
126 214 0
363 480 1523
434 500 1568
238 301 782
245 413 1519
580 791 2828
441 612 2305
434 500 1568
245 413 1519
238 301 782
363 480 1523
276 307 786
126 214 0
126 237 737
580 791 2828
441 612 2305
245 413 1519
434 500 1568
238 301 782
363 480 1523
276 307 786
126 214 0
126 237 737
580 791 2828
441 612 2305
363 480 1523
245 413 1519
126 237 737
126 214 0
238 301 782
276 307 786
434 500 1568
580 791 2828
441 612 2305
245 413 1519
363 480 1523
434 500 1568
276 307 786
126 214 0
126 237 737
238 301 782
808 976 2828
853 959 2828
441 612 2305
245 413 1519
363 480 1523
434 500 1568
276 307 786
238 301 782
126 214 0
126 237 737
664 791 2828
441 612 2305
245 413 1519
363 480 1523
276 307 786
126 214 0
434 500 1568
126 237 737
238 301 782
744 852 2828
441 612 2305
245 413 1519
363 480 1523
276 307 786
126 237 737
434 500 1568
126 214 0
238 301 782
667 811 2828
441 612 2305
363 480 1523
434 500 1568
245 413 1519
126 214 0
238 301 782
126 237 737
276 307 786
667 811 2828
441 612 2305
245 413 1519
363 480 1523
434 500 1568
276 307 786
126 214 0
126 237 737
238 301 782
706 828 2828
441 612 2305
703 836 2828
245 413 1519
126 237 737
434 500 1568
238 301 782
363 480 1523
126 214 0
276 307 786
441 612 2305
363 480 1523
238 301 782
126 237 737
245 413 1519
276 307 786
126 214 0
434 500 1568
622 828 2828
441 612 2305
245 413 1519
276 307 786
126 237 737
126 214 0
434 500 1568
363 480 1523
238 301 782
892 976 2828
441 612 2305
245 413 1519
238 301 782
363 480 1523
126 237 737
126 214 0
276 307 786
434 500 1568
808 976 2828
441 612 2305
245 413 1519
363 480 1523
434 500 1568
276 307 786
238 301 782
126 237 737
126 214 0
744 852 2828
441 612 2305
363 480 1523
245 413 1519
434 500 1568
238 301 782
126 237 737
126 214 0
276 307 786
731 907 2828
441 612 2305
434 500 1568
363 480 1523
126 214 0
245 413 1519
276 307 786
238 301 782
126 237 737
808 976 2828
245 413 1519
363 480 1523
441 612 2305
276 307 786
434 500 1568
126 214 0
126 237 737
238 301 782
731 907 2828
363 480 1523
441 612 2305
434 500 1568
238 301 782
245 413 1519
276 307 786
126 237 737
126 214 0
580 791 2828
441 612 2305
363 480 1523
276 307 786
126 237 737
238 301 782
126 214 0
245 413 1519
434 500 1568
441 612 2305
245 413 1519
434 500 1568
363 480 1523
126 214 0
238 301 782
276 307 786
126 237 737
619 836 2828
441 612 2305
363 480 1523
434 500 1568
126 214 0
245 413 1519
276 307 786
238 301 782
126 237 737
664 791 2828
441 612 2305
363 480 1523
245 413 1519
434 500 1568
276 307 786
126 214 0
126 237 737
238 301 782
441 612 2305
245 413 1519
434 500 1568
363 480 1523
126 214 0
238 301 782
276 307 786
126 237 737
895 996 2828
441 612 2305
363 480 1523
276 307 786
245 413 1519
434 500 1568
238 301 782
126 214 0
126 237 737
126 214 0
126 237 737
276 307 786
238 301 782
434 500 1568
363 480 1523
245 413 1519
441 612 2305
580 791 2828
276 307 786
434 500 1568
126 214 0
238 301 782
363 480 1523
245 413 1519
126 237 737
441 612 2305
580 791 2828
238 301 782
126 237 737
126 214 0
276 307 786
434 500 1568
363 480 1523
441 612 2305
245 413 1519
580 791 2828
126 214 0
126 237 737
276 307 786
238 301 782
434 500 1568
363 480 1523
245 413 1519
441 612 2305
580 791 2828
238 301 782
126 214 0
363 480 1523
126 237 737
245 413 1519
276 307 786
434 500 1568
441 612 2305
580 791 2828
126 237 737
276 307 786
434 500 1568
245 413 1519
238 301 782
126 214 0
363 480 1523
441 612 2305
580 791 2828
126 237 737
276 307 786
126 214 0
238 301 782
434 500 1568
245 413 1519
363 480 1523
441 612 2305
580 791 2828
126 214 0
238 301 782
276 307 786
434 500 1568
126 237 737
363 480 1523
245 413 1519
441 612 2305
580 791 2828
126 214 0
245 413 1519
434 500 1568
238 301 782
126 237 737
276 307 786
363 480 1523
441 612 2305
580 791 2828
434 500 1568
126 237 737
126 214 0
238 301 782
276 307 786
245 413 1519
441 612 2305
363 480 1523
580 791 2828
126 237 737
126 214 0
238 301 782
276 307 786
245 413 1519
363 480 1523
434 500 1568
441 612 2305
580 791 2828
276 307 786
126 237 737
238 301 782
434 500 1568
126 214 0
363 480 1523
245 413 1519
441 612 2305
580 791 2828
238 301 782
126 214 0
434 500 1568
276 307 786
126 237 737
245 413 1519
441 612 2305
363 480 1523
580 791 2828
126 237 737
238 301 782
276 307 786
126 214 0
434 500 1568
363 480 1523
245 413 1519
441 612 2305
580 791 2828
238 301 782
363 480 1523
126 214 0
276 307 786
126 237 737
434 500 1568
245 413 1519
441 612 2305
580 791 2828
276 307 786
238 301 782
126 214 0
363 480 1523
434 500 1568
126 237 737
245 413 1519
441 612 2305
580 791 2828
126 214 0
363 480 1523
238 301 782
126 237 737
276 307 786
434 500 1568
245 413 1519
441 612 2305
580 791 2828
126 237 737
238 301 782
276 307 786
434 500 1568
126 214 0
245 413 1519
363 480 1523
441 612 2305
580 791 2828
434 500 1568
126 237 737
276 307 786
238 301 782
245 413 1519
126 214 0
441 612 2305
363 480 1523
580 791 2828
126 214 0
276 307 786
238 301 782
126 237 737
245 413 1519
434 500 1568
363 480 1523
441 612 2305
580 791 2828
238 301 782
245 413 1519
363 480 1523
126 237 737
276 307 786
434 500 1568
126 214 0
441 612 2305
580 791 2828
238 301 782
276 307 786
126 214 0
126 237 737
245 413 1519
434 500 1568
580 791 2828
441 612 2305
363 480 1523
434 500 1568
276 307 786
126 214 0
126 237 737
245 413 1519
238 301 782
363 480 1523
441 612 2305
580 791 2828
434 500 1568
276 307 786
126 214 0
126 237 737
245 413 1519
238 301 782
363 480 1523
441 612 2305
580 791 2828
126 214 0
441 612 2305
580 791 2828
245 413 1519
363 480 1523
434 500 1568
238 301 782
126 237 737
276 307 786
126 214 0
441 612 2305
580 791 2828
245 413 1519
363 480 1523
434 500 1568
238 301 782
126 237 737
276 307 786
126 237 737
363 480 1523
238 301 782
126 214 0
580 791 2828
245 413 1519
276 307 786
434 500 1568
441 612 2305
126 237 737
363 480 1523
238 301 782
126 214 0
580 791 2828
245 413 1519
276 307 786
434 500 1568
441 612 2305
126 214 0
238 301 782
276 307 786
363 480 1523
434 500 1568
245 413 1519
126 237 737
664 791 2828
441 612 2305
126 214 0
238 301 782
276 307 786
363 480 1523
434 500 1568
245 413 1519
126 237 737
664 791 2828
441 612 2305
126 237 737
238 301 782
276 307 786
126 214 0
441 612 2305
434 500 1568
245 413 1519
580 791 2828
363 480 1523
126 237 737
238 301 782
276 307 786
126 214 0
441 612 2305
434 500 1568
245 413 1519
580 791 2828
363 480 1523
126 214 0
276 307 786
126 237 737
238 301 782
434 500 1568
363 480 1523
580 791 2828
441 612 2305
245 413 1519
126 214 0
276 307 786
126 237 737
238 301 782
434 500 1568
363 480 1523
580 791 2828
441 612 2305
245 413 1519
126 214 0
434 500 1568
276 307 786
126 237 737
238 301 782
363 480 1523
580 791 2828
441 612 2305
245 413 1519
238 301 782
126 237 737
126 214 0
276 307 786
434 500 1568
363 480 1523
245 413 1519
580 791 2828
441 612 2305
238 301 782
126 237 737
126 214 0
276 307 786
434 500 1568
363 480 1523
245 413 1519
580 791 2828
441 612 2305
238 301 782
126 214 0
126 237 737
276 307 786
434 500 1568
441 612 2305
363 480 1523
245 413 1519
580 791 2828
238 301 782
126 214 0
126 237 737
276 307 786
434 500 1568
441 612 2305
363 480 1523
245 413 1519
580 791 2828
126 237 737
126 214 0
276 307 786
245 413 1519
238 301 782
363 480 1523
434 500 1568
580 791 2828
441 612 2305
441 612 2305
363 480 1523
580 791 2828
238 301 782
126 214 0
434 500 1568
245 413 1519
126 237 737
276 307 786
580 791 2828
441 612 2305
363 480 1523
434 500 1568
126 237 737
245 413 1519
126 214 0
238 301 782
276 307 786
245 413 1519
441 612 2305
580 791 2828
434 500 1568
363 480 1523
276 307 786
126 237 737
126 214 0
238 301 782
441 612 2305
580 791 2828
434 500 1568
245 413 1519
276 307 786
126 214 0
363 480 1523
238 301 782
126 237 737
580 791 2828
434 500 1568
363 480 1523
441 612 2305
245 413 1519
126 237 737
276 307 786
126 214 0
238 301 782
441 612 2305
580 791 2828
363 480 1523
434 500 1568
245 413 1519
126 214 0
238 301 782
126 237 737
276 307 786
580 791 2828
434 500 1568
441 612 2305
276 307 786
126 214 0
126 237 737
245 413 1519
238 301 782
363 480 1523
441 612 2305
580 791 2828
245 413 1519
363 480 1523
434 500 1568
276 307 786
238 301 782
126 214 0
126 237 737
580 791 2828
441 612 2305
245 413 1519
434 500 1568
276 307 786
238 301 782
363 480 1523
126 237 737
126 214 0
441 612 2305
580 791 2828
245 413 1519
434 500 1568
363 480 1523
126 237 737
126 214 0
276 307 786
238 301 782
245 413 1519
580 791 2828
441 612 2305
434 500 1568
276 307 786
363 480 1523
126 214 0
126 237 737
238 301 782
580 791 2828
441 612 2305
245 413 1519
276 307 786
434 500 1568
126 237 737
363 480 1523
238 301 782
126 214 0
580 791 2828
363 480 1523
441 612 2305
245 413 1519
126 237 737
434 500 1568
276 307 786
238 301 782
126 214 0
580 791 2828
441 612 2305
363 480 1523
245 413 1519
126 214 0
434 500 1568
126 237 737
276 307 786
238 301 782
580 791 2828
441 612 2305
245 413 1519
363 480 1523
238 301 782
276 307 786
126 237 737
126 214 0
434 500 1568
580 791 2828
441 612 2305
245 413 1519
363 480 1523
126 237 737
276 307 786
434 500 1568
126 214 0
238 301 782
580 791 2828
441 612 2305
434 500 1568
126 214 0
245 413 1519
276 307 786
126 237 737
238 301 782
363 480 1523
441 612 2305
580 791 2828
245 413 1519
434 500 1568
363 480 1523
126 237 737
276 307 786
238 301 782
126 214 0
441 612 2305
580 791 2828
245 413 1519
363 480 1523
126 214 0
434 500 1568
238 301 782
276 307 786
126 237 737
580 791 2828
441 612 2305
363 480 1523
126 214 0
126 237 737
238 301 782
245 413 1519
276 307 786
434 500 1568
664 791 2828
664 768 2091
664 791 2828
525 612 2305
434 500 1568
241.5 413 1519
276 307 786
238 301 782
122.5 237 737
576.5 791 2828
437.5 612 2305
434 500 1568
359.5 480 1523
241.5 413 1519
276 307 786
238 301 782
122.5 237 737
122.5 214 0
