441 612 2305
363 480 1523
580 791 2828
238 301 782
126 214 0
434 500 1568
245 413 1519
126 237 737
276 307 786


580 791 2828
441 612 2305
363 480 1523
434 500 1568
126 237 737
245 413 1519
126 214 0
238 301 782
276 307 786


245 413 1519
441 612 2305
580 791 2828
434 500 1568
363 480 1523
276 307 786
126 237 737
126 214 0
238 301 782


441 612 2305
580 791 2828
434 500 1568
245 413 1519
276 307 786
126 214 0
363 480 1523
238 301 782
126 237 737


580 791 2828
434 500 1568
363 480 1523
441 612 2305
245 413 1519
126 237 737
276 307 786
126 214 0
238 301 782


441 612 2305
580 791 2828
363 480 1523
434 500 1568
245 413 1519
126 214 0
238 301 782
126 237 737
276 307 786


580 791 2828
434 500 1568
441 612 2305
276 307 786
126 214 0
126 237 737
245 413 1519
238 301 782
363 480 1523


441 612 2305
580 791 2828
245 413 1519
363 480 1523
434 500 1568
276 307 786
238 301 782
126 214 0
126 237 737


580 791 2828
441 612 2305
245 413 1519
434 500 1568
276 307 786
238 301 782
363 480 1523
126 237 737
126 214 0


441 612 2305
580 791 2828
245 413 1519
434 500 1568
363 480 1523
126 237 737
126 214 0
276 307 786
238 301 782


245 413 1519
580 791 2828
441 612 2305
434 500 1568
276 307 786
363 480 1523
126 214 0
126 237 737
238 301 782


580 791 2828
441 612 2305
245 413 1519
276 307 786
434 500 1568
126 237 737
363 480 1523
238 301 782
126 214 0


580 791 2828
363 480 1523
441 612 2305
245 413 1519
126 237 737
434 500 1568
276 307 786
238 301 782
126 214 0


580 791 2828
441 612 2305
363 480 1523
245 413 1519
126 214 0
434 500 1568
126 237 737
276 307 786
238 301 782


580 791 2828
441 612 2305
245 413 1519
363 480 1523
238 301 782
276 307 786
126 237 737
126 214 0
434 500 1568


580 791 2828
441 612 2305
245 413 1519
363 480 1523
126 237 737
276 307 786
434 500 1568
126 214 0
238 301 782


580 791 2828
441 612 2305
434 500 1568
126 214 0
245 413 1519
276 307 786
126 237 737
238 301 782
363 480 1523


441 612 2305
580 791 2828
245 413 1519
434 500 1568
363 480 1523
126 237 737
276 307 786
238 301 782
126 214 0


441 612 2305
580 791 2828
245 413 1519
363 480 1523
126 214 0
434 500 1568
238 301 782
276 307 786
126 237 737


580 791 2828
441 612 2305
363 480 1523
126 214 0
126 237 737
238 301 782
245 413 1519
276 307 786
434 500 1568


