238 286 316
246.667 395 889
231.25 372 0
238 256 0
453.667 821 2301
379.667 587 1625
560.667 788 2301
379.667 575 1205
616.667 987 2617
542.667 753 1941
657.667 926 2617
453.667 800 1881
356.667 662 1565


231.25 372 0
246.667 395 889
238 256 0
238 286 316
379.667 587 1625
560.667 788 2301
453.667 821 2301
379.667 575 1205
657.667 926 2617
616.667 987 2617
542.667 753 1941
453.667 800 1881
356.667 662 1565


231.25 372 0
246.667 395 889
238 256 0
238 286 316
379.667 587 1625
560.667 788 2301
453.667 821 2301
379.667 575 1205
657.667 926 2617
616.667 987 2617
542.667 753 1941
453.667 800 1881
356.667 662 1565


238 256 0
231.25 372 0
238 286 316
453.667 821 2301
560.667 788 2301
657.667 926 2617
616.667 987 2617
379.667 575 1205
453.667 800 1881
542.667 753 1941
379.667 587 1625
356.667 662 1565
246.667 395 889


238 256 0
231.25 372 0
238 286 316
453.667 821 2301
560.667 788 2301
657.667 926 2617
616.667 987 2617
379.667 575 1205
453.667 800 1881
542.667 753 1941
379.667 587 1625
356.667 662 1565
246.667 395 889


238 256 0
231.25 372 0
238 286 316
453.667 821 2301
560.667 788 2301
657.667 926 2617
616.667 987 2617
379.667 575 1205
453.667 800 1881
542.667 753 1941
379.667 587 1625
356.667 662 1565
246.667 395 889


246.667 395 889
231.25 372 0
238 286 316
238 256 0
379.667 575 1205
379.667 587 1625
542.667 753 1941
356.667 662 1565
616.667 987 2617
560.667 788 2301
453.667 821 2301
657.667 926 2617
453.667 800 1881


246.667 395 889
231.25 372 0
238 286 316
238 256 0
379.667 575 1205
379.667 587 1625
542.667 753 1941
356.667 662 1565
616.667 987 2617
560.667 788 2301
453.667 821 2301
657.667 926 2617
453.667 800 1881


246.667 395 889
453.667 800 1881
356.667 662 1565
231.25 372 0
238 256 0
453.667 821 2301
379.667 575 1205
238 286 316
379.667 587 1625
542.667 753 1941
560.667 788 2301
616.667 987 2617
657.667 926 2617


238 256 0
238 286 316
231.25 372 0
616.667 987 2617
657.667 926 2617
560.667 788 2301
453.667 821 2301
379.667 575 1205
453.667 800 1881
542.667 753 1941
246.667 395 889
356.667 662 1565
379.667 587 1625


238 256 0
238 286 316
231.25 372 0
616.667 987 2617
657.667 926 2617
560.667 788 2301
453.667 821 2301
379.667 575 1205
453.667 800 1881
542.667 753 1941
246.667 395 889
356.667 662 1565
379.667 587 1625


238 256 0
238 286 316
231.25 372 0
616.667 987 2617
657.667 926 2617
560.667 788 2301
453.667 821 2301
379.667 575 1205
453.667 800 1881
542.667 753 1941
246.667 395 889
356.667 662 1565
379.667 587 1625


238 256 0
246.667 395 889
238 286 316
379.667 575 1205
379.667 587 1625
231.25 372 0
453.667 800 1881
356.667 662 1565
657.667 926 2617
616.667 987 2617
453.667 821 2301
560.667 788 2301
542.667 753 1941


238 256 0
246.667 395 889
238 286 316
379.667 575 1205
379.667 587 1625
231.25 372 0
453.667 800 1881
356.667 662 1565
657.667 926 2617
616.667 987 2617
453.667 821 2301
560.667 788 2301
542.667 753 1941


238 256 0
238 286 316
231.25 372 0
616.667 987 2617
657.667 926 2617
379.667 575 1205
246.667 395 889
379.667 587 1625
356.667 662 1565
453.667 821 2301
560.667 788 2301
542.667 753 1941
453.667 800 1881


238 256 0
238 286 316
231.25 372 0
616.667 987 2617
657.667 926 2617
379.667 575 1205
246.667 395 889
379.667 587 1625
356.667 662 1565
453.667 821 2301
560.667 788 2301
542.667 753 1941
453.667 800 1881


238 256 0
231.25 372 0
238 286 316
616.667 987 2617
657.667 926 2617
453.667 800 1881
356.667 662 1565
379.667 587 1625
246.667 395 889
379.667 575 1205
542.667 753 1941
560.667 788 2301


238 256 0
231.25 372 0
238 286 316
616.667 987 2617
657.667 926 2617
453.667 800 1881
356.667 662 1565
379.667 587 1625
246.667 395 889
379.667 575 1205
542.667 753 1941
560.667 788 2301


238 256 0
231.25 372 0
238 286 316
616.667 987 2617
657.667 926 2617
453.667 800 1881
356.667 662 1565
379.667 587 1625
246.667 395 889
379.667 575 1205
542.667 753 1941
560.667 788 2301


246.667 395 889
238 256 0
231.25 372 0
238 286 316
356.667 662 1565
453.667 821 2301
379.667 587 1625
542.667 753 1941
560.667 788 2301
657.667 926 2617
616.667 987 2617
379.667 575 1205
453.667 800 1881


