708 944 2993
538 700 2173
495.5 767 1705
454 550 1239
595 807 2525
416 579 1591
501 567 1705
312 292 0
567 666 1754
348 405 934
312 335 771


595 807 2525
642 944 2993
495.5 767 1705
538 700 2173
312 335 771
501 567 1705
454 550 1239
567 666 1754
348 405 934
416 579 1591
312 292 0


642 944 2993
495.5 767 1705
538 700 2173
567 666 1754
595 807 2525
416 579 1591
501 567 1705
454 550 1239
312 335 771
312 292 0
348 405 934


642 944 2993
595 807 2525
495.5 767 1705
501 567 1705
567 666 1754
538 700 2173
454 550 1239
312 335 771
348 405 934
416 579 1591
312 292 0


642 944 2993
595 807 2525
501 567 1705
495.5 767 1705
454 550 1239
538 700 2173
567 666 1754
416 579 1591
348 405 934
312 335 771
312 292 0


708 944 2993
495.5 767 1705
538 700 2173
567 666 1754
454 550 1239
312 335 771
501 567 1705
348 405 934
416 579 1591
595 807 2525
312 292 0


495.5 767 1705
642 944 2993
595 807 2525
538 700 2173
567 666 1754
501 567 1705
454 550 1239
416 579 1591
312 335 771
312 292 0
348 405 934


708 944 2993
538 700 2173
495.5 767 1705
416 579 1591
501 567 1705
595 807 2525
454 550 1239
348 405 934
312 292 0
312 335 771
567 666 1754


642 944 2993
595 807 2525
416 579 1591
495.5 767 1705
348 405 934
567 666 1754
312 292 0
501 567 1705
538 700 2173
312 335 771
454 550 1239


642 944 2993
495.5 767 1705
538 700 2173
595 807 2525
454 550 1239
416 579 1591
501 567 1705
312 335 771
567 666 1754
312 292 0
348 405 934


642 944 2993
595 807 2525
495.5 767 1705
538 700 2173
454 550 1239
312 292 0
567 666 1754
348 405 934
416 579 1591
312 335 771
501 567 1705


642 944 2993
495.5 767 1705
538 700 2173
416 579 1591
595 807 2525
501 567 1705
567 666 1754
454 550 1239
312 292 0
348 405 934
312 335 771


595 807 2525
708 944 2993
495.5 767 1705
538 700 2173
454 550 1239
416 579 1591
567 666 1754
348 405 934
312 292 0
312 335 771
501 567 1705


708 944 2993
416 579 1591
495.5 767 1705
595 807 2525
538 700 2173
454 550 1239
501 567 1705
312 292 0
348 405 934
312 335 771
567 666 1754


642 944 2993
595 807 2525
495.5 767 1705
538 700 2173
312 292 0
567 666 1754
348 405 934
312 335 771
454 550 1239
501 567 1705
416 579 1591


538 700 2173
642 944 2993
495.5 767 1705
416 579 1591
454 550 1239
595 807 2525
312 335 771
567 666 1754
501 567 1705
348 405 934
312 292 0


642 944 2993
595 807 2525
495.5 767 1705
454 550 1239
538 700 2173
567 666 1754
416 579 1591
501 567 1705
312 335 771
348 405 934
312 292 0


595 807 2525
708 944 2993
495.5 767 1705
416 579 1591
538 700 2173
501 567 1705
454 550 1239
312 292 0
567 666 1754
312 335 771
348 405 934


708 944 2993
567 666 1754
595 807 2525
495.5 767 1705
538 700 2173
454 550 1239
501 567 1705
312 335 771
416 579 1591
348 405 934
312 292 0


495.5 767 1705
595 807 2525
642 944 2993
538 700 2173
416 579 1591
567 666 1754
501 567 1705
312 292 0
312 335 771
348 405 934
454 550 1239


