184.8 342 697
234 260 0
516 612 1559
234 293 785
184.8 318 0
587.8 811 2256
716.4 986 2707
350.8 539 1482
493.4 718 1933


350.8 539 1482
184.8 318 0
516 612 1559
234 260 0
493.4 718 1933
234 293 785
184.8 342 697
716.4 986 2707
587.8 811 2256


516 612 1559
184.8 318 0
184.8 342 697
234 293 785
234 260 0
726.8 986 2707
350.8 539 1482
587.8 811 2256
493.4 718 1933


184.8 318 0
234 260 0
234 293 785
184.8 342 697
516 612 1559
587.8 811 2256
493.4 718 1933
726.8 986 2707
350.8 539 1482


184.8 318 0
234 260 0
234 293 785
184.8 342 697
516 612 1559
587.8 811 2256
493.4 718 1933
726.8 986 2707
350.8 539 1482


184.8 342 697
234 260 0
516 612 1559
234 293 785
350.8 539 1482
184.8 318 0
726.8 986 2707
493.4 718 1933
587.8 811 2256


350.8 539 1482
184.8 318 0
234 260 0
516 612 1559
234 293 785
184.8 342 697
587.8 811 2256
716.4 986 2707
493.4 718 1933


184.8 318 0
234 260 0
516 612 1559
184.8 342 697
234 293 785
350.8 539 1482
493.4 718 1933
726.8 986 2707
587.8 811 2256


184.8 318 0
516 612 1559
184.8 342 697
234 293 785
234 260 0
350.8 539 1482
493.4 718 1933
587.8 811 2256
716.4 986 2707


184.8 318 0
516 612 1559
184.8 342 697
234 293 785
234 260 0
350.8 539 1482
493.4 718 1933
587.8 811 2256
716.4 986 2707


184.8 318 0
234 260 0
184.8 342 697
516 612 1559
234 293 785
716.4 986 2707
587.8 811 2256
350.8 539 1482
493.4 718 1933


234 260 0
184.8 342 697
234 293 785
184.8 318 0
350.8 539 1482
516 612 1559
726.8 986 2707
587.8 811 2256
493.4 718 1933


234 260 0
184.8 342 697
234 293 785
184.8 318 0
350.8 539 1482
516 612 1559
726.8 986 2707
587.8 811 2256
493.4 718 1933


234 293 785
350.8 539 1482
726.8 986 2707
234 260 0
184.8 342 697
516 612 1559
184.8 318 0
587.8 811 2256
493.4 718 1933


234 260 0
234 293 785
516 612 1559
184.8 342 697
184.8 318 0
493.4 718 1933
587.8 811 2256
726.8 986 2707
350.8 539 1482


234 260 0
234 293 785
516 612 1559
184.8 342 697
184.8 318 0
493.4 718 1933
587.8 811 2256
726.8 986 2707
350.8 539 1482


234 260 0
234 293 785
184.8 318 0
184.8 342 697
516 612 1559
726.8 986 2707
350.8 539 1482
493.4 718 1933
587.8 811 2256


184.8 318 0
234 293 785
234 260 0
184.8 342 697
516 612 1559
493.4 718 1933
587.8 811 2256
726.8 986 2707
350.8 539 1482


516 612 1559
234 293 785
234 260 0
350.8 539 1482
184.8 318 0
184.8 342 697
493.4 718 1933
726.8 986 2707
587.8 811 2256


234 293 785
184.8 342 697
184.8 318 0
350.8 539 1482
516 612 1559
234 260 0
493.4 718 1933
726.8 986 2707
587.8 811 2256


