1.045785276e+00 1.426151403e+00 1.459280885e+00 
1.139899796e+00 1.573848597e+00 1.704978488e+00 
1.067359918e+00 1.479089465e+00 1.502612170e+00 
1.176209952e+00 1.201694018e+00 1.344652735e+00 
1.237082481e+00 1.418740074e+00 1.618469576e+00 
1.132435583e+00 1.577554262e+00 1.708819914e+00 
1.225800954e+00 1.421386977e+00 1.625076829e+00 
1.085821404e+00 1.499205929e+00 1.589121082e+00 
1.089093388e+00 1.274748544e+00 1.413798402e+00 
1.087593729e+00 1.211222869e+00 1.389520590e+00 
1.167348330e+00 1.201694018e+00 1.298555624e+00 
1.238241309e+00 1.324510323e+00 1.519514444e+00 
1.029993183e+00 1.228692430e+00 1.403657037e+00 
1.000681663e+00 1.110640551e+00 1.143976644e+00 
1.000681663e+00 1.132345156e+00 1.283958205e+00 
1.194614860e+00 1.203811540e+00 1.361401352e+00 
1.136673483e+00 1.111169931e+00 1.225261217e+00 
1.091002045e+00 1.210693489e+00 1.403657037e+00 
1.134287662e+00 1.263631551e+00 1.413798402e+00 
1.068507157e+00 1.000000000e+00 1.000000000e+00 
1.076005453e+00 1.041291689e+00 1.119698832e+00 
1.000000000e+00 1.037586024e+00 1.000000000e+00 
1.000000000e+00 1.059290630e+00 1.139981561e+00 
1.068507157e+00 1.025939651e+00 1.105562385e+00 
1.078391275e+00 1.067760720e+00 1.143976644e+00 
1.493183367e+00 1.541556379e+00 1.795328826e+00 
1.171370143e+00 1.572789836e+00 1.727873387e+00 
1.329720518e+00 1.457914240e+00 1.725568531e+00 
1.360395365e+00 1.482265749e+00 1.735863553e+00 
1.162644853e+00 1.460561143e+00 1.589121082e+00 
1.204703476e+00 1.408152462e+00 1.608328211e+00 
1.235037491e+00 1.478030704e+00 1.713890596e+00 
1.226175869e+00 1.478030704e+00 1.667793485e+00 
1.176414451e+00 1.414505029e+00 1.598033190e+00 
1.263599182e+00 1.384859714e+00 1.595728334e+00 
1.275391956e+00 1.422975119e+00 1.639059619e+00 
1.171983640e+00 1.441503441e+00 1.598033190e+00 
1.107407635e+00 1.467972472e+00 1.589121082e+00 
1.116905249e+00 1.307570143e+00 1.509219422e+00 
1.268575324e+00 1.394388565e+00 1.625076829e+00 
1.365712338e+00 1.393329804e+00 1.639059619e+00 
1.203817314e+00 1.364213870e+00 1.578979717e+00 
1.121336060e+00 1.280571731e+00 1.509219422e+00 
1.247443763e+00 1.323980942e+00 1.533497234e+00 
1.074664622e+00 1.442562202e+00 1.500307314e+00 
1.089002727e+00 1.435680254e+00 1.578979717e+00 
1.227845944e+00 1.406564320e+00 1.589274739e+00 
1.113974097e+00 1.557437798e+00 1.622311002e+00 
1.055260395e+00 1.357331922e+00 1.459280885e+00 
1.299931834e+00 1.431445209e+00 1.649354640e+00 
1.168200409e+00 1.353096877e+00 1.533497234e+00 
1.163599182e+00 1.359978825e+00 1.533497234e+00 
1.164451261e+00 1.335097935e+00 1.519514444e+00 
1.232583504e+00 1.334568555e+00 1.533497234e+00 
1.234969325e+00 1.523028057e+00 1.708819914e+00 
1.269052488e+00 1.388035998e+00 1.620006146e+00 
1.421063395e+00 1.552143992e+00 1.841425937e+00 
1.143171779e+00 1.393859185e+00 1.575138291e+00 
1.118246080e+00 1.542085760e+00 1.616164720e+00 
1.200272665e+00 1.426151403e+00 1.608328211e+00 
1.150988412e+00 1.567496030e+00 1.704978488e+00 
1.110940695e+00 1.578613023e+00 1.618469576e+00 
1.305044308e+00 1.323451562e+00 1.533497234e+00 
1.026027948e+00 1.272101641e+00 1.315304241e+00 
1.277777778e+00 1.402858655e+00 1.639059619e+00 
1.199386503e+00 1.391212282e+00 1.578979717e+00 
1.099591002e+00 1.294335627e+00 1.459280885e+00 
1.107293797e+00 1.424563261e+00 1.502612170e+00 
1.270824813e+00 1.471678137e+00 1.649354640e+00 
1.089002727e+00 1.415563790e+00 1.492470805e+00 
1.132583504e+00 1.535203812e+00 1.694837124e+00 
1.334696660e+00 1.483324510e+00 1.754917025e+00 
1.328220859e+00 1.375860244e+00 1.610940381e+00 
1.304362645e+00 1.413446268e+00 1.649354640e+00 
1.084049080e+00 1.521969296e+00 1.529655808e+00 
1.216541922e+00 1.645844362e+00 1.824677320e+00 
1.172960464e+00 1.546320805e+00 1.708819914e+00 
1.584526244e+00 1.635786130e+00 1.911186232e+00 
1.131743013e+00 1.433033351e+00 1.529041180e+00 
1.066678255e+00 1.492323981e+00 1.529041180e+00 
1.113292434e+00 1.570672313e+00 1.648740012e+00 
1.089002727e+00 1.410269984e+00 1.490165950e+00 
1.311520109e+00 1.553732133e+00 1.783650891e+00 
1.085594410e+00 1.410799365e+00 1.476029502e+00 
1.227471029e+00 1.509793542e+00 1.694837124e+00 
1.137286980e+00 1.489677078e+00 1.608328211e+00 
1.119336742e+00 1.480148227e+00 1.595728334e+00 
1.085594410e+00 1.416093171e+00 1.478334358e+00 
1.141036128e+00 1.502911593e+00 1.622311002e+00 
1.119336742e+00 1.485442033e+00 1.598033190e+00 
1.119336742e+00 1.505558497e+00 1.684542102e+00 
1.089320382e+00 1.329274749e+00 1.435156730e+00 
1.637695978e+00 1.654314452e+00 1.930239705e+00 
1.085594410e+00 1.436209635e+00 1.564843270e+00 
1.125119291e+00 1.597141345e+00 1.708819914e+00 
1.229550102e+00 1.439385918e+00 1.639059619e+00 
1.204192229e+00 1.476971943e+00 1.622311002e+00 
1.393342195e+00 1.660137639e+00 1.930239705e+00 
1.267416496e+00 1.497617787e+00 1.724031961e+00 
1.330265849e+00 1.510322922e+00 1.754917025e+00 
1.230538514e+00 1.541026998e+00 1.708819914e+00 
1.221745058e+00 1.505029116e+00 1.667793485e+00 
1.201295160e+00 1.408681842e+00 1.594191764e+00 
1.121370143e+00 1.579142403e+00 1.694837124e+00 
1.223040218e+00 1.527792483e+00 1.694837124e+00 
1.397182686e+00 1.744309158e+00 2.000000000e+00 
1.282833674e+00 1.833774484e+00 2.000000000e+00 
1.385366735e+00 1.768131286e+00 2.000000000e+00 
1.367643490e+00 1.804129169e+00 2.000000000e+00 
1.380935924e+00 1.795129698e+00 2.000000000e+00 
1.365996592e+00 1.814187401e+00 2.000000000e+00 
1.533992502e+00 1.741662255e+00 2.000000000e+00 
1.600886162e+00 1.731074643e+00 2.000000000e+00 
1.246875937e+00 1.715722605e+00 1.930239705e+00 
1.317541241e+00 1.668607729e+00 1.930239705e+00 
1.203192229e+00 1.758073055e+00 1.930239705e+00 
1.305725971e+00 1.692429857e+00 1.930239705e+00 
1.437877982e+00 1.654843833e+00 1.930239705e+00 
1.377641445e+00 1.642668078e+00 1.913491088e+00 
1.186434901e+00 1.762837480e+00 1.894437615e+00 
1.197738923e+00 1.754367390e+00 1.894437615e+00 
1.234662577e+00 1.727898359e+00 1.894437615e+00 
1.221586230e+00 1.680783483e+00 1.870159803e+00 
1.184049080e+00 1.751191106e+00 1.870159803e+00 
1.331061350e+00 1.655373213e+00 1.870159803e+00 
1.298000682e+00 1.566966649e+00 1.843730793e+00 
1.293569870e+00 1.593965061e+00 1.843730793e+00 
1.211792774e+00 1.672313393e+00 1.843730793e+00 
1.184730743e+00 1.737956591e+00 1.843730793e+00 
1.205464894e+00 1.690312335e+00 1.841425937e+00 
1.203192229e+00 1.732662785e+00 1.841425937e+00 
1.155021813e+00 1.652196930e+00 1.824677320e+00 
1.287207226e+00 1.598729487e+00 1.824677320e+00 
1.282776414e+00 1.616728428e+00 1.824677320e+00 
1.275391956e+00 1.622551615e+00 1.824677320e+00 
1.270961145e+00 1.640550556e+00 1.824677320e+00 
1.200068166e+00 1.616199047e+00 1.814382299e+00 
1.258918200e+00 1.592906300e+00 1.814382299e+00 
1.346535106e+00 1.560614082e+00 1.814382299e+00 
1.141944785e+00 1.605082054e+00 1.800399508e+00 
1.251419905e+00 1.579671784e+00 1.800399508e+00 
1.139627130e+00 1.663313923e+00 1.778580209e+00 
1.135877982e+00 1.645314981e+00 1.764597419e+00 
1.298000682e+00 1.541556379e+00 1.754917025e+00 
1.293569870e+00 1.568554791e+00 1.754917025e+00 
1.174778459e+00 1.581259926e+00 1.754302397e+00 
1.267666667e+00 1.497088407e+00 1.738168408e+00 
1.263235855e+00 1.515087348e+00 1.738168408e+00 
1.136559646e+00 1.632080466e+00 1.738168408e+00 

