264 379 491
236.167 625 791
264 330 0
165.4 381 724
133.35 504 724
359.65 1489 3452
452 1454 3452
515 860 2913
371 925 2913
427 914 2913
728.4 1145 3452
648.05 1334 3452
339.05 1322 2837
352.65 1368 3012
323.8 1325 2661
312.65 1342 2570
332.8 1311 2661
786 1002 2929
728.4 1051 3012
642.667 1077 2929
650.667 1067 3012
834 1001 3012
833 1022 3247
745 1081 3247
722 1092 3247
678 724 1856
516 627 1765
257.667 609 1606
269 787 1790
459 736 2298
309.5 773 2298
322 382 791
307 532 882
338 380 974
302.4 560 1164
236.167 655 1391
328 558 1549
1033 1848 4279
1406 1615 4586
1714 2016 5368
1133.4 1749 4277
940 1308 3795
1117.5 1608 3911
1536.4 1979 4877
1039.83 1769 3903
1323.13 2016 4328


165.4 335 0
264 379 491
264 330 0
133.35 458 0
525.05 1801 5652
967 1291 4046
649.8 1320 4046
804.8 1473 4928
814.167 1390 4770
927.167 1502 5077
961 1486 5161
407.55 1660 5037
453.55 1611 4770
629.25 1551 5161
782.717 1518 5052
871.3 1739 5652
1007.8 1736 5652
1038.17 1646 5652
794.6 1740 5652
375 705 2431
457 557 1856
338 380 974
165.4 381 724
133.35 504 724
175 492 1698
1028 1239 3837
951 1204 3702
949.5 1290 3702
417 1443 4046
399.55 1486 4046
761 976 2820
828 1051 3087
771 1010 2962
307.8 1087 3155
305.8 1177 3155


264 330 0
165.4 335 0
155.7 572 600
133.35 458 0
455.2 1760 5161
435.95 1791 5161
983 1582 5601
435.15 1899 5601
585.45 1586 5161
717.2 1715 5601
687.45 1727 5601
849.667 1697 5601
896 1657 5601
882 1422 4810
911.5 1392 4719
574.2 1516 4810
876.25 1395 4561
681.25 1399 4586
363.65 1709 4719
824 1496 4810
985 1390 5001
914 1428 4877
908 1439 4986
899 1451 5161
804.75 1561 5161
837.2 1488 4986
702.4 1552 4986
692.167 1259 4302
615 1099 3811
692.167 1165 3862
513.95 1396 4279
549.6 1422 4370
364 413 882
264 379 491
322 382 791
201.25 545 1515
457 557 1856
165.4 381 724
388.2 944 2072
467 808 2580
622 753 2580
312.5 987 2480
319.8 1295 2655
544.167 1062 3511
389.167 831 2629
527.167 1047 3420
450 887 2929
615 1005 3371
544.167 968 3071
467 902 3020


528.9 1378 4279
558.4 1333 4279
557.75 1361 4279
584.5 1214 4279
513.95 1396 4279
351.8 1445 4419
568 1445 4635
527.8 1324 4195
340.8 1448 4595
300.6 1327 4155
442.5 1457 4610
402.3 1336 4170
749.8 1452 4770
668.5 1345 4719
606.8 1588 5210
822.8 1581 5210
458.3 1589 5210
418.1 1468 4770
365.133 1517 4770
264 330 0
133.35 487 575
165.4 335 0
165.4 381 724
133.35 504 724
133.35 458 0
264 379 491
392.167 890 2206
595.5 833 1897
420.5 873 1882
581 846 2206
605 754 2647
457 557 1856
322 382 791
394 484 1589
338 380 974
175 492 1698
274.6 1211 3364
284.8 1195 3555
310.8 1060 3431
410.3 1183 3580
544.167 1233 4155
547 1201 4144
638 1041 3555
463 1070 3704
452.167 1098 3488
440.9 1192 3664
532 1289 3844
770 1191 3995
311.6 1324 3979
450.5 1304 4020
325 1316 3995


468.217 1717 4546
352.65 1494 4386
606.25 1314 4386
569.5 1387 4462
859 1277 4462
585.45 1557 4586
563.3 1358 4286
753 1383 4477
768.5 1399 4586
572.417 1516 4546
426.85 1806 5077
425.8 1816 5077
687 1528 5077
1020 1460 5077
264 330 0
165.4 335 0
264 379 491
165.4 381 724
133.35 504 724
133.35 458 0
672 803 2256
583 809 2006
293.1 925 2480
248.6 811 2040
372.5 672 1989
322 382 791
338 380 974
175 492 1698
175 446 974
944 1162 3371
316.8 1330 3595
345.65 1373 3946
305.65 1347 3504


613.6 1233 4170
500 1390 4170
703.6 1307 4261
1210 1583 5492
1045 1630 5492
867.5 1637 5492
980 1357 4610
728.6 1318 4437
677.5 1409 4610
1020 1355 4610
767.5 1483 4701
855 1402 4610
738 1256 4426
1033 1432 5001
792.5 1494 4877
798.5 1488 4768
1016 1382 4917
851 1429 4917
803.6 1461 5052
762.717 1511 4877
758.8 1601 4877
888 1189 4170
787 1165 3862
748 1172 3862
808 1065 3946
851 1170 4035
686 1217 4035
264 330 0
165.4 335 0
133.35 458 0
195 534 1339
445 539 1406
250.433 814 1899
336.4 740 1899
354 631 1366
379.4 834 2090
495 769 2090
550 693 2090
404.9 1006 2273
421.267 1420 3819
576.5 1249 3819
708 901 3155
618 837 3064
691 902 3222
693 980 3679
611.6 1155 3713
628.6 1154 3646
783 1054 3770
512.6 1073 3379
538.6 1090 3555
544.6 1084 3446
722 917 3371
402.5 1291 3196
596 745 2380
322 382 791
165.4 381 724
338 380 974
264 379 491
133.35 487 575
133.35 504 724
286 501 791


165.4 335 0
264 379 491
264 330 0
133.35 458 0
1046.55 1639 5517
785.25 1769 5517
844 1664 5517
934.55 1464 4543
839.55 1351 4462
777 1444 4462
589 1521 4726
772.5 1474 4635
815.55 1326 4302
470.467 1620 4210
700 1390 4302
582.5 1235 4235
962.55 1508 5077
910 1473 4917
741 1481 4902
731 1491 5026
672.5 1570 5077
354 645 1765
516 627 1765
280 1218 2390
324.8 1180 2390
326.2 1122 2390
596 745 2380
559 864 2380
505.667 888 2380
252.167 652 2189
514.8 1027 2390
449.667 1011 2380
488.9 1093 2390
450.667 1121 2390
240.25 916 2298
419 830 2298
349.167 884 2298
225.333 683 1175
240.333 593 1164
236.167 625 791
227.167 634 1299
165.4 381 724
223.25 863 1549
338 380 974
322 382 791
328 529 974
286 530 1366
394 484 1589
713.55 1185 3862
511 1045 3353
584.5 1043 3635
498.5 1104 3795
465 1094 3620


389.75 1749 5210
960.5 1567 5210
387.1 1767 5210
767.1 1641 5210
631.25 1656 5210
391.7 1726 5210
1042 1277 4235
829 1294 4235
789.667 1313 4235
711 1368 4235
544.25 1498 4236
380.15 1638 4236
683.1 1510 4770
698.1 1487 4486
876.5 1436 4770
724.5 1403 4635
837.5 1384 4595
846.5 1388 4719
529.25 1515 4770
616.45 1493 4595
595.25 1500 4419
264 330 0
322 382 791
165.4 335 0
165.4 381 724
338 380 974
133.35 458 0
264 379 491
133.35 504 724
286 501 791
1052 1271 3635
1037 1274 3620
888 1246 3261
632.8 1395 3313
268.567 854 1815
293.25 887 1966
133.35 533 1299
375 663 1549
286 530 1366
195 534 1339
180.55 508 1215
271.667 689 1482
394 484 1589
337.9 777 1966
337.25 805 1966
603 938 2497
738 929 2337
621.5 1105 2937
489.5 955 2497
642 932 2337
518.5 947 2322
599.5 948 2446


389.75 1749 5210
960.5 1567 5210
387.1 1767 5210
767.1 1641 5210
631.25 1656 5210
391.7 1726 5210
1042 1277 4235
829 1294 4235
789.667 1313 4235
711 1368 4235
544.25 1498 4236
380.15 1638 4236
683.1 1510 4770
698.1 1487 4486
876.5 1436 4770
724.5 1403 4635
837.5 1384 4595
846.5 1388 4719
529.25 1515 4770
616.45 1493 4595
595.25 1500 4419
264 330 0
322 382 791
165.4 335 0
165.4 381 724
338 380 974
133.35 458 0
264 379 491
133.35 504 724
286 501 791
1052 1271 3635
1037 1274 3620
888 1246 3261
632.8 1395 3313
268.567 854 1815
293.25 887 1966
133.35 533 1299
375 663 1549
286 530 1366
195 534 1339
180.55 508 1215
271.667 689 1482
394 484 1589
337.9 777 1966
337.25 805 1966
603 938 2497
738 929 2337
621.5 1105 2937
489.5 955 2497
642 932 2337
518.5 947 2322
599.5 948 2446


438.35 1511 4437
681.75 1358 4437
782 1278 4437
825 1500 4928
997 1487 4928
434.667 1491 4328
961 1260 4328
702.6 1531 4928
397.35 1392 4313
746 1323 4328
264 379 491
165.4 381 724
133.35 504 724
165.4 335 0
322 382 791
286 501 791
264 330 0
133.35 458 0
631.1 1341 4046
376.8 1371 4137
663.4 1333 4137
362 1208 3522
403 1327 3646
456.2 1118 3646
366.85 1321 3555
366.467 1321 3537
325.85 1202 3431
814 1059 3837
814.5 1168 3862
802 1210 3862
797 1231 3862
476.75 1139 3822
417.75 1344 3822
710.5 1088 3555
737 1004 3446
691.667 1303 3837
390.4 831 1914
698 802 2340
401.833 875 2149
314.05 843 2006
496 807 2456
345.5 899 2489
338 380 974
201.25 545 1515
155.7 618 1324
424.5 617 1574
302.5 543 1066
457 557 1856


397.35 1392 4313
300.6 1327 4155
544.167 1233 4155
791 1275 4262
897 1239 4386
711.6 1528 4753
340.8 1448 4595
728.6 1318 4437
707.4 1388 4313
762.2 1357 4595
817.6 1492 4877
780.6 1549 5037
828.6 1692 5477
744.6 1561 5037
908 1439 4986
691.933 1591 5037
1101 1441 5037
964.4 1448 5037
836.333 1471 5037
787 1165 3862
808 1065 3946
707 1011 3504
476.75 1139 3822
450.5 1304 4020
310.8 1060 3431
467 1073 3664
422.667 1089 3580
410.3 1183 3580
284.8 1195 3555
288.717 1105 3555
325 1316 3995
551 1204 4104
461 650 1366
379.4 805 1515
531 610 1589
435.4 682 1515
487.667 884 2080
727 836 2580
708 901 3155
274.6 927 2831
550 693 2090
381 887 1856
338 380 974
297 527 1190
264 379 491
165.4 335 0
370.467 865 1215
185.4 499 791
133.35 504 724
322 382 791
268.167 657 974
165.4 381 724
133.35 458 0
264 330 0
273 587 974


496 807 2456
314.8 904 1779
457 557 1856
175 492 1698
303.3 1116 2189
265.8 1123 2189
330 1008 2189
307.217 1026 2189
343.3 1217 2940
413.933 1360 3664
463 1070 3704
562.5 934 3104
516.5 897 2980
427 914 2913
345.5 929 3089
935 1435 5161
1092 1432 5161
927 1458 5161
443.8 1827 5652
426.85 1835 5652
716.717 1709 5652
771.5 1673 5652
712.8 1799 5652
465.05 1658 5037
806.5 1485 5161
654 1532 5037
547 1537 5052
629.25 1551 5161
835 1281 4370
425.883 1725 4770
745 1207 4279
540.5 1542 4861
849 1287 4586
883 1208 4561
724.5 1526 4770
689 1344 4546
902 1204 4279
748.5 1349 4561
429.5 1396 4437
845 1317 4586
593.9 1367 4370
165.4 381 724
264 330 0
322 382 791
264 379 491
338 380 974
165.4 335 0
133.35 533 1299
133.35 458 0


496 807 2456
314.8 904 1779
457 557 1856
175 492 1698
303.3 1116 2189
265.8 1123 2189
330 1008 2189
307.217 1026 2189
343.3 1217 2940
413.933 1360 3664
463 1070 3704
562.5 934 3104
516.5 897 2980
427 914 2913
345.5 929 3089
935 1435 5161
1092 1432 5161
927 1458 5161
443.8 1827 5652
426.85 1835 5652
716.717 1709 5652
771.5 1673 5652
712.8 1799 5652
465.05 1658 5037
806.5 1485 5161
654 1532 5037
547 1537 5052
629.25 1551 5161
835 1281 4370
425.883 1725 4770
745 1207 4279
540.5 1542 4861
849 1287 4586
883 1208 4561
724.5 1526 4770
689 1344 4546
902 1204 4279
748.5 1349 4561
429.5 1396 4437
845 1317 4586
593.9 1367 4370
165.4 381 724
264 330 0
322 382 791
264 379 491
338 380 974
165.4 335 0
133.35 533 1299
133.35 458 0


264 330 0
264 379 491
616 1319 4235
945 1425 5037
1020 1460 5077
948.5 1512 5210
898.167 1521 5210
886 1598 5210
687 1528 5077
762.8 1480 4928
812 1526 5161
610.8 1605 5210
840.167 1601 5210
463.1 1581 5052
465.75 1563 5052
445.3 1528 5037
439.1 1499 4861
547 1537 5052
448.65 1764 5301
493.75 1732 5210
963 1270 4235
806 1288 4235
952.4 1406 4586
812.4 1418 4561
689 1344 4546
562.8 1669 5652
919.8 1644 5652
484 1948 6092
682.2 1903 6092
467.05 1956 6092
1224 1607 5652
834.8 1861 6092
1045 1617 5601
1201 1825 6092
1048 1608 5652
844 1664 5517
489 1062 2390
512 610 1673
336.75 948 2006
428.833 1096 2390
460.5 773 2365
424.5 617 1574
516 627 1765
285 1217 2390
321.617 1175 2390
370.9 1117 2390
611 1417 4155
606 1217 3795
682 1128 3635
465 1094 3620
165.4 381 724
322 382 791
338 380 974
372.5 643 1414
155.7 618 1324
459 560 1231
500 582 1414
236.167 655 1391
328 529 974


455.2 1762 4861
549.5 1582 5001
517.9 1663 5001
753.5 1443 5001
411 1788 4861
165.4 381 724
264 379 491
264 330 0
322 382 791
338 380 974
268.167 657 974
133.35 504 724
273 587 974
286 501 791
708 901 3155
410 976 3155
362 677 2273
467 808 2580
622 753 2580
375 705 2431
455 549 1282
457 557 1856
325 671 1515
294.8 865 1905
287.8 744 1465
312 625 1414
867 1183 3979
491.5 1488 4561
432 1441 4386
400.4 1522 4386
319.417 1359 3979
811.5 1305 4426
748.5 1349 4561
636 1302 4386
855 1289 4277
396.2 1625 4246
430.3 1439 4210
610.5 1244 4210
548.8 1206 3979
502.5 1435 4119


455.2 1762 4861
549.5 1582 5001
517.9 1663 5001
753.5 1443 5001
411 1788 4861
165.4 381 724
264 379 491
264 330 0
322 382 791
338 380 974
268.167 657 974
133.35 504 724
273 587 974
286 501 791
708 901 3155
410 976 3155
362 677 2273
467 808 2580
622 753 2580
375 705 2431
455 549 1282
457 557 1856
325 671 1515
294.8 865 1905
287.8 744 1465
312 625 1414
867 1183 3979
491.5 1488 4561
432 1441 4386
400.4 1522 4386
319.417 1359 3979
811.5 1305 4426
748.5 1349 4561
636 1302 4386
855 1289 4277
396.2 1625 4246
430.3 1439 4210
610.5 1244 4210
548.8 1206 3979
502.5 1435 4119


351.8 1445 4419
685 1358 4419
639.167 1361 4419
687 1428 4719
603 1297 4279
538.7 1482 4719
455.7 1355 4279
1657.4 2133 4986
1619 2056 4793
1336.9 2145 4986
483.4 992 2621
393.5 856 2298
378.5 898 2298
781 935 2647
869 1084 3046
495.833 1248 3804
477 1131 3679
487 1115 3305
705 1124 3555
579 1272 4119
476 1300 3844
523.9 1319 4104
336 1313 3819
311.6 1324 3979
562 1201 3928
165.4 381 724
322 382 791
264 379 491
264 330 0
165.4 335 0
338 380 974
268.167 657 974
133.35 458 0
133.35 504 724
273 587 974
236.167 625 791
286 501 791
431.4 684 1698
249.2 968 1790
309 743 1765
438.4 659 1339
297 527 1190
334.667 914 1899
332 665 1339
457 557 1856
404.4 841 1899
296.35 915 1899


322 382 791
264 379 491
165.4 381 724
298 474 974
338 380 974
264 330 0
133.35 504 724
612.5 856 2014
517 861 1764
510.333 894 1955
175 492 1698
594.8 1238 3871
476.75 1139 3822
378.8 1348 3962
834.6 1681 5368
835.8 1609 5368
733.6 1521 4577
701.6 1490 4486
746.8 1466 4577
788.8 1462 4486
759.9 1465 4486
782 1278 4437
397.35 1392 4313
707.4 1388 4313
405.2 1513 4486
768.6 1340 4328
713.6 1336 4153
848 1087 3837
916 1236 4277
791 1275 4262
691.8 1358 4137
791 1222 4086
631.1 1341 4046
914 1428 4877
702.6 1531 4928
711.6 1528 4753
820 1477 4768
762.8 1480 4928
761.8 1504 4928
710.5 1088 3555
274.6 927 2831
456 950 2947
405.25 949 2940
441.4 955 3031
276.8 916 2457
420.5 916 2856
747 927 3046
552 931 3071
745 951 3222
582 917 2940
310.8 1060 3431
307.3 1158 3080
329.3 1058 3080
456.2 1118 3646
466.75 1101 3555
362 1208 3522
458.2 1095 3471


479.25 1345 3621
787 1165 3862
748 1172 3862
793 1159 3753
797 1060 3986
792 1206 3986
747.25 1208 3986
1077 1420 5052
1078 1417 5052
425.8 1815 5052
510.7 1779 5052
760.6 1682 5052
428.45 1797 5052
803.6 1461 5052
426.85 1805 5052
800.2 1669 5052
394 1682 4261
862 1308 4477
851 1335 4477
873 1198 4437
613.6 1233 4170
572 1235 4195
559.4 1353 4195
493.2 1366 4195
728.6 1318 4437
734.6 1312 4328
753 1383 4477
703.6 1307 4261
660.6 1528 4261
719 1461 4437
846.333 1451 4561
883 1208 4561
165.4 335 0
322 382 791
264 330 0
165.4 381 724
286 501 791
133.35 504 724
236.167 625 791
133.35 458 0
264 379 491
451.5 914 1981
458.4 929 2164
611.6 1155 3713
465 1094 3620
538.6 1090 3555
628.6 1154 3646
618 837 3064
722 917 3371
708 901 3155
691 902 3222
728 911 3262
609.4 931 2489
655 813 2296
418.667 1088 3313
586.25 1025 3371
341.05 1385 3621
529.45 1335 3621
250.433 785 1324
516 627 1765
298 474 974
500.5 815 1655
338 380 974
298 523 1465
271.667 689 1482


532.05 1873 5601
648.667 1617 4986
714.25 1470 4986
759 1484 5001
833 1538 5161
788.25 1540 5161
731 1491 5026
1045 1617 5601
838 1632 5601
712.25 1678 5601
710.133 1714 5161
760.6 1663 5161
414.55 1732 4986
525.05 1752 5161
496.7 1689 4810
549.833 1652 4810
513.567 1668 4810
961 1486 5161
934 1473 5026
980 1471 5161
944 1457 4810
264 379 491
264 330 0
338 380 974
165.4 381 724
175 446 974
322 382 791
165.4 335 0
133.35 504 724
133.35 458 0
175 492 1698
155.7 618 1324
336.4 740 1899
250.433 814 1899
692.3 1600 4719
460.55 1683 4719
560.167 1229 3819
606 1226 3819
416.5 1341 3819
420.8 1334 3819
598.25 1288 4012
452.333 1553 3836
570.6 1435 4279
565.667 1490 4546
630.25 1339 4546
606.25 1314 4386
796.25 1322 4411
754 1390 4561
797 1300 4426
636 1302 4386
821 1361 4719
726 1397 4586
445.5 1052 3244
535.167 1032 3244
328 911 2629
607 1014 3244
470 835 2804
389.167 831 2629
429.5 812 2753


