1.130815914e+00 1.275724844e+00 1.440555030e+00 
1.105866487e+00 1.349061967e+00 1.540365815e+00 
1.120701281e+00 1.313814667e+00 1.446862189e+00 
1.606203641e+00 1.683342808e+00 1.888836329e+00 
1.333558328e+00 1.598635588e+00 1.756543677e+00 
1.131153068e+00 1.297328027e+00 1.477451908e+00 
1.268374916e+00 1.353041501e+00 1.599180069e+00 
1.149921106e+00 1.472427516e+00 1.647745191e+00 
1.436277815e+00 1.594656055e+00 1.849574267e+00 
1.303663520e+00 1.555429221e+00 1.710501419e+00 
1.476284558e+00 1.706083002e+00 1.888836329e+00 
1.140256237e+00 1.202387720e+00 1.359192684e+00 
1.185434929e+00 1.215463331e+00 1.443550930e+00 
1.312204990e+00 1.483797612e+00 1.738252917e+00 
1.086086986e+00 1.231381467e+00 1.359192684e+00 
1.275342549e+00 1.411597499e+00 1.599337748e+00 
1.385704653e+00 1.429789653e+00 1.693787449e+00 
1.356259609e+00 1.617964753e+00 1.849574267e+00 
1.155091032e+00 1.189312109e+00 1.373699149e+00 
1.256124747e+00 1.479818078e+00 1.689845475e+00 
1.340750506e+00 1.565662308e+00 1.752601703e+00 
1.345920432e+00 1.502558272e+00 1.801166824e+00 
1.277815239e+00 1.405912450e+00 1.630873541e+00 
1.328388402e+00 1.406480955e+00 1.689845475e+00 
1.524726905e+00 1.775440591e+00 1.912330495e+00 
1.157788267e+00 1.213189312e+00 1.422264270e+00 
1.294672960e+00 1.423536100e+00 1.645222327e+00 
1.262530681e+00 1.457077885e+00 1.693787449e+00 
1.264329063e+00 1.407617965e+00 1.599180069e+00 
1.240952798e+00 1.440591245e+00 1.645222327e+00 
1.104517869e+00 1.222853894e+00 1.429044465e+00 
1.493816588e+00 1.783399659e+00 1.892620624e+00 
1.169925826e+00 1.299033542e+00 1.582466099e+00 
1.324118004e+00 1.442296760e+00 1.693787449e+00 
1.126432906e+00 1.281409892e+00 1.449858089e+00 
1.227916386e+00 1.376918704e+00 1.584831284e+00 
1.918408631e+00 1.910176236e+00 1.951592558e+00 
1.182737694e+00 1.460488914e+00 1.624093346e+00 
1.066756575e+00 1.117111995e+00 1.239987386e+00 
1.265227916e+00 1.451961342e+00 1.647745191e+00 
1.073049899e+00 1.173393974e+00 1.352885525e+00 
1.071252192e+00 1.293916998e+00 1.331598865e+00 
1.346144976e+00 1.642410460e+00 1.863923053e+00 
1.222521915e+00 1.266060262e+00 1.449858089e+00 
1.021577883e+00 1.057987493e+00 1.220277515e+00 
1.269723533e+00 1.424104605e+00 1.689845475e+00 
1.133063385e+00 1.226833428e+00 1.443550930e+00 
1.060687795e+00 1.167708926e+00 1.296436455e+00 
1.079118678e+00 1.239909039e+00 1.429044465e+00 
1.081591369e+00 1.111426947e+00 1.310942920e+00 
1.067655428e+00 1.150653781e+00 1.290129297e+00 
1.000000000e+00 1.014212621e+00 1.132608010e+00 
1.016183412e+00 1.035247300e+00 1.157521287e+00 
1.000000000e+00 1.000000000e+00 1.000000000e+00 

1.447291301e+00 1.646958499e+00 1.888836329e+00 
1.157900877e+00 1.406480955e+00 1.588773258e+00 
1.157788267e+00 1.213189312e+00 1.422264270e+00 
1.153180715e+00 1.390562820e+00 1.561179439e+00 
1.384468645e+00 1.644684480e+00 1.844213182e+00 
1.320521241e+00 1.782262649e+00 1.863923053e+00 
1.250842886e+00 1.569073337e+00 1.756543677e+00 
1.079118678e+00 1.239909039e+00 1.429044465e+00 
1.126545516e+00 1.432632177e+00 1.628035320e+00 
1.344122050e+00 1.615690733e+00 1.804951120e+00 
1.130815914e+00 1.400227402e+00 1.561179439e+00 
1.149246797e+00 1.472427516e+00 1.693787449e+00 
1.246122724e+00 1.400795907e+00 1.693787449e+00 
1.122948753e+00 1.430358158e+00 1.558183538e+00 
1.240728254e+00 1.292211484e+00 1.491958373e+00 
1.105866487e+00 1.349061967e+00 1.540365815e+00 
1.726230614e+00 1.890847072e+00 1.951592558e+00 
1.102270398e+00 1.346787948e+00 1.470514033e+00 
1.436277815e+00 1.513359864e+00 1.738252917e+00 
1.075522589e+00 1.237635020e+00 1.359192684e+00 
1.573836817e+00 1.637862422e+00 1.888836329e+00 
1.309507755e+00 1.525866970e+00 1.756543677e+00 
1.248819960e+00 1.574189881e+00 1.801166824e+00 
1.349516521e+00 1.564525298e+00 1.801166824e+00 
1.240952798e+00 1.440591245e+00 1.645222327e+00 
1.888064734e+00 1.873223422e+00 1.951592558e+00 
1.202966959e+00 1.455940875e+00 1.693787449e+00 
1.255787593e+00 1.542353610e+00 1.756543677e+00 
1.350190829e+00 1.610005685e+00 1.804951120e+00 
1.511126096e+00 1.625923820e+00 1.863923053e+00 
1.109912340e+00 1.245594088e+00 1.491800694e+00 
1.429534727e+00 1.521887436e+00 1.777514980e+00 
1.411103844e+00 1.549744173e+00 1.801166824e+00 
1.343560351e+00 1.637293917e+00 1.804951120e+00 
1.442346595e+00 1.519613417e+00 1.777514980e+00 
1.472690492e+00 1.522455941e+00 1.801166824e+00 
1.416273095e+00 1.777714611e+00 1.892620624e+00 
1.140256237e+00 1.202387720e+00 1.359192684e+00 
1.357046527e+00 1.663445139e+00 1.844213182e+00 
1.440548213e+00 1.652075043e+00 1.863923053e+00 
1.212407283e+00 1.418988061e+00 1.603122044e+00 
1.155091032e+00 1.189312109e+00 1.373699149e+00 
1.073499663e+00 1.242751563e+00 1.403815831e+00 
1.060687795e+00 1.167708926e+00 1.296436455e+00 
1.104517869e+00 1.222853894e+00 1.429044465e+00 
1.073049899e+00 1.173393974e+00 1.352885525e+00 
1.169925826e+00 1.299033542e+00 1.582466099e+00 
1.021577883e+00 1.057987493e+00 1.220277515e+00 
1.133063385e+00 1.226833428e+00 1.443550930e+00 
1.066756575e+00 1.117111995e+00 1.239987386e+00 
1.067655428e+00 1.150653781e+00 1.290129297e+00 
1.081591369e+00 1.111426947e+00 1.310942920e+00 
1.000000000e+00 1.000000000e+00 1.000000000e+00 
1.016183412e+00 1.035247300e+00 1.157521287e+00 
1.000000000e+00 1.014212621e+00 1.132608010e+00 

1.243425489e+00 1.376918704e+00 1.645222327e+00 
1.172398517e+00 1.550881182e+00 1.735414696e+00 
1.209372893e+00 1.512222854e+00 1.756543677e+00 
1.374915711e+00 1.577600910e+00 1.801166824e+00 
1.130815914e+00 1.400227402e+00 1.561179439e+00 
1.188469319e+00 1.549175668e+00 1.756543677e+00 
1.195099798e+00 1.590676521e+00 1.801166824e+00 
1.100247471e+00 1.351904491e+00 1.515137181e+00 
1.151719488e+00 1.467310972e+00 1.647745191e+00 
1.272757923e+00 1.676520750e+00 1.863923053e+00 
1.169925826e+00 1.299033542e+00 1.582466099e+00 
1.165992583e+00 1.388857305e+00 1.603122044e+00 
1.392672286e+00 1.615690733e+00 1.863923053e+00 
1.469541470e+00 1.623081296e+00 1.888836329e+00 
1.105641942e+00 1.278567368e+00 1.445600757e+00 
1.393346595e+00 1.544627629e+00 1.777514980e+00 
1.126432906e+00 1.281409892e+00 1.449858089e+00 
1.229939312e+00 1.444002274e+00 1.756543677e+00 
1.104517869e+00 1.222853894e+00 1.429044465e+00 
1.761517195e+00 1.869243889e+00 1.951592558e+00 
1.319172623e+00 1.582148948e+00 1.777514980e+00 
1.149022252e+00 1.401932916e+00 1.599022390e+00 
1.071252192e+00 1.320068221e+00 1.470514033e+00 
1.193076871e+00 1.371802160e+00 1.617628508e+00 
1.133063385e+00 1.226833428e+00 1.443550930e+00 
1.170150371e+00 1.434337692e+00 1.624093346e+00 
1.124971679e+00 1.358158044e+00 1.536423841e+00 
1.136997303e+00 1.433769187e+00 1.623935667e+00 
1.240728254e+00 1.292211484e+00 1.491958373e+00 
1.795010115e+00 1.855599773e+00 1.937243772e+00 
1.511800405e+00 1.550881182e+00 1.801166824e+00 
1.480107889e+00 1.555429221e+00 1.801166824e+00 
1.421218476e+00 1.555429221e+00 1.781456954e+00 
1.165430209e+00 1.350198977e+00 1.540365815e+00 
1.665542819e+00 1.732802729e+00 1.912330495e+00 
1.367498314e+00 1.434906197e+00 1.689845475e+00 
1.071252192e+00 1.297328027e+00 1.359192684e+00 
1.114632502e+00 1.443433769e+00 1.623935667e+00 
1.073499663e+00 1.242751563e+00 1.403815831e+00 
1.089233311e+00 1.284820921e+00 1.464206875e+00 
1.073049899e+00 1.173393974e+00 1.352885525e+00 
1.118678355e+00 1.318931211e+00 1.491485336e+00 
1.155091032e+00 1.189312109e+00 1.373699149e+00 
1.081591369e+00 1.111426947e+00 1.310942920e+00 
1.060687795e+00 1.167708926e+00 1.296436455e+00 
1.067655428e+00 1.150653781e+00 1.290129297e+00 
1.355360755e+00 1.422967595e+00 1.670135604e+00 
1.087435604e+00 1.276861853e+00 1.407757805e+00 
1.151719488e+00 1.204093235e+00 1.373699149e+00 
1.157788267e+00 1.213189312e+00 1.422264270e+00 
1.021577883e+00 1.057987493e+00 1.220277515e+00 
1.141604855e+00 1.256395679e+00 1.485020498e+00 
1.066756575e+00 1.117111995e+00 1.239987386e+00 
1.185434929e+00 1.215463331e+00 1.443550930e+00 
1.000000000e+00 1.014212621e+00 1.132608010e+00 
1.016183412e+00 1.035247300e+00 1.157521287e+00 
1.000000000e+00 1.000000000e+00 1.000000000e+00 

1.073049899e+00 1.173393974e+00 1.352885525e+00 
1.155091032e+00 1.189312109e+00 1.373699149e+00 
1.328612947e+00 1.585559977e+00 1.844213182e+00 
1.431782198e+00 1.633314383e+00 1.888836329e+00 
1.079118678e+00 1.239909039e+00 1.429044465e+00 
1.436277815e+00 1.513359864e+00 1.738252917e+00 
1.677902900e+00 1.818646958e+00 1.892620624e+00 
1.191053945e+00 1.579306424e+00 1.628035320e+00 
1.240952798e+00 1.440591245e+00 1.645222327e+00 
1.235446392e+00 1.658328596e+00 1.690791548e+00 
1.360080917e+00 1.519613417e+00 1.781456954e+00 
1.349516521e+00 1.564525298e+00 1.801166824e+00 
1.344796359e+00 1.525866970e+00 1.781456954e+00 
1.223083614e+00 1.472996020e+00 1.670135604e+00 
1.290289953e+00 1.598067084e+00 1.777514980e+00 
1.283884019e+00 1.424104605e+00 1.670135604e+00 
1.511126096e+00 1.625923820e+00 1.863923053e+00 
1.104517869e+00 1.222853894e+00 1.429044465e+00 
1.296021578e+00 1.584422968e+00 1.781456954e+00 
1.252978422e+00 1.550312678e+00 1.676442763e+00 
1.758597438e+00 1.895395111e+00 1.951592558e+00 
1.075522589e+00 1.237635020e+00 1.359192684e+00 
1.133962913e+00 1.368959636e+00 1.516713970e+00 
1.170150371e+00 1.434337692e+00 1.624093346e+00 
1.378961564e+00 1.500284252e+00 1.705298013e+00 
1.277815239e+00 1.405912450e+00 1.630873541e+00 
1.262530681e+00 1.457077885e+00 1.693787449e+00 
1.073499663e+00 1.242751563e+00 1.403815831e+00 
1.411215779e+00 1.858442297e+00 1.888836329e+00 
1.328388402e+00 1.406480955e+00 1.689845475e+00 
1.206900202e+00 1.480386583e+00 1.628035320e+00 
1.412002697e+00 1.645252985e+00 1.888836329e+00 
1.165542819e+00 1.313246163e+00 1.485020498e+00 
1.140256237e+00 1.202387720e+00 1.359192684e+00 
1.324118004e+00 1.442296760e+00 1.693787449e+00 
1.294672960e+00 1.423536100e+00 1.645222327e+00 
1.472690492e+00 1.522455941e+00 1.801166824e+00 
1.146100472e+00 1.284820921e+00 1.449858089e+00 
1.331759946e+00 1.558840250e+00 1.711605172e+00 
1.169925826e+00 1.299033542e+00 1.582466099e+00 
1.297370196e+00 1.397953383e+00 1.617628508e+00 
1.157338503e+00 1.359295054e+00 1.516713970e+00 
1.385704653e+00 1.429789653e+00 1.693787449e+00 
1.167790290e+00 1.439454235e+00 1.558183538e+00 
1.140256237e+00 1.298465037e+00 1.460264901e+00 
1.525960890e+00 1.833428084e+00 1.892620624e+00 
1.321083614e+00 1.569073337e+00 1.711605172e+00 
1.120701281e+00 1.313814667e+00 1.446862189e+00 
1.239379636e+00 1.554292211e+00 1.686849574e+00 
1.157788267e+00 1.213189312e+00 1.422264270e+00 
1.321195550e+00 1.577032405e+00 1.732891832e+00 
1.230276467e+00 1.470722001e+00 1.628035320e+00 
1.060687795e+00 1.167708926e+00 1.296436455e+00 
1.021577883e+00 1.057987493e+00 1.220277515e+00 
1.222521915e+00 1.266060262e+00 1.449858089e+00 
1.066756575e+00 1.117111995e+00 1.239987386e+00 
1.133063385e+00 1.226833428e+00 1.443550930e+00 
1.000000000e+00 1.000000000e+00 1.000000000e+00 
1.067655428e+00 1.150653781e+00 1.290129297e+00 
1.081591369e+00 1.111426947e+00 1.310942920e+00 
1.016183412e+00 1.035247300e+00 1.157521287e+00 
1.000000000e+00 1.014212621e+00 1.132608010e+00 

1.412677006e+00 1.469016487e+00 1.710501419e+00 
1.505731625e+00 1.623649801e+00 1.888836329e+00 
1.071252192e+00 1.293916998e+00 1.331598865e+00 
1.565967633e+00 1.741898806e+00 1.912330495e+00 
1.339851652e+00 1.676520750e+00 1.863923053e+00 
1.122724208e+00 1.435474702e+00 1.603122044e+00 
1.104517869e+00 1.222853894e+00 1.429044465e+00 
1.071252192e+00 1.297328027e+00 1.359192684e+00 
1.149246797e+00 1.472427516e+00 1.693787449e+00 
1.143627782e+00 1.475270040e+00 1.668558814e+00 
1.199370870e+00 1.453666856e+00 1.623935667e+00 
1.071252192e+00 1.320068221e+00 1.470514033e+00 
1.183636548e+00 1.583285958e+00 1.756543677e+00 
1.238255563e+00 1.432632177e+00 1.617628508e+00 
1.149022252e+00 1.401932916e+00 1.599022390e+00 
1.306473365e+00 1.720864127e+00 1.849574267e+00 
1.071252192e+00 1.306992609e+00 1.407757805e+00 
1.596089009e+00 1.715747584e+00 1.937243772e+00 
1.268374916e+00 1.353041501e+00 1.599180069e+00 
1.360080917e+00 1.578169414e+00 1.804951120e+00 
1.165992583e+00 1.388857305e+00 1.603122044e+00 
1.458417397e+00 1.757816941e+00 1.951592558e+00 
1.518543493e+00 1.621375782e+00 1.888836329e+00 
1.349516521e+00 1.564525298e+00 1.801166824e+00 
1.486850978e+00 1.647527004e+00 1.829864396e+00 
1.608900877e+00 1.713473565e+00 1.937243772e+00 
1.494942684e+00 1.600341103e+00 1.849574267e+00 
1.437739042e+00 1.674246731e+00 1.863923053e+00 
1.475610249e+00 1.649801023e+00 1.863923053e+00 
1.271859069e+00 1.631040364e+00 1.801166824e+00 
1.395819285e+00 1.540648096e+00 1.781456954e+00 
1.073049899e+00 1.173393974e+00 1.352885525e+00 
1.130815914e+00 1.400227402e+00 1.561179439e+00 
1.066756575e+00 1.117111995e+00 1.239987386e+00 
1.317149697e+00 1.542353610e+00 1.756543677e+00 
1.219824680e+00 1.467879477e+00 1.628035320e+00 
1.404585300e+00 1.508243320e+00 1.801166824e+00 
1.325691167e+00 1.376350199e+00 1.603122044e+00 
1.105641942e+00 1.278567368e+00 1.445600757e+00 
1.325466622e+00 1.488345651e+00 1.756543677e+00 
1.156327040e+00 1.378055713e+00 1.582466099e+00 
1.157788267e+00 1.213189312e+00 1.422264270e+00 
1.155091032e+00 1.189312109e+00 1.373699149e+00 
1.140256237e+00 1.202387720e+00 1.359192684e+00 
1.243425489e+00 1.376918704e+00 1.645222327e+00 
1.079118678e+00 1.239909039e+00 1.429044465e+00 
1.246122724e+00 1.400795907e+00 1.693787449e+00 
1.153180715e+00 1.390562820e+00 1.561179439e+00 
1.145650708e+00 1.470153496e+00 1.623935667e+00 
1.151719488e+00 1.204093235e+00 1.373699149e+00 
1.089233311e+00 1.284820921e+00 1.464206875e+00 
1.060687795e+00 1.167708926e+00 1.296436455e+00 
1.086086986e+00 1.231381467e+00 1.359192684e+00 
1.169925826e+00 1.299033542e+00 1.582466099e+00 
1.109912340e+00 1.245594088e+00 1.491800694e+00 
1.105866487e+00 1.349061967e+00 1.540365815e+00 
1.093054619e+00 1.405912450e+00 1.558183538e+00 
1.185434929e+00 1.215463331e+00 1.443550930e+00 
1.133063385e+00 1.226833428e+00 1.443550930e+00 
1.021577883e+00 1.057987493e+00 1.220277515e+00 
1.075522589e+00 1.237635020e+00 1.359192684e+00 
1.081591369e+00 1.111426947e+00 1.310942920e+00 
1.067655428e+00 1.150653781e+00 1.290129297e+00 
1.016183412e+00 1.035247300e+00 1.157521287e+00 
1.000000000e+00 1.014212621e+00 1.132608010e+00 
1.000000000e+00 1.000000000e+00 1.000000000e+00 

1.446392448e+00 1.612848209e+00 1.804951120e+00 
1.583499663e+00 1.756679932e+00 1.912330495e+00 
1.604855024e+00 1.720295623e+00 1.912330495e+00 
1.151719488e+00 1.204093235e+00 1.373699149e+00 
1.489548213e+00 1.633882888e+00 1.849574267e+00 
1.385254889e+00 1.669130188e+00 1.844213182e+00 
1.384356035e+00 1.825469016e+00 1.912330495e+00 
1.829399865e+00 1.824900512e+00 1.951592558e+00 
1.140256237e+00 1.202387720e+00 1.359192684e+00 
1.109912340e+00 1.245594088e+00 1.491800694e+00 
1.425039110e+00 1.649232518e+00 1.804951120e+00 
1.159361430e+00 1.373507675e+00 1.540365815e+00 
1.317149697e+00 1.700397953e+00 1.804951120e+00 
1.153742414e+00 1.462194429e+00 1.603122044e+00 
1.073499663e+00 1.242751563e+00 1.403815831e+00 
1.102270398e+00 1.346787948e+00 1.470514033e+00 
1.073049899e+00 1.173393974e+00 1.352885525e+00 
1.649359407e+00 1.745878340e+00 1.937243772e+00 
1.149246797e+00 1.449687322e+00 1.582466099e+00 
1.395819285e+00 1.540648096e+00 1.781456954e+00 
1.505731625e+00 1.623649801e+00 1.888836329e+00 
1.098449090e+00 1.407049460e+00 1.470514033e+00 
1.336480108e+00 1.492893690e+00 1.742194891e+00 
1.195099798e+00 1.590676521e+00 1.801166824e+00 
1.317149697e+00 1.542353610e+00 1.756543677e+00 
1.145650708e+00 1.470153496e+00 1.623935667e+00 
1.494942684e+00 1.798749289e+00 1.912330495e+00 
1.240952798e+00 1.440591245e+00 1.645222327e+00 
1.494942684e+00 1.600341103e+00 1.849574267e+00 
1.240728254e+00 1.292211484e+00 1.491958373e+00 
1.271296696e+00 1.726549176e+00 1.888836329e+00 
1.075522589e+00 1.237635020e+00 1.359192684e+00 
1.264329063e+00 1.710631040e+00 1.863923053e+00 
1.518543493e+00 1.621375782e+00 1.888836329e+00 
1.404585300e+00 1.508243320e+00 1.801166824e+00 
1.153180715e+00 1.390562820e+00 1.561179439e+00 
1.149246797e+00 1.472427516e+00 1.693787449e+00 
1.370869858e+00 1.525298465e+00 1.756543677e+00 
1.165430209e+00 1.350198977e+00 1.540365815e+00 
1.143627782e+00 1.475270040e+00 1.668558814e+00 
1.197122724e+00 1.585559977e+00 1.756543677e+00 
1.156327040e+00 1.374076180e+00 1.540365815e+00 
1.246122724e+00 1.400795907e+00 1.693787449e+00 
1.165205664e+00 1.358726549e+00 1.536266162e+00 
1.156327040e+00 1.378055713e+00 1.582466099e+00 
1.066756575e+00 1.117111995e+00 1.239987386e+00 
1.133063385e+00 1.226833428e+00 1.443550930e+00 
1.185434929e+00 1.215463331e+00 1.443550930e+00 
1.060687795e+00 1.167708926e+00 1.296436455e+00 
1.079118678e+00 1.239909039e+00 1.429044465e+00 
1.104517869e+00 1.222853894e+00 1.429044465e+00 
1.169925826e+00 1.299033542e+00 1.582466099e+00 
1.021577883e+00 1.057987493e+00 1.220277515e+00 
1.130815914e+00 1.400227402e+00 1.561179439e+00 
1.137109238e+00 1.397384878e+00 1.540365815e+00 
1.157788267e+00 1.213189312e+00 1.422264270e+00 
1.067655428e+00 1.150653781e+00 1.290129297e+00 
1.016183412e+00 1.035247300e+00 1.157521287e+00 
1.000000000e+00 1.014212621e+00 1.132608010e+00 
1.000000000e+00 1.000000000e+00 1.000000000e+00 
1.081591369e+00 1.111426947e+00 1.310942920e+00 

1.367498314e+00 1.414440023e+00 1.645222327e+00 
1.366599461e+00 1.633882888e+00 1.844213182e+00 
1.155091032e+00 1.189312109e+00 1.373699149e+00 
1.464149022e+00 1.658897101e+00 1.888836329e+00 
1.435828051e+00 1.627060830e+00 1.829864396e+00 
1.449539447e+00 1.620807277e+00 1.849574267e+00 
1.073499663e+00 1.242751563e+00 1.403815831e+00 
1.381658800e+00 1.611142695e+00 1.804951120e+00 
1.335805799e+00 1.404206936e+00 1.630873541e+00 
1.294672960e+00 1.423536100e+00 1.645222327e+00 
1.104517869e+00 1.222853894e+00 1.429044465e+00 
1.126432906e+00 1.281409892e+00 1.449858089e+00 
1.317262306e+00 1.635019898e+00 1.804951120e+00 
1.240728254e+00 1.292211484e+00 1.491958373e+00 
1.340750506e+00 1.627629335e+00 1.804951120e+00 
1.073049899e+00 1.173393974e+00 1.352885525e+00 
1.362553608e+00 1.513359864e+00 1.742194891e+00 
1.394246123e+00 1.544059125e+00 1.801166824e+00 
1.743762643e+00 1.792495736e+00 1.892620624e+00 
1.327938638e+00 1.520181922e+00 1.781456954e+00 
1.280175320e+00 1.428084139e+00 1.630873541e+00 
1.408631153e+00 1.637293917e+00 1.849574267e+00 
1.342773432e+00 1.649801023e+00 1.863923053e+00 
1.201281187e+00 1.529846504e+00 1.742194891e+00 
1.794335806e+00 1.843661171e+00 1.912330495e+00 
1.169925826e+00 1.299033542e+00 1.582466099e+00 
1.255787593e+00 1.542353610e+00 1.756543677e+00 
1.431107889e+00 1.762364980e+00 1.888836329e+00 
1.100247471e+00 1.351904491e+00 1.515137181e+00 
1.143627782e+00 1.475270040e+00 1.668558814e+00 
1.126545516e+00 1.432632177e+00 1.628035320e+00 
1.215778827e+00 1.288231950e+00 1.464206875e+00 
1.372892785e+00 1.579874929e+00 1.801166824e+00 
1.066756575e+00 1.117111995e+00 1.239987386e+00 
1.124297370e+00 1.316088687e+00 1.516713970e+00 
1.140256237e+00 1.202387720e+00 1.359192684e+00 
1.133063385e+00 1.226833428e+00 1.443550930e+00 
1.102270398e+00 1.346787948e+00 1.470514033e+00 
1.122948753e+00 1.430358158e+00 1.558183538e+00 
1.131153068e+00 1.297328027e+00 1.477451908e+00 
1.185434929e+00 1.215463331e+00 1.443550930e+00 
1.081591369e+00 1.111426947e+00 1.310942920e+00 
1.307260283e+00 1.436611711e+00 1.693787449e+00 
1.021577883e+00 1.057987493e+00 1.220277515e+00 
1.205664194e+00 1.450824332e+00 1.647745191e+00 
1.060687795e+00 1.167708926e+00 1.296436455e+00 
1.157900877e+00 1.406480955e+00 1.588773258e+00 
1.153180715e+00 1.390562820e+00 1.561179439e+00 
1.075522589e+00 1.237635020e+00 1.359192684e+00 
1.212407283e+00 1.418988061e+00 1.603122044e+00 
1.658799730e+00 1.862421831e+00 1.951592558e+00 
1.222521915e+00 1.266060262e+00 1.449858089e+00 
1.067655428e+00 1.150653781e+00 1.290129297e+00 
1.105866487e+00 1.349061967e+00 1.540365815e+00 
1.157788267e+00 1.213189312e+00 1.422264270e+00 
1.079118678e+00 1.239909039e+00 1.429044465e+00 
1.149246797e+00 1.472427516e+00 1.693787449e+00 
1.130815914e+00 1.400227402e+00 1.561179439e+00 
1.016183412e+00 1.035247300e+00 1.157521287e+00 
1.000000000e+00 1.000000000e+00 1.000000000e+00 
1.000000000e+00 1.014212621e+00 1.132608010e+00 

1.543715442e+00 1.664013644e+00 1.863923053e+00 
1.371544167e+00 1.513928368e+00 1.756543677e+00 
1.283434255e+00 1.664013644e+00 1.849574267e+00 
1.541018206e+00 1.793632746e+00 1.912330495e+00 
1.494720162e+00 1.853325753e+00 1.912330495e+00 
1.156327040e+00 1.374076180e+00 1.540365815e+00 
1.240952798e+00 1.440591245e+00 1.645222327e+00 
1.197122724e+00 1.585559977e+00 1.756543677e+00 
1.554281861e+00 1.624786811e+00 1.888836329e+00 
1.151719488e+00 1.467310972e+00 1.647745191e+00 
1.236232637e+00 1.500852757e+00 1.710501419e+00 
1.071252192e+00 1.320068221e+00 1.470514033e+00 
1.691840863e+00 1.789084707e+00 1.951592558e+00 
1.431557653e+00 1.508811825e+00 1.732891832e+00 
1.634524612e+00 1.743035816e+00 1.912330495e+00 
1.673857047e+00 1.865264355e+00 1.951592558e+00 
1.467296022e+00 1.532120523e+00 1.781456954e+00 
1.420993257e+00 1.678794770e+00 1.863923053e+00 
1.673182738e+00 1.873223422e+00 1.951592558e+00 
1.429534727e+00 1.521887436e+00 1.777514980e+00 
1.722859069e+00 1.781125640e+00 1.937243772e+00 
1.436277815e+00 1.513359864e+00 1.738252917e+00 
1.553607552e+00 1.638999431e+00 1.888836329e+00 
1.411103844e+00 1.549744173e+00 1.801166824e+00 
1.149246797e+00 1.472427516e+00 1.693787449e+00 
1.149246797e+00 1.393405344e+00 1.603122044e+00 
1.243425489e+00 1.376918704e+00 1.645222327e+00 
1.389750506e+00 1.600341103e+00 1.849574267e+00 
1.420544167e+00 1.706083002e+00 1.863923053e+00 
1.661045179e+00 1.789653212e+00 1.937243772e+00 
1.165992583e+00 1.388857305e+00 1.603122044e+00 
1.124971679e+00 1.358158044e+00 1.536423841e+00 
1.218026298e+00 1.542353610e+00 1.756228319e+00 
1.448415374e+00 1.671404207e+00 1.888836329e+00 
1.248819960e+00 1.574189881e+00 1.801166824e+00 
1.100247471e+00 1.351904491e+00 1.515137181e+00 
1.324118004e+00 1.442296760e+00 1.693787449e+00 
1.349516521e+00 1.564525298e+00 1.801166824e+00 
1.412677006e+00 1.469016487e+00 1.710501419e+00 
1.109912340e+00 1.245594088e+00 1.491800694e+00 
1.459204316e+00 1.507674815e+00 1.756543677e+00 
1.442346595e+00 1.519613417e+00 1.777514980e+00 
1.143627782e+00 1.475270040e+00 1.668558814e+00 
1.089233311e+00 1.284820921e+00 1.464206875e+00 
1.073499663e+00 1.242751563e+00 1.403815831e+00 
1.105641942e+00 1.278567368e+00 1.445600757e+00 
1.153180715e+00 1.390562820e+00 1.561179439e+00 
1.472690492e+00 1.522455941e+00 1.801166824e+00 
1.145650708e+00 1.470153496e+00 1.623935667e+00 
1.086086986e+00 1.231381467e+00 1.359192684e+00 
1.239604181e+00 1.425810119e+00 1.623935667e+00 
1.262530681e+00 1.457077885e+00 1.693787449e+00 
1.385704653e+00 1.429789653e+00 1.693787449e+00 
1.199370870e+00 1.453666856e+00 1.623935667e+00 
1.328388402e+00 1.406480955e+00 1.689845475e+00 
1.268374916e+00 1.353041501e+00 1.599180069e+00 
1.130815914e+00 1.400227402e+00 1.561179439e+00 
1.395144976e+00 1.556566231e+00 1.781456954e+00 
1.325691167e+00 1.376350199e+00 1.603122044e+00 
1.197347943e+00 1.458783400e+00 1.668558814e+00 
1.104517869e+00 1.222853894e+00 1.429044465e+00 
1.169925826e+00 1.299033542e+00 1.582466099e+00 
1.079118678e+00 1.239909039e+00 1.429044465e+00 
1.185434929e+00 1.215463331e+00 1.443550930e+00 
1.073049899e+00 1.173393974e+00 1.352885525e+00 
1.075522589e+00 1.237635020e+00 1.359192684e+00 
1.428410654e+00 1.868675384e+00 1.912330495e+00 
1.254438975e+00 1.462194429e+00 1.670135604e+00 
1.066756575e+00 1.117111995e+00 1.239987386e+00 
1.133063385e+00 1.226833428e+00 1.443550930e+00 
1.151719488e+00 1.204093235e+00 1.373699149e+00 
1.234546864e+00 1.453098351e+00 1.617628508e+00 
1.067655428e+00 1.150653781e+00 1.290129297e+00 
1.081591369e+00 1.111426947e+00 1.310942920e+00 
1.000000000e+00 1.000000000e+00 1.000000000e+00 
1.060687795e+00 1.167708926e+00 1.296436455e+00 
1.000000000e+00 1.014212621e+00 1.132608010e+00 
1.021577883e+00 1.057987493e+00 1.220277515e+00 
1.016183412e+00 1.035247300e+00 1.157521287e+00 

1.391773432e+00 1.707788516e+00 1.863923053e+00 
1.376488874e+00 1.653780557e+00 1.849574267e+00 
1.266127444e+00 1.732234224e+00 1.863923053e+00 
1.561699258e+00 1.616827743e+00 1.863923053e+00 
1.143627782e+00 1.475270040e+00 1.668558814e+00 
1.371544167e+00 1.513928368e+00 1.756543677e+00 
1.267026298e+00 1.709494031e+00 1.863923053e+00 
1.518543493e+00 1.616259238e+00 1.840271208e+00 
1.530006743e+00 1.621375782e+00 1.863923053e+00 
1.411103844e+00 1.549744173e+00 1.801166824e+00 
1.467296022e+00 1.532120523e+00 1.781456954e+00 
1.412677006e+00 1.469016487e+00 1.710501419e+00 
1.089233311e+00 1.284820921e+00 1.464206875e+00 
1.401888065e+00 1.484366117e+00 1.752601703e+00 
1.292425489e+00 1.674815236e+00 1.829864396e+00 
1.402000674e+00 1.644115975e+00 1.863923053e+00 
1.575637222e+00 1.822057987e+00 1.937243772e+00 
1.149246797e+00 1.393405344e+00 1.603122044e+00 
1.442346595e+00 1.519613417e+00 1.777514980e+00 
1.075522589e+00 1.237635020e+00 1.359192684e+00 
1.349516521e+00 1.564525298e+00 1.801166824e+00 
1.252978422e+00 1.496304719e+00 1.710501419e+00 
1.073499663e+00 1.242751563e+00 1.403815831e+00 
1.486850978e+00 1.693007391e+00 1.888836329e+00 
1.472690492e+00 1.522455941e+00 1.801166824e+00 
1.271296696e+00 1.726549176e+00 1.888836329e+00 
1.531355361e+00 1.613985219e+00 1.840271208e+00 
1.434479434e+00 1.698123934e+00 1.888836329e+00 
1.201281187e+00 1.529846504e+00 1.742194891e+00 
1.093054619e+00 1.392836839e+00 1.495427310e+00 
1.255787593e+00 1.542353610e+00 1.756543677e+00 
1.105866487e+00 1.349061967e+00 1.540365815e+00 
1.467410654e+00 1.836839113e+00 1.951592558e+00 
1.246122724e+00 1.400795907e+00 1.693787449e+00 
1.149246797e+00 1.472427516e+00 1.693787449e+00 
1.240952798e+00 1.440591245e+00 1.645222327e+00 
1.140256237e+00 1.202387720e+00 1.359192684e+00 
1.165992583e+00 1.388857305e+00 1.603122044e+00 
1.268374916e+00 1.353041501e+00 1.599180069e+00 
1.156327040e+00 1.378055713e+00 1.582466099e+00 
1.243425489e+00 1.376918704e+00 1.645222327e+00 
1.155091032e+00 1.189312109e+00 1.373699149e+00 
1.640930546e+00 1.802160318e+00 1.951592558e+00 
1.185434929e+00 1.215463331e+00 1.443550930e+00 
1.135536076e+00 1.488345651e+00 1.603122044e+00 
1.195099798e+00 1.590676521e+00 1.801166824e+00 
1.325691167e+00 1.376350199e+00 1.603122044e+00 
1.141717465e+00 1.437180216e+00 1.603122044e+00 
1.130815914e+00 1.400227402e+00 1.561179439e+00 
1.086086986e+00 1.231381467e+00 1.359192684e+00 
1.060687795e+00 1.167708926e+00 1.296436455e+00 
1.169925826e+00 1.299033542e+00 1.582466099e+00 
1.151719488e+00 1.204093235e+00 1.373699149e+00 
1.021577883e+00 1.057987493e+00 1.220277515e+00 
1.079118678e+00 1.239909039e+00 1.429044465e+00 
1.073049899e+00 1.173393974e+00 1.352885525e+00 
1.109912340e+00 1.245594088e+00 1.491800694e+00 
1.104517869e+00 1.222853894e+00 1.429044465e+00 
1.153180715e+00 1.390562820e+00 1.561179439e+00 
1.066756575e+00 1.117111995e+00 1.239987386e+00 
1.157788267e+00 1.213189312e+00 1.422264270e+00 
1.133063385e+00 1.226833428e+00 1.443550930e+00 
1.081591369e+00 1.111426947e+00 1.310942920e+00 
1.000000000e+00 1.000000000e+00 1.000000000e+00 
1.000000000e+00 1.014212621e+00 1.132608010e+00 
1.016183412e+00 1.035247300e+00 1.157521287e+00 
1.067655428e+00 1.150653781e+00 1.290129297e+00 

1.572710722e+00 1.794201251e+00 2.000000000e+00 
1.256461902e+00 1.492893690e+00 1.742194891e+00 
1.204091032e+00 1.601478113e+00 1.781456954e+00 
1.586648685e+00 1.652643547e+00 1.888836329e+00 
1.396493594e+00 1.486640136e+00 1.705298013e+00 
1.089233311e+00 1.284820921e+00 1.464206875e+00 
1.141717465e+00 1.449687322e+00 1.651529486e+00 
1.525064059e+00 1.662876634e+00 1.888836329e+00 
1.162395819e+00 1.533257533e+00 1.739198991e+00 
1.121825354e+00 1.235361001e+00 1.382844529e+00 
1.533830074e+00 1.854462763e+00 2.000000000e+00 
1.165992583e+00 1.388857305e+00 1.603122044e+00 
1.262530681e+00 1.457077885e+00 1.693787449e+00 
1.089683075e+00 1.369528141e+00 1.491800694e+00 
1.349516521e+00 1.564525298e+00 1.801166824e+00 
1.385704653e+00 1.429789653e+00 1.693787449e+00 
1.408631153e+00 1.637293917e+00 1.849574267e+00 
1.071252192e+00 1.297328027e+00 1.359192684e+00 
1.334007417e+00 1.583285958e+00 1.798170924e+00 
1.105866487e+00 1.349061967e+00 1.540365815e+00 
1.105641942e+00 1.278567368e+00 1.445600757e+00 
1.533830074e+00 1.865832860e+00 2.000000000e+00 
1.411103844e+00 1.549744173e+00 1.801166824e+00 
1.429534727e+00 1.521887436e+00 1.777514980e+00 
1.442346595e+00 1.519613417e+00 1.777514980e+00 
1.089683075e+00 1.392268334e+00 1.603122044e+00 
1.240952798e+00 1.440591245e+00 1.645222327e+00 
1.520788941e+00 1.724843661e+00 1.951592558e+00 
1.324118004e+00 1.442296760e+00 1.693787449e+00 
1.143627782e+00 1.475270040e+00 1.668558814e+00 
1.328388402e+00 1.406480955e+00 1.689845475e+00 
1.109912340e+00 1.245594088e+00 1.491800694e+00 
1.100247471e+00 1.351904491e+00 1.515137181e+00 
1.201281187e+00 1.529846504e+00 1.742194891e+00 
1.089683075e+00 1.379192723e+00 1.540365815e+00 
1.149246797e+00 1.472427516e+00 1.693787449e+00 
1.110362104e+00 1.475838545e+00 1.690791548e+00 
1.071252192e+00 1.306992609e+00 1.407757805e+00 
1.169925826e+00 1.299033542e+00 1.582466099e+00 
1.465724882e+00 1.777714611e+00 1.951592558e+00 
1.349179366e+00 1.674815236e+00 1.892620624e+00 
1.346144976e+00 1.571915861e+00 1.844213182e+00 
1.276466622e+00 1.533826038e+00 1.756543677e+00 
1.223645988e+00 1.539511086e+00 1.781456954e+00 
1.185434929e+00 1.215463331e+00 1.443550930e+00 
1.071252192e+00 1.320068221e+00 1.470514033e+00 
1.184873230e+00 1.604320637e+00 1.781456954e+00 
1.133063385e+00 1.226833428e+00 1.443550930e+00 
1.332884019e+00 1.678226265e+00 1.892620624e+00 
1.485279838e+00 1.767481524e+00 1.951592558e+00 
1.224095078e+00 1.429221148e+00 1.624093346e+00 
1.110362104e+00 1.462762933e+00 1.628035320e+00 
1.073049899e+00 1.173393974e+00 1.352885525e+00 
1.297145651e+00 1.617396248e+00 1.844213182e+00 
1.073499663e+00 1.242751563e+00 1.403815831e+00 
1.081591369e+00 1.111426947e+00 1.310942920e+00 
1.067655428e+00 1.150653781e+00 1.290129297e+00 
1.243425489e+00 1.376918704e+00 1.645222327e+00 
1.066756575e+00 1.117111995e+00 1.239987386e+00 
1.459204316e+00 1.507674815e+00 1.756543677e+00 
1.079118678e+00 1.239909039e+00 1.429044465e+00 
1.060687795e+00 1.167708926e+00 1.296436455e+00 
1.151719488e+00 1.204093235e+00 1.373699149e+00 
1.130815914e+00 1.232518476e+00 1.359192684e+00 
1.155091032e+00 1.189312109e+00 1.373699149e+00 
1.016183412e+00 1.035247300e+00 1.157521287e+00 
1.021577883e+00 1.057987493e+00 1.220277515e+00 
1.000000000e+00 1.014212621e+00 1.132608010e+00 
1.000000000e+00 1.000000000e+00 1.000000000e+00 

1.618563722e+00 1.753837408e+00 1.912330495e+00 
1.243088334e+00 1.545764639e+00 1.735414696e+00 
1.402000674e+00 1.644115975e+00 1.863923053e+00 
1.089233311e+00 1.284820921e+00 1.464206875e+00 
1.315014835e+00 1.536668562e+00 1.756543677e+00 
1.459204316e+00 1.507674815e+00 1.756543677e+00 
1.385704653e+00 1.429789653e+00 1.693787449e+00 
1.149921106e+00 1.472427516e+00 1.647745191e+00 
1.135536076e+00 1.488345651e+00 1.603122044e+00 
1.266127444e+00 1.732234224e+00 1.863923053e+00 
1.546190155e+00 1.600341103e+00 1.863923053e+00 
1.071252192e+00 1.293916998e+00 1.331598865e+00 
1.321420769e+00 1.698692439e+00 1.888836329e+00 
1.525509103e+00 1.789653212e+00 1.912330495e+00 
1.252978422e+00 1.496304719e+00 1.710501419e+00 
1.626432906e+00 1.733939738e+00 1.937243772e+00 
1.412677006e+00 1.469016487e+00 1.710501419e+00 
1.401888065e+00 1.484366117e+00 1.752601703e+00 
1.485724882e+00 1.854462763e+00 1.937243772e+00 
1.544841537e+00 1.967026720e+00 2.000000000e+00 
1.447741065e+00 1.576463900e+00 1.781456954e+00 
1.149246797e+00 1.393405344e+00 1.603122044e+00 
1.195099798e+00 1.590676521e+00 1.801166824e+00 
1.428860418e+00 1.633882888e+00 1.849574267e+00 
1.522137559e+00 1.887436043e+00 1.951592558e+00 
1.664416723e+00 1.798749289e+00 1.951592558e+00 
1.319172623e+00 1.582148948e+00 1.777514980e+00 
1.252416049e+00 1.457646390e+00 1.647745191e+00 
1.140256237e+00 1.202387720e+00 1.359192684e+00 
1.265227916e+00 1.451961342e+00 1.647745191e+00 
1.169925826e+00 1.299033542e+00 1.582466099e+00 
1.499662846e+00 1.554860716e+00 1.781456954e+00 
1.370195550e+00 1.519044912e+00 1.756543677e+00 
1.084064059e+00 1.368959636e+00 1.438978240e+00 
1.172398517e+00 1.550881182e+00 1.735414696e+00 
1.165992583e+00 1.388857305e+00 1.603122044e+00 
1.525064059e+00 1.674815236e+00 1.888836329e+00 
1.374915711e+00 1.577600910e+00 1.801166824e+00 
1.151719488e+00 1.204093235e+00 1.373699149e+00 
1.170150371e+00 1.434337692e+00 1.624093346e+00 
1.396043830e+00 1.669698692e+00 1.844213182e+00 
1.418071477e+00 1.507674815e+00 1.756228319e+00 
1.325691167e+00 1.376350199e+00 1.603122044e+00 
1.243425489e+00 1.376918704e+00 1.645222327e+00 
1.515509103e+00 1.803297328e+00 1.912330495e+00 
1.086086986e+00 1.231381467e+00 1.359192684e+00 
1.120925826e+00 1.435474702e+00 1.602806686e+00 
1.535623736e+00 1.812961910e+00 1.951592558e+00 
1.586648685e+00 1.647527004e+00 1.888836329e+00 
1.463474713e+00 1.689596362e+00 1.888836329e+00 
1.073049899e+00 1.173393974e+00 1.352885525e+00 
1.283884019e+00 1.424104605e+00 1.670135604e+00 
1.639467296e+00 1.902785674e+00 2.000000000e+00 
1.151719488e+00 1.467310972e+00 1.647745191e+00 
1.328388402e+00 1.406480955e+00 1.689845475e+00 
1.230389076e+00 1.498010233e+00 1.668558814e+00 
1.109912340e+00 1.245594088e+00 1.491800694e+00 
1.442346595e+00 1.531552018e+00 1.777514980e+00 
1.268374916e+00 1.353041501e+00 1.599180069e+00 
1.124971679e+00 1.358158044e+00 1.536423841e+00 
1.081591369e+00 1.111426947e+00 1.310942920e+00 
1.185434929e+00 1.215463331e+00 1.443550930e+00 
1.252978422e+00 1.492325185e+00 1.668558814e+00 
1.262530681e+00 1.457077885e+00 1.693787449e+00 
1.155091032e+00 1.189312109e+00 1.373699149e+00 
1.182287930e+00 1.515633883e+00 1.693787449e+00 
1.060687795e+00 1.167708926e+00 1.296436455e+00 
1.100247471e+00 1.351904491e+00 1.515137181e+00 
1.073499663e+00 1.242751563e+00 1.403815831e+00 
1.133063385e+00 1.226833428e+00 1.443550930e+00 
1.102270398e+00 1.346787948e+00 1.470514033e+00 
1.079118678e+00 1.239909039e+00 1.429044465e+00 
1.104517869e+00 1.222853894e+00 1.429044465e+00 
1.067655428e+00 1.150653781e+00 1.290129297e+00 
1.000000000e+00 1.014212621e+00 1.132608010e+00 
1.157788267e+00 1.213189312e+00 1.422264270e+00 
1.075522589e+00 1.237635020e+00 1.359192684e+00 
1.066756575e+00 1.117111995e+00 1.239987386e+00 
1.016183412e+00 1.035247300e+00 1.157521287e+00 
1.021577883e+00 1.057987493e+00 1.220277515e+00 
1.000000000e+00 1.000000000e+00 1.000000000e+00 

1.442346595e+00 1.519613417e+00 1.777514980e+00 
1.202966959e+00 1.455940875e+00 1.693787449e+00 
1.104742414e+00 1.478681069e+00 1.665562914e+00 
1.124297370e+00 1.316088687e+00 1.516713970e+00 
1.084064059e+00 1.382035247e+00 1.515137181e+00 
1.429534727e+00 1.521887436e+00 1.777514980e+00 
1.320521241e+00 1.657191586e+00 1.863923053e+00 
1.318498314e+00 1.693575895e+00 1.863923053e+00 
1.582151045e+00 1.889710063e+00 1.937243772e+00 
1.073499663e+00 1.242751563e+00 1.403815831e+00 
1.186670937e+00 1.554292211e+00 1.756543677e+00 
1.149246797e+00 1.393405344e+00 1.603122044e+00 
1.084064059e+00 1.395110858e+00 1.577893409e+00 
1.197347943e+00 1.458783400e+00 1.668558814e+00 
1.149921106e+00 1.472427516e+00 1.647745191e+00 
1.089683075e+00 1.369528141e+00 1.491800694e+00 
1.133737694e+00 1.515633883e+00 1.710501419e+00 
1.165992583e+00 1.388857305e+00 1.603122044e+00 
1.349516521e+00 1.564525298e+00 1.801166824e+00 
1.239604181e+00 1.425810119e+00 1.623935667e+00 
1.240952798e+00 1.440591245e+00 1.645222327e+00 
1.325691167e+00 1.376350199e+00 1.603122044e+00 
1.328612947e+00 1.585559977e+00 1.844213182e+00 
1.323443695e+00 1.664582149e+00 1.888836329e+00 
1.268374916e+00 1.353041501e+00 1.599180069e+00 
1.151719488e+00 1.204093235e+00 1.373699149e+00 
1.157788267e+00 1.213189312e+00 1.422264270e+00 
1.089233311e+00 1.284820921e+00 1.464206875e+00 
1.255001349e+00 1.513359864e+00 1.742194891e+00 
1.071252192e+00 1.293916998e+00 1.331598865e+00 
1.071252192e+00 1.297328027e+00 1.359192684e+00 
1.247021578e+00 1.579306424e+00 1.801166824e+00 
1.155091032e+00 1.189312109e+00 1.373699149e+00 
1.243425489e+00 1.376918704e+00 1.645222327e+00 
1.100247471e+00 1.351904491e+00 1.515137181e+00 
1.256461902e+00 1.492893690e+00 1.742194891e+00 
1.817262306e+00 1.866401364e+00 1.937243772e+00 
1.431782198e+00 1.633314383e+00 1.888836329e+00 
1.307934592e+00 1.501989767e+00 1.756543677e+00 
1.394920432e+00 1.609437180e+00 1.863923053e+00 
1.140256237e+00 1.202387720e+00 1.359192684e+00 
1.104517869e+00 1.222853894e+00 1.429044465e+00 
1.185434929e+00 1.215463331e+00 1.443550930e+00 
1.086086986e+00 1.231381467e+00 1.359192684e+00 
1.136997303e+00 1.433769187e+00 1.623935667e+00 
1.105641942e+00 1.278567368e+00 1.445600757e+00 
1.411103844e+00 1.549744173e+00 1.801166824e+00 
1.109912340e+00 1.245594088e+00 1.491800694e+00 
1.079118678e+00 1.239909039e+00 1.429044465e+00 
1.073049899e+00 1.173393974e+00 1.352885525e+00 
1.120925826e+00 1.440591245e+00 1.603122044e+00 
1.071252192e+00 1.320068221e+00 1.470514033e+00 
1.169925826e+00 1.299033542e+00 1.582466099e+00 
1.246122724e+00 1.400795907e+00 1.693787449e+00 
1.133063385e+00 1.226833428e+00 1.443550930e+00 
1.071252192e+00 1.306992609e+00 1.407757805e+00 
1.067655428e+00 1.150653781e+00 1.290129297e+00 
1.066756575e+00 1.117111995e+00 1.239987386e+00 
1.060687795e+00 1.167708926e+00 1.296436455e+00 
1.000000000e+00 1.014212621e+00 1.132608010e+00 
1.021577883e+00 1.057987493e+00 1.220277515e+00 
1.016183412e+00 1.035247300e+00 1.157521287e+00 
1.081591369e+00 1.111426947e+00 1.310942920e+00 
1.000000000e+00 1.000000000e+00 1.000000000e+00 

1.127444370e+00 1.518476407e+00 1.731315043e+00 
1.133063385e+00 1.226833428e+00 1.443550930e+00 
1.105866487e+00 1.349061967e+00 1.540365815e+00 
1.196448415e+00 1.645252985e+00 1.801166824e+00 
1.325691167e+00 1.376350199e+00 1.603122044e+00 
1.566756575e+00 1.756111427e+00 1.951592558e+00 
1.456507080e+00 1.599204093e+00 1.804951120e+00 
1.240952798e+00 1.440591245e+00 1.645222327e+00 
1.075522589e+00 1.237635020e+00 1.359192684e+00 
1.104742414e+00 1.478681069e+00 1.665562914e+00 
1.643964936e+00 1.725980671e+00 1.951592558e+00 
1.621038436e+00 1.750426379e+00 1.951592558e+00 
1.561699258e+00 1.702671973e+00 1.912330495e+00 
1.344796359e+00 1.525866970e+00 1.781456954e+00 
1.262530681e+00 1.457077885e+00 1.693787449e+00 
1.401888065e+00 1.484366117e+00 1.752601703e+00 
1.140143628e+00 1.408186470e+00 1.582466099e+00 
1.437626433e+00 1.591813530e+00 1.801009145e+00 
1.592939987e+00 1.752700398e+00 1.951592558e+00 
1.471341875e+00 1.610574190e+00 1.863923053e+00 
1.371544167e+00 1.513928368e+00 1.756543677e+00 
1.553270398e+00 1.729960205e+00 1.912330495e+00 
1.084064059e+00 1.382035247e+00 1.515137181e+00 
1.268374916e+00 1.353041501e+00 1.599180069e+00 
1.459204316e+00 1.507674815e+00 1.756543677e+00 
1.385704653e+00 1.429789653e+00 1.693787449e+00 
1.280962239e+00 1.692438886e+00 1.844213182e+00 
1.165992583e+00 1.388857305e+00 1.603122044e+00 
1.084064059e+00 1.395110858e+00 1.577893409e+00 
1.423690492e+00 1.742467311e+00 1.912330495e+00 
1.255787593e+00 1.699260944e+00 1.804951120e+00 
1.283884019e+00 1.598067084e+00 1.801166824e+00 
1.324118004e+00 1.442296760e+00 1.693787449e+00 
1.185434929e+00 1.215463331e+00 1.443550930e+00 
1.240503709e+00 1.474701535e+00 1.647745191e+00 
1.149246797e+00 1.393405344e+00 1.603122044e+00 
1.500896831e+00 1.885162024e+00 2.000000000e+00 
1.122724208e+00 1.435474702e+00 1.603122044e+00 
1.328388402e+00 1.406480955e+00 1.689845475e+00 
1.630026972e+00 1.840818647e+00 2.000000000e+00 
1.149022252e+00 1.401932916e+00 1.599022390e+00 
1.183636548e+00 1.583285958e+00 1.756543677e+00 
1.136997303e+00 1.433769187e+00 1.623935667e+00 
1.376264329e+00 1.645252985e+00 1.863923053e+00 
1.267476062e+00 1.666287663e+00 1.804951120e+00 
1.086086986e+00 1.231381467e+00 1.359192684e+00 
1.105641942e+00 1.278567368e+00 1.445600757e+00 
1.243425489e+00 1.376918704e+00 1.645222327e+00 
1.114632502e+00 1.443433769e+00 1.623935667e+00 
1.155091032e+00 1.189312109e+00 1.373699149e+00 
1.465947404e+00 1.587833997e+00 1.801166824e+00 
1.428186109e+00 1.811824901e+00 1.951592558e+00 
1.210608901e+00 1.396247868e+00 1.617628508e+00 
1.285569791e+00 1.515065378e+00 1.705298013e+00 
1.169925826e+00 1.299033542e+00 1.582466099e+00 
1.104517869e+00 1.222853894e+00 1.429044465e+00 
1.071252192e+00 1.306992609e+00 1.407757805e+00 
1.109912340e+00 1.245594088e+00 1.491800694e+00 
1.071252192e+00 1.293916998e+00 1.331598865e+00 
1.371768712e+00 1.786242183e+00 1.863923053e+00 
1.073499663e+00 1.242751563e+00 1.403815831e+00 
1.079118678e+00 1.239909039e+00 1.429044465e+00 
1.499885367e+00 1.920409323e+00 2.000000000e+00 
1.157788267e+00 1.213189312e+00 1.422264270e+00 
1.081591369e+00 1.111426947e+00 1.310942920e+00 
1.071252192e+00 1.320068221e+00 1.470514033e+00 
1.067655428e+00 1.150653781e+00 1.290129297e+00 
1.206001349e+00 1.573621376e+00 1.756543677e+00 
1.071252192e+00 1.297328027e+00 1.359192684e+00 
1.120925826e+00 1.440591245e+00 1.603122044e+00 
1.151719488e+00 1.204093235e+00 1.373699149e+00 
1.066756575e+00 1.117111995e+00 1.239987386e+00 
1.021577883e+00 1.057987493e+00 1.220277515e+00 
1.060687795e+00 1.167708926e+00 1.296436455e+00 
1.073049899e+00 1.173393974e+00 1.352885525e+00 
1.016183412e+00 1.035247300e+00 1.157521287e+00 
1.000000000e+00 1.014212621e+00 1.132608010e+00 
1.000000000e+00 1.000000000e+00 1.000000000e+00 

1.195099798e+00 1.590676521e+00 1.801166824e+00 
1.389750506e+00 1.600341103e+00 1.849574267e+00 
1.149246797e+00 1.304718590e+00 1.491800694e+00 
1.130815914e+00 1.275724844e+00 1.440555030e+00 
1.156327040e+00 1.378055713e+00 1.582466099e+00 
1.136997303e+00 1.433769187e+00 1.623935667e+00 
1.135536076e+00 1.510517339e+00 1.710501419e+00 
1.100247471e+00 1.351904491e+00 1.515137181e+00 
1.120925826e+00 1.440591245e+00 1.603122044e+00 
1.149022252e+00 1.401932916e+00 1.599022390e+00 
1.528206339e+00 1.730528709e+00 1.912330495e+00 
1.423690492e+00 1.742467311e+00 1.912330495e+00 
1.151719488e+00 1.204093235e+00 1.373699149e+00 
1.188469319e+00 1.549175668e+00 1.756543677e+00 
1.122724208e+00 1.435474702e+00 1.603122044e+00 
1.156327040e+00 1.374076180e+00 1.540365815e+00 
1.084064059e+00 1.382035247e+00 1.515137181e+00 
1.155091032e+00 1.189312109e+00 1.373699149e+00 
1.404585300e+00 1.508243320e+00 1.801166824e+00 
1.089683075e+00 1.379192723e+00 1.540365815e+00 
1.766014835e+00 1.830585560e+00 1.937243772e+00 
1.073049899e+00 1.173393974e+00 1.352885525e+00 
1.383457181e+00 1.706651507e+00 1.863923053e+00 
1.187682401e+00 1.624786811e+00 1.758908862e+00 
1.505731625e+00 1.623649801e+00 1.888836329e+00 
1.240952798e+00 1.440591245e+00 1.645222327e+00 
1.240615644e+00 1.663445139e+00 1.804951120e+00 
1.399415374e+00 1.548038658e+00 1.752601703e+00 
1.105641942e+00 1.278567368e+00 1.445600757e+00 
1.349516521e+00 1.564525298e+00 1.801166824e+00 
1.149246797e+00 1.472427516e+00 1.693787449e+00 
1.091930546e+00 1.403638431e+00 1.558183538e+00 
1.143627782e+00 1.475270040e+00 1.668558814e+00 
1.811867835e+00 1.924388857e+00 1.951592558e+00 
1.079118678e+00 1.239909039e+00 1.429044465e+00 
1.454596763e+00 1.733371234e+00 1.888836329e+00 
1.140256237e+00 1.202387720e+00 1.359192684e+00 
1.169925826e+00 1.299033542e+00 1.582466099e+00 
1.246122724e+00 1.400795907e+00 1.693787449e+00 
1.366824005e+00 1.545764639e+00 1.710659098e+00 
1.153180715e+00 1.390562820e+00 1.561179439e+00 
1.193076871e+00 1.371802160e+00 1.617628508e+00 
1.126432906e+00 1.281409892e+00 1.449858089e+00 
1.165205664e+00 1.358726549e+00 1.536266162e+00 
1.215778827e+00 1.288231950e+00 1.464206875e+00 
1.071252192e+00 1.320068221e+00 1.470514033e+00 
1.185434929e+00 1.215463331e+00 1.443550930e+00 
1.075522589e+00 1.237635020e+00 1.359192684e+00 
1.021577883e+00 1.057987493e+00 1.220277515e+00 
1.437850978e+00 1.638430927e+00 1.863923053e+00 
1.133063385e+00 1.226833428e+00 1.443550930e+00 
1.071252192e+00 1.293916998e+00 1.331598865e+00 
1.183636548e+00 1.583285958e+00 1.756543677e+00 
1.071252192e+00 1.297328027e+00 1.359192684e+00 
1.071252192e+00 1.306992609e+00 1.407757805e+00 
1.157338503e+00 1.300739056e+00 1.460264901e+00 
1.157788267e+00 1.213189312e+00 1.422264270e+00 
1.118678355e+00 1.318931211e+00 1.491485336e+00 
1.066756575e+00 1.117111995e+00 1.239987386e+00 
1.130815914e+00 1.400227402e+00 1.561179439e+00 
1.067655428e+00 1.150653781e+00 1.290129297e+00 
1.081591369e+00 1.111426947e+00 1.310942920e+00 
1.222521915e+00 1.266060262e+00 1.449858089e+00 
1.104517869e+00 1.222853894e+00 1.429044465e+00 
1.060687795e+00 1.167708926e+00 1.296436455e+00 
1.231962239e+00 1.548607163e+00 1.716966257e+00 
1.016183412e+00 1.035247300e+00 1.157521287e+00 
1.000000000e+00 1.000000000e+00 1.000000000e+00 
1.000000000e+00 1.014212621e+00 1.132608010e+00 

1.151719488e+00 1.467310972e+00 1.647745191e+00 
1.324118004e+00 1.442296760e+00 1.693787449e+00 
1.812542144e+00 1.876065947e+00 1.951592558e+00 
1.328388402e+00 1.406480955e+00 1.689845475e+00 
1.240952798e+00 1.440591245e+00 1.645222327e+00 
1.086086986e+00 1.231381467e+00 1.359192684e+00 
1.109912340e+00 1.245594088e+00 1.491800694e+00 
1.262530681e+00 1.457077885e+00 1.693787449e+00 
1.145650708e+00 1.470153496e+00 1.623935667e+00 
1.294672960e+00 1.423536100e+00 1.645222327e+00 
1.266127444e+00 1.732234224e+00 1.863923053e+00 
1.073049899e+00 1.173393974e+00 1.352885525e+00 
1.544389751e+00 1.708925526e+00 1.892620624e+00 
1.195099798e+00 1.590676521e+00 1.801166824e+00 
1.495616993e+00 1.729960205e+00 1.892620624e+00 
1.120925826e+00 1.435474702e+00 1.602806686e+00 
1.306473365e+00 1.519613417e+00 1.718543046e+00 
1.459878624e+00 1.778851620e+00 1.912330495e+00 
1.387053270e+00 1.824332007e+00 1.912330495e+00 
1.408631153e+00 1.637293917e+00 1.849574267e+00 
1.169925826e+00 1.299033542e+00 1.582466099e+00 
1.351539447e+00 1.550881182e+00 1.756543677e+00 
1.149246797e+00 1.472427516e+00 1.693787449e+00 
1.476513823e+00 1.632177374e+00 1.829864396e+00 
1.391773432e+00 1.707788516e+00 1.863923053e+00 
1.467970330e+00 1.587833997e+00 1.825922422e+00 
1.707349966e+00 1.823763502e+00 1.937243772e+00 
1.438300742e+00 1.524161455e+00 1.781456954e+00 
1.525286581e+00 1.611142695e+00 1.829864396e+00 
1.397392448e+00 1.774303582e+00 1.888836329e+00 
1.412677006e+00 1.511085844e+00 1.777514980e+00 
1.421218476e+00 1.555429221e+00 1.781456954e+00 
1.380984491e+00 1.480386583e+00 1.718543046e+00 
1.485954147e+00 1.635019898e+00 1.849574267e+00 
1.374915711e+00 1.577600910e+00 1.801166824e+00 
1.240728254e+00 1.292211484e+00 1.491958373e+00 
1.372892785e+00 1.579874929e+00 1.801166824e+00 
1.267026298e+00 1.709494031e+00 1.863923053e+00 
1.165205664e+00 1.358726549e+00 1.536266162e+00 
1.130815914e+00 1.400227402e+00 1.561179439e+00 
1.102270398e+00 1.346787948e+00 1.470514033e+00 
1.197347943e+00 1.458783400e+00 1.668558814e+00 
1.143627782e+00 1.475270040e+00 1.668558814e+00 
1.210608901e+00 1.396247868e+00 1.617628508e+00 
1.344122050e+00 1.545764639e+00 1.756228319e+00 
1.354012138e+00 1.507674815e+00 1.742194891e+00 
1.325691167e+00 1.403638431e+00 1.670135604e+00 
1.443470668e+00 1.575326890e+00 1.801166824e+00 
1.568219825e+00 1.699829449e+00 1.863923053e+00 
1.140256237e+00 1.202387720e+00 1.359192684e+00 
1.124297370e+00 1.316088687e+00 1.516713970e+00 
1.100247471e+00 1.351904491e+00 1.515137181e+00 
1.066756575e+00 1.117111995e+00 1.239987386e+00 
1.153180715e+00 1.390562820e+00 1.561179439e+00 
1.079118678e+00 1.239909039e+00 1.429044465e+00 
1.104517869e+00 1.222853894e+00 1.429044465e+00 
1.060687795e+00 1.167708926e+00 1.296436455e+00 
1.081591369e+00 1.111426947e+00 1.310942920e+00 
1.133063385e+00 1.226833428e+00 1.443550930e+00 
1.021577883e+00 1.057987493e+00 1.220277515e+00 
1.016183412e+00 1.035247300e+00 1.157521287e+00 
1.185434929e+00 1.215463331e+00 1.443550930e+00 
1.155091032e+00 1.189312109e+00 1.373699149e+00 
1.000000000e+00 1.014212621e+00 1.132608010e+00 
1.000000000e+00 1.000000000e+00 1.000000000e+00 
1.067655428e+00 1.150653781e+00 1.290129297e+00 

1.309957519e+00 1.516770893e+00 1.710501419e+00 
1.580579906e+00 1.629334849e+00 1.849574267e+00 
1.406608227e+00 1.540079591e+00 1.756543677e+00 
1.472690492e+00 1.522455941e+00 1.801166824e+00 
1.236008092e+00 1.499147243e+00 1.693787449e+00 
1.265227916e+00 1.451961342e+00 1.647745191e+00 
1.270622387e+00 1.588971006e+00 1.742194891e+00 
1.105641942e+00 1.278567368e+00 1.445600757e+00 
1.197909643e+00 1.469584991e+00 1.647745191e+00 
1.282085637e+00 1.544627629e+00 1.756543677e+00 
1.393908968e+00 1.727686185e+00 1.840271208e+00 
1.346931895e+00 1.600341103e+00 1.801166824e+00 
1.411103844e+00 1.549744173e+00 1.801166824e+00 
1.242526635e+00 1.425810119e+00 1.603122044e+00 
1.429534727e+00 1.521887436e+00 1.777514980e+00 
1.395819285e+00 1.697555429e+00 1.888836329e+00 
1.442346595e+00 1.519613417e+00 1.777514980e+00 
1.268936615e+00 1.611142695e+00 1.710501419e+00 
1.294672960e+00 1.423536100e+00 1.645222327e+00 
1.277815239e+00 1.405912450e+00 1.630873541e+00 
1.262530681e+00 1.457077885e+00 1.693787449e+00 
1.324118004e+00 1.442296760e+00 1.693787449e+00 
1.240952798e+00 1.440591245e+00 1.645222327e+00 
1.328388402e+00 1.406480955e+00 1.689845475e+00 
1.182737694e+00 1.460488914e+00 1.624093346e+00 
1.444032367e+00 1.683342808e+00 1.804951120e+00 
1.482353338e+00 1.643547470e+00 1.888836329e+00 
1.304450438e+00 1.607731666e+00 1.801166824e+00 
1.169925826e+00 1.299033542e+00 1.582466099e+00 
1.109912340e+00 1.245594088e+00 1.491800694e+00 
1.646662171e+00 1.819215463e+00 1.951592558e+00 
1.124971679e+00 1.358158044e+00 1.536423841e+00 
1.534726905e+00 1.898806140e+00 1.951592558e+00 
1.385704653e+00 1.429789653e+00 1.693787449e+00 
1.157788267e+00 1.213189312e+00 1.422264270e+00 
1.140256237e+00 1.202387720e+00 1.359192684e+00 
1.155091032e+00 1.189312109e+00 1.373699149e+00 
1.350977748e+00 1.855599773e+00 1.892620624e+00 
1.322881322e+00 1.586128482e+00 1.777514980e+00 
1.073049899e+00 1.173393974e+00 1.352885525e+00 
1.349516521e+00 1.564525298e+00 1.801166824e+00 
1.079118678e+00 1.239909039e+00 1.429044465e+00 
1.151719488e+00 1.204093235e+00 1.373699149e+00 
1.271859069e+00 1.631040364e+00 1.801166824e+00 
1.422791639e+00 1.511654349e+00 1.738252917e+00 
1.021577883e+00 1.057987493e+00 1.220277515e+00 
1.073499663e+00 1.242751563e+00 1.403815831e+00 
1.104517869e+00 1.222853894e+00 1.429044465e+00 
1.066756575e+00 1.117111995e+00 1.239987386e+00 
1.133063385e+00 1.226833428e+00 1.443550930e+00 
1.060687795e+00 1.167708926e+00 1.296436455e+00 
1.067655428e+00 1.150653781e+00 1.290129297e+00 
1.000000000e+00 1.000000000e+00 1.000000000e+00 
1.081591369e+00 1.111426947e+00 1.310942920e+00 
1.016183412e+00 1.035247300e+00 1.157521287e+00 
1.000000000e+00 1.014212621e+00 1.132608010e+00 

1.479656102e+00 1.748152359e+00 1.951592558e+00 
1.580579906e+00 1.708925526e+00 1.912330495e+00 
1.084064059e+00 1.395110858e+00 1.577893409e+00 
1.133063385e+00 1.502558272e+00 1.693787449e+00 
1.143178018e+00 1.416714042e+00 1.603122044e+00 
1.133063385e+00 1.492893690e+00 1.645222327e+00 
1.131153068e+00 1.297328027e+00 1.477451908e+00 
1.178916386e+00 1.633882888e+00 1.863923053e+00 
1.133063385e+00 1.515633883e+00 1.756543677e+00 
1.089233311e+00 1.284820921e+00 1.464206875e+00 
1.404585300e+00 1.508243320e+00 1.801166824e+00 
1.071252192e+00 1.293916998e+00 1.331598865e+00 
1.071252192e+00 1.306992609e+00 1.407757805e+00 
1.140256237e+00 1.202387720e+00 1.359192684e+00 
1.379635873e+00 1.583854463e+00 1.844213182e+00 
1.388401888e+00 1.551449687e+00 1.863923053e+00 
1.073499663e+00 1.242751563e+00 1.403815831e+00 
1.122724208e+00 1.435474702e+00 1.603122044e+00 
1.071252192e+00 1.320068221e+00 1.470514033e+00 
1.143627782e+00 1.475270040e+00 1.668558814e+00 
1.156327040e+00 1.374076180e+00 1.540365815e+00 
1.140143628e+00 1.408186470e+00 1.582466099e+00 
1.243425489e+00 1.376918704e+00 1.645222327e+00 
1.320296696e+00 1.536100057e+00 1.804951120e+00 
1.149246797e+00 1.393405344e+00 1.603122044e+00 
1.140143628e+00 1.421262081e+00 1.645222327e+00 
1.156327040e+00 1.378055713e+00 1.582466099e+00 
1.169925826e+00 1.299033542e+00 1.582466099e+00 
1.149246797e+00 1.380329733e+00 1.540365815e+00 
1.428073500e+00 1.838544628e+00 1.888836329e+00 
1.149022252e+00 1.401932916e+00 1.599022390e+00 
1.105641942e+00 1.278567368e+00 1.445600757e+00 
1.246122724e+00 1.400795907e+00 1.693787449e+00 
1.136997303e+00 1.433769187e+00 1.623935667e+00 
1.229939312e+00 1.430926663e+00 1.693787449e+00 
1.114632502e+00 1.443433769e+00 1.623935667e+00 
1.240728254e+00 1.292211484e+00 1.491958373e+00 
1.138907620e+00 1.392268334e+00 1.540365815e+00 
1.140143628e+00 1.417282547e+00 1.603122044e+00 
1.087435604e+00 1.276861853e+00 1.407757805e+00 
1.229939312e+00 1.444002274e+00 1.756543677e+00 
1.153180715e+00 1.390562820e+00 1.561179439e+00 
1.155091032e+00 1.189312109e+00 1.373699149e+00 
1.071252192e+00 1.297328027e+00 1.359192684e+00 
1.538320971e+00 1.677089255e+00 1.888836329e+00 
1.151719488e+00 1.204093235e+00 1.373699149e+00 
1.157788267e+00 1.213189312e+00 1.422264270e+00 
1.124971679e+00 1.358158044e+00 1.536423841e+00 
1.066756575e+00 1.117111995e+00 1.239987386e+00 
1.104517869e+00 1.222853894e+00 1.429044465e+00 
1.193076871e+00 1.371802160e+00 1.617628508e+00 
1.021577883e+00 1.057987493e+00 1.220277515e+00 
1.141604855e+00 1.256395679e+00 1.485020498e+00 
1.133063385e+00 1.226833428e+00 1.443550930e+00 
1.081591369e+00 1.111426947e+00 1.310942920e+00 
1.073049899e+00 1.173393974e+00 1.352885525e+00 
1.185434929e+00 1.215463331e+00 1.443550930e+00 
1.126432906e+00 1.281409892e+00 1.449858089e+00 
1.060687795e+00 1.167708926e+00 1.296436455e+00 
1.000000000e+00 1.014212621e+00 1.132608010e+00 
1.067655428e+00 1.150653781e+00 1.290129297e+00 
1.016183412e+00 1.035247300e+00 1.157521287e+00 
1.000000000e+00 1.000000000e+00 1.000000000e+00 

1.197909643e+00 1.469584991e+00 1.647745191e+00 
1.404585300e+00 1.508243320e+00 1.801166824e+00 
1.246572488e+00 1.740761796e+00 1.892620624e+00 
1.185097775e+00 1.573052871e+00 1.804951120e+00 
1.071252192e+00 1.297328027e+00 1.359192684e+00 
1.073049899e+00 1.173393974e+00 1.352885525e+00 
1.470667566e+00 1.690733371e+00 1.892620624e+00 
1.140256237e+00 1.202387720e+00 1.359192684e+00 
1.379635873e+00 1.583854463e+00 1.844213182e+00 
1.478759272e+00 1.643547470e+00 1.912330495e+00 
1.136997303e+00 1.433769187e+00 1.623935667e+00 
1.538098449e+00 1.691301876e+00 1.951592558e+00 
1.089683075e+00 1.379192723e+00 1.540365815e+00 
1.126432906e+00 1.281409892e+00 1.449858089e+00 
1.071252192e+00 1.293916998e+00 1.331598865e+00 
1.089683075e+00 1.369528141e+00 1.491800694e+00 
1.233310856e+00 1.683911313e+00 1.863923053e+00 
1.356709373e+00 1.623081296e+00 1.863923053e+00 
1.320296696e+00 1.536100057e+00 1.804951120e+00 
1.089683075e+00 1.392268334e+00 1.603122044e+00 
1.229939312e+00 1.430926663e+00 1.693787449e+00 
1.256012812e+00 1.763501990e+00 1.912330495e+00 
1.149246797e+00 1.472427516e+00 1.693787449e+00 
1.156327040e+00 1.378055713e+00 1.582466099e+00 
1.105641942e+00 1.278567368e+00 1.445600757e+00 
1.185434929e+00 1.215463331e+00 1.443550930e+00 
1.133063385e+00 1.515633883e+00 1.756543677e+00 
1.159361430e+00 1.373507675e+00 1.540365815e+00 
1.229939312e+00 1.444002274e+00 1.756543677e+00 
1.388401888e+00 1.551449687e+00 1.863923053e+00 
1.073499663e+00 1.242751563e+00 1.403815831e+00 
1.169925826e+00 1.299033542e+00 1.582466099e+00 
1.140143628e+00 1.421262081e+00 1.645222327e+00 
1.104517869e+00 1.222853894e+00 1.429044465e+00 
1.109238031e+00 1.362706083e+00 1.495427310e+00 
1.071252192e+00 1.306992609e+00 1.407757805e+00 
1.246122724e+00 1.400795907e+00 1.693787449e+00 
1.071252192e+00 1.320068221e+00 1.470514033e+00 
1.470667566e+00 1.736213758e+00 1.951592558e+00 
1.133063385e+00 1.492893690e+00 1.645222327e+00 
1.141604855e+00 1.256395679e+00 1.485020498e+00 
1.165205664e+00 1.358726549e+00 1.536266162e+00 
1.133063385e+00 1.502558272e+00 1.693787449e+00 
1.360305462e+00 1.696986924e+00 1.912330495e+00 
1.151719488e+00 1.204093235e+00 1.373699149e+00 
1.155091032e+00 1.189312109e+00 1.373699149e+00 
1.079118678e+00 1.239909039e+00 1.429044465e+00 
1.127444370e+00 1.505400796e+00 1.668558814e+00 
1.075522589e+00 1.237635020e+00 1.359192684e+00 
1.066756575e+00 1.117111995e+00 1.239987386e+00 
1.156327040e+00 1.374076180e+00 1.540365815e+00 
1.322319622e+00 1.652075043e+00 1.863923053e+00 
1.114632502e+00 1.443433769e+00 1.623935667e+00 
1.202966959e+00 1.455940875e+00 1.693787449e+00 
1.223870533e+00 1.661171120e+00 1.844213182e+00 
1.060687795e+00 1.167708926e+00 1.296436455e+00 
1.157788267e+00 1.213189312e+00 1.422264270e+00 
1.133063385e+00 1.226833428e+00 1.443550930e+00 
1.081591369e+00 1.111426947e+00 1.310942920e+00 
1.193076871e+00 1.371802160e+00 1.617628508e+00 
1.157338503e+00 1.359295054e+00 1.516713970e+00 
1.021577883e+00 1.057987493e+00 1.220277515e+00 
1.000000000e+00 1.014212621e+00 1.132608010e+00 
1.000000000e+00 1.000000000e+00 1.000000000e+00 
1.016183412e+00 1.035247300e+00 1.157521287e+00 
1.067655428e+00 1.150653781e+00 1.290129297e+00 

1.182737694e+00 1.460488914e+00 1.624093346e+00 
1.240728254e+00 1.292211484e+00 1.491958373e+00 
1.286019555e+00 1.503695281e+00 1.651529486e+00 
1.177904922e+00 1.396816373e+00 1.582466099e+00 
1.297145651e+00 1.675383741e+00 1.735414696e+00 
1.710269724e+00 1.849346219e+00 1.951592558e+00 
1.276466622e+00 1.454235361e+00 1.603122044e+00 
1.563944707e+00 1.729960205e+00 1.888836329e+00 
1.665879973e+00 1.831154065e+00 1.892620624e+00 
1.130815914e+00 1.400227402e+00 1.561179439e+00 
1.141604855e+00 1.256395679e+00 1.485020498e+00 
1.629804450e+00 1.903354179e+00 1.892620624e+00 
1.544389751e+00 1.740193292e+00 1.888836329e+00 
1.492919757e+00 1.544627629e+00 1.801166824e+00 
1.131153068e+00 1.297328027e+00 1.477451908e+00 
1.438300742e+00 1.677089255e+00 1.863923053e+00 
1.109238031e+00 1.362706083e+00 1.495427310e+00 
1.367498314e+00 1.434906197e+00 1.689845475e+00 
1.073049899e+00 1.173393974e+00 1.352885525e+00 
1.314902225e+00 1.384309267e+00 1.617628508e+00 
1.512474713e+00 1.639567936e+00 1.863923053e+00 
1.273993931e+00 1.505969301e+00 1.689845475e+00 
1.209260283e+00 1.328595793e+00 1.554872280e+00 
1.476062036e+00 1.670835702e+00 1.863923053e+00 
1.203641268e+00 1.388857305e+00 1.557237465e+00 
1.268936615e+00 1.611142695e+00 1.710501419e+00 
1.530903574e+00 1.747583854e+00 1.888836329e+00 
1.702629804e+00 1.825469016e+00 1.937243772e+00 
1.277815239e+00 1.405912450e+00 1.630873541e+00 
1.119128119e+00 1.490619670e+00 1.558183538e+00 
1.389750506e+00 1.600341103e+00 1.849574267e+00 
1.289278490e+00 1.529277999e+00 1.710501419e+00 
1.073499663e+00 1.242751563e+00 1.403815831e+00 
1.124971679e+00 1.358158044e+00 1.536423841e+00 
1.253764666e+00 1.429789653e+00 1.584831284e+00 
1.149921106e+00 1.472427516e+00 1.647745191e+00 
1.335805799e+00 1.404206936e+00 1.630873541e+00 
1.277815239e+00 1.393405344e+00 1.582466099e+00 
1.368846932e+00 1.563956794e+00 1.756543677e+00 
1.151719488e+00 1.204093235e+00 1.373699149e+00 
1.140256237e+00 1.202387720e+00 1.359192684e+00 
1.294672960e+00 1.423536100e+00 1.645222327e+00 
1.197909643e+00 1.469584991e+00 1.647745191e+00 
1.133063385e+00 1.226833428e+00 1.443550930e+00 
1.071252192e+00 1.297328027e+00 1.359192684e+00 
1.155091032e+00 1.189312109e+00 1.373699149e+00 
1.250842886e+00 1.508243320e+00 1.693787449e+00 
1.424364801e+00 1.546901649e+00 1.801166824e+00 
1.079118678e+00 1.239909039e+00 1.429044465e+00 
1.324118004e+00 1.442296760e+00 1.693787449e+00 
1.280512475e+00 1.327458783e+00 1.582466099e+00 
1.153180715e+00 1.390562820e+00 1.561179439e+00 
1.185434929e+00 1.215463331e+00 1.443550930e+00 
1.157788267e+00 1.213189312e+00 1.422264270e+00 
1.297370196e+00 1.397953383e+00 1.617628508e+00 
1.245111261e+00 1.521887436e+00 1.689845475e+00 
1.190829400e+00 1.329164298e+00 1.531220435e+00 
1.200269724e+00 1.351904491e+00 1.550930306e+00 
1.126432906e+00 1.281409892e+00 1.449858089e+00 
1.021577883e+00 1.057987493e+00 1.220277515e+00 
1.325691167e+00 1.569641842e+00 1.804951120e+00 
1.060687795e+00 1.167708926e+00 1.296436455e+00 
1.372892785e+00 1.431495168e+00 1.668558814e+00 
1.354012138e+00 1.507674815e+00 1.742194891e+00 
1.206001349e+00 1.338260375e+00 1.554872280e+00 
1.104517869e+00 1.222853894e+00 1.429044465e+00 
1.366824005e+00 1.569073337e+00 1.801166824e+00 
1.066756575e+00 1.117111995e+00 1.239987386e+00 
1.342211733e+00 1.567936327e+00 1.756543677e+00 
1.081591369e+00 1.111426947e+00 1.310942920e+00 
1.067655428e+00 1.150653781e+00 1.290129297e+00 
1.000000000e+00 1.000000000e+00 1.000000000e+00 
1.016183412e+00 1.035247300e+00 1.157521287e+00 
1.000000000e+00 1.014212621e+00 1.132608010e+00 

1.187907620e+00 1.644684480e+00 1.844213182e+00 
1.133063385e+00 1.502558272e+00 1.693787449e+00 
1.089683075e+00 1.379192723e+00 1.540365815e+00 
1.089683075e+00 1.369528141e+00 1.491800694e+00 
1.293436952e+00 1.760090961e+00 1.951592558e+00 
1.171948753e+00 1.313814667e+00 1.536423841e+00 
1.238705327e+00 1.494030699e+00 1.647745191e+00 
1.273095078e+00 1.765776009e+00 1.912330495e+00 
1.089683075e+00 1.392268334e+00 1.603122044e+00 
1.362103844e+00 1.478112564e+00 1.705298013e+00 
1.206563048e+00 1.304718590e+00 1.506307159e+00 
1.599460553e+00 1.667424673e+00 1.888836329e+00 
1.193076871e+00 1.358726549e+00 1.554872280e+00 
1.133063385e+00 1.492893690e+00 1.645222327e+00 
1.124971679e+00 1.358158044e+00 1.536423841e+00 
1.126994606e+00 1.353041501e+00 1.491800694e+00 
1.089233311e+00 1.284820921e+00 1.464206875e+00 
1.133063385e+00 1.515633883e+00 1.756543677e+00 
1.250393122e+00 1.686185333e+00 1.863923053e+00 
1.391323668e+00 1.612279704e+00 1.812677389e+00 
1.133063385e+00 1.226833428e+00 1.443550930e+00 
1.291076871e+00 1.479818078e+00 1.756543677e+00 
1.480107889e+00 1.555429221e+00 1.801166824e+00 
1.104517869e+00 1.222853894e+00 1.429044465e+00 
1.243425489e+00 1.376918704e+00 1.645222327e+00 
1.352326365e+00 1.617964753e+00 1.812677389e+00 
1.185434929e+00 1.215463331e+00 1.443550930e+00 
1.481456507e+00 1.548038658e+00 1.777514980e+00 
1.338840189e+00 1.591813530e+00 1.773415326e+00 
1.272196224e+00 1.772029562e+00 1.951592558e+00 
1.193076871e+00 1.371802160e+00 1.617628508e+00 
1.157788267e+00 1.213189312e+00 1.422264270e+00 
1.506628456e+00 1.728823195e+00 1.951592558e+00 
1.367722859e+00 1.591245026e+00 1.773415326e+00 
1.454146999e+00 1.708357021e+00 1.912330495e+00 
1.483027647e+00 1.707788516e+00 1.912330495e+00 
1.467633176e+00 1.734508243e+00 1.951592558e+00 
1.272757923e+00 1.676520750e+00 1.863923053e+00 
1.126432906e+00 1.281409892e+00 1.449858089e+00 
1.392672286e+00 1.602615122e+00 1.801166824e+00 
1.136997303e+00 1.433769187e+00 1.623935667e+00 
1.594066082e+00 1.668561683e+00 1.888836329e+00 
1.277365475e+00 1.486071632e+00 1.662251656e+00 
1.105641942e+00 1.278567368e+00 1.445600757e+00 
1.277365475e+00 1.499147243e+00 1.725007884e+00 
1.067655428e+00 1.150653781e+00 1.290129297e+00 
1.071252192e+00 1.306992609e+00 1.407757805e+00 
1.392672286e+00 1.615690733e+00 1.863923053e+00 
1.084064059e+00 1.382035247e+00 1.515137181e+00 
1.367498314e+00 1.434906197e+00 1.689845475e+00 
1.131153068e+00 1.297328027e+00 1.477451908e+00 
1.492919757e+00 1.544627629e+00 1.801166824e+00 
1.075522589e+00 1.237635020e+00 1.359192684e+00 
1.393122050e+00 1.447981808e+00 1.693787449e+00 
1.280512475e+00 1.327458783e+00 1.582466099e+00 
1.252191504e+00 1.318362706e+00 1.550930306e+00 
1.184536076e+00 1.383740762e+00 1.561179439e+00 
1.084064059e+00 1.395110858e+00 1.577893409e+00 
1.114632502e+00 1.443433769e+00 1.623935667e+00 
1.081591369e+00 1.111426947e+00 1.310942920e+00 
1.530006743e+00 1.586128482e+00 1.804951120e+00 
1.155091032e+00 1.189312109e+00 1.373699149e+00 
1.071252192e+00 1.293916998e+00 1.331598865e+00 
1.151719488e+00 1.204093235e+00 1.373699149e+00 
1.141604855e+00 1.256395679e+00 1.485020498e+00 
1.060687795e+00 1.167708926e+00 1.296436455e+00 
1.149246797e+00 1.304718590e+00 1.491800694e+00 
1.073049899e+00 1.173393974e+00 1.352885525e+00 
1.071252192e+00 1.320068221e+00 1.470514033e+00 
1.071252192e+00 1.297328027e+00 1.359192684e+00 
1.000000000e+00 1.000000000e+00 1.000000000e+00 
1.079118678e+00 1.239909039e+00 1.429044465e+00 
1.066756575e+00 1.117111995e+00 1.239987386e+00 
1.000000000e+00 1.014212621e+00 1.132608010e+00 
1.016183412e+00 1.035247300e+00 1.157521287e+00 
1.021577883e+00 1.057987493e+00 1.220277515e+00 
