1.397182686e+00 1.744309158e+00 2.000000000e+00 
1.282833674e+00 1.833774484e+00 2.000000000e+00 
1.385366735e+00 1.768131286e+00 2.000000000e+00 
1.367643490e+00 1.804129169e+00 2.000000000e+00 
1.380935924e+00 1.795129698e+00 2.000000000e+00 
1.365996592e+00 1.814187401e+00 2.000000000e+00 
1.533992502e+00 1.741662255e+00 2.000000000e+00 
1.600886162e+00 1.731074643e+00 2.000000000e+00 
1.246875937e+00 1.715722605e+00 1.930239705e+00 
1.317541241e+00 1.668607729e+00 1.930239705e+00 
1.203192229e+00 1.758073055e+00 1.930239705e+00 
1.305725971e+00 1.692429857e+00 1.930239705e+00 
1.393342195e+00 1.660137639e+00 1.930239705e+00 
1.437877982e+00 1.654843833e+00 1.930239705e+00 
1.637695978e+00 1.654314452e+00 1.930239705e+00 
1.377641445e+00 1.642668078e+00 1.913491088e+00 
1.584526244e+00 1.635786130e+00 1.911186232e+00 
1.186434901e+00 1.762837480e+00 1.894437615e+00 
1.197738923e+00 1.754367390e+00 1.894437615e+00 
1.234662577e+00 1.727898359e+00 1.894437615e+00 
1.221586230e+00 1.680783483e+00 1.870159803e+00 
1.184049080e+00 1.751191106e+00 1.870159803e+00 
1.331061350e+00 1.655373213e+00 1.870159803e+00 
1.298000682e+00 1.566966649e+00 1.843730793e+00 
1.293569870e+00 1.593965061e+00 1.843730793e+00 
1.211792774e+00 1.672313393e+00 1.843730793e+00 
1.184730743e+00 1.737956591e+00 1.843730793e+00 
1.205464894e+00 1.690312335e+00 1.841425937e+00 
1.421063395e+00 1.552143992e+00 1.841425937e+00 
1.203192229e+00 1.732662785e+00 1.841425937e+00 
1.155021813e+00 1.652196930e+00 1.824677320e+00 
1.216541922e+00 1.645844362e+00 1.824677320e+00 
1.287207226e+00 1.598729487e+00 1.824677320e+00 
1.282776414e+00 1.616728428e+00 1.824677320e+00 
1.275391956e+00 1.622551615e+00 1.824677320e+00 
1.270961145e+00 1.640550556e+00 1.824677320e+00 
1.200068166e+00 1.616199047e+00 1.814382299e+00 
1.258918200e+00 1.592906300e+00 1.814382299e+00 
1.346535106e+00 1.560614082e+00 1.814382299e+00 
1.141944785e+00 1.605082054e+00 1.800399508e+00 
1.251419905e+00 1.579671784e+00 1.800399508e+00 
1.493183367e+00 1.541556379e+00 1.795328826e+00 
1.311520109e+00 1.553732133e+00 1.783650891e+00 
1.139627130e+00 1.663313923e+00 1.778580209e+00 
1.135877982e+00 1.645314981e+00 1.764597419e+00 
1.334696660e+00 1.483324510e+00 1.754917025e+00 
1.330265849e+00 1.510322922e+00 1.754917025e+00 
1.298000682e+00 1.541556379e+00 1.754917025e+00 
1.293569870e+00 1.568554791e+00 1.754917025e+00 
1.174778459e+00 1.581259926e+00 1.754302397e+00 
1.267666667e+00 1.497088407e+00 1.738168408e+00 
1.263235855e+00 1.515087348e+00 1.738168408e+00 
1.136559646e+00 1.632080466e+00 1.738168408e+00 
1.360395365e+00 1.482265749e+00 1.735863553e+00 
