744.25 1402 4185
438.25 1233 2972
1415 1331 4479
489 1102 3231
484.75 1159 3438
501.75 1044 3231
714.75 1285 3978
618.5 1015 3172
943.75 1780 4945
1004.75 1706 4945
1208 1293 4198
1102 1290 4185
1093.5 1413 4479
658.5 963 2972
1055.75 1295 4168
880.5 1248 3732
1073 1027 3421
848.75 1003 3392
1034.5 1472 4479
501.75 1075 3697
266 997 2343
262.75 1007 2471
1208 1108 3702
850.25 1334 4444
1122.5 1581 4945
500.75 1091 3310
1308.25 1457 4945
662.75 937 3231
664.75 1430 4444
914.75 1490 4479
308.75 919 2504
626.75 1307 3732
627.75 937 2937
411 1020 2937
1280 1031 3732
1125 1166 3702
489 1133 3697
919.5 1189 3732
513.5 1419 3732
261.75 1054 2550
810.5 1266 3978
1107 1177 3978
1237.75 1511 4945
875.5 1884 4479
1034 884 2955
416 770 2920
706 1316 4168
745 1033 3421
791.5 869 2926
309.75 872 2425
262.75 1038 2937
182.5 734 2160
182.5 703 1694
229.5 568 1648
301.75 928 2195
365.25 739 2454
727.5 1254 3732
229.5 599 2114
246.25 1061 2166
656.5 1042 3231
739.75 934 2926
1064 1237 3978
309.75 903 2891
328 642 2160
957.5 1332 4198
181.5 718 2032
413.75 947 2937
771 737 2454
181.5 687 1566
1200 1146 3719
1297.25 1218 4198
93.5 559 806
884.5 1752 4479
140.5 455 1226
140.5 424 760
77 613 501
266 1028 2809
541 590 1694
166 757 1389
705 490 1648
93.5 590 1272
470 284 888
141.5 471 1354
444 240 0
52.5 327 466
52.5 296 0
141.5 440 888
444 268 760
408 401 747


848.75 1003 3392
262.75 1007 2471
1169.75 1526 4945
739.75 934 2926
1159.75 1611 4945
1135.75 1579 4479
1200 1146 3719
936.25 1659 4945
618.5 1015 3172
908.75 1272 3978
968.25 1310 4168
1100 1296 4139
413.75 947 2937
785.75 1531 4198
877.25 1028 3421
842.5 1389 4198
246.25 1061 2166
1257 1462 4479
1186.25 1256 4168
932.25 1776 4945
700.25 1754 4479
1208 1108 3702
1125 1166 3702
621.25 1050 3231
501.75 1075 3697
727.5 1254 3732
261.75 1054 2550
877.5 1588 4479
715.75 1065 3697
919.75 1365 4444
662.75 937 3231
309.75 872 2425
1435 1352 4479
791.5 869 2926
656.5 1042 3231
1044.25 1321 4444
694.5 1401 4185
181.5 687 1566
901.75 1362 4139
733 1342 3978
262.75 1038 2937
807.25 1398 4198
416 770 2920
808 1492 4444
1073 1027 3421
500.75 1091 3310
1287 1430 4479
1120.5 1580 4479
1110.75 1617 4945
497.5 1107 2972
365.25 739 2454
309.75 903 2891
301.75 928 2195
893.5 1169 3732
308.75 919 2504
831.75 1414 4444
266 1028 2809
266 997 2343
229.5 568 1648
658.5 963 2972
745 1033 3421
572.75 1256 3732
166 757 1389
411 1020 2937
1229 1468 4479
328 642 2160
1168.75 1592 4945
627.75 937 2937
1034 884 2955
1107 1177 3978
484.75 1159 3438
182.5 734 2160
1063 1231 3978
140.5 455 1226
1003.25 1360 4185
229.5 599 2114
181.5 718 2032
871.75 1294 3978
93.5 590 1272
771 737 2454
182.5 703 1694
141.5 471 1354
77 613 501
93.5 559 806
141.5 440 888
408 401 747
541 590 1694
705 490 1648
470 284 888
140.5 424 760
52.5 296 0
444 268 760
444 240 0
52.5 327 466


848.75 1003 3392
982.75 1631 4945
500.5 1080 3697
246.25 1061 2166
919.5 1189 3732
501.75 1075 3697
1155.75 1624 4945
920.75 1533 4479
1125 1166 3702
484.75 1159 3438
1280 1031 3732
953.25 1276 4168
1073 1027 3421
308.75 919 2504
1064 1237 3978
564.75 1050 3231
411 1020 2937
766.5 1260 3732
810.5 1266 3978
1054.5 1472 4479
739.75 934 2926
489 1102 3231
810.75 1240 3732
706 1316 4168
413.75 947 2937
837.5 1555 4479
877.25 1028 3421
166 757 1389
229.5 568 1648
266 997 2343
365.25 739 2454
1093.5 1413 4479
1288.5 1602 4945
328 642 2160
309.75 872 2425
438.25 1233 2972
1171 1216 3978
1153 1143 3732
626.75 1307 3732
261.75 1054 2550
484.75 1128 2972
791.5 869 2926
1034 884 2955
792.5 1257 3719
798 1292 4198
301.75 928 2195
266 1028 2809
627.75 937 2937
182.5 734 2160
181.5 718 2032
1418.5 1567 4945
229.5 599 2114
416 770 2920
262.75 1038 2937
650 1334 4444
309.75 903 2891
731.25 1312 4198
771 737 2454
656.5 1042 3231
662.75 937 3231
93.5 559 806
262.75 1007 2471
181.5 687 1566
93.5 590 1272
182.5 703 1694
141.5 440 888
77 613 501
140.5 455 1226
140.5 424 760
408 401 747
141.5 471 1354
52.5 327 466
705 490 1648
444 240 0
470 284 888
541 590 1694
52.5 296 0
444 268 760


648 1452 4185
912.75 1553 4479
952.75 1483 4479
262.75 1007 2471
1044.25 1321 4444
496.25 1075 2972
710.5 1311 3719
489 1194 3231
742.25 1313 4198
563.75 1399 3978
984.5 1143 3732
754.25 1293 4198
790.5 1626 4945
761.5 1794 4479
1280 1031 3732
246.25 1061 2166
807.25 1550 4444
866.75 1237 3978
700.25 1457 4198
544 1541 4198
496.25 1106 3438
464.5 967 2937
416 770 2920
1208.75 1425 4479
1091 1530 4945
841 1379 4444
1297.25 1218 4198
1107 1177 3978
266 997 2343
1034 884 2955
739.75 934 2926
411 1020 2937
627.75 937 2937
727.5 1254 3732
487.75 1244 3438
974 1585 4945
500.5 1080 3697
559.5 1425 3719
638.75 1561 4444
484.75 1251 3438
893.5 1169 3732
1415 1331 4479
365.25 739 2454
261.75 1054 2550
501.75 1075 3697
266 1028 2809
309.75 903 2891
1176.75 1217 4168
500.5 1049 3231
658.5 963 2972
465 1062 2955
262.75 1038 2937
1332 1379 4479
656.5 1042 3231
810.5 1266 3978
488.5 1213 3218
753 1245 3702
1063 1231 3978
308.75 919 2504
1432.25 1518 4945
791.5 869 2926
618.5 1015 3172
301.75 928 2195
798.25 1065 3697
872.75 1027 3421
181.5 687 1566
182.5 734 2160
1119.5 1443 4479
328 642 2160
166 757 1389
229.5 599 2114
932.25 1359 4444
181.5 718 2032
182.5 703 1694
662.75 937 3231
229.5 568 1648
77 613 501
771 737 2454
141.5 440 888
140.5 455 1226
141.5 471 1354
705 490 1648
93.5 559 806
541 590 1694
93.5 590 1272
444 268 760
470 284 888
52.5 327 466
52.5 296 0
444 240 0
309.75 872 2425
140.5 424 760
408 401 747


745 1033 3421
791.5 869 2926
860.25 1634 4479
1208 1108 3702
1287 1430 4479
496.25 1106 3438
1023.25 1271 4198
1107 1177 3978
560.5 1076 2972
976.5 1568 4479
489 1225 3697
946.25 1582 4479
871 1365 4185
411 1020 2937
413.75 947 2937
465 1093 3421
246.25 1061 2166
704.5 1349 3978
753 1276 4168
500.5 1080 3697
635.75 1369 4444
1624 1496 4945
917.75 1660 4945
848.75 1003 3392
620 1070 3667
896.75 1344 4198
796.75 1231 3978
564.75 1050 3231
877.25 1028 3421
886.75 1143 3732
658.5 963 2972
166 757 1389
627.75 937 2937
618.5 1015 3172
261.75 1054 2550
626.75 1307 3732
365.25 739 2454
662.75 937 3231
266 1028 2809
309.75 872 2425
957.75 1571 4945
309.75 903 2891
308.75 919 2504
262.75 1038 2937
416 770 2920
181.5 718 2032
999.75 1443 4479
1034 884 2955
715.75 1065 3697
262.75 1007 2471
229.5 568 1648
229.5 599 2114
266 997 2343
182.5 734 2160
328 642 2160
93.5 590 1272
141.5 471 1354
705 490 1648
771 737 2454
93.5 559 806
182.5 703 1694
141.5 440 888
739.75 934 2926
140.5 424 760
541 590 1694
869.75 1747 4945
181.5 687 1566
140.5 455 1226
444 240 0
77 613 501
470 284 888
52.5 327 466
444 268 760
408 401 747
52.5 296 0


812 1371 4198
411 1020 2937
496.25 1106 3438
811.75 1377 4185
549.5 1403 4198
500.5 1049 3231
919.5 1189 3732
996.75 1436 4479
735 1468 4444
1107 1177 3978
465 1093 3421
484.75 1251 3438
796.75 1231 3978
767.75 1413 4444
1390 1324 4479
1208 1108 3702
1030.75 1356 4139
974.25 1624 4945
301.75 928 2195
791.5 869 2926
1200 1146 3719
747.5 1396 3978
1032.25 1328 4168
500.5 1080 3697
739.75 934 2926
308.75 919 2504
896.75 1700 4945
872.75 1027 3421
1034 884 2955
266 1028 2809
627.75 937 2937
1345.5 1467 4945
261.75 1054 2550
757.5 1864 4479
309.75 872 2425
262.75 1038 2937
711.75 1260 3732
662.75 937 3231
656.5 1042 3231
1125 1166 3702
413.75 947 2937
1106.25 1227 4198
618.5 1015 3172
1280 1031 3732
309.75 903 2891
365.25 739 2454
1319.25 1218 4198
830.75 1056 3392
620 1070 3667
262.75 1007 2471
489 1225 3697
266 997 2343
328 642 2160
182.5 734 2160
990 1003 3392
962.25 1375 4444
944.25 1550 4479
416 770 2920
872.75 1642 4479
166 757 1389
1067.25 1234 4198
246.25 1061 2166
658.5 963 2972
229.5 568 1648
181.5 687 1566
229.5 599 2114
1323.25 1600 4945
771 737 2454
181.5 718 2032
541 590 1694
140.5 424 760
93.5 559 806
140.5 455 1226
141.5 440 888
141.5 471 1354
182.5 703 1694
705 490 1648
52.5 296 0
77 613 501
444 240 0
93.5 590 1272
408 401 747
52.5 327 466
470 284 888
444 268 760


501.75 1075 3697
727.5 1254 3732
848.75 1003 3392
836 1418 4444
897.25 1590 4479
1102.5 1312 4198
465 1062 2955
501.75 1044 3231
365.25 739 2454
888.5 1621 4479
489 1133 3697
875.75 1673 4945
1064 1237 3978
714.75 1285 3978
1107 1177 3978
893.5 1169 3732
984.5 1523 4479
1370.25 1570 4945
810.5 1266 3978
416 770 2920
650 1303 3978
486.25 1306 2972
266 997 2343
638.75 1530 3978
1107.25 1444 4479
847.75 1247 3732
936.25 1549 4479
662.75 937 3231
309.75 872 2425
1234 1310 4198
627.75 937 2937
488.5 1213 3218
496.25 1106 3438
309.75 903 2891
1200 1146 3719
934.5 1668 4945
812 1371 4198
261.75 1054 2550
262.75 1038 2937
308.75 919 2504
1116.25 1285 4139
877.25 1028 3421
266 1028 2809
1435 1352 4479
489 1102 3231
739.75 934 2926
229.5 599 2114
262.75 1007 2471
1308 1443 4479
831 1465 4444
413.75 947 2937
872.75 1338 4198
745 1033 3421
487.75 1244 3438
1034 884 2955
973.75 1589 4945
771 737 2454
675.75 1468 4444
246.25 1061 2166
181.5 687 1566
328 642 2160
182.5 734 2160
1542 1545 4945
620 1039 3201
1208 1108 3702
618.5 1015 3172
656.5 1042 3231
93.5 559 806
791.5 869 2926
181.5 718 2032
229.5 568 1648
141.5 471 1354
658.5 963 2972
771.75 1459 4139
140.5 455 1226
715.75 1065 3697
182.5 703 1694
166 757 1389
77 613 501
705 490 1648
93.5 590 1272
141.5 440 888
541 590 1694
444 240 0
52.5 296 0
140.5 424 760
52.5 327 466
444 268 760
408 401 747
470 284 888


308.75 919 2504
694.5 1401 4185
1132.75 1486 4479
1171 1216 3978
919.75 1365 4444
489 1102 3231
877.25 1028 3421
627.75 937 2937
974 1554 4479
919.5 1189 3732
792.5 1257 3719
871.75 1319 4198
841 1379 4444
834.5 1473 4444
416 739 2454
810.75 1240 3732
909.5 1648 4479
715.75 1065 3697
866.75 1237 3978
766.5 1260 3732
739.75 934 2926
704.5 1349 3978
246.25 1061 2166
929.5 1555 4479
489 1133 3697
668.5 1404 4198
261.75 1054 2550
438.25 1233 2972
1034 884 2955
791.5 869 2926
484.75 1128 2972
1235.5 1174 4198
411 1020 2937
662.75 937 3231
620 1039 3201
416 770 2920
1119 1175 3732
958 1650 4945
1229 1468 4479
958.25 1593 4945
1318 1463 4479
656.5 1042 3231
1234 1310 4198
1125 1166 3702
266 997 2343
501.75 1075 3697
618.5 1015 3172
1371 1313 4479
181.5 687 1566
262.75 1007 2471
1345.5 1467 4945
182.5 734 2160
500.5 1049 3231
181.5 718 2032
658.5 963 2972
309.75 872 2425
413.75 947 2937
166 757 1389
714.75 1285 3978
262.75 1038 2937
328 642 2160
229.5 599 2114
1055.75 1295 4168
141.5 440 888
93.5 559 806
229.5 568 1648
77 613 501
266 1028 2809
182.5 703 1694
771 737 2454
93.5 590 1272
309.75 903 2891
140.5 455 1226
541 590 1694
140.5 424 760
705 490 1648
141.5 471 1354
444 240 0
52.5 296 0
52.5 327 466
470 284 888
444 268 760
408 401 747


487.75 1244 3438
918 1600 4945
618.5 1015 3172
824 1711 4945
903.75 1299 4139
866.75 1237 3978
438.25 1233 2972
704.5 1380 4444
1107 1177 3978
607.25 1044 3231
497.5 1107 2972
1023.25 1271 4198
500.5 1080 3697
876 1695 4479
626.75 1307 3732
1182 1175 4198
488.5 1213 3218
416 770 2920
696.5 1557 4057
560.5 1076 2972
1028.5 1469 4479
465 1062 2955
489 1133 3697
513.5 1419 3732
620 1039 3201
365.25 739 2454
792.75 1062 3392
871.75 1325 4444
413.75 947 2937
411 1020 2937
575.5 1075 3172
656.5 1042 3231
1106.25 1227 4198
266 1028 2809
627.75 937 2937
990 1003 3392
301.75 928 2195
1034 884 2955
1073 1027 3421
1290 1444 4479
958.75 1296 4139
658.5 963 2972
895.75 1056 3392
181.5 687 1566
261.75 1054 2550
328 642 2160
246.25 1061 2166
886.75 1143 3732
650 1303 3978
662.75 937 3231
791.5 869 2926
727.5 1254 3732
182.5 703 1694
309.75 872 2425
229.5 568 1648
182.5 734 2160
309.75 903 2891
229.5 599 2114
166 757 1389
771 737 2454
1273 1457 4945
739.75 934 2926
93.5 590 1272
308.75 919 2504
705 490 1648
140.5 424 760
93.5 559 806
262.75 1038 2937
141.5 471 1354
541 590 1694
470 284 888
77 613 501
262.75 1007 2471
181.5 718 2032
408 401 747
444 240 0
444 268 760
140.5 455 1226
52.5 296 0
141.5 440 888
52.5 327 466


1308 1478 4479
680 1124 3697
882.75 1737 4945
465 1093 3421
496.25 1075 2972
1208 1108 3702
986 1256 4168
1196.25 1495 4945
993.75 1643 4945
637.75 1577 4057
1200 1146 3719
487.75 1244 3438
546.25 1530 3732
796.75 1231 3978
489 1133 3697
745 1033 3421
658.5 963 2972
308.75 919 2504
976 1663 4945
1280 1031 3732
365.25 739 2454
301.75 928 2195
714.75 1285 3978
1125 1166 3702
266 997 2343
656.5 1042 3231
500.5 1049 3231
627.75 937 2937
626.75 1307 3732
484.75 1251 3438
416 770 2920
413.75 947 2937
1075.25 1619 4945
261.75 1054 2550
893.5 1169 3732
791.5 869 2926
246.25 1061 2166
688.5 1416 3978
1034.25 1031 3310
1034 884 2955
854.25 1809 4479
496.25 1106 3438
1395 1422 4479
181.5 687 1566
716.75 1552 4198
940.5 1530 4479
662.75 937 3231
745.75 1550 4444
1415 1331 4479
827 1394 4444
739.75 934 2926
618.5 1015 3172
309.75 903 2891
328 642 2160
438.25 1233 2972
229.5 599 2114
914.75 1719 4479
309.75 872 2425
1182 1175 4198
262.75 1038 2937
798.25 1065 3697
77 613 501
952.75 1483 4479
229.5 568 1648
725.75 1281 4198
262.75 1007 2471
411 1020 2937
266 1028 2809
182.5 703 1694
771 737 2454
166 757 1389
182.5 734 2160
141.5 471 1354
93.5 559 806
140.5 455 1226
181.5 718 2032
140.5 424 760
141.5 440 888
541 590 1694
93.5 590 1272
408 401 747
444 240 0
705 490 1648
52.5 327 466
52.5 296 0
470 284 888
444 268 760


996.75 1436 4479
981 1285 3978
920.75 1533 4479
1089 1034 3421
1280 1031 3732
627.75 937 2937
766.5 1260 3732
886.75 1143 3732
572.75 1287 4198
501.75 1075 3697
867.75 1254 3732
880.5 1248 3732
301.75 928 2195
788.75 1256 3732
438.25 1233 2972
662.75 937 3231
618.5 1015 3172
1157.25 1565 4945
620 1070 3667
1386 1533 4945
697.5 1541 4444
724.75 1753 4479
940.5 1530 4479
620 1039 3201
266 997 2343
266 1028 2809
487.75 1213 2972
261.75 1054 2550
656.5 1042 3231
739.75 934 2926
413.75 947 2937
465 1062 2955
961.75 1400 4444
246.25 1061 2166
1009.75 1613 4945
181.5 718 2032
365.25 739 2454
484.75 1220 2972
1123.25 1175 4198
309.75 903 2891
309.75 872 2425
496.25 1106 3438
1063 1231 3978
918.5 1773 4945
262.75 1007 2471
790.75 1489 4444
411 1020 2937
621.25 1050 3231
830.75 1056 3392
262.75 1038 2937
791.5 869 2926
181.5 687 1566
166 757 1389
416 770 2920
990 1003 3392
771 737 2454
489 1133 3697
658.5 963 2972
908 1646 4479
863 1472 4444
328 642 2160
182.5 703 1694
1034 884 2955
229.5 568 1648
93.5 559 806
182.5 734 2160
93.5 590 1272
141.5 471 1354
705 490 1648
229.5 599 2114
140.5 424 760
141.5 440 888
541 590 1694
140.5 455 1226
77 613 501
444 268 760
470 284 888
52.5 327 466
52.5 296 0
444 240 0
408 401 747


959 1493 4945
555 1133 3697
706 1285 3702
1060.75 1367 4479
1208 1108 3702
848.75 1003 3392
714.75 1285 3978
650 1303 3978
1171 1216 3978
638.75 1561 4444
496.25 1106 3438
727.5 1254 3732
881.5 1478 4479
739.75 934 2926
733 1373 4444
246.25 1061 2166
301.75 928 2195
1273 1457 4945
564.75 1050 3231
416 770 2920
1414 1325 4479
554.75 1209 3697
745 1033 3421
866.75 1237 3978
411 1020 2937
731.25 1312 4198
810.5 1266 3978
1280 1031 3732
266 997 2343
919.5 1189 3732
662.75 937 3231
833.5 1642 4479
514 1324 3556
1125 1166 3702
618.5 1015 3172
906 1227 4198
798.25 1065 3697
656.5 1042 3231
564.75 1081 3697
416 739 2454
309.75 903 2891
547.75 1241 3684
262.75 1038 2937
181.5 718 2032
266 1028 2809
1153 1143 3732
791.5 869 2926
182.5 734 2160
1034 884 2955
788.75 1287 4198
182.5 703 1694
438.25 1233 2972
627.75 937 2937
658.5 963 2972
262.75 1007 2471
413.75 947 2937
309.75 872 2425
229.5 599 2114
501.75 1081 3231
489 1102 3231
181.5 687 1566
702 1502 4198
484.75 1159 3438
261.75 1054 2550
771 737 2454
141.5 440 888
166 757 1389
328 642 2160
93.5 559 806
229.5 568 1648
140.5 424 760
77 613 501
140.5 455 1226
705 490 1648
308.75 919 2504
444 240 0
93.5 590 1272
541 590 1694
470 284 888
444 268 760
141.5 471 1354
52.5 327 466
52.5 296 0
408 401 747


1208 1108 3702
1054.5 1489 4479
1135.75 1461 4945
496.25 1106 3438
739.75 934 2926
796.75 1231 3978
686.25 1441 4198
1175.25 1310 4198
1046.25 1361 4444
1178.5 1309 4198
266 997 2343
301.75 928 2195
1082.25 1437 4479
1000.75 1330 4198
465 1093 3421
500.5 1080 3697
848.75 1003 3392
1200 1146 3719
266 1028 2809
1172.5 1322 4198
1125 1166 3702
489 1225 3697
745 1033 3421
620 1070 3667
685.5 1415 3719
246.25 1061 2166
633.5 1049 3231
706 1316 4168
1073 1027 3421
656.5 1042 3231
946.25 1613 4945
1043.75 1215 3732
1005.75 1611 4945
618.5 1015 3172
416 770 2920
775 1379 4444
411 1020 2937
871 1365 4185
499 1148 3697
484.75 1159 3438
736 1560 4444
711.75 1260 3732
308.75 919 2504
962.25 1375 4444
621.25 1050 3231
1280 1031 3732
791.5 869 2926
575.5 1075 3172
724.25 1770 4479
798.25 1065 3697
262.75 1038 2937
309.75 903 2891
229.5 599 2114
413.75 947 2937
262.75 1007 2471
1147 1169 3732
627.75 937 2937
824 1680 4479
166 757 1389
229.5 568 1648
328 642 2160
1034 884 2955
182.5 703 1694
181.5 718 2032
714.75 1285 3978
710.5 1311 3719
182.5 734 2160
365.25 739 2454
309.75 872 2425
261.75 1054 2550
763.75 1247 3732
771 737 2454
181.5 687 1566
93.5 559 806
658.5 963 2972
496.25 1075 2972
141.5 440 888
662.75 937 3231
140.5 424 760
141.5 471 1354
541 590 1694
52.5 327 466
470 284 888
1171 1216 3978
705 490 1648
140.5 455 1226
77 613 501
444 240 0
52.5 296 0
444 268 760
408 401 747
93.5 590 1272


727.5 1254 3732
730.75 1430 4444
564.75 1081 3697
489 1225 3697
365.25 739 2454
541 1148 3697
635.75 1338 3978
531.75 1116 3392
262.75 1007 2471
487.75 1244 3438
656.5 1042 3231
787.75 1327 3978
1094.75 1605 4945
1283.75 1496 4945
796.75 1231 3978
791.5 869 2926
416 770 2920
694 1450 4198
534.75 1109 3392
996.75 1436 4479
308.75 919 2504
796.75 1723 4945
845.75 1554 4479
711.75 1260 3732
1046.25 1361 4444
597.75 1537 4185
1280 1031 3732
798 1384 4198
266 1028 2809
496.25 1075 2972
1521 1405 4479
261.75 1054 2550
662.75 937 3231
1004 1319 4198
1496 1476 4945
933.25 1373 4444
1107 1177 3978
758.25 1075 3697
309.75 872 2425
500.5 1049 3231
820.75 1631 4479
953.25 1276 4168
166 757 1389
618.5 1015 3172
1263.5 1604 4945
848.75 1003 3392
945.25 1033 3421
301.75 928 2195
739.75 934 2926
893.75 1070 3667
886.75 1143 3732
950.75 1703 4945
1034 884 2955
627.75 937 2937
834.25 1620 4479
411 1020 2937
182.5 703 1694
266 997 2343
1075.25 1619 4945
181.5 687 1566
328 642 2160
309.75 903 2891
262.75 1038 2937
182.5 734 2160
229.5 568 1648
181.5 718 2032
413.75 947 2937
920.75 1533 4479
141.5 440 888
77 613 501
725.75 1435 4198
93.5 590 1272
658.5 963 2972
229.5 599 2114
771 737 2454
140.5 455 1226
140.5 424 760
52.5 296 0
541 590 1694
470 284 888
246.25 1061 2166
444 268 760
408 401 747
93.5 559 806
52.5 327 466
705 490 1648
141.5 471 1354
444 240 0


620 1039 3201
820.25 1070 3667
1273 1457 4945
465 1062 2955
791.5 869 2926
894 1738 4945
809.75 1486 4198
993 1718 4945
685.5 1415 3719
848.75 1003 3392
1200 1146 3719
477.5 1306 2972
1222.25 1369 4185
727.5 1254 3732
906.75 1397 4198
597.75 1506 3719
659.5 1418 3732
658.5 963 2972
246.25 1061 2166
688.5 1416 3978
918 1569 4479
781.75 1463 4057
411 1020 2937
489 1225 3697
747.5 1396 3978
1042.25 1274 4057
1107 1177 3978
1156.25 1505 4945
484.75 1128 2972
812.75 1456 4444
1280 1031 3732
262.75 1007 2471
920.5 1484 4479
618.5 1015 3172
484.75 1159 3438
301.75 928 2195
725.75 1733 4479
499 1117 3231
920.75 1382 4198
1147 1169 3732
877.25 1028 3421
365.25 739 2454
706.75 1398 3732
262.75 1038 2937
1113.75 1464 4479
785.75 1531 4198
836 1418 4444
1046.75 1687 4945
261.75 1054 2550
662.75 937 3231
309.75 903 2891
1081.25 1381 4198
309.75 872 2425
328 642 2160
919.5 1189 3732
1151.25 1677 4945
675.75 1437 3978
627.75 937 2937
308.75 919 2504
500.5 1080 3697
413.75 947 2937
1119 1175 3732
706 1285 3702
787.75 1327 3978
501.75 1044 3231
1034 884 2955
501.75 1075 3697
796.75 1231 3978
181.5 718 2032
229.5 568 1648
979.75 1316 4168
1373.25 1302 4139
416 770 2920
784 1394 4168
1059.25 1314 4168
266 1028 2809
166 757 1389
141.5 471 1354
656.5 1042 3231
730.75 1494 4185
229.5 599 2114
739.75 934 2926
182.5 734 2160
1405 1421 4479
771 737 2454
705 490 1648
93.5 559 806
181.5 687 1566
698.5 1561 4198
496.25 1075 2972
140.5 424 760
93.5 590 1272
182.5 703 1694
77 613 501
140.5 455 1226
52.5 296 0
141.5 440 888
541 590 1694
408 401 747
444 240 0
470 284 888
52.5 327 466
444 268 760


1061 1445 4479
1072.75 1617 4945
888.75 1034 3421
830.75 1056 3392
544 1510 3732
564.75 1081 3697
792.5 1257 3719
1173.25 1580 4945
1042.25 1274 4057
551 1231 3556
731.25 1312 4198
308.75 919 2504
711.75 1260 3732
944.75 1320 4444
658.5 963 2972
810.25 1750 4945
438.25 1233 2972
411 1020 2937
261.75 1054 2550
521.75 1244 3697
1240.75 1552 4945
1117.75 1143 3732
266 1028 2809
678.75 1575 4139
796.75 1231 3978
554.75 1209 3697
301.75 928 2195
800.75 1544 4444
555 1133 3697
791.5 869 2926
621.25 1416 3732
246.25 1061 2166
893.5 1169 3732
487.75 1244 3438
309.75 903 2891
715.75 1065 3697
626.75 1307 3732
601 1527 4057
980 1696 4945
262.75 1007 2471
1319.25 1218 4198
627.75 937 2937
266 997 2343
496.25 1075 2972
1051.75 1463 4479
848.75 1003 3392
889.75 1458 4444
1034 884 2955
416 770 2920
262.75 1038 2937
413.75 947 2937
618.5 1015 3172
534.75 1109 3392
866.25 1581 4479
491 1234 3310
501.75 1081 3231
229.5 599 2114
1048.25 1621 4945
182.5 703 1694
229.5 568 1648
1305.25 1461 4945
656.5 1042 3231
181.5 718 2032
532.75 1226 3392
166 757 1389
141.5 440 888
328 642 2160
785 1764 4945
93.5 590 1272
365.25 739 2454
93.5 559 806
182.5 734 2160
538 1159 3438
309.75 872 2425
662.75 937 3231
181.5 687 1566
140.5 424 760
771 737 2454
141.5 471 1354
541 590 1694
140.5 455 1226
444 268 760
408 401 747
470 284 888
52.5 327 466
77 613 501
444 240 0
705 490 1648
52.5 296 0


1048.5 1635 4945
1182 1175 4198
841 1379 4444
952.75 1483 4479
872.75 1027 3421
694.5 1401 4185
808 1492 4444
1072 1609 4945
834.25 1620 4479
500.5 1080 3697
465 1093 3421
798.25 1065 3697
758.25 1075 3697
308.75 919 2504
484.75 1159 3438
261.75 1054 2550
922 1664 4945
546.25 1530 3732
997 1478 4479
626.75 1307 3732
871.75 1325 4444
1042.25 1274 4057
1034 884 2955
365.25 739 2454
1208 1108 3702
792.5 1257 3719
309.75 872 2425
976 1663 4945
848.75 1003 3392
620 1070 3667
999.75 1443 4479
262.75 1038 2937
1280 1031 3732
656.5 1042 3231
262.75 1007 2471
181.5 687 1566
1187 1512 4945
266 997 2343
910.75 1737 4945
266 1028 2809
886.75 1143 3732
416 770 2920
829.5 1485 4444
627.75 937 2937
438.25 1233 2972
662.75 937 3231
181.5 718 2032
309.75 903 2891
688.5 1416 3978
658.5 963 2972
597.75 1537 4185
1033.5 1430 4479
788.75 1287 4198
1060.75 1367 4479
1305.25 1461 4945
229.5 599 2114
301.75 928 2195
876.25 1576 4479
413.75 947 2937
714.75 1285 3978
182.5 734 2160
575.5 1075 3172
739.75 934 2926
791.5 869 2926
607.25 1044 3231
166 757 1389
771 737 2454
1091.75 1606 4945
618.5 1015 3172
182.5 703 1694
229.5 568 1648
541 590 1694
328 642 2160
705 490 1648
140.5 424 760
796.75 1231 3978
93.5 559 806
140.5 455 1226
77 613 501
93.5 590 1272
141.5 440 888
141.5 471 1354
444 268 760
408 401 747
52.5 327 466
52.5 296 0
444 240 0
470 284 888


933.25 1373 4444
906 1227 4198
707.75 1408 4139
688.5 1416 3978
745 1033 3421
1046.25 1361 4444
496.25 1106 3438
465 1093 3421
810.5 1266 3978
465 1062 2955
889.75 1458 4444
1414 1325 4479
790.5 1336 3978
811.75 1377 4185
714.25 1369 3719
309.75 872 2425
1347 1384 4479
813.75 1565 4444
501.75 1075 3697
662.75 937 3231
788.75 1256 3732
166 757 1389
725.75 1435 4198
876 1726 4945
416 770 2920
954.75 1364 4444
659.5 1418 3732
496.25 1075 2972
501.75 1044 3231
262.75 1007 2471
932.25 1502 4479
261.75 1054 2550
1034 884 2955
1123.25 1175 4198
798.25 1065 3697
748.5 1345 3978
627.75 937 2937
266 997 2343
413.75 947 2937
308.75 919 2504
1208 1108 3702
500.5 1080 3697
763.5 1313 3732
786.25 1421 4198
634.75 1482 4198
182.5 703 1694
309.75 903 2891
546.25 1530 3732
656.5 1042 3231
812 1371 4198
791.5 869 2926
365.25 739 2454
266 1028 2809
829.5 1485 4444
301.75 928 2195
886.75 1143 3732
747.5 1396 3978
810.75 1240 3732
618.5 1015 3172
181.5 687 1566
872.75 1027 3421
262.75 1038 2937
658.5 963 2972
1033.5 1430 4479
685.5 1415 3719
1107 1177 3978
229.5 568 1648
848.75 1003 3392
181.5 718 2032
328 642 2160
500.5 1049 3231
1016 1520 4945
141.5 440 888
229.5 599 2114
896.75 1669 4479
739.75 934 2926
182.5 734 2160
771 737 2454
411 1020 2937
1023.75 1444 4479
141.5 471 1354
77 613 501
705 490 1648
140.5 424 760
140.5 455 1226
541 590 1694
93.5 590 1272
93.5 559 806
52.5 296 0
408 401 747
52.5 327 466
444 240 0
444 268 760
470 284 888


747.75 1416 3978
833.5 1642 4479
893.5 1169 3732
1039 1515 4945
309.75 872 2425
1084.25 1453 4444
1023.25 1271 4198
711.75 1260 3732
1028.5 1469 4479
958.75 1376 4198
872.75 1027 3421
246.25 1061 2166
501.75 1075 3697
266 997 2343
837.5 1604 4444
685.5 1415 3719
620 1070 3667
1127.5 1419 4444
990 1003 3392
1280 1031 3732
261.75 1054 2550
620 1039 3201
618.5 1015 3172
411 1020 2937
979.25 1779 4945
659.5 1418 3732
932.25 1468 4444
627.75 937 2937
262.75 1038 2937
727.5 1254 3732
905.75 1397 4198
1210 1457 4479
725.5 1255 3732
309.75 903 2891
997.75 1664 4945
658.5 963 2972
662.75 937 3231
1200 1146 3719
413.75 947 2937
798.25 1065 3697
365.25 739 2454
862.25 1415 4198
301.75 928 2195
1000.75 1330 4198
1484 1331 4479
1034 884 2955
489 1133 3697
229.5 599 2114
739.75 934 2926
791.5 869 2926
465 1093 3421
1051.25 1252 4168
866.75 1237 3978
662.75 1429 4198
1347 1384 4479
182.5 703 1694
1208 1108 3702
262.75 1007 2471
328 642 2160
830.75 1056 3392
181.5 718 2032
166 757 1389
229.5 568 1648
501.75 1044 3231
416 770 2920
181.5 687 1566
656.5 1042 3231
182.5 734 2160
958.25 1562 4479
308.75 919 2504
871.5 1526 4444
77 613 501
811.25 1344 3978
771 737 2454
266 1028 2809
885.25 1505 4444
541 590 1694
93.5 559 806
705 490 1648
52.5 296 0
140.5 424 760
141.5 440 888
141.5 471 1354
52.5 327 466
444 240 0
93.5 590 1272
470 284 888
140.5 455 1226
408 401 747
444 268 760


833.5 1642 4479
413.75 947 2937
941 1581 4479
704.5 1380 4444
1119 1175 3732
658.5 963 2972
1125 1166 3702
711.75 1260 3732
501.75 1044 3231
618.5 1015 3172
656.5 1042 3231
1107 1177 3978
1200 1146 3719
465 1093 3421
1034.5 1472 4479
308.75 919 2504
620 1039 3201
365.25 739 2454
854 1808 4945
908.75 1272 3978
739.75 934 2926
309.75 903 2891
1332 1379 4479
710.5 1311 3719
1063 1231 3978
877.25 1028 3421
1049 1530 4945
416 770 2920
656.25 1367 3732
648 1452 4185
1059 1201 3732
1055 1225 3702
715.75 1065 3697
500.5 1080 3697
465 1062 2955
411 1020 2937
662.75 937 3231
262.75 1038 2937
489 1133 3697
791.5 869 2926
266 1028 2809
847.75 1278 4198
1157.25 1426 4479
1123.25 1175 4198
810.75 1240 3732
182.5 734 2160
301.75 928 2195
309.75 872 2425
487.75 1244 3438
166 757 1389
627.75 937 2937
863 1637 4945
182.5 703 1694
229.5 599 2114
246.25 1061 2166
181.5 687 1566
262.75 1007 2471
181.5 718 2032
787.75 1327 3978
141.5 471 1354
1034 884 2955
229.5 568 1648
771 737 2454
93.5 559 806
140.5 455 1226
141.5 440 888
541 590 1694
328 642 2160
140.5 424 760
77 613 501
408 401 747
444 268 760
52.5 327 466
470 284 888
93.5 590 1272
444 240 0
705 490 1648
52.5 296 0


