522 872 3290
926.667 1203 4642
493 904 3370
874.667 968 3945
847 1030 3945
518.167 904 3373
774.333 976 3814
514 1082 3519
678 1025 3796
591.667 853 3132
322.667 845 2888
465 919 3252
888 1270 4642
695.667 942 3716
595.667 624 2203
577.667 1102 4201
759 898 3519
591 977 3519
275.333 736 2462
791.667 1060 4201
881 775 3114
818.333 1110 4627
341.667 841 2903
439.333 947 3252
560.333 778 2968
331 776 2691
303.333 835 2608
349.667 690 2691
694.333 813 3373
834 762 2847
480 661 2034
267.333 752 1939
562 1029 3814
297 692 2421
559.667 620 2165
349.667 655 1860
275.667 720 2424
262.333 659 1860
201.5 588 1108
148 582 949
583.5 666 2203
610 636 2286
256 471 949
444.333 665 2019
179 519 911
240.667 550 1780
417 559 1860
151.333 578 828
238 342 911
294 254 0
240.667 515 949
317 503 1777
209.833 556 1593
185.333 457 831
178.667 316 0
294 295 949
178.667 348 828
238 300 0
123.333 442 0
154.167 479 682


1028.67 1238 4386
1052 1257 4642
695.667 942 3716
988.333 1129 4201
990.333 1265 4642
816.333 1107 3945
514 1082 3519
678 1025 3796
812 1300 4642
564 1132 3716
766.667 1191 4201
1033.67 1203 4627
860.667 1081 3960
881 775 3114
510 762 2847
331 776 2691
583.5 666 2203
808 1136 4201
848.333 1295 4627
275.667 720 2424
297 692 2421
595.667 624 2203
331 813 3373
267.333 752 1939
349.667 655 1860
559.667 620 2165
262.333 659 1860
651 984 3519
605.333 1067 3814
349.667 690 2691
275.333 736 2462
851.333 1274 4627
874.667 968 3945
444.333 665 2019
669.667 898 3519
1033.67 1196 4386
179 519 911
201.5 588 1108
256 471 949
480 661 2034
240.667 515 949
317 503 1777
240.667 550 1780
151.333 578 828
610 636 2286
178.667 316 0
185.333 457 831
148 582 949
294 295 949
417 559 1860
209.833 556 1593
591.667 1016 3519
178.667 348 828
238 342 911
294 254 0
154.167 479 682
123.333 442 0
238 300 0


695.667 942 3716
577.667 1102 4201
591 977 3519
977.667 1361 4642
908 988 3796
937.333 1030 3945
510 762 2847
560.333 778 2968
1002 1204 4642
789.333 1398 4627
322.667 845 2888
297 692 2421
860.667 1223 4627
897 1067 3811
775.667 1086 3811
821.667 994 3799
642.667 1053 3716
932.333 1196 4240
995.333 1318 4642
698 775 3114
514 1082 3519
787.333 1100 3814
303.333 835 2608
678 1025 3796
331 813 3373
702.667 1033 3799
887.333 1405 4642
331 776 2691
559.667 620 2165
349.667 690 2691
262.333 659 1860
669.667 898 3519
444.333 665 2019
267.333 752 1939
678 989 3678
595.667 624 2203
209.833 556 1593
275.333 736 2462
275.667 720 2424
610 636 2286
148 582 949
417 559 1860
349.667 655 1860
179 519 911
240.667 550 1780
317 503 1777
151.333 578 828
583.5 666 2203
480 661 2034
256 471 949
154.167 479 682
201.5 588 1108
178.667 316 0
294 295 949
240.667 515 949
238 300 0
238 342 911
185.333 457 831
123.333 442 0
178.667 348 828
294 254 0


678 1025 3796
823.333 1235 4627
962.667 1204 4642
669.667 898 3519
665.833 1067 3796
887 1299 4642
860.667 1081 3960
888 1270 4642
900.333 1021 4201
577.667 1102 4201
553.333 1003 3519
782.667 1366 4642
698 775 3114
510 762 2847
1146 1080 4237
807.667 1067 3811
331 813 3373
814.667 1339 4627
835 1319 4642
874.667 968 3945
349.667 655 1860
297 692 2421
595.667 624 2203
575.667 937 3519
642.667 1053 3716
480 661 2034
583.5 666 2203
560.333 778 2968
349.667 690 2691
861 1074 4201
559.667 620 2165
262.333 659 1860
514 1082 3519
610 636 2286
275.667 720 2424
275.333 736 2462
702.667 1033 3799
267.333 752 1939
303.333 835 2608
148 582 949
209.833 556 1593
240.667 515 949
331 778 2542
240.667 550 1780
317 503 1777
256 471 949
151.333 578 828
201.5 588 1108
179 519 911
185.333 457 831
444.333 665 2019
154.167 479 682
123.333 442 0
178.667 348 828
238 342 911
417 559 1860
178.667 316 0
294 295 949
238 300 0
294 254 0


812 1300 4642
823.333 1235 4627
760.667 968 3945
1020.33 1183 4627
665.833 1067 3796
433.667 951 3373
759 898 3519
694.333 813 3373
940 938 3555
518.167 904 3373
435.333 847 3370
341.667 841 2903
837 1213 4627
1018.67 1210 4386
1052 1257 4642
695.667 942 3716
434 945 3252
331 776 2691
834 762 2847
480 661 2034
275.333 736 2462
577.667 1102 4201
560.333 778 2968
303.333 835 2608
990.333 1265 4642
275.667 720 2424
861 1074 4201
262.333 659 1860
595.667 624 2203
698 775 3114
514 1082 3519
722.333 1092 3799
591 977 3519
583.5 666 2203
267.333 752 1939
559.667 620 2165
209.833 556 1593
444.333 665 2019
201.5 588 1108
349.667 690 2691
240.667 550 1780
151.333 578 828
238 300 0
610 636 2286
179 519 911
417 559 1860
297 692 2421
256 471 949
148 582 949
317 503 1777
178.667 348 828
240.667 515 949
154.167 479 682
294 254 0
238 342 911
750.833 1077 3799
178.667 316 0
294 295 949
349.667 655 1860
123.333 442 0
185.333 457 831


821.667 994 3799
990.333 1265 4642
564 1132 3716
514 1082 3519
669.667 898 3519
678 989 3678
665.833 1067 3796
1033.67 1203 4627
331 776 2691
577.667 1102 4201
830.667 1317 4237
791.667 1060 4201
782.667 1366 4642
1243 1149 4237
510 762 2847
837 1213 4627
331 813 3373
575.667 937 3519
1025 1196 4240
874.667 968 3945
349.667 690 2691
349.667 655 1860
480 661 2034
297 692 2421
444.333 665 2019
595.667 624 2203
782.667 1045 3796
267.333 752 1939
322.667 845 2888
583.5 666 2203
559.667 620 2165
262.333 659 1860
256 471 949
303.333 835 2608
209.833 556 1593
151.333 578 828
610 636 2286
275.667 720 2424
201.5 588 1108
275.333 736 2462
317 503 1777
148 582 949
179 519 911
698 775 3114
240.667 550 1780
240.667 515 949
154.167 479 682
185.333 457 831
294 295 949
178.667 316 0
294 254 0
123.333 442 0
238 342 911
238 300 0
178.667 348 828
417 559 1860


482.667 872 3290
835 1319 4642
1033.67 1196 4386
695.667 942 3716
667 1105 3814
821.667 994 3799
331 778 2542
518.167 904 3373
591 977 3519
938.333 1030 3945
675.667 1102 4201
669.667 898 3519
493 904 3370
698 775 3114
947 1290 4642
433.667 951 3373
267.333 752 1939
583.5 666 2203
791.667 1060 4201
940 938 3555
646 1119 3814
848.333 1295 4627
595.667 624 2203
610 636 2286
572.667 1013 3799
853 847 3370
559.667 620 2165
560.333 778 2968
465 919 3252
275.667 720 2424
903.667 986 3796
341.667 841 2903
349.667 655 1860
591.667 853 3132
480 661 2034
262.333 659 1860
349.667 690 2691
434 945 3252
789.333 1398 4627
444.333 665 2019
297 692 2421
317 503 1777
151.333 578 828
275.333 736 2462
209.833 556 1593
964.333 1243 4627
179 519 911
201.5 588 1108
240.667 550 1780
417 559 1860
148 582 949
294 295 949
256 471 949
240.667 515 949
154.167 479 682
294 254 0
185.333 457 831
178.667 316 0
178.667 348 828
238 300 0
123.333 442 0
238 342 911


818.333 1110 4627
493 904 3370
874.667 968 3945
575.667 937 3519
785.667 1356 4627
500 1138 3373
516.667 1070 3373
698 775 3114
651 1021 4201
872.333 1004 3716
560.333 778 2968
691 859 2983
962.667 1204 4642
303.333 835 2608
482.667 872 3290
322.667 845 2888
465 919 3252
275.667 720 2424
887.333 1405 4642
577.667 1102 4201
694.333 813 3373
518.167 904 3373
759 898 3519
559.667 620 2165
595.667 624 2203
297 692 2421
262.333 659 1860
267.333 752 1939
349.667 655 1860
331 778 2542
275.333 736 2462
444.333 665 2019
240.667 515 949
256 471 949
510 762 2847
179 519 911
349.667 690 2691
151.333 578 828
562 1029 3814
583.5 666 2203
201.5 588 1108
480 661 2034
240.667 550 1780
610 636 2286
417 559 1860
238 300 0
317 503 1777
185.333 457 831
148 582 949
294 254 0
209.833 556 1593
178.667 348 828
294 295 949
154.167 479 682
178.667 316 0
238 342 911
123.333 442 0


669.667 898 3519
1254 1290 4642
577.667 1102 4201
575.667 937 3519
936.333 976 3814
818.333 1110 4627
560.333 778 2968
814.667 1339 4627
331 813 3373
695.667 942 3716
698 775 3114
331 776 2691
785.667 1356 4627
821.667 994 3799
349.667 690 2691
583.5 666 2203
651 1021 4201
275.667 720 2424
514 1082 3519
275.333 736 2462
303.333 835 2608
480 661 2034
595.667 624 2203
262.333 659 1860
867.667 1329 4642
834 762 2847
559.667 620 2165
349.667 655 1860
179 519 911
417 559 1860
297 692 2421
148 582 949
240.667 515 949
267.333 752 1939
151.333 578 828
317 503 1777
610 636 2286
201.5 588 1108
238 342 911
444.333 665 2019
123.333 442 0
256 471 949
240.667 550 1780
209.833 556 1593
238 300 0
178.667 348 828
185.333 457 831
294 254 0
154.167 479 682
294 295 949
178.667 316 0


865 1101 3945
984.667 1260 4240
759 898 3519
1052 1257 4642
763.667 1096 3799
881 775 3114
803.333 968 3796
646 1119 3814
857 1306 4240
1123 938 3555
667 1105 3814
678.667 1113 4201
575.667 937 3519
857.333 1101 3814
331 778 2542
897 1067 3811
1173.67 1183 4237
267.333 752 1939
560.333 778 2968
816.333 1107 3945
510 762 2847
1065.67 1216 4627
514 1082 3519
678 1025 3796
938.333 1030 3945
638.333 1204 4201
652.333 1017 3678
583.5 666 2203
867.667 1329 4642
878.667 1073 3811
665.833 1067 3796
1003.33 1314 4627
610 636 2286
297 692 2421
275.667 720 2424
349.667 655 1860
262.333 659 1860
444.333 665 2019
480 661 2034
349.667 690 2691
331 813 3373
209.833 556 1593
417 559 1860
256 471 949
695.667 942 3716
179 519 911
201.5 588 1108
595.667 624 2203
151.333 578 828
148 582 949
275.333 736 2462
317 503 1777
559.667 620 2165
154.167 479 682
178.667 316 0
123.333 442 0
240.667 550 1780
178.667 348 828
238 300 0
240.667 515 949
238 342 911
294 295 949
185.333 457 831
294 254 0


874.667 1358 4642
698 775 3114
826.333 1432 4627
1028.67 1238 4386
669.667 898 3519
678 1025 3796
510 762 2847
847 1030 3945
1021.67 1216 4240
1095 1010 3811
882.667 1354 4627
514 1082 3519
322.667 845 2888
275.333 736 2462
903.667 986 3796
303.333 835 2608
1074 1144 4627
331 813 3373
678 989 3678
887 1299 4642
715.333 1411 4240
480 661 2034
577.667 1102 4201
444.333 665 2019
275.667 720 2424
728.333 1005 3799
349.667 690 2691
267.333 752 1939
591 977 3519
240.667 515 949
610 636 2286
297 692 2421
262.333 659 1860
349.667 655 1860
179 519 911
151.333 578 828
256 471 949
240.667 550 1780
1025.17 1275 4627
559.667 620 2165
583.5 666 2203
595.667 624 2203
178.667 348 828
178.667 316 0
148 582 949
317 503 1777
417 559 1860
238 342 911
209.833 556 1593
123.333 442 0
201.5 588 1108
238 300 0
294 295 949
154.167 479 682
185.333 457 831
294 254 0


1052 1257 4642
852 955 3409
861 1074 4201
847 1030 3945
678 1025 3796
901.667 1181 4627
812 1300 4642
888 1270 4642
786.333 1086 3814
331 776 2691
303.333 835 2608
577.667 1102 4201
723 1087 3811
591 977 3519
940 938 3555
510 762 2847
349.667 655 1860
331 813 3373
881 775 3114
444.333 665 2019
875 941 3409
275.667 720 2424
807.667 976 3814
837 1213 4627
267.333 752 1939
803.333 968 3796
583.5 666 2203
262.333 659 1860
275.333 736 2462
240.667 550 1780
595.667 624 2203
297 692 2421
179 519 911
349.667 690 2691
256 471 949
559.667 620 2165
151.333 578 828
480 661 2034
317 503 1777
209.833 556 1593
240.667 515 949
201.5 588 1108
178.667 348 828
123.333 442 0
610 636 2286
294 295 949
154.167 479 682
294 254 0
178.667 316 0
185.333 457 831
148 582 949
417 559 1860
238 300 0
238 342 911


1033.67 1196 4386
331 813 3373
874.667 968 3945
303.333 835 2608
724.167 1112 4201
514 1082 3519
669.667 898 3519
662 999 3519
732.667 1040 4201
591.667 1009 3814
698.667 1272 4201
322.667 845 2888
717.333 1208 4201
583.5 666 2203
331 776 2691
349.667 690 2691
560.333 778 2968
821.667 994 3799
1002 1204 4642
510 762 2847
595.667 624 2203
262.333 659 1860
562 1029 3814
837 1213 4627
789.333 1398 4627
297 692 2421
835 1319 4642
444.333 665 2019
275.667 720 2424
240.667 515 949
240.667 550 1780
275.333 736 2462
559.667 620 2165
151.333 578 828
317 503 1777
267.333 752 1939
610 636 2286
480 661 2034
256 471 949
179 519 911
148 582 949
201.5 588 1108
294 295 949
178.667 348 828
185.333 457 831
154.167 479 682
349.667 655 1860
178.667 316 0
417 559 1860
209.833 556 1593
294 254 0
238 300 0
123.333 442 0
238 342 911


649 1109 3799
560.333 778 2968
791.667 1060 4201
547.333 1247 3799
857 1306 4240
809.667 1009 3814
789.333 1398 4627
926.667 1203 4642
651 984 3519
790.667 1072 3811
835 1319 4642
874.667 968 3945
808.667 1346 4240
750.833 1077 3799
331 813 3373
322.667 845 2888
994 1188 4240
698 775 3114
349.667 690 2691
514 1082 3519
668 1105 3814
602.667 1204 3731
665.833 1067 3796
733 1302 3960
275.333 736 2462
1118 1131 4237
595.667 624 2203
610 636 2286
695.667 942 3716
240.667 550 1780
267.333 752 1939
480 661 2034
297 692 2421
256 471 949
583.5 666 2203
179 519 911
262.333 659 1860
209.833 556 1593
349.667 655 1860
151.333 578 828
559.667 620 2165
275.667 720 2424
417 559 1860
669.667 898 3519
201.5 588 1108
631.667 1039 3519
317 503 1777
766.667 1191 4201
240.667 515 949
444.333 665 2019
294 254 0
238 300 0
178.667 316 0
154.167 479 682
294 295 949
148 582 949
123.333 442 0
238 342 911
185.333 457 831
178.667 348 828


759.333 1320 4240
835 1319 4642
648 1109 3799
667 1105 3814
821.667 994 3799
331 776 2691
331 813 3373
564 1132 3716
583 1128 3731
702.667 1033 3799
938.333 1030 3945
624.667 1264 3814
669.667 898 3519
510 762 2847
766.667 1191 4201
698.667 1272 4201
716.333 1261 4201
677 986 3796
888 1270 4642
791.667 1060 4201
275.333 736 2462
782.667 1366 4642
940 938 3555
782 1160 3960
575.667 937 3519
303.333 835 2608
595.667 624 2203
480 661 2034
297 692 2421
818.333 1110 4627
559.667 620 2165
275.667 720 2424
444.333 665 2019
583.5 666 2203
179 519 911
349.667 655 1860
262.333 659 1860
201.5 588 1108
349.667 690 2691
267.333 752 1939
698 775 3114
317 503 1777
256 471 949
151.333 578 828
148 582 949
417 559 1860
240.667 550 1780
209.833 556 1593
154.167 479 682
240.667 515 949
238 342 911
610 636 2286
178.667 348 828
238 300 0
178.667 316 0
294 254 0
123.333 442 0
185.333 457 831
294 295 949


783.667 1035 3716
835 1319 4642
859.667 1216 4240
821.667 994 3799
331 776 2691
689.667 937 3519
514 1082 3519
698 775 3114
433.667 951 3373
823.333 1235 4627
750.833 1077 3799
678 989 3678
665.833 1067 3796
1263 1183 4237
577.667 1102 4201
583.5 666 2203
349.667 655 1860
540.667 873 3132
791.667 1060 4201
518.167 904 3373
591 977 3519
349.667 690 2691
759 898 3519
661.667 1049 3731
591.667 853 3132
341.667 841 2903
560.333 778 2968
262.333 659 1860
694.333 813 3373
322.667 845 2888
297 692 2421
510 762 2847
926.667 1203 4642
465 919 3252
444.333 665 2019
275.333 736 2462
860.667 1223 4627
151.333 578 828
275.667 720 2424
610 636 2286
874.667 968 3945
267.333 752 1939
240.667 515 949
201.5 588 1108
480 661 2034
317 503 1777
209.833 556 1593
179 519 911
240.667 550 1780
559.667 620 2165
256 471 949
595.667 624 2203
417 559 1860
294 295 949
238 342 911
123.333 442 0
154.167 479 682
148 582 949
185.333 457 831
238 300 0
294 254 0
178.667 348 828
178.667 316 0


940 938 3555
668 1105 3814
848.333 1295 4627
522 872 3290
814.667 1339 4627
775.667 1086 3811
695.667 942 3716
691 859 2983
739.167 1191 4201
331 776 2691
803.333 1122 4201
861 1074 4201
514 1082 3519
433.667 951 3373
494.333 934 3290
930.833 1372 4642
887.333 1405 4642
829.333 1312 4627
962.667 1204 4642
912 1010 3811
525.333 904 3373
1074 1144 4627
665.833 1067 3796
434 945 3252
510 762 2847
480 661 2034
694.333 813 3373
267.333 752 1939
349.667 655 1860
860.667 1081 3960
698 775 3114
786.333 1086 3814
595.667 624 2203
900.333 1021 4201
275.667 720 2424
275.333 736 2462
713.333 1272 4201
605.667 871 3117
728.333 1005 3799
575.667 937 3519
349.667 690 2691
209.833 556 1593
262.333 659 1860
297 692 2421
341.667 841 2903
559.667 620 2165
560.333 778 2968
759 898 3519
583.5 666 2203
610 636 2286
803.333 968 3796
317 503 1777
201.5 588 1108
256 471 949
240.667 550 1780
240.667 515 949
417 559 1860
646 1119 3814
148 582 949
444.333 665 2019
185.333 457 831
294 295 949
294 254 0
151.333 578 828
123.333 442 0
154.167 479 682
179 519 911
178.667 316 0
178.667 348 828
238 300 0
238 342 911


834 762 2847
749.833 1077 3799
814.667 1339 4627
303.333 835 2608
975.333 1294 4240
847 1030 3945
695.667 942 3716
769.333 1100 3814
564 1132 3716
514 1082 3519
678 1025 3796
882.333 1014 3799
993.333 1287 4240
433.667 951 3373
669.667 898 3519
678 989 3678
435.333 847 3370
1033.67 1203 4627
698 775 3114
518.167 904 3373
425.667 977 2767
786.333 1086 3814
577.667 1102 4201
723 1087 3811
559.667 620 2165
560.333 778 2968
791.667 1060 4201
940 938 3555
848.333 1295 4627
575.667 937 3519
583.5 666 2203
275.667 720 2424
1002 1204 4642
331 776 2691
903.667 986 3796
444.333 665 2019
349.667 690 2691
267.333 752 1939
262.333 659 1860
610 636 2286
317 503 1777
209.833 556 1593
148 582 949
694.333 813 3373
179 519 911
240.667 550 1780
595.667 624 2203
256 471 949
417 559 1860
240.667 515 949
275.333 736 2462
297 692 2421
480 661 2034
151.333 578 828
201.5 588 1108
349.667 655 1860
238 342 911
178.667 348 828
294 254 0
178.667 316 0
123.333 442 0
238 300 0
154.167 479 682
185.333 457 831
294 295 949
835 1319 4642


303.333 835 2608
560.333 778 2968
837 1213 4627
874.667 968 3945
1033.67 1196 4386
322.667 845 2888
854.667 1019 3945
821.667 994 3799
842.5 1061 3945
834 762 2847
331 776 2691
275.333 736 2462
514 1082 3519
678 1025 3796
331 813 3373
559.667 620 2165
267.333 752 1939
575.667 937 3519
297 692 2421
669.667 898 3519
678 989 3678
698 775 3114
595.667 624 2203
583.5 666 2203
349.667 655 1860
888 1270 4642
887.333 1405 4642
786.333 1086 3814
480 661 2034
275.667 720 2424
262.333 659 1860
695.667 942 3716
830.667 1317 4237
349.667 690 2691
1052 1257 4642
148 582 949
577.667 1102 4201
256 471 949
444.333 665 2019
417 559 1860
1192 1169 4237
610 636 2286
240.667 515 949
123.333 442 0
179 519 911
201.5 588 1108
209.833 556 1593
240.667 550 1780
151.333 578 828
238 300 0
178.667 316 0
185.333 457 831
317 503 1777
238 342 911
294 254 0
154.167 479 682
178.667 348 828
294 295 949


665.833 1067 3796
770.333 1045 3799
577.667 1102 4201
723 1087 3811
575.667 937 3519
791.667 1060 4201
782.667 1366 4642
940 938 3555
837 1213 4627
926.667 1203 4642
698 775 3114
759.333 1320 4240
695.667 942 3716
874.667 968 3945
821.667 994 3799
331 776 2691
349.667 655 1860
514 1082 3519
787.333 1100 3814
331 813 3373
759 898 3519
583.5 666 2203
297 692 2421
480 661 2034
510 762 2847
275.333 736 2462
444.333 665 2019
595.667 624 2203
678 989 3678
559.667 620 2165
349.667 690 2691
267.333 752 1939
148 582 949
209.833 556 1593
275.667 720 2424
256 471 949
317 503 1777
262.333 659 1860
151.333 578 828
240.667 550 1780
201.5 588 1108
179 519 911
240.667 515 949
185.333 457 831
417 559 1860
123.333 442 0
294 254 0
238 300 0
178.667 348 828
178.667 316 0
610 636 2286
238 342 911
154.167 479 682
294 295 949


