586.917 1292 3181
606.667 840 2517
1081 1519 4054
758.5 943 2770
848.75 1551 4054
855.75 1263 3434
1038 1119 3390
1196 1567 4428
1034.5 1717 4428
752.333 1200 3390
1071 1429 4004
583.75 1269 3010
787.25 1533 4004
500.25 1035 2611
672.25 1036 3010
1106 1093 3384
1104 1187 3630
814.5 1468 3764
1161.75 1649 4428
737.25 1187 3384
520.333 981 2966
854.75 1145 3384
660.25 1302 3630
513.25 1132 2807
492.5 932 2310
616.333 1061 3340
822.5 1329 3764
1157 1698 4428
856.75 1221 3630
1035 1105 3384
926.917 1721 4428
882.5 1290 3764
932.75 1382 3808
746.75 1273 3630
627.5 865 2720
601.25 1048 3010
422.25 749 1531
933.75 1529 4054
1290 1530 4428
854.5 1481 4004
541.5 644 1897
512.667 983 2473
783 918 2966
1023.75 1451 4004
549.333 909 2567
533 680 2143
1180.75 1640 4428
824 784 2720
902 980 3340
535 903 2473
384.5 722 1487
699.5 971 2770
598.75 717 2187
527.5 655 1690
848.75 955 3010
384.5 738 1523
960 1276 3764
892.5 1129 3390
404.667 773 1650
422.25 798 2187
690 674 2064
806 900 2966
412.333 771 2143
391.5 388 867
797.75 967 3010
331 613 1276
484.75 607 1531
449.5 733 1947
574 594 1690
391.5 437 1523
511.5 785 2346
641.5 675 2346
454 246 867
454 200 0
356 407 823
240 230 0
240 279 656


856.75 1221 3630
1135 1536 4054
925.333 1619 4428
765.917 1542 4004
888.5 1147 3390
786.5 1210 3390
915 1546 4054
912.75 1341 4004
834.75 1145 3384
1215 1598 4428
627.5 865 2720
933.75 1106 3384
1053 1199 3630
492.5 932 2310
535 903 2473
1287 1587 4428
621.25 1342 3630
1038 1119 3390
983 1129 3390
660.25 1302 3630
616.333 1061 3340
777.417 1509 4004
1106 1093 3384
520.333 981 2966
1054.5 1338 3764
876.75 1468 3772
1166 1446 4054
512.667 983 2473
672.25 1036 3010
500.25 1035 2611
1249 1440 4054
824 784 2720
848.75 955 3010
384.5 738 1523
855.75 1263 3434
1151 1507 4054
601.25 1048 3010
606.667 840 2517
813.167 1417 3764
832.333 1369 3764
549.333 909 2567
797.75 967 3010
1142 1319 3764
699.5 971 2770
541.5 644 1897
864.25 1589 4054
412.333 771 2143
758.5 943 2770
598.75 717 2187
806 900 2966
837.5 1280 3630
449.5 733 1947
783 918 2966
492.5 948 2346
513.25 1132 2807
391.5 388 867
533 680 2143
404.667 773 1650
641.5 675 2346
586.917 1292 3181
511.5 785 2346
384.5 722 1487
527.5 655 1690
690 674 2064
422.25 798 2187
422.25 749 1531
484.75 607 1531
574 594 1690
356 407 823
391.5 437 1523
331 613 1276
240 230 0
454 200 0
454 246 867
240 279 656


1242 1460 4054
1065.5 1607 4428
796.75 1602 3764
492.5 932 2310
672.25 1036 3010
983 1129 3390
899.75 1245 3434
965.75 1223 3434
648.5 1277 3390
822.5 1329 3764
752.333 1200 3390
816.75 1261 3630
520.333 981 2966
893.75 1451 4004
641.75 1297 3231
1162 1483 4054
513.25 1132 2807
1038 1119 3390
902 980 3340
686.333 1172 3340
933.75 1106 3384
797.75 967 3010
848.75 955 3010
829.25 1520 4054
1104 1187 3630
606.667 840 2517
950.5 1233 3434
824 784 2720
1135.75 1518 4054
686.5 1061 3340
549.333 909 2567
1155 1489 4054
492.5 948 2346
767.333 1280 3630
1397 1587 4428
936.5 1382 4004
810.25 1509 4004
737.25 1187 3384
1014.75 1690 4428
1079 1209 3764
953 1330 4004
601.25 1048 3010
660.25 1302 3630
1106 1093 3384
1071 1256 3764
758.5 943 2770
1163.5 1469 4054
1033.67 1307 3764
500.25 1035 2611
641.5 675 2346
806 900 2966
1053 1199 3630
541.5 644 1897
533 680 2143
739.5 1257 3390
512.667 983 2473
404.667 773 1650
412.333 771 2143
598.75 717 2187
422.25 749 1531
799.333 1147 3390
627.5 865 2720
384.5 738 1523
391.5 388 867
857 1250 3630
422.25 798 2187
527.5 655 1690
391.5 437 1523
511.5 785 2346
574 594 1690
783 918 2966
449.5 733 1947
384.5 722 1487
331 613 1276
240 230 0
484.75 607 1531
690 674 2064
454 246 867
356 407 823
454 200 0
240 279 656


718.25 1316 3434
766.5 1527 4054
758.5 943 2770
583.75 1269 3010
1108.5 1460 4054
686.5 1061 3340
902 980 3340
799.333 1147 3390
836.75 1261 3630
854.5 1481 4004
703.75 1349 3630
512.667 983 2473
854.75 1145 3384
1184 1330 3808
928.75 1461 4004
664.167 1141 3340
832.75 1291 3630
932.75 1341 4004
591.25 1369 3231
637.333 1249 3390
601.25 1048 3010
851.25 1503 4004
1035 1105 3384
960 1276 3764
788.667 1466 3764
752.333 1200 3390
876.75 1468 3772
934 1135 3384
783 918 2966
1038 1119 3390
892.25 1521 4054
1053 1199 3630
856.75 1221 3630
520.333 981 2966
806 900 2966
824 784 2720
535 903 2473
527.5 655 1690
1029.75 1609 4428
606.667 840 2517
1080.75 1508 4054
492.5 932 2310
1281 1397 4054
627.5 865 2720
699.5 971 2770
971.75 1688 4428
797.75 967 3010
549.333 909 2567
541.5 644 1897
422.25 798 2187
500.25 1035 2611
384.5 738 1523
412.333 771 2143
848.75 955 3010
513.25 1132 2807
422.25 749 1531
449.5 733 1947
598.75 717 2187
664.917 1529 3605
533 680 2143
641.5 675 2346
384.5 722 1487
331 613 1276
511.5 785 2346
484.75 607 1531
690 674 2064
404.667 773 1650
940.75 1818 4428
672.25 1036 3010
391.5 388 867
391.5 437 1523
240 230 0
574 594 1690
454 200 0
240 279 656
356 407 823
454 246 867


869.25 1473 3808
1275.5 1567 4428
1005.75 1497 4054
983.333 1521 4054
492.5 932 2310
669 1469 3384
1262 1449 4054
899.5 1539 4054
783 918 2966
969.5 1527 4054
492.5 948 2346
708.5 1222 3144
513.25 1132 2807
753 1090 3340
746.75 1273 3630
591.25 1369 3231
854.75 1145 3384
1196.75 1658 4428
844.75 1588 4054
1104 1187 3630
689.25 1230 3231
903.333 1419 4004
751.25 1255 3384
535 903 2473
721.5 1181 3340
899.75 1245 3434
798.75 1231 3348
1018 1221 3630
857.25 1739 4428
717.5 1218 3231
882 1080 3144
849.25 1786 4428
520.333 981 2966
938 1060 3340
512.667 983 2473
718.25 1316 3434
586.917 1292 3181
1020 1389 4004
855.75 1263 3434
848.75 955 3010
744.5 1312 3390
806 900 2966
1008.5 1135 3384
717.333 1374 3340
672.25 1036 3010
384.5 738 1523
500.25 1035 2611
824 784 2720
799.333 1147 3390
627.5 865 2720
692.25 1382 3630
1181 1377 4004
744.5 1133 3144
758.5 943 2770
718.5 1199 3340
527.5 655 1690
1005.5 1505 4054
449.5 733 1947
511.5 785 2346
533 680 2143
1000.5 1678 4428
598.75 717 2187
384.5 722 1487
817.25 1642 4054
541.5 644 1897
641.5 675 2346
797.75 967 3010
886 1376 3764
422.25 749 1531
641.75 1297 3231
404.667 773 1650
484.75 607 1531
690 674 2064
422.25 798 2187
412.333 771 2143
606.667 840 2517
601.25 1048 3010
910 1061 3340
331 613 1276
391.5 437 1523
968 1357 3764
391.5 388 867
574 594 1690
240 230 0
454 246 867
454 200 0
356 407 823
549.333 909 2567
240 279 656


512.667 983 2473
660.25 1302 3630
952.75 1301 4004
983 1129 3390
492.5 948 2346
1230 1409 4054
1215 1579 4428
707.5 1249 3390
902.5 1369 3764
535 903 2473
549.333 909 2567
750.25 1273 3434
960 1147 3390
1362 1569 4428
1017 1221 3630
737.25 1187 3384
938 1060 3340
978.75 1492 4054
664.167 1141 3340
811.917 1722 3764
907.167 1600 4004
1171 1597 4428
686.5 1061 3340
841.5 1200 3390
500.25 1035 2611
995.5 1619 4428
806 900 2966
824 784 2720
1035 1105 3384
449.5 733 1947
916.333 1505 4054
854.25 1455 3808
816.75 1261 3630
833.75 1239 3630
657.417 1161 3181
1104 1187 3630
783 918 2966
699.5 971 2770
422.25 749 1531
672.25 1036 3010
834.75 1145 3384
848.75 955 3010
627.5 865 2720
404.667 773 1650
797.75 967 3010
933.75 1106 3384
527.5 655 1690
412.333 771 2143
598.75 717 2187
606.667 840 2517
492.5 932 2310
690 674 2064
533 680 2143
541.5 644 1897
520.333 981 2966
384.5 722 1487
331 613 1276
511.5 785 2346
422.25 798 2187
484.75 607 1531
384.5 738 1523
641.5 675 2346
391.5 437 1523
574 594 1690
454 200 0
391.5 388 867
601.25 1048 3010
356 407 823
240 279 656
240 230 0
454 246 867


1023.75 1716 4428
1104 1187 3630
848.75 955 3010
891.75 1535 4054
777.25 1570 4054
1106 1093 3384
586.917 1292 3181
1162 1483 4054
887.75 1261 3630
1155 1489 4054
1018 1221 3630
1122 1606 4428
1189 1338 4004
767.333 1280 3630
864 1196 3390
892.25 1521 4054
513.25 1132 2807
616.333 1061 3340
699.5 971 2770
384.5 738 1523
672.25 1036 3010
892.5 1129 3390
1111 1495 4054
824 784 2720
648.5 1277 3390
520.333 981 2966
758.5 943 2770
1342 1578 4428
1230 1409 4054
601.25 1048 3010
999.25 1727 4428
1185 1359 4004
535 903 2473
606.667 840 2517
1079 1209 3764
598.75 717 2187
1053 1199 3630
750.25 1273 3434
500.25 1035 2611
739.5 1257 3390
933.75 1106 3384
492.5 948 2346
660.25 1302 3630
806 900 2966
690 674 2064
549.333 909 2567
855.75 1263 3434
511.5 785 2346
512.667 983 2473
841.5 1200 3390
1055.25 1658 4428
527.5 655 1690
533 680 2143
449.5 733 1947
737.25 1187 3384
627.5 865 2720
784.5 1370 4004
965.75 1223 3434
797.75 967 3010
384.5 722 1487
404.667 773 1650
492.5 932 2310
412.333 771 2143
422.25 749 1531
484.75 607 1531
783 918 2966
331 613 1276
391.5 437 1523
541.5 644 1897
902 980 3340
422.25 798 2187
391.5 388 867
356 407 823
240 230 0
240 279 656
454 200 0
454 246 867
574 594 1690
641.5 675 2346


953 1330 4004
960 1276 3764
783 918 2966
1160.5 1707 4428
738.25 1610 4054
936.5 1382 4004
606.667 840 2517
851.25 1463 4004
621.25 1342 3630
660.25 1302 3630
900 1186 3390
786.5 1210 3390
936 1176 3390
939.25 1468 4054
983 1129 3390
857 1250 3630
616.333 1061 3340
848.75 955 3010
512.667 983 2473
965.75 1223 3434
549.333 909 2567
762.5 1239 3390
500.25 1035 2611
1196 1567 4428
765.917 1542 4004
1014 1239 3630
737.25 1187 3384
834.75 1145 3384
950.5 1233 3434
798 996 3010
1242 1460 4054
591.25 1369 3231
980.5 1768 4428
699.5 971 2770
882.5 1290 3764
1017 1221 3630
746.75 1273 3630
535 903 2473
422.25 749 1531
627.5 865 2720
412.333 771 2143
688.5 1290 3630
915 1546 4054
449.5 733 1947
520.333 981 2966
816.75 1261 3630
513.25 1132 2807
1189.67 1677 4428
902 980 3340
422.25 798 2187
598.75 717 2187
1106 1093 3384
672.25 1036 3010
641.5 675 2346
1104 1187 3630
1095 1106 3384
541.5 644 1897
384.5 738 1523
1053 1199 3630
384.5 722 1487
511.5 785 2346
527.5 655 1690
824 784 2720
690 674 2064
806 900 2966
533 680 2143
391.5 437 1523
331 613 1276
484.75 607 1531
574 594 1690
391.5 388 867
404.667 773 1650
240 279 656
601.25 1048 3010
356 407 823
454 200 0
240 230 0
454 246 867


616.333 1061 3340
1042.25 1728 4428
1047 1687 4428
703.25 1326 3434
816.75 1261 3630
848.75 955 3010
1090 1377 4004
1244 1360 4004
699.25 1579 4054
933.75 1106 3384
1088.5 1460 4054
1129 1654 4428
513.25 1132 2807
637.333 1249 3390
1038 1119 3390
1113.75 1676 4428
758.5 943 2770
869.333 1558 4054
1042.5 1336 3764
892.5 1129 3390
492.5 932 2310
699.5 971 2770
621.25 1342 3630
500.25 1035 2611
718.25 1316 3434
981.75 1516 4054
811.917 1770 4428
591.25 1369 3231
824 784 2720
797.75 967 3010
601.25 1048 3010
535 903 2473
856.75 1221 3630
606.667 840 2517
627.5 865 2720
1261 1409 4054
512.667 983 2473
752.333 1200 3390
811.25 1444 4004
641.5 675 2346
690 674 2064
492.5 948 2346
520.333 981 2966
1185 1589 4428
672.25 1036 3010
549.333 909 2567
527.5 655 1690
598.75 717 2187
404.667 773 1650
806 900 2966
422.25 798 2187
449.5 733 1947
818.75 1191 3348
541.5 644 1897
422.25 749 1531
384.5 738 1523
384.5 722 1487
777.417 1509 4004
533 680 2143
1068.75 1480 4054
331 613 1276
391.5 437 1523
574 594 1690
412.333 771 2143
902 980 3340
484.75 607 1531
511.5 785 2346
391.5 388 867
454 200 0
240 279 656
454 246 867
240 230 0
356 407 823


960 1147 3390
876.75 1468 3772
1164.5 1599 4428
832.333 1369 3764
855.75 1263 3434
586.917 1292 3181
1184.5 1540 4428
657.417 1161 3181
692.25 1382 3630
705.5 1061 3340
818.75 1191 3348
966.75 1537 4054
601.25 1048 3010
852.5 1684 4054
981.75 1516 4054
1106 1093 3384
902 980 3340
1054.5 1847 4428
856.75 1221 3630
1026 1129 3390
1132 1655 4428
1261 1468 4054
664.167 1141 3340
1092 1476 4054
699.5 971 2770
925.5 1481 4004
783 918 2966
777.417 1509 4004
512.667 983 2473
1281 1416 4054
1053 1199 3630
854.75 1145 3384
797.75 967 3010
1071.5 1668 4428
1059.67 1717 4428
606.667 840 2517
1104 1187 3630
752.333 1200 3390
520.333 981 2966
1052 1256 3764
535 903 2473
549.333 909 2567
824 784 2720
500.25 1035 2611
758.5 943 2770
672.25 1036 3010
627.5 865 2720
1038 1119 3390
909.5 1367 3764
513.25 1132 2807
751.25 1255 3384
900 1186 3390
746.75 1273 3630
952.75 1301 4004
1156 1607 4428
533 680 2143
384.5 722 1487
853.25 1561 4054
404.667 773 1650
492.5 932 2310
848.75 955 3010
422.25 749 1531
864 1196 3390
806 900 2966
703.75 1349 3630
641.5 675 2346
527.5 655 1690
598.75 717 2187
412.333 771 2143
331 613 1276
449.5 733 1947
391.5 388 867
422.25 798 2187
541.5 644 1897
511.5 785 2346
391.5 437 1523
574 594 1690
240 230 0
484.75 607 1531
690 674 2064
454 200 0
384.5 738 1523
240 279 656
454 246 867
356 407 823


762.5 1239 3390
1095 1106 3384
965.75 1223 3434
767.333 1280 3630
583.75 1269 3010
969.5 1527 4054
816.75 1261 3630
826.25 1493 4004
492.5 932 2310
1018 1221 3630
903.333 1419 4004
1180 1659 4428
880.75 1559 4054
1038.5 1679 4428
902 980 3340
686.5 1061 3340
1161 1166 3390
833.75 1239 3630
894.5 1458 4004
848.75 955 3010
1008.5 1319 3764
932.75 1382 3808
907.417 1399 4004
664.167 1141 3340
1119 1518 4054
900 1186 3390
983.333 1521 4054
627.5 865 2720
1189 1338 4004
1172.75 1676 4428
660.25 1302 3630
1030.75 1688 4428
816 1715 3808
549.333 909 2567
797.75 967 3010
601.25 1048 3010
1053 1199 3630
657.417 1161 3181
690 674 2064
1281 1416 4054
750.25 1273 3434
1104 1187 3630
384.5 738 1523
384.5 722 1487
500.25 1035 2611
999.25 1767 4428
513.25 1132 2807
1147 1502 4054
806 900 2966
404.667 773 1650
535 903 2473
422.25 749 1531
783 918 2966
744.5 1357 3764
422.25 798 2187
707.5 1249 3390
822.5 1200 3390
520.333 981 2966
936 1176 3390
541.5 644 1897
824 784 2720
511.5 785 2346
606.667 840 2517
1118 1288 3764
672.25 1036 3010
758.5 943 2770
641.5 675 2346
533 680 2143
1132 1512 4054
699.5 971 2770
1302 1656 4428
449.5 733 1947
527.5 655 1690
391.5 437 1523
598.75 717 2187
512.667 983 2473
484.75 607 1531
412.333 771 2143
1055 1341 4004
574 594 1690
454 200 0
391.5 388 867
240 279 656
331 613 1276
356 407 823
454 246 867
240 230 0


746.75 1273 3630
621.25 1342 3630
833.75 1239 3630
1361 1518 4428
847.333 1382 4004
1155 1477 4054
1066.75 1697 4428
1104 1187 3630
637.333 1249 3390
914.75 1517 4054
1064.5 1309 3764
1042.5 1336 3764
848.75 955 3010
616.333 1061 3340
933.333 1749 4428
933.75 1106 3384
758.5 943 2770
834.75 1145 3384
699.5 971 2770
535 903 2473
1111 1495 4054
513.25 1132 2807
492.5 948 2346
672.25 1036 3010
384.5 722 1487
737.25 1187 3384
856.75 1221 3630
783 918 2966
955 1176 3390
512.667 983 2473
1079 1164 3390
1176 1638 4428
549.333 909 2567
694.917 1502 4004
527.5 655 1690
806 900 2966
864 1196 3390
520.333 981 2966
829.333 1539 4054
752.333 1200 3390
606.667 840 2517
902 980 3340
1079 1209 3764
601.25 1048 3010
968 1357 3764
1106 1093 3384
1031.5 1715 4428
824 784 2720
422.25 749 1531
627.5 865 2720
500.25 1035 2611
797.75 967 3010
412.333 771 2143
598.75 717 2187
449.5 733 1947
422.25 798 2187
541.5 644 1897
1105.75 1678 4428
484.75 607 1531
511.5 785 2346
391.5 437 1523
533 680 2143
331 613 1276
690 674 2064
384.5 738 1523
404.667 773 1650
641.5 675 2346
391.5 388 867
574 594 1690
454 200 0
240 230 0
454 246 867
356 407 823
240 279 656


616.333 1061 3340
688.5 1290 3630
1166 1446 4054
606.667 840 2517
1053 1199 3630
783 918 2966
1004.33 1749 4428
888.5 1147 3390
784.5 1370 4004
901.5 1593 4054
627.5 865 2720
1280 1630 4428
1020.33 1687 4428
1076 1498 4054
746.75 1273 3630
726.5 1249 3390
818.75 1191 3348
660.25 1302 3630
758.5 943 2770
836.75 1261 3630
500.25 1035 2611
854.75 1145 3384
848.75 955 3010
512.667 983 2473
1095 1106 3384
797.75 967 3010
988.5 1135 3384
672.25 1036 3010
601.25 1048 3010
1060.5 1526 4054
1052.42 1652 4428
1038 1119 3390
384.5 722 1487
699.5 971 2770
1016 1290 3764
1094 1353 4004
955.333 1536 4054
1353 1565 4428
535 903 2473
527.5 655 1690
422.25 798 2187
1184 1330 3808
864 1196 3390
1018 1221 3630
520.333 981 2966
803.5 1329 3764
541.5 644 1897
641.5 675 2346
806 900 2966
511.5 785 2346
598.75 717 2187
384.5 738 1523
404.667 773 1650
549.333 909 2567
513.25 1132 2807
412.333 771 2143
690 674 2064
449.5 733 1947
422.25 749 1531
794.25 1660 4054
533 680 2143
391.5 388 867
824 784 2720
492.5 932 2310
484.75 607 1531
331 613 1276
391.5 437 1523
454 200 0
574 594 1690
240 230 0
356 407 823
454 246 867
240 279 656


938 1060 3340
591.25 1369 3231
933.75 1106 3384
616.333 1061 3340
1212 1696 4428
968.75 1430 4004
660.25 1302 3630
1086 1388 3764
583.75 1269 3010
752.333 1200 3390
797.75 967 3010
892.5 1129 3390
512.667 983 2473
854.75 1145 3384
836.75 1261 3630
1049.5 1746 4428
750.25 1273 3434
1098 1378 3764
949.75 1559 4054
995.75 1401 3772
811.25 1444 4004
707.5 1249 3390
1479 1651 4428
962.667 1389 3764
1293 1326 3764
1077 1505 4054
672.25 1036 3010
737.25 1187 3384
824 784 2720
806 900 2966
1059.5 1428 4004
1295 1348 4004
1141 1417 4004
492.5 932 2310
1041 1233 3434
500.25 1035 2611
911.5 1250 3630
1085 1239 3630
699.5 971 2770
848.75 955 3010
1035 1105 3384
1075.75 1557 4054
783 918 2966
513.25 1132 2807
1106 1093 3384
806.5 1418 3764
1309.5 1660 4428
601.25 1048 3010
520.333 981 2966
606.667 840 2517
1237 1336 3764
404.667 773 1650
627.5 865 2720
1167 1497 4054
511.5 785 2346
384.5 738 1523
541.5 644 1897
422.25 749 1531
1169 1389 4004
384.5 722 1487
549.333 909 2567
527.5 655 1690
690 674 2064
449.5 733 1947
945.25 1789 4428
422.25 798 2187
412.333 771 2143
598.75 717 2187
758.5 943 2770
331 613 1276
533 680 2143
391.5 388 867
641.5 675 2346
574 594 1690
391.5 437 1523
454 246 867
484.75 607 1531
356 407 823
240 230 0
454 200 0
240 279 656


1282 1577 4428
627.5 865 2720
885.5 1727 4428
767.25 1239 3384
868.5 1277 3390
1130.25 1629 4428
621.25 1342 3630
1038 1119 3390
1187 1439 4054
1018 1221 3630
820.75 1617 4054
824 784 2720
983.333 1521 4054
954.5 1274 3434
492.5 932 2310
688.5 1290 3630
847.333 1382 4004
1032.33 1695 4428
1161 1330 4004
1230 1428 4054
1171 1468 4054
699.5 971 2770
771.25 1549 4004
903.75 1279 3630
817.167 1518 3764
520.333 981 2966
1118 1288 3764
1026 1129 3390
549.333 909 2567
767.333 1280 3630
616.333 1061 3340
798.75 1231 3348
888.5 1147 3390
492.5 948 2346
1119 1499 4054
969.5 1527 4054
1053 1199 3630
969.5 1264 3434
606.667 840 2517
797.75 967 3010
1014.75 1146 3384
586.917 1292 3181
758.5 943 2770
1035 1105 3384
535 903 2473
1171 1597 4428
527.5 655 1690
404.667 773 1650
512.667 983 2473
598.75 717 2187
384.5 722 1487
412.333 771 2143
601.25 1048 3010
422.25 749 1531
449.5 733 1947
978 1261 3630
848.75 955 3010
641.5 675 2346
384.5 738 1523
511.5 785 2346
783 918 2966
533 680 2143
690 674 2064
541.5 644 1897
422.25 798 2187
806 900 2966
391.5 437 1523
331 613 1276
391.5 388 867
793.167 1547 3764
500.25 1035 2611
484.75 607 1531
574 594 1690
240 230 0
240 279 656
454 246 867
454 200 0
356 407 823


950.5 1233 3434
492.5 948 2346
1095 1309 3764
1010.75 1597 4428
758.5 943 2770
648.5 1277 3390
822.5 1200 3390
1199.5 1485 4054
672.25 1036 3010
549.333 909 2567
1353 1565 4428
938 1060 3340
873.75 1451 4004
817.25 1642 4054
1010.75 1533 4054
820.75 1617 4054
1094 1359 4004
737.25 1187 3384
861.5 1608 4054
933.75 1106 3384
888.5 1147 3390
718.25 1316 3434
535 903 2473
1295 1348 4004
798 1249 3390
965.75 1223 3434
799.5 1516 3764
1361 1473 4054
859.333 1446 3764
1059.5 1428 4004
797.75 967 3010
834.75 1145 3384
891.75 1535 4054
816.75 1261 3630
621.25 1342 3630
500.25 1035 2611
616.333 1061 3340
1106 1093 3384
699.5 971 2770
759.5 1330 3630
999.75 1430 4004
1041 1527 4054
1230 1480 4054
931.5 1250 3630
422.25 749 1531
1038 1119 3390
848.75 955 3010
384.5 722 1487
806 900 2966
810.25 1509 4004
976.5 1441 4004
879.5 1598 4054
384.5 738 1523
606.667 840 2517
527.5 655 1690
492.5 932 2310
404.667 773 1650
975.5 1815 4428
1053 1199 3630
511.5 785 2346
783 918 2966
598.75 717 2187
627.5 865 2720
601.25 1048 3010
422.25 798 2187
520.333 981 2966
449.5 733 1947
412.333 771 2143
513.25 1132 2807
541.5 644 1897
1017 1221 3630
1052 1366 3764
809.25 1650 4054
391.5 437 1523
331 613 1276
641.5 675 2346
533 680 2143
574 594 1690
824 784 2720
391.5 388 867
690 674 2064
484.75 607 1531
889.25 1819 4428
454 200 0
240 279 656
356 407 823
240 230 0
454 246 867


864.25 1589 4054
882.75 1412 4004
933.75 1106 3384
694.917 1502 4004
1078 1411 3808
857 1250 3630
945.5 1376 3764
813.167 1417 3764
718.25 1316 3434
520.333 981 2966
1257 1427 4054
1071 1256 3764
882.25 1432 4004
692.25 1382 3630
798.25 1485 3808
902 980 3340
703.75 1349 3630
492.5 948 2346
816.75 1261 3630
1261 1409 4054
1065.75 1599 4428
797.75 967 3010
783 918 2966
606.667 840 2517
750.25 1273 3434
737.25 1187 3384
492.5 932 2310
627.5 865 2720
535 903 2473
648.5 1277 3390
583.75 1269 3010
616.333 1061 3340
549.333 909 2567
767.333 1280 3630
512.667 983 2473
1019.25 1752 4428
384.5 722 1487
404.667 773 1650
672.25 1036 3010
834.75 1145 3384
824 784 2720
586.917 1292 3181
591.25 1369 3231
601.25 1048 3010
799.333 1147 3390
1035 1105 3384
1215 1579 4428
983 1129 3390
1038 1119 3390
1014 1239 3630
848.75 955 3010
806 900 2966
527.5 655 1690
533 680 2143
412.333 771 2143
541.5 644 1897
598.75 717 2187
690 674 2064
513.25 1132 2807
896.5 1468 4054
449.5 733 1947
699.5 971 2770
641.5 675 2346
511.5 785 2346
422.25 749 1531
1094 1359 4004
500.25 1035 2611
1250 1440 4054
1092 1221 3434
1290 1530 4428
484.75 607 1531
422.25 798 2187
384.5 738 1523
391.5 388 867
391.5 437 1523
454 200 0
240 230 0
240 279 656
356 407 823
331 613 1276
454 246 867
574 594 1690


739.5 1257 3390
641.75 1297 3231
650.25 1270 3231
936.5 1417 3764
799.333 1147 3390
717.25 1422 4004
606.667 840 2517
738.25 1610 4054
804.75 1569 4054
848.75 955 3010
1055 1341 4004
983 1129 3390
660.25 1302 3630
520.333 981 2966
686.5 1061 3340
1230 1492 4054
836.75 1261 3630
750.25 1273 3434
988.5 1209 3764
664.167 1141 3340
834.75 1145 3384
699.5 971 2770
492.5 932 2310
797.75 967 3010
1372 1487 4054
737.25 1187 3384
857 1250 3630
1106 1093 3384
598.75 717 2187
902 980 3340
992.5 1419 4004
758.5 943 2770
806 900 2966
1326 1578 4428
549.333 909 2567
500.25 1035 2611
688.5 1290 3630
1053 1199 3630
627.5 865 2720
1032.5 1607 4428
914.75 1498 4054
513.25 1132 2807
964.333 1717 4428
541.5 644 1897
384.5 738 1523
449.5 733 1947
422.25 798 2187
384.5 722 1487
535 903 2473
641.5 675 2346
512.667 983 2473
824 784 2720
404.667 773 1650
1035 1105 3384
533 680 2143
783 918 2966
527.5 655 1690
511.5 785 2346
672.25 1036 3010
412.333 771 2143
422.25 749 1531
331 613 1276
690 674 2064
601.25 1048 3010
484.75 607 1531
391.5 437 1523
574 594 1690
454 246 867
240 279 656
356 407 823
391.5 388 867
454 200 0
240 230 0


933.75 1106 3384
739.5 1257 3390
1038 1119 3390
616.333 1061 3340
758.5 943 2770
1166 1446 4054
1035 1105 3384
1271 1569 4428
965.75 1223 3434
688.5 1290 3630
492.5 932 2310
1014 1239 3630
520.333 981 2966
865.25 1571 4004
1170 1279 3764
699.5 971 2770
660.25 1302 3630
513.25 1132 2807
983.75 1341 4004
923.25 1490 4054
816.75 1261 3630
848.75 955 3010
832.333 1369 3764
954.333 1458 4004
586.917 1292 3181
601.25 1048 3010
384.5 722 1487
500.25 1035 2611
950.5 1233 3434
737.25 1187 3384
799.333 1147 3390
1042.5 1336 3764
492.5 948 2346
591.25 1369 3231
541.5 644 1897
983 1129 3390
1163.5 1469 4054
404.667 773 1650
1106 1093 3384
690 674 2064
549.333 909 2567
1104 1187 3630
627.5 865 2720
824 784 2720
938 1060 3340
598.75 717 2187
384.5 738 1523
535 903 2473
933 1411 3808
511.5 785 2346
533 680 2143
834.75 1145 3384
641.5 675 2346
806 900 2966
665 840 2517
1217 1659 4428
1038.5 1660 4428
746.75 1273 3630
527.5 655 1690
412.333 771 2143
672.25 1036 3010
391.5 388 867
797.75 967 3010
422.25 749 1531
331 613 1276
574 594 1690
391.5 437 1523
454 200 0
484.75 607 1531
449.5 733 1947
422.25 798 2187
356 407 823
240 279 656
663.75 857 2354
454 246 867
240 230 0


1184 1330 3808
837.25 1512 4054
834.75 1145 3384
973.167 1699 4428
492.5 948 2346
1038.5 1660 4428
616.333 1061 3340
1093 1401 3808
902 980 3340
1104 1187 3630
854.5 1481 4004
762.5 1239 3390
816.75 1261 3630
1220 1377 4004
737.25 1187 3384
1035 1105 3384
900.75 1786 4428
936 1176 3390
835.5 1467 3764
1195.75 1489 4428
1261 1409 4054
848.75 955 3010
818.25 1730 3772
660.25 1302 3630
672.25 1036 3010
621.25 1342 3630
934 1135 3384
535 903 2473
707.5 1249 3390
889.5 1464 3764
952.5 1388 3764
864 1196 3390
824 784 2720
520.333 981 2966
606.667 840 2517
677.5 976 2720
601.25 1048 3010
1053 1199 3630
384.5 738 1523
757.5 865 2720
783 918 2966
746.75 1273 3630
549.333 909 2567
933 1411 3808
500.25 1035 2611
1145 1399 4004
641.5 675 2346
699.5 971 2770
527.5 655 1690
404.667 773 1650
1018 1221 3630
512.667 983 2473
1050 1147 3390
1033.75 1431 4054
422.25 749 1531
384.5 722 1487
1131 1338 3764
511.5 785 2346
1169 1389 4004
422.25 798 2187
541.5 644 1897
598.75 717 2187
833.75 1239 3630
806 900 2966
690 674 2064
797.75 967 3010
533 680 2143
449.5 733 1947
1004.33 1459 4004
901.5 1459 3764
574 594 1690
484.75 607 1531
331 613 1276
758.5 943 2770
391.5 437 1523
454 246 867
412.333 771 2143
391.5 388 867
356 407 823
240 230 0
240 279 656
454 200 0


