1032 970 3981
740.25 1193 4977
1032.5 1148 4977
788 1168 4977
510 996 4276
224 294 0
448 260 0
348 262 0
511 656 1903
609 530 1903
534 487 1732
489 817 1485
494 636 1637
580.75 615 1903
224 326 736
448 290 907
348 306 853
420 313 996
375 455 996
712 659 2756
595.25 809 2392
683 742 2461
488.5 845 3423
636.5 800 3540
454.25 855 3492


1032 970 3981
740.25 1193 4977
1032.5 1148 4977
788 1168 4977
510 996 4276
224 294 0
448 260 0
348 262 0
511 656 1903
609 530 1903
534 487 1732
489 817 1485
494 636 1637
580.75 615 1903
224 326 736
448 290 907
348 306 853
420 313 996
375 455 996
712 659 2756
595.25 809 2392
683 742 2461
488.5 845 3423
636.5 800 3540
454.25 855 3492


224 294 0
448 260 0
348 262 0
405.75 659 2433
533.5 671 2687
686 810 3217
587.75 819 3217
489 870 3217
408 638 2516
740.25 1193 4977
788 1168 4977
1032.5 1148 4977
653.25 1039 4070
879 844 3368
789 939 4070
368.5 577 1520
523 442 1849
477.75 530 1903
375 487 1732
224 326 736
448 290 907
348 306 853
420 313 996
375 455 996


348 262 0
224 294 0
448 260 0
508.75 788 3286
454.25 855 3492
1175 978 4104
1158 1000 4104
614.25 1083 4104
631.5 1231 4193
694 1225 4193
725.25 1143 4193
919 836 3368
879 844 3368
834 1018 4104
792.5 1032 4104
903.75 1106 4193
420 313 996
348 306 853
224 326 736
448 290 907
375 455 996
523 442 1849
477.75 530 1903
375 487 1732
432.75 704 2639
396.5 638 2585
580.75 659 2756
478 616 2585


224 326 736
420 313 996
348 306 853
448 260 0
224 294 0
448 290 907
348 262 0
375 455 996
683 742 2461
723 734 2461
846 800 2550
736 895 2550
528.5 1062 2516
608.25 962 2516
1015.5 1232 4805
901.5 1326 4805
1046.75 1150 4805
996.75 1265 4805
844.5 1352 4805
932.25 1295 4805
955 938 3245
1074 868 3368
732.833 1232 3540
755.25 1047 3368
796.5 994 3368
1016 978 4104
478 572 1732
523 442 1849
523.75 816 1903
533.5 637 1903
517.5 981 2132
662 776 2201
605 802 2201


867 1169 4888
947.5 1098 4888
670 1224 4888
628.75 1277 4888
510 996 4276
926 947 4035
224 326 736
448 290 907
348 262 0
348 306 853
224 294 0
448 260 0
420 313 996
375 455 996
375 487 1732
567 564 1760
686 618 1780
489 794 1780
529.5 638 2516
655 697 2633
454.25 855 3492
636.5 800 3540
488.5 845 3423


886.5 902 4152
736 1221 4888
867 1169 4888
947.5 1098 4888
617 947 4035
628.75 1277 4888
670 1224 4888
510 996 4276
448 260 0
348 262 0
224 294 0
533.5 671 2687
783.5 773 3299
569 817 3039
454.25 855 3492
636.5 800 3540
488.5 845 3423
420 313 996
348 306 853
448 290 907
224 326 736
375 455 996
408 606 1780
523 442 1849
375 487 1732


224 294 0
448 260 0
348 262 0
511 767 3369
488.5 845 3423
533.5 671 2687
454.25 855 3492
580.75 659 2756
396.5 638 2585
478 616 2585
636.5 800 3540
432.75 704 2639
523 442 1849
375 487 1732
477.75 530 1903
510 996 4276
1298 1150 4805
864.75 1190 4805
719.5 1294 4805
348 306 853
448 290 907
224 326 736
420 313 996
375 455 996


224 294 0
348 262 0
448 260 0
523 442 1849
368.5 577 1520
477.75 530 1903
375 487 1732
448 290 907
224 326 736
420 313 996
348 306 853
375 455 996
686 662 2633
511 767 3369
488.5 871 3369
478 616 2585
408 638 2516
510 996 4276


454.25 855 3492
617 947 4035
547.5 845 3423
783.5 773 3299
823 1107 4888
741.5 1129 4888
983.5 1098 4888
886.5 902 4152
753.5 1005 4276
914 996 4276
448 260 0
348 262 0
224 294 0
420 313 996
448 290 907
348 306 853
224 326 736
375 455 996
477.75 530 1903
375 487 1732
432.75 704 2639
580.75 659 2756
396.5 638 2585
478 616 2585
569 817 3039


947.5 1098 4888
628.75 1277 4888
867 1169 4888
670 1224 4888
510 996 4276
926 947 4035
1074 902 4152
348 262 0
448 260 0
224 294 0
375 487 1732
533.5 641 1780
523.75 820 1780
448 290 907
375 455 996
224 326 736
348 306 853
420 313 996
538 707 2516
580.75 659 2756
488.5 845 3423
636.5 800 3540
454.25 855 3492


666.083 1306 3809
741.5 1095 4104
678.75 1196 4104
823 1073 4104
934.5 1000 4104
1016 978 4104
224 294 0
448 260 0
348 262 0
523 442 1849
477.75 530 1903
375 487 1732
405.75 659 2433
488.5 815 2516
533.5 671 2687
448 290 907
420 313 996
348 306 853
224 326 736
375 455 996
886.5 868 3368
617 913 3251
855 962 3492
694.5 971 3492
983 864 3108


224 294 0
448 260 0
348 262 0
617 947 4035
510 996 4276
396.5 638 2585
478 616 2585
783.5 773 3299
569 817 3039
488.5 845 3423
533.5 671 2687
454.25 855 3492
636.5 800 3540
580.75 659 2756
432.75 704 2639
420 313 996
348 306 853
375 455 996
224 326 736
448 290 907
477.75 530 1903
523 442 1849
375 487 1732


224 294 0
348 262 0
448 260 0
368.5 577 1520
523 442 1849
432.75 704 2639
375 487 1732
477.75 530 1903
698 875 3286
1413 1145 4593
1278 1224 4593
1347 1174 4593
1257 1244 4593
587.5 1136 4124
608.25 1036 4124
1114.5 1283 4593
938.75 1372 4593
1036.75 1284 4593
1003.75 1336 4593
995.75 1346 4593
825.5 1017 4124
873 913 3457
420 313 996
348 306 853
448 290 907
224 326 736
375 455 996


1253 1168 4682
1274 1148 4682
1128.5 1173 4682
582.5 1150 4193
727.75 1046 4193
732.25 1027 4193
684.5 1052 4193
636.5 800 3540
653.25 1039 4070
622 1121 4070
785 1328 4682
805 1303 4682
845.25 1177 4682
814 1259 4682
976.75 1007 4193
789 939 4070
448 260 0
224 294 0
420 292 0
463.5 876 3340
533.5 671 2687
580.75 659 2756
448 290 907
420 313 996
224 326 736
375 455 996
375 487 1732


224 294 0
348 262 0
448 260 0
523 442 1849
477.75 530 1903
408 638 2516
375 487 1732
935 935 2687
510 975 3280
587.5 1104 3388
828 995 3388
636.5 779 2544
608.25 1004 3388
701.75 1154 4152
224 326 736
448 290 907
348 306 853
420 313 996
375 455 996


454.25 855 3492
510 996 4276
636.5 800 3540
488.5 845 3423
224 294 0
348 262 0
448 260 0
502 498 1437
368.5 577 1520
523 442 1849
477.75 530 1903
420 313 996
375 455 996
348 306 853
448 290 907
224 326 736
580.75 659 2756
569 817 3039
432.75 704 2639
396.5 638 2585
533.5 671 2687


448 260 0
348 262 0
533.5 671 2687
580.75 659 2756
420 313 996
224 326 736
348 306 853
448 290 907
375 455 996
375 487 1732
523 442 1849
477.75 530 1903
796.5 1028 4152
1074 902 4152
755.25 1081 4152
1057 1012 4152
636.5 800 3540


454.25 855 3492
1057 1034 4241
1037 1059 4241
971 1072 4241
914 964 3540
680 1259 4241
730.25 1176 4241
649.25 1087 3540
672 995 3540
730 993 3540
753.5 973 3540
584.75 1097 3540
881 1142 4241
784.25 1145 4241
224 294 0
348 262 0
448 260 0
494 636 1637
445 502 1589
368.5 577 1520
501 545 1697
502 498 1437
583 533 1780
567 564 1760
580.75 659 2756
432.75 704 2639
396.5 638 2585
348 306 853
224 326 736
420 313 996
448 290 907
375 455 996


673.75 1058 4070
688.75 1122 4104
834 1018 4104
792.5 1032 4104
690.75 948 4070
910.5 939 4070
1175 978 4104
1158 1000 4104
508.75 788 3286
477.5 870 3286
348 262 0
448 260 0
224 294 0
523 442 1849
445 502 1589
501 545 1697
368.5 577 1520
478 616 2585
405.75 659 2433
448 290 907
348 306 853
224 326 736
420 313 996
375 455 996


