1.586440678e+00 1.896782028e+00 2.000000000e+00 
1.508958838e+00 1.848208865e+00 1.915537489e+00 
1.456012914e+00 1.720097146e+00 1.850045167e+00 
1.378531073e+00 1.671523983e+00 1.765582656e+00 
1.291041162e+00 1.474195507e+00 1.669828365e+00 
1.278450363e+00 1.471159684e+00 1.579719964e+00 
1.250201776e+00 1.540983607e+00 1.569783198e+00 
1.233252623e+00 1.426836673e+00 1.558491418e+00 
1.309120258e+00 1.291438980e+00 1.483965673e+00 
1.155770783e+00 1.378263509e+00 1.474028907e+00 
1.230024213e+00 1.143897996e+00 1.343947606e+00 
1.201775626e+00 1.192471160e+00 1.334010840e+00 
1.185633575e+00 1.317547055e+00 1.325880759e+00 
1.146085553e+00 1.250758956e+00 1.288166215e+00 
1.093623890e+00 1.125683060e+00 1.185862692e+00 
1.000000000e+00 1.047965999e+00 1.148148148e+00 
