257 304 0
351 527 1556
277 245 396
257 348 329
277 219 0
313 297 754
274 346 802
697 898 2829
405 495 1198
611 668 2027
266 473 725
464.75 723 1952
563 543 1631
426 687 1679
266 429 396
572 759 1960
598 491 1273
353 422 1150
589 770 2433
771 927 3149
481 672 1952
312 663 1520
729 724 2347
512 459 1198
773 806 2743
610 723 1989
782 855 2791
700 895 2829
312 614 1150
290 645 1150
858 1119 3545
589 640 1952
312 578 1124
620 876 2668
429 789 1926
827 883 2829
533 788 2272
859 1036 3545
535 667 1866
492 805 2001
833 705 2075
389 840 2027
598 986 2762
780 1143 3478
572 592 1679
389 884 2356
620 717 2075
518 1032 2803
817 1056 3158
700 1189 3519
702 1068 3113
448 1134 2726
700 1274 3915
518 1117 3199
492 890 2397
517 1134 3158
293 679 1602
429 874 2322
658 1071 3113
631 1063 3038
293 635 1273
480.75 1113 2829
389 814 1631
293 609 877
680 1414 3874
518 983 2433
396.5 1090 2397
684 938 2724
1022 1248 3874
910 1272 3874
651 1336 3528
480.75 1157 3158
517 1090 2829
421 929 2404
429 825 1952
502 781 2008
518 1068 2829
517 1064 2433
1018 1256 3874
516 862 2049
739 1664 4244
680 1370 3545
576 1384 3528
830 1269 3545
839 1478 4244
657 1321 3528
998 1260 3874
788.667 1091 3158


313 297 754
589 640 1952
257 304 0
277 219 0
257 348 329
277 245 396
274 346 802
729 724 2347
266 473 725
426 687 1679
563 543 1631
598 491 1273
353 422 1150
535 667 1866
481 672 1952
351 527 1556
464.75 723 1952
572 592 1679
266 429 396
405 495 1198
533 788 2272
611 668 2027
697 898 2829
620 717 2075
589 770 2433
512 459 1198
833 705 2075
773 806 2743
421 929 2404
293 679 1602
700 895 2829
293 635 1273
827 883 2829
290 645 1150
429 789 1926
518 1032 2803
502 781 2008
598 986 2762
492 805 2001
312 578 1124
859 1036 3545
389 884 2356
572 759 1960
377.25 1122 1840
998 1260 3874
429 825 1952
312 614 1150
517 1064 2433
389 840 2027
858 1119 3545
782 855 2791
771 927 3149
396.5 1090 2397
312 663 1520
620 876 2668
610 723 1989
684 938 2724
518 983 2433
448 1134 2726
293 609 877
817 1056 3158
389 814 1631
702 1068 3113
492 890 2397
518 1068 2829
516 862 2049
517 1134 3158
429 874 2322
518 1117 3199
517 1090 2829
700 1189 3519
780 1143 3478
680 1414 3874
631 1063 3038
910 1272 3874
1044 1474 4244
576 1384 3528
1035 1258 3915
1022 1248 3874
657 1321 3528
797.75 1201 3545
480.75 1157 3158
700 1274 3915
700 1225 3545
839 1478 4244
1018 1256 3874
658 1071 3113
610 1327 3528


313 297 754
277 219 0
257 304 0
277 245 396
257 348 329
274 346 802
426 687 1679
405 495 1198
266 429 396
351 527 1556
620 717 2075
353 422 1150
429 789 1926
598 491 1273
563 543 1631
833 705 2075
481 672 1952
512 459 1198
535 667 1866
610 723 1989
572 592 1679
611 668 2027
492 805 2001
700 895 2829
312 578 1124
293 635 1273
266 473 725
589 640 1952
533 788 2272
827 883 2829
589 770 2433
773 806 2743
518 1032 2803
293 679 1602
598 986 2762
729 724 2347
502 781 2008
620 876 2668
492 890 2397
312 663 1520
572 759 1960
290 645 1150
312 614 1150
858 1119 3545
389 884 2356
782 855 2791
817 1056 3158
859 1036 3545
697 898 2829
429 874 2322
771 927 3149
464.75 723 1952
448 1134 2726
516 862 2049
797.75 1201 3545
702 1068 3113
293 609 877
389 840 2027
998 1260 3874
441.75 1208 2726
421 929 2404
396.5 1090 2397
389 814 1631
517 1090 2829
517 1134 3158
518 983 2433
517 1064 2433
480.75 1157 3158
684 938 2724
700 1189 3519
780 1143 3478
576 1384 3528
631 1063 3038
739 1664 4244
680 1370 3545
1022 1248 3874
1018 1256 3874
518 1117 3199
839 1478 4244
680 1414 3874
910 1272 3874
700 1274 3915
480.75 1113 2829
429 825 1952
700 1225 3545
518 1068 2829
651 1336 3528
657 1321 3528
687.5 1620 3915
1044 1474 4244
1035 1258 3915


313 297 754
274 346 802
426 687 1679
277 219 0
266 473 725
405 495 1198
257 348 329
257 304 0
277 245 396
312 578 1124
512 459 1198
563 543 1631
266 429 396
312 614 1150
598 491 1273
353 422 1150
516 862 2049
464.75 723 1952
611 668 2027
833 705 2075
429 789 1926
771 927 3149
572 592 1679
492 805 2001
535 667 1866
293 679 1602
389 814 1631
589 770 2433
729 724 2347
312 663 1520
351 527 1556
700 895 2829
481 672 1952
610 723 1989
827 883 2829
290 645 1150
389 840 2027
572 759 1960
518 1032 2803
620 717 2075
480.75 1157 3158
421 929 2404
589 640 1952
782 855 2791
631 1063 3038
502 781 2008
533 788 2272
773 806 2743
429 874 2322
558.75 1419 3528
700 1189 3519
293 635 1273
441.75 1208 2726
658 1071 3113
293 609 877
480.75 1113 2829
684 938 2724
492 890 2397
662.75 1418 3874
518 983 2433
697 898 2829
429 825 1952
810 1097 3161
760.75 1608 4244
598 986 2762
859 1036 3545
780 1143 3478
389 884 2356
702 1068 3113
858 1119 3545
620 876 2668
518 1117 3199
517 1090 2829
517 1134 3158
518 1068 2829
517 1064 2433
662.75 1374 3545
610 1327 3528
792 1588 4244
480.75 1087 2433
1018 1256 3874
910 1272 3874
680 1414 3874
1022 1248 3874
377.25 1122 1840
840 1091 3158
448 1134 2726
576 1384 3528
839 1478 4244
700 1274 3915


257 304 0
313 297 754
257 348 329
598 491 1273
277 219 0
274 346 802
277 245 396
353 422 1150
535 667 1866
290 645 1150
589 640 1952
589 770 2433
563 543 1631
729 724 2347
405 495 1198
516 862 2049
266 429 396
266 473 725
351 527 1556
611 668 2027
312 578 1124
533 788 2272
502 781 2008
293 609 877
859 1036 3545
610 723 1989
782 855 2791
426 687 1679
697 898 2829
518 1032 2803
429 789 1926
293 679 1602
512 459 1198
421 929 2404
481 672 1952
312 663 1520
773 806 2743
464.75 723 1952
620 876 2668
293 635 1273
1035 1258 3915
771 927 3149
429 874 2322
572 759 1960
598 986 2762
492 805 2001
572 592 1679
312 614 1150
517 1134 3158
448 1134 2726
576 1384 3528
620 717 2075
389 884 2356
684 938 2724
389 814 1631
492 890 2397
389 840 2027
780 1143 3478
518 1117 3199
396.5 1090 2397
700 895 2829
833 705 2075
827 883 2829
858 1119 3545
631 1063 3038
517 1090 2829
518 983 2433
429 825 1952
518 1068 2829
700 1189 3519
702 1068 3113
657 1321 3528
377.25 1122 1840
910 1272 3874
517 1064 2433
1018 1256 3874
1044 1474 4244
651 1336 3528
680 1414 3874
700 1225 3545
658 1071 3113
998 1260 3874
700 1274 3915
1022 1248 3874
801 1651 4244
480.75 1157 3158
839 1478 4244
1195 1467 4244
817 1056 3158


257 304 0
277 219 0
274 346 802
313 297 754
572 592 1679
512 459 1198
277 245 396
257 348 329
266 429 396
535 667 1866
426 687 1679
266 473 725
464.75 723 1952
353 422 1150
351 527 1556
729 724 2347
598 491 1273
312 663 1520
782 855 2791
773 806 2743
620 717 2075
563 543 1631
481 672 1952
833 705 2075
611 668 2027
312 578 1124
405 495 1198
771 927 3149
610 723 1989
290 645 1150
492 805 2001
429 789 1926
389 840 2027
293 609 877
589 770 2433
293 635 1273
572 759 1960
516 862 2049
533 788 2272
517 1090 2829
293 679 1602
492 890 2397
312 614 1150
797.75 1201 3545
684 938 2724
429 825 1952
502 781 2008
598 986 2762
827 883 2829
389 814 1631
421 929 2404
810 1097 3161
589 640 1952
429 874 2322
518 1032 2803
389 884 2356
620 876 2668
780 1143 3478
700 895 2829
518 983 2433
700 1189 3519
631 1063 3038
517 1134 3158
702 1068 3113
396.5 1090 2397
480.75 1157 3158
662.75 1418 3874
448 1134 2726
1022 1248 3874
697 898 2829
858 1119 3545
840 1091 3158
518 1068 2829
680 1414 3874
680 1370 3545
700 1225 3545
558.75 1419 3528
517 1064 2433
687.5 1620 3915
658 1071 3113
480.75 1113 2829
1018 1256 3874
910 1272 3874
1044 1474 4244
1035 1258 3915
700 1274 3915
518 1117 3199
657 1321 3528
576 1384 3528
859 1036 3545
739 1664 4244
998 1260 3874
662.75 1374 3545
480.75 1087 2433
610 1327 3528
839 1478 4244
377.25 1122 1840


257 348 329
277 245 396
266 473 725
274 346 802
313 297 754
572 592 1679
512 459 1198
351 527 1556
257 304 0
277 219 0
405 495 1198
353 422 1150
620 717 2075
502 781 2008
589 770 2433
293 635 1273
426 687 1679
293 679 1602
598 491 1273
266 429 396
782 855 2791
481 672 1952
293 609 877
312 663 1520
610 723 1989
518 1032 2803
480.75 1113 2829
611 668 2027
516 862 2049
492 805 2001
441.75 1208 2726
464.75 723 1952
312 578 1124
429 789 1926
312 614 1150
563 543 1631
700 895 2829
797.75 1201 3545
421 929 2404
771 927 3149
773 806 2743
833 705 2075
827 883 2829
729 724 2347
290 645 1150
589 640 1952
389 814 1631
389 884 2356
780 1143 3478
517 1134 3158
518 983 2433
389 840 2027
598 986 2762
517 1090 2829
572 759 1960
533 788 2272
817 1056 3158
700 1189 3519
429 874 2322
558.75 1419 3528
697 898 2829
535 667 1866
480.75 1157 3158
518 1117 3199
810 1097 3161
492 890 2397
684 938 2724
448 1134 2726
631 1063 3038
576 1384 3528
662.75 1418 3874
680 1414 3874
680 1370 3545
702 1068 3113
610 1327 3528
1018 1256 3874
700 1274 3915
858 1119 3545
396.5 1090 2397
620 876 2668
910 1272 3874
859 1036 3545
1044 1474 4244
1035 1258 3915
517 1064 2433
739 1664 4244
998 1260 3874
760.75 1608 4244
429 825 1952
687.5 1620 3915
1022 1248 3874
605 1078 2829
839 1478 4244
662.75 1374 3545


312 578 1124
313 297 754
405 495 1198
277 219 0
257 304 0
492 805 2001
277 245 396
572 592 1679
512 459 1198
293 609 877
620 717 2075
353 422 1150
312 614 1150
598 491 1273
266 429 396
464.75 723 1952
274 346 802
351 527 1556
572 759 1960
533 788 2272
589 640 1952
610 723 1989
293 679 1602
257 348 329
429 789 1926
833 705 2075
293 635 1273
611 668 2027
426 687 1679
563 543 1631
598 986 2762
389 884 2356
729 724 2347
481 672 1952
290 645 1150
700 895 2829
535 667 1866
697 898 2829
589 770 2433
266 473 725
429 874 2322
771 927 3149
492 890 2397
780 1143 3478
389 840 2027
680 1414 3874
518 1117 3199
312 663 1520
631 1063 3038
517 1134 3158
502 781 2008
684 938 2724
517 1090 2829
429 825 1952
773 806 2743
421 929 2404
827 883 2829
516 862 2049
518 1032 2803
576 1384 3528
702 1068 3113
448 1134 2726
700 1189 3519
518 983 2433
389 814 1631
1195 1467 4244
782 855 2791
1035 1258 3915
853 1525 4244
518 1068 2829
680 1370 3545
517 1064 2433
910 1272 3874
859 1036 3545
760.75 1608 4244
1018 1256 3874
700 1225 3545
662.75 1418 3874
558.75 1419 3528
480.75 1157 3158
858 1119 3545
700 1274 3915
969 1522 4244
620 876 2668
1044 1474 4244
441.75 1208 2726
998 1260 3874
1022 1248 3874
658 1071 3113
480.75 1113 2829
792 1588 4244
662.75 1374 3545
687.5 1620 3915
739 1664 4244
396.5 1090 2397
817 1056 3158
610 1327 3528
797.75 1201 3545


313 297 754
426 687 1679
277 219 0
405 495 1198
257 348 329
277 245 396
274 346 802
257 304 0
312 614 1150
572 592 1679
502 781 2008
266 429 396
353 422 1150
589 770 2433
266 473 725
563 543 1631
817 1056 3158
729 724 2347
516 862 2049
598 491 1273
771 927 3149
351 527 1556
312 663 1520
827 883 2829
773 806 2743
533 788 2272
312 578 1124
572 759 1960
421 929 2404
697 898 2829
598 986 2762
481 672 1952
389 884 2356
782 855 2791
293 635 1273
429 789 1926
293 679 1602
620 717 2075
611 668 2027
492 805 2001
290 645 1150
700 895 2829
512 459 1198
833 705 2075
535 667 1866
788.667 1091 3158
293 609 877
441.75 1208 2726
389 840 2027
780 1143 3478
684 938 2724
589 640 1952
700 1189 3519
517 1134 3158
464.75 723 1952
620 876 2668
858 1119 3545
518 1032 2803
859 1036 3545
389 814 1631
429 874 2322
610 723 1989
702 1068 3113
492 890 2397
480.75 1113 2829
518 983 2433
517 1090 2829
631 1063 3038
480.75 1157 3158
810 1097 3161
998 1260 3874
700 1274 3915
680 1414 3874
518 1117 3199
1018 1256 3874
910 1272 3874
651 1336 3528
1035 1258 3915
680 1370 3545
1044 1474 4244
576 1384 3528
448 1134 2726
700 1225 3545
429 825 1952
518 1068 2829
377.25 1122 1840
1022 1248 3874
739 1664 4244
797.75 1201 3545
396.5 1090 2397
839 1478 4244
517 1064 2433


277 245 396
516 862 2049
257 304 0
589 770 2433
257 348 329
313 297 754
277 219 0
351 527 1556
512 459 1198
833 705 2075
426 687 1679
620 717 2075
274 346 802
598 491 1273
266 473 725
572 592 1679
405 495 1198
266 429 396
353 422 1150
293 635 1273
782 855 2791
563 543 1631
610 723 1989
293 679 1602
312 614 1150
293 609 877
611 668 2027
827 883 2829
502 781 2008
290 645 1150
598 986 2762
700 895 2829
589 640 1952
572 759 1960
312 578 1124
492 805 2001
729 724 2347
389 884 2356
481 672 1952
518 1032 2803
421 929 2404
771 927 3149
684 938 2724
429 789 1926
535 667 1866
773 806 2743
702 1068 3113
858 1119 3545
533 788 2272
441.75 1208 2726
389 814 1631
517 1090 2829
700 1189 3519
389 840 2027
518 983 2433
810 1097 3161
780 1143 3478
517 1134 3158
620 876 2668
840 1091 3158
859 1036 3545
448 1134 2726
697 898 2829
464.75 723 1952
312 663 1520
492 890 2397
429 874 2322
518 1117 3199
396.5 1090 2397
631 1063 3038
429 825 1952
680 1370 3545
518 1068 2829
517 1064 2433
1022 1248 3874
700 1274 3915
700 1225 3545
680 1414 3874
839 1478 4244
657 1321 3528
658 1071 3113
910 1272 3874
739 1664 4244
576 1384 3528
687.5 1620 3915
377.25 1122 1840
760.75 1608 4244
662.75 1418 3874
480.75 1157 3158
1044 1474 4244
651 1336 3528
998 1260 3874
480.75 1113 2829


257 348 329
313 297 754
277 219 0
257 304 0
512 459 1198
351 527 1556
277 245 396
274 346 802
266 473 725
312 614 1150
426 687 1679
502 781 2008
405 495 1198
266 429 396
516 862 2049
353 422 1150
620 717 2075
833 705 2075
481 672 1952
598 491 1273
563 543 1631
429 789 1926
312 578 1124
492 890 2397
492 805 2001
572 592 1679
290 645 1150
464.75 723 1952
533 788 2272
589 640 1952
293 679 1602
611 668 2027
312 663 1520
535 667 1866
293 635 1273
589 770 2433
697 898 2829
293 609 877
572 759 1960
389 884 2356
771 927 3149
598 986 2762
684 938 2724
729 724 2347
620 876 2668
448 1134 2726
429 874 2322
421 929 2404
780 1143 3478
610 723 1989
518 1117 3199
518 1032 2803
700 895 2829
782 855 2791
773 806 2743
827 883 2829
389 814 1631
389 840 2027
700 1189 3519
517 1090 2829
859 1036 3545
517 1134 3158
631 1063 3038
702 1068 3113
858 1119 3545
429 825 1952
817 1056 3158
518 1068 2829
518 983 2433
396.5 1090 2397
910 1272 3874
1018 1256 3874
576 1384 3528
810 1097 3161
480.75 1157 3158
1044 1474 4244
651 1336 3528
680 1414 3874
1035 1258 3915
658 1071 3113
700 1274 3915
839 1478 4244
998 1260 3874
700 1225 3545
657 1321 3528


277 219 0
277 245 396
257 348 329
572 592 1679
266 473 725
274 346 802
257 304 0
598 491 1273
313 297 754
429 789 1926
782 855 2791
351 527 1556
312 614 1150
312 578 1124
266 429 396
293 679 1602
512 459 1198
353 422 1150
293 635 1273
290 645 1150
518 983 2433
610 723 1989
426 687 1679
405 495 1198
312 663 1520
481 672 1952
533 788 2272
502 781 2008
589 770 2433
518 1032 2803
611 668 2027
729 724 2347
620 717 2075
429 825 1952
833 705 2075
684 938 2724
492 805 2001
771 927 3149
700 895 2829
563 543 1631
589 640 1952
535 667 1866
700 1189 3519
516 862 2049
421 929 2404
518 1068 2829
448 1134 2726
429 874 2322
598 986 2762
572 759 1960
389 884 2356
773 806 2743
810 1097 3161
464.75 723 1952
780 1143 3478
492 890 2397
631 1063 3038
518 1117 3199
620 876 2668
697 898 2829
293 609 877
389 814 1631
517 1064 2433
389 840 2027
840 1091 3158
827 883 2829
517 1090 2829
680 1370 3545
517 1134 3158
680 1414 3874
859 1036 3545
702 1068 3113
739 1664 4244
687.5 1620 3915
396.5 1090 2397
858 1119 3545
576 1384 3528
700 1274 3915
657 1321 3528
839 1478 4244
700 1225 3545
910 1272 3874
1022 1248 3874
377.25 1122 1840
998 1260 3874


277 245 396
351 527 1556
313 297 754
257 348 329
257 304 0
277 219 0
274 346 802
312 578 1124
572 759 1960
266 429 396
589 770 2433
266 473 725
563 543 1631
426 687 1679
611 668 2027
729 724 2347
598 491 1273
293 609 877
492 805 2001
533 788 2272
312 663 1520
293 635 1273
353 422 1150
598 986 2762
535 667 1866
833 705 2075
512 459 1198
610 723 1989
572 592 1679
389 884 2356
429 789 1926
405 495 1198
620 717 2075
492 890 2397
481 672 1952
448 1134 2726
589 640 1952
700 1189 3519
312 614 1150
780 1143 3478
517 1134 3158
518 1117 3199
429 874 2322
429 825 1952
684 938 2724
771 927 3149
293 679 1602
502 781 2008
389 814 1631
389 840 2027
290 645 1150
464.75 723 1952
700 895 2829
518 1068 2829
782 855 2791
631 1063 3038
697 898 2829
518 1032 2803
421 929 2404
516 862 2049
773 806 2743
517 1090 2829
680 1370 3545
658 1071 3113
620 876 2668
480.75 1113 2829
827 883 2829
517 1064 2433
657 1321 3528
480.75 1157 3158
700 1274 3915
1018 1256 3874
858 1119 3545
702 1068 3113
910 1272 3874
396.5 1090 2397
700 1225 3545
680 1414 3874
687.5 1620 3915
859 1036 3545
662.75 1374 3545
810 1097 3161
518 983 2433
1022 1248 3874
998 1260 3874
838 1668 4244
377.25 1122 1840
651 1336 3528
839 1478 4244
817 1056 3158
576 1384 3528


274 346 802
610 723 1989
277 219 0
313 297 754
266 429 396
257 348 329
257 304 0
312 614 1150
277 245 396
312 578 1124
353 422 1150
572 592 1679
563 543 1631
293 679 1602
426 687 1679
290 645 1150
598 491 1273
492 805 2001
293 635 1273
620 717 2075
464.75 723 1952
266 473 725
611 668 2027
351 527 1556
429 789 1926
312 663 1520
589 640 1952
481 672 1952
512 459 1198
572 759 1960
502 781 2008
421 929 2404
518 1032 2803
589 770 2433
389 884 2356
782 855 2791
771 927 3149
405 495 1198
492 890 2397
533 788 2272
833 705 2075
429 874 2322
684 938 2724
535 667 1866
518 1117 3199
702 1068 3113
631 1063 3038
729 724 2347
429 825 1952
697 898 2829
700 1189 3519
773 806 2743
620 876 2668
598 986 2762
293 609 877
700 895 2829
780 1143 3478
518 1068 2829
517 1134 3158
389 814 1631
827 883 2829
517 1090 2829
389 840 2027
858 1119 3545
836 1099 3158
859 1036 3545
680 1370 3545
448 1134 2726
910 1272 3874
576 1384 3528
396.5 1090 2397
1018 1256 3874
517 1064 2433
998 1260 3874
680 1414 3874
651 1336 3528
700 1274 3915
518 983 2433
1022 1248 3874
840 1091 3158
377.25 1122 1840
516 862 2049
739 1664 4244
839 1478 4244
657 1321 3528
700 1225 3545
480.75 1113 2829


274 346 802
277 245 396
257 304 0
277 219 0
313 297 754
512 459 1198
563 543 1631
257 348 329
492 805 2001
351 527 1556
312 578 1124
833 705 2075
426 687 1679
771 927 3149
810 1097 3161
535 667 1866
773 806 2743
611 668 2027
729 724 2347
598 491 1273
533 788 2272
481 672 1952
589 770 2433
266 473 725
353 422 1150
293 679 1602
429 789 1926
405 495 1198
780 1143 3478
610 723 1989
518 983 2433
421 929 2404
266 429 396
700 1225 3545
631 1063 3038
572 759 1960
492 890 2397
518 1068 2829
598 986 2762
312 614 1150
429 874 2322
429 825 1952
389 884 2356
700 895 2829
312 663 1520
293 635 1273
518 1032 2803
518 1117 3199
657 1321 3528
697 898 2829
572 592 1679
620 717 2075
502 781 2008
377.25 1122 1840
684 938 2724
516 862 2049
290 645 1150
293 609 877
589 640 1952
700 1189 3519
702 1068 3113
620 876 2668
517 1090 2829
389 840 2027
517 1134 3158
680 1414 3874
782 855 2791
558.75 1419 3528
480.75 1157 3158
859 1036 3545
662.75 1418 3874
827 883 2829
910 1272 3874
389 814 1631
700 1274 3915
448 1134 2726
464.75 723 1952
858 1119 3545
610 1327 3528
680 1370 3545
480.75 1113 2829
396.5 1090 2397
441.75 1208 2726
1022 1248 3874
739 1664 4244
1018 1256 3874
687.5 1620 3915
517 1064 2433
658 1071 3113
760.75 1608 4244
576 1384 3528
998 1260 3874
839 1478 4244
817 1056 3158


277 219 0
257 348 329
312 578 1124
274 346 802
277 245 396
266 429 396
313 297 754
405 495 1198
257 304 0
502 781 2008
563 543 1631
351 527 1556
598 491 1273
293 679 1602
492 805 2001
492 890 2397
611 668 2027
426 687 1679
572 592 1679
266 473 725
312 663 1520
293 609 877
464.75 723 1952
620 717 2075
353 422 1150
293 635 1273
684 938 2724
700 895 2829
512 459 1198
518 1032 2803
481 672 1952
833 705 2075
429 789 1926
610 723 1989
589 770 2433
535 667 1866
312 614 1150
429 825 1952
773 806 2743
290 645 1150
533 788 2272
518 1068 2829
429 874 2322
771 927 3149
700 1225 3545
729 724 2347
810 1097 3161
589 640 1952
700 1189 3519
572 759 1960
518 1117 3199
421 929 2404
631 1063 3038
518 983 2433
700 1274 3915
658 1071 3113
516 862 2049
827 883 2829
389 814 1631
598 986 2762
389 840 2027
620 876 2668
389 884 2356
517 1134 3158
780 1143 3478
782 855 2791
517 1064 2433
680 1414 3874
517 1090 2829
702 1068 3113
910 1272 3874
680 1370 3545
600 1398 3367
858 1119 3545
1018 1256 3874
859 1036 3545
838 1668 4244
697 898 2829
657 1321 3528
839 1478 4244
797.75 1201 3545
662.75 1418 3874
480.75 1157 3158
480.75 1113 2829
448 1134 2726
817 1056 3158


277 219 0
257 304 0
313 297 754
277 245 396
257 348 329
426 687 1679
274 346 802
492 805 2001
572 592 1679
266 429 396
351 527 1556
620 717 2075
833 705 2075
598 491 1273
312 578 1124
405 495 1198
512 459 1198
563 543 1631
429 789 1926
533 788 2272
611 668 2027
353 422 1150
518 1032 2803
266 473 725
464.75 723 1952
827 883 2829
290 645 1150
448 1134 2726
589 640 1952
729 724 2347
589 770 2433
389 884 2356
293 635 1273
610 723 1989
421 929 2404
293 679 1602
481 672 1952
771 927 3149
620 876 2668
535 667 1866
389 840 2027
817 1056 3158
697 898 2829
396.5 1090 2397
502 781 2008
572 759 1960
293 609 877
576 1384 3528
517 1090 2829
810 1588 4244
773 806 2743
312 663 1520
492 890 2397
312 614 1150
631 1063 3038
480.75 1113 2829
429 874 2322
702 1068 3113
700 895 2829
700 1189 3519
1035 1258 3915
518 983 2433
389 814 1631
516 862 2049
1018 1256 3874
429 825 1952
858 1119 3545
780 1143 3478
782 855 2791
998 1260 3874
910 1272 3874
859 1036 3545
598 986 2762
651 1336 3528
517 1134 3158
684 938 2724
517 1064 2433
700 1274 3915
518 1117 3199
377.25 1122 1840
700 1225 3545
680 1414 3874
518 1068 2829
480.75 1157 3158
797.75 1201 3545
680 1370 3545
839 1478 4244
1022 1248 3874
657 1321 3528
1044 1474 4244
658 1071 3113


277 219 0
257 348 329
274 346 802
257 304 0
572 592 1679
277 245 396
313 297 754
312 578 1124
266 429 396
293 679 1602
293 609 877
771 927 3149
464.75 723 1952
502 781 2008
729 724 2347
512 459 1198
426 687 1679
353 422 1150
266 473 725
620 717 2075
405 495 1198
589 770 2433
598 491 1273
429 789 1926
293 635 1273
563 543 1631
312 663 1520
684 938 2724
351 527 1556
516 862 2049
481 672 1952
389 814 1631
827 883 2829
589 640 1952
389 840 2027
518 1032 2803
833 705 2075
492 805 2001
611 668 2027
480.75 1113 2829
421 929 2404
389 884 2356
598 986 2762
572 759 1960
533 788 2272
780 1143 3478
610 723 1989
535 667 1866
429 874 2322
773 806 2743
492 890 2397
700 895 2829
517 1064 2433
312 614 1150
700 1189 3519
448 1134 2726
290 645 1150
518 983 2433
517 1090 2829
517 1134 3158
697 898 2829
702 1068 3113
782 855 2791
858 1119 3545
518 1068 2829
518 1117 3199
429 825 1952
620 876 2668
700 1274 3915
631 1063 3038
859 1036 3545
680 1370 3545
576 1384 3528
396.5 1090 2397
700 1225 3545
658 1071 3113
998 1260 3874
1018 1256 3874
680 1414 3874
480.75 1157 3158
910 1272 3874
969 1522 4244
801 1651 4244
853 1525 4244
1022 1248 3874
1044 1474 4244
651 1336 3528
739 1664 4244
817 1056 3158
1035 1258 3915
797.75 1201 3545
657 1321 3528


257 348 329
277 245 396
351 527 1556
426 687 1679
274 346 802
277 219 0
257 304 0
572 592 1679
405 495 1198
353 422 1150
598 491 1273
620 717 2075
833 705 2075
512 459 1198
464.75 723 1952
266 473 725
313 297 754
290 645 1150
312 578 1124
266 429 396
563 543 1631
481 672 1952
518 1032 2803
429 789 1926
589 770 2433
502 781 2008
598 986 2762
441.75 1208 2726
611 668 2027
610 723 1989
421 929 2404
293 679 1602
684 938 2724
535 667 1866
810 1097 3161
572 759 1960
729 724 2347
797.75 1201 3545
771 927 3149
389 884 2356
492 805 2001
293 609 877
293 635 1273
533 788 2272
589 640 1952
312 614 1150
700 895 2829
782 855 2791
312 663 1520
697 898 2829
480.75 1157 3158
492 890 2397
827 883 2829
700 1189 3519
780 1143 3478
429 874 2322
389 814 1631
631 1063 3038
389 840 2027
518 1117 3199
773 806 2743
600 1398 3367
517 1134 3158
518 983 2433
702 1068 3113
620 876 2668
558.75 1419 3528
517 1090 2829
429 825 1952
662.75 1418 3874
858 1119 3545
448 1134 2726
998 1260 3874
1044 1474 4244
1018 1256 3874
910 1272 3874
680 1414 3874
657 1321 3528
680 1370 3545
1035 1258 3915
859 1036 3545
517 1064 2433
610 1327 3528
480.75 1113 2829
700 1274 3915
760.75 1608 4244
516 862 2049
396.5 1090 2397
518 1068 2829
839 1478 4244
700 1225 3545
1022 1248 3874
840 1091 3158
792 1588 4244


257 304 0
572 592 1679
277 245 396
313 297 754
274 346 802
257 348 329
535 667 1866
266 473 725
277 219 0
481 672 1952
266 429 396
512 459 1198
429 789 1926
610 723 1989
426 687 1679
700 895 2829
729 724 2347
697 898 2829
598 491 1273
421 929 2404
589 770 2433
405 495 1198
773 806 2743
353 422 1150
290 645 1150
771 927 3149
492 805 2001
502 781 2008
293 679 1602
563 543 1631
611 668 2027
827 883 2829
312 578 1124
833 705 2075
429 874 2322
293 609 877
518 1032 2803
620 717 2075
293 635 1273
684 938 2724
589 640 1952
533 788 2272
780 1143 3478
572 759 1960
351 527 1556
518 983 2433
492 890 2397
312 663 1520
658 1071 3113
518 1117 3199
312 614 1150
598 986 2762
389 884 2356
700 1189 3519
631 1063 3038
517 1134 3158
700 1274 3915
620 876 2668
429 825 1952
518 1068 2829
389 840 2027
858 1119 3545
859 1036 3545
702 1068 3113
517 1090 2829
782 855 2791
700 1225 3545
910 1272 3874
389 814 1631
464.75 723 1952
1018 1256 3874
680 1414 3874
998 1260 3874
651 1336 3528
517 1064 2433
680 1370 3545
448 1134 2726
576 1384 3528
657 1321 3528
377.25 1122 1840
797.75 1201 3545
396.5 1090 2397
480.75 1113 2829
516 862 2049
480.75 1157 3158
739 1664 4244
840 1091 3158
839 1478 4244
810 1097 3161
1022 1248 3874


