886 1036 3940
507 1018 3860
713 1010 3865
919 737 3031
886 978 3865
461.5 1075 3940
1048 960 3790
636.5 1224 4624
1251 1105 4138
614.5 784 3052
562.75 1301 4288
710 861 3181
1381 1365 4972
633.75 990 3379
729 1171 4624
397.5 952 3181
748.75 1508 4972
500 748 2417
915.5 963 3854
744 839 3170
1086 1025 3940
413.25 1106 3529
686 1037 3940
1192 1416 4972
731.5 980 3860
458.75 1049 3449
709 624 2267
510 862 3181
502 856 3052
387.5 838 2417
619.5 773 3052
801 808 3170
568 664 2411
1180 1436 4972
555.5 805 3101
1153.5 1437 4972
625 633 2411
803.5 958 3400
706 619 1796
788 592 2218
443 895 3101
385 488 1443
871 1444 4972
564.75 1224 4159
467.5 794 2411
1232 1145 4138
349.5 803 2406
743 596 2282
515 466 1032
709 611 2218
398 491 1647
347 688 2368
516 454 1518
285.5 680 1647
553 659 2331
392.5 631 2288
337 574 1604
522 434 1448
536 627 2282
546 450 1454
359 273 684
234 410 759
269 328 0
234 375 0
359 253 0
235 416 834
554 471 1577
403 337 764
269 349 813


800.5 1342 4624
801 808 3170
461.5 1075 3940
687.5 999 3811
413.25 1106 3529
665 1030 3865
1070.25 1456 4972
744 839 3170
958.5 1122 4624
920.75 1516 4972
788.25 1616 4624
507 1018 3860
1199 1437 4972
860 1567 4972
1238.25 1396 4972
1075 930 3379
782.5 947 3865
1453 1366 4972
886 1036 3940
889 1185 4624
686 1037 3940
463.75 1069 3449
731.5 980 3860
619.5 773 3052
718.75 1779 4624
968.5 1457 4972
510 862 3181
555.5 805 3101
502 856 3052
589.25 1281 4288
443 895 3101
500 748 2417
796 802 3090
710 861 3181
536 627 2282
709 611 2218
387.5 838 2417
553 659 2331
614.5 784 3052
743 596 2282
347 688 2368
709 624 2267
841 1205 4624
397.5 952 3181
398 491 1647
625 633 2411
554.75 1411 4288
788 592 2218
467.5 794 2411
349.5 803 2406
392.5 631 2288
522 434 1448
515 466 1032
706 619 1796
568 664 2411
285.5 680 1647
516 454 1518
546 450 1454
337 574 1604
235 416 834
919 737 3031
385 488 1443
554 471 1577
269 349 813
403 337 764
359 253 0
234 375 0
359 273 684
269 328 0
234 410 759


911.75 1606 4972
801 808 3170
670.75 1417 4288
650.5 1014 3854
1022 1507 4972
886 1036 3940
765.5 918 3865
443 895 3101
608.25 1244 4208
506.25 1153 3865
592.5 1128 3940
555.5 805 3101
1275.5 1397 4972
686 1037 3940
706.25 1202 4213
731.5 980 3860
941.5 1093 4624
1190.5 1436 4972
687.5 999 3811
774.25 1688 4624
990 899 3865
502 856 3052
919 737 3031
572.5 1101 3865
413.25 1106 3529
573.25 1388 3940
542 864 3127
676 923 3176
779.25 1397 4288
463.75 1069 3449
531.5 917 3170
796 802 3090
397.5 952 3181
744 839 3170
625 633 2411
709 611 2218
619.5 773 3052
614.5 784 3052
507 1018 3860
788 592 2218
500 748 2417
553 659 2331
710 861 3181
387.5 838 2417
467.5 794 2411
568 664 2411
392.5 631 2288
536 627 2282
706 619 1796
347 688 2368
792 1140 4624
743 596 2282
337 574 1604
516 454 1518
546 450 1454
398 491 1647
709 624 2267
349.5 803 2406
515 466 1032
522 434 1448
285.5 680 1647
235 416 834
554 471 1577
359 253 0
385 488 1443
403 337 764
234 410 759
234 375 0
269 349 813
359 273 684
269 328 0


507 1018 3860
1188 1164 4138
589.25 1281 4288
603.75 1182 4213
1069 1429 4972
461.5 1075 3940
502 856 3052
564.75 1224 4159
886 1036 3940
1388.5 1386 4972
1270 1141 4624
634.25 1436 4972
413.25 1106 3529
555.5 805 3101
570.25 1313 4213
731.5 980 3860
588.75 1203 4213
713 1010 3865
919 737 3031
744 839 3170
1281 1397 4972
397.5 952 3181
796 802 3090
443 895 3101
665 1048 3865
614.5 784 3052
765.5 918 3865
889 1185 4624
788 592 2218
553 659 2331
1213 1172 4624
510 862 3181
392.5 631 2288
536 627 2282
568 664 2411
1095 912 3790
387.5 838 2417
875.5 1361 4624
706 619 1796
743 596 2282
467.5 794 2411
710 861 3181
709 624 2267
349.5 803 2406
801 808 3170
709 611 2218
1190.5 1416 4972
500 748 2417
347 688 2368
625 633 2411
522 434 1448
337 574 1604
516 454 1518
619.5 773 3052
398 491 1647
554 471 1577
285.5 680 1647
385 488 1443
546 450 1454
515 466 1032
269 328 0
359 253 0
234 410 759
403 337 764
269 349 813
234 375 0
359 273 684
235 416 834


990 899 3865
803.5 958 3400
1046.5 1468 4972
728 1017 3865
1043.75 1476 4972
886 1036 3940
650.5 1014 3854
1086 1025 3940
1011.5 1495 4972
507 1018 3860
655.25 1433 4208
654 1000 3811
413.25 1106 3529
944 975 3529
919 737 3031
510 862 3181
851.5 1292 4213
716 820 3095
665 1030 3865
443 895 3101
1220 1416 4972
966 975 3854
784.25 1275 4138
562 842 3041
1168 1417 4972
397.5 952 3181
1166 1074 4624
502 856 3052
748.75 1508 4972
731.5 980 3860
801 808 3170
913 1252 4624
874 1232 4159
710 861 3181
619.5 773 3052
866.5 1240 4202
1068 1123 4213
721.25 1321 4213
1121 1249 4288
587.5 807 3047
933 966 3443
796 802 3090
614.5 784 3052
779.75 1329 4288
625 633 2411
788 592 2218
836.75 1487 4624
844.333 1478 4624
461.5 1075 3940
387.5 838 2417
568 664 2411
392.5 631 2288
553 659 2331
385 488 1443
709 624 2267
706 619 1796
743 596 2282
709 611 2218
744 839 3170
347 688 2368
285.5 680 1647
515 466 1032
536 627 2282
337 574 1604
621 852 3095
500 748 2417
546 450 1454
554 471 1577
467.5 794 2411
235 416 834
269 349 813
234 410 759
234 375 0
349.5 803 2406
398 491 1647
403 337 764
522 434 1448
516 454 1518
359 253 0
269 328 0
359 273 684


858 1345 4972
653.75 1367 4288
886 978 3865
814.5 949 3811
1271 1124 4138
803.5 958 3400
729 1171 4624
586.25 1361 4208
1023 944 3854
665 1048 3865
886 1036 3940
654 1000 3811
811.25 1417 4972
634.25 1436 4972
555.5 805 3101
801 808 3170
1211 1337 4972
676 923 3176
966 975 3854
461.5 1075 3940
564.75 1224 4159
703.25 1293 4213
919 737 3031
1281 1131 4213
706 619 1796
553 659 2331
625 633 2411
531.5 917 3170
614.5 784 3052
744 839 3170
502 856 3052
709 611 2218
710 861 3181
728 1017 3865
443 895 3101
500 748 2417
619.5 773 3052
542 864 3127
397.5 952 3181
796 802 3090
743 596 2282
568 664 2411
709 624 2267
507 1018 3860
650.5 1014 3854
536 627 2282
467.5 794 2411
392.5 631 2288
285.5 680 1647
347 688 2368
554 471 1577
349.5 803 2406
788 592 2218
398 491 1647
515 466 1032
516 454 1518
385 488 1443
387.5 838 2417
522 434 1448
359 273 684
359 253 0
269 349 813
234 410 759
235 416 834
546 450 1454
337 574 1604
403 337 764
234 375 0
269 328 0


779.75 1321 4213
473.75 1154 3865
728 1017 3865
703.25 1577 4624
892.75 1202 4213
1426 1396 4972
413.25 1106 3529
633.75 990 3379
747.25 1557 4624
654 1000 3811
927 1398 4972
800.25 1566 4972
886 1036 3940
723.75 1360 4288
776.75 1232 4159
458.75 1049 3449
592.5 1128 3940
626.5 1110 3860
960.5 1264 4624
765.5 918 3865
835.5 1343 4624
619.5 773 3052
985.5 1191 4624
731.5 980 3860
794 1222 4213
1086 1025 3940
744 839 3170
1095 912 3790
443 895 3101
710 861 3181
555.5 805 3101
536 627 2282
1173 1136 4138
801 808 3170
919 737 3031
510 862 3181
614.5 784 3052
788 592 2218
1151 1184 4208
709 624 2267
500 748 2417
397.5 952 3181
387.5 838 2417
554.75 1411 4288
665 1030 3865
796 802 3090
625 633 2411
904.5 1148 4202
720.75 1263 4159
568 664 2411
392.5 631 2288
743 596 2282
553 659 2331
502 856 3052
709 611 2218
385 488 1443
554 471 1577
398 491 1647
285.5 680 1647
337 574 1604
349.5 803 2406
522 434 1448
467.5 794 2411
516 454 1518
546 450 1454
515 466 1032
706 619 1796
347 688 2368
269 328 0
235 416 834
234 410 759
359 253 0
269 349 813
234 375 0
403 337 764
359 273 684


947.5 1182 4213
1095 912 3790
890.5 1456 4972
1086.5 1396 4972
463.75 1069 3449
729 1151 3940
765.5 918 3865
687.5 999 3811
875 1200 4202
984 1055 3940
507 1018 3860
774.75 1225 4138
682.5 1206 3940
744.25 1399 4288
600.25 1354 4208
650.5 1014 3854
728 1017 3865
721.25 1321 4213
919 737 3031
744 839 3170
555.5 805 3101
678.5 1049 3865
639.75 1244 4208
750.5 1123 3940
919.75 1444 4972
1232 1192 4624
1086 1025 3940
887 1115 3940
731.5 980 3860
999 1036 3940
796 802 3090
614.5 784 3052
594 1159 3865
443 895 3101
789.5 1271 4624
776.75 1232 4159
801 808 3170
700.5 1489 4288
710 861 3181
923 1193 4624
709 611 2218
619.5 773 3052
502 856 3052
553 659 2331
387.5 838 2417
510 862 3181
788 592 2218
743 596 2282
536 627 2282
349.5 803 2406
397.5 952 3181
392.5 631 2288
467.5 794 2411
515 466 1032
337 574 1604
500 748 2417
625 633 2411
546 450 1454
516 454 1518
398 491 1647
385 488 1443
347 688 2368
522 434 1448
706 619 1796
709 624 2267
554 471 1577
568 664 2411
269 328 0
234 375 0
234 410 759
403 337 764
285.5 680 1647
359 273 684
235 416 834
269 349 813
359 253 0


507 1018 3860
997 961 3379
1165 1396 4972
744 839 3170
886 978 3865
614.5 784 3052
867.5 1444 4972
665 1048 3865
686 1037 3940
555.5 805 3101
1307 1346 4972
572.5 1101 3865
443 895 3101
658.5 1517 4624
800.75 1606 4972
617.5 1186 3940
1159 960 3790
556.25 1264 4159
792 1140 4624
713 1010 3865
731.5 980 3860
633.25 1379 4288
413.25 1106 3529
796 802 3090
633.75 990 3379
919 737 3031
709 611 2218
568 664 2411
703.25 1332 4213
710 861 3181
933 966 3443
743 596 2282
349.5 803 2406
619.5 773 3052
392.5 631 2288
463.75 1069 3449
502 856 3052
958.5 1122 4624
654 1000 3811
709 624 2267
553 659 2331
785.5 1293 4213
510 862 3181
397.5 952 3181
788 592 2218
500 748 2417
347 688 2368
398 491 1647
706 619 1796
801 808 3170
467.5 794 2411
536 627 2282
625 633 2411
554 471 1577
843 979 3368
546 450 1454
285.5 680 1647
516 454 1518
385 488 1443
337 574 1604
522 434 1448
387.5 838 2417
269 328 0
515 466 1032
359 253 0
234 375 0
269 349 813
403 337 764
234 410 759
235 416 834
359 273 684


841 1205 4624
909 1173 4624
800.75 1547 4972
665 1030 3865
1153 1152 4624
919 737 3031
413.25 1106 3529
1394 1306 4972
765.5 918 3865
886 1036 3940
1095 912 3790
686 1037 3940
776.75 1232 4159
562.75 1301 4288
744 839 3170
443 895 3101
713 1010 3865
502 856 3052
1142.5 1358 4972
788 592 2218
510 862 3181
555.5 805 3101
536 627 2282
1173 1136 4138
801 808 3170
507 1018 3860
500 748 2417
554.75 1411 4288
706 619 1796
790.25 1211 4213
397.5 952 3181
463.75 1069 3449
619.5 773 3052
835.25 1386 4972
614.5 784 3052
743 596 2282
461.5 1075 3940
625 633 2411
467.5 794 2411
709 611 2218
731.25 1446 4624
349.5 803 2406
553 659 2331
392.5 631 2288
522 434 1448
710 861 3181
387.5 838 2417
347 688 2368
398 491 1647
285.5 680 1647
554 471 1577
269 328 0
516 454 1518
359 253 0
515 466 1032
546 450 1454
385 488 1443
234 375 0
709 624 2267
235 416 834
337 574 1604
269 349 813
403 337 764
1082 1169 4202
568 664 2411
234 410 759
359 273 684


1120.25 1436 4972
633.75 990 3379
612.5 1106 3854
556.25 1264 4159
690.75 1211 4213
650.5 1014 3854
614.75 1383 4213
387.5 838 2417
1029.75 1457 4972
594 1159 3865
919.75 1496 4972
1197 1397 4972
878.75 1737 4972
653.75 1367 4288
458.75 1049 3449
686 1037 3940
718 1304 4624
1117 1437 4972
397.5 952 3181
729 1171 4624
502 856 3052
999 1036 3940
796 802 3090
713 1010 3865
1281 1131 4213
619.5 773 3052
710 861 3181
744 839 3170
443 895 3101
801 808 3170
413.25 1106 3529
555.5 805 3101
1082 1169 4202
349.5 803 2406
536 627 2282
614.5 784 3052
392.5 631 2288
788 592 2218
743 596 2282
347 688 2368
709 624 2267
500 748 2417
625 633 2411
515 466 1032
553 659 2331
765.5 918 3865
285.5 680 1647
554 471 1577
516 454 1518
522 434 1448
398 491 1647
510 862 3181
546 450 1454
568 664 2411
385 488 1443
919 737 3031
337 574 1604
467.5 794 2411
234 375 0
235 416 834
709 611 2218
359 253 0
269 328 0
269 349 813
706 619 1796
403 337 764
359 273 684
234 410 759


806.25 1309 4288
731.5 980 3860
1170 1185 4208
858.75 1467 4624
507 1018 3860
989 1044 3940
678.5 1049 3865
650.5 1014 3854
856.75 1518 4624
1080 1204 4208
714.25 1424 4288
687.5 999 3811
1080 1231 4624
779.75 1329 4288
801 808 3170
993.5 1302 4624
903 1065 3940
608.25 1244 4208
919 737 3031
1125 1201 4624
869.25 1466 4624
555.5 805 3101
1034 1260 4624
744 839 3170
1240.5 1345 4972
945 1281 4288
796 802 3090
935.5 1397 4972
782.5 947 3865
397.5 952 3181
614.5 784 3052
1031 1253 4213
443 895 3101
461.5 1075 3940
1091 1221 4213
709 611 2218
553 659 2331
502 856 3052
710 861 3181
713 1010 3865
392.5 631 2288
467.5 794 2411
709 624 2267
349.5 803 2406
500 748 2417
1002 1262 4213
387.5 838 2417
510 862 3181
788 592 2218
698.25 1312 4213
536 627 2282
924.5 1457 4972
285.5 680 1647
522 434 1448
516 454 1518
706 619 1796
619.5 773 3052
625 633 2411
337 574 1604
876.5 1434 4624
385 488 1443
515 466 1032
568 664 2411
546 450 1454
359 253 0
743 596 2282
269 349 813
347 688 2368
398 491 1647
235 416 834
359 273 684
234 410 759
554 471 1577
403 337 764
269 328 0
234 375 0


886 1036 3940
507 1018 3860
1106 1268 4288
861.75 1337 4624
1086 1025 3940
665 1030 3865
964 1202 4213
796 802 3090
1394 1358 4972
781.75 1252 4159
615.25 1488 4972
413.25 1106 3529
814.5 949 3811
556.25 1264 4159
983 979 3860
803.5 958 3400
946.25 1436 4972
744 839 3170
1210 1121 4624
589.25 1281 4288
759.5 1015 3438
1095 912 3790
716 820 3095
589.25 1252 3940
587.5 807 3047
1048 1322 4624
757.25 1001 3379
842.5 980 3860
710 861 3181
619.5 773 3052
614.5 784 3052
625 633 2411
686 1037 3940
706 619 1796
919 737 3031
673.5 1114 3940
397.5 952 3181
743 596 2282
801 808 3170
915.5 963 3854
709 624 2267
630.5 841 3090
1178 1283 4624
949 1029 3865
387.5 838 2417
890 1259 4202
500 748 2417
893 1254 4213
502 856 3052
467.5 794 2411
788 592 2218
621 852 3095
285.5 680 1647
347 688 2368
562 842 3041
510 862 3181
568 664 2411
709 611 2218
392.5 631 2288
553 659 2331
398 491 1647
443 895 3101
554 471 1577
516 454 1518
349.5 803 2406
337 574 1604
536 627 2282
515 466 1032
234 375 0
385 488 1443
522 434 1448
546 450 1454
269 349 813
234 410 759
403 337 764
269 328 0
359 273 684
235 416 834
359 253 0


765.5 918 3865
697 1032 3811
509.75 1236 3529
568.25 1245 3865
750.5 1123 3940
1210 1121 4624
1397 1327 4972
796 802 3090
866 1095 3940
1302 1417 4972
717.75 1440 4624
647.75 1048 3400
608.75 1202 4213
473.75 1154 3443
443 895 3101
504.25 1147 3475
614.5 784 3052
638 1071 3860
612.5 1106 3854
510 862 3181
555.5 805 3101
1114 1142 4213
801 808 3170
716.75 1490 4288
742.5 1172 4624
731.5 980 3860
1160.5 1424 4972
710 861 3181
678.5 1049 3865
744 839 3170
592.5 1128 3940
743 596 2282
713 1010 3865
349.5 803 2406
919 737 3031
467.5 794 2411
788 592 2218
706 619 1796
397.5 952 3181
776.75 1547 4972
625 633 2411
347 688 2368
553 659 2331
709 624 2267
619.5 773 3052
500 748 2417
568 664 2411
1095 912 3790
546 450 1454
387.5 838 2417
502 856 3052
536 627 2282
285.5 680 1647
392.5 631 2288
337 574 1604
1029.25 1546 4972
398 491 1647
709 611 2218
516 454 1518
522 434 1448
385 488 1443
269 328 0
403 337 764
234 410 759
269 349 813
235 416 834
234 375 0
554 471 1577
359 273 684
359 253 0
515 466 1032


633.75 990 3379
670.75 1369 3940
1140 1377 4972
1166 1162 4213
744.25 1399 4288
662.75 1498 4624
782.5 947 3865
673.5 1114 3940
1017.5 1406 4972
526.5 1126 3529
1173 1153 4624
473.75 1154 3865
443 895 3101
687.5 999 3811
861.75 1337 4624
599 1129 3811
773.5 1068 3865
619.5 773 3052
458.75 1049 3449
804.75 1476 4972
801 808 3170
797 1037 3940
1145 1182 4213
614.5 784 3052
710 861 3181
919 737 3031
510 862 3181
706.5 1066 3854
626.5 1110 3860
397.5 952 3181
709 611 2218
654 1000 3811
555.5 805 3101
349.5 803 2406
889 1185 4624
500 748 2417
612.5 1106 3854
347 688 2368
392.5 631 2288
536 627 2282
788 592 2218
685.75 1191 4213
387.5 838 2417
1095 912 3790
625 633 2411
709 624 2267
467.5 794 2411
546 450 1454
568 664 2411
502 856 3052
744 839 3170
516 454 1518
337 574 1604
398 491 1647
554 471 1577
285.5 680 1647
515 466 1032
706 619 1796
553 659 2331
743 596 2282
522 434 1448
385 488 1443
234 410 759
234 375 0
359 253 0
269 349 813
235 416 834
403 337 764
359 273 684
269 328 0


890.5 1456 4972
999.5 1191 4624
626.5 1110 3860
1108.75 1385 4972
892.75 1202 4213
633.75 990 3379
686 1037 3940
636.5 1224 4624
548.25 1125 3529
1035 1162 4213
1271 1124 4138
556.25 1264 4159
999 1036 3940
619.5 773 3052
1323 1338 4972
443 895 3101
530.25 1049 3400
1297 1173 4624
801 808 3170
744 839 3170
710 861 3181
796 802 3090
568 664 2411
678.5 1049 3865
473.75 1154 3865
706 619 1796
502 856 3052
765.5 918 3865
555.5 805 3101
349.5 803 2406
709 624 2267
959 1212 4624
1114 1142 4213
500 748 2417
510 862 3181
625 633 2411
919 737 3031
553 659 2331
347 688 2368
614.5 784 3052
387.5 838 2417
285.5 680 1647
743 596 2282
397.5 952 3181
788 592 2218
592.5 1128 3940
467.5 794 2411
536 627 2282
392.5 631 2288
709 611 2218
337 574 1604
554 471 1577
522 434 1448
516 454 1518
398 491 1647
515 466 1032
385 488 1443
234 375 0
235 416 834
269 349 813
234 410 759
269 328 0
359 273 684
403 337 764
546 450 1454
359 253 0


615.25 1274 4213
461.5 1075 3940
614.5 784 3052
843.25 1607 4972
683.5 1296 4624
1323 1338 4972
885.25 1476 4972
923 1193 4624
801 808 3170
814.5 1264 4624
1195 1172 4624
1075 930 3379
510 862 3181
507 1018 3860
1023 944 3854
710 861 3181
458.75 1049 3449
633.75 990 3379
1296.5 1404 4972
788 592 2218
1205 1164 4138
686 1037 3940
619.5 773 3052
1062 1417 4972
555.5 805 3101
848.5 1263 4624
392.5 631 2288
796 802 3090
782.5 947 3865
654 1000 3811
502 856 3052
744 839 3170
919 737 3031
709 624 2267
615.25 1459 4624
467.5 794 2411
397.5 952 3181
743 596 2282
443 895 3101
709 611 2218
706 619 1796
387.5 838 2417
625 633 2411
349.5 803 2406
500 748 2417
553 659 2331
347 688 2368
1062 938 3400
536 627 2282
398 491 1647
568 664 2411
385 488 1443
285.5 680 1647
522 434 1448
515 466 1032
546 450 1454
554 471 1577
337 574 1604
516 454 1518
403 337 764
269 349 813
234 410 759
269 328 0
235 416 834
234 375 0
359 253 0
359 273 684


1159 960 3790
1000 1160 4202
824 985 3443
777.75 1625 4972
865 1029 3865
769.75 1242 4213
1302 1417 4972
982 978 3865
953.5 1587 4972
672.75 1294 4213
1120 1150 4288
665 1030 3865
803.5 958 3400
989 1044 3940
619.25 1302 4208
461.5 1075 3940
687.5 999 3811
1133.75 1418 4972
458.75 1049 3449
744 839 3170
801 808 3170
966 975 3854
1041 1507 4972
837.5 1191 4624
387.5 838 2417
892 995 3854
789.25 1222 4213
650.75 1040 3379
919 737 3031
614.5 784 3052
710 861 3181
797 1027 3854
443 895 3101
553 659 2331
619.5 773 3052
1046.5 1468 4972
704.5 1264 4624
467.5 794 2411
546 450 1454
347 688 2368
709 611 2218
706 619 1796
817 1015 3854
392.5 631 2288
942 1017 3865
606.75 1507 4138
796 802 3090
554 471 1577
349.5 803 2406
568 664 2411
743 596 2282
536 627 2282
709 624 2267
500 748 2417
397.5 952 3181
788 592 2218
398 491 1647
385 488 1443
515 466 1032
285.5 680 1647
510 862 3181
337 574 1604
625 633 2411
555.5 805 3101
269 349 813
516 454 1518
790.25 1211 4213
502 856 3052
522 434 1448
234 410 759
269 328 0
359 253 0
235 416 834
234 375 0
359 273 684
403 337 764


999 1036 3940
572 1069 3449
781 1413 4624
814.5 1264 4624
633.75 990 3379
443 895 3101
941.5 1093 4624
461.5 1075 3940
565.5 1470 4288
619.5 773 3052
413.25 1106 3529
781.75 1252 4159
744 839 3170
874 1232 4159
796 802 3090
710 861 3181
801 808 3170
570.25 1313 4213
731.5 980 3860
765.5 918 3865
857.5 1262 4213
687.5 999 3811
1270 1377 4972
502 856 3052
519.75 1049 3400
707.75 1398 4288
990 899 3865
862.5 1259 4202
647.75 1048 3400
935.5 1397 4972
614.5 784 3052
665 1030 3865
568 664 2411
743 596 2282
555.5 805 3101
625 633 2411
392.5 631 2288
848.5 1263 4624
510 862 3181
919 737 3031
984 1055 3940
387.5 838 2417
397.5 952 3181
337 574 1604
553 659 2331
500 748 2417
467.5 794 2411
788 592 2218
349.5 803 2406
784.25 1457 4972
709 624 2267
709 611 2218
536 627 2282
706 619 1796
522 434 1448
515 466 1032
347 688 2368
398 491 1647
516 454 1518
285.5 680 1647
385 488 1443
269 349 813
554 471 1577
234 410 759
546 450 1454
359 253 0
359 273 684
269 328 0
235 416 834
234 375 0
403 337 764


665 1048 3865
1095 912 3790
686 1037 3940
1089 1456 4972
1084.5 1182 4213
886 1036 3940
612.75 1576 4624
1366 1396 4972
502 856 3052
608.25 1244 4208
461.5 1075 3940
413.25 1106 3529
458.75 1049 3449
1021 1222 4213
397.5 952 3181
759.5 1015 3438
765.5 918 3865
919.25 1607 4972
723.75 1360 4288
507 1018 3860
614.5 784 3052
1229 1233 4624
919 737 3031
714.5 1362 4213
832.75 1717 4972
743 596 2282
710 861 3181
1106 1268 4288
801 808 3170
443 895 3101
1017.5 1252 4213
387.5 838 2417
347 688 2368
510 862 3181
1006.5 1476 4972
709 611 2218
744 839 3170
788 592 2218
948.75 1273 4213
392.5 631 2288
767.5 1277 4624
553 659 2331
568 664 2411
349.5 803 2406
1307 1404 4972
522 434 1448
500 748 2417
285.5 680 1647
619.5 773 3052
709 624 2267
796 802 3090
555.5 805 3101
625 633 2411
706 619 1796
467.5 794 2411
515 466 1032
398 491 1647
536 627 2282
516 454 1518
546 450 1454
1086 1025 3940
337 574 1604
554 471 1577
359 253 0
359 273 684
235 416 834
234 375 0
269 328 0
269 349 813
234 410 759
385 488 1443
403 337 764


