1.193659128e+00 1.590432503e+00 1.777353178e+00 
1.453957997e+00 1.359764089e+00 1.621480290e+00 
1.553311793e+00 1.317169069e+00 1.609613837e+00 
1.216478191e+00 1.395150721e+00 1.613837490e+00 
1.298667205e+00 1.608781127e+00 1.847345133e+00 
1.348142165e+00 1.509174312e+00 1.777353178e+00 
1.384491115e+00 1.398427261e+00 1.639782784e+00 
1.093295638e+00 1.360419397e+00 1.483909895e+00 
1.420436187e+00 1.688073394e+00 1.930008045e+00 
1.322899838e+00 1.482961992e+00 1.679605792e+00 
1.375605816e+00 1.505897772e+00 1.692477876e+00 
1.193659128e+00 1.609436435e+00 1.847345133e+00 
1.362075929e+00 1.704456094e+00 1.930008045e+00 
1.335823910e+00 1.724115334e+00 2.000000000e+00 
1.733844911e+00 1.690694626e+00 2.000000000e+00 
1.429321486e+00 1.435779817e+00 1.777353178e+00 
1.144789984e+00 1.558977720e+00 1.709774739e+00 
1.386914378e+00 1.496068152e+00 1.777353178e+00 
1.181542811e+00 1.521625164e+00 1.693684634e+00 
1.183764136e+00 1.519659240e+00 1.637570394e+00 
1.571486268e+00 1.550458716e+00 1.930008045e+00 
1.144789984e+00 1.539973788e+00 1.639782784e+00 
1.136712439e+00 1.484272608e+00 1.556114240e+00 
1.312802908e+00 1.848623853e+00 2.000000000e+00 
1.188610662e+00 1.354521625e+00 1.484915527e+00 
1.259087237e+00 1.758846658e+00 1.862429606e+00 
1.381260097e+00 1.239842726e+00 1.361222848e+00 
1.390953150e+00 1.688728702e+00 1.930008045e+00 
1.490306947e+00 1.623853211e+00 1.930008045e+00 
1.344507270e+00 1.549148100e+00 1.707562349e+00 
1.259693053e+00 1.361730013e+00 1.623692679e+00 
1.294830372e+00 1.574049803e+00 1.766492357e+00 
1.411954766e+00 1.384010485e+00 1.637570394e+00 
1.286954766e+00 1.673656619e+00 1.862429606e+00 
1.265549273e+00 1.686762779e+00 1.862429606e+00 
1.401857835e+00 1.476408912e+00 1.776347546e+00 
1.091276252e+00 1.285058978e+00 1.476267096e+00 
1.457996769e+00 1.363695937e+00 1.637570394e+00 
1.383683360e+00 1.243119266e+00 1.455953339e+00 
1.529079160e+00 1.610747051e+00 1.930008045e+00 
1.311389338e+00 1.340760157e+00 1.613837490e+00 
1.257673667e+00 1.266055046e+00 1.468825422e+00 
1.083198708e+00 1.210353866e+00 1.322606597e+00 
1.226978998e+00 1.139580603e+00 1.207562349e+00 
1.123990307e+00 1.383355177e+00 1.486122285e+00 
1.222940226e+00 1.399082569e+00 1.639782784e+00 
1.269789984e+00 1.269331586e+00 1.484915527e+00 
1.383683360e+00 1.234600262e+00 1.446098150e+00 
1.168820679e+00 1.420707733e+00 1.623692679e+00 
1.214862682e+00 1.324377457e+00 1.486122285e+00 
1.258481422e+00 1.142857143e+00 1.317176187e+00 
1.365105008e+00 1.513761468e+00 1.792437651e+00 
1.128029079e+00 1.247706422e+00 1.460176991e+00 
1.411147011e+00 1.224770642e+00 1.458970233e+00 
1.121970921e+00 1.153997379e+00 1.290225261e+00 
1.243941842e+00 1.245085190e+00 1.458970233e+00 
1.252019386e+00 1.129095675e+00 1.292437651e+00 
1.315831987e+00 1.249017038e+00 1.484915527e+00 
1.447495961e+00 1.222149410e+00 1.446098150e+00 
1.227786753e+00 1.131716907e+00 1.305309735e+00 
1.100969305e+00 1.013106160e+00 1.137570394e+00 
1.232633279e+00 1.118610747e+00 1.291230893e+00 
1.000000000e+00 1.102883355e+00 1.152654867e+00 
1.136510501e+00 1.055045872e+00 1.153660499e+00 
1.028271405e+00 1.062909567e+00 1.163515688e+00 
1.100969305e+00 1.000000000e+00 1.000000000e+00 
1.132471729e+00 1.155963303e+00 1.331255028e+00 
1.000807754e+00 1.106815203e+00 1.167739340e+00 
1.000000000e+00 1.079947575e+00 1.000000000e+00 
1.028271405e+00 1.049148100e+00 1.000000000e+00 
1.041599354e+00 1.279816514e+00 1.331255028e+00 

1.457996769e+00 1.363695937e+00 1.637570394e+00 
1.324717286e+00 1.615334207e+00 1.846339501e+00 
1.450726979e+00 1.581258191e+00 1.930008045e+00 
1.411954766e+00 1.384010485e+00 1.637570394e+00 
1.222940226e+00 1.399082569e+00 1.639782784e+00 
1.287964459e+00 1.652686763e+00 1.862429606e+00 
1.325121163e+00 1.636304063e+00 1.930008045e+00 
1.390145396e+00 1.621887287e+00 1.847345133e+00 
1.183764136e+00 1.538663172e+00 1.792437651e+00 
1.415791599e+00 1.496068152e+00 1.679605792e+00 
1.399030695e+00 1.500655308e+00 1.777353178e+00 
1.688206785e+00 1.505897772e+00 1.792437651e+00 
1.216478191e+00 1.395150721e+00 1.613837490e+00 
1.220516963e+00 1.501310616e+00 1.776347546e+00 
1.443053312e+00 1.454783748e+00 1.777353178e+00 
1.132067851e+00 1.458060288e+00 1.639782784e+00 
1.553311793e+00 1.317169069e+00 1.609613837e+00 
1.407714055e+00 1.874180865e+00 2.000000000e+00 
1.381260097e+00 1.239842726e+00 1.361222848e+00 
1.447495961e+00 1.222149410e+00 1.446098150e+00 
1.259693053e+00 1.361730013e+00 1.623692679e+00 
1.093295638e+00 1.360419397e+00 1.483909895e+00 
1.591680129e+00 1.576015727e+00 1.847345133e+00 
1.383683360e+00 1.234600262e+00 1.446098150e+00 
1.243941842e+00 1.245085190e+00 1.458970233e+00 
1.411147011e+00 1.224770642e+00 1.458970233e+00 
1.311389338e+00 1.340760157e+00 1.613837490e+00 
1.384491115e+00 1.398427261e+00 1.639782784e+00 
1.123990307e+00 1.383355177e+00 1.486122285e+00 
1.269789984e+00 1.269331586e+00 1.484915527e+00 
1.188610662e+00 1.354521625e+00 1.484915527e+00 
1.232633279e+00 1.118610747e+00 1.291230893e+00 
1.226978998e+00 1.139580603e+00 1.207562349e+00 
1.121970921e+00 1.153997379e+00 1.290225261e+00 
1.227786753e+00 1.131716907e+00 1.305309735e+00 
1.315831987e+00 1.249017038e+00 1.484915527e+00 
1.383683360e+00 1.243119266e+00 1.455953339e+00 
1.083198708e+00 1.210353866e+00 1.322606597e+00 
1.041599354e+00 1.279816514e+00 1.331255028e+00 
1.091276252e+00 1.285058978e+00 1.476267096e+00 
1.214862682e+00 1.324377457e+00 1.486122285e+00 
1.258481422e+00 1.142857143e+00 1.317176187e+00 
1.168820679e+00 1.420707733e+00 1.623692679e+00 
1.128029079e+00 1.247706422e+00 1.460176991e+00 
1.132471729e+00 1.155963303e+00 1.331255028e+00 
1.257673667e+00 1.266055046e+00 1.468825422e+00 
1.100969305e+00 1.013106160e+00 1.137570394e+00 
1.028271405e+00 1.062909567e+00 1.163515688e+00 
1.136510501e+00 1.055045872e+00 1.153660499e+00 
1.252019386e+00 1.129095675e+00 1.292437651e+00 
1.000807754e+00 1.106815203e+00 1.167739340e+00 
1.028271405e+00 1.049148100e+00 1.000000000e+00 
1.100969305e+00 1.000000000e+00 1.000000000e+00 
1.000000000e+00 1.102883355e+00 1.152654867e+00 
1.000000000e+00 1.079947575e+00 1.000000000e+00 

1.193659128e+00 1.590432503e+00 1.777353178e+00 
1.386914378e+00 1.496068152e+00 1.777353178e+00 
1.429321486e+00 1.435779817e+00 1.777353178e+00 
1.553311793e+00 1.317169069e+00 1.609613837e+00 
1.348142165e+00 1.509174312e+00 1.777353178e+00 
1.490306947e+00 1.623853211e+00 1.930008045e+00 
1.265549273e+00 1.686762779e+00 1.862429606e+00 
1.193659128e+00 1.609436435e+00 1.847345133e+00 
1.307552504e+00 1.744429882e+00 1.930008045e+00 
1.216478191e+00 1.395150721e+00 1.613837490e+00 
1.440831987e+00 1.723460026e+00 2.000000000e+00 
1.447495961e+00 1.222149410e+00 1.446098150e+00 
1.335823910e+00 1.724115334e+00 2.000000000e+00 
1.390953150e+00 1.688728702e+00 1.930008045e+00 
1.339256866e+00 1.489515072e+00 1.766492357e+00 
1.322899838e+00 1.482961992e+00 1.679605792e+00 
1.529079160e+00 1.610747051e+00 1.930008045e+00 
1.312802908e+00 1.848623853e+00 2.000000000e+00 
1.585218094e+00 1.569462647e+00 1.930008045e+00 
1.144789984e+00 1.558977720e+00 1.709774739e+00 
1.257673667e+00 1.266055046e+00 1.468825422e+00 
1.465266559e+00 1.648754915e+00 1.930008045e+00 
1.259693053e+00 1.361730013e+00 1.623692679e+00 
1.465064620e+00 1.597640891e+00 1.832260660e+00 
1.411954766e+00 1.384010485e+00 1.637570394e+00 
1.362075929e+00 1.704456094e+00 1.930008045e+00 
1.181542811e+00 1.521625164e+00 1.693684634e+00 
1.132067851e+00 1.458060288e+00 1.639782784e+00 
1.365105008e+00 1.513761468e+00 1.792437651e+00 
1.526655897e+00 1.513106160e+00 1.792437651e+00 
1.315831987e+00 1.249017038e+00 1.484915527e+00 
1.286954766e+00 1.673656619e+00 1.862429606e+00 
1.243941842e+00 1.245085190e+00 1.458970233e+00 
1.214862682e+00 1.324377457e+00 1.486122285e+00 
1.383683360e+00 1.234600262e+00 1.446098150e+00 
1.222940226e+00 1.399082569e+00 1.639782784e+00 
1.457996769e+00 1.363695937e+00 1.637570394e+00 
1.132471729e+00 1.155963303e+00 1.331255028e+00 
1.401857835e+00 1.476408912e+00 1.776347546e+00 
1.384491115e+00 1.398427261e+00 1.639782784e+00 
1.168820679e+00 1.420707733e+00 1.623692679e+00 
1.311389338e+00 1.340760157e+00 1.613837490e+00 
1.123990307e+00 1.383355177e+00 1.486122285e+00 
1.269789984e+00 1.269331586e+00 1.484915527e+00 
1.258481422e+00 1.142857143e+00 1.317176187e+00 
1.188610662e+00 1.354521625e+00 1.484915527e+00 
1.252019386e+00 1.129095675e+00 1.292437651e+00 
1.411147011e+00 1.224770642e+00 1.458970233e+00 
1.093295638e+00 1.360419397e+00 1.483909895e+00 
1.091276252e+00 1.285058978e+00 1.476267096e+00 
1.227786753e+00 1.131716907e+00 1.305309735e+00 
1.128029079e+00 1.247706422e+00 1.460176991e+00 
1.121970921e+00 1.153997379e+00 1.290225261e+00 
1.381260097e+00 1.239842726e+00 1.361222848e+00 
1.083198708e+00 1.210353866e+00 1.322606597e+00 
1.041599354e+00 1.279816514e+00 1.331255028e+00 
1.226978998e+00 1.139580603e+00 1.207562349e+00 
1.383683360e+00 1.243119266e+00 1.455953339e+00 
1.028271405e+00 1.062909567e+00 1.163515688e+00 
1.136510501e+00 1.055045872e+00 1.153660499e+00 
1.100969305e+00 1.013106160e+00 1.137570394e+00 
1.100969305e+00 1.000000000e+00 1.000000000e+00 
1.232633279e+00 1.118610747e+00 1.291230893e+00 
1.000807754e+00 1.106815203e+00 1.167739340e+00 
1.000000000e+00 1.079947575e+00 1.000000000e+00 
1.028271405e+00 1.049148100e+00 1.000000000e+00 
1.000000000e+00 1.102883355e+00 1.152654867e+00 

1.384491115e+00 1.398427261e+00 1.639782784e+00 
1.220516963e+00 1.501310616e+00 1.776347546e+00 
1.674878837e+00 1.569462647e+00 1.930008045e+00 
1.453957997e+00 1.359764089e+00 1.621480290e+00 
1.584006462e+00 1.387287025e+00 1.624698311e+00 
1.222940226e+00 1.399082569e+00 1.639782784e+00 
1.260298869e+00 1.662516383e+00 1.836484312e+00 
1.553311793e+00 1.317169069e+00 1.609613837e+00 
1.429321486e+00 1.435779817e+00 1.777353178e+00 
1.181542811e+00 1.521625164e+00 1.693684634e+00 
1.487479806e+00 1.614678899e+00 1.930008045e+00 
1.168820679e+00 1.420707733e+00 1.623692679e+00 
1.287964459e+00 1.652686763e+00 1.862429606e+00 
1.128029079e+00 1.247706422e+00 1.460176991e+00 
1.644184168e+00 1.595019659e+00 1.930008045e+00 
1.736672052e+00 1.549803408e+00 1.847345133e+00 
1.381260097e+00 1.239842726e+00 1.361222848e+00 
1.673667205e+00 1.570117955e+00 1.847345133e+00 
1.243941842e+00 1.245085190e+00 1.458970233e+00 
1.394991922e+00 1.361074705e+00 1.613837490e+00 
1.447495961e+00 1.222149410e+00 1.446098150e+00 
1.383683360e+00 1.243119266e+00 1.455953339e+00 
1.630048465e+00 1.532110092e+00 1.792437651e+00 
1.515347334e+00 1.348623853e+00 1.609613837e+00 
1.188610662e+00 1.354521625e+00 1.484915527e+00 
1.183764136e+00 1.538663172e+00 1.792437651e+00 
1.232633279e+00 1.118610747e+00 1.291230893e+00 
1.259693053e+00 1.361730013e+00 1.623692679e+00 
1.226978998e+00 1.139580603e+00 1.207562349e+00 
1.257673667e+00 1.266055046e+00 1.468825422e+00 
1.214862682e+00 1.324377457e+00 1.486122285e+00 
1.258481422e+00 1.142857143e+00 1.317176187e+00 
1.093295638e+00 1.360419397e+00 1.483909895e+00 
1.325121163e+00 1.636304063e+00 1.930008045e+00 
1.252019386e+00 1.129095675e+00 1.292437651e+00 
1.216478191e+00 1.395150721e+00 1.613837490e+00 
1.123990307e+00 1.383355177e+00 1.486122285e+00 
1.132067851e+00 1.458060288e+00 1.639782784e+00 
1.269789984e+00 1.269331586e+00 1.484915527e+00 
1.100969305e+00 1.013106160e+00 1.137570394e+00 
1.315831987e+00 1.249017038e+00 1.484915527e+00 
1.121970921e+00 1.153997379e+00 1.290225261e+00 
1.041599354e+00 1.279816514e+00 1.331255028e+00 
1.383683360e+00 1.234600262e+00 1.446098150e+00 
1.132471729e+00 1.155963303e+00 1.331255028e+00 
1.100969305e+00 1.000000000e+00 1.000000000e+00 
1.091276252e+00 1.285058978e+00 1.476267096e+00 
1.136510501e+00 1.055045872e+00 1.153660499e+00 
1.083198708e+00 1.210353866e+00 1.322606597e+00 
1.411147011e+00 1.224770642e+00 1.458970233e+00 
1.000000000e+00 1.079947575e+00 1.000000000e+00 
1.227786753e+00 1.131716907e+00 1.305309735e+00 
1.028271405e+00 1.049148100e+00 1.000000000e+00 
1.000807754e+00 1.106815203e+00 1.167739340e+00 
1.000000000e+00 1.102883355e+00 1.152654867e+00 
1.028271405e+00 1.062909567e+00 1.163515688e+00 

1.168820679e+00 1.420707733e+00 1.623692679e+00 
1.617932149e+00 1.513106160e+00 1.792437651e+00 
1.490306947e+00 1.342726081e+00 1.516090105e+00 
1.317043619e+00 1.561598952e+00 1.776347546e+00 
1.412762520e+00 1.699868938e+00 1.862429606e+00 
1.454765751e+00 1.513761468e+00 1.792437651e+00 
1.259693053e+00 1.361730013e+00 1.623692679e+00 
1.424273021e+00 1.699213630e+00 1.862429606e+00 
1.307350565e+00 1.347968545e+00 1.613837490e+00 
1.132067851e+00 1.458060288e+00 1.639782784e+00 
1.322495961e+00 1.737876802e+00 1.862429606e+00 
1.572294023e+00 1.602228047e+00 1.930008045e+00 
1.193659128e+00 1.609436435e+00 1.847345133e+00 
1.411954766e+00 1.384010485e+00 1.637570394e+00 
1.091276252e+00 1.285058978e+00 1.476267096e+00 
1.401857835e+00 1.476408912e+00 1.776347546e+00 
1.522617124e+00 1.629095675e+00 1.930008045e+00 
1.298667205e+00 1.608781127e+00 1.847345133e+00 
1.743134087e+00 1.582568807e+00 1.847345133e+00 
1.426494346e+00 1.688073394e+00 1.930008045e+00 
1.638529887e+00 1.595674967e+00 1.847345133e+00 
1.411147011e+00 1.224770642e+00 1.458970233e+00 
1.128029079e+00 1.247706422e+00 1.460176991e+00 
1.429321486e+00 1.435779817e+00 1.777353178e+00 
1.269789984e+00 1.269331586e+00 1.484915527e+00 
1.181542811e+00 1.521625164e+00 1.693684634e+00 
1.144789984e+00 1.558977720e+00 1.709774739e+00 
1.610662359e+00 1.423328965e+00 1.777353178e+00 
1.381260097e+00 1.239842726e+00 1.361222848e+00 
1.383683360e+00 1.234600262e+00 1.446098150e+00 
1.093295638e+00 1.360419397e+00 1.483909895e+00 
1.214862682e+00 1.324377457e+00 1.486122285e+00 
1.243941842e+00 1.245085190e+00 1.458970233e+00 
1.188610662e+00 1.354521625e+00 1.484915527e+00 
1.227786753e+00 1.131716907e+00 1.305309735e+00 
1.400646204e+00 1.577981651e+00 1.792437651e+00 
1.386914378e+00 1.496068152e+00 1.777353178e+00 
1.348142165e+00 1.509174312e+00 1.777353178e+00 
1.383683360e+00 1.243119266e+00 1.455953339e+00 
1.457996769e+00 1.363695937e+00 1.637570394e+00 
1.257673667e+00 1.266055046e+00 1.468825422e+00 
1.123990307e+00 1.383355177e+00 1.486122285e+00 
1.315831987e+00 1.249017038e+00 1.484915527e+00 
1.222940226e+00 1.399082569e+00 1.639782784e+00 
1.553311793e+00 1.317169069e+00 1.609613837e+00 
1.252019386e+00 1.129095675e+00 1.292437651e+00 
1.041599354e+00 1.279816514e+00 1.331255028e+00 
1.258481422e+00 1.142857143e+00 1.317176187e+00 
1.216478191e+00 1.395150721e+00 1.613837490e+00 
1.132471729e+00 1.155963303e+00 1.331255028e+00 
1.226978998e+00 1.139580603e+00 1.207562349e+00 
1.232633279e+00 1.118610747e+00 1.291230893e+00 
1.384491115e+00 1.398427261e+00 1.639782784e+00 
1.447495961e+00 1.222149410e+00 1.446098150e+00 
1.083198708e+00 1.210353866e+00 1.322606597e+00 
1.100969305e+00 1.013106160e+00 1.137570394e+00 
1.028271405e+00 1.062909567e+00 1.163515688e+00 
1.000807754e+00 1.106815203e+00 1.167739340e+00 
1.136510501e+00 1.055045872e+00 1.153660499e+00 
1.028271405e+00 1.049148100e+00 1.000000000e+00 
1.000000000e+00 1.079947575e+00 1.000000000e+00 
1.121970921e+00 1.153997379e+00 1.290225261e+00 
1.000000000e+00 1.102883355e+00 1.152654867e+00 
1.100969305e+00 1.000000000e+00 1.000000000e+00 

1.526655897e+00 1.513106160e+00 1.792437651e+00 
1.465266559e+00 1.648754915e+00 1.930008045e+00 
1.286954766e+00 1.673656619e+00 1.862429606e+00 
1.222940226e+00 1.399082569e+00 1.639782784e+00 
1.529079160e+00 1.610747051e+00 1.930008045e+00 
1.411954766e+00 1.384010485e+00 1.637570394e+00 
1.273424879e+00 1.555701180e+00 1.777353178e+00 
1.193659128e+00 1.609436435e+00 1.847345133e+00 
1.453957997e+00 1.359764089e+00 1.621480290e+00 
1.553311793e+00 1.317169069e+00 1.609613837e+00 
1.465064620e+00 1.597640891e+00 1.832260660e+00 
1.144789984e+00 1.558977720e+00 1.709774739e+00 
1.289579968e+00 1.573394495e+00 1.792437651e+00 
1.381260097e+00 1.239842726e+00 1.361222848e+00 
1.365105008e+00 1.513761468e+00 1.792437651e+00 
1.674878837e+00 1.569462647e+00 1.930008045e+00 
1.429321486e+00 1.435779817e+00 1.777353178e+00 
1.401857835e+00 1.476408912e+00 1.776347546e+00 
1.318255250e+00 1.348623853e+00 1.613837490e+00 
1.457996769e+00 1.363695937e+00 1.637570394e+00 
1.384491115e+00 1.398427261e+00 1.639782784e+00 
1.093295638e+00 1.360419397e+00 1.483909895e+00 
1.383683360e+00 1.234600262e+00 1.446098150e+00 
1.216478191e+00 1.395150721e+00 1.613837490e+00 
1.688206785e+00 1.505897772e+00 1.792437651e+00 
1.618739903e+00 1.594364351e+00 1.845132743e+00 
1.123990307e+00 1.383355177e+00 1.486122285e+00 
1.490306947e+00 1.342726081e+00 1.516090105e+00 
1.168820679e+00 1.420707733e+00 1.623692679e+00 
1.214862682e+00 1.324377457e+00 1.486122285e+00 
1.243941842e+00 1.245085190e+00 1.458970233e+00 
1.132067851e+00 1.458060288e+00 1.639782784e+00 
1.128029079e+00 1.247706422e+00 1.460176991e+00 
1.322899838e+00 1.482961992e+00 1.679605792e+00 
1.334208401e+00 1.520969856e+00 1.683829445e+00 
1.257673667e+00 1.266055046e+00 1.468825422e+00 
1.188610662e+00 1.354521625e+00 1.484915527e+00 
1.269789984e+00 1.269331586e+00 1.484915527e+00 
1.298667205e+00 1.608781127e+00 1.847345133e+00 
1.383683360e+00 1.243119266e+00 1.455953339e+00 
1.259693053e+00 1.361730013e+00 1.623692679e+00 
1.181542811e+00 1.521625164e+00 1.693684634e+00 
1.315831987e+00 1.249017038e+00 1.484915527e+00 
1.232633279e+00 1.118610747e+00 1.291230893e+00 
1.091276252e+00 1.285058978e+00 1.476267096e+00 
1.258481422e+00 1.142857143e+00 1.317176187e+00 
1.121970921e+00 1.153997379e+00 1.290225261e+00 
1.252019386e+00 1.129095675e+00 1.292437651e+00 
1.132471729e+00 1.155963303e+00 1.331255028e+00 
1.041599354e+00 1.279816514e+00 1.331255028e+00 
1.226978998e+00 1.139580603e+00 1.207562349e+00 
1.386914378e+00 1.496068152e+00 1.777353178e+00 
1.348142165e+00 1.509174312e+00 1.777353178e+00 
1.447495961e+00 1.222149410e+00 1.446098150e+00 
1.227786753e+00 1.131716907e+00 1.305309735e+00 
1.083198708e+00 1.210353866e+00 1.322606597e+00 
1.136510501e+00 1.055045872e+00 1.153660499e+00 
1.000807754e+00 1.106815203e+00 1.167739340e+00 
1.000000000e+00 1.079947575e+00 1.000000000e+00 
1.411147011e+00 1.224770642e+00 1.458970233e+00 
1.028271405e+00 1.049148100e+00 1.000000000e+00 
1.028271405e+00 1.062909567e+00 1.163515688e+00 
1.100969305e+00 1.013106160e+00 1.137570394e+00 
1.000000000e+00 1.102883355e+00 1.152654867e+00 
1.100969305e+00 1.000000000e+00 1.000000000e+00 

1.144789984e+00 1.558977720e+00 1.709774739e+00 
1.298667205e+00 1.608781127e+00 1.847345133e+00 
1.222940226e+00 1.399082569e+00 1.639782784e+00 
1.584006462e+00 1.387287025e+00 1.624698311e+00 
1.450726979e+00 1.581258191e+00 1.930008045e+00 
1.399030695e+00 1.500655308e+00 1.777353178e+00 
1.453957997e+00 1.359764089e+00 1.621480290e+00 
1.365105008e+00 1.513761468e+00 1.792437651e+00 
1.220516963e+00 1.501310616e+00 1.776347546e+00 
1.188610662e+00 1.354521625e+00 1.484915527e+00 
1.381260097e+00 1.239842726e+00 1.361222848e+00 
1.610662359e+00 1.423328965e+00 1.777353178e+00 
1.348142165e+00 1.509174312e+00 1.777353178e+00 
1.383683360e+00 1.234600262e+00 1.446098150e+00 
1.431340872e+00 1.229357798e+00 1.446098150e+00 
1.307350565e+00 1.347968545e+00 1.613837490e+00 
1.168820679e+00 1.420707733e+00 1.623692679e+00 
1.322899838e+00 1.482961992e+00 1.679605792e+00 
1.287964459e+00 1.652686763e+00 1.862429606e+00 
1.128029079e+00 1.247706422e+00 1.460176991e+00 
1.447495961e+00 1.222149410e+00 1.446098150e+00 
1.243941842e+00 1.245085190e+00 1.458970233e+00 
1.429321486e+00 1.435779817e+00 1.777353178e+00 
1.384491115e+00 1.398427261e+00 1.639782784e+00 
1.311389338e+00 1.340760157e+00 1.613837490e+00 
1.183764136e+00 1.538663172e+00 1.792437651e+00 
1.553311793e+00 1.317169069e+00 1.609613837e+00 
1.123990307e+00 1.383355177e+00 1.486122285e+00 
1.325121163e+00 1.636304063e+00 1.930008045e+00 
1.227786753e+00 1.131716907e+00 1.305309735e+00 
1.267770598e+00 1.797509830e+00 1.862429606e+00 
1.214862682e+00 1.324377457e+00 1.486122285e+00 
1.041599354e+00 1.279816514e+00 1.331255028e+00 
1.216478191e+00 1.395150721e+00 1.613837490e+00 
1.093295638e+00 1.360419397e+00 1.483909895e+00 
1.083198708e+00 1.210353866e+00 1.322606597e+00 
1.226978998e+00 1.139580603e+00 1.207562349e+00 
1.121970921e+00 1.153997379e+00 1.290225261e+00 
1.232633279e+00 1.118610747e+00 1.291230893e+00 
1.269789984e+00 1.269331586e+00 1.484915527e+00 
1.132067851e+00 1.458060288e+00 1.639782784e+00 
1.315831987e+00 1.249017038e+00 1.484915527e+00 
1.259693053e+00 1.361730013e+00 1.623692679e+00 
1.252019386e+00 1.129095675e+00 1.292437651e+00 
1.383683360e+00 1.243119266e+00 1.455953339e+00 
1.091276252e+00 1.285058978e+00 1.476267096e+00 
1.100969305e+00 1.000000000e+00 1.000000000e+00 
1.257673667e+00 1.266055046e+00 1.468825422e+00 
1.100969305e+00 1.013106160e+00 1.137570394e+00 
1.000807754e+00 1.106815203e+00 1.167739340e+00 
1.258481422e+00 1.142857143e+00 1.317176187e+00 
1.000000000e+00 1.102883355e+00 1.152654867e+00 
1.132471729e+00 1.155963303e+00 1.331255028e+00 
1.000000000e+00 1.079947575e+00 1.000000000e+00 
1.028271405e+00 1.049148100e+00 1.000000000e+00 
1.028271405e+00 1.062909567e+00 1.163515688e+00 
1.136510501e+00 1.055045872e+00 1.153660499e+00 

1.193659128e+00 1.590432503e+00 1.777353178e+00 
1.322495961e+00 1.737876802e+00 1.862429606e+00 
1.093295638e+00 1.360419397e+00 1.483909895e+00 
1.218699515e+00 1.433813893e+00 1.530168946e+00 
1.878836834e+00 1.664482307e+00 2.000000000e+00 
1.183764136e+00 1.519659240e+00 1.637570394e+00 
1.410743134e+00 1.602228047e+00 1.930008045e+00 
1.815831987e+00 1.684796855e+00 2.000000000e+00 
1.736672052e+00 1.549803408e+00 1.847345133e+00 
1.144789984e+00 1.539973788e+00 1.639782784e+00 
1.453957997e+00 1.359764089e+00 1.621480290e+00 
1.219911147e+00 1.589777195e+00 1.777353178e+00 
1.752827141e+00 1.538007864e+00 1.930008045e+00 
1.311389338e+00 1.340760157e+00 1.613837490e+00 
1.334208401e+00 1.520969856e+00 1.683829445e+00 
1.365105008e+00 1.513761468e+00 1.792437651e+00 
1.222940226e+00 1.399082569e+00 1.639782784e+00 
1.381260097e+00 1.239842726e+00 1.361222848e+00 
1.317043619e+00 1.561598952e+00 1.776347546e+00 
1.219507270e+00 1.428571429e+00 1.525945294e+00 
1.144789984e+00 1.558977720e+00 1.709774739e+00 
1.440831987e+00 1.723460026e+00 2.000000000e+00 
1.440428110e+00 1.762778506e+00 2.000000000e+00 
1.447495961e+00 1.222149410e+00 1.446098150e+00 
1.123990307e+00 1.383355177e+00 1.486122285e+00 
1.733844911e+00 1.690694626e+00 2.000000000e+00 
1.553311793e+00 1.317169069e+00 1.609613837e+00 
1.457996769e+00 1.363695937e+00 1.637570394e+00 
1.298667205e+00 1.608781127e+00 1.847345133e+00 
1.326332795e+00 1.536041940e+00 1.776347546e+00 
1.571486268e+00 1.550458716e+00 1.930008045e+00 
1.181542811e+00 1.521625164e+00 1.693684634e+00 
1.362075929e+00 1.704456094e+00 1.930008045e+00 
1.181542811e+00 1.502621232e+00 1.623692679e+00 
1.366316640e+00 1.488859764e+00 1.766492357e+00 
1.429321486e+00 1.435779817e+00 1.777353178e+00 
1.383683360e+00 1.243119266e+00 1.455953339e+00 
1.252019386e+00 1.129095675e+00 1.292437651e+00 
1.383683360e+00 1.234600262e+00 1.446098150e+00 
1.401857835e+00 1.476408912e+00 1.776347546e+00 
1.526655897e+00 1.513106160e+00 1.792437651e+00 
1.610662359e+00 1.423328965e+00 1.777353178e+00 
1.136712439e+00 1.484272608e+00 1.556114240e+00 
1.188610662e+00 1.354521625e+00 1.484915527e+00 
1.259693053e+00 1.361730013e+00 1.623692679e+00 
1.411147011e+00 1.224770642e+00 1.458970233e+00 
1.121970921e+00 1.153997379e+00 1.290225261e+00 
1.243941842e+00 1.245085190e+00 1.458970233e+00 
1.258481422e+00 1.142857143e+00 1.317176187e+00 
1.257673667e+00 1.266055046e+00 1.468825422e+00 
1.269789984e+00 1.269331586e+00 1.484915527e+00 
1.384491115e+00 1.398427261e+00 1.639782784e+00 
1.091276252e+00 1.285058978e+00 1.476267096e+00 
1.226978998e+00 1.139580603e+00 1.207562349e+00 
1.214862682e+00 1.324377457e+00 1.486122285e+00 
1.128029079e+00 1.247706422e+00 1.460176991e+00 
1.227786753e+00 1.131716907e+00 1.305309735e+00 
1.132471729e+00 1.155963303e+00 1.331255028e+00 
1.307350565e+00 1.347968545e+00 1.613837490e+00 
1.000000000e+00 1.102883355e+00 1.152654867e+00 
1.000807754e+00 1.106815203e+00 1.167739340e+00 
1.041599354e+00 1.279816514e+00 1.331255028e+00 
1.136510501e+00 1.055045872e+00 1.153660499e+00 
1.315831987e+00 1.249017038e+00 1.484915527e+00 
1.028271405e+00 1.062909567e+00 1.163515688e+00 
1.100969305e+00 1.013106160e+00 1.137570394e+00 
1.232633279e+00 1.118610747e+00 1.291230893e+00 
1.100969305e+00 1.000000000e+00 1.000000000e+00 
1.000000000e+00 1.079947575e+00 1.000000000e+00 
1.028271405e+00 1.049148100e+00 1.000000000e+00 
1.083198708e+00 1.210353866e+00 1.322606597e+00 

1.476373183e+00 1.787680210e+00 2.000000000e+00 
1.487479806e+00 1.614678899e+00 1.930008045e+00 
1.287964459e+00 1.652686763e+00 1.862429606e+00 
1.566639742e+00 1.749672346e+00 2.000000000e+00 
1.307956381e+00 1.809305374e+00 2.000000000e+00 
1.325121163e+00 1.636304063e+00 1.930008045e+00 
1.220516963e+00 1.501310616e+00 1.776347546e+00 
1.144789984e+00 1.558977720e+00 1.709774739e+00 
1.298667205e+00 1.608781127e+00 1.847345133e+00 
1.401857835e+00 1.476408912e+00 1.776347546e+00 
1.399030695e+00 1.500655308e+00 1.777353178e+00 
1.572294023e+00 1.602228047e+00 1.930008045e+00 
1.638529887e+00 1.595674967e+00 1.847345133e+00 
1.366316640e+00 1.488859764e+00 1.766492357e+00 
1.311389338e+00 1.340760157e+00 1.613837490e+00 
1.610662359e+00 1.423328965e+00 1.777353178e+00 
1.365105008e+00 1.513761468e+00 1.792437651e+00 
1.222940226e+00 1.399082569e+00 1.639782784e+00 
1.879644588e+00 1.711009174e+00 2.000000000e+00 
1.429321486e+00 1.435779817e+00 1.777353178e+00 
1.183764136e+00 1.538663172e+00 1.792437651e+00 
1.553311793e+00 1.317169069e+00 1.609613837e+00 
1.673667205e+00 1.570117955e+00 1.847345133e+00 
1.758481422e+00 1.589777195e+00 1.930008045e+00 
1.091276252e+00 1.285058978e+00 1.476267096e+00 
1.132067851e+00 1.458060288e+00 1.639782784e+00 
1.216478191e+00 1.395150721e+00 1.613837490e+00 
1.384491115e+00 1.398427261e+00 1.639782784e+00 
1.168820679e+00 1.420707733e+00 1.623692679e+00 
1.457996769e+00 1.363695937e+00 1.637570394e+00 
1.093295638e+00 1.360419397e+00 1.483909895e+00 
1.617932149e+00 1.513106160e+00 1.792437651e+00 
1.383683360e+00 1.234600262e+00 1.446098150e+00 
1.339256866e+00 1.489515072e+00 1.766492357e+00 
1.188610662e+00 1.354521625e+00 1.484915527e+00 
1.123990307e+00 1.383355177e+00 1.486122285e+00 
1.257673667e+00 1.266055046e+00 1.468825422e+00 
1.258481422e+00 1.142857143e+00 1.317176187e+00 
1.411954766e+00 1.384010485e+00 1.637570394e+00 
1.226978998e+00 1.139580603e+00 1.207562349e+00 
1.243941842e+00 1.245085190e+00 1.458970233e+00 
1.227786753e+00 1.131716907e+00 1.305309735e+00 
1.083198708e+00 1.210353866e+00 1.322606597e+00 
1.214862682e+00 1.324377457e+00 1.486122285e+00 
1.411147011e+00 1.224770642e+00 1.458970233e+00 
1.447495961e+00 1.222149410e+00 1.446098150e+00 
1.181542811e+00 1.521625164e+00 1.693684634e+00 
1.121970921e+00 1.153997379e+00 1.290225261e+00 
1.259693053e+00 1.361730013e+00 1.623692679e+00 
1.381260097e+00 1.239842726e+00 1.361222848e+00 
1.383683360e+00 1.243119266e+00 1.455953339e+00 
1.041599354e+00 1.279816514e+00 1.331255028e+00 
1.269789984e+00 1.269331586e+00 1.484915527e+00 
1.252019386e+00 1.129095675e+00 1.292437651e+00 
1.128029079e+00 1.247706422e+00 1.460176991e+00 
1.315831987e+00 1.249017038e+00 1.484915527e+00 
1.132471729e+00 1.155963303e+00 1.331255028e+00 
1.000000000e+00 1.102883355e+00 1.152654867e+00 
1.028271405e+00 1.062909567e+00 1.163515688e+00 
1.232633279e+00 1.118610747e+00 1.291230893e+00 
1.000000000e+00 1.079947575e+00 1.000000000e+00 
1.100969305e+00 1.013106160e+00 1.137570394e+00 
1.136510501e+00 1.055045872e+00 1.153660499e+00 
1.000807754e+00 1.106815203e+00 1.167739340e+00 
1.100969305e+00 1.000000000e+00 1.000000000e+00 
1.028271405e+00 1.049148100e+00 1.000000000e+00 

1.571486268e+00 1.550458716e+00 1.930008045e+00 
1.384491115e+00 1.398427261e+00 1.639782784e+00 
1.324717286e+00 1.615334207e+00 1.846339501e+00 
1.348142165e+00 1.509174312e+00 1.777353178e+00 
1.325121163e+00 1.636304063e+00 1.930008045e+00 
1.364903069e+00 1.614678899e+00 1.847345133e+00 
1.287964459e+00 1.652686763e+00 1.862429606e+00 
1.429321486e+00 1.435779817e+00 1.777353178e+00 
1.181542811e+00 1.521625164e+00 1.693684634e+00 
1.487479806e+00 1.614678899e+00 1.930008045e+00 
1.399030695e+00 1.500655308e+00 1.777353178e+00 
1.440831987e+00 1.723460026e+00 2.000000000e+00 
1.553311793e+00 1.317169069e+00 1.609613837e+00 
1.733844911e+00 1.690694626e+00 2.000000000e+00 
1.183764136e+00 1.538663172e+00 1.792437651e+00 
1.447495961e+00 1.222149410e+00 1.446098150e+00 
1.265549273e+00 1.686762779e+00 1.862429606e+00 
1.267164782e+00 1.636304063e+00 1.836484312e+00 
1.260298869e+00 1.662516383e+00 1.836484312e+00 
1.144789984e+00 1.558977720e+00 1.709774739e+00 
1.366316640e+00 1.488859764e+00 1.766492357e+00 
1.312802908e+00 1.848623853e+00 2.000000000e+00 
1.335823910e+00 1.724115334e+00 2.000000000e+00 
1.323707593e+00 1.636304063e+00 1.846339501e+00 
1.286954766e+00 1.673656619e+00 1.862429606e+00 
1.302302100e+00 1.649410223e+00 1.846339501e+00 
1.259087237e+00 1.758846658e+00 1.862429606e+00 
1.132067851e+00 1.458060288e+00 1.639782784e+00 
1.381260097e+00 1.239842726e+00 1.361222848e+00 
1.220516963e+00 1.501310616e+00 1.776347546e+00 
1.411954766e+00 1.384010485e+00 1.637570394e+00 
1.365105008e+00 1.513761468e+00 1.792437651e+00 
1.311389338e+00 1.340760157e+00 1.613837490e+00 
1.222940226e+00 1.399082569e+00 1.639782784e+00 
1.123990307e+00 1.383355177e+00 1.486122285e+00 
1.093295638e+00 1.360419397e+00 1.483909895e+00 
1.257673667e+00 1.266055046e+00 1.468825422e+00 
1.411147011e+00 1.224770642e+00 1.458970233e+00 
1.383683360e+00 1.243119266e+00 1.455953339e+00 
1.401857835e+00 1.476408912e+00 1.776347546e+00 
1.243941842e+00 1.245085190e+00 1.458970233e+00 
1.083198708e+00 1.210353866e+00 1.322606597e+00 
1.383683360e+00 1.234600262e+00 1.446098150e+00 
1.226978998e+00 1.139580603e+00 1.207562349e+00 
1.214862682e+00 1.324377457e+00 1.486122285e+00 
1.091276252e+00 1.285058978e+00 1.476267096e+00 
1.315831987e+00 1.249017038e+00 1.484915527e+00 
1.258481422e+00 1.142857143e+00 1.317176187e+00 
1.232633279e+00 1.118610747e+00 1.291230893e+00 
1.168820679e+00 1.420707733e+00 1.623692679e+00 
1.269789984e+00 1.269331586e+00 1.484915527e+00 
1.121970921e+00 1.153997379e+00 1.290225261e+00 
1.132471729e+00 1.155963303e+00 1.331255028e+00 
1.259693053e+00 1.361730013e+00 1.623692679e+00 
1.252019386e+00 1.129095675e+00 1.292437651e+00 
1.216478191e+00 1.395150721e+00 1.613837490e+00 
1.041599354e+00 1.279816514e+00 1.331255028e+00 
1.128029079e+00 1.247706422e+00 1.460176991e+00 
1.227786753e+00 1.131716907e+00 1.305309735e+00 
1.000807754e+00 1.106815203e+00 1.167739340e+00 
1.028271405e+00 1.049148100e+00 1.000000000e+00 
1.100969305e+00 1.000000000e+00 1.000000000e+00 
1.100969305e+00 1.013106160e+00 1.137570394e+00 
1.136510501e+00 1.055045872e+00 1.153660499e+00 
1.000000000e+00 1.079947575e+00 1.000000000e+00 
1.000000000e+00 1.102883355e+00 1.152654867e+00 
1.188610662e+00 1.354521625e+00 1.484915527e+00 
1.028271405e+00 1.062909567e+00 1.163515688e+00 

1.412156704e+00 1.750982962e+00 1.862429606e+00 
1.632471729e+00 1.602883355e+00 1.930008045e+00 
1.461025848e+00 1.801441678e+00 2.000000000e+00 
1.559773829e+00 1.750327654e+00 2.000000000e+00 
1.457996769e+00 1.363695937e+00 1.637570394e+00 
1.411954766e+00 1.384010485e+00 1.637570394e+00 
1.473142165e+00 1.730668414e+00 1.930008045e+00 
1.412762520e+00 1.699868938e+00 1.862429606e+00 
1.222940226e+00 1.399082569e+00 1.639782784e+00 
1.322899838e+00 1.482961992e+00 1.679605792e+00 
1.454765751e+00 1.513761468e+00 1.792437651e+00 
1.407714055e+00 1.874180865e+00 2.000000000e+00 
1.193659128e+00 1.609436435e+00 1.847345133e+00 
1.183764136e+00 1.538663172e+00 1.792437651e+00 
1.554725363e+00 1.793577982e+00 2.000000000e+00 
1.591680129e+00 1.576015727e+00 1.847345133e+00 
1.468497577e+00 1.747051114e+00 1.930008045e+00 
1.485864297e+00 1.714285714e+00 1.930008045e+00 
1.123990307e+00 1.383355177e+00 1.486122285e+00 
1.529079160e+00 1.610747051e+00 1.930008045e+00 
1.435783522e+00 1.534076016e+00 1.777353178e+00 
1.311389338e+00 1.340760157e+00 1.613837490e+00 
1.379038772e+00 1.940366972e+00 1.930008045e+00 
1.424474960e+00 1.499344692e+00 1.691472245e+00 
1.375605816e+00 1.505897772e+00 1.692477876e+00 
1.674878837e+00 1.569462647e+00 1.930008045e+00 
1.553311793e+00 1.317169069e+00 1.609613837e+00 
1.181542811e+00 1.521625164e+00 1.693684634e+00 
1.128029079e+00 1.247706422e+00 1.460176991e+00 
1.132067851e+00 1.458060288e+00 1.639782784e+00 
1.168820679e+00 1.420707733e+00 1.623692679e+00 
1.443053312e+00 1.454783748e+00 1.777353178e+00 
1.453957997e+00 1.359764089e+00 1.621480290e+00 
1.144789984e+00 1.558977720e+00 1.709774739e+00 
1.216478191e+00 1.395150721e+00 1.613837490e+00 
1.093295638e+00 1.360419397e+00 1.483909895e+00 
1.381260097e+00 1.239842726e+00 1.361222848e+00 
1.307350565e+00 1.347968545e+00 1.613837490e+00 
1.091276252e+00 1.285058978e+00 1.476267096e+00 
1.379038772e+00 1.959370904e+00 2.000000000e+00 
1.214862682e+00 1.324377457e+00 1.486122285e+00 
1.384693053e+00 1.885976409e+00 2.000000000e+00 
1.188610662e+00 1.354521625e+00 1.484915527e+00 
1.269789984e+00 1.269331586e+00 1.484915527e+00 
1.384491115e+00 1.398427261e+00 1.639782784e+00 
1.257673667e+00 1.266055046e+00 1.468825422e+00 
1.330169628e+00 1.908912189e+00 1.862429606e+00 
1.447495961e+00 1.222149410e+00 1.446098150e+00 
1.383683360e+00 1.243119266e+00 1.455953339e+00 
1.259693053e+00 1.361730013e+00 1.623692679e+00 
1.083198708e+00 1.210353866e+00 1.322606597e+00 
1.315831987e+00 1.249017038e+00 1.484915527e+00 
1.383683360e+00 1.234600262e+00 1.446098150e+00 
1.232633279e+00 1.118610747e+00 1.291230893e+00 
1.041599354e+00 1.279816514e+00 1.331255028e+00 
1.668820679e+00 1.448885976e+00 1.683829445e+00 
1.226978998e+00 1.139580603e+00 1.207562349e+00 
1.411147011e+00 1.224770642e+00 1.458970233e+00 
1.121970921e+00 1.153997379e+00 1.290225261e+00 
1.243941842e+00 1.245085190e+00 1.458970233e+00 
1.000807754e+00 1.106815203e+00 1.167739340e+00 
1.227786753e+00 1.131716907e+00 1.305309735e+00 
1.132471729e+00 1.155963303e+00 1.331255028e+00 
1.252019386e+00 1.129095675e+00 1.292437651e+00 
1.000000000e+00 1.102883355e+00 1.152654867e+00 
1.028271405e+00 1.062909567e+00 1.163515688e+00 
1.100969305e+00 1.000000000e+00 1.000000000e+00 
1.258481422e+00 1.142857143e+00 1.317176187e+00 
1.000000000e+00 1.079947575e+00 1.000000000e+00 
1.028271405e+00 1.049148100e+00 1.000000000e+00 
1.136510501e+00 1.055045872e+00 1.153660499e+00 
1.100969305e+00 1.013106160e+00 1.137570394e+00 

1.604200323e+00 1.475098296e+00 1.777353178e+00 
1.312600969e+00 1.392529489e+00 1.622485921e+00 
1.260298869e+00 1.662516383e+00 1.836484312e+00 
1.132067851e+00 1.458060288e+00 1.639782784e+00 
1.307552504e+00 1.744429882e+00 1.930008045e+00 
1.348142165e+00 1.509174312e+00 1.777353178e+00 
1.091276252e+00 1.285058978e+00 1.476267096e+00 
1.267164782e+00 1.636304063e+00 1.836484312e+00 
1.411954766e+00 1.384010485e+00 1.637570394e+00 
1.218295638e+00 1.585845347e+00 1.698913918e+00 
1.259087237e+00 1.758846658e+00 1.862429606e+00 
1.453957997e+00 1.359764089e+00 1.621480290e+00 
1.747172859e+00 1.463302752e+00 1.762268705e+00 
1.470920840e+00 1.499344692e+00 1.775140788e+00 
1.365105008e+00 1.513761468e+00 1.792437651e+00 
1.447495961e+00 1.222149410e+00 1.446098150e+00 
1.301090468e+00 1.816513761e+00 1.930008045e+00 
1.220516963e+00 1.501310616e+00 1.776347546e+00 
1.450726979e+00 1.581258191e+00 1.930008045e+00 
1.390145396e+00 1.621887287e+00 1.847345133e+00 
1.460016155e+00 1.461992136e+00 1.683829445e+00 
1.433966074e+00 1.834862385e+00 2.000000000e+00 
1.384491115e+00 1.398427261e+00 1.639782784e+00 
1.339256866e+00 1.489515072e+00 1.766492357e+00 
1.674878837e+00 1.569462647e+00 1.930008045e+00 
1.380048465e+00 1.662516383e+00 1.930008045e+00 
1.216478191e+00 1.395150721e+00 1.613837490e+00 
1.389337641e+00 1.371559633e+00 1.622485921e+00 
1.222940226e+00 1.399082569e+00 1.639782784e+00 
1.257673667e+00 1.266055046e+00 1.468825422e+00 
1.123990307e+00 1.383355177e+00 1.486122285e+00 
1.617932149e+00 1.513106160e+00 1.792437651e+00 
1.381260097e+00 1.239842726e+00 1.361222848e+00 
1.531502423e+00 1.486238532e+00 1.775140788e+00 
1.311389338e+00 1.340760157e+00 1.613837490e+00 
1.315831987e+00 1.249017038e+00 1.484915527e+00 
1.383683360e+00 1.234600262e+00 1.446098150e+00 
1.399030695e+00 1.500655308e+00 1.777353178e+00 
1.280088853e+00 1.694626474e+00 1.847345133e+00 
1.457996769e+00 1.363695937e+00 1.637570394e+00 
1.264943457e+00 1.385976409e+00 1.611625101e+00 
1.362277868e+00 1.624508519e+00 1.792437651e+00 
1.383683360e+00 1.243119266e+00 1.455953339e+00 
1.243941842e+00 1.245085190e+00 1.458970233e+00 
1.269789984e+00 1.269331586e+00 1.484915527e+00 
1.121970921e+00 1.153997379e+00 1.290225261e+00 
1.128029079e+00 1.247706422e+00 1.460176991e+00 
1.168820679e+00 1.420707733e+00 1.623692679e+00 
1.411147011e+00 1.224770642e+00 1.458970233e+00 
1.083198708e+00 1.210353866e+00 1.322606597e+00 
1.093295638e+00 1.360419397e+00 1.483909895e+00 
1.041599354e+00 1.279816514e+00 1.331255028e+00 
1.188610662e+00 1.354521625e+00 1.484915527e+00 
1.252019386e+00 1.129095675e+00 1.292437651e+00 
1.375000000e+00 1.693971166e+00 1.847345133e+00 
1.214862682e+00 1.324377457e+00 1.486122285e+00 
1.132471729e+00 1.155963303e+00 1.331255028e+00 
1.285541195e+00 1.363040629e+00 1.612831858e+00 
1.258481422e+00 1.142857143e+00 1.317176187e+00 
1.227786753e+00 1.131716907e+00 1.305309735e+00 
1.136510501e+00 1.055045872e+00 1.153660499e+00 
1.000807754e+00 1.106815203e+00 1.167739340e+00 
1.000000000e+00 1.079947575e+00 1.000000000e+00 
1.028271405e+00 1.062909567e+00 1.163515688e+00 
1.100969305e+00 1.000000000e+00 1.000000000e+00 
1.226978998e+00 1.139580603e+00 1.207562349e+00 
1.000000000e+00 1.102883355e+00 1.152654867e+00 
1.028271405e+00 1.049148100e+00 1.000000000e+00 
1.100969305e+00 1.013106160e+00 1.137570394e+00 
1.232633279e+00 1.118610747e+00 1.291230893e+00 

1.453957997e+00 1.359764089e+00 1.621480290e+00 
1.487479806e+00 1.614678899e+00 1.930008045e+00 
1.287964459e+00 1.652686763e+00 1.862429606e+00 
1.259693053e+00 1.361730013e+00 1.623692679e+00 
1.267770598e+00 1.797509830e+00 1.862429606e+00 
1.318255250e+00 1.348623853e+00 1.613837490e+00 
1.183764136e+00 1.538663172e+00 1.792437651e+00 
1.688206785e+00 1.505897772e+00 1.792437651e+00 
1.468901454e+00 1.456094364e+00 1.766492357e+00 
1.779684976e+00 1.711009174e+00 2.000000000e+00 
1.388126010e+00 1.749672346e+00 2.000000000e+00 
1.384491115e+00 1.398427261e+00 1.639782784e+00 
1.390145396e+00 1.621887287e+00 1.847345133e+00 
1.435783522e+00 1.534076016e+00 1.777353178e+00 
1.222940226e+00 1.399082569e+00 1.639782784e+00 
1.526655897e+00 1.513106160e+00 1.792437651e+00 
1.325121163e+00 1.636304063e+00 1.930008045e+00 
1.284531502e+00 1.726081258e+00 1.846339501e+00 
1.706785137e+00 1.581913499e+00 1.845132743e+00 
1.684975767e+00 1.600262123e+00 1.845132743e+00 
1.383683360e+00 1.243119266e+00 1.455953339e+00 
1.216478191e+00 1.395150721e+00 1.613837490e+00 
1.789176090e+00 1.710353866e+00 2.000000000e+00 
1.168820679e+00 1.420707733e+00 1.623692679e+00 
1.715670436e+00 1.587811271e+00 1.862429606e+00 
1.381663974e+00 1.532765400e+00 1.775140788e+00 
1.604200323e+00 1.475098296e+00 1.777353178e+00 
1.752827141e+00 1.538007864e+00 1.930008045e+00 
1.383683360e+00 1.234600262e+00 1.446098150e+00 
1.571890145e+00 1.500655308e+00 1.777353178e+00 
1.553311793e+00 1.317169069e+00 1.609613837e+00 
1.342487884e+00 1.521625164e+00 1.683829445e+00 
1.257673667e+00 1.266055046e+00 1.468825422e+00 
1.214862682e+00 1.324377457e+00 1.486122285e+00 
1.680129241e+00 1.607470511e+00 1.845132743e+00 
1.674273021e+00 1.736566186e+00 2.000000000e+00 
1.411954766e+00 1.384010485e+00 1.637570394e+00 
1.132067851e+00 1.458060288e+00 1.639782784e+00 
1.428109855e+00 1.489515072e+00 1.766492357e+00 
1.695476575e+00 1.431847969e+00 1.762268705e+00 
1.746365105e+00 1.589777195e+00 1.930008045e+00 
1.091276252e+00 1.285058978e+00 1.476267096e+00 
1.315831987e+00 1.249017038e+00 1.484915527e+00 
1.093295638e+00 1.360419397e+00 1.483909895e+00 
1.132471729e+00 1.155963303e+00 1.331255028e+00 
1.269789984e+00 1.269331586e+00 1.484915527e+00 
1.128029079e+00 1.247706422e+00 1.460176991e+00 
1.121970921e+00 1.153997379e+00 1.290225261e+00 
1.531502423e+00 1.486238532e+00 1.775140788e+00 
1.411147011e+00 1.224770642e+00 1.458970233e+00 
1.252019386e+00 1.129095675e+00 1.292437651e+00 
1.381260097e+00 1.239842726e+00 1.361222848e+00 
1.041599354e+00 1.279816514e+00 1.331255028e+00 
1.123990307e+00 1.383355177e+00 1.486122285e+00 
1.188610662e+00 1.354521625e+00 1.484915527e+00 
1.226978998e+00 1.139580603e+00 1.207562349e+00 
1.243941842e+00 1.245085190e+00 1.458970233e+00 
1.447495961e+00 1.222149410e+00 1.446098150e+00 
1.457996769e+00 1.363695937e+00 1.637570394e+00 
1.232633279e+00 1.118610747e+00 1.291230893e+00 
1.000000000e+00 1.102883355e+00 1.152654867e+00 
1.028271405e+00 1.049148100e+00 1.000000000e+00 
1.227786753e+00 1.131716907e+00 1.305309735e+00 
1.000807754e+00 1.106815203e+00 1.167739340e+00 
1.083198708e+00 1.210353866e+00 1.322606597e+00 
1.258481422e+00 1.142857143e+00 1.317176187e+00 
1.000000000e+00 1.079947575e+00 1.000000000e+00 
1.136510501e+00 1.055045872e+00 1.153660499e+00 
1.100969305e+00 1.013106160e+00 1.137570394e+00 
1.028271405e+00 1.062909567e+00 1.163515688e+00 
1.100969305e+00 1.000000000e+00 1.000000000e+00 

1.424273021e+00 1.699213630e+00 1.862429606e+00 
1.193659128e+00 1.609436435e+00 1.847345133e+00 
1.607027464e+00 1.614678899e+00 1.930008045e+00 
1.311389338e+00 1.340760157e+00 1.613837490e+00 
1.322899838e+00 1.482961992e+00 1.679605792e+00 
1.585218094e+00 1.556356488e+00 1.792437651e+00 
1.322495961e+00 1.737876802e+00 1.862429606e+00 
1.305735057e+00 1.558977720e+00 1.775140788e+00 
1.527463651e+00 1.564875491e+00 1.792437651e+00 
1.610662359e+00 1.423328965e+00 1.777353178e+00 
1.412762520e+00 1.699868938e+00 1.862429606e+00 
1.375605816e+00 1.505897772e+00 1.692477876e+00 
1.168820679e+00 1.420707733e+00 1.623692679e+00 
1.609854604e+00 1.518348624e+00 1.792437651e+00 
1.383683360e+00 1.234600262e+00 1.446098150e+00 
1.144789984e+00 1.558977720e+00 1.709774739e+00 
1.091276252e+00 1.285058978e+00 1.476267096e+00 
1.344507270e+00 1.549148100e+00 1.707562349e+00 
1.132067851e+00 1.458060288e+00 1.639782784e+00 
1.351777060e+00 1.734600262e+00 1.930008045e+00 
1.181542811e+00 1.521625164e+00 1.693684634e+00 
1.424474960e+00 1.499344692e+00 1.691472245e+00 
1.674878837e+00 1.569462647e+00 1.930008045e+00 
1.400646204e+00 1.577981651e+00 1.792437651e+00 
1.447495961e+00 1.222149410e+00 1.446098150e+00 
1.591680129e+00 1.576015727e+00 1.847345133e+00 
1.222940226e+00 1.399082569e+00 1.639782784e+00 
1.443053312e+00 1.454783748e+00 1.777353178e+00 
1.259693053e+00 1.361730013e+00 1.623692679e+00 
1.128029079e+00 1.247706422e+00 1.460176991e+00 
1.121970921e+00 1.153997379e+00 1.290225261e+00 
1.317043619e+00 1.561598952e+00 1.776347546e+00 
1.553311793e+00 1.317169069e+00 1.609613837e+00 
1.381260097e+00 1.239842726e+00 1.361222848e+00 
1.485864297e+00 1.700524246e+00 1.930008045e+00 
1.411147011e+00 1.224770642e+00 1.458970233e+00 
1.411954766e+00 1.384010485e+00 1.637570394e+00 
1.216478191e+00 1.395150721e+00 1.613837490e+00 
1.093295638e+00 1.360419397e+00 1.483909895e+00 
1.348142165e+00 1.509174312e+00 1.777353178e+00 
1.315831987e+00 1.249017038e+00 1.484915527e+00 
1.083198708e+00 1.210353866e+00 1.322606597e+00 
1.243941842e+00 1.245085190e+00 1.458970233e+00 
1.383683360e+00 1.243119266e+00 1.455953339e+00 
1.226978998e+00 1.139580603e+00 1.207562349e+00 
1.384491115e+00 1.398427261e+00 1.639782784e+00 
1.252019386e+00 1.129095675e+00 1.292437651e+00 
1.269789984e+00 1.269331586e+00 1.484915527e+00 
1.188610662e+00 1.354521625e+00 1.484915527e+00 
1.227786753e+00 1.131716907e+00 1.305309735e+00 
1.123990307e+00 1.383355177e+00 1.486122285e+00 
1.028271405e+00 1.062909567e+00 1.163515688e+00 
1.041599354e+00 1.279816514e+00 1.331255028e+00 
1.257673667e+00 1.266055046e+00 1.468825422e+00 
1.214862682e+00 1.324377457e+00 1.486122285e+00 
1.000000000e+00 1.102883355e+00 1.152654867e+00 
1.258481422e+00 1.142857143e+00 1.317176187e+00 
1.136510501e+00 1.055045872e+00 1.153660499e+00 
1.132471729e+00 1.155963303e+00 1.331255028e+00 
1.232633279e+00 1.118610747e+00 1.291230893e+00 
1.000807754e+00 1.106815203e+00 1.167739340e+00 
1.028271405e+00 1.049148100e+00 1.000000000e+00 
1.100969305e+00 1.000000000e+00 1.000000000e+00 
1.000000000e+00 1.079947575e+00 1.000000000e+00 
1.100969305e+00 1.013106160e+00 1.137570394e+00 

1.216478191e+00 1.395150721e+00 1.613837490e+00 
1.222940226e+00 1.399082569e+00 1.639782784e+00 
1.307350565e+00 1.347968545e+00 1.613837490e+00 
1.183764136e+00 1.538663172e+00 1.792437651e+00 
1.540387722e+00 1.532110092e+00 1.792437651e+00 
1.188610662e+00 1.354521625e+00 1.484915527e+00 
1.259693053e+00 1.361730013e+00 1.623692679e+00 
1.324717286e+00 1.615334207e+00 1.846339501e+00 
1.091276252e+00 1.285058978e+00 1.476267096e+00 
1.383683360e+00 1.243119266e+00 1.455953339e+00 
1.220516963e+00 1.501310616e+00 1.776347546e+00 
1.553311793e+00 1.317169069e+00 1.609613837e+00 
1.132067851e+00 1.458060288e+00 1.639782784e+00 
1.352786753e+00 1.762778506e+00 1.862429606e+00 
1.688206785e+00 1.505897772e+00 1.792437651e+00 
1.243941842e+00 1.245085190e+00 1.458970233e+00 
1.411954766e+00 1.384010485e+00 1.637570394e+00 
1.441841680e+00 1.760157274e+00 1.930008045e+00 
1.381260097e+00 1.239842726e+00 1.361222848e+00 
1.123990307e+00 1.383355177e+00 1.486122285e+00 
1.475767367e+00 1.398427261e+00 1.639782784e+00 
1.447495961e+00 1.222149410e+00 1.446098150e+00 
1.383683360e+00 1.234600262e+00 1.446098150e+00 
1.450726979e+00 1.581258191e+00 1.930008045e+00 
1.411147011e+00 1.224770642e+00 1.458970233e+00 
1.252019386e+00 1.129095675e+00 1.292437651e+00 
1.083198708e+00 1.210353866e+00 1.322606597e+00 
1.269789984e+00 1.269331586e+00 1.484915527e+00 
1.168820679e+00 1.420707733e+00 1.623692679e+00 
1.315831987e+00 1.249017038e+00 1.484915527e+00 
1.121970921e+00 1.153997379e+00 1.290225261e+00 
1.128029079e+00 1.247706422e+00 1.460176991e+00 
1.214862682e+00 1.324377457e+00 1.486122285e+00 
1.457996769e+00 1.363695937e+00 1.637570394e+00 
1.311389338e+00 1.340760157e+00 1.613837490e+00 
1.232633279e+00 1.118610747e+00 1.291230893e+00 
1.390145396e+00 1.621887287e+00 1.847345133e+00 
1.443053312e+00 1.454783748e+00 1.777353178e+00 
1.093295638e+00 1.360419397e+00 1.483909895e+00 
1.257673667e+00 1.266055046e+00 1.468825422e+00 
1.399030695e+00 1.500655308e+00 1.777353178e+00 
1.258481422e+00 1.142857143e+00 1.317176187e+00 
1.227786753e+00 1.131716907e+00 1.305309735e+00 
1.000000000e+00 1.079947575e+00 1.000000000e+00 
1.041599354e+00 1.279816514e+00 1.331255028e+00 
1.136510501e+00 1.055045872e+00 1.153660499e+00 
1.132471729e+00 1.155963303e+00 1.331255028e+00 
1.000000000e+00 1.102883355e+00 1.152654867e+00 
1.028271405e+00 1.062909567e+00 1.163515688e+00 
1.100969305e+00 1.000000000e+00 1.000000000e+00 
1.226978998e+00 1.139580603e+00 1.207562349e+00 
1.028271405e+00 1.049148100e+00 1.000000000e+00 
1.000807754e+00 1.106815203e+00 1.167739340e+00 
1.100969305e+00 1.013106160e+00 1.137570394e+00 

1.307350565e+00 1.347968545e+00 1.613837490e+00 
1.610662359e+00 1.423328965e+00 1.777353178e+00 
1.222940226e+00 1.399082569e+00 1.639782784e+00 
1.298667205e+00 1.608781127e+00 1.847345133e+00 
1.401857835e+00 1.476408912e+00 1.776347546e+00 
1.571486268e+00 1.550458716e+00 1.930008045e+00 
1.453957997e+00 1.359764089e+00 1.621480290e+00 
1.450726979e+00 1.581258191e+00 1.930008045e+00 
1.411954766e+00 1.384010485e+00 1.637570394e+00 
1.359046850e+00 1.521625164e+00 1.777353178e+00 
1.553311793e+00 1.317169069e+00 1.609613837e+00 
1.287964459e+00 1.652686763e+00 1.862429606e+00 
1.220516963e+00 1.501310616e+00 1.776347546e+00 
1.093295638e+00 1.360419397e+00 1.483909895e+00 
1.311389338e+00 1.340760157e+00 1.613837490e+00 
1.429321486e+00 1.435779817e+00 1.777353178e+00 
1.183764136e+00 1.538663172e+00 1.792437651e+00 
1.128029079e+00 1.247706422e+00 1.460176991e+00 
1.216478191e+00 1.395150721e+00 1.613837490e+00 
1.181542811e+00 1.521625164e+00 1.693684634e+00 
1.384491115e+00 1.398427261e+00 1.639782784e+00 
1.168820679e+00 1.420707733e+00 1.623692679e+00 
1.325121163e+00 1.636304063e+00 1.930008045e+00 
1.365105008e+00 1.513761468e+00 1.792437651e+00 
1.259693053e+00 1.361730013e+00 1.623692679e+00 
1.607431341e+00 1.834862385e+00 2.000000000e+00 
1.257673667e+00 1.266055046e+00 1.468825422e+00 
1.383683360e+00 1.234600262e+00 1.446098150e+00 
1.258481422e+00 1.142857143e+00 1.317176187e+00 
1.411147011e+00 1.224770642e+00 1.458970233e+00 
1.226978998e+00 1.139580603e+00 1.207562349e+00 
1.121970921e+00 1.153997379e+00 1.290225261e+00 
1.315831987e+00 1.249017038e+00 1.484915527e+00 
1.252019386e+00 1.129095675e+00 1.292437651e+00 
1.381260097e+00 1.239842726e+00 1.361222848e+00 
1.227786753e+00 1.131716907e+00 1.305309735e+00 
1.188610662e+00 1.354521625e+00 1.484915527e+00 
1.132067851e+00 1.458060288e+00 1.639782784e+00 
1.123990307e+00 1.383355177e+00 1.486122285e+00 
1.383683360e+00 1.243119266e+00 1.455953339e+00 
1.269789984e+00 1.269331586e+00 1.484915527e+00 
1.366316640e+00 1.488859764e+00 1.766492357e+00 
1.132471729e+00 1.155963303e+00 1.331255028e+00 
1.091276252e+00 1.285058978e+00 1.476267096e+00 
1.232633279e+00 1.118610747e+00 1.291230893e+00 
1.083198708e+00 1.210353866e+00 1.322606597e+00 
1.447495961e+00 1.222149410e+00 1.446098150e+00 
1.214862682e+00 1.324377457e+00 1.486122285e+00 
1.243941842e+00 1.245085190e+00 1.458970233e+00 
1.100969305e+00 1.013106160e+00 1.137570394e+00 
1.041599354e+00 1.279816514e+00 1.331255028e+00 
1.000000000e+00 1.102883355e+00 1.152654867e+00 
1.000000000e+00 1.079947575e+00 1.000000000e+00 
1.028271405e+00 1.062909567e+00 1.163515688e+00 
1.000807754e+00 1.106815203e+00 1.167739340e+00 
1.028271405e+00 1.049148100e+00 1.000000000e+00 
1.136510501e+00 1.055045872e+00 1.153660499e+00 
1.100969305e+00 1.000000000e+00 1.000000000e+00 

1.325121163e+00 1.636304063e+00 1.930008045e+00 
1.487479806e+00 1.614678899e+00 1.930008045e+00 
1.311389338e+00 1.340760157e+00 1.613837490e+00 
1.736672052e+00 1.549803408e+00 1.847345133e+00 
1.287964459e+00 1.652686763e+00 1.862429606e+00 
1.307956381e+00 1.809305374e+00 2.000000000e+00 
1.564822294e+00 1.604849279e+00 1.832260660e+00 
1.220516963e+00 1.501310616e+00 1.776347546e+00 
1.348142165e+00 1.509174312e+00 1.777353178e+00 
1.298667205e+00 1.608781127e+00 1.847345133e+00 
1.307350565e+00 1.347968545e+00 1.613837490e+00 
1.335823910e+00 1.724115334e+00 2.000000000e+00 
1.259693053e+00 1.361730013e+00 1.623692679e+00 
1.529079160e+00 1.610747051e+00 1.930008045e+00 
1.265549273e+00 1.686762779e+00 1.862429606e+00 
1.401857835e+00 1.476408912e+00 1.776347546e+00 
1.610662359e+00 1.423328965e+00 1.777353178e+00 
1.429321486e+00 1.435779817e+00 1.777353178e+00 
1.386914378e+00 1.496068152e+00 1.777353178e+00 
1.168820679e+00 1.420707733e+00 1.623692679e+00 
1.267164782e+00 1.636304063e+00 1.836484312e+00 
1.411147011e+00 1.224770642e+00 1.458970233e+00 
1.447495961e+00 1.222149410e+00 1.446098150e+00 
1.216478191e+00 1.395150721e+00 1.613837490e+00 
1.553311793e+00 1.317169069e+00 1.609613837e+00 
1.183764136e+00 1.538663172e+00 1.792437651e+00 
1.093295638e+00 1.360419397e+00 1.483909895e+00 
1.365105008e+00 1.513761468e+00 1.792437651e+00 
1.132067851e+00 1.458060288e+00 1.639782784e+00 
1.041599354e+00 1.279816514e+00 1.331255028e+00 
1.144789984e+00 1.558977720e+00 1.709774739e+00 
1.091276252e+00 1.285058978e+00 1.476267096e+00 
1.188610662e+00 1.354521625e+00 1.484915527e+00 
1.571486268e+00 1.550458716e+00 1.930008045e+00 
1.128029079e+00 1.247706422e+00 1.460176991e+00 
1.286954766e+00 1.673656619e+00 1.862429606e+00 
1.123990307e+00 1.383355177e+00 1.486122285e+00 
1.222940226e+00 1.399082569e+00 1.639782784e+00 
1.121970921e+00 1.153997379e+00 1.290225261e+00 
1.384491115e+00 1.398427261e+00 1.639782784e+00 
1.383683360e+00 1.243119266e+00 1.455953339e+00 
1.214862682e+00 1.324377457e+00 1.486122285e+00 
1.383683360e+00 1.234600262e+00 1.446098150e+00 
1.381260097e+00 1.239842726e+00 1.361222848e+00 
1.315831987e+00 1.249017038e+00 1.484915527e+00 
1.226978998e+00 1.139580603e+00 1.207562349e+00 
1.257673667e+00 1.266055046e+00 1.468825422e+00 
1.243941842e+00 1.245085190e+00 1.458970233e+00 
1.227786753e+00 1.131716907e+00 1.305309735e+00 
1.526655897e+00 1.513106160e+00 1.792437651e+00 
1.269789984e+00 1.269331586e+00 1.484915527e+00 
1.411954766e+00 1.384010485e+00 1.637570394e+00 
1.258481422e+00 1.142857143e+00 1.317176187e+00 
1.083198708e+00 1.210353866e+00 1.322606597e+00 
1.232633279e+00 1.118610747e+00 1.291230893e+00 
1.252019386e+00 1.129095675e+00 1.292437651e+00 
1.100969305e+00 1.013106160e+00 1.137570394e+00 
1.136510501e+00 1.055045872e+00 1.153660499e+00 
1.028271405e+00 1.049148100e+00 1.000000000e+00 
1.132471729e+00 1.155963303e+00 1.331255028e+00 
1.028271405e+00 1.062909567e+00 1.163515688e+00 
1.100969305e+00 1.000000000e+00 1.000000000e+00 
1.000807754e+00 1.106815203e+00 1.167739340e+00 
1.000000000e+00 1.079947575e+00 1.000000000e+00 
1.000000000e+00 1.102883355e+00 1.152654867e+00 

1.389337641e+00 1.371559633e+00 1.622485921e+00 
1.429321486e+00 1.435779817e+00 1.777353178e+00 
1.222940226e+00 1.399082569e+00 1.639782784e+00 
1.388126010e+00 1.749672346e+00 2.000000000e+00 
1.324717286e+00 1.615334207e+00 1.846339501e+00 
1.591680129e+00 1.728702490e+00 2.000000000e+00 
1.325121163e+00 1.636304063e+00 1.930008045e+00 
1.447495961e+00 1.222149410e+00 1.446098150e+00 
1.610662359e+00 1.423328965e+00 1.777353178e+00 
1.399030695e+00 1.500655308e+00 1.777353178e+00 
1.450726979e+00 1.581258191e+00 1.930008045e+00 
1.287964459e+00 1.652686763e+00 1.862429606e+00 
1.322899838e+00 1.482961992e+00 1.679605792e+00 
1.267770598e+00 1.797509830e+00 1.862429606e+00 
1.381260097e+00 1.239842726e+00 1.361222848e+00 
1.365105008e+00 1.513761468e+00 1.792437651e+00 
1.936995153e+00 1.690039318e+00 2.000000000e+00 
1.168820679e+00 1.420707733e+00 1.623692679e+00 
1.553311793e+00 1.317169069e+00 1.609613837e+00 
1.243941842e+00 1.245085190e+00 1.458970233e+00 
1.788368336e+00 1.568807339e+00 1.930008045e+00 
1.220516963e+00 1.501310616e+00 1.776347546e+00 
1.311389338e+00 1.340760157e+00 1.613837490e+00 
1.214862682e+00 1.324377457e+00 1.486122285e+00 
1.232633279e+00 1.118610747e+00 1.291230893e+00 
1.128029079e+00 1.247706422e+00 1.460176991e+00 
1.383683360e+00 1.234600262e+00 1.446098150e+00 
1.384491115e+00 1.398427261e+00 1.639782784e+00 
1.183764136e+00 1.538663172e+00 1.792437651e+00 
1.383683360e+00 1.243119266e+00 1.455953339e+00 
1.216478191e+00 1.395150721e+00 1.613837490e+00 
1.264943457e+00 1.385976409e+00 1.611625101e+00 
1.226978998e+00 1.139580603e+00 1.207562349e+00 
1.188610662e+00 1.354521625e+00 1.484915527e+00 
1.315831987e+00 1.249017038e+00 1.484915527e+00 
1.320274637e+00 1.385321101e+00 1.621480290e+00 
1.121970921e+00 1.153997379e+00 1.290225261e+00 
1.252019386e+00 1.129095675e+00 1.292437651e+00 
1.093295638e+00 1.360419397e+00 1.483909895e+00 
1.257673667e+00 1.266055046e+00 1.468825422e+00 
1.132067851e+00 1.458060288e+00 1.639782784e+00 
1.453957997e+00 1.359764089e+00 1.621480290e+00 
1.411147011e+00 1.224770642e+00 1.458970233e+00 
1.227786753e+00 1.131716907e+00 1.305309735e+00 
1.269789984e+00 1.269331586e+00 1.484915527e+00 
1.123990307e+00 1.383355177e+00 1.486122285e+00 
1.132471729e+00 1.155963303e+00 1.331255028e+00 
1.091276252e+00 1.285058978e+00 1.476267096e+00 
1.258481422e+00 1.142857143e+00 1.317176187e+00 
1.041599354e+00 1.279816514e+00 1.331255028e+00 
1.136510501e+00 1.055045872e+00 1.153660499e+00 
1.000807754e+00 1.106815203e+00 1.167739340e+00 
1.100969305e+00 1.013106160e+00 1.137570394e+00 
1.083198708e+00 1.210353866e+00 1.322606597e+00 
1.028271405e+00 1.049148100e+00 1.000000000e+00 
1.000000000e+00 1.079947575e+00 1.000000000e+00 
1.000000000e+00 1.102883355e+00 1.152654867e+00 
1.100969305e+00 1.000000000e+00 1.000000000e+00 
1.028271405e+00 1.062909567e+00 1.163515688e+00 

1.384693053e+00 1.885976409e+00 2.000000000e+00 
1.193659128e+00 1.609436435e+00 1.847345133e+00 
1.144789984e+00 1.558977720e+00 1.709774739e+00 
1.674878837e+00 1.569462647e+00 1.930008045e+00 
1.181542811e+00 1.502621232e+00 1.623692679e+00 
1.181542811e+00 1.521625164e+00 1.693684634e+00 
1.259693053e+00 1.361730013e+00 1.623692679e+00 
1.334208401e+00 1.520969856e+00 1.683829445e+00 
1.688206785e+00 1.505897772e+00 1.792437651e+00 
1.344507270e+00 1.549148100e+00 1.707562349e+00 
1.219911147e+00 1.589777195e+00 1.777353178e+00 
1.375605816e+00 1.505897772e+00 1.692477876e+00 
1.305936995e+00 1.866972477e+00 1.930008045e+00 
1.428109855e+00 1.489515072e+00 1.766492357e+00 
1.699717286e+00 1.768020970e+00 2.000000000e+00 
1.181946688e+00 1.471166448e+00 1.546259051e+00 
1.673667205e+00 1.570117955e+00 1.847345133e+00 
1.175080775e+00 1.552424640e+00 1.639782784e+00 
1.273424879e+00 1.555701180e+00 1.777353178e+00 
1.136712439e+00 1.484272608e+00 1.556114240e+00 
1.365105008e+00 1.513761468e+00 1.792437651e+00 
1.298667205e+00 1.608781127e+00 1.847345133e+00 
1.584006462e+00 1.387287025e+00 1.624698311e+00 
1.335823910e+00 1.835517693e+00 1.862429606e+00 
1.736672052e+00 1.549803408e+00 1.847345133e+00 
1.870759289e+00 1.762123198e+00 2.000000000e+00 
1.123990307e+00 1.383355177e+00 1.486122285e+00 
1.619951535e+00 1.800786370e+00 2.000000000e+00 
1.422657512e+00 1.490170380e+00 1.679605792e+00 
1.490306947e+00 1.342726081e+00 1.516090105e+00 
1.216478191e+00 1.395150721e+00 1.613837490e+00 
1.222940226e+00 1.399082569e+00 1.639782784e+00 
1.429321486e+00 1.435779817e+00 1.777353178e+00 
1.610662359e+00 1.423328965e+00 1.777353178e+00 
1.197495961e+00 1.474442988e+00 1.553901850e+00 
1.553311793e+00 1.317169069e+00 1.609613837e+00 
1.355008078e+00 1.564220183e+00 1.792437651e+00 
1.390953150e+00 1.688728702e+00 1.930008045e+00 
1.383683360e+00 1.243119266e+00 1.455953339e+00 
1.450726979e+00 1.581258191e+00 1.930008045e+00 
1.384491115e+00 1.398427261e+00 1.639782784e+00 
1.381260097e+00 1.239842726e+00 1.361222848e+00 
1.269789984e+00 1.269331586e+00 1.484915527e+00 
1.128029079e+00 1.247706422e+00 1.460176991e+00 
1.188610662e+00 1.354521625e+00 1.484915527e+00 
1.083198708e+00 1.210353866e+00 1.322606597e+00 
1.315831987e+00 1.249017038e+00 1.484915527e+00 
1.447495961e+00 1.222149410e+00 1.446098150e+00 
1.307350565e+00 1.347968545e+00 1.613837490e+00 
1.121970921e+00 1.153997379e+00 1.290225261e+00 
1.383683360e+00 1.234600262e+00 1.446098150e+00 
1.257673667e+00 1.266055046e+00 1.468825422e+00 
1.424474960e+00 1.499344692e+00 1.691472245e+00 
1.214862682e+00 1.324377457e+00 1.486122285e+00 
1.226978998e+00 1.139580603e+00 1.207562349e+00 
1.091276252e+00 1.285058978e+00 1.476267096e+00 
1.411147011e+00 1.224770642e+00 1.458970233e+00 
1.232633279e+00 1.118610747e+00 1.291230893e+00 
1.093295638e+00 1.360419397e+00 1.483909895e+00 
1.132471729e+00 1.155963303e+00 1.331255028e+00 
1.243941842e+00 1.245085190e+00 1.458970233e+00 
1.041599354e+00 1.279816514e+00 1.331255028e+00 
1.227786753e+00 1.131716907e+00 1.305309735e+00 
1.258481422e+00 1.142857143e+00 1.317176187e+00 
1.000807754e+00 1.106815203e+00 1.167739340e+00 
1.252019386e+00 1.129095675e+00 1.292437651e+00 
1.100969305e+00 1.013106160e+00 1.137570394e+00 
1.000000000e+00 1.102883355e+00 1.152654867e+00 
1.028271405e+00 1.049148100e+00 1.000000000e+00 
1.100969305e+00 1.000000000e+00 1.000000000e+00 
1.136510501e+00 1.055045872e+00 1.153660499e+00 
1.000000000e+00 1.079947575e+00 1.000000000e+00 
1.028271405e+00 1.062909567e+00 1.163515688e+00 

1.181542811e+00 1.521625164e+00 1.693684634e+00 
1.424474960e+00 1.499344692e+00 1.691472245e+00 
1.364903069e+00 1.614678899e+00 1.847345133e+00 
1.399030695e+00 1.500655308e+00 1.777353178e+00 
1.450726979e+00 1.581258191e+00 1.930008045e+00 
1.591680129e+00 1.576015727e+00 1.847345133e+00 
1.311389338e+00 1.340760157e+00 1.613837490e+00 
1.674878837e+00 1.569462647e+00 1.930008045e+00 
1.324717286e+00 1.615334207e+00 1.846339501e+00 
1.429321486e+00 1.435779817e+00 1.777353178e+00 
1.220516963e+00 1.501310616e+00 1.776347546e+00 
1.453957997e+00 1.359764089e+00 1.621480290e+00 
1.752827141e+00 1.538007864e+00 1.930008045e+00 
1.240306947e+00 1.435124509e+00 1.637570394e+00 
1.411954766e+00 1.384010485e+00 1.637570394e+00 
1.383683360e+00 1.243119266e+00 1.455953339e+00 
1.214862682e+00 1.324377457e+00 1.486122285e+00 
1.183764136e+00 1.538663172e+00 1.792437651e+00 
1.475767367e+00 1.398427261e+00 1.639782784e+00 
1.287964459e+00 1.652686763e+00 1.862429606e+00 
1.093295638e+00 1.360419397e+00 1.483909895e+00 
1.447495961e+00 1.222149410e+00 1.446098150e+00 
1.322899838e+00 1.482961992e+00 1.679605792e+00 
1.325121163e+00 1.636304063e+00 1.930008045e+00 
1.617932149e+00 1.513106160e+00 1.792437651e+00 
1.216478191e+00 1.395150721e+00 1.613837490e+00 
1.259693053e+00 1.361730013e+00 1.623692679e+00 
1.411147011e+00 1.224770642e+00 1.458970233e+00 
1.398222940e+00 1.417431193e+00 1.639782784e+00 
1.540387722e+00 1.532110092e+00 1.792437651e+00 
1.258481422e+00 1.142857143e+00 1.317176187e+00 
1.269789984e+00 1.269331586e+00 1.484915527e+00 
1.257673667e+00 1.266055046e+00 1.468825422e+00 
1.315831987e+00 1.249017038e+00 1.484915527e+00 
1.123990307e+00 1.383355177e+00 1.486122285e+00 
1.357027464e+00 1.439056356e+00 1.638777152e+00 
1.083198708e+00 1.210353866e+00 1.322606597e+00 
1.457996769e+00 1.363695937e+00 1.637570394e+00 
1.610662359e+00 1.423328965e+00 1.777353178e+00 
1.383683360e+00 1.234600262e+00 1.446098150e+00 
1.132471729e+00 1.155963303e+00 1.331255028e+00 
1.091276252e+00 1.285058978e+00 1.476267096e+00 
1.168820679e+00 1.420707733e+00 1.623692679e+00 
1.252019386e+00 1.129095675e+00 1.292437651e+00 
1.243941842e+00 1.245085190e+00 1.458970233e+00 
1.381260097e+00 1.239842726e+00 1.361222848e+00 
1.188610662e+00 1.354521625e+00 1.484915527e+00 
1.121970921e+00 1.153997379e+00 1.290225261e+00 
1.128029079e+00 1.247706422e+00 1.460176991e+00 
1.041599354e+00 1.279816514e+00 1.331255028e+00 
1.227786753e+00 1.131716907e+00 1.305309735e+00 
1.132067851e+00 1.458060288e+00 1.639782784e+00 
1.136510501e+00 1.055045872e+00 1.153660499e+00 
1.000000000e+00 1.079947575e+00 1.000000000e+00 
1.028271405e+00 1.062909567e+00 1.163515688e+00 
1.100969305e+00 1.000000000e+00 1.000000000e+00 
1.226978998e+00 1.139580603e+00 1.207562349e+00 
1.000000000e+00 1.102883355e+00 1.152654867e+00 
1.100969305e+00 1.013106160e+00 1.137570394e+00 
1.232633279e+00 1.118610747e+00 1.291230893e+00 
1.000807754e+00 1.106815203e+00 1.167739340e+00 
1.028271405e+00 1.049148100e+00 1.000000000e+00 
