1.558229814e+00 1.899937850e+00 2.000000000e+00 
1.468944099e+00 1.806090740e+00 1.924190476e+00 
1.442546584e+00 1.747669360e+00 1.829714286e+00 
1.397515528e+00 1.696084525e+00 1.816190476e+00 
1.383540373e+00 1.653822250e+00 1.753904762e+00 
1.332298137e+00 1.610938471e+00 1.738095238e+00 
1.254464286e+00 1.601615911e+00 1.681714286e+00 
1.245923913e+00 1.543194531e+00 1.645904762e+00 
1.184588509e+00 1.569297700e+00 1.630095238e+00 
1.161296584e+00 1.422622747e+00 1.511428571e+00 
1.162267081e+00 1.338098198e+00 1.433333333e+00 
1.014557453e+00 1.296457427e+00 1.325333333e+00 
1.002329193e+00 1.121193288e+00 1.176190476e+00 
1.000000000e+00 1.076444997e+00 1.075809524e+00 
