840 918 2342
894 848 2342
973 788 2342
754 953 2342
943 817 2342
1032 767 2342
841 913 2342
952 803 2342
944 804 2342
622 1073 2342
1068 747 2342
316 270 0
242 422 0
453 233 0
649 433 1017
439 595 1033
523 520 1309
431 612 1066
469 543 1276
551 483 1309
750 606 1325
590 461 1276
705 670 1325
617 739 1325
618 726 1325
455 857 1325
777 612 1817
756 661 1850
757 644 1558
652 759 1817
738 667 1558
729 690 1801
242 458 541
337 347 525
453 257 492
384 291 784


840 918 2342
894 848 2342
973 788 2342
754 953 2342
943 817 2342
1032 767 2342
841 913 2342
952 803 2342
944 804 2342
622 1073 2342
1068 747 2342
316 270 0
242 422 0
453 233 0
649 433 1017
439 595 1033
523 520 1309
431 612 1066
469 543 1276
551 483 1309
750 606 1325
590 461 1276
705 670 1325
617 739 1325
618 726 1325
455 857 1325
777 612 1817
756 661 1850
757 644 1558
652 759 1817
738 667 1558
729 690 1801
242 458 541
337 347 525
453 257 492
384 291 784


622 1073 2342
894 848 2342
952 803 2342
944 804 2342
973 788 2342
754 953 2342
1032 767 2342
841 913 2342
943 817 2342
1068 747 2342
840 918 2342
316 270 0
242 422 0
453 233 0
590 461 1276
551 483 1309
649 433 1017
567 507 1325
757 644 1558
618 772 1850
777 612 1817
750 652 1850
242 458 541
453 257 492
337 347 525
384 291 784
439 595 1033
469 543 1276
451 580 1325
523 520 1309


622 1073 2342
894 848 2342
952 803 2342
944 804 2342
973 788 2342
754 953 2342
1032 767 2342
841 913 2342
943 817 2342
1068 747 2342
840 918 2342
316 270 0
242 422 0
453 233 0
590 461 1276
551 483 1309
649 433 1017
567 507 1325
757 644 1558
618 772 1850
777 612 1817
750 652 1850
242 458 541
453 257 492
337 347 525
384 291 784
439 595 1033
469 543 1276
451 580 1325
523 520 1309


754 953 2342
1068 747 2342
841 913 2342
943 817 2342
952 803 2342
973 788 2342
1032 767 2342
840 918 2342
894 848 2342
944 804 2342
622 1073 2342
242 422 0
453 233 0
316 270 0
469 543 1276
451 580 1325
649 433 1017
387 860 1033
551 483 1309
567 507 1325
523 520 1309
590 461 1276
439 595 1033
618 772 1850
705 694 1817
777 612 1817
665 719 1801
455 881 1817
764 644 1817
706 736 1850
729 690 1801
652 759 1817
750 652 1850
617 785 1850
657 750 1817
453 257 492
337 347 525
242 458 541
384 291 784
605 800 1558
757 644 1558
738 667 1558


944 804 2342
894 848 2342
943 817 2342
841 913 2342
973 788 2342
754 953 2342
622 1073 2342
1032 767 2342
952 803 2342
1068 747 2342
840 918 2342
316 270 0
242 422 0
453 233 0
469 543 1276
451 580 1325
567 507 1325
431 612 1066
523 520 1309
649 433 1017
590 461 1276
551 483 1309
242 458 541
384 291 784
453 257 492
337 347 525
756 661 1850
757 644 1558
764 644 1817
755 666 1850
705 694 1817
777 612 1817
652 759 1817
657 750 1817
455 881 1817
387 860 1033


952 803 2342
754 953 2342
1068 747 2342
943 817 2342
973 788 2342
1032 767 2342
894 848 2342
840 918 2342
841 913 2342
944 804 2342
622 1073 2342
316 270 0
242 422 0
453 233 0
567 507 1325
451 580 1325
439 595 1033
523 520 1309
649 433 1017
590 461 1276
551 483 1309
469 543 1276
705 694 1817
617 785 1850
657 750 1817
618 772 1850
764 644 1817
755 666 1850
665 719 1801
652 759 1817
242 458 541
337 347 525
453 257 492
384 291 784


952 803 2342
754 953 2342
1068 747 2342
943 817 2342
973 788 2342
1032 767 2342
894 848 2342
840 918 2342
841 913 2342
944 804 2342
622 1073 2342
316 270 0
242 422 0
453 233 0
567 507 1325
451 580 1325
439 595 1033
523 520 1309
649 433 1017
590 461 1276
551 483 1309
469 543 1276
705 694 1817
617 785 1850
657 750 1817
618 772 1850
764 644 1817
755 666 1850
665 719 1801
652 759 1817
242 458 541
337 347 525
453 257 492
384 291 784


316 270 0
453 233 0
242 422 0
1032 767 2342
1068 747 2342
636 735 1801
617 785 1850
652 759 1817
618 772 1850
665 719 1801
657 750 1817
455 881 1817
750 652 1850
729 690 1801
706 736 1850
705 694 1817
863 569 1801
777 612 1817
764 644 1817
973 788 2342
952 803 2342
943 817 2342
894 848 2342
944 804 2342
841 913 2342
754 953 2342
840 918 2342
622 1073 2342
469 543 1276
523 520 1309
431 612 1066
590 461 1276
439 595 1033
649 433 1017
551 483 1309
451 580 1325
567 507 1325
337 347 525
384 291 784
242 458 541
453 257 492
605 800 1558


841 913 2342
944 804 2342
894 848 2342
952 803 2342
840 918 2342
943 817 2342
1068 747 2342
622 1073 2342
1032 767 2342
973 788 2342
754 953 2342
316 270 0
242 422 0
453 233 0
590 461 1276
649 433 1017
431 612 1066
568 490 1033
439 595 1033
451 580 1325
541 530 1066
567 507 1325
469 543 1276
242 458 541
453 257 492
337 347 525
617 785 1850
750 652 1850
706 736 1850
863 569 1801
652 759 1817
384 291 784


841 913 2342
944 804 2342
894 848 2342
952 803 2342
840 918 2342
943 817 2342
1068 747 2342
622 1073 2342
1032 767 2342
973 788 2342
754 953 2342
316 270 0
242 422 0
453 233 0
590 461 1276
649 433 1017
431 612 1066
568 490 1033
439 595 1033
451 580 1325
541 530 1066
567 507 1325
469 543 1276
242 458 541
453 257 492
337 347 525
617 785 1850
750 652 1850
706 736 1850
863 569 1801
652 759 1817
384 291 784


841 913 2342
944 804 2342
894 848 2342
952 803 2342
840 918 2342
943 817 2342
1068 747 2342
622 1073 2342
1032 767 2342
973 788 2342
754 953 2342
316 270 0
242 422 0
453 233 0
590 461 1276
649 433 1017
431 612 1066
568 490 1033
439 595 1033
451 580 1325
541 530 1066
567 507 1325
469 543 1276
242 458 541
453 257 492
337 347 525
617 785 1850
750 652 1850
706 736 1850
863 569 1801
652 759 1817
384 291 784


453 233 0
316 270 0
242 422 0
757 644 1558
750 652 1850
605 800 1558
777 612 1817
618 772 1850
706 736 1850
617 785 1850
455 881 1817
657 750 1817
705 694 1817
652 759 1817
738 667 1558
439 595 1033
431 612 1066
451 580 1325
649 433 1017
523 520 1309
551 483 1309
567 507 1325
590 461 1276
469 543 1276
242 458 541
337 347 525
384 291 784
453 257 492
764 644 1817
844 923 2342
894 848 2342


453 233 0
316 270 0
242 422 0
757 644 1558
750 652 1850
605 800 1558
777 612 1817
618 772 1850
706 736 1850
617 785 1850
455 881 1817
657 750 1817
705 694 1817
652 759 1817
738 667 1558
439 595 1033
431 612 1066
451 580 1325
649 433 1017
523 520 1309
551 483 1309
567 507 1325
590 461 1276
469 543 1276
242 458 541
337 347 525
384 291 784
453 257 492
764 644 1817
844 923 2342
894 848 2342


316 270 0
242 422 0
453 233 0
1032 767 2342
952 803 2342
622 1073 2342
1068 747 2342
894 848 2342
841 913 2342
944 804 2342
943 817 2342
973 788 2342
754 953 2342
840 918 2342
451 580 1325
523 520 1309
567 507 1325
590 461 1276
439 595 1033
431 612 1066
551 483 1309
469 543 1276
384 291 784
337 347 525
242 458 541
453 257 492
757 644 1558
618 772 1850
455 881 1817
777 612 1817
706 736 1850
750 652 1850
617 785 1850


316 270 0
242 422 0
453 233 0
1032 767 2342
952 803 2342
622 1073 2342
1068 747 2342
894 848 2342
841 913 2342
944 804 2342
943 817 2342
973 788 2342
754 953 2342
840 918 2342
451 580 1325
523 520 1309
567 507 1325
590 461 1276
439 595 1033
431 612 1066
551 483 1309
469 543 1276
384 291 784
337 347 525
242 458 541
453 257 492
757 644 1558
618 772 1850
455 881 1817
777 612 1817
706 736 1850
750 652 1850
617 785 1850


973 788 2342
952 803 2342
1032 767 2342
1068 747 2342
943 817 2342
944 804 2342
455 881 1817
863 569 1801
665 719 1801
618 772 1850
617 785 1850
657 750 1817
652 759 1817
706 736 1850
840 918 2342
894 848 2342
754 953 2342
841 913 2342
622 1073 2342
764 644 1817
777 612 1817
705 694 1817
729 690 1801
750 652 1850
242 422 0
453 233 0
316 270 0
649 433 1017
439 595 1033
431 612 1066
453 257 492
242 458 541
337 347 525
590 461 1276
523 520 1309
551 483 1309
567 507 1325
451 580 1325
469 543 1276
384 291 784


973 788 2342
952 803 2342
1032 767 2342
1068 747 2342
943 817 2342
944 804 2342
455 881 1817
863 569 1801
665 719 1801
618 772 1850
617 785 1850
657 750 1817
652 759 1817
706 736 1850
840 918 2342
894 848 2342
754 953 2342
841 913 2342
622 1073 2342
764 644 1817
777 612 1817
705 694 1817
729 690 1801
750 652 1850
242 422 0
453 233 0
316 270 0
649 433 1017
439 595 1033
431 612 1066
453 257 492
242 458 541
337 347 525
590 461 1276
523 520 1309
551 483 1309
567 507 1325
451 580 1325
469 543 1276
384 291 784


944 804 2342
973 788 2342
622 1073 2342
754 953 2342
894 848 2342
1032 767 2342
943 817 2342
952 803 2342
841 913 2342
840 918 2342
1068 747 2342
242 422 0
453 233 0
316 270 0
431 612 1066
451 580 1325
567 507 1325
590 461 1276
439 595 1033
523 520 1309
649 433 1017
469 543 1276
551 483 1309
777 612 1817
756 661 1850
757 644 1558
455 881 1817
618 772 1850
729 690 1801
706 736 1850
755 666 1850
636 735 1801
665 719 1801
453 257 492
337 347 525
242 458 541
384 291 784


944 804 2342
973 788 2342
622 1073 2342
754 953 2342
894 848 2342
1032 767 2342
943 817 2342
952 803 2342
841 913 2342
840 918 2342
1068 747 2342
242 422 0
453 233 0
316 270 0
431 612 1066
451 580 1325
567 507 1325
590 461 1276
439 595 1033
523 520 1309
649 433 1017
469 543 1276
551 483 1309
777 612 1817
756 661 1850
757 644 1558
455 881 1817
618 772 1850
729 690 1801
706 736 1850
755 666 1850
636 735 1801
665 719 1801
453 257 492
337 347 525
242 458 541
384 291 784


