840 918 2342
944 804 2342
754 953 2342
455 881 1817
750 652 1850
738 667 1558
841 913 2342
636 735 1801
943 817 2342
605 800 1558
387 860 1033
567 507 1325
617 785 1850
973 788 2342
551 483 1309
757 644 1558
652 759 1817
1068 747 2342
952 803 2342
729 690 1801
665 719 1801
590 461 1276
863 569 1801
894 848 2342
706 736 1850
451 580 1325
705 694 1817
764 644 1817
431 612 1066
1032 767 2342
439 595 1033
657 750 1817
469 543 1276
453 233 0
242 458 541
316 270 0
384 291 784
777 612 1817
618 772 1850
453 257 492
649 433 1017
523 520 1309
337 347 525
622 1073 2342
242 422 0


757 644 1558
652 759 1817
455 881 1817
841 913 2342
764 644 1817
1068 747 2342
617 785 1850
618 772 1850
665 719 1801
944 804 2342
943 817 2342
754 953 2342
649 433 1017
387 860 1033
894 848 2342
840 918 2342
750 652 1850
738 667 1558
567 507 1325
605 800 1558
729 690 1801
657 750 1817
636 735 1801
952 803 2342
439 595 1033
622 1073 2342
863 569 1801
777 612 1817
431 612 1066
706 736 1850
551 483 1309
705 694 1817
469 543 1276
973 788 2342
451 580 1325
453 257 492
242 458 541
337 347 525
316 270 0
523 520 1309
384 291 784
242 422 0
453 233 0
590 461 1276
1032 767 2342


894 848 2342
1032 767 2342
657 750 1817
705 694 1817
605 800 1558
754 953 2342
944 804 2342
617 785 1850
757 644 1558
665 719 1801
636 735 1801
973 788 2342
943 817 2342
863 569 1801
729 690 1801
387 860 1033
764 644 1817
567 507 1325
451 580 1325
706 736 1850
952 803 2342
431 612 1066
622 1073 2342
649 433 1017
590 461 1276
652 759 1817
738 667 1558
750 652 1850
840 918 2342
523 520 1309
777 612 1817
1068 747 2342
469 543 1276
242 458 541
453 257 492
242 422 0
384 291 784
841 913 2342
316 270 0
453 233 0
337 347 525
455 881 1817
439 595 1033
551 483 1309
618 772 1850


665 719 1801
840 918 2342
952 803 2342
706 736 1850
754 953 2342
764 644 1817
738 667 1558
729 690 1801
605 800 1558
1068 747 2342
636 735 1801
652 759 1817
1032 767 2342
618 772 1850
894 848 2342
750 652 1850
617 785 1850
973 788 2342
705 694 1817
863 569 1801
757 644 1558
841 913 2342
777 612 1817
622 1073 2342
590 461 1276
387 860 1033
567 507 1325
469 543 1276
944 804 2342
657 750 1817
451 580 1325
431 612 1066
455 881 1817
523 520 1309
242 458 541
384 291 784
439 595 1033
649 433 1017
316 270 0
453 233 0
551 483 1309
943 817 2342
337 347 525
242 422 0
453 257 492


1068 747 2342
754 953 2342
894 848 2342
943 817 2342
1032 767 2342
618 772 1850
952 803 2342
665 719 1801
757 644 1558
605 800 1558
841 913 2342
617 785 1850
944 804 2342
387 860 1033
777 612 1817
764 644 1817
455 881 1817
705 694 1817
706 736 1850
729 690 1801
840 918 2342
451 580 1325
657 750 1817
863 569 1801
750 652 1850
622 1073 2342
973 788 2342
431 612 1066
636 735 1801
590 461 1276
551 483 1309
439 595 1033
649 433 1017
652 759 1817
469 543 1276
337 347 525
738 667 1558
567 507 1325
523 520 1309
453 233 0
453 257 492
316 270 0
384 291 784
242 422 0
242 458 541


894 848 2342
973 788 2342
705 694 1817
1068 747 2342
754 953 2342
841 913 2342
622 1073 2342
764 644 1817
777 612 1817
605 800 1558
618 772 1850
757 644 1558
863 569 1801
738 667 1558
943 817 2342
750 652 1850
952 803 2342
451 580 1325
706 736 1850
523 520 1309
551 483 1309
1032 767 2342
729 690 1801
387 860 1033
944 804 2342
469 543 1276
665 719 1801
652 759 1817
590 461 1276
617 785 1850
567 507 1325
337 347 525
657 750 1817
455 881 1817
431 612 1066
439 595 1033
649 433 1017
242 422 0
840 918 2342
242 458 541
384 291 784
453 233 0
636 735 1801
316 270 0
453 257 492


1068 747 2342
617 785 1850
777 612 1817
636 735 1801
841 913 2342
738 667 1558
952 803 2342
387 860 1033
622 1073 2342
652 759 1817
665 719 1801
729 690 1801
757 644 1558
618 772 1850
455 881 1817
1032 767 2342
764 644 1817
840 918 2342
605 800 1558
944 804 2342
754 953 2342
567 507 1325
451 580 1325
551 483 1309
863 569 1801
590 461 1276
943 817 2342
894 848 2342
750 652 1850
316 270 0
705 694 1817
431 612 1066
706 736 1850
469 543 1276
439 595 1033
384 291 784
523 520 1309
973 788 2342
242 458 541
453 233 0
649 433 1017
453 257 492
657 750 1817
337 347 525
242 422 0


622 1073 2342
943 817 2342
754 953 2342
1032 767 2342
1068 747 2342
841 913 2342
973 788 2342
894 848 2342
738 667 1558
840 918 2342
605 800 1558
387 860 1033
617 785 1850
863 569 1801
665 719 1801
764 644 1817
777 612 1817
944 804 2342
618 772 1850
750 652 1850
469 543 1276
952 803 2342
649 433 1017
431 612 1066
705 694 1817
757 644 1558
451 580 1325
590 461 1276
567 507 1325
636 735 1801
455 881 1817
652 759 1817
453 257 492
657 750 1817
337 347 525
523 520 1309
729 690 1801
453 233 0
706 736 1850
384 291 784
439 595 1033
242 422 0
316 270 0
242 458 541
551 483 1309


1032 767 2342
944 804 2342
652 759 1817
943 817 2342
729 690 1801
738 667 1558
973 788 2342
665 719 1801
387 860 1033
657 750 1817
1068 747 2342
567 507 1325
754 953 2342
451 580 1325
706 736 1850
841 913 2342
605 800 1558
617 785 1850
551 483 1309
439 595 1033
777 612 1817
764 644 1817
894 848 2342
952 803 2342
863 569 1801
757 644 1558
590 461 1276
622 1073 2342
649 433 1017
705 694 1817
636 735 1801
618 772 1850
455 881 1817
840 918 2342
431 612 1066
750 652 1850
453 257 492
242 458 541
453 233 0
384 291 784
469 543 1276
316 270 0
523 520 1309
337 347 525
242 422 0


943 817 2342
840 918 2342
841 913 2342
605 800 1558
754 953 2342
952 803 2342
657 750 1817
973 788 2342
455 881 1817
1068 747 2342
665 719 1801
387 860 1033
622 1073 2342
764 644 1817
617 785 1850
652 759 1817
523 520 1309
551 483 1309
636 735 1801
618 772 1850
706 736 1850
567 507 1325
944 804 2342
705 694 1817
750 652 1850
863 569 1801
451 580 1325
1032 767 2342
729 690 1801
738 667 1558
590 461 1276
439 595 1033
777 612 1817
469 543 1276
242 458 541
649 433 1017
894 848 2342
384 291 784
316 270 0
453 257 492
431 612 1066
453 233 0
337 347 525
757 644 1558
242 422 0


622 1073 2342
1032 767 2342
840 918 2342
973 788 2342
618 772 1850
455 881 1817
657 750 1817
1068 747 2342
754 953 2342
652 759 1817
705 694 1817
617 785 1850
729 690 1801
738 667 1558
757 644 1558
863 569 1801
567 507 1325
387 860 1033
764 644 1817
706 736 1850
469 543 1276
750 652 1850
431 612 1066
665 719 1801
523 520 1309
636 735 1801
605 800 1558
590 461 1276
952 803 2342
777 612 1817
649 433 1017
894 848 2342
451 580 1325
439 595 1033
943 817 2342
944 804 2342
316 270 0
337 347 525
841 913 2342
551 483 1309
453 233 0
453 257 492
242 458 541
242 422 0
384 291 784


754 953 2342
952 803 2342
1068 747 2342
944 804 2342
618 772 1850
757 644 1558
431 612 1066
617 785 1850
729 690 1801
943 817 2342
705 694 1817
652 759 1817
451 580 1325
840 918 2342
1032 767 2342
738 667 1558
894 848 2342
455 881 1817
636 735 1801
764 644 1817
777 612 1817
387 860 1033
665 719 1801
973 788 2342
605 800 1558
649 433 1017
750 652 1850
567 507 1325
523 520 1309
453 233 0
469 543 1276
551 483 1309
841 913 2342
590 461 1276
242 422 0
706 736 1850
863 569 1801
439 595 1033
657 750 1817
453 257 492
622 1073 2342
316 270 0
384 291 784
337 347 525
242 458 541


754 953 2342
943 817 2342
973 788 2342
652 759 1817
952 803 2342
455 881 1817
841 913 2342
840 918 2342
1068 747 2342
757 644 1558
657 750 1817
706 736 1850
750 652 1850
705 694 1817
944 804 2342
764 644 1817
777 612 1817
1032 767 2342
863 569 1801
636 735 1801
451 580 1325
665 719 1801
590 461 1276
894 848 2342
729 690 1801
551 483 1309
469 543 1276
605 800 1558
617 785 1850
567 507 1325
431 612 1066
649 433 1017
618 772 1850
622 1073 2342
523 520 1309
738 667 1558
453 257 492
337 347 525
316 270 0
242 458 541
453 233 0
439 595 1033
384 291 784
242 422 0
387 860 1033


622 1073 2342
952 803 2342
943 817 2342
973 788 2342
750 652 1850
706 736 1850
944 804 2342
605 800 1558
841 913 2342
764 644 1817
754 953 2342
863 569 1801
665 719 1801
1032 767 2342
757 644 1558
777 612 1817
1068 747 2342
523 520 1309
729 690 1801
451 580 1325
636 735 1801
617 785 1850
590 461 1276
894 848 2342
387 860 1033
705 694 1817
551 483 1309
840 918 2342
455 881 1817
618 772 1850
316 270 0
439 595 1033
337 347 525
242 458 541
453 233 0
649 433 1017
384 291 784
242 422 0
469 543 1276
453 257 492
567 507 1325
431 612 1066
738 667 1558
657 750 1817
652 759 1817


841 913 2342
622 1073 2342
757 644 1558
777 612 1817
764 644 1817
706 736 1850
455 881 1817
952 803 2342
943 817 2342
729 690 1801
973 788 2342
387 860 1033
705 694 1817
750 652 1850
618 772 1850
617 785 1850
657 750 1817
894 848 2342
665 719 1801
605 800 1558
738 667 1558
944 804 2342
567 507 1325
652 759 1817
590 461 1276
636 735 1801
451 580 1325
754 953 2342
649 433 1017
469 543 1276
840 918 2342
551 483 1309
523 520 1309
1068 747 2342
1032 767 2342
384 291 784
242 458 541
242 422 0
439 595 1033
453 257 492
863 569 1801
453 233 0
431 612 1066
316 270 0
337 347 525


952 803 2342
617 785 1850
1068 747 2342
894 848 2342
622 1073 2342
652 759 1817
841 913 2342
764 644 1817
738 667 1558
863 569 1801
777 612 1817
1032 767 2342
636 735 1801
605 800 1558
757 644 1558
567 507 1325
590 461 1276
943 817 2342
944 804 2342
705 694 1817
973 788 2342
387 860 1033
657 750 1817
754 953 2342
840 918 2342
729 690 1801
439 595 1033
451 580 1325
523 520 1309
706 736 1850
469 543 1276
455 881 1817
551 483 1309
431 612 1066
665 719 1801
453 257 492
384 291 784
337 347 525
649 433 1017
453 233 0
242 458 541
242 422 0
316 270 0
618 772 1850
750 652 1850


754 953 2342
1068 747 2342
943 817 2342
777 612 1817
622 1073 2342
605 800 1558
841 913 2342
665 719 1801
455 881 1817
1032 767 2342
652 759 1817
706 736 1850
750 652 1850
738 667 1558
657 750 1817
973 788 2342
757 644 1558
944 804 2342
636 735 1801
387 860 1033
729 690 1801
567 507 1325
863 569 1801
952 803 2342
618 772 1850
590 461 1276
705 694 1817
469 543 1276
764 644 1817
451 580 1325
439 595 1033
453 233 0
523 520 1309
840 918 2342
431 612 1066
617 785 1850
551 483 1309
894 848 2342
649 433 1017
242 458 541
384 291 784
453 257 492
337 347 525
242 422 0
316 270 0


973 788 2342
622 1073 2342
754 953 2342
841 913 2342
636 735 1801
894 848 2342
455 881 1817
943 817 2342
777 612 1817
952 803 2342
1032 767 2342
665 719 1801
705 694 1817
944 804 2342
840 918 2342
729 690 1801
439 595 1033
431 612 1066
863 569 1801
750 652 1850
706 736 1850
652 759 1817
618 772 1850
387 860 1033
605 800 1558
657 750 1817
590 461 1276
523 520 1309
1068 747 2342
738 667 1558
649 433 1017
551 483 1309
764 644 1817
451 580 1325
757 644 1558
453 257 492
337 347 525
469 543 1276
242 458 541
242 422 0
567 507 1325
453 233 0
316 270 0
617 785 1850
384 291 784


754 953 2342
841 913 2342
618 772 1850
652 759 1817
943 817 2342
622 1073 2342
1068 747 2342
387 860 1033
952 803 2342
894 848 2342
705 694 1817
863 569 1801
764 644 1817
636 735 1801
706 736 1850
840 918 2342
1032 767 2342
729 690 1801
777 612 1817
973 788 2342
455 881 1817
567 507 1325
617 785 1850
439 595 1033
431 612 1066
605 800 1558
649 433 1017
451 580 1325
738 667 1558
665 719 1801
657 750 1817
453 257 492
523 520 1309
750 652 1850
469 543 1276
242 422 0
453 233 0
551 483 1309
590 461 1276
757 644 1558
316 270 0
384 291 784
337 347 525
944 804 2342
242 458 541


943 817 2342
1032 767 2342
1068 747 2342
841 913 2342
863 569 1801
764 644 1817
840 918 2342
944 804 2342
605 800 1558
738 667 1558
754 953 2342
622 1073 2342
705 694 1817
952 803 2342
652 759 1817
618 772 1850
750 652 1850
665 719 1801
757 644 1558
777 612 1817
455 881 1817
649 433 1017
551 483 1309
567 507 1325
451 580 1325
439 595 1033
729 690 1801
590 461 1276
973 788 2342
469 543 1276
894 848 2342
523 520 1309
657 750 1817
387 860 1033
384 291 784
431 612 1066
242 458 541
706 736 1850
337 347 525
636 735 1801
453 257 492
617 785 1850
316 270 0
453 233 0
242 422 0


