1.612610275e+00 1.851941748e+00 2.000000000e+00 
1.827970939e+00 1.696601942e+00 2.000000000e+00 
1.718993254e+00 1.780339806e+00 2.000000000e+00 
1.760508563e+00 1.740291262e+00 2.000000000e+00 
1.741048262e+00 1.779126214e+00 2.000000000e+00 
1.000000000e+00 1.053398058e+00 1.000000000e+00 
1.251427089e+00 1.000000000e+00 1.000000000e+00 
1.190451479e+00 1.010922330e+00 1.000000000e+00 
1.300726518e+00 1.413834951e+00 1.505335041e+00 
1.174104826e+00 1.333737864e+00 1.450277422e+00 
1.392838609e+00 1.362864078e+00 1.505335041e+00 
1.351323300e+00 1.367718447e+00 1.589842083e+00 
1.277374157e+00 1.401699029e+00 1.494664959e+00 
1.427867151e+00 1.316747573e+00 1.589842083e+00 
1.288618319e+00 1.326456311e+00 1.450277422e+00 
1.433575506e+00 1.554611650e+00 1.767392232e+00 
1.673932278e+00 1.449029126e+00 1.727272727e+00 
1.552932019e+00 1.479368932e+00 1.767392232e+00 
1.091852621e+00 1.146844660e+00 1.272727273e+00 
1.020066165e+00 1.086165049e+00 1.177550149e+00 
1.251427089e+00 1.024271845e+00 1.317114810e+00 
1.190451479e+00 1.061893204e+00 1.232607768e+00 
1.879605605e+00 1.680825243e+00 1.822449851e+00 

1.827970939e+00 1.696601942e+00 2.000000000e+00 
1.741048262e+00 1.779126214e+00 2.000000000e+00 
1.718993254e+00 1.780339806e+00 2.000000000e+00 
1.612610275e+00 1.851941748e+00 2.000000000e+00 
1.190451479e+00 1.010922330e+00 1.000000000e+00 
1.251427089e+00 1.000000000e+00 1.000000000e+00 
1.000000000e+00 1.053398058e+00 1.000000000e+00 
1.288618319e+00 1.326456311e+00 1.450277422e+00 
1.526466009e+00 1.241504854e+00 1.549722578e+00 
1.392838609e+00 1.362864078e+00 1.505335041e+00 
1.346999222e+00 1.271844660e+00 1.410157917e+00 
1.398893358e+00 1.231796117e+00 1.494664959e+00 
1.300726518e+00 1.413834951e+00 1.505335041e+00 
1.351323300e+00 1.367718447e+00 1.589842083e+00 
1.174104826e+00 1.333737864e+00 1.450277422e+00 
1.427867151e+00 1.316747573e+00 1.589842083e+00 
1.277374157e+00 1.401699029e+00 1.494664959e+00 
1.251427089e+00 1.024271845e+00 1.317114810e+00 
1.091852621e+00 1.146844660e+00 1.272727273e+00 
1.190451479e+00 1.061893204e+00 1.232607768e+00 
1.020066165e+00 1.086165049e+00 1.177550149e+00 
1.636741048e+00 1.583737864e+00 1.822449851e+00 
1.632848988e+00 1.622572816e+00 1.822449851e+00 
1.453814219e+00 1.694174757e+00 1.767392232e+00 
1.498789569e+00 1.575242718e+00 1.767392232e+00 
1.673932278e+00 1.449029126e+00 1.727272727e+00 
1.702906072e+00 1.533980583e+00 1.822449851e+00 
1.552932019e+00 1.479368932e+00 1.767392232e+00 
1.530358070e+00 1.665048544e+00 1.822449851e+00 

1.827970939e+00 1.696601942e+00 2.000000000e+00 
1.760508563e+00 1.740291262e+00 2.000000000e+00 
1.741048262e+00 1.779126214e+00 2.000000000e+00 
1.718993254e+00 1.780339806e+00 2.000000000e+00 
1.612610275e+00 1.851941748e+00 2.000000000e+00 
1.000000000e+00 1.053398058e+00 1.000000000e+00 
1.190451479e+00 1.010922330e+00 1.000000000e+00 
1.251427089e+00 1.000000000e+00 1.000000000e+00 
1.392838609e+00 1.362864078e+00 1.505335041e+00 
1.174104826e+00 1.333737864e+00 1.450277422e+00 
1.277374157e+00 1.401699029e+00 1.494664959e+00 
1.346999222e+00 1.271844660e+00 1.410157917e+00 
1.398893358e+00 1.231796117e+00 1.494664959e+00 
1.300726518e+00 1.413834951e+00 1.505335041e+00 
1.288618319e+00 1.326456311e+00 1.450277422e+00 
1.091852621e+00 1.146844660e+00 1.272727273e+00 
1.020066165e+00 1.086165049e+00 1.177550149e+00 
1.190451479e+00 1.061893204e+00 1.232607768e+00 
1.251427089e+00 1.024271845e+00 1.317114810e+00 
1.636741048e+00 1.583737864e+00 1.822449851e+00 
1.612610275e+00 1.799757282e+00 1.727272727e+00 
1.632848988e+00 1.622572816e+00 1.822449851e+00 
1.382978723e+00 1.600728155e+00 1.682885190e+00 
1.702906072e+00 1.533980583e+00 1.822449851e+00 
1.501037883e+00 1.519417476e+00 1.682885190e+00 
1.526466009e+00 1.241504854e+00 1.549722578e+00 
1.427867151e+00 1.316747573e+00 1.589842083e+00 
1.351323300e+00 1.367718447e+00 1.589842083e+00 

1.827970939e+00 1.696601942e+00 2.000000000e+00 
1.760508563e+00 1.740291262e+00 2.000000000e+00 
1.741048262e+00 1.779126214e+00 2.000000000e+00 
1.718993254e+00 1.780339806e+00 2.000000000e+00 
1.612610275e+00 1.851941748e+00 2.000000000e+00 
1.000000000e+00 1.053398058e+00 1.000000000e+00 
1.190451479e+00 1.010922330e+00 1.000000000e+00 
1.251427089e+00 1.000000000e+00 1.000000000e+00 
1.392838609e+00 1.362864078e+00 1.505335041e+00 
1.174104826e+00 1.333737864e+00 1.450277422e+00 
1.277374157e+00 1.401699029e+00 1.494664959e+00 
1.346999222e+00 1.271844660e+00 1.410157917e+00 
1.398893358e+00 1.231796117e+00 1.494664959e+00 
1.300726518e+00 1.413834951e+00 1.505335041e+00 
1.288618319e+00 1.326456311e+00 1.450277422e+00 
1.091852621e+00 1.146844660e+00 1.272727273e+00 
1.020066165e+00 1.086165049e+00 1.177550149e+00 
1.190451479e+00 1.061893204e+00 1.232607768e+00 
1.251427089e+00 1.024271845e+00 1.317114810e+00 
1.636741048e+00 1.583737864e+00 1.822449851e+00 
1.612610275e+00 1.799757282e+00 1.727272727e+00 
1.632848988e+00 1.622572816e+00 1.822449851e+00 
1.382978723e+00 1.600728155e+00 1.682885190e+00 
1.702906072e+00 1.533980583e+00 1.822449851e+00 
1.501037883e+00 1.519417476e+00 1.682885190e+00 
1.526466009e+00 1.241504854e+00 1.549722578e+00 
1.427867151e+00 1.316747573e+00 1.589842083e+00 
1.351323300e+00 1.367718447e+00 1.589842083e+00 

1.636741048e+00 1.583737864e+00 1.822449851e+00 
1.552932019e+00 1.479368932e+00 1.767392232e+00 
1.702906072e+00 1.533980583e+00 1.822449851e+00 
1.433575506e+00 1.554611650e+00 1.767392232e+00 
1.530358070e+00 1.665048544e+00 1.822449851e+00 
1.827970939e+00 1.696601942e+00 2.000000000e+00 
1.632848988e+00 1.622572816e+00 1.822449851e+00 
1.718993254e+00 1.780339806e+00 2.000000000e+00 
1.612610275e+00 1.851941748e+00 2.000000000e+00 
1.741048262e+00 1.779126214e+00 2.000000000e+00 
1.190451479e+00 1.010922330e+00 1.000000000e+00 
1.251427089e+00 1.000000000e+00 1.000000000e+00 
1.000000000e+00 1.053398058e+00 1.000000000e+00 
1.251427089e+00 1.024271845e+00 1.317114810e+00 
1.190451479e+00 1.061893204e+00 1.232607768e+00 
1.091852621e+00 1.146844660e+00 1.272727273e+00 
1.174104826e+00 1.333737864e+00 1.450277422e+00 
1.277374157e+00 1.401699029e+00 1.494664959e+00 
1.300726518e+00 1.413834951e+00 1.505335041e+00 
1.346999222e+00 1.271844660e+00 1.410157917e+00 
1.398893358e+00 1.231796117e+00 1.494664959e+00 
1.351323300e+00 1.367718447e+00 1.589842083e+00 
1.392838609e+00 1.362864078e+00 1.505335041e+00 
1.427867151e+00 1.316747573e+00 1.589842083e+00 
1.288618319e+00 1.326456311e+00 1.450277422e+00 
1.020066165e+00 1.086165049e+00 1.177550149e+00 

1.827970939e+00 1.696601942e+00 2.000000000e+00 
1.433575506e+00 1.554611650e+00 1.767392232e+00 
1.530358070e+00 1.665048544e+00 1.822449851e+00 
1.382978723e+00 1.600728155e+00 1.682885190e+00 
1.741048262e+00 1.779126214e+00 2.000000000e+00 
1.702906072e+00 1.533980583e+00 1.822449851e+00 
1.552932019e+00 1.479368932e+00 1.767392232e+00 
1.636741048e+00 1.583737864e+00 1.822449851e+00 
1.632848988e+00 1.622572816e+00 1.822449851e+00 
1.718993254e+00 1.780339806e+00 2.000000000e+00 
1.612610275e+00 1.851941748e+00 2.000000000e+00 
1.190451479e+00 1.010922330e+00 1.000000000e+00 
1.251427089e+00 1.000000000e+00 1.000000000e+00 
1.000000000e+00 1.053398058e+00 1.000000000e+00 
1.398893358e+00 1.231796117e+00 1.494664959e+00 
1.346999222e+00 1.271844660e+00 1.410157917e+00 
1.427867151e+00 1.316747573e+00 1.589842083e+00 
1.526466009e+00 1.241504854e+00 1.549722578e+00 
1.174104826e+00 1.333737864e+00 1.450277422e+00 
1.300726518e+00 1.413834951e+00 1.505335041e+00 
1.277374157e+00 1.401699029e+00 1.494664959e+00 
1.288618319e+00 1.326456311e+00 1.450277422e+00 
1.351323300e+00 1.367718447e+00 1.589842083e+00 
1.091852621e+00 1.146844660e+00 1.272727273e+00 
1.251427089e+00 1.024271845e+00 1.317114810e+00 
1.190451479e+00 1.061893204e+00 1.232607768e+00 
1.020066165e+00 1.086165049e+00 1.177550149e+00 

1.827970939e+00 1.696601942e+00 2.000000000e+00 
1.433575506e+00 1.554611650e+00 1.767392232e+00 
1.530358070e+00 1.665048544e+00 1.822449851e+00 
1.382978723e+00 1.600728155e+00 1.682885190e+00 
1.741048262e+00 1.779126214e+00 2.000000000e+00 
1.702906072e+00 1.533980583e+00 1.822449851e+00 
1.552932019e+00 1.479368932e+00 1.767392232e+00 
1.636741048e+00 1.583737864e+00 1.822449851e+00 
1.632848988e+00 1.622572816e+00 1.822449851e+00 
1.718993254e+00 1.780339806e+00 2.000000000e+00 
1.612610275e+00 1.851941748e+00 2.000000000e+00 
1.190451479e+00 1.010922330e+00 1.000000000e+00 
1.251427089e+00 1.000000000e+00 1.000000000e+00 
1.000000000e+00 1.053398058e+00 1.000000000e+00 
1.398893358e+00 1.231796117e+00 1.494664959e+00 
1.346999222e+00 1.271844660e+00 1.410157917e+00 
1.427867151e+00 1.316747573e+00 1.589842083e+00 
1.526466009e+00 1.241504854e+00 1.549722578e+00 
1.174104826e+00 1.333737864e+00 1.450277422e+00 
1.300726518e+00 1.413834951e+00 1.505335041e+00 
1.277374157e+00 1.401699029e+00 1.494664959e+00 
1.288618319e+00 1.326456311e+00 1.450277422e+00 
1.351323300e+00 1.367718447e+00 1.589842083e+00 
1.091852621e+00 1.146844660e+00 1.272727273e+00 
1.251427089e+00 1.024271845e+00 1.317114810e+00 
1.190451479e+00 1.061893204e+00 1.232607768e+00 
1.020066165e+00 1.086165049e+00 1.177550149e+00 

1.760508563e+00 1.740291262e+00 2.000000000e+00 
1.718993254e+00 1.780339806e+00 2.000000000e+00 
1.827970939e+00 1.696601942e+00 2.000000000e+00 
1.741048262e+00 1.779126214e+00 2.000000000e+00 
1.612610275e+00 1.851941748e+00 2.000000000e+00 
1.000000000e+00 1.053398058e+00 1.000000000e+00 
1.190451479e+00 1.010922330e+00 1.000000000e+00 
1.251427089e+00 1.000000000e+00 1.000000000e+00 
1.174104826e+00 1.333737864e+00 1.450277422e+00 
1.288618319e+00 1.326456311e+00 1.450277422e+00 
1.346999222e+00 1.271844660e+00 1.410157917e+00 
1.190451479e+00 1.061893204e+00 1.232607768e+00 
1.251427089e+00 1.024271845e+00 1.317114810e+00 
1.091852621e+00 1.146844660e+00 1.272727273e+00 
1.020066165e+00 1.086165049e+00 1.177550149e+00 
1.382978723e+00 1.600728155e+00 1.682885190e+00 
1.501037883e+00 1.519417476e+00 1.682885190e+00 
1.433575506e+00 1.554611650e+00 1.767392232e+00 
1.530358070e+00 1.665048544e+00 1.822449851e+00 
1.702906072e+00 1.533980583e+00 1.822449851e+00 
1.636741048e+00 1.583737864e+00 1.822449851e+00 
1.552932019e+00 1.479368932e+00 1.767392232e+00 
1.632848988e+00 1.622572816e+00 1.822449851e+00 
1.526466009e+00 1.241504854e+00 1.549722578e+00 
1.398893358e+00 1.231796117e+00 1.494664959e+00 
1.392838609e+00 1.362864078e+00 1.505335041e+00 
1.300726518e+00 1.413834951e+00 1.505335041e+00 
1.351323300e+00 1.367718447e+00 1.589842083e+00 
1.427867151e+00 1.316747573e+00 1.589842083e+00 

1.760508563e+00 1.740291262e+00 2.000000000e+00 
1.718993254e+00 1.780339806e+00 2.000000000e+00 
1.827970939e+00 1.696601942e+00 2.000000000e+00 
1.741048262e+00 1.779126214e+00 2.000000000e+00 
1.612610275e+00 1.851941748e+00 2.000000000e+00 
1.000000000e+00 1.053398058e+00 1.000000000e+00 
1.190451479e+00 1.010922330e+00 1.000000000e+00 
1.251427089e+00 1.000000000e+00 1.000000000e+00 
1.174104826e+00 1.333737864e+00 1.450277422e+00 
1.288618319e+00 1.326456311e+00 1.450277422e+00 
1.346999222e+00 1.271844660e+00 1.410157917e+00 
1.190451479e+00 1.061893204e+00 1.232607768e+00 
1.251427089e+00 1.024271845e+00 1.317114810e+00 
1.091852621e+00 1.146844660e+00 1.272727273e+00 
1.020066165e+00 1.086165049e+00 1.177550149e+00 
1.382978723e+00 1.600728155e+00 1.682885190e+00 
1.501037883e+00 1.519417476e+00 1.682885190e+00 
1.433575506e+00 1.554611650e+00 1.767392232e+00 
1.530358070e+00 1.665048544e+00 1.822449851e+00 
1.702906072e+00 1.533980583e+00 1.822449851e+00 
1.636741048e+00 1.583737864e+00 1.822449851e+00 
1.552932019e+00 1.479368932e+00 1.767392232e+00 
1.632848988e+00 1.622572816e+00 1.822449851e+00 
1.526466009e+00 1.241504854e+00 1.549722578e+00 
1.398893358e+00 1.231796117e+00 1.494664959e+00 
1.392838609e+00 1.362864078e+00 1.505335041e+00 
1.300726518e+00 1.413834951e+00 1.505335041e+00 
1.351323300e+00 1.367718447e+00 1.589842083e+00 
1.427867151e+00 1.316747573e+00 1.589842083e+00 

1.741048262e+00 1.779126214e+00 2.000000000e+00 
1.827970939e+00 1.696601942e+00 2.000000000e+00 
1.718993254e+00 1.780339806e+00 2.000000000e+00 
1.612610275e+00 1.851941748e+00 2.000000000e+00 
1.760508563e+00 1.740291262e+00 2.000000000e+00 
1.000000000e+00 1.053398058e+00 1.000000000e+00 
1.190451479e+00 1.010922330e+00 1.000000000e+00 
1.251427089e+00 1.000000000e+00 1.000000000e+00 
1.427867151e+00 1.316747573e+00 1.589842083e+00 
1.288618319e+00 1.326456311e+00 1.450277422e+00 
1.526466009e+00 1.241504854e+00 1.549722578e+00 
1.300726518e+00 1.413834951e+00 1.505335041e+00 
1.398893358e+00 1.231796117e+00 1.494664959e+00 
1.392838609e+00 1.362864078e+00 1.505335041e+00 
1.346999222e+00 1.271844660e+00 1.410157917e+00 
1.351323300e+00 1.367718447e+00 1.589842083e+00 
1.277374157e+00 1.401699029e+00 1.494664959e+00 
1.174104826e+00 1.333737864e+00 1.450277422e+00 
1.624632849e+00 1.496359223e+00 1.767392232e+00 
1.759989621e+00 1.473300971e+00 1.727272727e+00 
1.702906072e+00 1.533980583e+00 1.822449851e+00 
1.652309289e+00 1.583737864e+00 1.822449851e+00 
1.501037883e+00 1.519417476e+00 1.682885190e+00 
1.433575506e+00 1.554611650e+00 1.767392232e+00 
1.251427089e+00 1.024271845e+00 1.317114810e+00 
1.020066165e+00 1.086165049e+00 1.177550149e+00 
1.190451479e+00 1.061893204e+00 1.232607768e+00 
1.091852621e+00 1.146844660e+00 1.272727273e+00 

1.000000000e+00 1.053398058e+00 1.000000000e+00 
1.190451479e+00 1.010922330e+00 1.000000000e+00 
1.251427089e+00 1.000000000e+00 1.000000000e+00 
1.433575506e+00 1.554611650e+00 1.767392232e+00 
1.760508563e+00 1.740291262e+00 2.000000000e+00 
1.552932019e+00 1.479368932e+00 1.767392232e+00 
1.612610275e+00 1.851941748e+00 2.000000000e+00 
1.718993254e+00 1.780339806e+00 2.000000000e+00 
1.827970939e+00 1.696601942e+00 2.000000000e+00 
1.741048262e+00 1.779126214e+00 2.000000000e+00 
1.702906072e+00 1.533980583e+00 1.822449851e+00 
1.632848988e+00 1.622572816e+00 1.822449851e+00 
1.636741048e+00 1.583737864e+00 1.822449851e+00 
1.530358070e+00 1.665048544e+00 1.822449851e+00 
1.501037883e+00 1.519417476e+00 1.682885190e+00 
1.251427089e+00 1.024271845e+00 1.317114810e+00 
1.526466009e+00 1.241504854e+00 1.549722578e+00 
1.398893358e+00 1.231796117e+00 1.494664959e+00 
1.351323300e+00 1.367718447e+00 1.589842083e+00 
1.427867151e+00 1.316747573e+00 1.589842083e+00 
1.346999222e+00 1.271844660e+00 1.410157917e+00 
1.288618319e+00 1.326456311e+00 1.450277422e+00 
1.392838609e+00 1.362864078e+00 1.505335041e+00 
1.277374157e+00 1.401699029e+00 1.494664959e+00 
1.300726518e+00 1.413834951e+00 1.505335041e+00 
1.174104826e+00 1.333737864e+00 1.450277422e+00 
1.020066165e+00 1.086165049e+00 1.177550149e+00 
1.190451479e+00 1.061893204e+00 1.232607768e+00 
1.091852621e+00 1.146844660e+00 1.272727273e+00 

1.000000000e+00 1.053398058e+00 1.000000000e+00 
1.190451479e+00 1.010922330e+00 1.000000000e+00 
1.251427089e+00 1.000000000e+00 1.000000000e+00 
1.636741048e+00 1.583737864e+00 1.822449851e+00 
1.530358070e+00 1.665048544e+00 1.822449851e+00 
1.612610275e+00 1.851941748e+00 2.000000000e+00 
1.760508563e+00 1.740291262e+00 2.000000000e+00 
1.827970939e+00 1.696601942e+00 2.000000000e+00 
1.741048262e+00 1.779126214e+00 2.000000000e+00 
1.718993254e+00 1.780339806e+00 2.000000000e+00 
1.346999222e+00 1.271844660e+00 1.410157917e+00 
1.277374157e+00 1.401699029e+00 1.494664959e+00 
1.174104826e+00 1.333737864e+00 1.450277422e+00 
1.398893358e+00 1.231796117e+00 1.494664959e+00 
1.288618319e+00 1.326456311e+00 1.450277422e+00 
1.190451479e+00 1.061893204e+00 1.232607768e+00 
1.020066165e+00 1.086165049e+00 1.177550149e+00 
1.251427089e+00 1.024271845e+00 1.317114810e+00 
1.091852621e+00 1.146844660e+00 1.272727273e+00 
1.351323300e+00 1.367718447e+00 1.589842083e+00 
1.427867151e+00 1.316747573e+00 1.589842083e+00 
1.392838609e+00 1.362864078e+00 1.505335041e+00 
1.526466009e+00 1.241504854e+00 1.549722578e+00 
1.717176959e+00 1.507281553e+00 1.727272727e+00 
1.587009600e+00 1.531553398e+00 1.727272727e+00 
1.433575506e+00 1.554611650e+00 1.767392232e+00 
1.702906072e+00 1.533980583e+00 1.822449851e+00 
1.632848988e+00 1.622572816e+00 1.822449851e+00 

1.000000000e+00 1.053398058e+00 1.000000000e+00 
1.251427089e+00 1.000000000e+00 1.000000000e+00 
1.190451479e+00 1.010922330e+00 1.000000000e+00 
1.346999222e+00 1.271844660e+00 1.410157917e+00 
1.398893358e+00 1.231796117e+00 1.494664959e+00 
1.288618319e+00 1.326456311e+00 1.450277422e+00 
1.174104826e+00 1.333737864e+00 1.450277422e+00 
1.526466009e+00 1.241504854e+00 1.549722578e+00 
1.300726518e+00 1.413834951e+00 1.505335041e+00 
1.351323300e+00 1.367718447e+00 1.589842083e+00 
1.277374157e+00 1.401699029e+00 1.494664959e+00 
1.392838609e+00 1.362864078e+00 1.505335041e+00 
1.433575506e+00 1.554611650e+00 1.767392232e+00 
1.427867151e+00 1.316747573e+00 1.589842083e+00 
1.761805916e+00 1.746359223e+00 2.000000000e+00 
1.702906072e+00 1.533980583e+00 1.822449851e+00 
1.382978723e+00 1.600728155e+00 1.682885190e+00 
1.636741048e+00 1.583737864e+00 1.822449851e+00 
1.501037883e+00 1.519417476e+00 1.682885190e+00 
1.632848988e+00 1.622572816e+00 1.822449851e+00 
1.190451479e+00 1.061893204e+00 1.232607768e+00 
1.091852621e+00 1.146844660e+00 1.272727273e+00 
1.251427089e+00 1.024271845e+00 1.317114810e+00 
1.020066165e+00 1.086165049e+00 1.177550149e+00 

1.718993254e+00 1.780339806e+00 2.000000000e+00 
1.612610275e+00 1.851941748e+00 2.000000000e+00 
1.827970939e+00 1.696601942e+00 2.000000000e+00 
1.741048262e+00 1.779126214e+00 2.000000000e+00 
1.000000000e+00 1.053398058e+00 1.000000000e+00 
1.190451479e+00 1.010922330e+00 1.000000000e+00 
1.251427089e+00 1.000000000e+00 1.000000000e+00 
1.398893358e+00 1.231796117e+00 1.494664959e+00 
1.288618319e+00 1.326456311e+00 1.450277422e+00 
1.300726518e+00 1.413834951e+00 1.505335041e+00 
1.174104826e+00 1.333737864e+00 1.450277422e+00 
1.346999222e+00 1.271844660e+00 1.410157917e+00 
1.526466009e+00 1.241504854e+00 1.549722578e+00 
1.277374157e+00 1.401699029e+00 1.494664959e+00 
1.427867151e+00 1.316747573e+00 1.589842083e+00 
1.392838609e+00 1.362864078e+00 1.505335041e+00 
1.351323300e+00 1.367718447e+00 1.589842083e+00 
1.759989621e+00 1.473300971e+00 1.727272727e+00 
1.091852621e+00 1.146844660e+00 1.272727273e+00 
1.251427089e+00 1.024271845e+00 1.317114810e+00 
1.020066165e+00 1.086165049e+00 1.177550149e+00 
1.190451479e+00 1.061893204e+00 1.232607768e+00 
1.636741048e+00 1.583737864e+00 1.822449851e+00 
1.530358070e+00 1.665048544e+00 1.822449851e+00 
1.632848988e+00 1.622572816e+00 1.822449851e+00 
1.433575506e+00 1.554611650e+00 1.767392232e+00 
1.552932019e+00 1.479368932e+00 1.767392232e+00 
1.702906072e+00 1.533980583e+00 1.822449851e+00 

1.000000000e+00 1.053398058e+00 1.000000000e+00 
1.190451479e+00 1.010922330e+00 1.000000000e+00 
1.251427089e+00 1.000000000e+00 1.000000000e+00 
1.346999222e+00 1.271844660e+00 1.410157917e+00 
1.398893358e+00 1.231796117e+00 1.494664959e+00 
1.392838609e+00 1.362864078e+00 1.505335041e+00 
1.277374157e+00 1.401699029e+00 1.494664959e+00 
1.288618319e+00 1.326456311e+00 1.450277422e+00 
1.174104826e+00 1.333737864e+00 1.450277422e+00 
1.300726518e+00 1.413834951e+00 1.505335041e+00 
1.190451479e+00 1.061893204e+00 1.232607768e+00 
1.091852621e+00 1.146844660e+00 1.272727273e+00 
1.251427089e+00 1.024271845e+00 1.317114810e+00 
1.020066165e+00 1.086165049e+00 1.177550149e+00 
1.351323300e+00 1.367718447e+00 1.589842083e+00 
1.526466009e+00 1.241504854e+00 1.549722578e+00 
1.427867151e+00 1.316747573e+00 1.589842083e+00 
1.759989621e+00 1.473300971e+00 1.727272727e+00 
1.636741048e+00 1.583737864e+00 1.822449851e+00 
1.702906072e+00 1.533980583e+00 1.822449851e+00 
1.741048262e+00 1.779126214e+00 2.000000000e+00 
1.718993254e+00 1.780339806e+00 2.000000000e+00 
1.433575506e+00 1.554611650e+00 1.767392232e+00 
1.552932019e+00 1.479368932e+00 1.767392232e+00 
1.632848988e+00 1.622572816e+00 1.822449851e+00 
1.827970939e+00 1.696601942e+00 2.000000000e+00 
1.530358070e+00 1.665048544e+00 1.822449851e+00 
1.612610275e+00 1.851941748e+00 2.000000000e+00 

1.827970939e+00 1.696601942e+00 2.000000000e+00 
1.718993254e+00 1.780339806e+00 2.000000000e+00 
1.612610275e+00 1.851941748e+00 2.000000000e+00 
1.741048262e+00 1.779126214e+00 2.000000000e+00 
1.000000000e+00 1.053398058e+00 1.000000000e+00 
1.251427089e+00 1.000000000e+00 1.000000000e+00 
1.190451479e+00 1.010922330e+00 1.000000000e+00 
1.392838609e+00 1.362864078e+00 1.505335041e+00 
1.174104826e+00 1.333737864e+00 1.450277422e+00 
1.526466009e+00 1.241504854e+00 1.549722578e+00 
1.300726518e+00 1.413834951e+00 1.505335041e+00 
1.351323300e+00 1.367718447e+00 1.589842083e+00 
1.398893358e+00 1.231796117e+00 1.494664959e+00 
1.346999222e+00 1.271844660e+00 1.410157917e+00 
1.288618319e+00 1.326456311e+00 1.450277422e+00 
1.277374157e+00 1.401699029e+00 1.494664959e+00 
1.427867151e+00 1.316747573e+00 1.589842083e+00 
1.091852621e+00 1.146844660e+00 1.272727273e+00 
1.190451479e+00 1.061893204e+00 1.232607768e+00 
1.251427089e+00 1.024271845e+00 1.317114810e+00 
1.020066165e+00 1.086165049e+00 1.177550149e+00 
1.636741048e+00 1.583737864e+00 1.822449851e+00 
1.530358070e+00 1.665048544e+00 1.822449851e+00 
1.673932278e+00 1.449029126e+00 1.727272727e+00 
1.498789569e+00 1.575242718e+00 1.767392232e+00 

1.718993254e+00 1.780339806e+00 2.000000000e+00 
1.741048262e+00 1.779126214e+00 2.000000000e+00 
1.612610275e+00 1.851941748e+00 2.000000000e+00 
1.760508563e+00 1.740291262e+00 2.000000000e+00 
1.827970939e+00 1.696601942e+00 2.000000000e+00 
1.190451479e+00 1.010922330e+00 1.000000000e+00 
1.000000000e+00 1.053398058e+00 1.000000000e+00 
1.251427089e+00 1.000000000e+00 1.000000000e+00 
1.277374157e+00 1.401699029e+00 1.494664959e+00 
1.288618319e+00 1.326456311e+00 1.450277422e+00 
1.398893358e+00 1.231796117e+00 1.494664959e+00 
1.346999222e+00 1.271844660e+00 1.410157917e+00 
1.392838609e+00 1.362864078e+00 1.505335041e+00 
1.300726518e+00 1.413834951e+00 1.505335041e+00 
1.174104826e+00 1.333737864e+00 1.450277422e+00 
1.433575506e+00 1.554611650e+00 1.767392232e+00 
1.382978723e+00 1.600728155e+00 1.682885190e+00 
1.636741048e+00 1.583737864e+00 1.822449851e+00 
1.702906072e+00 1.533980583e+00 1.822449851e+00 
1.552932019e+00 1.479368932e+00 1.767392232e+00 
1.632848988e+00 1.622572816e+00 1.822449851e+00 
1.530358070e+00 1.665048544e+00 1.822449851e+00 
1.091852621e+00 1.146844660e+00 1.272727273e+00 
1.251427089e+00 1.024271845e+00 1.317114810e+00 
1.190451479e+00 1.061893204e+00 1.232607768e+00 
1.020066165e+00 1.086165049e+00 1.177550149e+00 
1.526466009e+00 1.241504854e+00 1.549722578e+00 
1.351323300e+00 1.367718447e+00 1.589842083e+00 
1.427867151e+00 1.316747573e+00 1.589842083e+00 

1.718993254e+00 1.780339806e+00 2.000000000e+00 
1.741048262e+00 1.779126214e+00 2.000000000e+00 
1.612610275e+00 1.851941748e+00 2.000000000e+00 
1.760508563e+00 1.740291262e+00 2.000000000e+00 
1.827970939e+00 1.696601942e+00 2.000000000e+00 
1.190451479e+00 1.010922330e+00 1.000000000e+00 
1.000000000e+00 1.053398058e+00 1.000000000e+00 
1.251427089e+00 1.000000000e+00 1.000000000e+00 
1.277374157e+00 1.401699029e+00 1.494664959e+00 
1.288618319e+00 1.326456311e+00 1.450277422e+00 
1.398893358e+00 1.231796117e+00 1.494664959e+00 
1.346999222e+00 1.271844660e+00 1.410157917e+00 
1.392838609e+00 1.362864078e+00 1.505335041e+00 
1.300726518e+00 1.413834951e+00 1.505335041e+00 
1.174104826e+00 1.333737864e+00 1.450277422e+00 
1.433575506e+00 1.554611650e+00 1.767392232e+00 
1.382978723e+00 1.600728155e+00 1.682885190e+00 
1.636741048e+00 1.583737864e+00 1.822449851e+00 
1.702906072e+00 1.533980583e+00 1.822449851e+00 
1.552932019e+00 1.479368932e+00 1.767392232e+00 
1.632848988e+00 1.622572816e+00 1.822449851e+00 
1.530358070e+00 1.665048544e+00 1.822449851e+00 
1.091852621e+00 1.146844660e+00 1.272727273e+00 
1.251427089e+00 1.024271845e+00 1.317114810e+00 
1.190451479e+00 1.061893204e+00 1.232607768e+00 
1.020066165e+00 1.086165049e+00 1.177550149e+00 
1.526466009e+00 1.241504854e+00 1.549722578e+00 
1.351323300e+00 1.367718447e+00 1.589842083e+00 
1.427867151e+00 1.316747573e+00 1.589842083e+00 

1.760508563e+00 1.740291262e+00 2.000000000e+00 
1.718993254e+00 1.780339806e+00 2.000000000e+00 
1.827970939e+00 1.696601942e+00 2.000000000e+00 
1.741048262e+00 1.779126214e+00 2.000000000e+00 
1.612610275e+00 1.851941748e+00 2.000000000e+00 
1.000000000e+00 1.053398058e+00 1.000000000e+00 
1.251427089e+00 1.000000000e+00 1.000000000e+00 
1.190451479e+00 1.010922330e+00 1.000000000e+00 
1.277374157e+00 1.401699029e+00 1.494664959e+00 
1.288618319e+00 1.326456311e+00 1.450277422e+00 
1.398893358e+00 1.231796117e+00 1.494664959e+00 
1.392838609e+00 1.362864078e+00 1.505335041e+00 
1.346999222e+00 1.271844660e+00 1.410157917e+00 
1.351323300e+00 1.367718447e+00 1.589842083e+00 
1.300726518e+00 1.413834951e+00 1.505335041e+00 
1.427867151e+00 1.316747573e+00 1.589842083e+00 
1.174104826e+00 1.333737864e+00 1.450277422e+00 
1.552932019e+00 1.479368932e+00 1.767392232e+00 
1.433575506e+00 1.554611650e+00 1.767392232e+00 
1.636741048e+00 1.583737864e+00 1.822449851e+00 
1.501037883e+00 1.519417476e+00 1.682885190e+00 
1.091852621e+00 1.146844660e+00 1.272727273e+00 
1.190451479e+00 1.061893204e+00 1.232607768e+00 
1.251427089e+00 1.024271845e+00 1.317114810e+00 
1.020066165e+00 1.086165049e+00 1.177550149e+00 

1.827970939e+00 1.696601942e+00 2.000000000e+00 
1.530358070e+00 1.665048544e+00 1.822449851e+00 
1.636741048e+00 1.583737864e+00 1.822449851e+00 
1.702906072e+00 1.533980583e+00 1.822449851e+00 
1.632848988e+00 1.622572816e+00 1.822449851e+00 
1.741048262e+00 1.779126214e+00 2.000000000e+00 
1.718993254e+00 1.780339806e+00 2.000000000e+00 
1.612610275e+00 1.851941748e+00 2.000000000e+00 
1.000000000e+00 1.053398058e+00 1.000000000e+00 
1.251427089e+00 1.000000000e+00 1.000000000e+00 
1.190451479e+00 1.010922330e+00 1.000000000e+00 
1.392838609e+00 1.362864078e+00 1.505335041e+00 
1.174104826e+00 1.333737864e+00 1.450277422e+00 
1.398893358e+00 1.231796117e+00 1.494664959e+00 
1.288618319e+00 1.326456311e+00 1.450277422e+00 
1.346999222e+00 1.271844660e+00 1.410157917e+00 
1.526466009e+00 1.241504854e+00 1.549722578e+00 
1.300726518e+00 1.413834951e+00 1.505335041e+00 
1.430461858e+00 1.321601942e+00 1.549722578e+00 
1.277374157e+00 1.401699029e+00 1.494664959e+00 
1.091852621e+00 1.146844660e+00 1.272727273e+00 
1.190451479e+00 1.061893204e+00 1.232607768e+00 
1.251427089e+00 1.024271845e+00 1.317114810e+00 
1.020066165e+00 1.086165049e+00 1.177550149e+00 
1.624632849e+00 1.496359223e+00 1.767392232e+00 
1.453814219e+00 1.694174757e+00 1.767392232e+00 
1.501037883e+00 1.519417476e+00 1.682885190e+00 
