7375 17759 36590
2077.5 3427 9969
769.167 1489 3851
3860.33 10165 24174
2764.83 5389 13313
7643.33 16717 36078
3314.17 6080 15327
2414.5 5618 13248
2981.5 5450 13975
690 791 2507
1623.17 3558 9054
5012 9142 22737
2453.67 4306 11477
202 250 0
1546.17 3929 9490
2010.83 4959 11373
1262 1481 4793
4638.83 13412 27370
1486.5 3284 8025
1960.33 4197 10462
2680.67 5494 13233
1286.5 2645 7584
1815.17 4532 10778
3183.83 5631 15125
6820 18799 38788
3628 9673 21688
3671.83 10155 22109
7576.33 15925 33514
5529.67 12703 28952
1668 3038 8177
887 1532 4260
4954.33 14267 29719
6957.5 18395 37644
6213.83 16057 33399
1592 3848 9009
1568.67 3743 9006
5712.83 12624 29218
1779.67 3808 9108
4859.33 12192 26141
2762 5843 13870
6194.83 16250 35342
842.5 1419 3377
2518 5945 14057
5870.5 14508 30803
1532 1721 5473
1510.33 3673 8361
1295.67 2292 6581
2661 5572 13417
2188.33 4054 10740
4325.17 11851 25025
2197.5 5253 12156
1717.5 2947 8450
893 1444 3710
7872.83 17900 37948
2056.17 4140 10636
7333.17 19075 40291
2418.83 5589 12888
4023.83 10559 24452
860.333 1729 4081
7523.33 14955 32584
6839.5 13083 29748
2530.17 5521 13199
5044.67 12868 28553
5024.83 11103 25796
3683.17 9110 21778
570 668 1893
4255 9519 22227
2852.5 5696 14004
2762 6154 15806
4272.83 10412 24890
2332.67 5048 12734
2317.67 5986 13289
532 683 1893
2980.67 5760 14062
2487 2806 8443
723.167 1460 3622
1048 1699 5233
1383.17 2390 7598
2980 5198 13092
531 810 2174
238 234 0
5741.17 10853 25403
234 278 905
2775.33 5868 14894
5033.83 12827 27732
3426.67 8390 19603
2121.83 6056 13869
2094.83 4656 11706
2809 3392 9236
2812.67 6486 17515
1205 1997 5584
2867.17 5830 14600
3345 4617 12284
3385.83 9142 20108
1479.67 3447 7825
6671.33 18327 36895
6515.67 13337 29404
3539.17 9639 20888
2039.17 4198 11234
2368.83 5684 13868
8533.5 18045 39224
3876.33 9195 21914
1670.83 4082 9635
540 679 1896
6064.17 13941 30442
3060.33 5572 14145
3702.17 7839 19724
3709.5 9652 24102
8103.5 15788 34651
4375.83 9280 22203
2396 2910 8164
2093.83 3896 10071
995 1076 3411
206 295 253
2246.5 6053 12938
7599 18331 39155
5541.83 14217 29457
1674.5 2604 7867
5869.5 14953 31363
2311.33 4662 11998
867.833 1617 4020
2289.5 3718 10641
1183.5 1526 5082
2745.83 5446 13121
2745 7208 18482
6338.5 13428 30448
2064.67 5347 11641
1344.5 1956 6524
6076.67 15971 32730
1748.5 4485 10636
3490.5 8281 20011
5146.67 11845 25996
1069 1252 3662
1352.33 3523 7617
4841.5 13674 29112
1522.5 3285 8961
7456.33 16807 35400
6745.83 18164 36228
2502.5 6978 16803
3167.83 5709 14423
739 1296 3273
3423.83 8478 20659
202 298 695
2487.67 5469 12893
2288.17 6039 14465
650 730 2075
5228.83 9000 22203
657.667 1555 3647
5752 14111 30586
1076 1266 4241
1049 1237 3599
8391.17 19001 40951
7337.17 17347 36413
3062.17 7140 17590
2270.5 4732 12375
2724.5 5302 13016
1684 3858 9603
3315.5 4879 12522
1489.33 3401 8150
8771.17 18655 40933
964.167 1805 5407
1569.83 4551 10184
880.5 1941 4481
4770.83 12811 26039
4624 9198 21957
7590 15610 33943
3138.5 8169 19159
2268 2662 7999
3243.5 6958 17775
1475 2755 7683
3237 6179 16333
874 1188 3532
5575 13859 29924
548 814 3162
3165.33 5143 13129
2107.67 5302 12485
3512.33 7766 18483
543 698 2066
1874 4246 10426
7391.5 17958 38908
3772.67 8748 20931
2717.67 5468 13327
4662.33 9236 22337
6314 15368 33493
6137 16974 33665
2872.17 4983 12816
2784.17 5580 13587
2039.17 5668 12234
2211.17 4881 11716
5521 13446 28569
4359 11571 25351
6571 13275 30277
4364.17 11471 25928
656 747 2402
1405.17 2630 7669
4899.83 12865 26904
6757 17196 36192
5150.5 13923 29114
6726.67 16106 34837
2123 3633 10458
234 238 0
3020.17 8380 19539
1903 3794 9567
2551.67 6365 16754
1980.17 5622 11826
4942.17 12051 26108
1790.5 3403 9331
3928.17 5970 15387
1402 3766 7945
693 807 2592
8204.33 17768 38345
2632 6052 14565
922.667 1801 4991
1874.33 2920 7927
3836.17 7834 19240
1148.67 2495 7274
6659.5 16919 35773
2566.17 5596 13269
1518.67 4030 9159
5103.67 11997 26047
325 444 1511
613 761 2447
2489.67 4560 11562
1067 1301 3702
1007.17 2424 6424
2546.83 5378 12777
4470.83 9037 21178
867 1010 3288
943 1998 6012
798 925 3254
2091.83 6026 12707
1878.17 4604 11296
3022.33 8220 18552
2360.83 4425 11247
5379.67 11571 28261
987 1372 4094
5496 15073 32170
2038.17 4510 11142
2180.33 4107 10688
434 527 1891
4961.33 12351 27481
7000.33 17978 36619
1355.5 2959 7766
220 298 997
6300.83 14585 31395
208 276 621
1478 1918 5601
3376.17 7942 18999
5377.17 15246 30057


3369 6495 18784
3291.5 5779 14615
736 838 2918
5865 12743 29793
2068.67 4606 10208
2384 3239 8820
3527 10152 23554
1981.67 4580 10179
3135 8739 18972
5009 10651 26640
587 698 2166
1343 2224 5696
2283 5397 13869
2175.67 4750 11605
6255.83 14814 31718
4640 13094 27649
2560.17 4052 10567
730.167 1281 3535
1086.5 1782 5027
7984.67 19698 42673
349 474 1227
880 1390 4459
1062.5 1379 3742
3163.33 8361 20091
1779.17 3576 9410
996.5 1832 5688
2160 4606 11080
5935.33 14543 31124
604 692 1888
631 659 1829
1596.5 2198 6333
1952.83 4801 11959
4826.67 12883 27584
2270.17 4352 10220
2562.17 4589 11282
2367.67 5004 12724
1471.83 3423 8716
943 1164 3653
1058.83 2617 6659
2451 4494 11256
627 753 2482
1309.67 3239 7541
4146 10441 24772
2643.17 4715 12801
6611 15614 34550
1093.17 1778 4488
6057 16429 33187
2116.83 3301 9493
234 238 0
4755 11639 26514
6063 15055 32499
4685.33 10604 26219
1675.5 3435 8882
4100.67 10461 23640
2247 2931 8072
5502.83 13547 30485
238 234 0
3864 9525 23219
2205.5 4394 11061
2269.67 5134 12505
3647.5 7759 19841
3959 8450 20885
4309.33 10525 25620
2017.5 5406 12205
1995.83 4655 10408
1633.33 3926 9317
1351 1589 4711
3869 8846 20788
2441.17 4091 10553
2267.67 5679 13844
6949.17 18191 36236
5573 13666 30585
6703.67 18210 37698
4861.67 11147 28110
4140.83 8891 22926
6556.33 16975 35599
2249 5497 12608
1841 2107 6411
6118.83 11464 28220
1593.67 3102 8446
6527.33 15952 33637
1873.33 2987 7798
6128.83 14598 31204
4074.67 10633 24280
4142.17 9143 23334
3094 3660 9576
2835.83 7241 18226
1690 2063 6367
1859 3726 9836
1914 4984 10533
749.667 1454 4281
7119 16487 35509
5897.83 15244 30791
6473.17 14924 31794
721.5 919 3260
3502.33 9346 21365
3680.83 9789 21801
416 499 1338
6317.67 16533 34314
2322.17 5995 15646
1483.5 4039 9659
4351.67 10065 24151
2406 3160 8764
2401.83 5384 13279
953.5 2051 5174
5126.33 13787 29960
2448 2847 7923
4047.83 9350 21622
5346.5 13352 28833
4885.33 9884 23482
8066.83 14264 31097
3750.33 9942 21870
4017 10800 24152
3009.83 4989 13808
1987 4446 10102
2204.67 4524 10315
1260.33 2586 6685
3948.83 11610 23912
2070.5 3447 9023
1635.17 3698 9633
2684.67 5550 13870
1186 2356 5693
1552.5 3352 7713
2329.67 5301 12869
1407.5 1759 4860
6657 15387 34672
6103.67 17304 33913
2012.33 4651 10734
6729.17 12706 29351
1943 4666 11452
983.833 1971 5271
910 1142 3380
8088.5 19696 39930
1950.83 5059 11556
3182.5 8282 18719
1731.67 3975 10075
2136 4558 10259
1444 1694 5728
2612.83 4941 12545
7415.17 16020 34883
3523.67 8822 20355
5070.17 13508 29027
698.333 1118 3108
1305 1734 4684
1424.5 1998 5777
5381.17 12200 29010
5913.83 12998 29821
1522.83 2791 7590
2710 6264 16403
6693.83 18138 35941
349 458 1058
4545.17 10011 23515
2258.5 5494 12933
6705.5 18195 37115
2705.83 7266 15657
1872.17 4591 10079
5579.67 15740 33154
1584.17 3385 8249
2706.17 7267 16618
1842.17 4783 10204
6495.17 16250 34090
4040.5 11297 25801
693 840 3028
206 295 253
3612.33 9251 20879
2831.67 8048 17225
2436.33 4681 11483
7764.67 14661 31535
3226.67 7830 20015
6455.17 16003 33654
2299.5 4639 11278
208 254 0
4276.5 8422 21410
2136.17 5257 12591
2399.17 4835 12031
220 298 997
416 527 1813
1411 3843 8246
3450.33 8171 20307
2953.33 4426 11730
1515.17 3932 9366
5814.33 15455 31349
2320.5 3669 10177
8105.5 16620 36602
7064.5 16780 34912
208 276 621
414.5 609 1396
8177.83 19331 40051
3126.5 6716 16576
3644.17 5948 15551
2819.5 5478 14531
3858.83 8303 20754
206 258 0
7251.5 14397 30830
2563.17 4370 10741
1747 2417 7594
5623 15546 32015
2511 5901 14939
3488.83 9474 21396
2226 5158 12431
2437.17 4619 11791
2711 4444 11770
234 278 905
472.5 788 2241
1732.83 3609 9523
561.5 958 2505
4040.17 8950 21276
3855.17 9973 22269
202 298 695
2225 5709 14233
1779.83 4880 10500
6195.33 17028 35713
1263.83 2236 7451
2240.33 5157 12338
905.5 1945 5054
7306.17 18316 39715
1153.17 2587 6815
1108 1308 4287
516 611 1827
7132.83 16463 35092
1988.83 4758 11706
4720.5 12949 28469
6340.33 16283 33171
6975.17 16838 39708
1573.5 2952 7691
626 692 2196


1646 1935 6315
1671.17 3349 8818
6006.17 16631 32556
1464.33 3491 7908
1969.67 5685 12783
7180.67 16229 37083
2543.17 5854 14517
5310.17 15412 32173
2238.33 4092 10101
1118 2185 7374
1945.67 4747 10904
4500.83 11517 24532
791.5 1551 4461
6690.5 10058 24910
615.667 1304 2987
500.5 1132 1701
692.5 1175 3057
8330 18326 39833
2068.67 5790 13266
2514 6089 15216
1811.17 3963 9821
2878.67 7056 17451
673.167 1271 2801
2669 4211 12108
2800 3289 8665
512 555 1672
1763.33 4244 10181
5978.33 16732 33013
890 1125 3653
547 578 1735
3074.5 5730 15251
2895.67 7470 17874
7403.33 17176 38031
1627.83 2817 7955
2668.83 6542 16237
5445.83 14010 31331
923 1088 3969
2364.17 5391 13549
6681.67 16464 35289
3056 6738 17569
6238.17 12568 29917
2372.17 6427 14877
374 575 1540
8857.33 17975 38085
906 1369 4254
5536.33 10439 24836
1185 1332 4557
4627.17 10123 22782
2138.83 4495 11202
7084 15386 34871
1417 3386 7825
1704.17 4816 9754
206 295 253
1303 2172 5892
3074 3637 9327
4131.17 11298 23685
396 499 1451
4375.5 10212 23085
2365 2908 8585
3931.17 6333 15899
1827.33 4358 10484
3653.5 7123 18479
6160.33 15778 33967
2448.5 3721 9690
1667 1907 5409
675.5 1148 2552
1844 2179 6544
202 298 695
2966 6746 18373
1094.67 2001 4592
2484 3416 8900
885.5 1241 3597
2929 8123 18211
2749.67 5521 13942
2090.5 3202 8572
793 904 2727
1050.67 2287 4784
1969.17 4549 10730
2183.5 5772 12907
4651.5 11798 28678
7131.33 18743 38541
767.5 1116 2818
1158 1363 4122
1017.33 2330 5008
1666 3051 8304
4137.33 8870 22019
2260 5264 13006
1341.83 3565 7991
3763.33 9597 21166
6136 16540 34106
3277 5224 13007
500 573 1603
1395 3550 9224
2636.33 3684 9506
5694.5 16236 32355
3784 10482 22996
758 875 2649
2545.67 5254 13178
2403.67 4719 11592
234 238 0
3356 6002 15718
3003.67 8207 19286
2535.5 4652 12465
2821.67 6606 17152
2315.33 6204 13536
3967.17 10445 23000
1482 1736 5282
3314 7884 19539
5066.33 10902 24719
5526.5 11545 27503
3390.83 8648 20657
562 608 1770
1786.83 4764 12716
2968.33 4094 10972
2111.5 4197 11028
561 682 2258
1040.67 1729 4581
1246.5 1774 5344
4249.5 8753 20729
3943 9178 21096
1518 2920 8275
1854.33 4737 10575
2871.33 5600 14467
6255.67 17621 35467
6879.33 17188 35630
3512 3910 10125
202 250 0
5050 11752 26075
1149 1557 5053
2462.17 6467 15423
2556.33 4731 12741
1542 1899 5364
1819.17 4142 9931
3415.33 9304 21030
6640.83 16259 34793
8942.83 19228 39885
3125.67 5907 15662
4499 8831 20954
572 854 2363
208 276 621
2246.33 6239 13417
1083.5 2422 5802
1643.83 4091 9490
2134.5 3842 9871
3986.5 9286 22721
4924.17 11449 24535
3119.67 6661 17809
4807.33 11564 25385
1726.83 3965 9858
3643.5 7285 18570
3014.5 7850 18538
1623.67 4355 9415
2690.67 7086 17012
2877.17 4134 10370
809 953 3448
2558.33 5914 15535
1637.33 2706 7741
7050.33 17988 38267
6650.17 14638 34566
6798.17 17114 35321
3720.33 9877 21923
966.5 1485 4424
1118 2045 5403
672 749 2489
3022.67 8178 18950
4960.5 11797 25864
3770.67 9821 22767
9101.17 19409 40140
4183.5 10315 24462
6364 16358 35033
986.5 2182 4654
3939.83 9234 21426
6615 14488 31835
4646 9700 24342
2264 4139 10710
2399.83 3508 9277
7062.17 17567 36660
1468.83 2722 7849
421 526 1560
1050 2756 7253
5191.33 10648 25726
2715.33 3861 9985
2339.33 5730 14436
1737.5 3694 9675
7145.17 17241 36277
1073 2177 4827
3960.17 9038 21629
3426.5 7838 20467
2026.17 5050 12904
2319.17 5712 13511
3383.33 10005 19643
3047.67 8249 19287
708.5 1161 3235
770.167 1271 3280
3649.67 10075 21856
1946.5 3088 8534
2479.83 5445 13607
2007.17 4314 10582
648 743 2482
4561 13235 30689
4207.17 10223 23162
511 836 1835
2736.33 5516 13824
679.5 1238 3247
7394.5 19595 39174
1111.33 2348 5047
553 643 1758
2569.17 6626 15829
2675.5 7948 16319
2916.5 8253 18560
6970.5 15750 35998
3160.17 7538 18660
988 2520 4957
6276.33 16386 34509
7277.17 13469 32604
1129.5 1588 4691
1982.5 4034 9939
7012.5 17635 37934
3404 9703 21125
6794.33 18529 36980
4460.83 12025 25296
5256.33 13245 31301
7656.33 15452 35515
2827.67 7587 17942
1345 1741 5179
369 471 1229
545 647 1913
2014.17 4302 11130
2357.17 3998 10225
4589 11676 25709
3288.83 8323 19333
3621.83 8819 20778
234 278 905
2556 2900 8157
1131 1376 4618
7581.67 18181 39243
220 298 997
997 1192 4081
6664.67 17514 36149
1552 2091 5577
2087.67 4191 9982
3737.33 9052 20888
1505.33 3325 8670
2475.17 6720 15625
462 520 1572
1233.17 2136 5580
400 472 1370
775 953 3416
699 841 2496
2749.33 6903 16575
6155.17 16010 33103


959 1216 4082
5096.5 12160 27367
3489 6937 17303
2651.33 6984 16089
1323.33 2845 7773
5517 13664 30742
1460 3160 7876
3609 8675 20238
9408.83 17373 38847
7410 14815 31322
1093 1953 4858
4220.83 10053 23052
4943.17 10148 24944
6562.33 13462 30989
2158.33 5049 11993
7904.17 18013 40906
3089.33 4128 11575
1589.67 3102 8167
5779.5 15075 31528
6678.83 16035 34763
1526.33 3229 8473
1459.5 2470 7044
7350.67 16378 34907
847 1466 3329
6931.83 17138 34994
3509.33 8874 21729
612 712 2855
3534.17 7419 19249
6203.67 17505 33046
2354 3226 8837
2292.33 5589 13962
1913.5 4503 11084
1966.5 3144 8321
864 989 3172
5445.67 7963 19927
2882.83 5647 14487
6233 15732 33074
960 1157 3414
2467.33 5365 14109
2055 4687 11953
5181.83 12613 28275
2961.17 6560 16982
5020.83 9139 21747
2392.83 6375 15463
6292.83 16207 34835
2890.17 7696 18770
1210.5 1579 4584
4901.5 12403 26668
6534.67 17273 36299
2890.33 6082 15460
3593.17 8498 20180
5096.5 12180 27202
2689.17 7427 16335
2311.5 3136 8365
3419 5934 15306
2110.67 5154 12992
2270 5974 14903
4849.33 9493 23511
498 671 2351
5415 13192 29221
2744 6031 15162
1000 1158 3465
7645.83 14277 31421
2234 4568 12183
2196.67 5138 12316
6543.83 17774 36988
1860.67 5380 11048
3287.5 6770 17004
5091.5 13230 30157
2685 7030 16100
7109.17 17216 35497
2335.5 4920 13482
5425.33 13772 31167
427 507 1445
3912 10661 23072
2795.33 6331 15405
920 1065 3372
2858.5 6661 16349
6989.33 15223 31829
2313.83 4717 12302
4265.33 10508 25569
3157.83 8231 19922
2341.5 4557 11225
1838.83 3601 10042
4168.17 11291 24219
1069.33 2119 6392
1252 3129 7198
1401.33 3231 9766
5402.17 11956 26958
2653.67 6824 15551
2849.5 7704 18190
4481 8161 19549
6167.5 16351 32647
7858.33 18761 40721
1060 2236 5882
986.167 2043 4596
5399.5 12592 27563
7010.83 18631 38683
861.167 2109 5193
2790 7305 17454
2296 4399 11221
866.5 1528 4456
568.5 700 2511
220 298 997
3363.33 8093 19287
1239.5 1708 5283
5087.17 12733 28069
1465.33 3176 8318
770.5 1791 4405
2346 5798 14539
408 672 2171
3979.83 8566 21397
4609.33 11784 26598
872 1021 3371
4631.17 8101 20258
2447.17 3854 10569
3091.17 6243 15748
4374.33 12623 25726
4782.33 9416 22948
270 297 830
2034.67 5612 14184
1299.5 2942 7822
4791.83 10097 23323
1242 1479 4785
4200.33 8190 19573
3279.5 8814 20622
650.5 1146 3193
6772.83 14907 31182
1110.33 2488 7049
873 2095 4980
447 539 1893
6618.5 17390 37304
821 1105 2965
7082.83 15122 34132
601 724 2649
1116.5 1527 4262
208 276 621
4354.5 10213 24400
4478.17 10118 23162
7631.5 17840 38971
2994.33 5623 14192
5031 13068 27060
1976.33 4619 11451
816 1026 2876
1452.17 3879 11017
3049 4677 12383
7285.17 16978 35267
2187.17 4259 11181
1313.17 3285 9248
1065.5 1614 4766
7789.67 17580 37529
4458.83 11613 26496
2802.5 7800 18521
439 517 1749
7030.83 18490 37859
2054.33 5019 11809
1063.33 2201 5888
5427.83 12633 30454
3752.17 5645 16552
2914.67 6821 16361
4156.5 10141 24183
3820.33 8545 20438
781 1240 3198
2197.67 4812 13161
3390.67 8713 20093
931 1370 3612
7799.5 16608 37715
2163.83 4575 11765
3712.5 9390 22844
238 234 0
202 298 695
202 250 0
3181 8175 19335
3045.5 5913 14963
947.167 1917 4557
6033.33 17094 32363
4592.67 8387 20881
2607.83 4305 11993
1790 4421 11018
5097.67 12895 28935
2998.83 7044 17044
3179.17 8857 20679
457 514 1626
1345.5 2111 6368
6196 17640 35483
1218 1476 4746
6465.17 15651 34160
1194 1382 4525
7539 17337 37166
816.833 1517 3506
206 295 253
3301.17 7014 18124
888.333 1421 3395
2953.67 6819 16602
1003.17 2542 6299
6440.67 16003 33393
3226.83 6158 16281
7640.33 18846 39120
2542.17 3670 10097
380 450 1112
1327 1635 5812
1687 1934 7234
2571.83 3725 10273
4984.5 13269 27418
1937.5 4758 11708
417 497 1338
1213 2380 6929
355 556 1373
812 996 2858
1290.5 2638 7108
2710.17 6339 16213
3418 9444 20758
234 238 0
2235 2609 7785
4397.33 10630 26176
851 1047 3034


1615 3581 9790
344 489 1098
7079 18174 37418
1506.5 3070 8876
2625.83 6725 15503
2036.67 4940 12539
2013.5 2739 7370
2263.67 4540 11684
1402 2270 7193
5453.33 12210 27505
3309.67 7125 17919
4137.83 8218 19857
6985.5 18172 35785
3056.67 7330 17986
3541.17 10037 21147
2036.33 5039 11634
566 637 1838
1939 4311 10458
5870.17 14959 32231
1168 2576 6436
5849 12544 29231
521 606 1807
2911 4204 10930
3391.5 6648 16226
1400 1669 5688
682.5 904 3003
4578 10382 24866
1493.67 3011 7416
354 474 1511
6393.67 18378 36826
7111.67 18132 37290
3994.17 10273 23191
5090.33 13221 27932
1340.17 3357 7496
976.5 1535 4176
2769.17 7530 16287
2006.17 4573 11493
7417 13419 31305
8595.83 17055 36330
3307.17 8071 18716
2750.67 6299 15050
1085.67 2387 5825
6349 17452 35721
937.167 1955 4421
206 295 253
2362.67 6250 14344
3195.83 8626 20941
1992.83 5715 11532
7036.67 17178 36501
1098 1341 4679
1408.67 3242 7729
5938.83 14410 31200
6865.5 18348 38461
2311.5 3134 9040
2965.5 6944 15941
2791.33 7665 16793
5925.67 14672 31850
585 786 2324
761.167 1473 4136
6255.83 13059 30393
6901.17 18308 36550
1097.5 1559 4584
786 881 2516
5506.17 15344 32928
1374 1657 4906
5179.17 11422 25952
2821 5869 15587
1151.67 2779 6816
1616.17 2943 8347
1608 3013 7834
3352.67 6762 16076
7220.33 18561 40544
7083.67 14556 32027
2004 5474 11936
688 893 3434
6503.67 14656 32951
1344.83 3472 7642
3518.67 5359 14540
5829.83 13511 31101
7309 14060 31729
270 297 830
6039.67 16900 34727
1567.5 2930 7263
2651 7016 16213
2569.67 4416 11333
565 691 2037
2887 8163 17569
3081.67 6598 15882
1492.83 2846 7240
1656.67 2793 7488
1591.17 2911 7383
1090.5 1442 4263
1325.5 2285 6103
1798 3357 8980
3725.5 9206 21541
2251.17 5435 13059
2091.17 5148 12625
3594.33 8381 20321
5456.67 14533 31084
5767.67 15715 34327
2397.5 5298 13815
6649.83 11754 28010
1083.5 1786 5559
1331.17 2607 6952
1333.33 3176 6999
9130.33 17518 36718
4461.5 9966 23173
3946.33 10459 25499
234 238 0
5311.67 12628 29011
1117 2134 6026
7890.33 15141 33991
449 594 1640
208 276 621
4287.17 7319 20426
597 700 2436
6027.17 15579 33317
1984.67 4398 11067
2299.33 5299 13526
7119.67 9952 23222
5586.83 13865 29533
3595.17 8258 19107
2038.17 4029 10094
2148 2900 8832
1586.5 3042 8644
2917.5 6954 16025
1226.5 1776 4956
574.5 1105 2145
1383 1674 5002
5128.5 12059 26736
9356.83 19084 41508
2945.33 7182 17004
5183.83 12482 28486
565 655 1842
3681 5128 15203
2373.83 5497 14730
3814 8188 18860
1899.33 3573 9156
2323.83 3524 9888
220 298 997
6740.5 15779 35498
3389.83 5261 13078
1793 3529 9044
5393 12444 27410
2790 5073 12937
3908.33 6926 17088
2274.17 5514 13180
1390.5 2248 6164
906.5 1147 3846
1335.67 2986 7399
3992.17 9061 21477
7621.5 18312 39304
3783.17 10449 21861
7145.83 17519 39255
1070 1610 4841
202 250 0
3054.17 6860 16511
5232.17 12955 28823
5511.17 14678 31431
1490.83 3439 7847
6516.17 17079 34902
465 539 1787
385.5 582 1623
6441.67 16038 34657
4445.67 7076 17891
2001.83 4274 11032
1323.5 2478 6462
1463.33 3790 9265
1886.67 3334 8915
6739.67 16685 35366
6634.17 17223 35637
5716.17 14165 29797
981 2135 5326
784.667 1995 4613
1472.33 3539 8288
603 677 2066
8425.5 17956 39333
3188 3940 10382
2527.67 5145 12827
7084.67 15549 33662
2560 2854 7860
381 454 1467
3944.33 8617 21327
1590 4064 10381
499 676 1907
4082.83 10074 22832
2308.33 4676 12818
2866.5 7549 16689
2426.67 3487 9152
6505.83 12492 29265
4830.83 12120 25786
7272 17039 35584
6011 11890 27743
2251.5 3491 9038
2110.17 5734 13862
3663.5 10147 21294
3637.33 7740 18590
2897.5 7484 18406
2490.33 4624 11746
2846 4092 10389
202 298 695
642 947 2701
3159 8399 20160
6595.67 17388 35100
4782.5 11995 25691
3368.83 8100 18769
4048.33 9555 22756
238 234 0
5128.5 13814 29010
637 1011 2502
5961.17 11448 26637
5277.83 14178 29204
3301.67 7325 17139
7257.67 15362 33104
5826.83 12608 28917
1459.83 3804 8357
982.167 1872 5150
7646.83 19245 40904
7317.17 13010 29781
2399 2860 7655
4258.33 12232 27231
4015 10158 23477
1767.17 4058 10232
660 829 2471
8163.83 16858 35613
3015.5 4197 10950


508 628 1924
3471.83 8488 19353
5857.83 12913 29063
6141.83 11889 27877
642 774 2563
3968.17 7260 17569
3833.17 10100 25317
3457.67 5354 13591
503 629 2502
3581 8501 19587
5319.17 11701 27132
3263.67 9092 19606
3862.67 9357 20961
2883.33 6513 15779
3034.67 5504 14008
4981.33 12020 27217
3690.17 8367 19401
3553.17 7353 18134
3215.67 8885 18425
2292.17 6721 16087
1074.5 2816 6694
2262 3594 8901
5615 13243 29311
5516.83 13511 29404
1357.67 2265 5941
390 453 997
1599.67 4431 10742
3753.33 8925 20048
6966.33 15254 32377
438 595 1450
1477 4122 10003
3264.67 7344 17025
2617.33 6268 15374
1880.67 4522 12348
1633.17 3482 8776
2127 3804 9479
3953.17 9813 22259
2136.83 4385 11232
4802.33 10850 25713
2931.83 6644 15830
5199.5 13920 31216
5518.67 14773 31857
2567.5 6363 14984
959 1151 4075
408.833 685 1479
3459.17 5638 14042
1695.67 3539 8826
2798.67 7697 17857
5148.83 10827 25452
7286.33 15344 34900
1047.83 1908 5148
3520 9853 22999
5321.83 13897 29597
1867 3533 8834
883.167 1604 4425
497.333 877 2082
1288 1510 4610
2019.33 4107 10625
2795.17 5464 13354
3367.33 7515 19231
1288.83 3194 7919
2819.5 5710 14471
4482.5 11082 25338
1204 2098 5300
2873.5 7552 17125
202 250 0
1594.67 3235 8664
3576.83 8588 19583
5587 8739 20485
885.5 1485 3902
2046.17 3835 9048
1388.67 3137 7474
3006 6253 14520
5114.33 14101 28743
6015 13668 29943
3146.83 8084 18192
3593.33 9605 20570
5258 13053 28592
7685.83 18066 40396
7312.67 15315 34240
3048.5 5960 14605
2402.83 4096 10992
3759.17 8645 20474
2697 6665 15507
2096.5 5230 13170
5627.33 12275 28389
452 514 1856
4567.5 10913 26680
3249.67 8392 18969
3768.33 9777 20902
3525 9154 20341
6875.83 15509 32819
3612.5 6310 15433
1123.33 1686 4486
2435.5 6022 13553
2833.17 6883 16793
2439.83 6675 15102
1507 2320 5992
4965.5 13785 28123
5914.67 15708 34586
3040 6332 15904
659.167 1107 2795
3060.33 8372 17923
769.167 1385 3478
3320 7927 17883
2408.33 5546 13495
445 515 1448
2084.83 3760 8955
7220 19475 40080
1185.17 2489 6397
2579.67 3672 9196
4572.67 8430 19765
5575.5 14434 31489
2806 6528 15401
1341.17 3299 8308
1225.67 2328 7199
3699 8321 19425
1713.67 3116 8397
5114.33 13073 28616
4821.33 9777 23424
4911.67 13208 27632
2853.83 6707 16625
1155.33 2335 5478
238 234 0
3460.33 8439 19250
208 276 621
2550 6815 16456
3071 8288 18024
5361.33 15123 31296
5142 14597 29571
2438.83 5819 14511
1387 1595 5762
2874 3567 9196
5147.17 11683 26872
1846.67 4072 10488
3061.5 3643 9267
1405.83 3956 9388
234 238 0
5648.67 7712 19708
3468 7296 18013
1957.17 3951 9670
5749.33 16253 32625
666 833 3174
3702.67 9812 21586
2890.5 5434 13948
2021 4210 10840
5185 12250 28222
1728 2340 8077
2065.17 3933 10509
6641.17 15521 33014
1409 2642 7236
2013.5 4004 9903
5003.17 13554 28522
3568.67 6668 16478
925 1307 3660
1178 1598 4697
3850 4334 11025
769 917 3470
715.833 1495 3708
7181.5 15666 33186
206 295 253
7115.67 17343 38935
2044.83 3854 9989
234 278 905
2157.67 4526 13076
1043 1254 4125
1186 1389 4467
494.167 986 2183
3703.83 7179 17564
2123.67 3929 10069
440 575 1540
3506.33 8783 19683
610.333 1199 2976
2723.67 5533 13441
4386.83 9239 21740
2423.67 6608 14029
2262 6360 13561
6345.67 16229 38090
1522.67 2720 7389
3642 8549 19770
1129.5 2695 5869
1401.83 3601 8725
3917.5 9387 21557
3538 6255 14896
1468.67 3135 7707
1183.5 2508 5567
1603.83 3785 9029
2071 3846 9093
4815 8808 22445
4158 8238 19277
3119.33 7481 17760
7155 16893 38254
891.5 1694 5143
1633.17 2964 7409
2882.83 6324 15654
2504.33 5195 13303
5475.17 13854 29040
1832 2157 5770
1775.5 2241 6319
3426.33 5907 14663
3838 9172 20815
6154.17 13617 30627
3806.5 9847 22008
3556.83 8656 19712
1339 1598 5101
3252.5 7184 16988
1444 3144 8335
4049.67 9540 23230
387 472 1419
4415.33 12444 26806
3087.17 7693 17266
6827.33 15378 32332
2409 3454 8951
385 459 1100
282 338 968
6354.67 14125 32076
1029 1148 3579
1319 2024 5386
2264 3114 8784
850.833 1600 4090
1753.5 4433 11282
449 487 1439


1334 1665 5981
1248.83 2906 6288
3286.83 8506 20440
385 472 1618
2137.33 5785 14068
2873.17 7726 16665
1706.5 4699 9613
2946 3516 9573
7207.17 15177 32841
1010.5 1802 4815
1814 2456 6748
1350 3233 7361
708.167 1080 2949
1469.83 3070 8315
4171.33 10219 23414
1206.5 1595 4187
4472.83 10863 27313
5771.5 13493 29607
3731.83 6468 17264
2517 5370 13901
2088.83 4310 10987
5708.5 15713 33784
1456 3820 9433
2026.33 4591 11933
1197.83 3037 7341
5585.33 10605 25205
608 758 2747
3036.17 7472 17171
6099.17 14090 30583
3914.33 8545 20935
1246.67 2384 6038
6189.17 14735 31234
9374 19360 40006
1290 2591 6925
5141 12410 27987
2468.83 5158 13097
656.167 1116 3440
1749.67 3619 9345
6112.33 14862 31399
2852.67 5660 16106
3321.33 6959 19480
736.5 993 2958
1397.5 2136 6054
1515.17 2558 6830
1623 2823 8015
2192.67 4052 11405
1424 3092 8091
3351.67 6898 18097
3282.83 7571 20351
3231.67 6558 17035
3538.17 8444 20881
1397.5 2414 6124
7096.33 13426 30082
206 295 253
3125 6996 17866
2084.17 4326 10680
1265.67 2680 6710
720.5 1397 3884
2884 7641 16550
2177.5 3563 9761
2809.33 6945 16191
4127.17 9587 22913
3003.67 7865 17183
924.5 1922 5409
208 254 0
5136.33 12592 28275
4439.67 12597 29058
2903.83 8285 17162
2126.83 5228 12358
2913.33 7650 16642
3495.67 5527 14314
1871.17 5331 11154
5846.33 15094 31524
1861.17 4740 10378
1420.67 2552 6501
1726.33 3716 10009
2250.83 5615 13111
3974 9787 22123
5432 14003 29627
1008 1774 4680
1602.5 2460 6887
4341.5 11107 26813
3606.33 6766 18730
4259 9362 21490
621.167 1073 2872
2128 2403 7236
2496.67 4375 12255
1259.5 1692 4308
410 490 1712
3086 7909 19474
1927.33 4853 10910
5571.67 12570 28522
202 298 695
5825.67 14606 30881
1792.17 4221 10340
1950.17 5137 11860
3011.17 8028 18846
6237.5 14697 31155
2898.67 4939 14188
5382.17 14645 30459
4185.83 9508 22202
2333.17 5302 13634
4157.17 6750 18134
5588.33 13940 29351
5425 14226 30667
4216.67 11665 25862
2891.67 8354 17075
6134.17 17538 37792
7570.5 18811 39090
3485.83 8960 20560
1182.5 2470 5647
1896.17 4743 10744
4304.83 10073 23095
562 614 1764
5032 13288 29240
2119.67 5472 12011
3065.83 7781 17578
1701.5 3581 8712
2889.17 7279 16261
5985.33 15482 34520
2536 3203 8615
3056 6448 16684
1314.67 3015 7288
1032 1199 3608
3940.67 9895 21999
4043.5 9807 22875
1913.67 4646 10362
575 650 1944
1938.17 5087 11383
3654.83 7446 19587
2268.83 5503 13801
6129.17 15151 31767
2156.83 4576 12166
2355.5 5628 13985
2547.83 4860 13524
2618.5 6494 15939
4059.17 8517 20961
6167.5 12289 27446
3257.67 9148 21032
5309.17 14113 30293
4931.33 9777 22932
2156.17 4646 12767
6308.5 14173 32541
573 893 2034
2957.17 7467 16338
4040.5 9746 22487
3715.5 9871 21543
6419.83 19413 38092
3309.33 6679 17580
2589.67 3383 8686
222 291 514
8037.33 15145 33139
1928.33 4429 11193
2371 2803 7982
1605.5 2449 6658
803.333 1863 5340
4284 10180 23416
3656.5 8805 21384
234 278 905
1891.17 4880 10684
238 276 345
619 738 2568
5141.67 8501 23220
1801.67 3504 9353
6387.17 16289 36783
1377 1638 5027
1197.67 2725 6273
1574.33 2953 7782
3327.33 6913 17596
886 973 3218
1242.5 2350 5683
6097.17 14792 31284
1495.17 3078 8516
4125.83 9654 21400
1689 3293 8519
1219.83 3341 8134
2224 5079 12983
2570.33 6944 15985
1957.67 5010 11780
1275 1529 4400
923.667 1504 4176
4369.67 10126 25003
1449.67 3186 8507
3279.33 7063 17918
796 983 3342
1851.5 2733 7256
3075.83 7109 18648
2152.5 2788 7317
6002.5 15165 31744
1906.17 3392 8819
4585.17 10117 25161
238 234 0
343 451 1310
2579.17 6267 15473
2558.17 5533 14355
576 722 2356
638.5 959 2895
1365.17 2935 7689
1691.17 3639 9488
733 896 2914
4198.17 11466 24745
7408.33 16984 38669
1062.83 1948 5636
6170.83 13838 30965
813 942 2938
2982.17 7342 16508
1169 1286 3943
3642 10163 23236
894.167 1763 4616
1395.67 2801 7148
6255.83 12618 29942
1475.5 2348 6634
4357.5 9285 21993
1039.67 2254 5504
1937.33 5617 11904
1319.5 1662 4806
1008 1306 3503
234 238 0
214 280 405
1837.83 3944 10326
1445 1619 4843
6575 16052 35088
1591.5 2598 6943
1529.5 2230 6143
220 298 997
8320.67 18520 39664
7013.83 15147 32542
5520.83 15456 31742
533 629 1730
3733.5 10671 24055
675.667 1435 3559
2470.67 5992 15344
2618 3170 8519
471.5 755 1801
1060.5 1672 4206
527 591 1718
7337.5 18895 37935
1991 2674 7281
2046 2340 6235
1441 1597 4516


1639.33 3315 9694
7671.17 16993 37492
616 720 2441
817 980 3141
2347.33 4207 11600
536 597 1884
4921.67 10641 24243
1253.17 3085 7219
1563.67 4357 9582
1468 3260 8500
2523 4852 12716
4649.83 10231 24053
3928.33 10453 22946
6890.33 15651 33132
2927 7760 17026
4144.67 8893 21137
3253.5 8201 20750
5376.33 12997 28558
572.5 975 2657
5001.83 13176 28677
6850 13972 30788
6003.33 12809 29520
1398.17 3362 9196
4909.33 9936 23240
7258.17 15948 34154
1995.33 4579 11123
570.833 947 2088
2554.17 6541 16148
3836.83 9767 21817
6062.83 14370 30950
4231.5 10173 22758
6349.67 15971 34126
4885.67 10154 24000
1136.17 2776 7196
1080.5 1925 5984
8205.17 17643 38858
2423 4329 12664
3586.67 8054 19908
5546.5 11681 27130
2531.17 6257 15670
5948.5 8932 21415
3375.17 9026 20937
1829.33 4629 11338
4929 10880 25343
5292.5 12310 28311
3086 8672 18519
1055.5 2505 7080
2753.17 5161 12734
6405.33 17221 35752
2100 5556 14903
3256.5 6465 15847
4440.33 9831 22633
4853.5 9712 22834
3056.17 7359 17259
2087.17 4345 11089
4234.5 9384 21617
4575.5 9437 22538
4310 10155 23449
3077 7658 18177
6364.67 17720 34559
4908.33 9313 21611
4138.33 10255 23049
5468 12150 27232
3155.17 5071 12971
5294.5 10983 25740
2453.17 7105 15818
3611.83 6236 17266
2904.17 5189 14983
4748.5 11887 27226
5296 13002 28614
4072.5 10057 22647
1405.67 2819 8369
5928.67 15695 32410
856.5 1587 4734
1954.83 5002 12527
621 785 2897
7333.5 18833 38669
1896.17 4173 10600
1821.17 3157 8732
4835.83 10701 24642
4138.5 10744 24501
3568.5 8110 20202
7285.5 16708 35417
2727.67 7770 18185
650 1125 3574
958 1081 3303
3140 5641 15010
3943.33 9593 22077
7622.33 16540 36297
1070.17 2593 7163
977.5 1329 4837
771.667 1739 4686
5482.67 13989 30249
3881.5 10182 22773
3188.33 9011 19176
7180.67 17024 35905
5290 14149 29654
2149 4024 10941
4203.17 9285 21435
4239.33 9224 21180
6688.83 11984 27646
222 291 514
3913.83 7940 19631
6919.5 13972 31688
8527.83 15841 35627
1205.5 1761 4870
1343.5 3526 7888
1084 1241 3621
7711.83 17986 38856
7949 15785 34322
6736.67 16741 35300
7879.17 16483 35006
968 1244 3658
4561.33 10764 25070
391 486 1560
5032.33 13160 29542
6542.33 15993 34430
2493.83 5906 15329
2994 6221 15497
1443 2582 7681
2680.83 6833 16908
2309.17 3907 10450
1098.67 1833 6449
2068 4457 11133
3566.33 8717 20948
7061.67 18356 37478
6147.5 13015 29796
1329.5 2433 6650
6657.67 16331 34745
1761.33 4147 10366
1964.67 4818 12536
5161.67 14775 30337
1585.33 3217 9288
815.167 1670 3633
3149.33 6535 16680
1468.83 3804 9474
549 895 1988
895.5 1474 4014
1584.33 4742 11329
2222.33 5198 13757
416 527 1813
4839.67 9762 22678
234 238 0
3789.5 11161 21472
873 1116 3371
4461.83 9056 21425
6053.83 16631 32807
1060 2495 6711
578.667 901 2015
1444 1742 5426
216 313 543
7406.83 18725 39593
949.5 1463 3951
5709.5 15265 30633
842.5 1426 3794
5632.67 13991 30303
4061.83 11137 23982
5554.5 16358 30978
649 1180 3019
607 879 2513
1807 4229 10548
238 234 0
1609.17 2797 7780
4275.33 10367 24131
5741.33 14571 31456
3162.5 6777 19057
865.833 1584 4033
1740 4659 12125
4531.67 8187 21335
6435.83 16996 34436
4109.33 10178 23042
1958 3292 9984
1387.83 3931 8030
4228.67 11052 26752
1598.17 3579 9325
1156.5 3153 7420
220 298 997
876.333 2095 5641
7611.17 18532 37634
1592.83 2477 6918
440 512 1638
3316.5 4169 11131
6467.17 17652 36592
4645.67 12427 26936
542.5 783 1936
5326.33 10463 24479
936.667 1886 5213
3968.5 11251 24491
6340.17 13074 30590
240 282 408
7139 18460 37544
4186.33 8422 21068
1617.33 3792 9514
7446.5 19032 40766
7288.83 18892 38741
2027.83 5388 13284
1335 1615 4987
615.5 751 1896
6252.17 17805 33001
1824.5 4507 10611
238 276 345
270 297 830
1212.67 2351 6614
7402.67 19321 38852
1351 2169 6560
1628.33 3548 10361
202 250 0
642.167 1182 3121
962 1253 4096
5726 14667 30610
6102.67 14582 31790
1603.67 4080 10135
2988 8167 18218
7453.33 16756 36715
5901.5 14379 30526
2074.17 4450 11122
5928.83 15639 31796
6808.67 14201 30747
6366.83 15802 33209
1629.5 3170 9122
2535.17 4282 11671
1056.5 1767 5768
6061 14687 32919
691 900 3134
3481 9055 21151
7059 18136 36730
214 280 405
3145.33 8711 18673
206 295 253


1127.5 2469 6542
8704 19227 40425
1246.5 1673 4913
4710.17 10309 24515
7737.67 17915 36598
2242.17 6067 14790
1535.83 3445 9262
2393.17 5684 14174
3955.67 9668 22925
10003.7 16159 35240
1346 3202 7864
1139 1687 4766
847 1044 3383
7275 17547 36510
3134.17 6784 16953
1315.5 3472 7537
2254 2598 7527
4709.67 9970 23625
1577 1785 4964
1402.17 3416 8371
4234.83 9171 21435
3185.67 6336 16377
3790.5 6438 17048
854 997 3116
2798.67 7302 16596
2226.17 4788 13007
9939.83 18842 40624
4460.83 10281 24132
1613 2227 6455
3058.17 6575 16172
1334 3119 7775
1535.33 3971 9803
3006.67 7283 17074
4972.5 13474 28378
5821.33 12818 28228
4393 10545 23982
2932.5 7119 16171
4912.83 9072 21243
2164.5 4636 11999
1707 2265 6611
4971.83 9612 23488
3071.33 7277 18360
2899.17 6852 16131
986.833 2127 4512
1982.83 4013 11083
5789 14861 30744
1125.17 2270 6301
7533.5 15278 33285
4116.5 11067 23695
3006.33 6203 15774
5962.5 8910 21093
2074 3106 8258
2668.67 6183 14969
4439.67 9423 22831
4096.33 9261 21005
989.667 2278 4769
7977.67 16203 35181
4987.17 12547 28174
4588 9723 22943
4552 10362 25212
4846 11473 27789
1063.33 2511 6565
471 522 1713
1328.17 3198 7550
5234.17 11084 26202
6019.17 15059 31657
4328.83 9083 21137
4111.5 9819 23110
3048 3585 10070
6854.5 15261 32707
1583 3348 8182
6826.33 13667 30332
1990 3163 8762
1387 1623 4869
2425.33 6558 16062
1099.83 2757 6994
1740.33 3339 8223
1183 2188 5908
2613.17 7310 16507
3293.33 8244 20320
622 730 2359
3000.67 7010 16620
1028.83 2066 5374
4668.83 9379 23205
2172.5 2982 8653
3159.5 6634 17720
1846 2174 6553
3957.5 9344 21500
1285.17 3618 8603
5363.5 12817 28190
1631.5 4749 9946
795 1002 3123
3513.33 8278 20405
4243.83 9122 21926
587 684 2269
1193.5 2604 6573
3350.17 6323 15883
3256 6919 18021
1961.67 3132 8175
855 991 3102
1018 2113 5776
1430 1611 4647
4253.67 9529 22698
2807.33 7639 19621
2979.83 6011 14966
3514.17 7998 20023
4391 10708 23579
4391.67 10825 23976
2076 2512 7090
6875.5 16684 34760
6931.5 16849 35164
2980.33 7410 17806
8931.33 19630 40761
5860.83 17138 33341
4477.5 11324 25897
645.5 911 2553
1281.5 3012 7083
5487.17 14307 30360
705 791 2456
723 823 2589
1524.67 4259 8966
4887.33 9901 23923
1732 3198 8140
1575.17 3289 8015
4340.83 8457 20775
2448.17 6409 15384
7389.83 15566 33703
3964.67 8786 20835
1169 1952 5419
3656.5 8106 20514
2310.17 6286 15118
1051 1333 4116
745 777 2743
2868.33 5447 14776
4759.33 13107 27095
1329.67 2657 7720
2891.17 7456 16985
208 276 621
1001.67 2161 5722
1708.83 3372 8559
6056 16485 32342
1616 1902 5621
8556.33 18896 39648
6385.33 13411 28929
1428.33 2943 7818
1396 3468 8712
3793.17 7599 18791
997.167 1806 4800
6106.83 16159 32492
457 558 1973
202 250 0
1913.5 5210 13135
7722 16839 35839
346 451 1474
1325 3448 7707
2278 4478 11425
643 1167 3450
2747.5 4526 12424
7191 16106 34970
220 298 997
4278 11260 24238
3470.5 9359 22259
1704.33 4720 11008
5952.33 15236 31327
972 1154 3436
6643.83 16920 34951
760 1394 4499
6440.83 12235 27985
4343.67 9857 23486
2155 2500 6745
2874.17 6983 16123
4175.33 10728 23777
1321 2049 6166
342 468 1405
773 1093 2797
1315.5 2074 5830
3706.83 9596 22766
4292.5 11428 25055
4662.83 10645 26181
3690 10671 22585
5311.83 14794 30518
1176.17 2359 6404
1328.33 3575 7929
4283.33 11395 24865
5334.83 12945 28858
6359.83 16100 32966
8207.17 17208 37696
1559.83 2559 6982
2608.83 6254 15277
6634.67 16995 35411
206 295 253
3221.83 7568 18722
6095.5 13563 30043
1405.5 1845 5139
973.833 2480 5203
1132 1302 4329
6260.67 16866 32706
6528.33 16831 34511
238 234 0
234 238 0
7045.17 18100 39417
5442 14588 29309
1117 1816 4820
2904.67 6432 15518
986 1136 3596
3018.5 6920 16140
7484.67 17393 36254
469 551 1769
1262.17 2513 6868
1259 2166 6031
7259.17 14747 32280
7018 16998 35797
5200.67 14734 30235
4437.33 10596 24271
682 835 2430
6202.33 17918 37086
6638.33 16052 34345
1963 4874 14012
6168.83 17011 36196
1848.33 3238 8959
6538.33 15192 32420
1640 1811 5094
2584.83 5886 14425
1961.5 3085 7853
1314.83 3549 7750
4129.5 11588 23889
7041.5 15959 33164
7141.33 16769 34816
202 298 695
5856.83 13673 31104
1943.5 4845 13443
1484.17 3587 8767
234 278 905
1643 4196 10399
1323.83 3336 7412
5277.83 13441 29125
4208.67 9257 21246
6832.67 18380 39547
6479.83 16213 34105
1703.33 4144 10468
1014.5 1716 4603
4624.17 9642 23389
1109 1331 4147
2312 5913 14476
6867.33 16401 34633
3319 8811 20931
1656 3590 9942
1192 1438 4646
6058.67 14538 32127
1997.5 2797 7928
1740 4488 11931
3042.67 7031 16792
796.5 1219 3731


3482.67 8200 21322
2719.17 4178 11443
8915.5 18987 40062
582 741 2082
238 234 0
6620.5 16414 34750
3981.33 7198 19250
869.833 1811 4658
4594.5 8767 21374
2540.67 4475 13165
6052.33 13745 29722
1568.17 3364 9101
2386.17 5690 13297
2789.67 7733 16820
5508 14359 30693
2713.17 8038 16631
4243.67 11065 24516
965.5 1874 4818
586.667 955 2273
1881.67 4433 10861
4527 11921 26389
702 1318 3778
5155.83 13105 27524
2206 2636 8312
3922 10037 22806
1280.5 1640 5173
2942 5569 13413
585.333 1187 2192
986 1250 3981
6094.67 13397 29640
2564.33 5120 13279
434 497 1856
2577.17 6770 15954
6905 16203 33332
1534.17 2788 7479
3255.5 5109 13362
3428.83 5857 14961
1679.17 3014 7812
5694.33 15033 32347
1779.83 4597 10703
5098.17 14222 28343
416 479 1307
776 995 3309
4760.17 11388 25729
2741.33 5562 13366
435 470 1792
2129.83 4543 11800
760 825 2393
3214.17 5347 14724
4226 9965 22902
6687.67 18349 38430
1801.67 4504 10177
5105.83 10587 23948
1866.67 5113 11234
7331.83 19283 38579
1915 3211 9827
5853.83 13798 29252
3047.33 7961 18738
2766.5 7067 16542
4345.5 10878 25231
914.667 2369 5374
2939.5 6715 17028
7424 18120 37735
4057.17 7942 20181
5604 10694 24263
1940 3974 11202
6130.33 17080 34162
4156.5 7100 17473
584 716 2098
2780.67 7555 16704
3943 7716 18951
1217.83 3042 7887
2045.67 4678 11718
828 983 2909
6313.83 10832 24884
5558.67 12647 28236
3618.67 8137 19196
1756 4518 9825
2398.17 5809 14098
3496.17 7379 18392
1725.33 2924 7854
888.5 1627 4018
973.167 2437 5483
4969 11845 26124
915 1544 4686
410 605 1466
3594.17 5864 15609
3614.17 6719 17378
5137.83 13524 28803
4219.67 9219 21719
5144.17 10844 24787
1103 1841 5443
5479.17 13427 28022
1877.83 4886 13059
4269.83 9908 23274
371.5 513 977
6631.5 15328 33034
1915.17 4408 11369
2415.67 5655 14213
6019.17 14644 32463
5296.17 10072 23664
2177 2495 7280
1016.83 2350 5156
3122.17 7326 17155
7670.67 18754 39911
1161 1511 3991
3101.83 8700 19935
3447 8013 18873
3386.17 8222 19178
2749.17 5902 16333
2882.5 3950 10633
8797.5 18693 39937
4778.5 12052 26534
4380.5 11460 25765
1709.5 3257 9412
4212.67 10603 24095
3296 7326 18178
2677.67 5610 13496
7677.67 16230 35454
6747.67 16708 35805
2434.83 5630 14572
2079.83 4645 11821
1898.5 2707 7374
8047.17 17763 38497
5487 14638 29493
2278.33 5143 13159
5020.33 11081 26047
3867 7179 17494
5921.67 13414 29050
979 1124 3597
1235 1874 6598
826.5 1248 3418
6056.67 14582 30708
2156 6199 14275
4021.5 11206 24268
5996.33 13073 28365
4950.33 12801 26717
2686.17 7188 16438
5059 10891 26747
5384.33 14729 29512
7975.67 17954 37167
6799.17 17182 36312
5383.83 14797 28923
282 338 968
3954.5 9704 22780
1497 2503 7215
234 278 905
381 455 1293
5382.17 14883 31398
3349.83 7273 17346
6001.33 17496 37007
1610.5 3141 8777
6525.17 15567 32982
6038.33 17014 32665
4992 11867 27156
2594 6102 15274
2789.67 7464 16809
1356.33 3077 7905
4096.33 6429 16915
978 1183 3628
5269.83 14455 28907
867 1942 4370
3110.83 7786 17851
900 1059 3487
6072.33 13614 29746
4300.17 9038 23404
2359.33 6012 13322
5176 11515 27098
517 755 2033
1247.83 2541 7280
3981.17 9562 21338
6260.33 16218 33475
1082.5 2141 5915
609.5 836 2899
202 298 695
1550 1833 5324
5239 12936 27476
2643 3308 10152
1021.67 2088 5471
684.333 1503 3068
995 1615 5082
5554.5 12805 27727
6978.33 16676 35539
1062.5 2042 5236
3150.17 7233 17171
8388 15536 34208
2129 5301 13251
2950 5370 14661
3857 10921 22612
996 1099 3548
3313 7189 17228
1557.5 3069 8702
9448.83 18669 39756
6642.83 12130 28004
2862.5 7466 17033
2936.17 7967 17844
524 679 1899
1459.5 3576 9622
6324.83 17118 35441
6033 17145 33932
6479.67 16920 34684
3347.5 9165 20799
2945.5 6623 17106
2706.33 5972 14961
5699.17 14305 29456
2814.5 7052 16920
2271.83 6446 15928
1910 2795 8031
5565 9024 22012
5428.33 12814 27160
6043.67 13398 28586
6327 16582 33817
698.833 1427 2918
2392 5648 13379
1412.33 3530 7986
3120.5 7568 18641
7633.17 15718 33326
3769.67 7795 18723
3053.67 5814 14666
8558.17 12941 28917
2751.83 5592 13567
1832.33 3693 10608
6989.5 16367 34602
3546.5 8194 19089
685 760 2248
206 295 253
7768.33 18080 37544
833.167 1693 3796
5937.83 14137 29419
5385.33 14019 29397
1372 1870 6159
5131.5 13558 27473
1569.83 3036 8486
5637.17 15443 32442
4434.17 10677 24097
6971.17 14269 30727
8945.17 18490 39251
7290.17 15388 33247
1063.33 2378 7100
234 238 0
208 276 621
2393.33 5884 14444
740.833 1309 3700
7098.83 15726 33893
1248 1482 4308
7208 13249 28388
1006 1227 3643
202 250 0
425 507 1422
1509.83 3228 8152


1602 1986 5815
4851.5 11256 26796
8339.17 18742 39974
2035 3978 9808
3749.83 9343 22375
5983.17 14958 32401
2885.83 5807 15228
3213.83 4916 12470
4736.67 12310 27390
2935.5 5051 13072
3043.83 8436 19064
1003 1092 3148
6784 18108 38090
2145.67 4977 11689
4707.67 11837 26546
7606.33 14099 32328
549.5 817 2533
4209.83 11733 25901
1073.67 2087 5328
3411.83 8144 19852
3660.17 5719 15745
8023.33 17771 38842
6208.5 13795 31361
2037.5 3892 9824
3036.5 6878 16646
8677.83 18690 38999
388 470 1402
6677.83 13080 29244
5141.67 12596 27778
5010.33 10833 24336
3275.17 8431 19262
1884.33 4106 10758
2056 5048 12471
6854.17 16994 36232
5342.5 14055 29711
4714.17 12289 26601
2825.83 8275 16968
897.5 1471 3665
2244.83 4668 12465
2117.67 3950 10414
4280.67 9762 24151
1137.5 1513 4882
891.167 1635 3772
5942.67 17319 35228
6747.17 18555 35864
712 1110 2718
1899 4861 11148
1054.5 2147 5614
1784 3919 9757
2513.33 4482 11884
3574 8429 21620
3622.67 10153 22984
7791.17 18109 38856
355.5 499 1165
2598.33 5106 13525
8243 16827 36740
7612.5 15601 32571
2012.5 4046 10469
7292.83 15924 33309
7572 17692 38220
1532.5 2463 6442
5403.67 13461 30366
1968.5 4146 10954
1058 1167 3168
6570.17 16040 33247
5134.17 10656 25895
2789.67 5810 14131
6263.5 16621 35709
7405.83 15663 33864
4688.67 11066 24988
921.5 1277 3885
3554.17 7046 17282
4431.17 11129 25235
2631.17 5058 12906
403 500 1965
365 479 1215
4417.5 6828 17260
1778.17 4071 9583
1643.83 2434 6327
1131.83 2617 6286
7387.5 15550 32463
1275.5 1686 5490
1009.5 1774 4546
2284.17 5342 13463
1005 1232 4067
2835.17 7626 18785
891.5 1571 4220
2151.33 4217 11284
2028 3712 9497
3645.33 7782 19288
3325 6839 16793
3369.5 8044 19720
2486.83 5225 12813
790.5 1120 3066
1725.5 2419 7189
4989.83 11191 25269
3920.67 7802 19801
2215.17 4115 10783
4162.17 9031 22057
996 1369 4333
6859.33 15716 32657
2920 7057 17894
4373.33 12657 26798
1146 2545 8385
861.167 2218 4841
1456 1789 5498
7596.67 16819 36140
4034.17 10753 23910
5279.17 14116 29424
7910.17 15674 35054
1444.5 3713 9330
1631.33 2467 7007
4948.33 10660 24187
202 298 695
3345.83 10031 19309
862.667 2091 4949
1258 1798 5554
691 789 2413
6620.67 15938 33862
7446.83 19136 40037
2570 5163 12671
1026.83 2300 6103
2832.5 7225 16881
5715.67 11094 26416
5668.83 11539 28469
1867.83 4995 11952
220 298 997
1016 1281 4465
4594.5 5486 14349
3308.17 7344 18053
985 1179 3641
642 749 2359
3403.33 8246 20550
5809.5 15864 32561
2139.83 5438 13703
3998.5 4840 12509
3874.17 10201 23600
755 899 2918
1222 1886 5217
5973 16381 33071
4233.67 9378 22818
4293.17 9273 22568
1870 5296 12084
4200.33 11655 24638
1378 1630 5138
695 888 2664
1519.67 4075 10267
1484 2175 6166
206 295 253
1451.17 4225 9411
9306.17 16819 37123
2173.17 5409 12543
7193.17 17104 36886
2798.33 5810 14767
8951.33 17664 37660
626 695 2042
1878.67 4057 10211
2431.67 3932 10787
2707.5 3787 10316
4506 12813 28701
4262.17 9451 22935
1916.5 4905 11468
1356 2481 6675
1763.17 4536 11119
4925.5 11009 24397
1402.17 2108 5733
7166.67 16535 34867
1196.5 2046 5426
5993.17 12980 29096
234 246 0
2253.17 5561 13844
873.5 1882 4680
4801.67 11323 25469
2372.33 6172 14762
2852.5 5540 13731
3068 7418 18107
5272.67 14486 32395
2436.33 5906 14534
551.5 813 2234
967 1500 4091
1559.67 3362 8906
820.5 1354 3453
653.5 1476 3601
234 278 905
3455.5 8794 20865
4565.33 11667 26457
1945.33 4263 11630
2161 3207 10165
2009.5 3353 8386
5215.5 8849 21804
1427 2254 5908
7684.17 17051 36436
5770.17 13395 30637
202 250 0
3393.67 7477 18252
1788.17 3503 9397
1145.83 2831 7455
3565.5 6053 15719
1280 1480 4487
3302.17 4957 13014
560 688 2010
1383 3759 8777
2302 5231 13024
8572.5 19618 40409
1024.5 1979 4737
4061.83 10482 23838
1440.5 2474 6529
6156.5 16479 33938
7331.17 15634 32946
2132 5588 12652
5532.33 12521 27479
2179 3162 8564
371 462 1152
1947.67 5005 12145
810 956 3146
4646.33 10763 24213
994 1744 4447
1531.67 3627 9067
6644.33 16014 34790
653.167 1304 2757
2395.33 6091 16549
1120 2033 4742
208 276 621
3405.33 5785 13965
5361.33 12756 27952
7075.17 17605 37235
1056.5 1223 4031
6992.67 17886 36554
858 1989 3855
1704.17 3745 9519
1239.33 2513 6154
5542.33 12599 28705
849 1304 3428
6490.33 12880 28717
7504.17 18179 38680


3029.83 5211 14948
1951 3374 9787
3689.5 5996 16210
1390.5 2038 6411
3413.83 8316 19573
1359.67 2414 6526
5497 11755 28390
2582.5 4501 11959
1325.33 2664 6458
3466.5 7846 18403
4474.17 12322 27488
3668.33 8855 21969
5089 12052 26557
3349.33 9166 21596
651 728 2247
6940.67 17116 36411
2775 7199 16767
2641.67 6122 16318
3437.5 9115 19834
3850 9641 23267
3229.17 8721 18681
629 921 2551
1911.5 4902 11558
1548.67 3269 8824
403 505 1735
3008.67 8177 17515
3464.83 8938 20728
4472.5 8369 20256
2592.5 6831 14402
2962.5 8440 18511
3116 7965 18310
1478.5 2528 7264
2987.33 5688 14505
3607 4204 12288
2880.83 5906 14014
1018 1212 3652
7132.67 18159 38596
3261.33 8010 18815
998 1126 3642
932.5 1464 4321
2343.17 4326 11208
1975.17 4984 12021
1128.5 1693 5137
6219.83 13699 30831
3047 7529 17417
2454 5104 12870
1696.33 4042 10907
865.167 2030 6327
6911.5 17438 35265
5962.5 15385 31413
2628.83 6526 14851
4045 8789 21106
3087.5 8435 18354
5446.33 11547 27652
1970.5 4365 11146
3544.5 8226 18955
4710 12085 28025
1073 1446 4156
6818.33 17383 34963
2155 2925 8173
3948.67 9987 24001
3339.67 9319 20413
6652.67 17528 37507
4778.17 13667 29817
3520.67 8531 19942
4382.33 9748 24521
2362.83 3282 9012
778 1118 3079
2340.5 5982 13779
4792.17 13637 30028
8158.83 18020 37887
7281 18601 39243
6153 15011 30538
4040.83 11029 24316
2184.5 5131 13189
1345 1555 4964
2942.33 7745 17372
3817.5 7944 18797
1689.5 2332 6861
6193.17 16350 33985
3961.5 7740 19553
1287.67 2784 7318
2737 5921 14263
4560.33 8388 22486
5117.5 11876 26680
1253.5 3182 7229
616 826 2480
2586.83 6980 15502
7541 12480 29127
7091.33 19435 39554
853.167 1620 4612
1291.33 2653 6369
3314.17 7493 18382
7664.67 15878 34664
1103.5 1558 4883
529 582 1758
1304.5 1863 5212
1234.17 2817 6755
2187.17 4578 11225
202 250 0
1683.83 2744 7999
6006 15363 33233
206 295 253
735.833 1450 3651
2937.33 6786 16393
1817.17 4477 10931
2084.17 4346 11189
2147 6044 14346
4183.67 11083 26506
4744.83 13315 28048
1520.5 2171 6415
3684.5 8520 20315
2595.83 6382 14612
4975 10826 24966
4545.5 9649 23913
872 1623 4633
6624.33 15964 34950
3017.5 4141 11220
488.667 749 2024
234 238 0
3342.5 9148 20012
603.5 765 2402
3722.33 10169 24308
7466.83 18686 39985
7321 18132 38666
889 1032 3515
1000.5 2001 4996
2975.5 5737 14018
6691.5 15696 34174
2511 7004 14715
3612.67 8885 20954
6450.5 15935 34020
3078.83 8083 17478
3194.33 8780 19818
238 234 0
3707.67 8926 22015
220 298 997
4210.83 9658 24484
6180.67 17129 33362
4659.83 8996 22570
5014.17 9309 23566
2222.17 5014 12536
2276.17 5998 14230
7766.67 18286 40516
5516.33 8138 19804
2614.33 6252 14562
2611 6634 15244
3900.83 11109 24600
6144.67 15290 31708
1089 1230 3990
738.5 1376 3499
3795.67 7963 18800
2452.5 4631 12058
527 597 1766
5892.83 16722 31218
2968.33 6539 17315
2493.67 4537 13591
2033.17 5209 12390
1633.5 2388 7744
2434 2777 8187
1406.17 2702 7783
3091.5 6469 17751
1304.5 3461 10583
1286.17 3109 6882
4733.5 10514 24568
2127.17 5665 13679
2338 4929 12645
6558 14388 33276
1938.67 4900 11028
694.5 1148 3351
6541.5 14872 32506
1711.33 3067 8161
2352.83 4861 12756
2053.67 5600 12896
1330.67 3391 9568
2836.33 5530 13768
208 276 621
1720.83 2943 8307
3485 8373 19941
2225.33 5351 13660
202 298 695
2542.33 5619 13884
6474.67 15902 34277
6244 15288 32361
6246.67 14945 31158
5357.33 13540 29215
1253.83 3209 7758
7765.5 16109 34974
8210.33 17983 39341
7976.67 16258 36183
1084 1297 4662
1492 1749 5140
360 472 1186
7321.5 16195 34964
8239.83 17395 38139
2939 5778 13906
6437.17 14876 31067
5670 14818 30031
5813 12823 29128
619.667 1249 3170
2199.33 4732 11420
585 689 2183
5713.67 14672 30454
7747.83 19764 40421
811 946 2933
5963.33 13377 29161
557 611 1825
1033 1380 3725
234 278 905
898.167 1596 4364
779 957 2782
532 671 1971
804 1700 4953
569.5 974 3068
3631.5 8711 20484
1330.83 3091 7993
1591.5 1894 5282
1239 1916 6139


1173.33 1991 5272
893.167 1981 4861
1797.17 3702 9697
2401.5 7053 15324
3815 10064 21540
1338 2398 6625
1888.5 2847 8530
1448.33 3375 8673
1778.5 4045 11261
1241.83 3017 8536
4133.33 10014 24147
3669.5 9040 20089
5142.33 12498 29474
5517.67 10243 25576
4328.5 12017 26083
3853.83 9778 22715
4235.67 11027 24506
1781.83 3419 9156
2850 7785 17786
4727.33 11911 26596
5969.5 16121 36263
1382.67 2994 7939
3492.17 6485 16630
2807.17 5562 13744
5746.67 11653 26312
1746.5 3921 11158
2996.5 7296 18012
1144 1727 4620
4896.17 9815 24355
1326.17 2834 7362
4263 9636 22388
9026.67 16847 38517
7581 15718 34092
3800.17 9374 21462
478 545 1828
855.667 2222 5286
3365.17 7601 18047
1718 2080 5932
3104.83 7923 19249
640 712 2100
3249.17 7831 18633
6785 11827 27376
6703.83 13681 31817
3825.17 8424 20899
220 298 997
343 451 1310
3286 9083 19772
404.5 547 1364
6677.67 16114 37275
2428 6320 14245
8105.17 15798 35872
1574 2739 7081
3584.17 7505 18686
1603 3286 9053
5370.5 12098 30390
3382.33 8285 19511
2425.67 4591 12384
2416.17 5299 13507
1402 1581 4440
2536.17 3671 9519
1286.67 2786 7044
4413.17 9442 22856
1612.5 2886 7529
5261.67 11698 26735
2273.83 6703 13966
1034 1395 4134
1022 1864 4516
1207.33 2326 6120
409 504 1482
8085.83 19434 41589
614 1085 2456
426.5 536 1635
1016.33 2643 6842
3127.67 6734 17517
1438.67 3471 8703
5496.17 10380 24369
4344.5 9377 22362
3118.17 8917 19740
2007.17 4399 12312
4910.5 14833 30352
1351.67 2831 7446
2533.5 5959 14039
1924.17 5155 12540
7821 17871 37519
3462.5 8329 20077
430 719 2364
2372.67 7140 17055
3771 8641 20424
4648 12171 28832
2800.33 6809 16139
3939.5 9309 21149
1090.33 1624 4379
5622.33 10969 26067
1659.5 2876 7681
660 759 2453
2418.67 6253 13555
2939.17 5691 13940
1094.83 2090 6059
5061.83 11805 26836
2995.83 6823 16673
4190.67 5472 13718
5704.33 14860 30447
660.667 1077 3201
6469.83 18387 36501
1319 1860 5074
1897.5 4634 11754
2748.33 6357 15889
962.5 2358 5705
3248.17 7743 18629
3711.17 10206 21041
5873.67 13227 30793
3606.67 6842 18222
2406.83 6418 13703
836 2017 4264
3256.67 7738 19119
2476.33 6291 14749
3182 5619 14371
3853.17 9666 21881
3428 9300 20834
1078.17 1733 4540
1816 4482 11355
8407.83 19101 39609
1340 1563 4424
5999 15224 33729
1884.5 3568 9352
2223.83 4554 12333
1028.67 1955 4840
4805.67 8188 19506
202 250 0
889.5 1570 4302
878 1050 3019
3385 7417 18429
2106.17 5387 13471
3339.17 8610 19284
202 298 695
2354.5 2792 7596
1002 1145 3205
2852.5 7084 17508
206 295 253
3199.67 9624 19838
2987 7029 17082
7547.5 19298 39748
1377.5 1668 4987
1456 1784 5363
2675.33 5675 13745
4058.67 9936 23742
1923.83 3789 10368
4272.33 11655 25233
7320.5 18364 39103
1288 1771 5042
6646 18706 36824
4891.83 9218 22433
486 590 1847
208 276 621
1592.83 3727 9458
940 1153 4024
4207.17 9631 21608
2417.17 6310 13804
2012.67 3776 10246
5990.17 15436 33106
3108.67 6569 16738
821 962 2714
1272 1813 4851
9584.17 19150 41038
2450.83 6098 13719
2237.33 6241 13528
238 234 0
3762.33 9248 20506
1285 1534 4366
4073.83 9850 22777
841.5 1247 3555
5974 15778 34499
934 1173 3416
1250.83 2580 6346
1070.5 2215 4884
6381.5 15736 33965
4443.67 8743 21508
2458.83 6191 13947
3964.5 10208 22869
234 238 0
234 278 905
2534.33 5735 14867
5708.67 13896 31939
2191.33 4829 13233
3458.33 8414 19608
2435.83 6604 15517
1314.5 2442 7030
1703.5 2815 7311
699 772 2659
505 576 1881
1582.83 3291 9058
813 1364 3434
1437.5 2111 6293
1769 2385 7174
4275.33 10586 25812
3041.33 6706 15987
1439.33 3811 10179
4791.67 11730 25887
4850.33 11869 27597
1306.5 2444 6236
4279.17 9193 20977
1878.83 3628 9187
4636.33 9341 21792
1574.83 2929 7800
766 1499 4080
719.5 1378 3797
2347 6269 13680
465 536 1724
1727.67 4463 11182
923 1021 2796
1730 1946 6085
748 1003 2721
1857 2261 6448
4461.5 12223 27020


7243 17414 37383
4601.83 9687 22887
3873.67 6720 17368
862 1957 5889
4844 10865 24325
1763.17 4818 10969
779.333 1246 4651
5542.83 15527 32462
2496.83 6280 14584
6811.67 15589 32691
1345 2360 5937
4692.83 10219 23769
648 761 2511
1598 3151 9007
4434 9810 23749
5814 13422 29941
3064.33 6322 15732
3479.33 8795 19220
7115 15935 34262
670 742 2667
2765.5 6163 15291
1960.5 5368 13104
2927.33 7145 18837
1382.5 2202 6433
1534.5 3271 8246
6289.83 14956 32152
847 1110 3565
2848.33 7786 17331
4139 11404 25904
3528 8347 19907
2217 2673 7312
1321.5 2581 7080
1710.5 2993 7761
382 496 1778
1663.67 3888 9580
1379.5 2295 6381
5892.17 14789 31905
7084 15877 34096
7714.83 16362 35212
507 587 1792
2247.5 4663 11261
3164 6055 15190
1652.33 3539 9132
851.5 1177 3582
3672 9420 20515
2860.67 6415 15824
496 912 1873
1939.17 3799 9849
2343.83 4795 11580
1895.33 5100 12772
5233.67 12648 28342
202 298 695
3859.67 9109 22208
348 448 1250
1945 4889 11847
4483.33 11684 26612
1375.83 3246 8045
1001 1192 3856
3758.17 9686 22840
2368.17 5222 12897
4539 11295 25029
1923.83 4903 11951
2665 6420 15219
4096.33 7671 19103
584 701 2349
6963.5 17596 37320
3723.5 8504 20063
4748.67 10173 23945
5904 12162 28428
6822 17929 35996
4312 8167 19374
4025.83 8659 20668
2284.17 4873 11718
1860.17 5158 11397
2565 4721 12199
7904.5 15187 33843
6361.67 13443 30498
1510.17 3948 10726
404 475 1628
6546.67 13204 29100
2869.67 5703 14747
1214.67 3230 7854
2165 4995 12552
713.167 1483 2766
3403 9869 20195
6685.83 12190 28851
2690.33 7370 16578
6039.67 14748 30588
7457.33 12748 29312
4891.17 10843 25206
1984.67 4214 11181
7380.17 15807 34069
1770.17 3662 9494
3478 4563 11301
2530.83 6507 15171
7419.67 12824 29225
220 298 997
6855.83 15955 34301
5220.33 11495 26160
567.5 777 2241
2261.5 4974 12176
5296 13544 28691
1358.5 2708 7729
7904.67 15519 35471
515 566 1793
916 1059 3437
5769.33 13160 28513
4164.67 9487 22495
2286.33 4951 12470
3652.33 10297 22313
3206.33 9042 19912
3122.17 5778 15064
2506.5 5043 13369
742 889 2671
1967.5 5540 13540
2739.83 6902 16289
919 1079 3657
6265 14507 30948
822 923 3284
742.667 1892 3154
3729.17 8651 20373
1901.5 3294 9062
6716.83 16383 34627
1512.67 3581 9271
6336.5 16178 34160
6058.67 16201 34450
7546.83 15347 32353
1329 2576 7082
1312.5 3302 7899
6333.83 14344 31249
1697.33 3494 9281
631 831 2372
1741.5 2363 7227
4037 5364 13961
2166 5701 14375
3542.17 9442 21777
3768.33 6873 17322
1037.17 1937 5924
2736.67 6661 15315
7134.5 14842 32180
6774.33 18291 37231
1258.33 3012 7473
1378 2362 7198
4985.33 13814 29428
1644 2241 6495
7370.83 18384 38335
3186 5351 13453
1890.83 4623 10962
1644.5 2346 6748
6315.17 16474 35847
8127 19336 40237
2564 4795 13041
1336 1583 5788
8587.5 18676 40877
4047.33 10292 23120
2900.83 7698 17222
2914.17 6880 17698
1212.33 2936 7221
3184.5 4635 12100
716 906 3074
4069.17 10777 23797
5096.33 11317 26126
465 539 1787
2654.33 6726 15303
2027.67 5650 14145
2807 6093 15154
758 1281 3356
2548.5 6782 15978
4376.83 10351 24033
234 238 0
9111.17 17730 40965
5618 13442 30222
2750.83 6500 17026
3332.67 5914 15539
3744.33 10275 21814
994 1205 3737
4097 9970 23068
8360 19382 40374
2218.17 4598 11233
1136 1573 4985
4967.83 8036 19876
3612 7951 18980
4695.17 11071 24790
3991.67 9577 22642
4370.83 11243 24068
7192.67 17635 37575
3426.17 9000 18884
2566.5 5518 13508
9207.83 16444 35864
2394.67 4978 13176
4552.5 11163 24559
4551.17 11870 27500
4904.33 13887 28030
206 295 253
619.667 999 2639
3523.67 9051 20238
1457.83 3518 8939
6207.67 13019 28843
1914.83 4769 11180
6132.67 10638 24580
2505.17 4619 12098
5634.33 12581 28155
4404.17 11225 24687
2249 3423 9088
1077.17 2368 6615
6914.67 18700 37510
4614.33 10532 24269
6402 10855 25508
2462.83 6887 15072
1666.5 4347 10805
5500.17 10509 24092
2838.33 6175 15318
5076.33 14757 30889
2381.5 7109 14827
208 276 621
2407 4608 11728
2021.83 2700 7998
901 1019 3358
238 234 0
1242.17 2672 7128
1746.5 2795 8242
6117 13057 28583
1855.67 3837 9567
202 250 0
868 1040 3315
6784.33 17588 35974
2881.17 5522 13710
6852.17 17996 36051
7016.17 18514 39155
2309.5 3739 10051
234 278 905
1310 2770 7434
1301.17 3531 9105
2282 2714 8167
5585.67 11106 25897
567.5 1007 2477
1026.5 1895 5189
7396 17609 39757
7260.83 16972 36901
2281.17 5338 12779
3195 3851 10178
6489.5 15971 33648
5527.33 13604 29749
5587.33 14042 30481


1044.5 1518 3812
1175.83 2362 6095
2160.83 4009 10632
4853.67 13774 27543
1430.67 3302 7555
1053.33 1933 5262
1654.83 3327 9086
3668.17 7465 17995
5713.33 13599 30190
8036.5 18421 38798
870.667 1718 3938
5384.83 13658 29108
1493.5 3903 9475
950.667 1695 4097
506 903 2424
3219.5 7794 18323
7389.67 17369 36811
7162.5 18283 38761
546 690 2005
1535 1789 5400
3689.33 7028 17311
5084.17 13663 27920
1094.83 2420 5876
985 1184 3782
6847.67 18147 36939
206 258 0
1308.67 2320 6265
985.5 1824 5037
2067.5 4294 11901
6188.67 17332 34701
1444.5 2012 6367
3142.17 9570 20858
1736 3689 9641
5620.67 14562 30362
7723.33 19054 40187
4862.5 13223 27492
3923.83 6951 17389
1989.33 3260 8866
3861.67 7999 19327
1489.5 3180 8188
549 600 1902
565 627 2289
1559.33 3304 8531
1049.83 1806 5162
3952.5 10661 24641
5814.33 15015 33198
4035.83 7901 19659
1524.17 3876 10510
1343 1563 4590
1188.83 2830 7373
1354.83 3489 9355
2819.83 7359 16901
6399.5 14941 31525
234 278 905
2014.5 3166 8771
1377.83 2212 6346
1158 2555 7061
3462.5 7430 17589
460 725 2077
1301.5 1637 4806
928.333 2140 4071
1384.83 3300 7456
3041.83 7810 18749
238 234 0
6824.83 13520 30759
972 2660 5304
1360.5 1829 5355
842 988 3330
4983.67 12112 27802
3263.17 6862 17283
8211.33 18260 38619
923 1760 3974
5908.33 11658 27993
4822.33 10709 25372
7136.83 17601 37477
3235.83 8186 19071
6400.5 13263 29828
4188 10206 23818
1529.67 3289 8202
2553.33 5734 14251
6649 15280 34932
3994.67 7579 18071
5454.83 15057 29867
1527.83 2484 7266
5843.33 14717 31049
3276.17 8027 19242
7437 17589 37251
616.167 1025 2443
482 560 1722
202 298 695
5525.83 14764 30587
1747.83 3201 8219
2363 2601 7724
1797 2080 6428
2923.5 6808 17232
6249.5 12290 29595
1010.17 2457 5127
2256.5 2715 8556
7154.17 18109 38495
1568 2307 6813
729 877 3063
1752.33 4637 11287
4851.83 13178 26776
4083.17 10272 23735
3874.67 11172 24802
6010.17 14089 30693
2387.67 5763 14051
2940.33 6479 16686
642 1177 2725
5175 10505 24375
5356.5 14094 29759
773.833 1447 3777
3881.5 11098 26582
3377 7612 17962
1421.5 2053 5803
440 512 1638
1486.17 3267 7751
7105 14346 30926
220 298 997
1334 1632 4846
1964.5 2899 8007
3190 5210 15123
8227.33 18251 39044
1408 1655 5111
1125 1436 4290
2840.33 7005 16671
5940.67 12717 28554
4578.33 7427 18260
695 882 2925
378 461 1574
1544 3018 7754
2511.5 3407 9675
5196.17 12843 28778
208 254 0
1223 1432 4181
1716.83 4016 11252
3096.33 7546 17492
954 1634 4323
3300.67 9494 20905
975.5 1422 3429
2602.17 5796 14504
5596.33 14750 29781
601.5 1223 3056
3489.5 8740 22989
6507.5 16881 34862
4046.33 8294 21191
6970.83 16756 36792
1687 2050 6389
4190.33 10078 24164
5434.83 12392 27950
2089 5906 16640
6054.5 14943 31056
3299.83 7766 17706
6822 17254 36809
2173.33 3671 10357
3724 8448 19382
809 1059 3340
715.5 1072 2942
491 572 1813
228 287 336
7525.17 14428 31511
238 276 345
1225.5 2445 6240
553 593 1896
1894.17 5315 13951
761 856 2614
2523.5 5260 13621
1764.67 4379 12358
966.833 2034 4898
1639.5 2962 7448
5464.5 12082 27446
6719.33 17366 35736
629.833 1355 3136
3462.67 8540 21085
674 768 2590
1498.17 3498 9536
3376.17 9151 19311
206 295 253
6514.33 16165 34631
7038.83 18774 39161
1363 2426 6476
646 750 2536
3634.17 7880 18807
5705.67 13746 29348
982 1594 4497
8441.17 18487 39555
3487.67 8478 19742
1326.5 2060 5689
5727.83 15462 34214
2099.33 4575 13449
5325.67 12945 28951
234 238 0
1824.83 3775 10583
2167.83 5855 15067
1438.83 3407 9342
2040.17 3586 10275
1330 1955 5558
656.5 1081 2828
919 1439 3342
1122 1373 4032
6988.83 16562 34963
7855.17 14542 31921
222 291 514
1157 1375 4114
1641.5 2608 8006
2774.5 5229 13532
7649.5 18544 39102
1156.83 2121 5581
2630.67 5614 15119
3348 6734 16760
7658.83 16635 34990


2844.17 7110 16173
904 1137 3615
2871 7292 16571
3100.33 5000 12941
2616 6413 15842
3247.33 7621 17794
1654.5 2675 7488
1839.67 4816 12499
1091 1308 4406
3558.17 6051 14522
2373 2732 8074
599 726 2140
1581.5 2792 8486
4245.5 11119 25165
553 593 1896
1482.5 3571 8994
6499.17 16044 33703
5249.5 12588 27055
1613.5 2758 7494
4625.83 10359 25188
3059.17 7548 17299
4470.67 10806 24847
6734.83 17645 36546
3283 5474 14456
2957.5 6958 16683
1740.5 2641 7481
2866.33 7789 17309
3718 9187 23240
949 1453 3659
4821.5 10921 25462
4021.5 7376 17826
5110.17 12666 27824
2154.67 4786 12655
3466.17 6966 16946
1808.17 4587 11830
7696.83 17858 38319
3438.67 7798 21414
2280.67 6030 14068
1992.5 3743 9625
4898.5 11189 25839
4743.5 11210 25311
2722.33 7923 16354
4314.67 10305 24308
1888.5 4671 12336
1271.67 3073 7199
730.5 1062 3382
3482.5 9899 22114
282 338 968
342 468 1405
5396.17 13391 29752
645 1110 3144
557 1021 1924
7931.83 17671 36598
1327 3347 7863
2272.33 5369 13879
5890.17 14813 32036
1938.67 3273 9144
1187.67 2163 6507
3764.5 10586 24306
635 733 2416
2596.67 4011 11098
2871.5 7352 16723
2796.67 6441 15984
1145.17 2743 7188
3064.83 6638 16011
10048.5 19724 41456
5748.17 12190 28030
2814.83 5351 13508
1014 1498 3803
1647.67 3320 9107
993.5 1667 4079
2644.67 4594 12165
4680.17 12427 26729
5200.33 15273 30181
830.833 1755 4239
6460.83 13050 29180
2261.83 5522 13030
7141.33 18663 38676
944.833 1828 5250
5243.67 10263 24322
3494 6654 17302
1754.33 3024 8535
2973.83 7272 17095
2497.5 5223 12821
3345.67 6479 16169
2294 5705 13883
3177.33 7259 16962
2700.33 5366 13170
1833 3972 9701
7421.83 17808 37433
1272.83 3485 7739
6775.33 13579 31168
3435.67 9252 20078
6852.5 18799 38261
1013.67 2331 5814
3281.17 7489 20024
2551 6061 15264
5581.5 13857 31695
6584.83 15998 33363
2272 2602 8024
6376.67 12143 28480
1686.67 4571 9515
2150.5 3590 9580
5275.33 11099 27059
548 606 1873
1565.83 3620 9249
769 943 3390
4870 11986 26577
1856 2153 6707
1356 2007 6336
4438.5 7385 17838
7109.17 15965 34235
930.5 1262 3654
1504.67 3706 9430
5467.33 10775 25549
7875.17 15647 34907
3178.17 5274 13349
1371.17 2616 6975
4705 9700 23414
206 295 253
8246.67 17748 36653
1064.5 2961 6819
2626 5902 14215
3194.17 6365 15471
2507.67 4557 11353
4237.33 7262 17318
238 234 0
1858 3841 9740
1982.17 5654 13839
2917.83 7565 17146
3091.67 7691 17927
5932.83 16202 36429
1096.83 2471 5958
244 315 713
6596.83 15814 33504
234 238 0
276 300 779
626 1043 3108
7212.5 18039 38717
9167.5 19132 41138
1576 1951 5887
3149 5780 14073
3041 6900 16473
861.833 1692 3908
1310.17 2611 6649
5281 13386 29191
2782.17 7955 18804
2184.33 3255 10396
1597 1815 5400
5128.83 10866 25650
1362.67 2846 8460
1793.83 2725 7525
4280.5 10179 23495
5492.67 12451 27758
4431.17 10050 23949
692.5 874 2558
2628 3087 9006
1317 2373 6952
1185.67 2237 6462
202 298 695
3410.83 9540 20163
2998 3620 11279
3841 6256 15511
2898.67 5880 14075
1270 1579 5309
1595 3163 8594
986.333 2666 6279
3935.33 6500 16400
3972.67 11421 24511
4663.83 8810 21681
2558.67 4452 11451
7571.67 18665 40331
2843.83 5720 13892
5287.17 12012 27304
3084 5822 14349
966.833 1689 4516
3995 11995 25717
6341.83 16085 32697
250 306 744
7736.17 15145 32098
2620.33 4424 11910
5901.17 15704 32689
3071.83 8667 19663
208 276 621
2338.17 6220 14449
399 451 1867
589.833 1112 2131
1278.5 1534 4683
7465 18498 39450
4945 12760 27108
2567 6851 15574
609 693 2144
6700.67 17981 36522
675 768 2448
5334.83 14335 31143
2761.83 5332 13155
1718.67 4049 11272
1083 2224 5480
859.333 2353 5851
4963.17 11423 26361
896.5 1550 3776
737 872 3134
3360.33 7349 17780
733.333 1313 3598
6520.5 15463 32967
3600.5 6549 16172
6626.83 16067 34453
8644.33 17040 38030
1599.5 2683 7257
346 426 997
5562.83 10832 25582
1576.5 3360 8814
6678 11843 27877
252 312 828
202 250 0
5394.5 14486 32011
4835 12811 28961
3831.17 10250 23856
1096.67 1877 5603


4652.17 8554 21091
925.5 1610 3961
5933 12527 30258
4634.5 11650 26687
5691.67 10735 26032
4524.33 9863 24881
3059.83 6978 16542
2926 6206 15740
3882 9923 22037
604 821 2666
4181.33 9249 21890
2568 6688 16265
2747.5 4793 12404
2099.83 5470 11823
794 1052 3037
6440.83 16248 34482
2776.83 7273 16590
2814.33 7653 16866
2690 3797 10178
2315.83 5127 12861
4762.17 9478 22877
2552.17 7100 16130
3658.5 10622 23239
3825.17 8890 20477
2165.5 4187 11699
4937.5 11018 25498
1115.67 1983 5825
875 1212 3530
3276.67 7753 19754
447 730 2104
1346.5 1554 5423
2213.67 5840 13037
7538 17660 36807
3744.33 9402 20707
1044.17 1709 4199
7022.67 14540 32741
1163.67 2232 5954
989.833 1458 3711
2958 7291 16851
2276.33 5206 12594
2525.17 3311 8883
2724.17 6750 16419
3885.17 10384 22099
2883 3798 10807
2791.83 7660 16639
4742.67 10601 25075
5527.17 10378 25327
2519.67 6720 15628
3026 6807 16523
4530.83 11144 25786
3454.5 4845 12881
2269.17 5112 11803
8396 19129 43096
7567.33 17182 36946
5629.67 14337 30980
5138.67 12099 27825
2094.83 4174 10015
1269.67 1885 4848
627 748 2666
5483.5 15134 31865
3118 6947 16906
220 298 997
2279.83 5718 12679
4655 11469 26756
926 996 3171
4691.33 11380 27728
2113 5442 12186
2843.33 5525 14217
631 709 2414
5868.17 12666 29920
2407.67 6889 16018
419.5 579 1701
5604.83 14506 31959
4882 12382 28327
3317.67 4587 12226
390 461 1649
1207 2597 6025
737 936 2724
2211 6098 12859
6846 18128 35807
6994.33 18809 36816
5241.83 13659 30118
1223 1435 3899
6659.17 18451 36381
979.5 1735 4277
6581.33 14525 32433
1785 2128 6384
8677 17145 37715
3765.33 9520 20728
5429.5 9006 22293
597 725 2431
3237.17 8344 20468
7336.67 13316 30799
3518.17 9894 21410
2388.83 5992 14860
4431.17 10420 24373
2948.67 6371 16145
1346 2343 6338
4200.83 9243 21478
1058.5 2416 5579
1112.83 2595 5858
1760.33 4308 10688
1251.67 2413 7454
3756 9151 20587
1037 1940 4712
1633.33 3492 9915
7004.83 17171 36486
1153.17 2622 7349
3537.33 5469 13984
5781.67 12508 29266
5009.83 10678 25454
6267.33 15329 33500
2021.83 5111 11526
1392.5 1857 6015
2797 7646 16755
2242.33 5343 11787
3953 8864 20510
3988.33 9574 23112
4489 9794 23871
4633.5 11126 26540
2529.5 6714 15902
8618.83 17111 35841
1493.83 3171 8354
1223 1403 3715
4456.67 9061 22167
1576.17 4423 10141
948.333 1705 4035
1829 4861 11430
5692 14739 32893
2554 5817 14206
2802.5 4107 11932
3433.67 7171 18432
5648.33 11698 28725
206 295 253
5687.5 13979 31153
4511.67 12622 25719
2216.17 5486 12291
2732.83 5989 14779
3375.5 6528 16370
3579.33 8066 20171
2751.17 5620 15556
1567.67 3149 8867
4862.5 13527 29726
585.5 1022 2433
2152 6109 13663
2062.67 3416 8886
1221.67 2201 6122
673.5 1070 2825
4159 10887 24603
8421.83 18181 39117
2232.5 6172 14057
5109.17 10997 25696
2524.83 5579 13882
3020.5 6144 16054
238 234 0
4215.5 10336 24174
4327.5 9490 22555
1967.33 4424 11456
2518.33 6800 15577
1786.33 4127 9973
3004 7752 17428
1251 1458 4231
1384.5 2173 6564
1330 1632 4574
932.833 2307 4740
6151.33 13596 31694
6558 18760 36227
8072 15765 34761
3767.5 6311 16447
5041.83 12515 28423
3923.5 10236 22727
1150.67 3235 5931
1602.5 3911 8912
8102.83 18994 38863
1497 3951 8638
931.833 1753 4688
2352.33 5039 11975
1345.17 1765 4770
5269.67 11066 26980
4090 9021 21439
4292 11072 25191
3891.33 9658 22626
492 645 2006
7529.17 19043 40164
6390.83 18205 33642
4685 12822 26861
3009 8181 19171
1278 1498 4389
2443.33 5002 13844
4412.33 7239 18777
730 789 2717
2385.33 6269 14326
1228 1343 3749
6151.17 16560 33287
3016.5 7842 18581
2390 5111 12259
9899.5 16929 37406
1050.33 2636 4891
6706.5 17442 35293
1827.33 4887 10745
990 1498 3938
3236 8740 19470
8875.83 19085 40438
2156.17 5103 11737
1162.5 1475 4262
1151 1419 3826
202 250 0
2367.33 5003 12196
4876.17 9598 23446
2289.67 5409 13318
1830.5 4218 10937
973 1088 3533
451 513 1758
6523.67 15772 34783
7535.67 15436 34321
702.5 1159 3442
3044.83 7677 17363
628 730 2468
208 276 621
757 1300 3571
4551.67 12827 26815
6022.67 14543 32137
909 2021 4338
6822 16422 35422
736.5 1126 3219
4143.33 11613 24684
2767.33 7792 16939
2087.17 4071 9990
566 682 2083
1065 1251 3553
202 298 695
858 1003 3309
2440.33 4821 12801
1990.67 5345 11560
4120.17 10493 24512
8029.83 17355 37244
2514.83 6670 15317
3150 7201 17744
8285.33 17306 37473
234 238 0
4145.67 6512 16964
3600.67 7399 18577
5784.5 13743 31524
584 698 2128
2544.67 5842 14072
1357 3057 8329
1069.5 1909 4788
4522.5 10239 23875
1838.5 5621 11618
1035.5 1436 4047
3450 4776 12392
1570.17 2798 8469
3060.5 7487 16964
7122.67 17745 38491
2315.67 5986 13935
234 278 905
881.833 1736 4022


4176.33 6857 16925
4229 8688 20614
2418.83 3498 9559
6947.33 18350 37208
5055.5 9329 22085
555 605 1819
2098.33 4455 11035
1451.17 2996 9142
817.167 1534 3623
5724.17 11179 26355
2427.17 5624 13882
3831.17 10886 22598
1670 2042 6372
1115 1267 4335
2765.5 6077 15003
2927.17 7057 16677
4897.83 8542 20437
7091.67 19959 40016
2126.67 5648 12870
1866.83 4967 11545
1415.33 3568 9192
2376.67 5452 13577
3570.33 9995 20892
4205.83 6993 17909
1008 1284 3649
5870.5 15030 31942
6995.67 18490 38884
4694.33 9329 21209
3955.67 10247 21992
3534.67 6961 17018
2760.33 6834 16074
3908 11560 23933
7027.5 18342 37415
1466.67 2344 7138
365 479 1215
1985.5 4082 11028
3548.5 8929 20731
609 832 2709
1588 4082 9199
1115.83 2847 5732
2826.33 5557 14089
6238.5 14459 34615
4646.33 10256 24126
771 894 2957
2005.67 4712 11641
6466 17233 34669
378 461 1574
3162.83 5366 15040
8094.33 16818 36730
2396.33 3699 9972
489 536 1747
5233 11777 28094
4947.83 6468 16228
3983.33 8771 20696
1348 2830 7969
1682 4239 10023
6618.5 17887 35901
2109.5 5217 12542
1807.17 4902 10486
2697.83 8118 18335
4288.83 7042 18479
2354.17 6208 15842
4232.5 10455 23243
3693 9696 21431
2864.67 7616 16824
3661.17 9697 21681
683.833 1107 2719
3061.83 7218 17144
6009.67 16193 33788
2306.5 2793 7420
645.5 1136 2809
4664 10755 24466
1615.83 2964 7982
3846.67 10355 22212
2888.33 7118 16449
6193.17 14638 31235
3372.67 7448 18411
4485.17 11321 25456
2993.67 7271 17481
940.667 2006 5378
1908.83 4861 11307
2806.5 5306 13081
1301.5 2390 6049
6562.5 16946 35735
3278.83 6990 17073
6620.67 17690 36483
1040 1216 3679
2940 6598 16134
3311.67 5017 13067
1832.33 3584 9521
1256.5 3097 8303
2271.33 5947 14091
8044.67 16112 34845
3034.83 8389 18995
3198.83 5875 15568
7406.33 18758 38937
509.5 913 1782
214 280 405
8356.67 18549 39451
6044 14740 30916
1863.33 4541 10874
2795.83 6877 16223
2626.17 5292 12943
8174.83 19278 41894
1756.33 4210 9651
1178 2560 5935
2122.33 5294 12616
4232.33 9069 20833
362 493 1250
879.5 1536 3794
7595.17 18984 40568
1675 4214 9884
2890 7308 16867
3155 8943 20810
6255.5 14316 31444
5014.33 10335 24729
3397 6978 17829
3997 10166 22881
4182.17 9956 22175
1183.5 2357 5814
7345.17 17001 38524
4541.5 9683 21757
3955.67 8922 20482
1809.67 4506 10470
6519.33 18091 35052
4325.83 11064 24022
1052.33 1846 5145
3916.67 5267 13547
4310.83 12003 25667
1660.5 4436 10380
220 298 997
6237.33 13027 30851
2335.17 4892 12917
2383 2907 8695
4665 9804 23729
762.333 1473 2984
2927.83 5321 13831
575.5 785 2678
3402.5 8112 19741
1229 2810 7146
2914.67 4464 11115
1900.67 3976 9943
4056.5 7444 18235
234 278 905
1282.83 2724 6390
4136.17 11073 24862
4135.17 7401 17954
5767.5 16649 31003
3106.17 7431 17879
2460.67 6545 15937
3078.33 7777 19278
2309.5 2958 8509
3474.67 6734 16723
2828.67 6726 16204
3846 7654 19287
4954 10796 25039
5054.67 11206 25139
2962.5 6708 16343
2151 4664 12038
2691.5 5437 13109
8455 16701 36907
2323.67 6204 15093
3250.67 8151 19644
2496.17 7378 16507
2874.33 7910 18679
4811.33 12699 27311
6833.83 16344 36539
2828.5 4583 11712
2266.33 4628 11104
2685 5657 14606
3395.67 5936 15970
1567 4267 9878
7348.67 16317 35084
1219.83 2654 5940
5197.5 14123 30827
202 298 695
3374.17 8313 19782
1113.17 2642 5688
3405.67 8198 19853
2941 6768 16244
4849.83 12506 29879
1130.83 2770 6123
1439.5 3039 8806
3692.83 7343 17942
513 721 1956
4208.5 10891 23817
3489.5 10258 21447
488 543 1781
7073.5 12433 28645
3111.33 6017 15379
2159.67 3844 10365
7917.5 17844 38581
4968.5 10546 24232
4896.33 11767 26936
4538 10834 23889
4762 13365 28244
2119.83 5799 13940
2058.5 5962 13360
8934.67 18633 41608
7262.33 17462 37643
1933.83 4658 11061
2452.67 5835 14475
2659.5 7276 16568
8006.17 18890 39987
8114 18600 41574
2107.67 5351 12392
886 1303 3887
2407.33 7013 16127
1173 1434 4509
3094.83 8478 20075
4659.5 13216 26499
7411.83 16935 38220
1278.17 2302 6015
3617.67 9134 21131
2007.17 4480 11095
6819 17684 36985
4960.33 12322 28087
2073.17 4755 11651
2045.83 4996 11815
2014.83 3703 9863
2849.67 7723 18339
5605.33 11368 26925
870 1071 3591
2595.83 5361 13090
4492 10220 23187
238 234 0
8105.67 18100 39134
202 250 0
2959 7174 16950
206 295 253
5390.5 10925 25110
2324 5795 13552
3774.33 10175 21812
1306.83 2630 6591
1759.67 5229 11389
6144.83 14833 31065
6136 14661 30898
4295 9777 23163
5824.17 13368 30566
3750.5 11302 21880
3941.5 9982 21906
4416.17 10764 23798
747.667 1579 4545
1297 1814 5675
1605.33 3884 9273
3346.17 6946 16734
1592.33 3896 9223
2352.17 3978 11036
1322 2714 7307
5720.67 11356 25903
2708.5 4538 11291
1933.5 5494 12284
894.333 1461 4992
2581.33 5279 12919
1775.67 4180 10047
4048.67 10629 23686
391 493 1609
915.167 1376 4030
1403 1692 5274
4254.67 9503 21561
234 238 0
4161.33 10160 21954
4363.67 11367 25880
539 642 2355
6127.33 14961 31333
4666.5 9615 22229
3026.83 4287 12704
222 291 514
6895.83 17209 37202
4752.5 11222 25848
767 915 3331


1190.33 2410 6183
5295.33 12695 30000
1075.67 2286 5395
3424 4488 12008
1488 2861 7909
506 798 2197
3077.67 8195 18607
1776.67 4292 10865
5031 14268 29329
1846.67 4138 10763
875.5 1528 5047
2247.33 4408 11253
908 1319 3668
2553.5 5410 14256
1800.67 4499 11372
7635.33 18333 38058
2217.17 6634 14472
1720 3538 9613
1658 3254 8821
1250.17 3054 7504
1136 2651 6347
2243.5 4915 13581
3867.83 10628 23902
2332 4272 10783
3889.17 10766 24771
4102.67 9853 23229
2939.5 7259 16726
2650.83 7581 16957
6625 17461 36955
4137.67 9837 25102
612 975 3016
3085.67 7646 18972
5853.5 11384 26297
390 461 1649
2443.83 4399 11056
651 791 2651
5291.33 14183 28310
7416.33 17328 37036
4857 13421 28279
2544.67 4336 10884
5427.67 11157 25737
1721 1942 5667
1411.5 2965 7248
1289 3196 8587
1205 1405 4484
1463.5 1951 5571
814.5 1152 3149
726.333 1510 3463
2844.83 7380 17937
2947.17 8148 18019
4398 7479 18458
3223 5359 15628
4622.17 5985 16262
2155.5 4090 10263
2114 3635 9641
1861.5 4094 10352
2246 4100 10714
234 278 905
2449.5 6227 16568
2135.83 5675 13020
3132.5 5867 15046
2342 6012 14039
1021.5 1444 4249
1858.83 4999 11573
2372.83 5431 14281
6445.67 16120 36562
329 501 1285
1539 3079 8386
641.5 966 2217
3848.17 7537 18365
5047.17 11375 26162
4101.83 10218 23709
2037.5 3695 9659
5815.17 15140 32411
6523.17 15610 34970
918 1578 5114
2404.33 6249 15349
861 1049 3115
2691.67 5708 14493
764 936 2789
5116 13039 27841
2283.5 3449 8871
3285.67 7899 23153
7027.83 18911 39762
510 542 1664
7325.5 13863 30195
2156.67 4084 10475
7324 19193 41507
1787.17 4725 11086
3687.5 6581 18312
499 582 1736
5034.83 11423 25173
563 687 2097
1112.33 2146 5531
541 666 1928
1611.67 3331 8619
220 298 997
1060 1157 3433
2851 5805 15024
495.5 609 1823
2624.33 5963 14752
3042 5722 14609
1299.83 2042 5691
1187 1511 4322
1172.83 3189 8233
6516.17 15736 33446
6408.33 16586 36390
5394.17 12175 29307
5111.83 13244 27850
702 1680 3906
5742.33 13630 30155
2776.5 7497 17865
1446.83 3019 7562
1142 1293 3641
3039 6904 17212
6123.17 15185 32649
7602 18173 37899
2695.33 3727 9992
7122 15363 35550
4680.5 11979 27539
5415 10945 25509
1640.5 1968 5727
7280.17 18429 37059
9582.33 18163 37436
849.333 1560 3876
3099 7873 19059
7189.17 18463 37603
4648.17 12754 26187
208 276 621
2447.17 6133 15453
556 583 1822
1090 2155 6172
788.667 1885 4453
1236 1507 4548
202 298 695
904.5 1383 4018
651.5 969 2971
2650.5 3412 9131
2354 3119 8639
1415 3031 7332
206 295 253
4995.67 11668 27376
6351.17 16973 34861
7237.33 18441 38514
1163.5 2794 6822
554 703 2207
3418 7223 18031
6216.67 17718 34304
1359 2308 6866
1436.83 3690 9533
1188 1292 3545
1865.33 3181 8428
4834 7641 18513
5847.83 14399 32159
1532.67 2417 7642
1672.67 4580 10508
3171.83 7283 17974
2247 3953 10327
1833 2255 6884
773.167 1829 4162
983 1124 3249
6183.17 14982 33443
1159 1789 5417
830.333 2128 4539
805 974 3071
477 564 1681
907.167 1368 3215
4511.67 11475 25949
1865.83 4546 12850
6395.17 16040 34067
3187.67 4351 11576
8540.33 17762 37159
3632 6052 16514
1137.33 2723 6445
238 234 0
5521.33 13905 31760
1514.5 3764 10213
3448 5349 13984
1457 1707 5435
4439.5 11526 25720
7792.33 18378 40095
3020 4486 11543
497 584 1796
1704.83 4751 10824
1128 1375 3938
5908.67 12131 27549
234 238 0
202 250 0
1776 2125 6370
5331.17 12160 27828
867 992 3134
2922.67 7378 17899
4898.33 12673 27801
2835.17 4177 10782


753.5 1563 4180
4393.33 12272 28240
1790.5 4457 11006
987.333 2213 4693
581 669 1879
429 502 1442
2224.5 4365 10835
5488.17 12843 28829
1456 1696 5367
234 238 0
7257.33 18755 37519
6046.33 15888 33992
5798.67 16409 32322
7075.67 16719 36369
6220 12798 28713
4984.83 13076 30626
755 1431 3654
1032.5 2313 5679
1031.33 2118 5005
4351.67 10912 24318
4505.5 11851 26717
6303.33 15891 34322
4021.5 8607 22145
451 512 1643
1716.33 4665 12034
501 573 1755
3040 7646 20310
4035.83 9396 22378
8705.33 18334 39561
1225.67 2583 6433
4746.83 10872 26078
2246.67 6500 14152
4043.17 11259 24534
865 998 3336
6867.5 15398 33234
3542.33 8280 21474
2349.83 5916 14919
7334.67 18929 38939
4616.5 10983 24447
3923.67 10239 23164
1489.83 3704 9450
8154.83 17036 36596
423 494 1344
4306.33 11799 25771
4304.33 9645 23628
8387.5 17142 36831
6131 17103 34610
6257.5 14379 31469
650.5 1141 2884
941 2247 5028
1372 2467 7771
1310 2264 5613
7184.17 19029 37868
1487 1799 5550
234 278 905
4822.17 11381 26608
421 503 1618
5592.83 12748 28339
1412 2068 7090
1636 1936 6214
3999.67 7405 18313
632 719 2628
1251 1444 4694
1903.5 5327 14120
7898.5 18707 39325
481 548 1726
8205.33 16361 36520
1155.17 1853 4905
4647.33 9615 22432
1074 1321 4549
5544.67 13872 30828
5242.83 12972 29741
1185.5 2776 9010
2447 6181 14924
9282.83 18871 39861
5877.5 15618 33834
2389.17 5132 12228
4250.83 10620 23259
7780.33 18416 38841
6089 14420 31052
6234.17 16847 35658
5281.83 12100 26838
1061.83 2609 8185
7268 17752 37635
3577.5 9621 22010
1119.67 1781 4821
2713.67 5721 16244
7952.5 18143 38540
903.833 1981 4226
2331.17 5213 12761
8171.17 17726 38773
541 710 1878
3206.17 8659 20338
6119.83 15054 32339
5475 11467 27207
7216.33 18047 36423
3043.67 4334 11280
4598.17 11192 24797
928.5 1640 4689
1821.5 4493 11143
6985.83 18669 35840
1083.17 1983 5297
2972.67 6045 16253
3734.17 9361 21770
4388.33 11304 26432
2463 5256 14056
1815.5 3346 9716
202 250 0
1733 2038 6226
2600.33 6538 18246
8140.33 19071 39846
2472.67 4911 14043
3981.67 10722 23918
7230.17 18487 36651
7292.83 14327 32057
1069.17 1725 4771
7741.17 18592 38743
2398.17 4417 10953
1442.5 1947 5302
7952.17 17526 36424
4922.83 10810 24516
8892 16920 36654
1505.33 3667 10820
208 276 621
2447.83 4369 11422
7220.5 15595 35930
202 298 695
751 800 2689
3761 7851 20448
757 907 3231
970 1139 3960
862 1350 3518
6357.5 16803 35127
582 664 2460
722 1294 3240
6699.83 16008 34599
220 298 997
2475.83 4166 11175
1695 2463 7643
1054.5 2384 6114
558 616 1847
2485.83 4431 12148
9150 19209 40119
7564 15510 33359
7280.33 19129 38774
1196 1561 4959
7032.67 14958 32632
448 502 1605
726.167 1273 3280
4425.83 9636 22655
8077.83 19419 39730
4350.83 11524 26581
5673.67 14838 31672
238 234 0
353 467 1342
7538.67 18701 38809
972 1089 3386
4684.33 10331 24051
3747.5 10706 22893


