8 53 5

0 116 202 150 137 117 226 147 
205 0 125 156 175 134 153 133 
101 171 0 217 236 125 235 194 
233 213 141 0 151 222 130 201 
247 203 123 214 0 240 176 175 
135 134 165 184 132 0 190 217 
184 211 140 218 197 216 0 104 
202 162 122 109 188 187 194 0 

0 118 195 149 146 116 215 153 
189 0 140 163 188 155 158 129 
121 184 0 196 215 147 230 189 
234 213 159 0 148 213 138 200 
248 207 119 197 0 225 184 162 
150 136 173 193 142 0 175 213 
181 207 132 215 195 193 0 125 
201 178 128 134 183 195 179 0 

359 0 6 361
350 0 6 379
367 0 6 397
238 0 6 258
391 0 6 396
248 0 6 240
333 0 6 248
211 0 6 415
390 0 6 395
314 0 6 312
228 0 6 349
334 1 6 220
289 1 6 257
271 1 6 237
252 1 6 273
312 1 6 225
293 1 6 261
227 1 6 218
261 1 6 283
321 1 6 263
302 1 6 299
310 1 6 223
265 1 6 231
393 6 7 341
353 6 7 327
392 6 7 369
228 6 7 405
287 6 7 368
201 6 7 405
235 6 7 413
268 6 7 393
250 6 7 401
336 6 7 222
269 6 7 235
370 6 7 401
206 6 7 381
352 7 0 325
385 7 0 231
273 7 0 239
306 7 0 276
340 7 0 340
374 7 0 349
381 7 0 357
337 7 0 365
250 7 0 402
206 7 0 353
385 7 0 390
367 7 0 398
203 7 0 378
236 7 0 358
390 7 0 394
345 7 0 216
207 7 0 354

1931

0 0 0
1 355 41
2 760 40
3 582 34
4 394 24
5 324 38
6 789 24
7 407 27