3644.75 13703 48016
3763.67 13920 54041
3345.75 13204 38524
3576.17 13025 35574
3468.58 12441 22335
3332.08 12654 26830
3210.33 13399 42152
3442.25 12643 26266
3126.08 12247 21290
3100.92 12719 32579
3252.67 12157 19949
3366 12709 30393
3454.75 13077 37862
3169.25 12911 33795
3303.75 13886 50776
3085.5 13765 50465
2915.58 11713 10282
3158.83 11870 15208
3757.58 13329 41492
3224.17 12971 35342
3659.67 12697 28393
3572 12900 33501
3596.25 13057 37428
3033.25 13481 44439
3307.17 12466 24307
3055.83 12149 16466
3214.75 12704 28966
3154.42 12133 18446
2993.58 12316 20567
3288 11681 8329
3085.42 13375 38543
3058.67 12746 27838
3131.67 13735 47037
3243.67 14547 61434
2972.5 13716 46294
2891.42 12910 29914
3357.17 13647 45687
2931.08 13540 42946
3168.17 12593 24018
3466.42 14217 54401
3201.42 13347 39689
3295.67 12540 22461
3350.67 14025 50948
3004.75 12573 23120
2950.58 13223 34493
3038 13005 31190
4694.17 14166 54137
3134.5 14724 62680
3541 14453 58078
3246.25 13193 37056
