3852.6 12277 36555
2970.92 12426 38801
3118.63 11100 14308
3238.83 11777 21939
3285.98 11497 18739
3705.6 12810 44804
4055.5 11412 19456
3233.73 11649 21617
3521.2 11066 12963
3913.15 11776 25082
3370.95 11452 20748
3215.53 10924 9184
2918.92 12203 32974
3723.2 11889 25632
3237.97 12879 43776
3274.63 11802 23798
3474.43 11713 24228
2846.18 11624 21586
3622.85 12671 39327
3170.13 11447 17683
2763.3 11517 18191
3021.17 11410 16630
2837.17 11494 18247
3203.55 12934 43360
2865.88 11166 11148
3023.98 12183 30245
2844.77 11883 24102
3286.88 11397 15927
2942.62 11476 16620
2698.82 11371 15483
2851.03 11885 24682
2850.13 10867 5368
2865.3 12540 36436
3214.87 11830 23478
2810.73 10743 3495
2669.02 11930 26688
2727.02 11529 17523
3081.18 11862 25615
2639.15 12235 30890
2693.38 12029 29817
2671.32 11500 15646
2742.73 11856 22245
2759.35 11183 11933
2604.28 11136 9927
2648.32 10942 5619
2674.58 11870 22047
2712.5 11527 17067
2836.67 11902 24262
3309.45 12371 33956
2755.45 12971 44244
2851.67 11397 15680
2935.32 12467 33640
2789.38 11652 18195
2829.22 11090 7602
2760.28 12513 35813
2594.7 12234 27630
3096.95 11064 7420
2785.77 11109 7557
2679.68 11206 9977
2712.92 12756 37400
2624.78 11826 21973
2890.15 12416 33009
2621.6 12649 34474
2627.07 11444 14058
2626.67 11726 18272
2645.08 12521 35861
2699.73 12936 41071
3057.33 13234 46619
2579.9 11490 14466
2600.8 11913 23944
2557.17 13141 44831
2592.8 11987 22070
2684.92 12829 37177
2533.33 11192 7810
2646.92 12876 37721
3137.5 13390 48515
2653.62 11413 12072
2625.08 11674 15047
2535 11306 9962
2629.62 13090 43007
2531.1 12482 32442
2564.73 12210 25036
2519.32 12383 29565
2581.45 12761 36390
2657.03 11605 14707
2609.33 11546 14680
2518.4 11323 9200
2556.38 11508 12019
2504.53 11577 14605
2562.98 11761 18459
2556.53 11288 11125
2367 11777 18847
2482.1 11676 14321
2568.85 11916 20108
2629.8 12959 38730
2473.32 12621 33537
2565.82 11095 3682
2542.38 11969 21669
2464.17 11734 17277
2444.4 12235 24011
2554.25 11922 19884
2455.63 12739 34962
2503.48 11904 19776
2470 11701 14305
2510.88 11425 8689
2682.57 13526 46972
2449.77 12509 29692
2551.8 12052 22182
2409.58 11691 12359
2459.73 11510 8820
2525.77 11175 3447
2510.92 11550 9398
2409.17 12655 30088
2388.05 11603 10536
