100 220 3

0 163 240 235 182 176 103 200 195 141 117 213 160 135 232 178 173 100 245 191 138 113 210 156 151 228 223 170 116 241 188 134 110 206 201 148 225 219 166 113 238 184 179 126 203 198 144 119 216 163 157 234 181 176 122 248 194 141 136 213 159 154 101 226 172 119 244 191 137 132 209 204 151 212 139 134 230 177 152 249 244 190 117 112 209 155 130 227 222 149 144 240 187 162 108 205 200 127 122 218 
163 0 237 232 158 105 100 197 172 118 215 210 137 131 228 175 150 246 193 168 115 110 206 133 128 225 171 146 243 238 184 111 106 203 149 125 221 216 143 239 234 181 108 103 199 194 121 218 213 159 236 231 177 172 249 196 191 137 112 209 156 131 227 174 169 246 241 187 134 109 206 200 147 224 219 165 112 237 184 130 106 202 197 144 220 215 162 157 234 180 175 122 247 194 140 115 212 158 153 230 
240 237 0 243 190 137 132 208 203 150 246 222 168 163 240 187 181 128 205 200 146 141 218 165 160 106 231 178 125 100 196 143 138 215 210 156 103 228 175 121 116 193 188 134 231 206 153 148 224 171 166 113 238 184 131 126 203 149 144 241 216 162 109 234 181 176 122 199 194 141 237 212 159 154 100 177 172 119 215 191 137 132 209 156 150 247 174 169 115 110 187 134 129 225 200 147 244 219 165 112 
235 232 243 0 222 197 143 240 235 162 157 103 200 175 122 117 193 140 135 231 158 153 100 245 172 118 113 210 136 131 228 203 150 246 241 168 115 110 206 181 128 224 219 146 141 238 184 159 106 203 178 124 119 216 143 138 234 181 156 103 247 194 121 116 212 159 134 231 226 153 249 244 191 117 112 209 204 131 227 222 169 144 241 187 162 109 205 200 127 122 219 165 140 237 184 179 105 100 197 143 
182 158 190 222 0 228 175 150 247 193 188 115 212 207 153 128 225 172 147 243 190 185 112 107 203 150 125 222 216 163 240 235 181 128 103 200 195 121 218 213 160 236 231 178 173 100 196 191 138 215 209 156 131 228 174 169 246 241 188 134 109 206 153 147 224 219 166 112 238 184 131 106 203 197 144 221 216 162 109 234 181 176 122 199 194 141 116 212 159 154 231 177 172 119 244 190 137 132 209 155 
176 105 137 197 228 0 187 134 128 205 200 147 243 219 165 160 107 183 178 125 222 197 143 138 215 162 157 103 180 175 122 116 193 140 135 231 158 153 100 225 171 166 113 190 185 131 228 203 150 145 241 168 163 109 206 181 128 123 200 146 141 238 164 159 106 101 178 124 119 216 143 138 234 209 156 102 247 174 169 116 212 187 134 231 226 117 214 209 155 232 227 174 149 246 192 187 114 210 205 152 
103 100 132 143 175 187 0 130 105 202 148 124 220 215 162 239 233 180 127 102 198 193 140 217 212 158 105 230 177 171 248 195 190 136 213 208 155 150 227 173 168 115 240 186 133 108 205 151 146 223 218 165 111 236 183 129 124 201 196 143 239 214 161 156 233 179 174 121 198 193 139 134 211 158 152 249 176 171 117 243 189 136 131 208 202 149 246 221 167 114 109 186 181 127 224 199 146 242 217 164 
200 197 208 240 150 134 130 0 137 234 160 155 102 198 174 120 115 192 139 133 230 205 152 248 243 170 117 112 208 183 130 227 202 148 143 240 167 162 108 205 180 127 121 218 145 140 236 183 158 105 100 176 123 118 215 141 136 233 228 155 101 246 193 168 114 211 186 133 229 224 151 146 243 189 164 111 106 202 129 124 221 167 143 239 234 161 107 102 199 126 121 217 212 139 236 231 177 104 249 195 
195 172 203 235 247 128 105 137 0 245 192 187 114 109 205 152 127 224 170 145 242 237 183 110 105 202 197 124 220 215 162 238 233 180 155 102 198 193 120 217 212 158 133 230 176 171 248 195 190 136 111 208 155 130 226 221 168 245 240 186 133 108 205 199 146 223 218 164 140 236 183 178 105 201 196 143 118 214 161 156 233 179 174 121 246 193 139 114 211 157 152 229 224 171 117 242 189 136 131 207 
141 118 150 162 193 205 202 234 245 0 224 199 145 140 217 164 159 105 230 177 124 118 195 142 137 233 209 155 102 227 174 120 115 192 187 133 230 205 152 147 243 170 165 112 208 183 130 125 202 148 143 240 167 161 108 103 180 126 121 218 193 140 236 211 158 105 249 176 171 118 214 190 136 233 228 154 149 246 193 168 114 211 186 133 128 224 151 146 243 189 164 111 106 202 129 124 221 196 142 239 
117 215 246 157 188 200 148 160 192 224 0 230 177 152 249 195 171 117 112 209 135 130 227 174 149 245 240 187 114 109 205 152 127 223 218 145 242 237 183 110 105 202 197 123 220 215 161 137 157 127 224 171 117 194 141 237 232 159 106 202 149 245 172 119 215 162 239 185 132 127 204 150 247 194 140 217 164 110 207 177 220 244 137 214 160 107 203 150 227 173 120 217 192 138 235 182 108 248 195 122 
213 210 222 103 115 147 124 155 187 199 230 0 166 113 210 156 233 180 126 223 169 145 241 188 134 211 158 104 201 128 225 171 118 243 189 136 233 179 106 203 149 246 173 119 216 163 138 234 181 127 224 151 248 194 141 218 164 111 207 182 129 226 172 119 196 142 239 186 112 209 156 102 227 174 120 217 164 241 187 134 230 157 104 200 195 122 219 165 112 209 135 232 179 125 202 149 245 192 167 114 
160 137 168 200 212 243 220 102 114 145 177 166 0 105 202 148 225 172 118 215 142 238 185 180 107 203 150 246 193 120 216 163 110 186 133 128 225 151 248 195 141 238 165 111 208 154 231 178 173 119 196 143 239 186 133 209 156 103 199 126 121 218 164 241 188 134 231 177 104 201 147 142 219 166 112 209 136 232 179 126 222 149 246 192 139 114 211 157 104 181 127 224 170 117 194 141 237 232 159 105 
135 131 163 175 207 219 215 198 109 140 152 113 105 0 193 120 217 164 110 207 134 230 177 123 249 195 142 238 165 112 208 155 102 178 125 222 216 143 240 187 133 210 157 103 200 146 223 170 116 111 188 135 231 178 105 201 148 245 191 118 215 210 156 233 180 126 223 150 246 193 139 236 163 109 104 201 128 224 171 118 194 141 238 184 131 208 154 149 246 173 119 216 162 239 186 132 229 176 102 199 
232 228 240 122 153 165 162 174 205 217 249 210 202 193 0 112 209 155 102 179 125 222 169 115 192 139 134 230 157 104 200 147 224 170 117 214 160 237 184 178 125 202 148 245 192 119 215 162 108 205 132 127 223 170 247 193 140 237 163 110 207 153 100 177 171 118 215 142 238 185 131 208 155 101 198 173 120 216 163 109 186 133 230 176 103 200 146 243 218 165 111 208 154 231 178 124 221 148 244 191 
178 175 187 117 128 160 239 120 152 164 195 156 148 120 112 0 201 147 244 171 117 214 161 237 184 179 126 202 149 246 192 139 216 162 109 205 132 229 224 170 247 194 140 237 184 110 207 154 100 225 172 119 215 142 239 185 132 228 155 102 198 145 120 217 163 110 187 133 230 177 123 200 147 243 238 165 112 208 155 232 178 125 221 168 245 192 138 133 210 156 103 200 127 223 170 116 213 140 236 183 
173 150 181 193 225 107 233 115 127 159 171 233 225 217 209 201 0 114 211 158 104 181 128 224 171 117 194 189 136 232 159 106 202 149 226 173 119 216 162 239 234 181 127 204 151 247 194 121 217 164 111 207 182 129 225 172 249 196 142 239 185 112 209 155 102 227 174 120 217 144 240 187 134 230 157 104 200 147 122 218 165 112 189 135 232 178 125 202 148 245 240 167 113 210 157 233 180 127 223 170 
100 246 128 140 172 183 180 192 224 105 117 180 172 164 155 147 114 0 203 150 246 173 120 216 163 109 235 181 128 224 151 248 194 141 218 164 111 208 154 129 226 173 119 196 143 239 186 113 209 156 102 228 174 121 217 164 241 187 134 231 157 104 201 147 122 219 166 112 209 136 232 179 125 202 149 245 192 167 114 210 157 104 180 127 224 170 247 194 140 237 212 159 105 202 148 225 172 118 215 142 
245 193 205 135 147 178 127 139 170 230 112 126 118 110 102 244 211 203 0 141 238 165 112 208 155 232 178 125 221 197 143 240 186 133 210 156 103 200 126 223 170 164 241 188 135 231 178 105 201 148 244 171 118 214 209 136 233 179 126 223 149 246 193 139 216 163 109 104 181 128 224 171 117 194 141 237 184 111 207 202 149 226 172 119 216 162 239 186 132 229 156 102 247 194 121 217 164 110 207 134 
191 168 200 231 243 125 102 133 145 177 209 223 215 207 179 171 158 150 141 0 210 157 103 200 147 223 170 117 213 140 135 232 178 105 202 148 245 191 118 215 162 108 233 180 126 223 150 246 193 140 236 163 110 206 153 128 225 171 118 195 141 238 185 131 208 155 101 198 173 119 216 163 240 186 133 229 176 103 199 146 141 218 164 111 207 134 231 178 124 221 148 244 191 137 113 209 156 102 179 126 
138 115 146 158 190 222 198 230 242 124 135 169 142 134 125 117 104 246 238 210 0 149 245 192 119 215 162 109 205 132 229 175 170 247 194 140 237 164 110 207 153 100 177 123 220 215 142 238 185 132 208 155 102 198 145 222 168 115 110 187 133 230 176 103 200 146 243 190 117 213 208 155 231 178 125 221 148 245 191 138 234 161 156 103 199 126 223 169 116 193 140 236 183 129 104 201 148 244 171 118 
113 110 141 153 185 197 193 205 237 118 130 145 238 230 222 214 181 173 165 157 149 0 159 106 202 149 226 172 119 215 142 239 234 180 107 204 150 247 194 121 217 164 110 187 134 129 225 152 249 195 142 238 165 112 209 155 232 227 173 120 197 144 240 187 133 210 157 103 200 127 122 218 165 242 188 135 232 178 105 202 148 245 172 167 113 210 137 233 180 126 223 150 246 193 140 216 211 158 105 181 
210 206 218 100 112 143 140 152 183 195 227 241 185 177 169 161 128 120 112 103 245 159 0 248 194 121 218 164 111 207 134 231 177 124 201 196 142 239 166 112 209 156 102 179 126 222 169 144 241 187 134 211 157 104 200 147 224 170 117 214 189 135 232 179 105 202 149 245 192 119 215 162 157 234 180 127 223 150 247 193 140 237 164 110 207 202 128 225 172 118 195 142 238 185 131 208 155 150 246 173 
156 133 165 245 107 138 217 248 110 142 174 188 180 123 115 237 224 216 208 200 192 106 248 0 186 113 210 156 103 180 126 223 169 116 193 236 183 109 104 201 148 224 171 118 214 161 238 184 131 227 203 149 246 192 119 216 162 109 206 132 229 224 171 247 194 141 237 164 111 207 154 100 177 124 119 215 142 239 185 132 209 155 102 199 145 222 169 164 110 187 134 230 177 104 200 147 243 190 117 112 
151 128 160 172 203 215 212 243 105 137 149 134 107 249 192 184 171 163 155 147 119 202 194 186 0 201 148 245 171 118 215 161 238 185 131 228 175 101 246 193 139 216 163 110 206 133 230 176 123 219 146 141 238 184 111 208 154 101 178 124 221 168 114 239 186 133 229 156 103 199 146 223 169 116 212 159 236 231 177 124 201 147 244 191 117 214 161 107 204 179 126 222 169 246 192 139 235 162 109 205 
228 225 106 118 150 162 158 170 202 233 245 211 203 195 139 179 117 109 232 223 215 149 121 113 201 0 242 237 163 110 207 153 230 177 123 220 166 243 238 185 131 208 155 101 198 125 221 168 115 240 186 133 230 176 103 200 146 243 170 116 213 159 135 231 178 124 221 148 244 191 138 215 161 156 103 179 126 223 169 116 193 139 236 182 109 104 201 147 224 171 117 214 161 238 184 131 126 202 149 246 
223 171 231 113 125 157 105 117 197 209 240 158 150 142 134 126 194 235 178 170 162 226 218 210 148 242 0 209 204 150 247 174 120 212 139 235 182 128 225 152 248 195 142 117 213 160 107 183 130 227 173 148 245 192 138 235 162 108 205 151 228 223 170 116 193 140 236 183 130 206 153 100 196 123 118 215 161 238 185 131 228 174 101 198 144 139 216 163 109 206 133 229 176 123 219 146 243 238 184 111 
170 146 178 210 222 103 230 112 124 155 187 104 246 238 230 202 189 181 125 117 109 172 164 156 245 237 209 0 190 117 112 209 155 232 179 125 222 169 245 192 187 134 210 157 104 200 127 224 170 117 213 140 135 232 178 105 202 148 245 172 118 215 162 137 233 180 127 223 150 247 193 140 217 163 158 105 182 128 225 171 118 195 141 238 185 160 106 203 150 226 173 120 216 163 240 186 181 128 205 151 
116 243 125 136 216 180 177 208 220 102 114 201 193 165 157 149 136 128 221 213 205 119 111 103 171 163 204 190 0 206 152 249 176 122 219 166 112 189 136 232 179 106 101 197 144 221 167 210 157 234 181 224 151 247 194 140 237 164 110 207 202 129 225 172 119 195 142 239 185 132 209 155 150 247 174 120 217 163 240 187 133 128 205 152 248 195 142 218 165 112 208 183 130 227 173 100 197 143 240 186 
241 238 100 131 163 175 171 183 215 227 109 128 120 112 104 246 232 224 197 140 132 215 207 180 118 110 150 117 206 0 168 114 211 158 133 229 176 123 199 146 243 189 136 213 159 154 101 178 124 221 167 244 191 137 234 181 107 204 199 146 222 169 116 212 139 236 182 177 104 201 147 244 190 117 214 160 107 184 130 125 222 149 245 192 139 235 162 109 205 152 229 175 170 117 194 140 237 183 130 105 
188 184 196 228 240 122 248 130 162 174 205 225 216 208 200 192 159 151 143 135 229 142 134 126 215 207 247 112 152 168 0 155 101 226 173 120 216 143 240 186 133 229 156 103 199 194 121 218 164 111 188 134 231 178 124 201 196 143 239 166 113 209 156 233 179 126 222 198 144 241 187 134 211 157 104 201 127 224 171 117 242 189 136 232 179 106 202 149 144 221 167 114 210 137 234 180 127 224 150 247 
134 111 143 203 235 116 195 227 238 120 152 171 163 155 147 139 106 248 240 232 175 239 231 223 161 153 174 209 249 114 155 0 122 218 213 160 237 183 130 226 173 100 196 143 138 210 156 131 228 175 121 218 145 241 188 134 211 158 153 249 176 123 219 166 113 190 136 233 179 106 203 198 144 221 168 114 211 157 234 181 128 224 151 146 242 189 116 213 159 106 202 129 226 172 119 196 142 137 234 161 
110 106 138 150 181 193 190 202 233 115 127 118 110 102 224 216 202 194 186 178 170 234 177 169 238 230 120 155 176 211 101 122 0 152 229 175 122 218 145 140 237 183 110 207 153 100 197 123 220 167 113 238 185 131 228 155 102 198 145 241 216 163 110 206 133 230 176 123 200 146 243 190 165 111 208 154 101 178 125 221 168 245 191 138 133 210 156 103 199 146 223 169 116 213 188 134 231 177 104 201 
206 203 215 246 128 140 136 148 180 192 223 243 186 178 170 162 149 141 133 105 247 180 124 116 185 177 212 232 122 158 226 218 152 0 119 215 162 137 234 180 127 204 150 247 194 140 217 164 158 105 182 129 225 172 249 195 142 238 185 112 107 203 150 227 173 120 217 143 240 187 133 230 205 152 248 195 122 218 165 111 208 135 130 226 173 100 196 143 240 166 113 210 156 131 228 175 121 218 145 241 
201 149 210 241 103 135 213 143 155 187 218 189 133 125 117 109 226 218 210 202 194 107 201 193 131 123 139 179 219 133 173 213 229 119 0 106 202 177 124 221 167 244 191 137 234 161 107 204 150 247 222 169 115 212 139 235 182 129 205 152 249 195 170 117 214 160 107 184 130 125 222 149 245 192 138 215 162 108 205 152 228 175 170 117 193 140 237 183 110 207 153 100 225 172 118 215 161 238 185 131 
148 125 156 168 200 231 208 240 102 133 145 136 128 222 214 205 173 164 156 148 140 204 196 236 228 220 235 125 166 229 120 160 175 215 106 0 223 169 116 212 188 134 231 177 104 201 147 244 191 117 112 209 156 232 179 126 222 149 246 192 139 114 211 157 104 200 127 224 170 117 194 140 237 232 159 105 202 149 245 172 119 215 210 137 234 180 127 204 150 247 193 169 115 212 158 105 182 128 225 172 
225 221 103 115 195 158 155 167 198 230 242 233 225 216 160 132 119 111 103 245 237 150 142 183 175 166 182 222 112 176 216 237 122 162 202 223 0 108 204 131 228 174 121 198 144 241 188 134 211 158 153 249 176 123 219 166 243 184 131 208 154 101 197 173 119 216 162 109 186 132 229 176 102 199 194 141 217 164 111 207 154 231 177 124 220 147 244 239 185 112 209 155 102 199 125 222 217 164 240 187 
219 216 228 110 121 153 150 162 193 205 237 179 151 143 237 229 216 208 200 191 164 247 239 109 101 243 128 169 189 123 143 183 218 137 177 169 108 0 171 118 215 141 136 233 180 106 203 150 246 193 168 115 211 158 235 181 128 224 151 248 194 141 238 213 159 106 203 129 226 173 119 196 143 239 234 161 108 204 151 247 174 121 217 212 139 236 182 129 206 152 249 196 142 219 166 161 107 184 131 227 
166 143 175 206 218 100 227 108 120 152 183 106 248 240 184 224 162 154 126 118 110 194 166 104 246 238 225 245 136 199 240 130 145 234 124 116 204 171 0 207 133 230 177 123 200 147 243 190 136 213 160 155 101 178 125 221 168 245 191 138 235 181 108 103 200 146 223 170 116 213 140 135 231 178 105 201 148 244 191 118 214 161 108 233 179 126 223 149 246 193 139 236 163 109 206 201 128 224 171 117 
113 239 121 181 213 225 173 205 217 147 110 203 195 187 178 170 239 129 223 215 207 121 112 201 193 185 152 192 232 146 186 226 140 180 221 212 131 118 207 0 174 120 217 144 240 187 133 230 157 104 248 195 122 218 165 112 188 135 232 178 125 202 197 143 240 167 113 210 156 233 180 127 223 170 145 241 188 135 211 158 105 201 128 225 220 166 243 190 136 233 179 106 203 150 246 173 168 114 211 138 
238 234 116 128 160 171 168 180 212 243 105 149 141 133 125 247 234 226 170 162 153 217 209 148 139 131 248 187 179 243 133 173 237 127 167 188 228 215 133 174 0 160 237 184 130 227 174 101 197 144 139 215 162 109 205 132 229 175 122 218 145 242 189 183 110 207 153 100 177 124 220 167 113 238 185 132 228 155 102 198 145 222 168 115 212 187 133 230 176 123 200 147 243 190 117 111 208 155 232 178 
184 181 193 224 236 166 115 127 158 170 202 246 238 210 202 194 181 173 164 108 100 164 156 224 216 208 195 134 106 189 229 100 183 204 244 134 174 141 230 120 160 0 128 224 171 117 194 141 237 184 111 106 202 149 226 172 119 216 162 239 186 132 127 204 151 247 194 121 217 159 236 182 129 225 172 249 195 190 137 214 160 107 203 130 227 174 168 245 192 138 235 182 109 205 152 248 175 122 218 213 
179 108 188 219 231 113 240 121 133 165 197 173 165 157 148 140 127 119 241 233 177 110 102 171 163 155 142 210 101 136 156 196 110 150 191 231 121 136 177 217 237 128 0 109 186 133 229 176 103 199 146 243 189 164 111 207 154 231 177 124 221 148 244 191 137 112 209 156 102 199 126 222 169 116 192 139 134 230 157 104 200 147 244 171 117 214 160 237 232 179 125 202 149 245 192 138 215 162 157 103 
126 103 134 146 178 190 186 218 230 112 123 119 111 103 245 237 204 196 188 180 123 187 179 118 110 101 117 157 197 213 103 143 207 247 137 177 198 233 123 144 184 224 109 0 226 173 119 196 143 240 186 133 108 204 151 248 175 121 218 164 241 188 183 129 206 153 249 196 142 219 166 113 209 136 233 179 174 101 198 144 241 187 114 211 157 152 229 176 122 219 146 242 189 136 232 159 154 100 197 124 
203 199 231 141 173 185 133 145 176 208 220 216 208 200 192 184 151 143 135 126 220 134 126 214 206 198 213 104 144 159 199 138 153 194 234 104 144 180 200 240 130 171 186 226 0 213 140 237 183 130 105 202 148 245 191 118 215 161 108 185 131 228 175 150 246 193 140 236 163 110 206 153 230 176 171 118 195 141 238 184 131 208 154 101 198 173 119 216 163 239 186 133 229 176 103 199 146 242 218 164 
198 194 206 238 100 131 108 140 171 183 215 163 154 146 119 110 247 239 231 223 215 129 222 161 133 125 160 200 221 154 194 210 100 140 161 201 241 106 147 187 227 117 133 173 213 0 180 127 223 170 247 193 140 237 212 158 105 202 128 225 172 118 215 190 137 233 180 107 203 150 246 173 120 216 163 138 235 181 128 225 151 248 195 141 218 165 160 106 183 130 226 173 119 196 143 239 186 161 108 204 
144 121 153 184 196 228 205 236 248 130 161 138 231 223 215 207 194 186 178 150 142 225 169 238 230 221 107 127 167 101 121 156 197 217 107 147 188 203 243 133 174 194 229 119 140 180 0 167 114 190 137 132 229 155 102 199 145 222 169 115 212 158 235 230 177 123 200 147 243 190 117 213 160 107 203 178 125 222 168 245 192 133 210 157 103 200 175 122 218 165 242 188 135 231 178 105 201 148 245 220 
119 218 148 159 191 203 151 183 195 125 137 234 178 170 162 154 121 113 105 246 238 152 144 184 176 168 183 224 210 178 218 131 123 164 204 244 134 150 190 230 101 141 176 196 237 127 167 0 129 226 172 249 196 142 137 214 161 107 204 131 227 174 120 217 192 139 235 182 109 205 152 249 175 122 219 165 140 237 184 130 227 154 100 197 143 220 167 113 108 185 132 228 175 122 198 145 242 188 163 110 
216 213 224 106 138 150 146 158 190 202 157 181 173 116 108 100 217 209 201 193 185 249 241 131 123 115 130 170 157 124 164 228 220 158 150 191 211 246 136 157 197 237 103 143 183 223 114 129 0 116 193 188 134 231 158 104 201 147 224 171 117 214 161 237 184 179 126 202 149 246 192 119 216 162 109 205 181 127 224 170 247 194 140 237 164 142 239 185 209 155 198 145 222 217 163 110 187 133 230 177 
163 159 171 203 215 145 223 105 136 148 127 127 119 111 205 225 164 156 148 140 132 195 187 227 219 240 227 117 234 221 111 175 167 105 247 117 158 193 213 104 144 184 199 240 130 170 190 226 116 0 159 106 202 178 124 221 167 114 191 137 234 181 107 204 151 247 222 169 116 212 159 236 182 129 225 152 147 244 190 117 214 160 107 204 130 227 174 169 245 192 139 235 162 109 205 152 248 175 122 117 
157 236 166 178 209 241 218 100 111 143 224 224 196 188 132 172 111 102 244 236 208 142 134 203 146 186 173 213 181 167 188 121 113 182 222 112 153 168 160 248 139 111 146 186 105 247 137 172 193 159 0 146 243 170 116 213 208 134 231 178 124 221 148 244 239 186 113 209 156 102 179 126 222 169 116 193 139 134 231 157 104 201 147 224 171 117 214 160 237 184 179 125 202 149 245 192 119 216 210 157 
234 231 113 124 156 168 165 176 208 240 171 151 143 135 127 119 207 228 171 163 155 238 211 149 141 133 148 140 224 244 134 218 238 129 169 209 249 115 155 195 215 106 243 133 202 193 132 249 188 106 146 0 113 108 205 151 228 175 121 218 164 241 188 135 231 206 153 249 196 123 220 166 113 209 136 233 179 174 101 198 144 241 168 114 211 158 133 229 176 122 219 146 243 184 111 106 202 149 226 172 
181 177 238 119 131 163 111 123 155 167 117 248 239 231 223 215 182 174 118 110 102 165 157 246 238 230 245 135 151 191 231 145 185 225 115 156 176 211 101 122 162 202 189 108 148 140 229 196 134 202 243 113 0 143 220 167 113 210 137 233 228 175 102 198 145 241 188 115 211 158 105 230 176 123 220 146 243 190 136 233 160 106 203 198 125 221 168 114 191 138 234 181 156 103 199 146 243 169 116 213 
176 172 184 216 228 109 236 118 130 161 194 194 186 178 170 142 129 121 214 206 198 112 104 192 184 176 192 232 247 137 178 241 131 172 212 232 123 158 178 218 109 149 164 204 245 237 155 142 231 178 170 108 143 0 110 207 153 230 177 123 220 167 142 238 185 132 208 155 102 198 125 120 217 163 240 187 133 230 176 103 248 195 141 218 165 111 208 135 231 178 125 221 196 143 240 186 113 210 156 103 
122 249 131 143 174 206 183 215 226 108 141 141 133 105 247 239 225 217 209 153 145 209 200 119 111 103 138 178 194 234 124 188 228 249 139 179 219 235 125 165 205 226 111 151 191 212 102 137 158 124 116 205 220 110 0 247 174 121 217 164 139 235 182 129 225 152 249 195 142 219 165 160 107 184 130 227 173 120 197 144 240 187 114 210 205 152 228 175 122 218 165 242 237 183 130 207 153 100 196 123 
248 196 126 138 169 181 129 141 221 103 237 218 209 201 193 185 172 164 136 128 222 155 147 216 208 200 235 105 140 181 201 134 155 195 235 126 166 181 221 112 132 172 207 248 118 158 199 214 104 221 213 151 167 207 247 0 214 161 107 204 179 126 222 169 246 192 139 235 162 109 206 152 127 224 170 117 214 141 237 184 130 105 202 149 245 172 119 215 162 108 185 132 229 175 102 247 193 140 217 164 
194 191 203 234 246 128 124 136 168 180 232 164 156 148 140 132 249 241 233 225 168 232 224 162 154 146 162 202 237 107 196 211 102 142 182 222 243 128 168 188 229 119 154 175 215 105 145 161 201 167 208 228 113 153 174 214 0 201 148 224 171 166 112 189 136 233 179 106 203 197 144 221 168 114 211 157 234 181 127 122 199 146 242 189 116 212 159 106 202 129 226 172 167 244 191 137 234 161 107 204 
141 137 149 181 241 123 201 233 245 126 159 111 103 245 237 228 196 187 179 171 115 227 170 109 101 243 108 148 164 204 143 158 198 238 129 149 184 224 245 135 175 216 231 121 161 202 222 107 147 114 134 175 210 230 121 161 201 0 211 158 235 181 128 224 171 248 194 141 238 165 111 106 203 129 226 173 119 216 143 239 186 133 209 204 151 247 174 121 217 164 111 188 134 129 226 152 249 196 142 219 
136 112 144 156 188 200 196 228 240 121 106 207 199 191 163 155 142 134 126 118 110 173 117 206 178 170 205 245 110 199 239 153 145 185 205 246 131 151 191 232 122 162 177 218 108 128 169 204 224 191 231 121 137 177 217 107 148 211 0 150 125 221 168 115 192 138 235 181 108 205 151 146 223 170 116 213 159 236 183 130 226 153 100 244 191 118 215 161 108 204 131 228 174 121 198 193 139 236 163 109 
213 209 241 103 134 146 143 155 186 218 202 182 126 118 110 102 239 231 223 195 187 120 214 132 124 116 151 172 207 146 166 249 241 112 152 192 208 248 138 178 218 239 124 164 185 225 115 131 171 137 178 218 233 123 164 204 224 158 150 0 165 112 208 135 232 178 125 222 148 245 192 138 113 210 157 103 180 127 223 170 116 193 188 135 231 158 105 201 148 225 171 118 215 190 136 233 180 126 203 150 
159 156 216 247 109 141 239 101 133 193 149 129 121 215 207 198 185 157 149 141 133 197 189 229 221 213 228 118 202 222 113 176 216 107 249 139 154 194 235 125 145 186 221 241 131 172 212 227 117 234 124 164 228 220 139 179 171 235 125 165 0 189 135 159 105 202 148 172 118 215 162 239 185 132 228 175 102 198 145 140 217 163 110 206 133 230 177 123 220 147 243 190 136 213 160 155 101 178 125 221 
154 131 162 194 206 238 214 246 108 140 245 226 218 210 153 145 112 104 246 238 230 144 135 224 168 159 223 215 129 169 209 123 163 203 195 114 101 141 181 202 242 132 148 188 228 118 158 174 214 181 221 241 175 167 235 126 166 181 221 112 189 0 175 102 199 145 242 189 164 110 207 154 230 177 124 220 147 244 190 137 233 160 107 204 198 125 222 168 115 192 139 235 182 128 205 152 248 195 122 218 
101 227 109 121 153 164 161 193 205 236 172 172 164 156 100 120 209 201 193 185 176 240 232 171 114 135 170 162 225 116 156 219 110 150 170 211 197 238 108 197 189 127 244 183 175 215 235 120 161 107 148 188 102 142 182 222 112 128 168 208 135 175 0 142 239 186 132 209 156 102 199 174 121 217 164 241 187 134 231 177 104 201 147 244 171 117 214 160 107 184 130 227 174 149 245 192 139 215 162 109 
226 174 234 116 147 159 156 168 199 211 119 119 241 233 177 217 155 147 139 131 103 187 179 247 239 231 116 137 172 212 233 166 206 227 117 157 173 213 103 143 183 204 191 129 150 190 230 217 237 204 244 135 198 238 129 169 189 224 115 135 159 102 142 0 134 231 178 153 249 196 143 219 166 113 209 156 233 179 126 222 149 246 192 139 236 163 109 206 201 127 224 171 117 194 141 237 184 130 207 154 
172 169 181 212 224 106 233 114 146 158 215 196 188 180 171 163 102 122 216 208 200 133 105 194 186 178 193 233 119 139 179 113 133 173 214 104 119 159 200 240 110 151 137 206 246 137 177 192 184 151 239 231 145 185 225 246 136 171 192 232 105 199 239 134 0 126 223 170 246 193 140 236 163 158 105 201 128 225 171 118 214 141 238 184 131 208 154 101 198 144 221 168 163 109 186 133 229 176 103 199 
119 246 176 159 219 101 179 211 223 105 162 142 134 126 118 110 227 219 163 155 146 210 202 141 133 124 140 180 195 236 126 190 230 120 160 200 216 106 146 167 207 247 112 153 193 233 123 139 179 247 186 206 241 132 152 192 233 248 138 178 202 145 186 231 126 0 118 215 142 238 185 131 228 155 102 246 193 120 216 163 110 187 133 230 176 123 200 146 243 190 165 111 208 154 231 178 125 221 168 245 
244 241 122 134 166 178 174 186 218 249 239 239 231 223 215 187 174 166 109 101 243 157 149 237 229 221 236 127 142 182 222 136 176 217 107 127 162 203 223 113 153 194 209 249 140 180 200 235 126 222 113 153 188 208 249 139 179 194 235 125 148 242 132 178 223 118 0 158 235 182 129 225 172 249 195 142 238 165 112 208 155 102 227 173 120 217 143 240 187 133 210 157 103 200 146 122 218 165 111 188 
191 187 199 231 112 124 121 133 164 176 185 186 177 150 142 133 120 112 104 198 190 103 245 164 156 148 183 223 239 177 198 233 123 143 184 224 109 129 170 210 100 121 156 196 236 107 147 182 202 169 209 249 115 155 195 235 106 141 181 222 172 189 209 153 170 215 158 0 126 222 169 115 192 187 134 230 157 104 200 147 244 170 117 214 160 237 184 130 227 173 100 197 192 138 215 162 108 205 132 228 
137 134 194 226 238 119 198 229 140 171 132 112 104 246 238 230 217 209 181 173 117 200 192 111 103 244 130 150 185 104 144 179 200 240 130 170 186 226 116 156 177 217 102 142 163 203 243 109 149 116 156 196 211 102 142 162 203 238 108 148 118 164 156 249 246 142 235 126 0 166 112 209 136 232 179 126 222 149 246 192 139 114 211 157 104 181 127 224 170 117 194 140 237 184 111 207 154 100 225 172 
132 109 141 153 184 216 193 224 236 118 127 209 201 193 185 177 144 136 128 119 213 127 119 207 199 191 206 247 132 201 241 106 146 187 125 117 132 173 213 233 124 159 199 219 110 150 190 205 246 212 102 123 158 198 219 109 197 165 205 245 215 110 102 196 193 238 182 222 166 0 158 104 201 128 224 171 118 194 141 238 184 131 208 203 149 246 173 119 216 162 239 186 132 229 176 102 199 146 242 169 
209 206 237 249 131 143 139 151 183 214 204 156 147 139 131 123 240 232 224 216 208 122 215 154 146 138 153 193 209 147 187 203 243 133 222 194 229 119 140 180 220 236 126 166 206 246 117 152 192 159 179 220 105 125 165 206 144 111 151 192 162 207 199 143 140 185 129 169 112 158 0 101 198 145 120 216 163 109 186 133 229 176 103 200 146 243 189 116 213 159 106 183 129 124 221 148 244 191 138 234 
204 200 212 244 106 138 134 146 178 190 150 102 142 236 208 200 187 179 171 163 155 218 162 100 223 215 100 140 155 244 134 198 190 230 149 140 176 196 135 127 167 182 222 113 153 173 213 249 119 236 126 166 230 120 160 152 221 106 146 138 239 154 174 219 236 131 225 115 209 104 101 0 243 190 117 213 160 106 203 130 227 173 120 245 191 138 235 162 108 205 151 248 175 121 218 165 241 188 135 231 
151 147 159 191 203 234 211 243 105 136 247 227 219 163 155 147 134 125 117 240 231 165 157 177 169 161 196 217 150 190 211 144 165 205 245 237 102 143 231 223 113 129 169 209 230 120 160 175 216 182 222 113 176 217 107 127 168 203 223 113 185 230 121 166 163 228 172 192 136 201 198 243 0 182 109 104 200 147 224 170 117 213 140 237 183 130 227 153 100 197 143 220 167 113 108 185 132 228 175 121 
212 224 154 117 197 209 158 189 201 233 194 174 166 109 101 243 230 202 194 186 178 242 234 124 116 156 123 163 247 117 157 221 111 152 192 232 199 239 178 170 238 225 116 136 176 216 107 122 162 129 169 209 123 163 184 224 114 129 170 210 132 177 217 113 158 155 249 187 232 128 145 190 182 0 202 149 245 192 119 215 162 109 234 180 127 224 170 247 194 140 237 164 110 207 153 100 177 124 220 167 
139 219 100 112 144 156 152 164 196 228 140 120 112 104 198 238 157 149 141 133 125 188 180 119 212 103 118 158 174 214 104 168 208 248 138 159 194 234 105 145 185 172 192 233 171 163 203 219 109 225 116 136 220 240 130 170 211 226 116 157 228 124 164 209 105 102 195 134 179 224 120 117 109 202 0 194 141 237 184 111 207 154 101 177 124 221 167 114 191 137 234 180 107 204 151 145 222 169 115 212 
134 165 177 209 221 102 249 111 143 154 217 217 209 201 173 165 104 245 237 229 221 135 127 215 159 179 215 105 120 160 201 114 154 195 215 105 141 161 201 241 132 249 139 179 118 138 178 165 205 152 193 233 146 187 227 117 157 173 213 103 175 220 241 156 201 246 142 230 126 171 216 213 104 149 194 0 186 133 229 156 103 199 146 243 169 164 111 207 134 231 177 124 201 148 244 191 137 214 161 107 
230 112 172 204 216 247 176 106 118 149 164 164 136 128 120 112 200 192 184 176 148 232 223 142 236 126 161 182 217 107 127 211 101 122 162 202 217 108 148 188 228 195 134 174 195 235 125 140 181 147 139 179 243 133 173 214 234 119 159 180 102 147 187 233 128 193 238 157 222 118 163 160 200 245 141 186 0 178 125 221 148 245 191 138 234 161 108 204 151 228 175 121 218 164 139 236 183 129 206 153 
177 237 119 131 162 174 171 202 214 246 110 241 232 224 216 208 147 167 111 103 245 178 150 239 231 223 238 128 163 184 224 157 178 218 108 149 164 204 244 135 155 190 230 101 141 181 222 237 127 244 134 174 190 230 120 141 181 216 236 127 198 244 134 179 225 120 165 104 149 194 109 106 147 192 237 133 178 0 117 213 140 237 183 130 207 153 100 196 172 118 215 161 108 185 131 228 175 101 198 145 
152 184 215 227 109 169 117 129 161 193 207 187 179 171 163 155 122 114 207 199 191 105 247 185 177 169 185 225 240 130 171 234 125 165 205 245 111 151 191 211 102 137 157 198 238 128 168 184 224 190 231 101 136 176 197 237 127 143 183 223 145 190 231 126 171 216 112 200 246 141 186 203 224 119 184 229 125 117 0 108 185 132 228 223 150 247 193 140 237 163 110 207 153 230 177 123 220 166 243 190 
249 130 191 222 234 116 243 124 156 168 177 134 126 118 109 232 218 210 202 146 138 202 193 132 124 116 131 171 187 125 117 181 221 111 152 172 207 247 118 158 198 214 104 144 184 225 245 130 170 117 157 198 233 103 144 184 122 239 130 170 140 137 177 222 118 163 208 147 192 238 133 130 170 215 111 156 221 213 108 0 100 177 124 119 215 142 239 185 132 209 155 102 199 174 120 217 164 110 187 134 
244 106 137 169 181 212 189 221 233 114 220 230 222 194 186 178 165 157 149 141 234 148 140 209 201 193 228 118 133 222 242 128 168 208 228 119 154 174 214 105 145 160 200 241 131 151 192 227 247 214 104 144 160 248 240 130 199 186 226 116 217 233 104 149 214 110 155 244 139 184 229 227 117 162 207 103 148 140 185 100 0 121 217 164 111 187 134 231 177 124 249 196 142 239 166 112 209 155 232 179 
190 202 132 144 176 187 136 167 179 211 244 157 149 141 133 125 112 104 226 218 161 245 237 155 147 139 174 195 128 149 189 224 245 135 175 215 231 121 161 201 222 107 147 187 208 248 133 154 194 160 201 241 106 195 187 105 146 133 153 193 163 160 201 246 141 187 102 170 114 131 176 173 213 109 154 199 245 237 132 177 121 0 161 108 204 131 228 174 121 217 144 241 188 134 211 158 104 201 176 123 
117 197 209 241 122 134 131 143 174 186 137 104 246 238 230 221 189 180 172 164 156 172 164 102 244 236 101 141 205 245 136 151 191 130 170 210 177 217 108 128 168 203 244 114 154 195 210 100 140 107 147 168 203 141 114 202 242 209 100 188 110 107 147 192 238 133 227 117 211 208 103 120 140 234 101 146 191 183 228 124 217 161 0 148 225 171 118 215 161 238 185 179 126 203 150 246 193 120 216 163 
112 144 156 187 199 231 208 239 121 133 214 200 192 184 176 168 135 127 119 111 103 167 110 199 191 182 198 238 152 192 232 146 138 226 117 137 124 212 233 225 115 130 171 211 101 141 157 197 237 204 224 114 198 218 210 149 189 204 244 135 206 204 244 139 184 230 173 214 157 203 200 245 237 180 177 243 138 130 223 119 164 108 148 0 140 217 163 110 206 182 128 225 171 248 195 141 238 185 111 208 
209 220 150 162 194 226 202 234 246 128 160 195 139 131 103 245 232 224 216 207 199 113 207 145 117 109 144 185 248 139 179 242 133 173 193 234 220 139 179 220 212 227 117 157 198 218 103 143 164 130 171 211 125 165 205 245 116 151 191 231 133 198 171 236 131 176 120 160 104 149 146 191 183 127 124 169 234 207 150 215 111 204 225 140 0 112 209 155 102 198 174 120 217 163 240 187 133 230 157 103 
155 215 247 109 141 117 149 161 193 224 107 122 114 208 200 192 178 170 162 134 126 210 202 222 214 104 139 160 195 235 106 189 210 100 140 180 147 236 126 166 187 174 214 152 173 165 200 220 142 227 117 158 221 111 152 172 212 247 118 158 230 125 117 163 208 123 217 237 181 246 243 138 130 224 221 164 161 153 247 142 187 131 171 217 112 0 152 249 195 142 219 165 112 209 155 232 179 125 222 149 
130 162 174 205 116 214 246 107 139 151 203 219 211 154 146 138 125 247 239 231 223 137 128 169 161 201 216 106 142 162 202 116 156 196 237 127 244 182 223 243 133 168 160 229 119 160 175 167 239 174 214 133 168 208 228 119 159 174 215 105 177 222 214 109 154 200 143 184 127 173 189 235 227 170 167 111 108 100 193 239 134 228 118 163 209 152 0 246 192 139 236 162 157 104 201 127 224 171 117 214 
227 157 169 200 212 209 221 102 114 146 150 165 157 149 243 133 202 194 186 178 169 233 225 164 107 147 163 203 218 109 149 213 103 143 183 204 239 129 149 190 230 245 237 176 216 106 122 113 185 169 160 229 114 135 175 215 106 121 161 201 123 168 160 206 101 146 240 130 224 119 116 162 153 247 114 207 204 196 140 185 231 174 215 110 155 249 246 0 131 228 154 101 198 144 221 168 114 239 186 132 
222 234 115 127 159 155 167 199 211 243 227 112 104 246 218 210 148 140 132 124 116 180 172 110 204 224 109 150 165 205 144 159 199 240 110 150 185 206 246 136 176 192 232 122 163 183 218 108 209 245 237 176 191 231 122 162 202 217 108 148 220 115 107 201 198 243 187 227 170 216 213 108 100 194 191 134 151 172 237 132 177 121 161 206 102 195 192 131 0 191 214 161 107 184 131 227 174 121 197 144 
149 180 110 122 154 232 114 126 157 189 173 209 181 173 165 156 245 237 229 221 193 126 118 187 179 171 206 226 112 152 221 106 146 166 207 247 112 152 193 233 123 138 179 219 239 130 165 185 155 192 184 122 138 178 218 108 129 164 204 225 147 192 184 127 144 190 133 173 117 162 159 205 197 140 137 231 228 118 163 209 124 217 238 182 198 142 139 228 191 0 109 206 153 249 176 123 219 214 141 238 
144 175 187 219 231 227 109 121 152 164 120 135 127 119 111 103 240 212 156 148 140 223 195 134 126 117 133 173 208 229 167 202 223 113 153 193 209 249 139 179 200 235 125 146 186 226 242 132 198 139 179 219 234 125 165 185 226 111 131 171 243 139 130 224 221 165 210 100 194 239 106 151 143 237 234 177 175 215 110 155 249 144 185 128 174 219 236 154 214 109 0 101 198 145 221 168 115 211 158 235 
240 122 134 165 177 174 186 217 229 111 217 232 224 216 208 200 167 159 102 244 236 150 142 230 222 214 229 120 183 175 114 129 169 210 100 169 155 196 236 106 147 182 202 242 133 173 188 228 145 235 125 146 181 221 242 132 172 188 228 118 190 235 227 171 168 111 157 197 140 186 183 248 220 164 180 124 121 161 207 102 196 241 179 225 120 165 162 101 161 206 101 0 195 142 238 165 112 107 203 130 
187 247 129 140 172 149 181 212 224 106 192 179 170 162 154 127 113 105 247 191 183 246 238 177 169 161 176 216 130 170 210 226 116 156 225 115 102 142 163 203 243 109 149 189 229 119 135 175 222 162 202 243 156 196 237 229 167 134 174 215 136 182 174 117 163 208 103 192 237 132 129 175 167 110 107 201 218 108 153 199 142 188 126 171 217 112 157 198 107 153 198 195 0 235 182 109 205 152 248 195 
162 194 225 237 119 246 127 139 171 202 138 125 117 239 231 223 210 202 194 137 129 193 185 104 246 238 123 163 227 117 137 172 213 131 172 212 199 219 109 150 190 205 245 136 176 196 231 122 217 109 149 184 103 143 183 175 244 129 121 190 213 128 149 194 109 154 200 138 184 229 124 121 113 207 204 148 164 185 230 174 239 134 203 248 163 209 104 144 184 249 145 142 235 0 227 174 101 197 144 240 
108 140 200 184 244 192 224 236 117 129 235 202 194 186 178 170 157 148 121 113 104 140 131 200 192 184 219 240 173 194 234 119 188 228 118 158 125 166 206 246 117 152 192 232 103 143 178 198 163 205 245 111 199 240 130 102 191 226 198 136 160 205 245 141 186 231 146 215 111 176 221 218 108 153 151 244 139 131 177 120 166 211 150 195 240 155 201 221 131 176 221 238 182 227 0 117 194 141 237 184 
205 115 147 179 190 187 199 231 242 124 182 149 141 132 124 116 233 225 217 209 201 216 208 147 139 131 146 186 100 140 180 196 134 175 215 105 222 161 201 173 111 248 138 159 199 239 105 145 110 152 192 106 146 186 207 247 137 152 193 233 155 152 192 237 133 178 122 162 207 102 148 165 185 100 145 191 236 228 123 217 112 158 246 141 187 232 127 168 227 123 168 165 109 174 117 0 109 186 133 229 
200 212 244 105 137 114 146 177 189 221 108 245 237 229 221 213 180 172 164 156 148 211 155 243 235 126 243 181 197 237 127 142 231 121 161 182 217 107 128 168 208 175 215 154 146 186 201 242 187 248 119 202 243 113 153 193 234 249 139 180 101 248 139 184 229 125 218 108 154 199 244 241 132 177 222 137 183 175 220 164 209 104 193 238 133 179 224 114 174 219 115 112 205 101 194 109 0 231 178 125 
127 158 219 100 132 210 242 104 136 196 248 192 232 176 148 140 127 118 110 102 244 158 150 190 162 202 238 128 143 183 224 137 177 218 238 128 164 184 224 114 155 122 162 100 242 161 148 188 133 175 216 149 169 210 100 140 161 196 236 126 178 195 215 130 176 221 165 205 100 146 191 188 228 124 169 214 129 101 166 110 155 201 120 185 230 125 171 239 121 214 211 107 152 197 141 186 231 0 223 170 
122 153 165 197 209 205 217 249 131 142 195 167 159 102 244 236 223 215 207 179 171 105 246 117 109 149 184 205 240 130 150 234 104 145 185 225 240 131 171 211 232 218 157 197 218 108 245 163 230 122 210 226 116 156 196 217 107 142 163 203 125 122 162 207 103 168 111 132 225 242 138 135 175 220 115 161 206 198 243 187 232 176 216 111 157 222 117 186 197 141 158 203 248 144 237 133 178 223 0 215 
218 230 112 143 155 152 164 195 207 239 122 114 105 199 191 183 170 142 134 126 118 181 173 112 205 246 111 151 186 105 247 161 201 241 131 172 187 227 117 138 178 213 103 124 164 204 220 110 177 117 157 172 213 103 123 164 204 219 109 150 221 218 109 154 199 245 188 228 172 169 234 231 121 167 212 107 153 145 190 134 179 123 163 208 103 149 214 132 144 238 235 130 195 240 184 229 125 170 215 0 

0 186 114 113 175 168 246 158 147 209 228 140 198 208 120 182 171 249 122 154 217 222 143 176 199 123 146 178 210 126 158 220 229 147 140 202 130 153 181 213 133 165 184 216 154 147 205 214 126 188 182 136 168 161 223 108 150 212 206 129 192 185 247 136 164 226 125 157 215 209 137 160 188 158 206 199 141 170 188 100 124 152 230 223 135 193 202 145 138 186 185 127 159 198 226 138 162 210 229 151 
186 0 130 123 201 233 227 165 184 216 128 147 195 218 130 189 198 110 172 181 228 222 164 217 211 123 185 210 111 134 162 210 234 146 204 213 135 128 202 114 137 169 217 237 149 152 230 138 131 193 121 140 173 176 103 162 155 217 226 138 196 215 127 189 179 107 130 162 220 229 141 165 197 130 154 186 218 133 165 197 236 144 168 200 137 127 189 182 140 172 162 224 113 145 207 212 154 196 189 143 
114 130 0 116 148 210 213 137 160 192 104 144 172 195 123 155 175 207 144 167 196 189 147 179 172 230 120 182 214 249 161 203 196 150 143 175 237 127 185 217 210 148 167 199 141 150 178 202 130 192 191 223 112 174 206 226 153 186 209 117 156 188 220 115 177 171 203 161 150 212 124 133 191 194 226 184 174 206 148 157 219 209 136 198 192 110 187 181 213 232 160 192 216 128 163 205 117 126 184 216 
113 123 116 0 140 150 208 120 113 191 184 242 155 164 226 215 153 215 208 116 194 187 220 123 167 229 222 134 218 211 123 162 191 103 126 174 236 225 137 156 218 126 150 198 191 129 161 194 226 138 178 206 229 141 189 212 121 162 201 233 103 165 213 236 144 176 216 137 127 205 117 110 172 216 209 151 145 219 140 134 166 201 113 175 184 216 154 148 226 219 137 169 208 120 178 172 219 243 155 213 
175 201 148 140 0 117 179 184 126 158 151 235 147 140 202 212 120 182 191 133 171 164 212 235 144 206 215 127 150 178 136 139 171 199 239 151 144 218 140 133 195 119 142 174 168 246 154 157 219 147 136 198 207 119 177 171 129 122 154 192 231 143 205 195 123 146 178 236 125 157 199 234 146 170 202 130 149 181 213 132 170 163 226 153 173 205 214 156 188 178 115 177 171 229 118 150 212 201 159 191 
168 233 210 150 117 0 153 215 208 136 156 188 109 149 177 200 232 160 183 212 124 142 204 194 152 184 177 235 173 166 228 218 146 208 201 143 187 180 242 132 169 193 225 153 172 204 146 155 187 207 119 167 170 228 140 179 211 231 158 190 214 126 179 173 235 228 182 214 208 150 194 217 139 148 176 238 111 189 183 211 153 172 204 142 135 211 153 143 205 132 126 164 203 115 147 170 214 156 150 182 
246 227 213 208 179 153 0 205 245 153 185 204 146 135 197 125 118 177 209 218 160 153 191 149 142 174 232 122 184 177 101 163 166 198 152 145 177 201 129 187 180 212 131 159 201 240 152 180 204 132 125 187 215 134 166 208 228 155 149 211 119 128 190 184 141 170 173 205 163 152 214 207 135 193 187 108 186 176 208 127 159 191 211 138 162 194 112 151 183 215 234 162 156 218 130 165 197 119 128 186 
158 165 137 120 184 215 205 0 203 115 193 186 244 157 166 228 217 175 207 210 118 157 189 102 125 169 231 234 146 181 213 125 164 193 186 108 186 175 237 149 158 220 210 152 200 203 111 173 182 244 234 161 223 217 129 203 196 118 141 185 247 121 153 188 220 132 151 209 121 144 192 186 124 156 195 227 216 158 216 219 137 169 208 120 140 187 219 243 151 208 232 144 133 211 123 117 179 223 126 158 
147 184 160 113 126 208 245 203 0 103 171 164 212 235 143 206 215 136 165 204 116 139 167 215 238 151 150 227 140 133 195 119 142 174 183 242 154 157 205 143 136 198 207 119 177 171 129 161 160 192 231 143 201 210 122 146 178 132 125 156 194 233 145 169 197 125 148 180 195 137 169 162 236 148 172 204 219 131 193 186 114 172 165 228 117 175 207 226 138 196 189 117 140 173 231 120 152 214 213 141 
209 216 192 191 158 136 153 115 103 0 132 167 199 193 151 179 202 234 133 161 223 217 144 206 196 118 157 189 247 136 168 230 220 148 151 213 121 160 192 185 127 171 195 227 148 154 216 209 167 195 188 131 178 177 240 233 161 223 212 154 163 205 113 152 185 217 116 164 187 219 131 167 208 120 144 188 181 123 155 190 222 134 174 206 205 147 195 188 126 158 197 229 219 161 218 212 150 159 191 133 
228 128 104 184 151 156 185 193 171 132 0 130 162 201 109 171 190 222 211 154 201 225 133 165 204 116 110 157 235 228 136 178 217 129 149 197 109 132 164 218 241 153 146 220 132 156 188 197 175 219 131 163 221 149 211 123 142 190 222 144 202 114 162 224 136 194 122 154 216 205 143 205 117 145 207 135 197 229 137 180 145 115 216 144 176 238 146 208 136 168 230 138 157 189 131 159 237 115 156 230 
140 147 144 242 235 188 204 186 164 167 130 0 173 235 147 179 113 175 207 149 177 186 128 161 193 146 178 241 162 206 148 180 212 127 160 192 134 166 219 161 193 105 179 211 153 185 191 133 174 206 144 192 104 166 198 152 184 226 138 173 205 147 180 208 165 197 119 177 225 137 199 231 146 179 211 153 190 118 150 212 120 198 240 152 171 219 131 193 225 133 211 123 165 223 151 183 125 153 192 224 
198 195 172 155 147 109 146 244 212 199 162 173 0 230 142 209 137 169 231 139 187 129 171 160 238 150 182 120 152 230 142 174 232 160 202 225 134 181 123 155 214 126 183 215 153 185 143 175 169 227 164 196 108 166 198 156 188 246 158 206 230 147 179 107 169 201 139 171 219 161 189 213 150 182 210 152 200 142 174 203 145 192 114 172 204 213 155 184 246 173 205 148 185 217 145 207 115 139 187 228 
208 218 195 164 140 149 135 157 235 193 201 235 230 0 171 219 131 189 221 143 221 129 161 223 112 144 203 115 192 234 142 204 236 164 222 134 128 206 118 176 217 155 193 225 167 199 123 185 217 210 168 196 138 170 228 166 198 110 172 216 128 151 183 117 179 211 123 201 109 171 203 140 188 220 243 151 209 121 183 211 169 201 113 175 213 141 203 196 104 182 214 156 194 122 154 216 124 186 234 146 
120 130 123 226 202 177 197 166 143 151 109 147 142 171 0 228 140 202 230 158 220 132 190 222 150 192 211 123 201 233 145 203 131 163 225 143 175 133 165 184 216 144 206 118 146 224 136 178 236 148 196 219 127 189 117 149 211 119 177 239 151 179 241 169 162 220 132 210 122 154 222 150 182 244 152 161 223 135 193 235 163 195 133 165 243 155 187 125 134 196 228 146 178 136 168 226 138 186 128 160 
182 189 155 215 212 200 125 228 206 179 171 179 209 219 228 0 139 201 113 166 228 140 172 126 158 182 214 138 200 121 154 212 139 172 234 146 219 132 125 187 121 153 215 127 155 233 145 177 239 124 186 218 140 214 126 158 220 128 176 238 150 212 227 139 171 233 157 219 131 163 221 149 211 133 122 170 232 144 176 130 162 224 136 194 132 164 196 215 143 175 237 149 223 145 177 209 147 195 137 169 
171 198 175 153 120 232 118 217 215 202 190 113 137 131 140 139 0 211 153 185 227 181 213 125 187 219 173 166 198 140 184 216 138 200 124 186 218 130 192 116 139 171 203 137 199 111 173 217 129 191 223 135 180 212 124 186 110 172 204 116 174 222 144 176 234 123 185 217 129 203 115 177 219 127 175 237 149 207 216 138 170 228 156 218 130 162 220 148 210 122 111 169 231 143 201 129 161 203 141 173 
249 110 207 215 182 160 177 175 136 234 222 175 169 189 202 201 211 0 157 189 127 175 207 149 177 239 128 170 198 140 188 130 162 190 148 180 212 160 192 201 143 171 233 161 193 135 163 221 133 195 223 142 174 206 144 176 114 176 204 116 194 226 168 206 215 127 189 217 159 207 119 177 209 167 208 117 149 188 220 132 190 222 180 212 130 192 120 152 210 122 131 193 225 163 205 133 165 223 135 213 
122 172 144 208 191 183 209 207 165 133 211 207 231 221 230 113 153 157 0 209 121 169 231 149 181 139 171 229 141 150 212 120 152 194 152 180 242 154 202 144 172 195 123 155 193 135 167 245 153 185 127 175 207 145 138 196 138 166 228 140 188 126 158 190 148 180 238 241 169 201 139 171 233 161 189 131 163 211 159 152 184 142 174 231 143 175 129 161 223 135 183 241 124 156 204 142 174 236 148 192 
154 181 167 116 133 212 218 210 204 161 154 149 139 143 158 166 185 189 209 0 156 188 220 162 194 148 180 212 154 208 201 143 175 219 161 193 105 167 211 133 195 227 142 174 206 148 192 104 166 198 110 194 226 138 200 205 147 179 211 165 197 109 181 209 137 199 231 143 178 210 153 185 108 180 212 124 182 230 142 204 198 152 184 216 137 211 123 185 217 125 203 115 147 209 224 136 198 230 184 216 
217 228 196 194 171 124 160 118 116 223 201 177 187 221 220 228 227 127 121 156 0 203 115 147 221 133 174 236 144 222 134 166 186 114 146 208 125 173 235 147 179 238 165 227 149 139 186 128 160 219 146 178 241 158 190 148 180 212 232 160 222 134 162 240 161 193 131 163 211 153 147 205 133 165 206 144 192 104 166 194 137 184 178 240 148 205 147 179 208 165 197 139 168 200 239 151 189 131 178 211 
222 222 189 187 164 142 153 157 139 217 225 186 129 129 132 140 181 175 169 188 203 0 197 229 142 204 131 169 231 143 191 129 123 185 242 150 182 124 156 230 142 174 236 164 202 225 137 185 123 155 187 129 173 235 147 179 143 136 168 230 158 186 128 161 193 146 188 220 162 206 230 142 174 131 160 192 134 175 219 161 193 105 179 173 214 156 200 142 174 206 148 192 104 166 208 132 155 187 219 173 
143 164 147 220 212 204 191 189 167 144 133 128 171 161 190 172 213 207 231 220 115 197 0 104 166 219 131 193 225 133 211 123 185 217 141 165 206 118 192 224 136 198 227 184 216 128 166 205 117 150 212 135 197 230 142 200 127 169 231 139 149 211 123 185 229 141 203 115 152 230 142 174 194 122 184 216 128 181 123 155 187 126 173 235 157 147 224 136 168 227 154 186 129 161 198 156 188 182 120 168 
176 217 179 123 235 194 149 102 215 206 165 161 160 223 222 126 125 149 149 162 147 229 104 0 166 213 155 187 246 173 205 147 176 217 145 130 158 236 229 141 203 127 189 221 133 171 129 161 223 131 140 202 114 146 220 142 174 236 144 222 134 127 186 113 145 207 120 173 235 147 179 237 165 227 221 129 207 119 160 218 146 178 240 152 210 138 170 194 222 150 221 133 161 239 151 208 120 152 230 224 
199 211 172 167 144 152 142 125 238 196 204 193 238 112 150 158 187 177 181 194 221 142 166 166 0 146 208 120 168 230 138 200 128 160 218 119 181 244 118 159 191 145 177 239 152 195 117 179 211 149 197 210 122 180 217 159 187 219 166 228 137 188 220 135 157 219 131 194 226 168 196 124 175 207 145 187 115 144 186 218 146 193 105 167 215 142 174 236 164 173 205 133 165 122 170 202 114 192 224 162 
123 123 230 229 206 184 174 169 151 118 116 146 150 144 192 182 219 239 139 148 133 204 219 213 146 0 128 118 196 228 140 198 126 158 220 132 190 118 121 153 211 139 201 233 141 219 131 173 231 120 152 214 126 184 242 154 186 124 172 234 146 174 213 125 157 225 137 185 127 159 217 145 177 200 228 156 228 140 168 230 158 190 132 160 238 231 159 191 149 181 218 130 192 110 168 200 223 151 209 121 
146 185 120 222 215 177 232 231 150 157 110 178 182 203 211 214 173 128 171 180 174 131 131 155 208 128 0 152 165 197 105 162 224 140 214 116 178 210 148 192 109 146 187 216 153 185 223 160 212 120 182 201 122 150 192 123 197 239 140 178 136 139 167 219 156 214 126 158 220 163 185 232 144 222 216 128 175 133 154 212 144 176 220 162 194 217 145 173 235 147 195 143 175 207 149 193 135 128 160 238 
178 210 182 134 127 235 122 234 227 189 157 241 120 115 123 138 166 170 229 212 236 169 193 187 120 118 152 0 154 232 225 147 175 133 184 216 124 186 114 146 166 208 135 197 225 168 215 127 189 218 130 207 201 139 181 228 141 199 111 188 221 133 191 200 142 174 212 124 202 114 172 204 132 194 187 245 173 205 127 185 217 145 207 115 177 186 218 160 188 126 188 220 128 190 118 180 169 201 159 191 
210 111 214 218 150 173 184 146 140 247 235 162 152 192 201 200 198 198 141 154 144 231 225 246 168 196 165 154 0 143 194 106 180 212 144 172 234 161 194 136 183 231 224 162 194 132 194 145 177 135 167 121 195 107 169 201 129 177 239 136 160 207 135 167 229 157 194 136 169 220 144 176 199 111 185 207 149 181 134 167 218 207 154 187 129 157 189 147 179 237 138 177 209 127 189 237 149 207 119 151 
126 134 249 211 178 166 177 181 133 136 228 206 230 234 233 121 140 140 150 208 222 143 133 173 230 228 197 232 143 0 181 213 155 183 222 134 176 204 162 194 106 168 196 154 186 179 237 175 207 149 177 105 167 199 141 169 217 159 152 190 148 180 212 150 198 140 172 165 239 151 183 105 163 211 153 185 243 171 203 226 138 182 124 166 198 136 184 216 158 186 144 176 170 232 155 197 139 171 199 239 
158 162 161 123 136 228 101 213 195 168 136 148 142 142 145 154 184 188 212 201 134 191 211 205 138 140 105 225 194 181 0 184 246 135 182 214 146 193 121 153 215 123 180 243 155 163 211 143 171 222 150 218 139 171 203 157 151 213 125 169 231 143 175 133 161 202 144 154 212 124 175 203 131 193 225 167 211 123 165 227 112 174 206 134 166 244 156 203 196 124 186 234 146 194 121 183 215 142 190 102 
220 210 203 162 139 218 163 125 119 230 178 180 174 204 203 212 216 130 120 143 166 129 123 147 200 198 162 147 106 213 184 0 207 128 148 180 138 170 202 129 161 239 147 209 202 134 196 202 133 165 223 145 193 135 163 195 153 185 178 116 164 206 148 176 238 166 198 136 168 216 158 151 209 147 179 211 149 181 139 171 199 141 189 212 130 162 210 152 184 242 154 202 144 172 204 172 204 193 135 183 
229 234 196 191 171 146 166 164 142 220 217 212 232 236 131 139 138 162 152 175 186 123 185 176 128 126 224 175 180 155 246 207 0 185 142 174 203 154 202 205 123 155 212 151 202 234 161 209 141 169 231 120 162 220 132 199 231 149 190 112 127 169 231 158 206 137 165 217 145 192 134 155 191 212 154 202 234 181 209 151 183 111 169 190 214 141 200 232 163 191 138 170 218 130 158 216 118 180 228 166 
147 146 150 103 199 208 198 193 174 148 129 127 160 164 163 172 200 190 194 219 114 185 217 217 160 158 140 133 212 183 135 128 185 0 224 151 183 192 134 162 224 152 184 126 154 216 154 186 195 227 155 213 125 187 115 147 194 136 168 212 235 148 189 143 175 207 149 197 135 167 199 141 136 198 110 172 205 147 179 217 139 217 210 137 169 247 145 207 119 182 214 156 203 213 125 176 204 146 213 121 
140 204 143 126 239 201 152 186 183 151 149 160 202 222 225 234 124 148 152 161 146 242 141 145 218 220 214 184 144 222 182 148 142 224 0 239 151 160 228 140 172 130 147 210 122 199 227 140 202 114 123 170 212 154 198 140 172 204 162 190 102 153 189 221 133 195 227 160 222 216 128 202 114 146 208 132 183 215 157 185 123 185 178 216 153 215 124 156 233 145 177 225 144 176 234 146 178 136 168 206 
202 213 175 174 151 143 145 108 242 213 197 192 225 134 143 146 186 180 180 193 208 150 165 130 119 132 116 216 172 134 214 180 174 151 239 0 125 183 215 157 167 199 137 178 226 168 196 108 170 218 238 150 182 140 177 209 121 199 111 169 201 211 153 181 243 165 212 120 183 215 172 204 113 136 184 216 164 196 108 186 214 156 149 197 139 167 199 137 199 107 169 178 210 148 180 242 170 202 120 182 
130 135 237 236 144 187 177 186 154 121 109 134 134 128 175 219 218 212 242 105 125 182 206 158 181 190 178 124 234 176 146 138 203 183 151 125 0 229 147 194 136 168 227 154 186 118 176 208 136 198 187 129 177 219 127 189 117 153 200 158 190 222 160 170 232 144 176 234 171 203 145 173 221 163 172 204 132 194 226 134 196 124 166 203 146 203 111 135 167 214 156 185 247 159 206 145 148 180 117 155 
153 128 127 225 218 180 201 175 157 160 132 166 181 206 133 132 130 160 154 167 173 124 118 236 244 118 210 186 161 204 193 170 154 192 160 183 229 0 168 230 142 199 219 120 182 230 138 200 112 174 180 212 154 186 114 181 213 125 203 111 163 195 133 142 174 236 148 222 134 166 208 171 203 125 124 172 223 162 183 125 188 220 132 156 200 112 153 215 139 201 113 145 207 131 193 187 219 162 224 136 
181 202 185 137 140 242 129 237 205 192 164 219 123 118 165 125 192 192 202 211 235 156 192 229 118 121 148 114 194 162 121 202 202 134 228 215 147 168 0 136 204 142 174 206 164 201 113 175 208 135 183 176 238 162 224 136 188 111 173 206 118 176 224 217 169 197 125 187 219 131 205 217 129 177 225 156 184 115 147 211 153 174 232 131 163 210 122 190 128 160 192 114 187 219 161 155 203 141 173 235 
213 114 217 156 133 132 187 149 143 185 218 161 155 176 184 187 116 201 144 133 147 230 224 141 159 153 192 146 136 194 153 129 205 162 140 157 194 230 136 0 189 222 130 207 120 152 210 122 200 232 105 163 221 133 195 223 151 213 125 183 215 143 146 204 116 194 226 138 196 124 156 218 126 188 207 119 177 209 137 199 231 139 217 129 132 190 118 150 212 120 182 230 142 204 112 170 193 225 133 211 
133 137 210 218 195 169 180 158 136 127 241 193 214 217 216 121 139 143 172 195 179 142 136 203 191 211 109 166 183 106 215 161 123 224 172 167 136 142 204 189 0 186 134 166 213 125 187 235 143 205 199 156 194 226 138 216 124 186 208 150 193 135 157 176 224 136 198 230 164 226 138 170 228 117 179 197 139 187 219 146 208 136 168 215 157 167 199 137 169 201 168 196 108 170 218 238 150 182 140 157 
165 169 148 126 119 193 212 220 198 171 153 105 126 155 144 153 171 171 195 227 238 174 198 127 145 139 146 208 231 168 123 239 155 152 130 199 168 199 142 222 186 0 222 134 192 213 171 199 111 163 240 230 161 193 147 169 231 143 190 118 180 197 221 149 196 108 170 218 145 181 139 157 219 131 178 106 168 161 194 157 189 221 163 207 119 181 190 118 150 212 124 182 230 142 184 122 169 232 144 133 
184 217 167 150 142 225 131 210 207 195 146 179 183 193 206 215 203 233 123 142 165 236 227 189 177 201 187 135 224 196 180 147 212 184 147 137 227 219 174 130 134 222 0 233 157 219 131 163 237 149 211 133 161 170 232 144 192 119 181 213 152 199 111 173 206 211 132 195 227 165 212 125 172 234 162 194 217 125 193 225 163 195 107 164 222 134 196 124 118 165 227 155 183 125 157 189 147 175 178 240 
216 237 199 198 174 153 159 152 119 227 220 211 215 225 118 127 137 161 155 174 227 164 184 221 239 233 216 197 162 154 243 209 151 126 210 178 154 120 206 207 166 134 233 0 136 169 231 158 186 129 161 223 232 150 182 124 171 230 142 174 132 160 153 215 153 181 123 155 187 145 173 235 147 195 133 165 168 246 154 186 117 165 222 153 182 194 122 169 202 144 191 129 151 213 140 188 182 244 161 209 
154 149 141 191 168 172 201 200 177 148 132 153 153 167 146 155 199 193 193 206 149 202 216 133 152 141 153 225 194 186 155 202 202 154 122 226 186 182 164 120 213 192 157 136 0 147 194 137 154 216 225 167 185 116 163 221 152 200 232 160 222 119 181 190 118 169 216 118 181 213 155 187 145 173 166 218 172 204 135 172 223 147 179 241 153 162 221 152 184 108 170 202 144 161 239 151 183 121 140 182 
147 152 150 129 246 204 240 203 171 154 156 185 185 199 224 233 111 135 135 148 139 225 128 171 195 219 185 168 132 179 163 134 234 216 199 168 118 230 201 152 125 213 219 169 147 0 182 214 122 184 112 174 202 114 153 185 217 156 213 125 187 215 127 166 199 137 169 216 159 191 108 186 218 130 188 198 140 172 200 142 190 111 169 201 129 191 185 243 171 203 145 173 205 142 204 112 175 184 216 158 
205 230 178 161 154 146 152 111 129 216 188 191 143 123 136 145 173 163 167 192 186 137 166 129 117 131 223 215 194 237 211 196 161 154 227 196 176 138 113 210 187 171 131 231 194 182 0 185 217 175 203 196 118 196 224 166 198 126 184 216 158 190 118 117 179 211 139 197 109 171 219 157 189 231 143 178 210 122 184 112 170 206 134 196 234 146 185 217 125 187 115 177 209 117 159 237 149 207 119 128 
214 138 202 194 157 155 180 173 161 209 197 133 175 185 178 177 217 221 245 104 128 185 205 161 179 173 160 127 145 175 143 202 209 186 140 108 208 200 175 122 235 199 163 158 137 214 185 0 217 119 177 105 167 199 192 135 197 229 138 215 137 169 227 139 148 211 123 181 228 141 203 120 168 230 142 170 210 122 154 216 124 202 234 155 213 141 173 235 225 153 215 127 189 217 145 186 128 157 196 228 
126 131 130 226 219 187 204 182 160 167 175 174 169 217 236 239 129 133 153 166 160 123 117 223 211 231 212 189 177 207 171 133 141 195 202 170 136 112 208 200 143 111 237 186 154 122 217 217 0 230 158 151 213 121 199 231 143 201 129 191 233 141 173 131 163 156 214 142 204 116 154 232 144 176 234 146 155 217 130 188 115 157 189 127 175 212 124 152 153 185 169 207 135 128 190 222 176 208 120 182 
188 193 192 138 147 207 132 244 192 195 219 206 227 210 148 124 191 195 185 198 219 155 150 131 149 120 120 218 135 149 222 165 169 227 114 218 198 174 135 232 205 163 149 129 216 184 175 119 230 0 193 225 163 172 204 151 183 215 173 201 113 175 223 161 193 114 124 182 214 156 188 116 174 206 148 196 185 127 169 217 155 187 219 161 209 147 179 172 110 168 200 112 190 218 160 192 104 182 210 233 
182 121 191 178 136 119 125 234 231 188 131 144 164 168 196 186 223 223 127 110 146 187 212 140 197 152 182 130 167 177 150 223 231 155 123 238 187 180 183 105 199 240 211 161 225 112 203 177 158 193 0 185 127 171 233 145 138 192 134 166 228 140 184 126 119 151 225 137 199 241 165 227 139 171 233 157 189 212 124 198 240 152 184 138 170 232 144 176 130 162 186 227 151 183 125 157 231 143 137 199 
136 140 223 206 198 167 187 161 143 131 163 192 196 196 219 218 135 142 175 194 178 129 135 202 210 214 201 207 121 105 218 145 120 213 170 150 129 212 176 163 156 230 133 223 167 174 196 105 151 225 185 0 235 228 140 202 130 188 220 132 174 128 160 192 134 139 201 113 145 223 131 173 235 147 191 133 165 188 232 144 206 118 172 234 146 178 217 125 187 219 131 205 117 153 211 230 142 204 132 164 
168 173 112 229 207 170 215 223 201 178 221 104 108 138 127 140 180 174 207 226 241 173 197 114 122 126 122 201 195 167 139 193 162 125 212 182 177 154 238 221 194 161 161 232 185 202 118 167 213 163 127 235 0 208 136 168 226 138 216 128 127 189 237 149 207 119 151 229 141 199 231 120 162 220 132 210 122 150 212 124 172 234 142 166 223 135 193 225 153 215 123 155 194 226 144 206 118 166 228 136 
161 176 174 141 119 228 134 217 210 177 149 166 166 170 189 214 212 206 145 138 158 235 230 146 180 184 150 139 107 199 171 135 220 187 154 140 219 186 162 133 226 193 170 150 116 114 196 199 121 172 171 228 208 0 232 140 202 130 162 220 132 194 213 121 153 215 143 205 233 145 223 216 154 186 124 156 214 126 158 236 109 167 199 127 189 227 139 217 129 157 219 131 170 202 110 172 220 142 200 232 
223 103 206 189 177 140 166 129 122 240 211 198 198 228 117 126 124 144 138 200 190 147 142 220 217 242 192 181 169 141 203 163 132 115 198 177 127 114 224 195 138 147 232 182 163 153 224 192 199 204 233 140 136 232 0 116 163 225 134 196 205 117 179 207 129 207 119 146 208 136 194 187 219 177 205 147 189 221 145 207 119 151 229 137 160 192 120 178 210 132 194 118 111 173 205 163 191 223 165 213 
108 162 226 212 171 179 208 203 146 233 123 152 156 166 149 158 186 176 196 205 148 179 200 142 159 154 123 228 201 169 157 195 199 147 140 209 189 181 136 223 216 169 144 124 221 185 166 135 231 151 145 202 168 140 116 0 155 196 228 140 176 208 150 182 110 168 200 112 190 227 140 202 211 149 181 213 155 203 111 173 205 224 162 194 106 184 212 154 186 218 176 204 126 188 236 105 167 199 127 185 
150 155 153 121 129 211 228 196 178 161 142 184 188 198 211 220 110 114 138 147 180 143 127 174 187 186 197 141 129 217 151 153 231 194 172 121 117 213 188 151 124 231 192 171 152 217 198 197 143 183 138 130 226 202 163 155 0 143 205 132 165 184 216 174 206 118 176 234 146 169 197 125 187 219 157 189 117 159 217 210 168 200 112 170 218 130 192 220 142 220 132 190 183 111 173 205 113 191 223 145 
212 217 186 162 122 231 155 118 132 223 190 226 246 110 119 128 172 176 166 179 212 136 169 236 219 124 239 199 177 159 213 185 149 136 204 199 153 125 111 213 186 143 119 230 200 156 126 229 201 215 192 188 138 130 225 196 143 0 132 194 118 180 212 124 192 119 151 213 126 169 231 225 167 211 123 165 227 135 212 125 157 219 143 136 198 110 164 226 138 170 228 156 218 211 123 197 109 151 213 137 
206 226 209 201 154 158 149 141 125 212 222 138 158 172 177 176 204 204 228 211 232 168 231 144 166 172 140 111 239 152 125 178 190 168 162 111 200 203 173 125 208 190 181 142 232 213 184 138 129 173 134 220 216 162 134 228 205 132 0 184 223 135 167 225 153 215 127 159 233 145 187 210 134 166 228 140 198 126 158 220 132 186 248 121 153 227 139 171 234 146 199 141 173 205 159 153 215 127 170 233 
129 138 117 233 192 190 211 185 156 154 144 173 206 216 239 238 116 116 140 165 160 230 139 222 228 234 178 188 136 190 169 116 112 212 190 169 158 111 206 183 150 118 213 174 160 125 216 215 191 201 166 132 128 220 196 140 132 194 184 0 179 211 149 197 139 171 203 141 189 131 173 201 210 152 184 242 170 202 144 171 233 161 154 192 134 182 244 152 184 142 174 232 144 153 215 133 165 227 155 187 
192 196 156 103 231 214 119 247 194 163 202 205 230 128 151 150 174 194 188 197 222 158 149 134 137 146 136 221 160 148 231 164 127 235 102 201 190 163 118 215 193 180 152 132 222 187 158 137 233 113 228 174 127 132 205 176 165 118 223 179 0 172 204 200 232 144 206 177 205 147 189 117 175 207 119 181 225 167 199 192 150 188 220 162 210 118 180 212 124 198 110 172 214 138 200 193 225 183 211 123 
185 215 188 165 143 126 128 121 233 205 114 147 147 151 179 212 222 226 126 109 134 186 211 127 188 174 139 133 207 180 143 206 169 148 153 211 222 195 176 143 135 197 199 160 119 215 190 169 141 175 140 128 189 194 117 208 184 180 135 211 172 0 176 223 165 198 110 168 187 219 161 189 117 179 211 149 197 109 150 208 120 198 230 142 162 210 122 184 212 149 211 123 181 214 141 203 115 144 221 133 
247 127 220 213 205 179 190 153 145 113 162 180 179 183 241 227 144 168 158 181 162 128 123 186 220 213 167 191 135 212 175 148 231 189 189 153 160 133 224 146 157 221 111 153 181 127 118 227 173 223 184 160 237 213 179 150 216 212 167 149 204 176 0 199 111 173 201 159 191 233 141 180 212 154 183 110 172 204 116 175 222 144 206 114 192 224 136 185 217 171 203 135 182 180 108 150 191 145 187 219 
136 189 115 236 195 173 184 188 169 152 224 208 107 117 169 139 176 206 190 209 240 161 185 113 135 125 219 200 167 150 133 176 158 143 221 181 170 142 217 204 176 149 173 215 190 166 117 139 131 161 126 192 149 121 207 182 174 124 225 197 200 223 199 0 220 132 165 204 112 144 206 134 196 224 146 178 135 164 226 138 185 124 156 218 130 178 215 157 151 199 137 169 231 159 187 129 161 223 156 188 
164 179 177 144 123 235 141 220 197 185 136 165 169 179 162 171 234 215 148 137 161 193 229 145 157 157 156 142 229 198 161 238 206 175 133 243 232 174 169 116 224 196 206 153 118 199 179 148 163 193 119 134 207 153 129 110 206 192 153 139 232 165 111 220 0 215 136 164 122 154 216 128 172 196 228 140 214 126 167 229 138 215 127 159 221 145 177 239 161 189 147 178 198 230 157 219 137 169 217 159 
226 107 171 176 146 228 170 132 125 217 194 197 201 211 220 233 123 127 180 199 193 146 141 207 219 225 214 174 157 140 202 166 137 207 195 165 144 236 197 194 136 108 211 181 169 137 211 211 156 114 151 139 119 215 207 168 118 119 215 171 144 198 173 132 215 0 223 135 213 121 153 215 127 205 243 116 148 226 134 196 228 156 214 126 158 220 154 186 128 160 169 227 139 201 129 157 219 141 173 127 
125 130 203 216 178 182 173 151 148 116 122 119 139 123 132 157 185 189 238 231 131 188 203 120 131 137 126 212 194 172 144 198 165 149 227 212 176 148 125 226 198 170 132 123 216 169 139 123 214 124 225 201 151 143 119 200 176 151 127 203 206 110 201 165 136 223 0 188 112 174 206 148 180 104 166 198 110 184 216 138 200 228 147 179 211 153 197 109 171 204 157 199 231 143 201 210 153 185 217 170 
157 162 161 137 236 214 205 209 180 164 154 177 171 201 210 219 217 217 241 143 163 220 115 173 194 185 158 124 136 165 154 136 217 197 160 120 234 222 187 138 230 218 195 155 118 216 197 181 142 182 137 113 229 205 146 112 234 213 159 141 177 168 159 204 164 135 188 0 208 150 182 214 168 161 194 136 183 242 154 195 107 181 213 155 187 111 173 205 147 179 233 145 168 200 154 186 218 160 204 146 
215 220 150 127 125 208 163 121 195 187 216 225 219 109 122 131 129 159 169 178 211 162 152 235 226 127 220 202 169 239 212 168 145 135 222 183 171 134 219 196 164 145 227 187 181 159 109 228 204 214 199 145 141 233 208 190 146 126 233 189 205 187 191 112 122 213 112 208 0 173 235 143 191 133 165 227 135 193 105 167 195 234 146 178 237 164 226 138 170 208 166 198 110 168 216 158 190 248 137 169 
209 229 212 205 157 150 152 144 137 219 205 137 161 171 154 163 203 207 201 210 153 206 230 147 168 159 163 114 220 151 124 216 192 167 216 215 203 166 131 124 226 181 165 145 213 191 171 141 116 156 241 223 199 145 136 227 169 169 145 131 147 219 233 144 154 121 174 150 173 0 173 235 147 225 137 165 227 155 187 135 167 199 157 146 208 120 168 230 138 180 108 170 198 140 172 220 158 190 132 180 
137 141 124 117 199 194 214 192 169 131 143 199 189 203 222 221 115 119 139 153 147 230 142 179 196 217 185 172 144 183 175 158 134 199 128 172 145 208 205 156 138 139 212 173 155 108 219 203 154 188 165 131 231 223 194 140 197 231 187 173 189 161 141 206 216 153 206 182 235 173 0 245 153 194 204 146 174 236 164 196 138 166 244 165 197 105 167 215 157 185 218 175 207 201 139 196 108 170 199 141 
160 165 133 110 234 217 207 186 162 167 205 231 213 140 150 149 177 177 171 185 205 142 174 237 124 145 232 204 176 105 203 151 155 141 202 204 173 171 217 218 170 157 125 235 187 186 157 120 232 116 227 173 120 216 187 202 125 225 210 201 117 189 180 134 128 215 148 214 143 235 245 0 124 166 214 152 184 216 158 206 144 176 208 127 156 218 139 187 215 157 189 101 179 207 149 181 119 177 209 121 
188 197 191 172 146 139 135 124 236 208 117 146 150 188 182 211 219 209 233 108 133 174 194 165 175 177 144 132 199 163 131 209 191 136 114 113 221 203 129 126 228 219 172 147 145 218 189 168 144 174 139 235 162 154 219 211 187 167 134 210 175 117 212 196 172 127 180 168 191 147 153 124 0 160 234 237 149 211 135 167 229 141 215 127 159 201 139 187 238 150 208 136 168 230 220 178 210 122 184 212 
158 130 194 216 170 148 193 156 148 120 145 179 182 220 244 133 127 167 161 180 165 131 122 227 207 200 222 194 111 211 193 147 212 198 146 136 163 125 177 188 117 131 234 195 173 130 231 230 176 206 171 147 220 186 177 149 219 211 166 152 207 179 154 224 196 205 104 161 133 225 194 166 160 0 157 189 127 159 216 128 186 219 138 170 202 140 172 130 162 200 112 189 222 160 192 224 182 214 152 193 
206 154 226 209 202 176 187 195 172 144 207 211 210 243 152 122 175 208 189 212 206 160 184 221 145 228 216 187 185 153 225 179 154 110 208 184 172 124 225 207 179 178 162 133 166 188 143 142 234 148 233 191 132 124 205 181 157 123 228 184 119 211 183 146 228 243 166 194 165 137 204 214 234 157 0 165 197 109 167 215 157 189 227 185 217 129 187 219 147 209 121 179 237 149 181 200 128 190 222 130 
199 186 184 151 130 238 108 227 204 188 135 153 152 151 161 170 237 117 131 124 144 192 216 129 187 156 128 245 207 185 167 211 202 172 132 216 204 172 156 119 197 106 194 165 218 198 178 170 146 196 157 133 210 156 147 213 189 165 140 242 181 149 110 178 140 116 198 136 227 165 146 152 237 189 165 0 156 218 130 184 246 158 190 128 176 169 231 139 217 139 171 229 157 189 131 163 191 149 181 243 
141 218 174 145 149 111 186 216 219 181 197 190 200 209 223 232 149 149 163 182 192 134 128 207 115 228 175 173 149 243 211 149 234 205 183 164 132 223 184 177 139 168 217 168 172 140 210 210 155 185 189 165 122 214 189 155 117 227 198 170 225 197 172 135 214 148 110 183 135 227 174 184 149 127 197 156 0 166 228 140 187 130 158 190 132 180 217 159 191 119 177 209 151 183 193 131 163 225 162 190 
170 133 206 219 181 189 176 158 131 123 229 118 142 121 135 144 207 188 211 230 104 175 181 119 144 140 133 205 181 171 123 181 181 147 215 196 194 162 115 209 187 161 125 246 204 172 122 122 217 127 212 188 150 126 221 203 159 135 126 202 167 109 204 164 126 226 184 242 193 155 236 216 211 159 109 218 166 0 212 154 202 110 172 204 162 200 232 144 183 211 153 185 217 175 203 125 187 235 143 205 
188 165 148 140 213 183 208 216 193 155 137 150 174 183 193 176 216 220 159 142 166 219 123 160 186 168 154 127 134 203 165 139 209 179 157 108 226 183 147 137 219 194 193 154 135 200 184 154 130 169 124 232 212 158 145 111 217 212 158 144 199 150 116 226 167 134 216 154 105 187 164 158 135 216 167 130 228 212 0 221 178 220 128 122 199 112 170 202 114 192 229 141 203 131 163 221 133 195 123 161 
100 197 157 134 132 211 127 219 186 190 180 212 203 211 235 130 138 132 152 204 194 161 155 218 218 230 212 185 167 226 227 171 151 217 185 186 134 125 211 199 146 157 225 186 172 142 112 216 188 217 198 144 124 236 207 173 210 125 220 171 192 208 175 138 229 196 138 195 167 135 196 206 167 128 215 184 140 154 221 0 227 181 213 206 128 202 114 176 208 162 194 226 168 177 205 127 189 221 175 207 
124 236 219 166 170 153 159 137 114 222 145 120 145 169 163 162 170 190 184 198 137 193 187 146 146 158 144 217 218 138 112 199 183 139 123 214 196 188 153 231 208 189 163 117 223 190 170 124 115 155 240 206 172 109 119 205 168 157 132 233 150 120 222 185 138 228 200 107 195 167 138 144 229 186 157 246 187 202 178 227 0 213 131 193 225 152 211 123 185 217 106 164 196 118 196 224 136 198 126 184 
152 144 209 201 163 172 191 169 172 134 115 198 192 201 195 224 228 222 142 152 184 105 126 178 193 190 176 145 207 182 174 141 111 217 185 156 124 220 174 139 136 221 195 165 147 111 206 202 157 187 152 118 234 167 151 224 200 219 186 161 188 198 144 124 215 156 228 181 234 199 166 176 141 219 189 158 130 110 220 181 213 0 184 216 158 202 144 176 208 150 194 136 168 209 133 195 227 139 175 207 
230 168 136 113 226 204 211 208 165 174 216 240 114 113 133 136 156 180 174 184 178 179 173 240 105 132 220 207 154 124 206 189 169 210 178 149 166 132 232 217 168 163 107 222 179 169 134 234 189 219 184 172 142 199 229 162 112 143 248 154 220 230 206 156 127 214 147 213 146 157 244 208 215 138 227 190 158 172 128 213 131 184 0 192 145 178 210 152 184 138 170 173 210 148 180 122 150 228 140 172 
223 200 198 175 153 142 138 120 228 206 144 152 172 175 165 194 218 212 231 216 240 173 235 152 167 160 162 115 187 166 134 212 190 137 216 197 203 156 131 129 215 207 164 153 241 201 196 155 127 161 138 234 166 127 137 194 170 136 121 192 162 142 114 218 159 126 179 155 178 146 165 127 127 170 185 128 190 204 122 206 193 216 192 0 195 153 185 217 135 174 206 148 180 104 166 198 110 168 216 158 
135 137 192 184 173 135 162 140 117 205 176 171 204 213 243 132 130 130 143 137 148 214 157 210 215 238 194 177 129 198 166 130 214 169 153 139 146 200 163 132 157 119 222 182 153 129 234 213 175 209 170 146 223 189 160 106 218 198 153 134 210 162 192 130 221 158 211 187 237 208 197 156 159 202 217 176 132 162 199 128 225 158 145 195 0 224 136 198 227 169 178 210 148 190 117 180 208 120 198 230 
193 127 110 216 205 211 194 187 175 147 238 219 213 141 155 164 162 192 175 211 205 156 147 138 142 231 217 186 157 136 244 162 141 247 215 167 203 112 210 190 167 181 134 194 162 191 146 141 212 147 232 178 135 227 192 184 130 110 227 182 118 210 224 178 145 220 153 111 164 120 105 218 201 140 129 169 180 200 112 202 152 202 178 153 224 0 203 111 153 215 143 171 233 145 177 140 172 204 146 194 
202 189 187 154 214 153 112 219 207 195 146 131 155 203 187 196 220 120 129 123 147 200 224 170 174 159 145 218 189 184 156 210 200 145 124 199 111 153 122 118 199 190 196 122 221 185 185 173 124 179 144 217 193 139 120 212 192 164 139 244 180 122 136 215 177 154 197 173 226 168 167 139 139 172 187 231 217 232 170 114 211 144 210 185 136 203 0 111 173 211 123 170 194 226 164 212 124 186 214 136 
145 182 181 148 156 143 151 243 226 188 208 193 184 196 125 215 148 152 161 185 179 142 136 194 236 191 173 160 147 216 203 152 232 207 156 137 135 215 190 150 137 118 124 169 152 243 217 235 152 172 176 125 225 217 178 154 220 226 171 152 212 184 185 157 239 186 109 205 138 230 215 187 187 130 219 139 159 144 202 176 123 176 152 217 198 111 111 0 215 127 205 247 155 187 145 177 235 125 157 198 
138 140 213 226 188 205 183 151 138 126 136 225 246 104 134 143 210 210 223 217 208 174 168 222 164 149 235 188 179 158 196 184 163 119 233 199 167 139 128 212 169 150 118 202 184 171 125 225 153 110 130 187 153 129 210 186 142 138 234 184 124 212 217 151 161 128 171 147 170 138 157 215 238 162 147 217 191 183 114 208 185 208 184 135 227 153 173 215 0 154 151 183 215 173 205 143 185 217 145 203 
186 172 232 219 178 132 215 208 196 158 168 133 173 182 196 175 122 122 135 125 165 206 227 150 173 181 147 126 237 186 124 242 191 182 145 107 214 201 160 120 201 212 165 144 108 203 187 153 185 168 162 219 215 157 132 218 220 170 146 142 198 149 171 199 189 160 204 179 208 180 185 157 150 200 209 139 119 211 192 162 217 150 138 174 169 215 211 127 154 0 222 134 196 114 162 224 136 156 203 135 
185 162 160 137 115 126 234 232 189 197 230 211 205 214 228 237 111 131 183 203 197 148 154 221 205 218 195 188 138 144 186 154 138 214 177 169 156 113 192 182 168 124 227 191 170 145 115 215 169 200 186 131 123 219 194 176 132 228 199 174 110 211 203 137 147 169 157 233 166 108 218 189 208 112 121 171 177 153 229 194 106 194 170 206 178 143 123 205 151 222 0 220 162 194 148 180 222 134 192 120 
127 224 192 169 177 164 162 144 117 229 138 123 148 156 146 149 169 193 241 115 139 192 186 133 133 130 143 220 177 176 234 202 170 156 225 178 185 145 114 230 196 182 155 129 202 173 177 127 207 112 227 205 155 131 118 204 190 156 141 232 172 123 135 169 178 227 199 145 198 170 175 101 136 189 179 229 209 185 141 226 164 136 173 148 210 171 170 247 183 134 220 0 158 190 132 180 238 231 143 221 
159 113 216 208 171 203 156 133 140 219 157 165 185 194 178 223 231 225 124 147 168 104 129 161 165 192 175 128 209 170 146 144 218 203 144 210 247 207 187 142 108 230 183 151 144 205 209 189 135 190 151 117 194 170 111 126 183 218 173 144 214 181 182 231 198 139 231 168 110 198 207 179 168 222 237 157 151 217 203 168 196 168 210 180 148 233 194 155 215 196 162 158 0 133 165 239 160 193 105 163 
198 145 128 120 229 115 218 211 173 161 189 223 217 122 136 145 143 163 156 209 200 166 161 239 122 110 207 190 127 232 194 172 130 213 176 148 159 131 219 204 170 142 125 213 161 142 117 217 128 218 183 153 226 202 173 188 111 211 205 153 138 214 180 159 230 201 143 200 168 140 201 207 230 160 149 189 183 175 131 177 118 209 148 104 190 145 226 187 173 114 194 190 133 0 142 174 222 164 192 134 
226 207 163 178 118 147 130 123 231 218 131 151 145 154 168 177 201 205 204 224 239 208 198 151 170 168 149 118 189 155 121 204 158 125 234 180 206 193 161 112 218 184 157 140 239 204 159 145 190 160 125 211 144 110 205 236 173 123 159 215 200 141 108 187 157 129 201 154 216 172 139 149 220 192 181 131 193 203 163 205 196 133 180 166 117 177 164 145 205 162 148 132 165 142 0 222 149 211 124 182 
138 212 205 172 150 170 165 117 120 212 159 183 207 216 226 209 129 133 142 136 151 132 156 208 202 200 193 180 237 197 183 172 216 176 146 242 145 187 155 170 238 122 189 188 151 112 237 186 222 192 157 230 206 172 163 105 205 197 153 133 193 203 150 129 219 157 210 186 158 220 196 181 178 224 200 163 131 125 221 127 224 195 122 198 180 140 212 177 143 224 180 180 239 174 222 0 225 153 211 123 
162 154 117 219 212 214 197 179 152 150 237 125 115 124 138 147 161 165 174 198 189 155 188 120 114 223 135 169 149 139 215 204 118 204 178 170 148 219 203 193 150 169 147 182 183 175 149 128 176 104 231 142 118 220 191 167 113 109 215 165 225 115 191 161 137 219 153 218 190 158 108 119 210 182 128 191 163 187 133 189 136 227 150 110 208 172 124 235 185 136 222 238 160 222 149 225 0 121 183 215 
210 196 126 243 201 156 119 223 214 159 115 153 139 186 186 195 203 223 236 230 131 187 182 152 192 151 128 201 207 171 142 193 180 146 136 202 180 162 141 225 182 232 175 244 121 184 207 157 208 182 143 204 166 142 223 199 191 151 127 227 183 144 145 223 169 141 185 160 248 190 170 177 122 214 190 149 225 235 195 221 198 139 228 168 120 204 186 125 217 156 134 231 193 164 211 153 121 0 135 167 
229 189 184 155 159 150 128 126 213 191 156 192 187 234 128 137 141 135 148 184 178 219 120 230 224 209 160 159 119 199 190 135 228 213 168 120 117 224 173 133 140 144 178 161 140 216 119 196 120 210 137 132 228 200 165 127 223 213 170 155 211 221 187 156 217 173 217 204 137 132 199 209 184 152 222 181 162 143 123 175 126 175 140 216 198 146 214 157 145 203 192 143 105 192 124 211 183 135 0 134 
151 143 216 213 191 182 186 158 141 133 230 224 228 146 160 169 173 213 192 216 211 173 168 224 162 121 238 191 151 239 102 183 166 121 206 182 155 136 235 211 157 133 240 209 182 158 128 228 182 233 199 164 136 232 213 185 145 137 233 187 123 133 219 188 159 127 170 146 169 180 141 121 212 193 130 243 190 205 161 207 184 207 172 158 230 194 136 198 203 135 120 221 163 134 182 123 215 167 134 0 

3750 0 99 3032
4780 0 1 4125
2578 0 2 4451
4916 0 3 3919
2713 0 4 4595
4722 0 6 4063
4551 0 7 3531
4857 0 8 4207
4356 0 9 3676
3770 1 11 3053
3269 1 12 5185
4714 2 14 3705
4213 2 15 3523
4520 2 16 3849
3125 3 18 5032
2955 3 19 2695
3261 3 20 5176
2760 3 21 2839
4683 4 23 4022
4182 4 24 3491
4011 4 25 3309
3510 4 27 2777
3817 4 28 3103
4932 5 29 4286
4761 5 31 4105
2559 5 32 4431
4567 5 33 3899
4396 5 34 3367
3895 5 35 3186
3308 6 37 5226
2807 6 38 4695
2636 6 39 4163
4645 6 40 3981
3250 6 42 5165
2749 6 43 4633
2578 6 44 4451
3693 7 46 2972
4000 7 47 3297
3499 7 48 2766
3328 7 99 5247
2827 7 1 4715
3134 7 2 5041
2963 7 3 4509
4971 7 4 4328
4470 7 5 3796
3884 8 7 3174
4998 8 9 4357
3934 9 10 2877
4241 9 11 3553
2847 10 13 4736
4855 10 14 4205
2653 10 16 4530
4097 11 17 3050
3596 11 18 2869
3903 11 20 3195
3402 11 21 2663
4847 12 22 3846
2645 12 23 4522
4653 12 25 3990
4152 12 26 3459
3981 12 27 3277
3395 13 29 5318
2894 13 30 4786
4902 13 31 4254
4731 13 32 4073
2529 13 34 4399
4537 13 35 3867
3950 14 36 3245
3779 14 38 2713
3278 14 39 5194
2777 14 40 2857
3414 14 41 4988
2913 14 42 4807
4921 14 43 4275
4335 15 45 3653
4164 15 46 3121
3663 15 47 2940
3162 15 99 5071
3469 15 0 2734
3298 15 1 5215
2797 15 2 4684
4805 15 3 4152
2933 15 5 4478
4048 16 6 3348
3547 16 7 3674
2960 17 9 4857
4968 17 10 5183
4382 18 12 3703
4211 18 13 3521
3710 18 14 2990
3124 19 16 5030
2623 19 17 4498
4961 19 18 4317
4767 20 21 4111
4596 20 22 3579
4095 20 23 3398
4402 20 24 3724
3007 21 26 4907
2836 21 27 4375
4844 21 28 4194
2642 21 30 4519
4980 21 31 3988
3586 22 32 5171
3893 22 34 3184
3392 22 35 5315
3221 22 36 4783
2720 22 37 2796
3027 22 38 4928
4142 23 40 3448
3971 23 41 2916
4278 23 42 3592
3777 23 44 3060
3276 23 45 5192
3913 23 46 2854
3412 23 47 2673
2911 23 48 4804
4025 24 0 3324
3439 25 2 2702
4884 26 3 3885
3489 27 5 3263
2903 28 6 4446
4911 28 8 4264
3517 29 9 3642
3824 29 10 3110
4938 30 12 4293
4767 30 13 4112
2565 30 14 4438
3680 31 16 2958
3179 31 17 5089
3816 31 18 2752
3229 32 20 4792
2729 32 21 4611
4737 32 22 4079
2864 32 24 4405
3979 33 25 2925
3478 33 26 2744
2977 33 28 3069
3614 33 29 5201
3113 33 30 5019
4228 34 32 3539
4535 34 33 3865
3141 34 35 5048
2970 34 36 4516
4978 34 37 4335
2775 34 38 4661
3890 35 40 3181
3719 35 41 5312
4026 35 42 3325
3525 35 43 2793
3354 35 44 4925
2853 35 46 4743
3160 35 47 5069
2659 35 48 4537
4104 36 0 3057
3603 36 1 3733
3910 36 2 3202
3409 36 3 2670
3238 36 4 2996
3545 36 6 2814
3044 36 7 4946
2873 36 8 4414
4881 36 9 4232
4295 37 11 3610
3794 37 12 3078
4908 38 14 4261
3036 38 15 4587
2535 38 16 4406
3650 39 18 2926
3957 39 19 3252
3786 39 20 2720
3285 39 21 5201
2699 40 23 4579
4707 40 24 4047
4536 40 25 3516
4035 40 26 3334
4342 40 28 3660
2947 41 29 4843
2776 41 30 4311
4784 41 32 4130
2582 41 33 4456
4920 41 34 3924
4419 41 35 3742
3025 42 37 4926
3332 42 38 5251
3161 42 39 4720
2660 42 40 2733
3689 42 43 5280
3188 42 44 5099
2687 42 45 4567
4610 43 47 3945
4439 43 48 3413
3938 43 99 4089
4245 43 0 3557
4074 43 1 3026
3573 43 2 2844
3880 43 4 3170
3379 43 5 5301
3208 43 6 5120
4323 44 8 3640
4630 44 9 3966
3235 45 10 5149
3064 45 12 4617
4987 46 13 3995
4486 46 15 3813
3985 46 16 3281
3399 47 17 5322
3228 47 19 4790
2727 47 20 4609
4735 47 21 4077
4148 48 23 3455
3977 48 24 2923
3476 48 25 2742
3783 48 26 3067
3282 48 27 5199
4727 99 29 3719
4226 99 30 3537
4533 99 31 3863
4032 99 32 3331
3861 99 34 3150
4168 99 35 3476

31062

91 995 23
21 984 22
17 976 38
66 964 27
62 961 46
28 947 45
25 933 31
71 927 20
68 917 39
64 909 29
48 906 48
16 898 33
13 886 32
69 878 22
54 875 41
23 869 26
20 866 46
6 857 35
58 855 24
55 837 49
26 826 39
87 823 28
95 820 47
59 808 33
22 800 22
19 797 41
96 791 31
39 789 20
27 786 35
1 777 25
99 769 44
43 760 33
31 757 28
29 748 48
5 740 37
38 728 26
35 717 42
12 711 41
10 708 30
41 699 49
74 697 35
97 693 24
53 682 43
93 680 33
84 662 22
3 660 37
37 650 27
94 642 26
9 639 45
60 631 30
32 619 20
14 611 39
44 608 28
42 602 44
76 599 33
85 593 22
67 590 21
52 573 37
8 570 26
33 553 45
86 541 34
81 533 24
63 524 39
40 522 29
83 510 48
18 502 47
77 493 32
49 489 21
57 484 41
51 481 30
4 473 46
75 464 44
36 461 34
2 450 23
15 444 38
78 436 28
65 432 47
45 426 36
50 415 26
72 407 41
34 395 30
11 392 20
79 383 39
92 375 34
82 372 23
80 343 43
88 340 32
7 335 47
90 326 37
98 323 26
47 314 45
30 309 35
24 306 20
73 303 39
70 298 38
61 294 28
46 286 43
89 274 32
56 265 22
0 0 0
