20 28 3

0 192 119 114 210 185 132 229 223 150 247 242 188 164 110 207 202 128 225 220 
167 0 238 233 160 155 102 246 173 168 115 211 187 133 230 205 151 146 243 170 
165 111 0 183 130 125 221 148 143 239 234 161 108 103 228 174 169 116 241 188 
183 129 206 0 148 123 219 166 161 238 184 179 126 101 197 144 139 216 211 157 
104 229 176 122 0 194 189 135 212 207 154 149 226 172 167 114 191 185 132 107 
204 150 145 222 217 0 110 235 182 129 123 200 195 142 238 214 160 107 232 178 
173 120 197 192 138 235 0 157 152 248 175 170 116 242 188 183 130 207 201 148 
143 220 166 161 108 185 180 0 101 198 145 139 216 211 158 153 230 176 171 118 
243 189 136 111 208 203 149 226 0 168 114 239 186 181 127 204 199 146 242 218 
164 159 236 182 177 124 249 196 142 0 214 161 156 102 227 174 120 246 192 139 
134 211 205 152 249 224 170 165 112 189 0 130 105 202 149 143 220 167 162 108 
234 180 127 122 198 193 140 237 212 158 153 0 225 172 118 243 190 136 131 208 
203 150 246 221 168 163 240 186 181 128 205 200 0 141 218 165 159 106 231 178 
124 100 196 191 138 215 209 156 151 228 174 169 116 0 188 134 109 206 153 147 
224 171 166 112 238 184 131 126 202 149 144 241 216 162 0 234 181 176 122 199 
194 140 237 212 159 154 100 177 172 119 215 190 137 132 209 0 150 247 174 169 
115 110 187 134 128 225 200 147 243 219 165 112 107 183 178 125 0 197 143 240 
235 162 157 103 200 175 121 116 193 140 135 231 158 153 100 245 171 0 113 209 
136 131 228 203 150 144 241 168 163 109 206 181 128 123 219 146 141 238 0 159 
106 101 178 173 119 216 191 138 132 229 156 151 247 222 169 116 111 187 134 0 

0 151 209 212 154 169 201 122 142 199 111 114 173 191 223 141 144 222 144 133 
175 0 132 125 183 186 244 127 175 174 236 158 167 205 117 136 198 197 109 166 
186 227 0 158 196 219 141 185 188 130 133 177 219 222 147 188 182 220 119 160 
154 221 149 0 210 229 141 183 172 110 172 171 203 222 144 202 205 133 132 194 
236 125 162 225 0 155 155 217 154 153 185 188 146 184 177 219 173 176 208 227 
165 207 200 134 127 0 231 126 158 199 223 156 159 191 109 148 190 222 117 179 
182 210 148 171 213 121 0 202 201 113 170 164 232 121 163 162 224 161 155 192 
186 123 185 184 216 154 173 0 224 146 204 207 135 134 196 199 127 165 188 230 
125 157 199 238 156 149 191 118 0 180 221 137 178 172 213 147 140 212 120 139 
171 174 128 170 163 201 120 162 194 0 151 192 186 224 143 185 213 111 173 215 
205 142 136 203 125 134 166 195 227 165 0 196 215 157 195 188 126 188 187 219 
118 176 217 211 148 168 210 122 136 199 202 0 129 170 232 127 159 201 194 158 
151 193 105 150 182 185 109 151 174 216 140 143 0 204 132 173 197 235 124 165 
227 242 154 157 216 153 146 188 208 145 177 176 208 0 169 207 216 138 206 199 
137 169 168 230 129 161 198 222 159 187 190 133 151 179 0 140 178 172 213 141 
170 212 124 139 201 204 236 170 163 205 147 162 203 197 160 0 195 107 161 184 
226 215 153 215 218 126 145 207 125 134 176 238 237 165 168 200 0 157 198 137 
140 187 191 219 140 180 217 220 148 190 209 131 179 182 240 123 171 0 232 154 
211 201 122 162 199 193 115 192 191 223 145 154 222 216 137 211 214 126 0 173 
215 248 172 175 207 129 164 206 199 117 195 198 110 125 187 228 222 155 217 0 

521 0 12 922
900 0 12 795
608 1 13 1017
669 1 13 716
712 12 13 764
932 12 14 1005
657 12 14 1071
542 13 14 576
667 13 15 643
552 13 15 884
930 14 15 932
496 14 16 1069
716 14 16 593
776 14 16 659
820 15 16 707
881 15 17 774
512 15 17 1015
890 15 17 713
951 15 18 954
500 16 18 1002
561 16 18 597
780 16 19 664
841 16 19 730
901 16 19 796
532 16 19 1038
576 17 0 911
955 18 0 959
933 19 1 832

5940

7 981 31
18 940 30
14 848 29
2 756 24
1 716 43
13 690 42
11 673 41
10 647 27
8 632 26
19 624 25
6 615 40
4 599 39
3 589 28
15 581 27
5 457 43
17 423 42
16 299 31
12 282 36
9 273 25
0 0 0
