1.289408618e+00 1.638158219e+00 1.621957286e+00 
1.243210182e+00 1.593742289e+00 1.363865490e+00 
1.226107013e+00 1.570300548e+00 1.242057438e+00 
1.226527194e+00 1.587030548e+00 1.319261126e+00 
1.333998620e+00 1.648818043e+00 1.711680042e+00 
1.260470354e+00 1.570646005e+00 1.248358427e+00 
1.249954537e+00 1.617430785e+00 1.477498839e+00 
1.284495213e+00 1.674480580e+00 1.876616701e+00 
1.238093463e+00 1.597147510e+00 1.391888307e+00 
1.262110415e+00 1.596654000e+00 1.371111627e+00 
1.240768163e+00 1.623698366e+00 1.542282948e+00 
1.340862704e+00 1.604500814e+00 1.451167341e+00 
1.263599120e+00 1.586734442e+00 1.315795583e+00 
1.254274945e+00 1.617874944e+00 1.509434901e+00 
1.295327295e+00 1.609090460e+00 1.464084367e+00 
1.274529471e+00 1.582046094e+00 1.320935863e+00 
1.299320143e+00 1.593544885e+00 1.396630629e+00 
1.256963199e+00 1.614420372e+00 1.506914506e+00 
1.269986547e+00 1.609386567e+00 1.483733501e+00 
1.263808081e+00 1.606178749e+00 1.444368906e+00 
1.237061083e+00 1.575877215e+00 1.283163096e+00 
1.305447781e+00 1.637566007e+00 1.645055382e+00 
1.246057698e+00 1.573261610e+00 1.254792067e+00 
1.250011013e+00 1.652173913e+00 1.712824169e+00 
1.302665777e+00 1.590337068e+00 1.364445845e+00 
1.265925928e+00 1.580614914e+00 1.288054653e+00 
1.242089700e+00 1.600256625e+00 1.410509385e+00 
1.242601371e+00 1.570843409e+00 1.245324003e+00 
1.254243319e+00 1.651631052e+00 1.695247728e+00 
1.238511385e+00 1.627794502e+00 1.583637328e+00 
1.234250841e+00 1.610965800e+00 1.450106122e+00 
1.250783603e+00 1.548289987e+00 1.102142336e+00 
1.289966600e+00 1.669742881e+00 1.756997413e+00 
1.249207925e+00 1.590139663e+00 1.360234131e+00 
1.280233539e+00 1.602822879e+00 1.436492671e+00 
1.289757639e+00 1.687805360e+00 1.884277376e+00 
1.224036605e+00 1.625968514e+00 1.533395238e+00 
1.233350615e+00 1.602378720e+00 1.416744047e+00 
1.228399935e+00 1.566549869e+00 1.209773164e+00 
1.246367186e+00 1.556186152e+00 1.122023612e+00 
1.236264773e+00 1.632334797e+00 1.569924388e+00 
1.241759880e+00 1.582539604e+00 1.289414340e+00 
1.231114168e+00 1.663228545e+00 1.713139219e+00 
1.217878471e+00 1.612002171e+00 1.439212045e+00 
1.232901067e+00 1.628041257e+00 1.534688599e+00 
1.270454168e+00 1.712283472e+00 2.000000000e+00 
1.249809959e+00 1.616937275e+00 1.454583140e+00 
1.219657462e+00 1.633963382e+00 1.579624594e+00 
1.239369819e+00 1.623352909e+00 1.477498839e+00 
1.231210177e+00 1.604500814e+00 1.356138489e+00 
1.227509875e+00 1.599960519e+00 1.348593885e+00 
1.210709417e+00 1.618072349e+00 1.385056709e+00 
1.214642400e+00 1.615456744e+00 1.418369039e+00 
1.207078015e+00 1.587770814e+00 1.207849705e+00 
1.246980515e+00 1.659379164e+00 1.605773695e+00 
1.224440973e+00 1.606820313e+00 1.292282948e+00 
