1966.15 7679 30983
1660.92 7528 30693
2887.5 7307 30397
1895.78 7443 30363
1585.1 7394 30305
1891.38 7381 30147
2349.8 7197 30067
1575.78 7218 30015
2356.12 7177 30009
1476.77 7140 29949
1758.3 7041 29719
1582.88 7000 29659
1920.83 6904 29363
2183.25 6865 29357
1562.03 6909 29355
1532.08 6895 29297
2244.37 6858 29081
1787.13 6881 29024
1915.45 6720 29001
1702.17 6734 28999
1544.18 6720 28993
1320.1 6744 28933
1919.73 6703 28660
1468.72 6563 28637
1349.42 6606 28536
1454.32 6553 28304
2230.1 6425 28240
1611.68 6414 28158
1512.28 6397 28131
1855.33 6378 27885
2699.48 6264 27841
1452.77 6243 27835
1336.47 6276 27761
1422.67 6189 27753
1164.52 6255 27625
2278.42 6077 27436
1760.5 6104 27422
1345.25 6100 27370
2445.45 6051 27356
1527.68 6095 27187
1764.6 5918 27023
1625.45 5982 26957
1247.65 5965 26916
1551.17 5953 26891
1115.73 5965 26813
1291.18 5896 26618
1359.23 5796 26578
1772.77 5776 26558
1456.62 5752 26478
2057.22 5729 26130
2030.82 5686 26113
1601.27 5635 26079
1410.4 5616 25937
1664.05 5601 25863
1754.88 5585 25849
1834.92 5576 25756
1520.5 5613 25748
1255.92 5595 25712
1792.92 5515 25634
1189.15 5500 25556
1124.42 5540 25529
1453.8 5475 25458
1326.33 5451 25450
1214.33 5491 25423
1411.77 5442 25343
1533.98 5432 25186
1299.35 5348 25128
1398.68 5328 25005
1824.25 5325 24944
1672.32 5302 24829
1367.97 5265 24680
1511.78 5235 24663
1833.33 5216 24605
1288.35 5183 24574
1723.8 5167 24430
2002.67 5144 24421
1115.8 5107 24257
1245.78 5080 24166
2072.17 5071 24157
1554.85 5033 24091
1245.02 5034 24060
1506.85 5005 23985
1485.67 4977 23937
1185.28 4985 23876
1168.35 4997 23802
1292.57 4961 23709
1129.52 4923 23643
1252.18 4918 23612
1701.45 4907 23537
1545.15 4843 23431
1393.67 4888 23322
1258.57 4861 23296
1103.52 4921 23197
1034.07 4775 23097
1553.65 4739 23089
1416.18 4745 22983
2171.92 4718 22851
1571.77 4735 22689
1698.98 4651 22652
1667.85 4726 22643
1104.63 4745 22535
1213.55 4658 22532
1149.43 4621 22526
2261.15 4614 22460
1131.02 4644 22403
1343.18 4576 22271
1504 4573 22244
1226.92 4591 22136
1180.98 4511 22037
1792.62 4494 21972
2179 4476 21897
2019.77 4492 21880
1651.98 4434 21796
1089.98 4454 21691
1212.28 4364 21357
2248.1 4316 21340
1211.87 4369 21334
1143.63 4408 21323
1102.67 4380 21239
1414.32 4337 21233
1740.25 4324 21168
1616.18 4275 21084
1245.35 4252 21001
1599.35 4227 20812
1159.93 4287 20795
1552.42 4176 20676
1325.75 4167 20605
1282.17 4219 20567
1865 4130 20521
1136.13 4151 20363
1580.75 4145 20320
1281.78 4130 20174
1684.12 4063 20096
1256.82 4117 20056
1158.63 4145 20053
1967 4044 19987
1159.35 3978 19964
1964.17 3965 19832
1145.6 4018 19780
1016.08 4105 19763
1737 3953 19648
1434.62 3926 19625
1273.27 3867 19384
1587.17 3815 19292
1141.75 3899 19275
1287.25 3864 19226
1006.93 3815 19185
1209.67 3773 19053
1002.55 3765 18829
1657.42 3730 18712
1027.37 3734 18688
1453.57 3726 18677
1719.17 3671 18654
1348.28 3702 18594
983.85 3689 18579
939.45 3640 18424
1654.67 3606 18315
1379.95 3631 18163
1700.67 3559 17962
977.7 3571 17922
1204 3504 17914
2037.17 3487 17830
1136.83 3538 17591
894.667 3500 17583
1038.7 3458 17528
1525.67 3448 17419
1941.33 3414 17318
1375.67 3381 17292
1918.33 3378 17250
1353.33 3378 17195
1075.87 3407 17152
1455.33 3312 17137
1152.17 3323 17069
920.5 3314 16962
1534 3247 16580
1345 3242 16471
1717.33 3215 16460
1109.92 3265 16417
1034.95 3201 16413
866.3 3215 16405
1675 3154 16290
1341.53 3180 16232
1078.77 3141 16172
878.083 3214 16078
971.8 3132 16066
1229.17 3124 15968
1223.17 3111 15951
2087 3107 15914
1628.67 3103 15865
1156.92 3112 15854
2069 3053 15824
1390.17 3031 15776
1697.5 2975 15741
1357.17 3040 15592
902.333 3084 15575
1687.17 2977 15534
1313.87 3075 15517
929.633 2984 15445
1908 2901 15184
1197.1 2968 15139
1291.67 2926 15135
1218.42 2956 15116
1506 2885 15112
800.833 2885 15009
1439.6 2850 14954
1340 2806 14879
1259.17 2800 14773
1883 2774 14489
1416.67 2788 14469
1140.62 2780 14443
1044.58 2734 14428
1008.85 2702 14273
1269.75 2687 14058
1067.17 2629 13774
1606 2575 13716
1009.75 2577 13593
901.333 2525 13377
1804 2520 13343
1218 2503 13053
1647 2462 13001
1121.25 2452 12926
1733 2433 12878
1605 2446 12820
1700 2432 12651
1252.83 2435 12536
1582 2396 12344
1684 2367 12328
943.25 2440 12277
1153.33 2363 12273
1141 2322 12271
1286.67 2302 12105
1284 2319 11936
1589 2291 11821
1434 2204 11650
1173.17 2209 11483
1136.17 2168 11481
1424 2162 11321
1411 2158 11300
1511 2131 11223
1510 2122 11217
1180.67 2162 11157
1398 2145 11140
1490 2074 11093
845.083 2060 10935
1450 2009 10749
1438 2051 10636
1313 2022 10591
1297 1989 10410
1391 1961 10378
1104 1955 10226
1268 1950 10094
1121.33 1936 10045
928.833 1995 9994
1216 1876 9930
1351 1871 9859
1087.33 1878 9804
918.167 1827 9754
1287 1822 9537
787.667 1825 9373
1118 1784 9104
1252 1719 9072
853.167 1701 9022
1004.67 1687 8971
757.833 1716 8735
969.667 1695 8700
746.833 1679 8683
1069 1669 8643
1047.5 1643 8549
1008 1595 8323
934.5 1651 8227
720.667 1618 8143
1034 1590 8133
869.333 1537 8077
1098 1505 7976
1096 1535 7899
1069 1481 7810
957.5 1526 7704
706.167 1540 7569
1056 1488 7520
1052 1520 7495
936.5 1455 7375
799.667 1379 7244
683.333 1378 6865
715 1305 6820
592.667 1293 6429
816 1274 6406
795 1258 6314
784 1239 6288
880 1208 6197
879 1215 6156
756 1192 6105
853 1187 6000
561 1172 5923
838 1160 5800
826 1102 5509
806 1079 5458
801 1127 5418
795 1093 5375
772 1078 5360
751 1062 5268
746 1028 5104
525 1033 4984
574.5 995 4651
707 952 4628
686 936 4536
675 917 4510
666 922 4485
645 906 4393
629 844 4203
628 910 3912
619 873 3893
612 800 3738
611 807 3697
608 839 3649
591 784 3646
576 805 3640
555 789 3548
554 762 3352
551 746 3269
468 731 3220
525 706 3163
515 721 3123
513 671 2818
482 629 2741
481 636 2700
461 613 2649
429 579 2640
423 617 2159
361 561 2059
403 487 1827
396 505 1819
364 471 1810
343 455 1718
334 447 1471
327 456 1309
324 475 985
238 291 948
206 252 830
202 239 557
