2264 5161 10149
1790.5 4845 9865
1638.5 4648 9555
2042 4607 9530
1554.75 4666 9520
1531.75 4693 9504
1959 4356 9236
1898 4410 9220
1538 4386 9151
1827 4142 8901
1800 4120 8867
1799 4124 8827
1583 4139 8783
1551 3835 8548
1535 3868 8508
1472.33 3829 8499
1253.75 3899 8442
1450 3585 8155
1622 3564 8106
1418 3614 8074
1224 3626 8005
1305 3345 7721
1298 3361 7612
1028.33 3358 7363
1118.33 3080 7328
1038 3089 7193
983 3106 7044
1018.75 3075 7010
840.75 3122 6909
1337 2780 6892
1037.33 2793 6851
1311 2788 6783
885 2790 6716
1234 2514 6415
1025 2553 6323
751 2541 6064
735.5 2264 5887
1130 2256 5763
720 2304 5671
1005 2000 5235
993 1997 5060
983 2016 5035
725 2032 4960
707.5 2007 4861
773.667 2001 4744
685.25 2033 4701
622 1742 4667
496 1760 4483
400.583 1775 3934
398.25 1781 3751
546 1453 3742
393.333 1510 3740
533.5 1486 3208
510 1203 3174
389 1213 3014
381.667 1224 2922
309.083 1242 2457
338.667 971 2247
496 959 1688
294 643 1587
302 439 752
290 449 660
220 499 568
210 521 353
