833 1446 4357
729 1735 4357
740.667 1765 4859
823.5 1063 3636
1561 1257 4859
1041 999 3740
953.5 1295 4242
1134 1604 4859
946 1040 3519
916.167 1345 4297
605 1041 2932
801 808 2593
818.5 855 2853
1108 1016 3795
652 1031 2913
1081 994 3519
814 1204 3740
820 935 3189
517.667 1104 2872
557 1520 3434
1026 1118 3795
787.167 1100 3371
1512 1051 4253
732 1225 3519
577 1523 3740
877 1058 3740
609 1282 3740
812.667 1717 4859
519.667 1298 3404
797 1309 3795
932.167 1338 4297
783 1494 4357
913 1382 4357
1062 995 3636
1182.17 1489 4859
986 804 3189
1353.67 1276 4859
727.5 920 3074
670 1062 3178
634.5 967 2765
1058 1073 3795
1165 990 3795
638 1091 3178
936 855 3178
699 983 2932
1118 1304 4357
1262 1151 4357
782.5 1386 4242
596 1128 3178
736.5 1249 3691
719.5 1177 3404
1017 1139 3795
1024 1031 3751
1031 1690 4859
1191.17 1455 4859
730.167 1202 3459
657.5 1205 3316
967 809 3178
588.667 1553 4242
749.5 873 3074
1058 1365 4357
528.167 1008 2842
588.667 881 2478
697 1234 3404
807.5 865 2853
744 919 2825
662.5 967 2798
853.5 1157 3691
822.5 1373 4021
767 986 3189
539.5 984 2798
812.167 1087 3680
958 1051 3740
657.667 1136 3316
699.5 1430 4242
1494 1054 4297
728.5 1239 3680
685 989 2932
654.5 899 2710
1083 980 3751
1393 1058 4253
1337 1102 4357
950 841 3189
697.167 1181 3371
593 1389 3636
646 1101 3189
1116 1634 4859
663 740 2340
671 1257 3740
538 833 2370
1089 958 3636
1172 977 3680
1106 1654 4859
1181 1158 4357
1365 832 3691
794.5 1195 3636
520.5 986 2710
1130 714 2853
675 1336 3751
1208 880 3751
1263 912 3795
1158 940 3415
780 1547 4253
612.167 1245 3680
834 1281 3795
711 701 2340
534.167 992 2842
670.5 955 2798
982 965 3431
628 692 1976
706 954 3134
1061 732 3074
622 1035 3134
707 674 2252
689.5 949 2853
915 885 3189
1054 745 3189
722 1001 3178
593 979 2902
678 865 2814
1476 1077 4297
1116.17 1187 4297
648.5 655 2148
738 1284 3751
549.5 1057 3074
967.167 1287 4242
899 572 2351
505 705 1976
749 1606 4253
763 1009 3189
583.5 698 1927
477.5 1048 2798
973 762 2913
633 743 2572
1015 1025 3740
602.5 975 2710
838 904 3134
876 579 2208
812 1303 3795
1319 1125 4357
526.5 1270 3404
884 861 3178
1188 961 3795
514.667 1109 2872
770 666 2351
904 780 3134
404.333 1084 2340
617.667 690 1916
785 667 2381
455 890 2266
1017 1120 3751
1160 1258 4357
626.5 957 2754
812 653 2381
840 583 2252
616 791 2572
991 1147 3795
914 1217 3795
836 1220 3751
830 590 2572
412.667 853 1946
751 672 2296
1049 1088 3795
1245 935 3795
741 993 3178
693 650 1987
614 1109 3134
715 684 2263
543 770 2208
1134 690 3189
350 639 1340
424.5 988 2478
535 838 2370
459 909 2572
510.167 989 2754
628 663 1872
601 703 2208
742 679 2266
538 1108 2902
620 701 2296
532 1120 3134
387 900 2296
436 1122 2902
568 806 2252
583 818 2381
1382.67 1085 4297
664 1078 3178
355.333 862 1734
721.5 1230 3636
343.833 728 1310
447.5 775 2148
433 582 1444
402 649 1488
844 1255 3795
532 864 2340
777 653 2236
546 478 926
941 835 3178
973 805 3178
600 437 1310
362 678 1532
465.5 794 2236
348 696 1532
456 483 1370
369.5 522 1310
701.667 962 2872
610 1117 3178
560 822 2263
432.167 736 1916
618 786 2370
862 920 3189
683 692 2208
481 567 1764
442 626 1488
381 656 1734
423 628 1400
770 635 1927
811 963 3178
613 791 2263
632 775 2370
546 511 1734
717 717 2351
561 484 1414
778.167 1038 3316
622.667 697 1946
445.667 854 2034
528 879 2326
197 488 926
665 1073 3189
528 492 1646
691 721 2572
327 630 1168
375.5 766 1872
664 415 1425
817 628 2381
478 567 1455
427 249 0
507 553 1764
402 302 838
427 298 617
278 370 0
450 206 0
197 444 0
260 422 606
281 354 0
450 239 808
260 393 0
281 384 502
402 270 0
278 408 562
343.667 598 1108
706 402 1455


742 1286 3751
972.5 1058 3636
1147.67 967 3459
657.667 1136 3316
801 808 2593
1180 960 3680
830 1186 3740
686.667 945 2754
1041 1371 4357
704.5 1174 3404
1063.5 981 3691
552.5 1026 3074
1018.67 1032 3459
838 904 3134
935.5 1333 4253
749.5 1437 4021
706 945 2814
609 1282 3740
748.167 1168 3459
817.5 820 2710
1393 1058 4253
1517 1296 4859
1024 1031 3751
941 835 3178
862 920 3189
1188 961 3795
646 1101 3189
781.5 869 3074
821.667 1787 4859
812.167 1087 3680
648.5 655 2148
726.167 1416 3933
1238.17 1350 4859
794 1300 3795
967.167 1287 4242
833 1446 4357
716.5 942 2798
1508 1332 4859
588.667 881 2478
732 1225 3519
1062 995 3636
709 1063 3189
706 954 3134
701.667 962 2872
1121 962 3431
763 1009 3189
519.667 1298 3404
727.5 920 3074
836 1220 3751
830 1263 3795
1166 1247 4357
782.5 1386 4242
908.167 1645 4859
1169 1008 3795
722 1001 3178
1263 912 3795
1208 880 3751
1045 1093 3795
593 979 2902
1009 1115 3740
885.5 1118 3691
822.5 1373 4021
671 1257 3740
868 1181 3751
828.167 1672 4859
989.167 1556 4859
744 919 2825
916.167 1345 4297
799.167 1437 4297
746 1187 3740
807.5 865 2853
850.5 824 2765
610 1117 3178
710 1195 3431
1365 832 3691
756 1284 3751
1277.5 1132 4253
736.5 1249 3691
768.667 1165 3434
623.167 1185 3404
1005.17 1538 4859
973 762 2913
603.667 1302 3434
1006 1123 3795
896.5 1085 3636
615.167 1240 3680
1130 714 2853
568 806 2252
932 1189 3795
818.5 855 2853
596 1128 3178
1245 935 3795
857.167 1383 4242
685.167 1456 4242
1086.5 969 3691
929.5 1089 3691
749 1606 4253
874 1253 3795
772 1183 3519
1034 1012 3740
870.167 1053 3459
1005 1045 3519
1120.5 1253 4253
986 804 3189
700.5 1215 3415
663 1601 4021
732 914 2814
1127 1291 4357
404.333 1084 2340
835.167 1434 4297
733.167 1169 3404
1077 1054 3795
969 1160 3795
436 1122 2902
628 692 1976
701.167 1438 4242
730.5 1164 3327
1133 1024 3795
730.167 1202 3459
628 663 1872
612.167 1245 3680
1187 981 3795
742 679 2266
1149.17 1157 4297
685 989 2932
528 879 2326
626.5 957 2754
921 1129 3751
665 1073 3189
904 780 3134
577.167 1197 3316
697 918 2710
583 818 2381
770 635 1927
532 1120 3134
514.667 1109 2872
717 717 2351
707 674 2252
528.167 1008 2842
538 833 2370
438.167 980 2478
477.5 1048 2798
964 1182 3795
736 1042 3189
741 993 3178
876 579 2208
853.5 1157 3691
445.667 854 2034
387 900 2296
583.5 698 1927
510.167 989 2754
1079 1323 4357
534.167 992 2842
517.667 1104 2872
412.667 853 1946
740.5 1220 3636
1367 1098 4357
617.667 690 1916
1210 1219 4357
634.5 967 2765
620 701 2296
846 1182 3751
662.5 967 2798
724.5 920 2765
895 1404 4357
597.5 1148 3316
783 1320 3795
973 805 3178
691 721 2572
846 827 2814
1061 732 3074
1134 690 3189
715 684 2263
770 666 2351
795 970 3189
1284 1149 4357
767 917 2825
790.167 1100 3680
899 572 2351
423 628 1400
967 809 3178
905 897 3189
683 692 2208
632 775 2370
532 864 2340
539.5 984 2798
950 841 3189
1278 905 3795
1121 1047 3795
505 705 1976
840 583 2252
1125 1043 3795
884 861 3178
560 822 2263
785 667 2381
693 650 1987
817 628 2381
355.333 862 1734
459 909 2572
424.5 988 2478
751 672 2296
432.167 736 1916
618 786 2370
689.5 949 2853
918.5 1077 3636
520.5 986 2710
830 967 3189
350 639 1340
602.5 975 2710
622 1035 3134
711 701 2340
455 890 2266
543 770 2208
526.5 1270 3404
1096.67 1296 4297
706 402 1455
670.5 955 2798
622.667 697 1946
1054 745 3189
528 492 1646
919 848 3178
938 843 3189
664 415 1425
433 582 1444
663 740 2340
613 791 2263
442 626 1488
697 965 3134
343.833 728 1310
348 696 1532
549.5 1057 3074
402 649 1488
633 743 2572
601 703 2208
447.5 775 2148
481 567 1764
700 1066 3178
614 1109 3134
343.667 598 1108
381 656 1734
840 938 3189
728.5 1239 3680
327 630 1168
830 590 2572
507 553 1764
369.5 522 1310
375.5 766 1872
812 653 2381
600 437 1310
281 384 502
924 1213 3795
260 422 606
456 483 1370
362 678 1532
478 567 1455
260 393 0
427 249 0
465.5 794 2236
616 791 2572
535 838 2370
546 511 1734
197 444 0
281 354 0
777 653 2236
427 298 617
561 484 1414
450 206 0
197 488 926
278 370 0
278 408 562
450 239 808
402 302 838
402 270 0
546 478 926


1286 1136 3933
738 1284 3751
977 1144 3795
936 1110 3751
815.667 1090 3316
836 1080 3316
1187 972 3740
1198 951 3680
1262 1151 4357
534.167 992 2842
1337 1102 4357
651.5 1197 3316
689.5 949 2853
772 1183 3519
726.167 1416 3933
1494 1054 4297
1088 1216 4357
697 965 3134
958 1051 3740
1512 1051 4253
790.167 1100 3680
892.5 1045 3415
782.5 1386 4242
699.5 1430 4242
744 919 2825
836 1220 3751
722 1001 3178
701.667 962 2872
982 965 3431
934 1132 3751
588.667 1553 4242
1208 880 3751
538 1108 2902
1382.67 1085 4297
974 1152 3795
862 920 3189
913 1382 4357
628 663 1872
1059 1015 3751
833 1446 4357
670 1062 3178
424.5 988 2478
577.333 1244 3178
1131 954 3431
728.5 1239 3680
765.667 1097 3404
1067 1065 3795
771.5 1360 3933
1061 732 3074
876 579 2208
877 1058 3740
986 1137 3795
1136 1177 4357
1188 961 3795
1021 1122 3795
799.167 1437 4297
1089 958 3636
622.5 1268 3636
928 1205 3751
1118.67 1158 4021
648.5 655 2148
801 808 2593
997 1309 4357
807.5 865 2853
614 1109 3134
609 1282 3740
1053.5 973 3691
817.5 820 2710
622 1035 3134
844 1255 3795
1365 832 3691
519.667 1298 3404
811 963 3178
532 864 2340
596 1128 3178
1034 1102 3751
950 841 3189
931 1180 3795
691 721 2572
675 1336 3751
1103 1033 3795
404.333 1084 2340
549.5 1057 3074
830 1263 3795
709 1063 3189
791 1508 4357
526.5 1270 3404
732 1225 3519
741 993 3178
1160.17 1168 4297
710 1195 3431
532 1120 3134
1181 1158 4357
477.5 1048 2798
583 818 2381
436 1122 2902
505 705 1976
685 989 2932
938 843 3189
1041 999 3740
957 1328 4357
638 1091 3178
795 970 3189
455 890 2266
846 827 2814
1049 1088 3795
1158 940 3415
438.167 980 2478
617.667 690 1916
678 865 2814
593 979 2902
884 861 3178
946 1040 3519
1004.17 1276 4297
838 904 3134
588.667 881 2478
539.5 984 2798
817 628 2381
941 835 3178
1018.67 1032 3459
739.5 1218 3691
1160 965 3691
520.5 986 2710
986 804 3189
1038 1249 3933
670.5 955 2798
700.5 1215 3415
1083 980 3751
663.5 1202 3327
610 1117 3178
1476 1077 4297
1289 916 3795
355.333 862 1734
1130 714 2853
1097 1049 3795
794 1300 3795
445.667 854 2034
620 701 2296
722.5 1184 3327
753 985 3178
744 988 3178
749.5 873 3074
432.167 736 1916
785 1315 3795
711 701 2340
967 809 3178
1134 690 3189
602.5 975 2710
1220 947 3795
775.5 1207 3680
654.5 899 2710
632 775 2370
840 583 2252
933.167 1250 4242
817.167 1434 4297
904 780 3134
785 667 2381
820 935 3189
1108 1016 3795
543 770 2208
387 900 2296
343.833 728 1310
936 855 3178
665 1073 3189
412.667 853 1946
459 909 2572
343.667 598 1108
973 762 2913
375.5 766 1872
634.5 967 2765
742 679 2266
616 791 2572
693 650 1987
327 630 1168
783 1116 3740
663 740 2340
478 567 1455
622.667 697 1946
350 639 1340
751 672 2296
707 674 2252
561 484 1414
381 656 1734
423 628 1400
348 696 1532
628 692 1976
433 582 1444
680 1266 3740
946 1165 3795
546 478 926
552.5 1026 3074
535 838 2370
618 786 2370
706 954 3134
528 879 2326
830 590 2572
601 703 2208
613 791 2263
715 684 2263
818.5 855 2853
899 572 2351
896 1213 3795
633 743 2572
447.5 775 2148
583.5 698 1927
646 1101 3189
369.5 522 1310
664 415 1425
717 717 2351
568 806 2252
507 553 1764
1054 745 3189
763 1009 3189
812 653 2381
517.667 1104 2872
683 692 2208
538 833 2370
197 488 926
510.167 989 2754
770 635 1927
770 666 2351
1165 986 3795
560 822 2263
402 270 0
528 492 1646
402 649 1488
456 483 1370
706 402 1455
260 393 0
546 511 1734
812 925 3178
600 437 1310
450 206 0
465.5 794 2236
442 626 1488
427 249 0
260 422 606
481 567 1764
777 653 2236
427 298 617
402 302 838
450 239 808
278 370 0
278 408 562
281 384 502
362 678 1532
197 444 0
281 354 0


812.167 1087 3680
717 717 2351
706 945 2814
946 1165 3795
787.5 1113 3636
577.333 1244 3178
1103 1033 3795
709 1063 3189
613 791 2263
624 1031 2932
588.667 1553 4242
1092.5 1213 4253
626.5 957 2754
1034 1012 3740
887 1181 3740
1188 961 3795
1208 880 3751
1058.17 1224 4242
1367 1098 4357
969 1160 3795
716.5 942 2798
812 1303 3795
1004.17 1276 4297
675 1336 3751
728.5 1239 3680
1062 995 3636
622.5 1268 3636
783 1494 4357
1284 1149 4357
968.5 1391 4253
1149.17 1157 4297
753.5 1479 4242
654.5 899 2710
1130 714 2853
999 1139 3795
938 843 3189
1365 832 3691
1278 905 3795
1245 935 3795
685.5 980 2853
941.5 1424 4253
733.167 1169 3404
1054 745 3189
836 1220 3751
1039 1099 3795
514.667 1109 2872
689.667 1496 4021
628 692 1976
743.667 1462 4021
972.5 1032 3636
1041.5 988 3327
973.5 1028 3691
986 804 3189
683 1073 3189
1586 1326 4859
812 925 3178
754.667 1433 4242
730.5 1164 3327
1121 962 3431
602.5 975 2710
1263 912 3795
1169 1008 3795
568 806 2252
706 954 3134
711.167 835 2754
1187 972 3740
1507 1368 4859
1200 1227 4357
726.167 1416 3933
1134 690 3189
588.667 881 2478
1272.17 1400 4859
664 1078 3178
846 1182 3751
628 663 1872
701.667 962 2872
1031.17 1262 4297
933.667 1699 4859
950 841 3189
922.5 1346 3933
783 1320 3795
741 993 3178
919 848 3178
970.667 1671 4859
1061 732 3074
622.667 697 1946
617.667 690 1916
534.167 992 2842
744 919 2825
667.5 992 2853
549.5 1057 3074
921 1129 3751
1382 1394 4859
1087.17 1468 4859
853.5 1157 3691
742 1286 3751
795 970 3189
884 1238 3795
697 1234 3404
916.667 1705 4859
721.5 1230 3636
703.5 1121 3316
967 809 3178
942 1191 3795
445.667 854 2034
763 1009 3189
505 705 1976
609 1282 3740
605 1041 2932
638 1091 3178
991 1146 3795
714.5 1215 3415
693 650 1987
742 679 2266
847.5 1171 3691
662.5 967 2798
1086.5 969 3691
707 674 2252
817 628 2381
941 835 3178
601 703 2208
614 1109 3134
959 1434 4357
904 780 3134
1075 1095 3751
970 1351 4357
1042 1290 4357
890 1810 4859
876 579 2208
620 701 2296
838 904 3134
689.5 949 2853
1087 1060 3795
799.167 1437 4297
343.833 728 1310
733.5 1164 3636
884 861 3178
1276 1174 4357
1062 998 3740
770 666 2351
751 672 2296
1216 1216 4357
560 822 2263
355.333 862 1734
722 1001 3178
973 762 2913
915 885 3189
477.5 1048 2798
818.5 855 2853
811 963 3178
679.5 935 2754
670.5 955 2798
543 770 2208
1058.17 1233 4297
905 897 3189
840 583 2252
539.5 984 2798
781.5 869 3074
830 967 3189
532 864 2340
1023 1117 3795
532 1120 3134
538 833 2370
447.5 775 2148
1187 981 3795
520.5 986 2710
892 1231 3795
327 630 1168
924 1213 3795
671 1257 3740
790.167 1100 3680
622 1035 3134
715 684 2263
844 1274 3795
913.167 1034 3371
517.667 1104 2872
669 984 2902
663 740 2340
724.5 920 2765
806.5 1409 4242
618 786 2370
933.167 1250 4242
538 1108 2902
711 701 2340
697 965 3134
438.167 980 2478
746.667 1507 4242
979 1049 3740
929.5 1089 3691
736 1042 3189
670 1062 3178
777 653 2236
512.5 1262 3404
632 775 2370
436 1122 2902
812 653 2381
850.5 824 2765
899 572 2351
844.167 1057 3680
561 484 1414
732 914 2814
727.5 920 3074
779.167 1130 3404
412.667 853 1946
375.5 766 1872
583.5 698 1927
369.5 522 1310
633 743 2572
719.5 1177 3404
596 1128 3178
823.5 1063 3636
770 635 1927
343.667 598 1108
465.5 794 2236
630.5 984 2842
535 838 2370
932 1369 4242
830 590 2572
423 628 1400
424.5 988 2478
528.167 1008 2842
528 879 2326
404.333 1084 2340
616 791 2572
746 1187 3740
685 989 2932
785 667 2381
456 483 1370
600 437 1310
402 649 1488
387 900 2296
432.167 736 1916
459 909 2572
546 511 1734
348 696 1532
481 567 1764
648.5 655 2148
507 553 1764
840 938 3189
583 818 2381
973 805 3178
691 721 2572
362 678 1532
749.5 873 3074
683 692 2208
281 354 0
478 567 1455
433 582 1444
281 384 502
197 444 0
278 408 562
402 302 838
278 370 0
510.167 989 2754
528 492 1646
706 402 1455
350 639 1340
450 239 808
427 298 617
546 478 926
260 422 606
455 890 2266
260 393 0
442 626 1488
402 270 0
427 249 0
381 656 1734
664 415 1425
450 206 0
197 488 926


957 1328 4357
1382.67 1085 4297
514.667 1109 2872
697 1234 3404
926.5 1368 4253
1393 1058 4253
625.5 1237 3636
626.5 957 2754
1022.5 1316 4297
738 1284 3751
763 1009 3189
622.5 1268 3636
1263 912 3795
678 865 2814
877.5 1334 4242
1173 1249 4357
689.5 949 2853
1181 1158 4357
838 1290 3795
1158 940 3415
787.5 1113 3636
798 933 3178
404.333 1084 2340
1089 958 3636
833 1446 4357
954 1431 4357
1024 1031 3751
1188 961 3795
812 925 3178
727.5 920 3074
953.5 1308 3933
717.5 1216 3680
982 965 3431
744 919 2825
634.5 967 2765
1071 1086 3795
663 1331 3740
1512 1051 4253
1180 960 3680
1187 980 3751
946 1040 3519
1262 1151 4357
783 1116 3740
1131 954 3431
622.667 697 1946
597.5 1148 3316
940.5 1405 4297
820 935 3189
1084.5 1269 4297
790.167 1100 3680
896.5 1085 3636
1169 1008 3795
1061 732 3074
706 954 3134
583 818 2381
967 809 3178
722 1001 3178
884 861 3178
1208 880 3751
812.167 1087 3680
986 1051 3740
670.5 955 2798
938 843 3189
602.5 975 2710
709 1063 3189
1365 832 3691
904 780 3134
670 1062 3178
801 808 2593
549.5 1057 3074
560 822 2263
907 1059 3519
818.5 855 2853
794 1300 3795
1277.5 1132 4253
946 1165 3795
1054 745 3189
1103 1033 3795
1023 1117 3795
436 1122 2902
973 762 2913
412.667 853 1946
613 791 2263
617.667 690 1916
622 1035 3134
649 1593 4021
1058.5 1311 4297
817 628 2381
1053.5 973 3691
930.5 1337 4253
1130 714 2853
868 1181 3751
614 1109 3134
1002 1065 3751
796.5 1341 4242
817.5 820 2710
596.333 1565 3680
1086.5 969 3691
532 864 2340
617.333 1555 3459
767 986 3189
432.167 736 1916
941 835 3178
742 679 2266
915 885 3189
1367 1098 4357
628 1603 4242
768.5 1453 4253
628 663 1872
593 979 2902
704.5 1174 3404
973 805 3178
663 740 2340
1127.5 1163 4253
355.333 862 1734
445.667 854 2034
905 897 3189
986 804 3189
950 841 3189
438.167 980 2478
741 993 3178
693 650 1987
770 635 1927
632 775 2370
1062 998 3740
1520 1058 4297
932 1189 3795
715 684 2263
1013.5 1319 4297
387 900 2296
538 833 2370
809 1599 4297
865.5 1323 4021
943.5 1314 4253
665 1073 3189
459 909 2572
751 672 2296
702.5 1399 4242
616 791 2572
532 1120 3134
986 1137 3795
707 674 2252
680 1266 3740
710 1195 3431
455 890 2266
528 879 2326
711 701 2340
770 666 2351
633 743 2572
753 985 3178
618 786 2370
697 965 3134
717 717 2351
694 998 2932
1119.5 1254 4253
610 1117 3178
781.5 869 3074
424.5 988 2478
528 492 1646
478 567 1455
830 590 2572
601 703 2208
884 1238 3795
683 692 2208
541.5 1071 2842
583.5 698 1927
375.5 766 1872
1002.5 1263 4253
512.5 1262 3404
477.5 1048 2798
628 692 1976
1134 690 3189
711.167 835 2754
568 806 2252
785 667 2381
539.5 984 2798
731.5 1208 3680
718.5 1184 3415
899 572 2351
892.5 1045 3415
561 484 1414
620 701 2296
543 770 2208
343.833 728 1310
1187 972 3740
978.5 1298 4253
777 653 2236
840 583 2252
824.5 1086 3327
456 483 1370
972.5 1032 3636
905.5 1087 3691
505 705 1976
739.5 1218 3691
520.5 986 2710
876 579 2208
648.5 655 2148
672.5 1268 3680
535 838 2370
381 656 1734
402 649 1488
350 639 1340
465.5 794 2236
348 696 1532
664 415 1425
481 567 1764
552.5 1026 3074
812 653 2381
447.5 775 2148
427 249 0
423 628 1400
691 721 2572
369.5 522 1310
706 402 1455
433 582 1444
260 393 0
362 678 1532
197 444 0
327 630 1168
442 626 1488
450 206 0
343.667 598 1108
600 437 1310
402 270 0
281 354 0
546 478 926
278 408 562
402 302 838
197 488 926
450 239 808
281 384 502
260 422 606
507 553 1764
427 298 617
546 511 1734
278 370 0


926 1347 3933
920.667 1377 4051
1485 1329 4859
765.667 1097 3404
815 1446 4357
914 1217 3795
1382.67 1085 4297
1286 1136 3933
612.167 1245 3680
812 925 3178
1078.67 985 3680
1180 960 3680
783 1320 3795
1319 1125 4357
638 1091 3178
763 1009 3189
517.667 1104 2872
809.667 1348 3933
1088 1216 4357
924.667 1614 4859
835.167 1434 4297
1494 1054 4297
753.5 1479 4242
1024 1031 3751
663 1331 3740
1641 1273 4859
528.167 1008 2842
622.667 697 1946
512.5 1262 3404
824.5 1086 3327
1448.67 1387 4859
937.667 1322 4242
1054 745 3189
697 1234 3404
1245 935 3795
1000.17 1279 3933
1081.67 1506 4859
794.667 1717 4859
596 1128 3178
710 1195 3431
1337 1102 4357
1103 1033 3795
741.5 1182 3415
749.5 873 3074
552.5 1026 3074
1083 980 3751
583 818 2381
1118.67 1158 4021
1365 832 3691
1393 1058 4253
680 1266 3740
814.167 1089 3371
817.5 820 2710
1208 880 3751
1158 940 3415
424.5 988 2478
915 885 3189
455 890 2266
685 989 2932
1021 1122 3795
1062 995 3636
689.667 1466 3933
941 835 3178
1117 1025 3795
938 843 3189
1512 1051 4253
731.5 1208 3680
884 861 3178
846 1182 3751
491 1107 2710
967 809 3178
797.667 1427 4021
520.5 986 2710
603.667 1302 3434
867.5 1660 4859
982 965 3431
1089 958 3636
1275 1468 4859
343.833 728 1310
868 1181 3751
968.167 1301 4297
1097 1049 3795
714.5 1460 4021
445.667 854 2034
783 1116 3740
795 970 3189
412.667 853 1946
539.5 984 2798
1130 714 2853
1033 1327 4357
1188 961 3795
648.5 655 2148
909 1388 4357
646 1101 3189
1358.67 1424 4859
783 1253 3751
950 841 3189
1314 1449 4859
958 1051 3740
728.5 1239 3680
756 1531 4357
614 1109 3134
946 1165 3795
700 1066 3178
649.5 973 2765
904 780 3134
838 904 3134
742 679 2266
1149.17 1157 4297
709 1063 3189
754.5 1224 3691
583.5 698 1927
1426 1410 4859
1255 909 3795
670.5 955 2798
706 954 3134
375.5 766 1872
990 1381 4357
528 879 2326
1310.67 1453 4859
1529.67 1304 4859
730.5 1164 3327
602.5 975 2710
538 1108 2902
852 1077 3431
936 1110 3751
973.5 1028 3691
1390.67 1423 4859
940 1177 3795
436 1122 2902
744 919 2825
657.667 1136 3316
534.167 992 2842
751 672 2296
1136 1177 4357
1134 690 3189
777 653 2236
711 701 2340
844 1255 3795
1061 732 3074
741 993 3178
830 1263 3795
632 775 2370
876 579 2208
1049.67 1176 4242
584.667 1312 3434
717 717 2351
532 864 2340
568 806 2252
601 703 2208
753 985 3178
697 965 3134
628 692 1976
731 946 2902
1094 1091 3795
697.167 1181 3371
683 692 2208
738 1284 3751
928 1185 3795
722 1001 3178
613 791 2263
919 848 3178
973 762 2913
616 791 2572
387 900 2296
812 1303 3795
1025.5 1261 4253
1426.67 1398 4859
693 650 1987
442 626 1488
355.333 862 1734
770 666 2351
707 674 2252
798 933 3178
459 909 2572
691 721 2572
1191 1138 4357
999 1139 3795
538 833 2370
535 838 2370
1059 1015 3751
830 590 2572
785 667 2381
626.5 957 2754
543 770 2208
678 865 2814
1181 1158 4357
840 583 2252
432.167 736 1916
362 678 1532
617.667 690 1916
620 701 2296
899 572 2351
1036.17 1242 4297
350 639 1340
600 437 1310
381 656 1734
801 808 2593
478 567 1455
433 582 1444
481 567 1764
561 484 1414
588.667 881 2478
820 935 3189
986 804 3189
447.5 775 2148
689.5 949 2853
817 628 2381
770 635 1927
465.5 794 2236
560 822 2263
507 553 1764
593 979 2902
862 920 3189
628 663 1872
546 511 1734
546 478 926
343.667 598 1108
618 786 2370
633 743 2572
785 1315 3795
505 705 1976
877 1058 3740
812 653 2381
946 1040 3519
456 483 1370
1165 990 3795
369.5 522 1310
528 492 1646
665 1073 3189
715 684 2263
402 302 838
450 206 0
402 649 1488
260 422 606
348 696 1532
427 298 617
260 393 0
423 628 1400
327 630 1168
450 239 808
427 249 0
281 354 0
402 270 0
197 488 926
278 408 562
664 415 1425
278 370 0
281 384 502
701.667 962 2872
197 444 0
706 402 1455


700 1066 3178
1004.17 1276 4297
905.5 1087 3691
596 1128 3178
1108 1016 3795
665 1073 3189
1087 1060 3795
592 992 2814
1018.67 1032 3459
1254 1204 4021
689.667 1496 4021
1155 1230 4253
663.5 1202 3327
1381 1138 4253
697.167 1181 3371
846 827 2814
913 1382 4357
1094 1036 3795
1050.67 985 3680
967 1360 4357
1512 1051 4253
1187 980 3751
670.5 955 2798
1119.5 1275 4253
844.167 1057 3680
816 1139 3431
1198 951 3680
817 628 2381
438.167 980 2478
1023 1117 3795
1258 1167 4357
727.5 920 3074
1058 1073 3795
1059 1015 3751
1154 1263 4357
699.5 1430 4242
849 1170 3751
1180 960 3680
584.5 994 2754
1327 1139 4021
916.167 1345 4297
1127 1004 3691
1374 1154 4297
541.5 1071 2842
765.667 1097 3404
626.5 957 2754
807.5 865 2853
798 933 3178
1004.5 1036 3691
651.5 1197 3316
769.667 1574 4297
802 1169 3636
709 1063 3189
871 1144 3740
838 1290 3795
888.5 1475 4297
505 705 1976
1001.17 1301 3933
757.5 1187 3636
520.5 986 2710
1158 940 3415
628 663 1872
622 1035 3134
924 1195 3795
1382.67 1085 4297
826 1544 4357
694.5 971 2853
519.667 1298 3404
1102 1330 4357
841.667 1526 4297
862 920 3189
1181 983 3691
632 775 2370
1028 1017 3431
375.5 766 1872
612.167 1245 3680
543 770 2208
1057 984 3316
742 679 2266
1165 986 3795
717.5 1216 3680
785 667 2381
678 865 2814
528 879 2326
583.5 698 1927
822.5 1373 4021
818.5 855 2853
552.5 1026 3074
814 1204 3740
1034 1012 3740
648.5 655 2148
1207.67 1245 4297
1365 832 3691
781.5 869 3074
671 1257 3740
782.5 1386 4242
887 1126 3740
477.5 1048 2798
749.5 873 3074
1158 1003 3691
343.833 728 1310
465.5 794 2236
836 1220 3751
404.333 1084 2340
853.5 1157 3691
780 1547 4253
628 692 1976
532 864 2340
990.667 1045 3371
583 818 2381
1393 1058 4253
1164 986 3740
756 1284 3751
654.5 899 2710
1152.67 974 3489
617.667 690 1916
693 650 1987
884 861 3178
1263 912 3795
770 635 1927
986 1137 3795
588.667 1553 4242
706 954 3134
973 762 2913
526.5 1270 3404
618 786 2370
803 1310 3795
675 1336 3751
1061 732 3074
432.167 736 1916
777 653 2236
950 841 3189
609 1282 3740
1130 714 2853
1208 880 3751
967 809 3178
694 998 2932
1188 961 3795
1147.67 967 3459
614 1109 3134
820 935 3189
904 780 3134
812 925 3178
355.333 862 1734
857.5 1126 3691
791.667 1196 3680
763 1009 3189
1121 962 3431
1134 690 3189
568 806 2252
940 1177 3795
601 703 2208
744 919 2825
838 904 3134
613 791 2263
538 833 2370
862 1255 3795
1011 1054 3751
620 701 2296
387 900 2296
717 717 2351
683 692 2208
549.5 1057 3074
646 1101 3189
616 791 2572
447.5 775 2148
1103 1033 3795
369.5 522 1310
638 1091 3178
412.667 853 1946
593 979 2902
711 701 2340
812 653 2381
532 1120 3134
456 483 1370
478 567 1455
751 672 2296
560 822 2263
707 674 2252
753 985 3178
343.667 598 1108
535 838 2370
423 628 1400
528 492 1646
840 583 2252
770 666 2351
706 402 1455
986 804 3189
691 721 2572
633 743 2572
455 890 2266
561 484 1414
507 553 1764
327 630 1168
481 567 1764
600 437 1310
402 649 1488
830 590 2572
741 993 3178
445.667 854 2034
362 678 1532
436 1122 2902
715 684 2263
459 909 2572
876 579 2208
546 478 926
350 639 1340
1067 1065 3795
899 572 2351
1054 745 3189
381 656 1734
348 696 1532
1143 1004 3751
433 582 1444
546 511 1734
442 626 1488
663 740 2340
402 270 0
450 206 0
197 488 926
197 444 0
260 393 0
664 415 1425
281 354 0
938 843 3189
260 422 606
622.667 697 1946
278 408 562
427 298 617
278 370 0
450 239 808
402 302 838
427 249 0
281 384 502


526.5 1270 3404
765.5 1484 4253
955 1184 3795
534.167 992 2842
870 1394 4242
877 1058 3740
901 1483 4357
675 1336 3751
612.167 1245 3680
845.5 1435 4253
1008 1043 3740
1262 1151 4357
1327 1139 4021
862 920 3189
1393 1058 4253
519.667 1298 3404
857.5 1126 3691
928 1185 3795
1131 1287 4357
1089.67 1534 4859
1337 1102 4357
836 1220 3751
923.5 1432 4297
1323.67 1469 4859
756 1284 3751
763 1009 3189
1192 1226 4357
1641 1273 4859
669 1339 3740
759.5 1487 4242
623.167 1185 3404
937.667 1322 4242
853.5 1157 3691
588.667 881 2478
817.5 820 2710
520.5 986 2710
767.5 1473 4242
532 1120 3134
510.167 989 2754
375.5 766 1872
781.5 869 3074
1045 1093 3795
697 965 3134
670.5 955 2798
753 985 3178
797 1309 3795
1103 1033 3795
670 1062 3178
846 827 2814
1169 1008 3795
981 1175 3795
1095 1316 4357
1121 962 3431
741 993 3178
477.5 1048 2798
1083 980 3751
1192.5 1208 4297
662.5 967 2798
1018 1007 3316
868 1181 3751
1569 1322 4859
667.5 992 2853
404.333 1084 2340
1179 1257 4357
883.5 1451 4297
1048.5 1297 4253
618 786 2370
986 804 3189
948.167 1306 4297
915 885 3189
941 835 3178
1494 1054 4297
1001 1018 3327
1188 961 3795
424.5 988 2478
436 1122 2902
664 1078 3178
1048 1383 4357
1018.67 1032 3459
767 986 3189
841.667 1526 4297
649.5 973 2765
1110.5 1261 4253
1062 995 3636
876 579 2208
552.5 1026 3074
820 1188 3740
1365 832 3691
825.5 1150 3680
689.5 949 2853
727.5 920 3074
1341.67 1343 4859
1330 1115 4357
1162 1492 4859
685.5 980 2853
539.5 984 2798
844.167 1057 3680
694 998 2932
973 762 2913
717.5 1216 3680
1117.67 1188 4242
948 1443 4357
1157 970 3636
744 988 3178
630.5 984 2842
1147.67 967 3459
1180 960 3680
1059 1015 3751
914 1217 3795
938 843 3189
732 914 2814
1291 905 3751
1058 1365 4357
731.5 1208 3680
838 904 3134
904 780 3134
802 1169 3636
1233.67 1185 4242
614 1109 3134
881.667 1468 4297
706 945 2814
622 1035 3134
969.667 1652 4859
975 1437 4357
1258 1167 4357
665 1073 3189
1255 909 3795
1216 932 3636
432.167 736 1916
1025 1096 3751
1242.67 1487 4859
679.5 935 2754
538 833 2370
706 954 3134
1063.5 981 3691
726.167 1416 3933
1034 1012 3740
770 635 1927
438.167 980 2478
707 674 2252
884 861 3178
535 838 2370
459 909 2572
697 918 2710
981 1425 4357
1547 1327 4859
749.5 873 3074
830 967 3189
1087.67 1287 4297
602.5 975 2710
1332.67 1418 4859
991 1405 4357
864 1517 4357
455 890 2266
543 770 2208
938 1787 4859
924 1197 3795
1134 690 3189
617.667 690 1916
1006 1123 3795
711 701 2340
633 743 2572
777 653 2236
967 809 3178
920.667 1377 4051
950 841 3189
663 740 2340
1130 714 2853
1539 1334 4859
549.5 1057 3074
795 970 3189
626.5 957 2754
1077 1054 3795
717 717 2351
683 692 2208
742 679 2266
505 705 1976
834 1281 3795
705.667 1533 3933
628 692 1976
772.5 1224 3691
857 945 3189
830 590 2572
759 1255 3740
1076.5 1281 4253
1209 945 3751
616 791 2572
350 639 1340
528 492 1646
628 663 1872
691 721 2572
610 1117 3178
538 1108 2902
362 678 1532
568 806 2252
355.333 862 1734
1382.67 1085 4297
1061 732 3074
583.5 698 1927
711.167 835 2754
546 511 1734
817 628 2381
517.667 1104 2872
648.5 655 2148
887 1250 3795
751 672 2296
847.5 1171 3691
327 630 1168
478 567 1455
840 583 2252
844 1255 3795
1012 1120 3795
387 900 2296
532 864 2340
445.667 854 2034
528 879 2326
724.5 920 2765
1054 745 3189
816 1139 3431
381 656 1734
412.667 853 1946
785 667 2381
433 582 1444
715 684 2263
583 818 2381
936 855 3178
812 653 2381
677 1325 3740
447.5 775 2148
736 1042 3189
770 666 2351
709 1063 3189
343.833 728 1310
481 567 1764
632 775 2370
465.5 794 2236
343.667 598 1108
613 791 2263
950 1170 3751
600 437 1310
899 572 2351
601 703 2208
620 701 2296
546 478 926
561 484 1414
560 822 2263
423 628 1400
622.667 697 1946
260 393 0
278 370 0
450 239 808
427 298 617
693 650 1987
507 553 1764
278 408 562
402 649 1488
664 415 1425
456 483 1370
281 384 502
348 696 1532
402 270 0
260 422 606
369.5 522 1310
197 488 926
706 402 1455
427 249 0
442 626 1488
197 444 0
450 206 0
402 302 838
281 354 0


892 1482 4357
514.667 1109 2872
946 1040 3519
1089 958 3636
958 1051 3740
1353.67 1276 4859
744 919 2825
615.167 1240 3680
978.5 1298 4253
1002.5 1263 4253
850.5 824 2765
1015 1025 3740
517.667 1104 2872
876.5 1611 4859
595.167 1216 3404
1007.5 1499 4859
839 1730 4859
1494 1054 4297
445.667 854 2034
1017 1139 3795
1180 960 3680
1382.67 1085 4297
901.5 1248 3933
741 993 3178
1083 980 3751
1011 1054 3751
609 1282 3740
1054 1374 4357
1087 1060 3795
1193.17 1364 4859
738 1284 3751
628 1603 4242
924 1213 3795
1393 1058 4253
1158 940 3415
646 1101 3189
1262 1151 4357
1512 1051 4253
768.5 1453 4253
1053.5 973 3691
961.667 1236 3933
762 1568 4253
1465 1113 4357
1126.17 1161 4297
1169.67 1427 4859
1090.67 1494 4859
930.5 1337 4253
671 1257 3740
1425 1135 4357
943.5 1314 4253
1165 990 3795
876.167 1297 4021
596 1128 3178
528.167 1008 2842
982 965 3431
1130 714 2853
597.5 1148 3316
1004 1147 3751
914.667 1599 4859
1365 832 3691
908.5 1437 4253
404.333 1084 2340
532 1120 3134
477.5 1048 2798
702.5 1399 4242
865.5 1323 4021
859.5 1460 4297
763 1009 3189
796.5 1341 4242
823.5 1063 3636
520.5 986 2710
539.5 984 2798
512.5 1262 3404
1181 1158 4357
1115.67 1448 4859
532 864 2340
862 920 3189
1004.17 1276 4297
938 843 3189
638 1091 3178
634.5 967 2765
946 1182 3795
941 835 3178
861 1508 4357
613 791 2263
625.5 1237 3636
844 1255 3795
785 1315 3795
809 1599 4297
986 1171 3751
765.667 1097 3404
387 900 2296
746.5 1143 3316
560 822 2263
577.167 1197 3316
628 663 1872
1049.67 1176 4242
699 983 2932
602.5 975 2710
654.5 899 2710
568 806 2252
1037.67 1023 3489
959.167 1246 4021
583.5 698 1927
989 1154 3751
1054 745 3189
535 838 2370
1245 935 3795
711.167 835 2754
614 1109 3134
770 635 1927
770 666 2351
812 925 3178
528 879 2326
818.5 855 2853
670 1062 3178
879 1240 3751
930.5 1057 3371
424.5 988 2478
973.5 1028 3691
375.5 766 1872
1188 961 3795
670.5 955 2798
973 762 2913
1208 880 3751
1059 1015 3751
709 1063 3189
717.5 1216 3680
612.167 1245 3680
412.667 853 1946
727.5 920 3074
757.5 1187 3636
1069.5 1225 4253
1134 690 3189
622.667 697 1946
1232.5 1146 4253
616 791 2572
1255 909 3795
626.5 957 2754
749.5 873 3074
543 770 2208
549.5 1057 3074
731.5 1208 3680
767 986 3189
1187 972 3740
753 985 3178
1035 1127 3795
628 692 1976
751 672 2296
343.833 728 1310
447.5 775 2148
967 809 3178
884 861 3178
355.333 862 1734
436 1122 2902
830 1263 3795
704 1047 3134
904 780 3134
534.167 992 2842
665 1073 3189
432.167 736 1916
678 865 2814
691 721 2572
722 1001 3178
986 804 3189
969 1294 4242
785 667 2381
465.5 794 2236
795 970 3189
742 679 2266
950 841 3189
777 653 2236
711 701 2340
877 1058 3740
762.667 1387 4242
707 674 2252
706 954 3134
1136 1177 4357
459 909 2572
801 808 2593
928 1185 3795
618 786 2370
840 583 2252
899 572 2351
722.5 1184 3327
807.5 865 2853
456 483 1370
600 437 1310
402 649 1488
693 650 1987
798 933 3178
1006 1379 4357
876 579 2208
1061 732 3074
546 478 926
423 628 1400
817.5 820 2710
663 740 2340
820 935 3189
1031.17 1262 4297
830 590 2572
588.667 881 2478
552.5 1026 3074
369.5 522 1310
1066 1316 4357
1088 1216 4357
528 492 1646
327 630 1168
683 692 2208
715 684 2263
343.667 598 1108
601 703 2208
632 775 2370
593 979 2902
783 1116 3740
617.667 690 1916
610 1117 3178
926.667 1431 4297
478 567 1455
561 484 1414
633 743 2572
538 833 2370
620 701 2296
455 890 2266
717 717 2351
505 705 1976
694.5 971 2853
812 653 2381
583 818 2381
915 885 3189
648.5 655 2148
817 628 2381
706 402 1455
778.167 1038 3316
348 696 1532
381 656 1734
481 567 1764
442 626 1488
433 582 1444
450 239 808
260 393 0
278 370 0
664 415 1425
350 639 1340
546 511 1734
278 408 562
281 354 0
362 678 1532
507 553 1764
197 444 0
427 298 617
281 384 502
450 206 0
402 302 838
427 249 0
260 422 606
402 270 0
197 488 926


622 1035 3134
986 804 3189
1190.17 1377 4859
663.5 1202 3327
1004.5 1036 3691
824.5 1086 3327
583.167 1200 3316
830 967 3189
999 1139 3795
982 965 3431
1108 1016 3795
795 970 3189
958 1051 3740
588.667 881 2478
1274.67 1140 4297
1261 1153 4357
781 1679 4297
1015 1025 3740
973 762 2913
928 1185 3795
1181 1158 4357
1112 1310 4357
424.5 988 2478
1041 999 3740
852.667 1384 4242
948.167 1306 4297
1179 1234 4253
779 1157 3404
512.5 1262 3404
877 1058 3740
1143 1229 4242
1058 1073 3795
801.167 1355 3933
787.167 1100 3371
1262 1151 4357
539.5 984 2798
592 992 2814
811 963 3178
744 919 2825
887.167 1300 3933
648.5 655 2148
699.5 1430 4242
905 897 3189
671 1257 3740
822.5 1373 4021
1169.67 1427 4859
1045 1093 3795
689.667 1496 4021
781.5 869 3074
597.5 1148 3316
707 674 2252
1083 980 3751
794 1300 3795
510.167 989 2754
552.5 1026 3074
814 1204 3740
1103 1033 3795
1129.5 1250 4297
568 806 2252
1147.67 967 3459
1393 1058 4253
1327 1139 4021
915 885 3189
1208 880 3751
1188 961 3795
662.5 967 2798
833 1446 4357
1119.5 1275 4253
772 1183 3519
817.5 820 2710
780 1547 4253
678 865 2814
432.167 736 1916
950 841 3189
1561 1257 4859
981 1180 3751
628 663 1872
528 879 2326
1004.17 1276 4297
740.667 1765 4859
514.667 1109 2872
706 954 3134
613 791 2263
628 692 1976
1128.5 1241 4253
634.5 967 2765
577 1523 3740
973 805 3178
1180 960 3680
1512 1051 4253
857.167 1303 4242
884 861 3178
1038 1249 3933
812.667 1717 4859
820 1188 3740
1054 745 3189
697.167 1181 3371
577.333 1244 3178
517.667 1104 2872
892.667 1653 4859
731 946 2902
847 910 3134
557 1515 3680
1353.67 1276 4859
1027 1101 3795
595.167 1216 3404
689.5 949 2853
622.667 697 1946
1050.67 985 3680
913 1382 4357
904 780 3134
732 1225 3519
801 808 2593
926.5 1368 4253
1169 1008 3795
683 692 2208
741 993 3178
812.167 1087 3680
626.5 957 2754
763 1009 3189
538 833 2370
404.333 1084 2340
1095.67 1259 4051
967 809 3178
617.667 690 1916
803.5 1144 3680
742 679 2266
593 979 2902
560 822 2263
783 1494 4357
836 1220 3751
675 1336 3751
749 1606 4253
532 1120 3134
794.5 1195 3636
1065.17 1477 4859
994 1346 4357
477.5 1048 2798
618 786 2370
387 900 2296
609 1282 3740
596 1128 3178
728.5 1239 3680
588.667 1553 4242
657.667 1136 3316
869.5 1124 3691
1255 909 3795
603.667 1302 3434
343.833 728 1310
1382.67 1085 4297
812 653 2381
1134 690 3189
412.667 853 1946
602.5 975 2710
924 1197 3795
1160 965 3691
375.5 766 1872
436 1122 2902
632 775 2370
670 1062 3178
785 667 2381
614 1109 3134
1494 1054 4297
899 572 2351
633 743 2572
807.5 865 2853
520.5 986 2710
616 791 2572
1365 832 3691
535 838 2370
914 1217 3795
1198 951 3680
693 650 1987
722 1001 3178
783.333 1408 3795
691 721 2572
751 672 2296
876 579 2208
670.5 955 2798
726.167 1416 3933
830 590 2572
583 818 2381
1061 732 3074
770 635 1927
1130 714 2853
638 1091 3178
583.5 698 1927
538 1108 2902
532 864 2340
505 705 1976
478 567 1455
777 653 2236
697 965 3134
348 696 1532
433 582 1444
459 909 2572
782.667 1235 3680
528.167 1008 2842
445.667 854 2034
447.5 775 2148
343.667 598 1108
711 701 2340
350 639 1340
715 684 2263
840 583 2252
601 703 2208
817 628 2381
355.333 862 1734
770 666 2351
717 717 2351
663 740 2340
600 437 1310
646 1101 3189
1053.5 973 3691
950.167 1575 4859
543 770 2208
442 626 1488
706 402 1455
381 656 1734
455 890 2266
818.5 855 2853
610 1117 3178
620 701 2296
402 649 1488
1012 1120 3795
546 478 926
362 678 1532
197 488 926
423 628 1400
465.5 794 2236
528 492 1646
561 484 1414
456 483 1370
481 567 1764
427 249 0
546 511 1734
749.5 873 3074
1079 1323 4357
278 370 0
402 302 838
260 422 606
664 415 1425
402 270 0
327 630 1168
369.5 522 1310
507 553 1764
427 298 617
281 354 0
197 444 0
450 206 0
260 393 0
278 408 562
450 239 808
281 384 502


790.167 1100 3680
588.667 881 2478
1001 1018 3327
967 1360 4357
1287.67 1386 4859
603.5 1210 3178
520.5 986 2710
925 1092 3740
1117.67 1188 4242
853.5 1157 3691
1262 1151 4357
1058 1354 4357
892.5 1045 3415
1393 1058 4253
588.667 1553 4242
1018.67 1032 3459
767 986 3189
1158 940 3415
539.5 984 2798
793.167 1344 3933
1050.67 985 3680
652 1031 2913
820 1188 3740
868.667 1067 3404
865 1778 4859
866 1758 4859
1220 947 3795
896.5 1085 3636
948 1443 4357
1561 1257 4859
946 1165 3795
675 1336 3751
896 1213 3795
1522 1280 4859
609 1282 3740
763 1009 3189
1512 1051 4253
519.667 1298 3404
1110 1294 4357
628 692 1976
783 1253 3751
728.5 1239 3680
874 1253 3795
795 970 3189
867.667 1496 4297
1187 980 3751
730.167 1202 3459
817 1536 4253
736 1042 3189
704.5 1174 3404
741 993 3178
801 808 2593
726.167 1416 3933
958.5 1329 4253
919 848 3178
1089 958 3636
817 628 2381
1493 1347 4859
1456 1362 4859
754.667 1433 4242
862 920 3189
1119.5 1254 4253
693 650 1987
717 717 2351
1004.5 1036 3691
840 938 3189
617.667 690 1916
678 865 2814
884 861 3178
873.5 1468 4297
1294.67 1373 4859
685 989 2932
871 1144 3740
736.5 1249 3691
1049 1088 3795
1330 1115 4357
956 1082 3431
549.5 1057 3074
532 1120 3134
1365 832 3691
601 703 2208
517.667 1104 2872
615.167 1240 3680
745 1601 4253
568 806 2252
812 925 3178
1382.67 1085 4297
794 1823 4859
593 1389 3636
1128.5 1241 4253
818.5 855 2853
733.5 1164 3636
1059.5 1572 4859
830 967 3189
782.5 1386 4242
412.667 853 1946
904 780 3134
1074 1318 4357
593 979 2902
1057 984 3316
1131 954 3431
846 827 2814
812.167 1087 3680
1094 1036 3795
846 1182 3751
477.5 1048 2798
753 985 3178
1136 1177 4357
538 833 2370
958 1051 3740
1002 1065 3751
771.5 1360 3933
614 1109 3134
1107.5 1298 4297
662.5 967 2798
505 705 1976
603.667 1302 3434
905 897 3189
404.333 1084 2340
1000.17 1279 3933
436 1122 2902
1327 1139 4021
670 1062 3178
727.5 920 3074
610 1117 3178
849 1170 3751
701.667 962 2872
671 1257 3740
1188 961 3795
1118.5 1447 4859
1169 1008 3795
1494 1054 4297
1130 714 2853
812 653 2381
424.5 988 2478
985 1125 3795
654.5 899 2710
632 775 2370
510.167 989 2754
912.5 1600 4859
867.5 1660 4859
618 786 2370
1337 1102 4357
646 1101 3189
797 1309 3795
1258 1167 4357
1263 912 3795
965 1412 4357
528 879 2326
1208 880 3751
763.167 1425 4021
622 1035 3134
685.5 1179 3316
796.167 1344 4242
543 770 2208
532 864 2340
706 954 3134
343.833 728 1310
769.667 1574 4297
986 804 3189
1158 1003 3691
876 579 2208
697.167 1181 3371
697 965 3134
375.5 766 1872
616 791 2572
685.167 1456 4242
1054 745 3189
538 1108 2902
775 660 2031
887 1126 3740
514.667 1109 2872
561 484 1414
459 909 2572
602.5 975 2710
691 721 2572
973 762 2913
583.5 698 1927
634.5 967 2765
456 483 1370
838 904 3134
967 809 3178
1061 732 3074
465.5 794 2236
891.5 1066 3327
840 583 2252
785 667 2381
605 1041 2932
715 684 2263
1134 690 3189
387 900 2296
742 1286 3751
665 1073 3189
770 666 2351
620 701 2296
749.5 873 3074
663 740 2340
669 692 2148
1034 1012 3740
628 663 1872
402 649 1488
381 656 1734
899 572 2351
751 672 2296
950 841 3189
327 630 1168
438.167 980 2478
455 890 2266
1058.5 1311 4297
730.5 1164 3327
817 1207 3740
777 653 2236
348 696 1532
583 818 2381
528.167 1008 2842
664 415 1425
709 1063 3189
883.167 1372 4297
546 511 1734
941 835 3178
711 701 2340
683 692 2208
830 1263 3795
915 885 3189
540.167 1236 3404
445.667 854 2034
560 822 2263
343.667 598 1108
613 791 2263
528 492 1646
638 1091 3178
447.5 775 2148
362 678 1532
770 635 1927
706 402 1455
432.167 736 1916
781.5 869 3074
355.333 862 1734
534.167 992 2842
600 437 1310
817.5 820 2710
350 639 1340
830 590 2572
1012 1120 3795
664 1078 3178
633 743 2572
433 582 1444
798 933 3178
707 674 2252
535 838 2370
281 384 502
442 626 1488
423 628 1400
197 488 926
481 567 1764
507 553 1764
742 679 2266
546 478 926
478 567 1455
427 249 0
369.5 522 1310
622.667 697 1946
278 370 0
260 393 0
260 422 606
402 270 0
402 302 838
278 408 562
427 298 617
450 239 808
197 444 0
450 206 0
281 354 0


1011 1054 3751
779.167 1130 3404
862 920 3189
1004.5 1036 3691
1517 1296 4859
614 1109 3134
1494 1347 4859
757.5 1187 3636
1277 933 3415
989 1154 3751
904 780 3134
840 938 3189
967 809 3178
1015 1025 3740
1382.67 1085 4297
1106 1046 3795
833 1446 4357
779 1157 3404
1508 1332 4859
717.5 1216 3680
704.5 1174 3404
445.667 854 2034
754.5 1224 3691
1131 1287 4357
1057 984 3316
1055.5 1460 4859
767 999 3178
985.5 1599 4859
688.167 1451 4242
1063.5 981 3691
617.333 1555 3459
946 1040 3519
622 1035 3134
595.167 1216 3404
1238.17 1350 4859
884 861 3178
543 770 2208
731 1286 3740
807.5 865 2853
722 1001 3178
584.667 1312 3434
930.5 1337 4253
785 1340 3795
517.667 1104 2872
980.667 1388 4297
477.5 1048 2798
532 1120 3134
744 919 2825
1196 994 3795
780 1815 4859
746.5 1143 3316
839 1730 4859
999 1139 3795
946 1182 3795
762 1568 4253
905 897 3189
850.5 824 2765
718.5 1184 3415
711 701 2340
775 996 3178
648.5 655 2148
796.5 1341 4242
568 806 2252
404.333 1084 2340
978.5 1298 4253
670.833 1361 3680
908.5 1437 4253
706 954 3134
702.5 1369 3740
1121 962 3431
846 1182 3751
986 804 3189
678 865 2814
1092.5 1213 4253
795 970 3189
1061 732 3074
868 1181 3751
951.5 1071 3691
924 1195 3795
672.5 1268 3680
801 808 2593
1179 1012 3751
649 1593 4021
1125 1043 3795
1045 1093 3795
905.5 1087 3691
625.5 1237 3636
742 679 2266
628 1603 4242
610 1117 3178
783 1116 3740
950 1170 3751
1058.17 1233 4297
1277.5 1132 4253
727.5 920 3074
701.667 962 2872
950 841 3189
702.5 1399 4242
1254 959 3751
876.5 1611 4859
1002 1065 3751
597.5 1148 3316
717 717 2351
1245 967 3751
1216 1216 4357
602.5 975 2710
632 775 2370
1210 1219 4357
1276 1174 4357
588.667 881 2478
707 674 2252
412.667 853 1946
626.5 957 2754
1007.5 1499 4859
812 925 3178
436 1122 2902
689.5 949 2853
638 1091 3178
936 855 3178
1050.67 985 3680
633 743 2572
1284 1149 4357
532 864 2340
663 740 2340
1086.5 969 3691
1336 891 3751
973 762 2913
535 838 2370
817.5 820 2710
617.667 690 1916
683 692 2208
751 672 2296
552.5 1026 3074
514.667 1109 2872
693 650 1987
770 666 2351
778.167 1038 3316
1367 1098 4357
1278 905 3795
355.333 862 1734
915 885 3189
616 791 2572
1013 1373 4357
1149.17 1157 4297
623.167 1185 3404
1059 1015 3751
620 701 2296
715 684 2263
865.5 1323 4021
520.5 986 2710
593 979 2902
387 900 2296
1106 1302 4357
455 890 2266
1096 1325 4357
811 963 3178
560 822 2263
770 635 1927
664 415 1425
549.5 1057 3074
844 1255 3795
670.5 955 2798
459 909 2572
899 572 2351
592 992 2814
694 998 2932
601 703 2208
979 1049 3740
343.833 728 1310
709 1063 3189
622.667 697 1946
711.167 835 2754
749.5 873 3074
447.5 775 2148
481 567 1764
424.5 988 2478
1187 972 3740
972.5 1032 3636
812 653 2381
433 582 1444
697 965 3134
846 827 2814
1062 998 3740
840 583 2252
583 818 2381
817 628 2381
628 692 1976
665 1073 3189
933.167 1250 4242
478 567 1455
1058.17 1224 4242
375.5 766 1872
618 786 2370
541.5 1071 2842
362 678 1532
546 478 926
628 663 1872
505 705 1976
830 590 2572
876 579 2208
781.5 869 3074
528 492 1646
539.5 984 2798
818.5 855 2853
777 653 2236
456 483 1370
528 879 2326
844.167 1057 3680
1023 1117 3795
348 696 1532
350 639 1340
561 484 1414
973 805 3178
546 511 1734
583.5 698 1927
369.5 522 1310
432.167 736 1916
512.5 1262 3404
613 791 2263
823.5 1063 3636
785 667 2381
538 833 2370
706 402 1455
600 437 1310
465.5 794 2236
423 628 1400
691 721 2572
507 553 1764
343.667 598 1108
442 626 1488
381 656 1734
281 354 0
450 206 0
197 488 926
402 302 838
197 444 0
281 384 502
402 649 1488
402 270 0
260 393 0
450 239 808
427 298 617
327 630 1168
427 249 0
278 408 562
278 370 0
260 422 606


802.5 1195 3636
940 1177 3795
781.5 869 3074
706 954 3134
1132 1263 4357
622.5 1268 3636
1187 972 3740
814 1204 3740
803.5 1144 3680
1053.5 973 3691
979 1049 3740
1512 1051 4253
844 1255 3795
1143 1229 4242
818.5 855 2853
704.5 1174 3404
552.5 1026 3074
1077 1303 4242
1005.5 1325 3933
852 1077 3431
1028 1326 4242
779 1157 3404
1393 1058 4253
926.5 1368 4253
1181 1158 4357
657.667 1136 3316
913 1382 4357
920.667 1377 4051
1169 1008 3795
1337 1102 4357
1263 912 3795
936 855 3178
742 1286 3751
670.5 955 2798
853.5 1157 3691
1382.67 1085 4297
517.667 1104 2872
557 1515 3680
728.5 1239 3680
1015 1025 3740
870.167 1053 3459
821.667 1098 3316
1262 1151 4357
801 808 2593
763 1009 3189
877 1058 3740
836 1220 3751
678 865 2814
1001 1018 3327
1188 961 3795
1128 1281 4021
950 1170 3751
862.5 831 2765
1024 1031 3751
588.667 1553 4242
772 1183 3519
974 1152 3795
928 1205 3751
588.667 881 2478
1034 1012 3740
771.5 1360 3933
664 1078 3178
924 1213 3795
783 1494 4357
651.5 1197 3316
1208 880 3751
1100 1321 4357
432.167 736 1916
1261 1153 4357
689.667 1496 4021
593 979 2902
1006 1379 4357
1089 958 3636
583 818 2381
703.5 1121 3316
1041 999 3740
958 1051 3740
868.667 1067 3404
999 1139 3795
973 762 2913
876 579 2208
602.5 975 2710
1018.67 1332 4242
986 804 3189
1220 947 3795
577.333 1244 3178
731.5 1208 3680
699.5 1430 4242
1365 832 3691
697 965 3134
526.5 1270 3404
424.5 988 2478
830 1263 3795
950 841 3189
785 1340 3795
817.5 820 2710
1198 951 3680
549.5 1057 3074
626.5 957 2754
888 1225 3795
683 692 2208
614 1109 3134
634.5 967 2765
519.667 1298 3404
969 1160 3795
455 890 2266
1087.67 1287 4297
1130 714 2853
749.5 873 3074
767 986 3189
520.5 986 2710
895 1404 4357
941 835 3178
694.5 971 2853
862 920 3189
628 663 1872
1160 965 3691
715 684 2263
665 1073 3189
833 1446 4357
795 970 3189
445.667 854 2034
973 805 3178
560 822 2263
404.333 1084 2340
375.5 766 1872
1061 732 3074
744 919 2825
777 653 2236
794 1823 4859
694 1524 4242
663.5 1202 3327
532 1120 3134
671 1257 3740
759 1599 4253
693 650 1987
617.667 690 1916
593 1389 3636
670 1062 3178
1058 1073 3795
707 674 2252
412.667 853 1946
355.333 862 1734
756 1284 3751
820 935 3189
1134 690 3189
583.5 698 1927
938 843 3189
648.5 655 2148
447.5 775 2148
456 483 1370
904 780 3134
1083 980 3751
646 1101 3189
343.833 728 1310
477.5 1048 2798
727.5 920 3074
436 1122 2902
741 993 3178
609 1282 3740
632 775 2370
622 1035 3134
350 639 1340
478 567 1455
535 838 2370
770 635 1927
812 653 2381
528 879 2326
622.667 697 1946
596 1128 3178
751 672 2296
538 833 2370
811 963 3178
899 572 2351
620 701 2296
711 701 2340
812 925 3178
633 743 2572
817 628 2381
613 791 2263
343.667 598 1108
736 1042 3189
785 667 2381
905 897 3189
543 770 2208
717 717 2351
742 679 2266
1137 1251 4357
618 786 2370
438.167 980 2478
638 1091 3178
600 437 1310
546 478 926
664 415 1425
840 583 2252
770 666 2351
369.5 522 1310
534.167 992 2842
830 590 2572
616 791 2572
706 402 1455
362 678 1532
505 705 1976
863.667 1132 3680
568 806 2252
423 628 1400
387 900 2296
601 703 2208
528 492 1646
465.5 794 2236
1107 1050 3795
327 630 1168
481 567 1764
532 864 2340
507 553 1764
381 656 1734
1054 745 3189
884 861 3178
348 696 1532
663 740 2340
459 909 2572
561 484 1414
691 721 2572
197 444 0
1108 1016 3795
433 582 1444
546 511 1734
442 626 1488
402 270 0
628 692 1976
450 206 0
402 649 1488
260 393 0
197 488 926
278 408 562
427 249 0
260 422 606
281 354 0
402 302 838
281 384 502
450 239 808
427 298 617
278 370 0


1093 1237 4021
765.667 1097 3404
997 1309 4357
1110.5 1421 4859
697 965 3134
815 1446 4357
701.667 962 2872
1508 1296 4859
1262 1151 4357
729 1736 4253
557 1520 3434
1049 1088 3795
857.167 1303 4242
934 1132 3751
905 897 3189
838 1290 3795
812.667 1717 4859
1393 1058 4253
617.667 690 1916
946 1040 3519
519.667 1298 3404
740.667 1765 4859
836 1220 3751
1382.67 1085 4297
593 979 2902
577 1523 3740
1136 1177 4357
657.667 1136 3316
671 1257 3740
783 1494 4357
982 965 3431
901.5 1248 3933
744 988 3178
877 1058 3740
675 1336 3751
956.5 1662 4859
744 919 2825
771.5 1360 3933
1024 1031 3751
1127 1291 4357
699.5 1430 4242
924 1213 3795
1026 1118 3795
577.333 1244 3178
1158 940 3415
849 1170 3751
796.5 1341 4242
717.5 1216 3680
648.5 655 2148
539.5 984 2798
733.167 1169 3404
702.5 1399 4242
801 808 2593
622 1035 3134
862.5 831 2765
763 1009 3189
913 1382 4357
1261 1153 4357
986 1137 3795
664 1078 3178
1190.17 1377 4859
796.167 1344 4242
634.5 967 2765
583.167 1200 3316
670 1062 3178
1006.17 1528 4859
678 865 2814
757.5 1187 3636
1116.17 1187 4297
971.167 1651 4859
1103 1033 3795
955.167 1259 4021
628 692 1976
1330 1115 4357
812 653 2381
697.167 1181 3371
1561 1257 4859
798 933 3178
1512 1051 4253
977 1144 3795
662.5 967 2798
958 1051 3740
688.167 1451 4242
909 1388 4357
517.667 1104 2872
781.167 1398 4021
602.167 1198 3404
915 885 3189
706 954 3134
597.5 1148 3316
751.667 1571 4297
1327 1139 4021
817 628 2381
622.667 697 1946
387 900 2296
823.5 1063 3636
731.5 1208 3680
528 879 2326
941 835 3178
902 827 2623
613 791 2263
840 583 2252
1041.17 1512 4859
1337 1102 4357
738 1284 3751
445.667 854 2034
1053.5 973 3691
646 1101 3189
528.167 1008 2842
1165 986 3795
514.667 1109 2872
993.167 1551 4859
1059 1015 3751
1188 961 3795
1494 1054 4297
797 1309 3795
1147.67 967 3459
876 579 2208
665 1073 3189
950 841 3189
1021 1122 3795
1061 732 3074
968.167 1301 4297
920.167 1340 4297
795 970 3189
436 1122 2902
568 806 2252
520.5 986 2710
777 653 2236
685 989 2932
783 1116 3740
610 1117 3178
742 679 2266
741 993 3178
588.667 1553 4242
904 780 3134
1058 1073 3795
455 890 2266
1234.17 1358 4859
615.167 1240 3680
583.5 698 1927
812 925 3178
1227.17 1371 4859
1208 880 3751
691 721 2572
532 1120 3134
942 1191 3795
1094 1036 3795
560 822 2263
583 818 2381
1258 1167 4357
938 843 3189
1365 832 3691
438.167 980 2478
772.5 1224 3691
614 1109 3134
785 667 2381
404.333 1084 2340
886.167 1277 4242
355.333 862 1734
973 762 2913
683 692 2208
770 635 1927
1130 714 2853
973.5 1028 3691
633 743 2572
693 650 1987
534.167 992 2842
1157 970 3636
1263 912 3795
596 1128 3178
752.167 1163 3459
812.167 1087 3680
432.167 736 1916
602.5 975 2710
936 1110 3751
538 833 2370
535 838 2370
477.5 1048 2798
375.5 766 1872
670.5 955 2798
707 674 2252
1117 1025 3795
1160.17 1168 4297
1134 690 3189
442 626 1488
632 775 2370
1180 960 3680
986 804 3189
628 663 1872
857 945 3189
620 701 2296
618 786 2370
818.5 855 2853
954.167 1246 3933
967 809 3178
1054 745 3189
350 639 1340
402 649 1488
552.5 1026 3074
505 705 1976
663 740 2340
348 696 1532
609 1282 3740
543 770 2208
715 684 2263
433 582 1444
770 666 2351
532 864 2340
447.5 775 2148
549.5 1057 3074
717 717 2351
706 402 1455
711 701 2340
899 572 2351
362 678 1532
751 672 2296
600 437 1310
369.5 522 1310
478 567 1455
1060.17 1497 4859
343.833 728 1310
546 478 926
412.667 853 1946
838 904 3134
510.167 989 2754
381 656 1734
459 909 2572
638 1091 3178
601 703 2208
616 791 2572
830 590 2572
465.5 794 2236
884 861 3178
327 630 1168
689.5 949 2853
626.5 957 2754
664 415 1425
423 628 1400
1098.17 1465 4859
807.167 1107 3680
507 553 1764
343.667 598 1108
402 270 0
710 1195 3431
1031.17 1262 4297
197 488 926
528 492 1646
427 298 617
561 484 1414
456 483 1370
281 354 0
260 393 0
481 567 1764
427 249 0
546 511 1734
278 370 0
402 302 838
749.5 873 3074
450 239 808
450 206 0
278 408 562
260 422 606
197 444 0
281 384 502


818.5 855 2853
990 1476 4357
663 1331 3740
1158 940 3415
746 1187 3740
1262 1151 4357
404.333 1084 2340
1058.5 1311 4297
938 1197 3795
830 1263 3795
785 1340 3795
707.667 1516 4242
686.5 1276 3680
1337 1102 4357
1117.5 1249 4297
1198 951 3680
670.5 955 2798
588.667 881 2478
824.5 1086 3327
700.5 1215 3415
1187 981 3795
657.667 1136 3316
667.5 992 2853
1081 994 3519
1041 999 3740
896.5 1085 3636
1027 1101 3795
630.5 984 2842
662.5 967 2798
625.5 1237 3636
979 1049 3740
723 961 2913
622.5 1268 3636
1245 935 3795
733.167 1169 3404
685.5 980 2853
930.5 1057 3371
1059 1015 3751
526.5 1270 3404
853.5 1157 3691
1005 1045 3519
532 1120 3134
638 1091 3178
982 965 3431
694 1524 4242
1089 958 3636
514.667 1109 2872
436 1122 2902
1393 1058 4253
927.5 1412 4253
602.167 1198 3404
1058 1073 3795
1117 1025 3795
741 993 3178
717 717 2351
700.5 1265 3680
862 920 3189
648.5 655 2148
1327 1139 4021
948.167 1277 4021
689.5 949 2853
999 1139 3795
782.5 1386 4242
520.5 986 2710
941.5 1096 3691
840 583 2252
830 967 3189
1169 1008 3795
859 1202 3751
1263 912 3795
1494 1054 4297
626.5 957 2754
614 1109 3134
568 806 2252
1208 880 3751
1382.67 1085 4297
749.5 873 3074
787.5 1113 3636
424.5 988 2478
617.667 690 1916
982.5 1379 4297
717.5 1216 3680
891.5 1066 3327
857 945 3189
942 1191 3795
958 1051 3740
941 835 3178
1102 1330 4357
665 1073 3189
1026 1110 3751
505 705 1976
763 1009 3189
796.167 1344 4242
853.5 1415 4253
693 650 1987
727.5 920 3074
1512 1051 4253
1041 1371 4357
583.5 698 1927
704.5 1174 3404
679.5 935 2754
517.667 1104 2872
1136 1177 4357
642 1611 4242
771.5 1360 3933
1026 1118 3795
1061 732 3074
622.667 697 1946
799.167 1437 4297
447.5 775 2148
549.5 1057 3074
973 762 2913
602.5 975 2710
772 1340 3751
620 701 2296
935.5 1333 4253
538 833 2370
722 1001 3178
934 1132 3751
552.5 1026 3074
697.167 1181 3371
785 667 2381
812.167 1087 3680
952 1539 4357
655.667 1577 4242
967 809 3178
445.667 854 2034
610.333 1573 3680
817 628 2381
538 1108 2902
904 780 3134
613 791 2263
583 818 2381
1188 961 3795
1365 832 3691
616 791 2572
905 897 3189
1130 714 2853
532 864 2340
618 786 2370
777 653 2236
709 1063 3189
950 841 3189
528.167 1008 2842
355.333 862 1734
745 1601 4253
1054 745 3189
577.167 1197 3316
350 639 1340
770 635 1927
691 721 2572
1062 995 3636
715 684 2263
884 861 3178
343.833 728 1310
477.5 1048 2798
733.5 1164 3636
634.5 967 2765
670 1062 3178
663 740 2340
432.167 736 1916
812 653 2381
1134 1268 4357
601 703 2208
535 838 2370
543 770 2208
1021 1122 3795
1134 690 3189
683 692 2208
438.167 980 2478
798 933 3178
838 904 3134
561 484 1414
1083 980 3751
375.5 766 1872
596 1128 3178
711 701 2340
433 582 1444
622 1035 3134
539.5 984 2798
369.5 522 1310
478 567 1455
593 1389 3636
387 900 2296
697 965 3134
938 843 3189
1094 1036 3795
442 626 1488
1220 947 3795
876 579 2208
459 909 2572
724.5 920 2765
584.667 1312 3434
362 678 1532
327 630 1168
510.167 989 2754
751 672 2296
1067 1065 3795
528 879 2326
830 590 2572
381 656 1734
628 663 1872
846 827 2814
600 437 1310
669 984 2902
412.667 853 1946
481 567 1764
560 822 2263
632 775 2370
423 628 1400
455 890 2266
742 679 2266
986 804 3189
465.5 794 2236
707 674 2252
770 666 2351
507 553 1764
528 492 1646
730.5 1164 3327
654.5 899 2710
546 511 1734
546 478 926
753 985 3178
402 649 1488
899 572 2351
694 998 2932
706 402 1455
664 415 1425
748.667 887 2754
281 354 0
628 692 1976
427 249 0
456 483 1370
343.667 598 1108
197 488 926
260 393 0
260 422 606
450 239 808
278 408 562
402 302 838
402 270 0
281 384 502
348 696 1532
427 298 617
450 206 0
633 743 2572
278 370 0
197 444 0


1353.67 1276 4859
664 1078 3178
1067.67 1487 4859
1330 1115 4357
948.167 1277 4021
926.5 1368 4253
1117 1025 3795
1160 1010 3795
937.667 1322 4242
1337 1102 4357
1561 1257 4859
603.667 1302 3434
1382.67 1085 4297
938 843 3189
746.667 1507 4242
701.667 962 2872
778.167 1038 3316
1115.67 1448 4859
1180 960 3680
1512 1051 4253
957 1328 4357
1045 1093 3795
1131 954 3431
595.167 1216 3404
1053.5 973 3691
807.167 1107 3680
838 904 3134
836 1220 3751
697 965 3134
913 1382 4357
1191 1138 4357
1042 1290 4357
424.5 988 2478
743.667 1462 4021
1181 1158 4357
796.5 1341 4242
762.667 1387 4242
709 1727 4297
961.667 1236 3933
597.5 1148 3316
814.167 1089 3371
689.667 1496 4021
914 1217 3795
1049.67 1176 4242
1158 940 3415
781 1679 4297
1083 980 3751
729 1735 4357
1494 1054 4297
881.167 1297 3933
766.5 1193 3636
982 965 3431
946 1165 3795
1393 1058 4253
671 1257 3740
675 1336 3751
958 1051 3740
477.5 1048 2798
783 1494 4357
1227.17 1371 4859
613 791 2263
697.167 1181 3371
534.167 992 2842
1165 986 3795
662.5 967 2798
902 827 2623
512.5 1262 3404
404.333 1084 2340
951.5 1071 3691
685 989 2932
876 579 2208
740.667 1765 4859
997 1309 4357
868 1181 3751
670 1062 3178
1147.67 967 3459
1118.67 1158 4021
1208 880 3751
514.667 1109 2872
904.5 1597 4859
820 935 3189
625.5 1237 3636
801 808 2593
1013 1296 4242
617.667 690 1916
739.5 1218 3691
577.333 1244 3178
1136 1177 4357
622 1035 3134
1160.17 1168 4297
436 1122 2902
892.667 1653 4859
864.667 1330 4021
557 1515 3680
783 1116 3740
683 692 2208
765.667 1097 3404
577 1523 3740
794.667 1717 4859
657.667 1136 3316
905.5 1087 3691
609 1282 3740
593 979 2902
753 985 3178
626.5 957 2754
602.5 975 2710
717 717 2351
628 663 1872
803 1310 3795
1130 714 2853
588.667 1553 4242
844.167 1057 3680
763 1009 3189
950 841 3189
946 1040 3519
614 1109 3134
770 635 1927
528 879 2326
1094 1036 3795
1061 732 3074
1263 912 3795
520.5 986 2710
817 628 2381
742 679 2266
1059 1015 3751
689.667 1466 3933
683 1073 3189
812 925 3178
678 865 2814
862 920 3189
1188 961 3795
904 780 3134
560 822 2263
727.5 920 3074
795 970 3189
1365 832 3691
646 1101 3189
539.5 984 2798
777 653 2236
538 833 2370
1054 745 3189
633 743 2572
986 804 3189
730.5 1164 3327
1034 1012 3740
973 762 2913
552.5 1026 3074
505 705 1976
936 855 3178
979 1049 3740
355.333 862 1734
738 1284 3751
812 653 2381
967 809 3178
751 672 2296
638 1091 3178
706 954 3134
798 933 3178
744 919 2825
615.167 1240 3680
693 650 1987
815 1446 4357
616 791 2572
818.5 855 2853
628 692 1976
689.5 949 2853
350 639 1340
387 900 2296
632 775 2370
618 786 2370
588.667 881 2478
445.667 854 2034
535 838 2370
1134 690 3189
707 674 2252
717.5 1216 3680
670.5 955 2798
741 993 3178
884 861 3178
375.5 766 1872
532 1120 3134
722 1001 3178
622.667 697 1946
883.167 1372 4297
726.167 1416 3933
931 1180 3795
648.5 655 2148
715 684 2263
343.833 728 1310
362 678 1532
442 626 1488
433 582 1444
596 1128 3178
834 1281 3795
770 666 2351
950.167 1575 4859
899 572 2351
447.5 775 2148
538 1108 2902
691 721 2572
478 567 1455
532 864 2340
601 703 2208
830 590 2572
840 583 2252
459 909 2572
744 988 3178
620 701 2296
663 740 2340
348 696 1532
510.167 989 2754
583 818 2381
600 437 1310
568 806 2252
711 701 2340
1012 1120 3795
785 667 2381
543 770 2208
432.167 736 1916
343.667 598 1108
455 890 2266
423 628 1400
583.5 698 1927
381 656 1734
706 402 1455
812 1303 3795
610 1117 3178
402 649 1488
412.667 853 1946
710 1195 3431
1031.17 1262 4297
546 478 926
465.5 794 2236
197 488 926
528 492 1646
561 484 1414
456 483 1370
481 567 1764
546 511 1734
749.5 873 3074
278 370 0
278 408 562
260 422 606
664 415 1425
327 630 1168
369.5 522 1310
507 553 1764
427 298 617
281 354 0
197 444 0
281 384 502
450 206 0
450 239 808
260 393 0
402 270 0
427 249 0
402 302 838


820 1317 3795
675 1336 3751
807.5 865 2853
1337 1102 4357
905 897 3189
817.5 820 2710
670 1062 3178
1197 1209 4357
1032.5 1339 4297
1512 1051 4253
510.167 989 2754
1108 1016 3795
597.5 1148 3316
736 1042 3189
642 1611 4242
535 838 2370
1220 947 3795
859 1202 3751
1012 1120 3795
1095.67 1276 4242
1382.67 1085 4297
1045 1093 3795
798 933 3178
1494 1054 4297
1117.5 1249 4297
1115 1417 4357
1243 1198 4357
845.5 1435 4253
836 1080 3316
697.167 1181 3371
626.5 957 2754
1393 1058 4253
1179 1234 4253
936 855 3178
613 791 2263
1262 1151 4357
602.5 975 2710
775.5 1207 3680
822 1452 4357
1024 1031 3751
1047.67 1267 4021
992.667 1333 4051
1018.5 1324 3933
1167 1247 4357
1044.5 1320 4253
958 1051 3740
1056.5 1307 4242
517.667 1104 2872
868.667 1067 3404
815.667 1090 3316
926.5 1368 4253
759 1599 4253
1245 935 3795
1158 940 3415
981 1175 3795
785 1340 3795
741 993 3178
539.5 984 2798
715 684 2263
989 1154 3751
685.167 1456 4242
552.5 1026 3074
767 986 3189
887 1228 3795
1187 972 3740
838 904 3134
744 919 2825
1018.67 1032 3459
846 827 2814
979 1049 3740
538 833 2370
628 663 1872
685 989 2932
783 1253 3751
844.667 1112 3434
704.5 1174 3404
1034 1012 3740
1094 1036 3795
902.5 1451 4297
1188 961 3795
830 967 3189
1208 880 3751
583 818 2381
1053.5 973 3691
967 809 3178
941 835 3178
1263 912 3795
881.667 1109 3680
1365 832 3691
617.667 690 1916
540.167 1236 3404
528.167 1008 2842
785 667 2381
1050.67 985 3680
938 843 3189
609 1282 3740
701.667 962 2872
904 780 3134
982 965 3431
732 1225 3519
632 775 2370
965.667 1349 4051
920.667 1377 4051
749.5 873 3074
596 1128 3178
1049 1088 3795
736.5 1249 3691
638 1091 3178
817 628 2381
1054 745 3189
532 1120 3134
663 1601 4021
447.5 775 2148
1011 1054 3751
1134 690 3189
926.5 1087 3459
672.5 1268 3680
783 1116 3740
445.667 854 2034
1261 1153 4357
782.5 1386 4242
950 841 3189
520.5 986 2710
717 717 2351
618 786 2370
519.667 1298 3404
1071 1086 3795
665 1073 3189
693 650 1987
770 666 2351
614 1109 3134
699.5 1430 4242
892.5 1045 3415
951.5 1406 4297
694.5 971 2853
1151 1350 4357
1059 1015 3751
455 890 2266
1121 962 3431
678 865 2814
1061 732 3074
375.5 766 1872
663 740 2340
986 804 3189
424.5 988 2478
770 635 1927
616 791 2572
1165 986 3795
751 672 2296
822.5 1373 4021
812 925 3178
648.5 655 2148
622.667 697 1946
874 1253 3795
771.5 1360 3933
728.5 1239 3680
583.5 698 1927
1026 1118 3795
706 954 3134
857 953 3189
1222.5 1177 4253
697 1234 3404
707 674 2252
456 483 1370
812 653 2381
528 879 2326
700.5 1215 3415
534.167 992 2842
560 822 2263
818.5 855 2853
438.167 980 2478
622 1035 3134
404.333 1084 2340
884 861 3178
668 1257 3431
601 703 2208
697 965 3134
327 630 1168
711 701 2340
412.667 853 1946
753 985 3178
568 806 2252
507 553 1764
742 679 2266
436 1122 2902
465.5 794 2236
362 678 1532
543 770 2208
355.333 862 1734
1130 714 2853
706 402 1455
402 649 1488
343.833 728 1310
459 909 2572
526.5 1270 3404
505 705 1976
610 1117 3178
709 1063 3189
721.5 1230 3636
777 653 2236
691 721 2572
478 567 1455
840 583 2252
899 572 2351
973 762 2913
801 808 2593
946 1040 3519
664 415 1425
549.5 1057 3074
622.5 1268 3636
348 696 1532
532 864 2340
683 692 2208
387 900 2296
628 692 1976
481 567 1764
369.5 522 1310
600 437 1310
876 579 2208
350 639 1340
670.5 955 2798
546 478 926
830 590 2572
561 484 1414
197 444 0
620 701 2296
588.667 881 2478
633 743 2572
546 511 1734
432.167 736 1916
593 979 2902
528 492 1646
381 656 1734
402 270 0
423 628 1400
433 582 1444
477.5 1048 2798
442 626 1488
450 206 0
402 302 838
278 408 562
278 370 0
343.667 598 1108
281 354 0
260 393 0
281 384 502
427 298 617
538 1108 2902
197 488 926
427 249 0
450 239 808
260 422 606


670.5 955 2798
801 808 2593
1262 1151 4357
853.5 1157 3691
726.167 1416 3933
741 993 3178
678 865 2814
1034 1012 3740
862 920 3189
1045 1093 3795
1036 1127 3795
948.167 1277 4021
512.5 1262 3404
857.5 1126 3691
654.5 899 2710
534.167 992 2842
704.5 1174 3404
868 1181 3751
1049 1088 3795
1041 999 3740
1245 935 3795
671 1257 3740
445.667 854 2034
816 1139 3431
937.667 1322 4242
1057 984 3316
1041 1371 4357
688.167 1451 4242
477.5 1048 2798
1188 961 3795
1136 1177 4357
771.5 1360 3933
744 919 2825
783 1494 4357
1169 1008 3795
833 1446 4357
517.667 1104 2872
1393 1058 4253
1147.67 967 3459
628.5 1256 3404
807.5 865 2853
884 861 3178
689.5 949 2853
1263 912 3795
796.167 1344 4242
973 805 3178
782.5 1386 4242
836 1220 3751
1494 1054 4297
946 1040 3519
614 1109 3134
577.333 1244 3178
905 897 3189
700.5 1215 3415
1512 1051 4253
794 1300 3795
958 1051 3740
935.5 1333 4253
1208 880 3751
1158 940 3415
1103 1033 3795
739.5 1218 3691
552.5 1026 3074
613 791 2263
913 1382 4357
895 1404 4357
699.5 1430 4242
1134 690 3189
967 809 3178
1365 832 3691
685 989 2932
785 1340 3795
781.5 869 3074
795 970 3189
432.167 736 1916
593 979 2902
663 740 2340
675 1336 3751
424.5 988 2478
736 1042 3189
814 1204 3740
597.5 1148 3316
749.5 873 3074
853.5 1415 4253
1054 745 3189
745 1601 4253
711 701 2340
520.5 986 2710
973 762 2913
532 864 2340
770 666 2351
549.5 1057 3074
596 1128 3178
1092.5 1213 4253
733.5 1164 3636
583 818 2381
1061 732 3074
670 1062 3178
1278 905 3795
628 692 1976
950 841 3189
986 804 3189
1130 714 2853
770 635 1927
777 653 2236
404.333 1084 2340
972.5 1032 3636
820 1188 3740
896.5 1085 3636
535 838 2370
655.667 1577 4242
899 572 2351
642 1611 4242
662.5 967 2798
811 963 3178
538 1108 2902
622.667 697 1946
812 925 3178
862 1255 3795
817.5 820 2710
711.167 835 2754
1013 1162 3795
568 806 2252
1050.67 985 3680
904 780 3134
560 822 2263
811.5 1195 3680
830 590 2572
773 1243 3740
847.5 1171 3691
665 1073 3189
514.667 1109 2872
626.5 957 2754
756 1284 3751
1051 1287 4357
375.5 766 1872
616 791 2572
1367 1098 4357
1277.5 1132 4253
622 1035 3134
707 674 2252
609 1282 3740
601 703 2208
876 579 2208
617.667 690 1916
528 879 2326
896 1213 3795
744 988 3178
717 717 2351
706 954 3134
697 965 3134
751 672 2296
543 770 2208
817 628 2381
742 679 2266
438.167 980 2478
727.5 920 3074
532 1120 3134
820 935 3189
1059 1015 3751
593 1389 3636
915 885 3189
709 1063 3189
632 775 2370
350 639 1340
763 1009 3189
638 1091 3178
355.333 862 1734
618 786 2370
447.5 775 2148
412.667 853 1946
459 909 2572
846 1182 3751
628 663 1872
838 904 3134
649.5 973 2765
728.5 1239 3680
715 684 2263
423 628 1400
873 1114 3316
728 1245 3740
722 1001 3178
693 650 1987
343.833 728 1310
983.5 1360 4297
387 900 2296
465.5 794 2236
785 667 2381
539.5 984 2798
812.5 1149 3680
505 705 1976
455 890 2266
327 630 1168
1002 1065 3751
1086.5 969 3691
442 626 1488
730.5 1164 3327
1121 962 3431
691 721 2572
753 985 3178
456 483 1370
846 827 2814
840 583 2252
946 1165 3795
893.5 1085 3327
343.667 598 1108
646 1101 3189
546 511 1734
436 1122 2902
369.5 522 1310
561 484 1414
683 692 2208
583.5 698 1927
528 492 1646
538 833 2370
648.5 655 2148
402 649 1488
664 415 1425
850.5 824 2765
929.5 1089 3691
362 678 1532
481 567 1764
478 567 1455
546 478 926
620 701 2296
402 302 838
381 656 1734
197 488 926
633 743 2572
260 393 0
427 298 617
600 437 1310
706 402 1455
812 653 2381
427 249 0
197 444 0
450 239 808
260 422 606
450 206 0
348 696 1532
281 384 502
281 354 0
278 408 562
402 270 0
433 582 1444
507 553 1764
278 370 0


699.5 1430 4242
663 1331 3740
946 1040 3519
1139.67 1284 4051
1149.17 1157 4297
925 1092 3740
1517 1296 4859
1028 1017 3431
1108 1016 3795
783 1116 3740
436 1122 2902
1238.17 1350 4859
477.5 1048 2798
532 1120 3134
742 1286 3751
1006 1123 3795
539.5 984 2798
1486 1089 4253
638 1091 3178
1508 1332 4859
1255 909 3795
1083 980 3751
920.167 1340 4297
1284 1149 4357
857.5 1610 4357
1103.17 1450 4859
722 1001 3178
534.167 992 2842
790.167 1100 3680
622 1035 3134
1086.5 969 3691
862 920 3189
1061 732 3074
1180 960 3680
1183.17 1395 4859
1367 1098 4357
726.167 1416 3933
1494 1347 4859
1277.5 1132 4253
733.167 1169 3404
1134 690 3189
938 843 3189
886 1188 3751
973 805 3178
741 993 3178
597.5 1148 3316
744 919 2825
950 841 3189
689.5 949 2853
742 679 2266
610 1117 3178
595.167 1216 3404
1054 745 3189
904 780 3134
948.167 1277 4021
1023 1117 3795
438.167 980 2478
869.167 1640 4859
749.5 873 3074
678 865 2814
549.5 1057 3074
1188 961 3795
794 1300 3795
996 1169 3795
721.5 1230 3636
967 809 3178
987.167 1548 4859
665 1073 3189
577.167 1197 3316
881.167 1297 4242
602.167 1198 3404
593 979 2902
1057 984 3316
838 904 3134
905.5 1087 3691
973 762 2913
1041 1371 4357
625.5 1237 3636
807 1749 4357
884 861 3178
818.5 855 2853
1035.17 1509 4859
739.5 1218 3691
693 650 1987
715 684 2263
706 954 3134
662.5 967 2798
626.5 957 2754
1002 1065 3751
881.167 1297 3933
781.5 869 3074
817.5 820 2710
670.5 955 2798
818.667 1779 4859
751.667 1571 4297
746 1187 3740
840 583 2252
1037.67 1023 3489
812 925 3178
986 804 3189
526.5 1270 3404
752.167 1163 3459
445.667 854 2034
615.167 1240 3680
997 1408 4357
796.167 1344 4242
1365 832 3691
830 590 2572
1278 905 3795
1042 1290 4357
919.5 1414 4297
798 933 3178
727.5 920 3074
814.167 1089 3371
602.5 975 2710
817.167 1434 4297
1062 995 3636
731.5 1208 3680
682.167 1448 4242
707 674 2252
552.5 1026 3074
520.5 986 2710
505 705 1976
862.5 1331 4021
823.5 1063 3636
763 1009 3189
972.5 1032 3636
543 770 2208
753 985 3178
957 1420 4357
820 935 3189
736 1042 3189
1062 998 3740
601 703 2208
634.5 967 2765
934 1132 3751
744 988 3178
375.5 766 1872
343.833 728 1310
770 635 1927
528.167 1008 2842
770 666 2351
632 775 2370
628 663 1872
628 692 1976
846 827 2814
812 653 2381
617.667 690 1916
919 848 3178
447.5 775 2148
830 1263 3795
859 1202 3751
685 989 2932
510.167 989 2754
751 672 2296
1187 972 3740
350 639 1340
633 743 2572
596 1128 3178
588.667 881 2478
620 701 2296
1168 1281 4357
465.5 794 2236
700 1066 3178
622.667 697 1946
584.667 1312 3434
614 1109 3134
1276 1174 4357
717 717 2351
1045 1093 3795
355.333 862 1734
905 897 3189
817 628 2381
1208 880 3751
711 701 2340
1227 1213 4357
777 653 2236
741.5 1182 3415
560 822 2263
888 1225 3795
936 1177 3795
1121 962 3431
412.667 853 1946
561 484 1414
785 667 2381
424.5 988 2478
915 885 3189
387 900 2296
459 909 2572
528 492 1646
455 890 2266
958 1051 3740
583 818 2381
613 791 2263
442 626 1488
876 579 2208
1041 999 3740
691 721 2572
600 437 1310
433 582 1444
517.667 1104 2872
535 838 2370
423 628 1400
807.5 865 2853
327 630 1168
663 740 2340
369.5 522 1310
899 572 2351
1187 981 3795
456 483 1370
568 806 2252
618 786 2370
683 692 2208
343.667 598 1108
381 656 1734
583.5 698 1927
402 649 1488
664 415 1425
616 791 2572
532 864 2340
528 879 2326
941 835 3178
697 965 3134
546 478 926
362 678 1532
538 833 2370
507 553 1764
648.5 655 2148
546 511 1734
478 567 1455
432.167 736 1916
481 567 1764
348 696 1532
402 302 838
427 249 0
450 206 0
197 488 926
402 270 0
278 408 562
281 354 0
427 298 617
706 402 1455
260 393 0
450 239 808
278 370 0
281 384 502
260 422 606
197 444 0


978.5 1298 4253
622 1035 3134
1049.67 1176 4242
775 996 3178
1015 1025 3740
1066 1316 4357
973 805 3178
671 1257 3740
877.5 1334 4242
663.5 1202 3327
512.5 1262 3404
999 1139 3795
1337 1102 4357
1027 1101 3795
749 1606 4253
614 1109 3134
795 970 3189
989.167 1556 4859
780 1547 4253
610 1117 3178
874 1294 3795
958 1051 3740
1081 994 3519
952.667 1325 4242
670.5 955 2798
1641 1273 4859
781 1679 4297
812.667 1717 4859
603.667 1302 3434
740.667 1765 4859
700 1066 3178
577 1523 3740
1088 1216 4357
1058 1073 3795
759 1255 3740
657.667 1136 3316
557 1515 3680
822.5 1373 4021
459 909 2572
717 717 2351
588.667 1553 4242
1003.5 1530 4859
873.5 1642 4859
961.667 1236 3933
922.5 1597 4859
762.667 1387 4242
857 953 3189
602.5 975 2710
714.5 1215 3415
638 1091 3178
1059 1015 3751
881.667 1109 3680
926.5 1368 4253
849 1170 3751
689.667 1496 4021
1094 1036 3795
833 1446 4357
913 1382 4357
701.667 962 2872
704.5 1174 3404
765.667 1097 3404
921 1129 3751
817 628 2381
1116.17 1187 4297
436 1122 2902
622.667 697 1946
823.5 1063 3636
901.5 1248 3933
946 1040 3519
1013 1296 4242
767 999 3178
1393 1058 4253
665 1073 3189
1160 965 3691
982 965 3431
1188 961 3795
970 1351 4357
840 583 2252
699.5 1430 4242
801 808 2593
783 1116 3740
532 1120 3134
757.5 1187 3636
1026 1118 3795
892.5 1045 3415
904 780 3134
662.5 967 2798
718.5 1184 3415
1087 1060 3795
930.5 1337 4253
648.5 655 2148
772 1340 3751
505 705 1976
588.667 881 2478
1297 1184 4297
1494 1054 4297
613 791 2263
404.333 1084 2340
424.5 988 2478
560 822 2263
593 979 2902
697 1234 3404
1127 1004 3691
783 1494 4357
1158 1003 3691
798 933 3178
709 1063 3189
654.5 899 2710
1265 1154 4242
967 809 3178
836 1220 3751
1263 912 3795
770 635 1927
886.5 1092 3680
777 653 2236
597.5 1148 3316
678 865 2814
520.5 986 2710
1512 1051 4253
583.5 698 1927
876.167 1297 4021
343.833 728 1310
596 1128 3178
528.167 1008 2842
626.5 957 2754
609 1282 3740
539.5 984 2798
986 804 3189
884 861 3178
617.667 690 1916
685 989 2932
577.333 1244 3178
751 672 2296
1158 940 3415
707 674 2252
717.5 1216 3680
1157 970 3636
697 965 3134
1130 714 2853
625.5 1237 3636
973 762 2913
711 701 2340
1115 1003 3680
683 692 2208
1365 832 3691
905.5 1087 3691
693 650 1987
950 841 3189
592 992 2814
634.5 967 2765
1208 880 3751
632 775 2370
601 703 2208
535 838 2370
1061 732 3074
1214 1519 4859
1319 1125 4357
1121 962 3431
1118.67 1158 4021
1147.67 967 3459
739.5 1218 3691
749.5 873 3074
543 770 2208
941 835 3178
663 740 2340
731.5 1208 3680
887 1228 3795
1058.5 1311 4297
1476 1077 4297
1165 986 3795
838 904 3134
447.5 775 2148
1134 690 3189
628 663 1872
628 692 1976
1108.67 993 3489
355.333 862 1734
876 579 2208
618 786 2370
772 1183 3519
552.5 1026 3074
528 879 2326
817.5 820 2710
387 900 2296
706 954 3134
477.5 1048 2798
812 653 2381
899 572 2351
532 864 2340
812 925 3178
456 483 1370
1353.67 1276 4859
1198 951 3680
620 701 2296
818.5 855 2853
465.5 794 2236
616 791 2572
538 833 2370
1045 1093 3795
664 415 1425
412.667 853 1946
433 582 1444
691 721 2572
350 639 1340
583 818 2381
600 437 1310
432.167 736 1916
568 806 2252
785 667 2381
715 684 2263
423 628 1400
402 649 1488
455 890 2266
938 843 3189
1160 1010 3795
954.167 1246 3933
830 590 2572
1287.67 1503 4859
1054 745 3189
770 666 2351
931 1180 3795
327 630 1168
445.667 854 2034
343.667 598 1108
546 478 926
517.667 1104 2872
381 656 1734
278 370 0
442 626 1488
706 402 1455
528 492 1646
1382.67 1085 4297
348 696 1532
362 678 1532
375.5 766 1872
281 354 0
742 679 2266
197 444 0
260 422 606
450 239 808
278 408 562
478 567 1455
507 553 1764
561 484 1414
546 511 1734
402 270 0
481 567 1764
427 298 617
450 206 0
633 743 2572
369.5 522 1310
402 302 838
281 384 502
427 249 0
197 488 926
260 393 0


