1.923265306e+00 1.633132530e+00 2.000000000e+00 
1.901360544e+00 1.646987952e+00 2.000000000e+00 
1.887210884e+00 1.656626506e+00 2.000000000e+00 
1.862721088e+00 1.665060241e+00 2.000000000e+00 
1.850340136e+00 1.676506024e+00 2.000000000e+00 
1.840816327e+00 1.678915663e+00 2.000000000e+00 
1.826530612e+00 1.695180723e+00 2.000000000e+00 
1.746714286e+00 1.703012048e+00 2.000000000e+00 
1.710884354e+00 1.756626506e+00 2.000000000e+00 
1.704081633e+00 1.771084337e+00 2.000000000e+00 
1.700680272e+00 1.775903614e+00 2.000000000e+00 
1.607258503e+00 1.800000000e+00 2.000000000e+00 
1.600000000e+00 1.838554217e+00 2.000000000e+00 
1.593877551e+00 1.853614458e+00 2.000000000e+00 
1.590476190e+00 1.855421687e+00 2.000000000e+00 
1.588435374e+00 1.858433735e+00 2.000000000e+00 
1.570748299e+00 1.870481928e+00 2.000000000e+00 
1.555782313e+00 1.878915663e+00 2.000000000e+00 
1.530612245e+00 1.898795181e+00 2.000000000e+00 
1.514965986e+00 1.913855422e+00 2.000000000e+00 
1.432108844e+00 1.918072289e+00 2.000000000e+00 
