834.8 1389 4240
772.8 1492 4240
771.8 1556 4240
765.133 1577 4240
764.133 1641 4240
909.8 1257 3916
731.467 1467 3916
834.8 1364 3916
831.8 1367 3916
874.8 1328 3916
730.467 1531 3916
808.75 1463 3916
661.967 1636 3916
700.833 1621 3916
614.2 1320 3853
568.8 1397 3853
666.8 1301 3853
556.733 1458 3853
876 1256 3746
584.8 1314 3734
600.8 1307 3734
565.8 1378 3734
1136.8 1243 3584
591.8 1150 3529
534.333 1288 3529
686.8 1149 3529
527.467 1372 3529
951 1124 3422
366.967 1353 3410
405.833 1338 3410
559.467 1282 3410
574.667 1268 3359
575 1165 3359
273.8 1114 3347
266.133 1199 3347
953.8 1095 3260
496 1113 3035
633 1017 3035
688 995 3035
673 1014 3035
232.467 1089 3023
421.333 975 3023
510.8 944 3023
495.8 963 3023
308.667 1004 2853
232.467 1086 2853
251.55 1081 2691
594.667 939 2568
618.8 915 2568
379 830 2529
279.25 979 2529
211.8 1061 2529
552 811 2529
189.6 1027 2435
367.2 973 2435
205.8 880 2386
198.133 965 2386
465.333 813 2367
554.8 782 2367
344.8 803 2111
189.6 1002 2111
605 780 2074
164.467 855 2062
377.333 755 2062
427.8 729 2062
214 809 1941
516.8 704 1912
237 766 1892
164.467 852 1892
371 747 1892
596 649 1873
263.8 694 1730
205.8 847 1730
194 639 1617
217 596 1568
143.8 827 1568
121.6 793 1474
558 571 1418
303.333 520 1406
191.75 776 1285
146.4 583 1150
121.6 768 1150
146 575 980
121.6 765 980
332 477 961
194.6 563 912
303.333 492 912
422 387 912
121.6 760 818
126 405 656
121.6 740 656
226.8 348 494
121.6 735 494
204 389 324
121.6 732 324
126 372 0
226.8 320 0
204 364 0
121.6 707 0
