1421.33 3892 8412
1394 3979 8412
1398.67 3947 8412
1396.67 3950 8412
1377.67 3992 8412
1394 3963 8412
1430.67 3864 8412
1396.67 3961 8412
1406 3922 8412
1281.83 4370 8412
1283.5 4346 8412
1306.5 4318 8412
1298.5 4341 8412
1237.17 4518 8412
1255.17 4411 8412
1277.83 4383 8412
1232.67 4552 8412
1266.67 4407 8412
1243 4417 8412
1313.33 4260 8412
1273.33 4387 8412
1370 4041 8412
1319 4170 8412
1344.33 4055 8412
1321.33 4165 8412
1355.33 4047 8412
1371.33 4022 8412
1334.33 4106 8412
1964.33 3350 8412
1961.83 3354 8412
2104.33 3320 8412
1690.33 3686 8412
1699.67 3658 8412
1479.67 3779 8412
1494.33 3737 8412
1487.33 3754 8412
1521 3703 8412
1505 3721 8412
1487 3767 8412
1480.67 3774 8412
1758 3490 8412
1444 3852 8412
1456.67 3811 8412
1446.67 3836 8412
1440.33 3857 8412
1437.67 3863 8412
1430.67 3870 8412
1421.67 3882 8412
1471.33 3792 8412
1444 3842 8412
1471.33 3797 8412
1447 3835 8412
2423.67 2797 7444
1754.83 2889 7444
1721 2936 7444
1754.5 2897 7444
1599.5 3324 7444
1547.67 3345 7444
1432.83 3491 7444
1633 3086 7444
1638.67 2973 7444
1611.33 3096 7444
1638.33 2981 7444
1805.33 2807 7444
1798.67 2843 7444
1805 2815 7444
1781.67 2850 7444
2104.67 3316 8412
2091.33 3342 8412
2611.83 3287 8412
2115.5 3295 8412
2773.83 3282 8412
3521.33 3218 8412
3795 3208 8412
2776.5 3273 8412
3038.17 3228 8412
3955 3204 8412
3198.17 3224 8412
2936.5 3269 8412
598.5 845 1953
519.5 1001 1953
523.5 964 1953
638.667 810 1953
574.5 878 1953
509.5 681 1894
465 823 1894
531.333 908 1953
429 279 0
381 329 0
405 295 0
257 454 968
363.667 734 1051
389 717 1051
494 628 1376
471.5 535 1336
356 801 1503
356 373 426
381 371 409
244 389 284
281.5 339 368
212 406 302
429 325 325
253 445 618
405 344 592
1408.5 3373 5433
1047.67 1722 4491
1054.5 1681 4491
862.667 1768 4491
1149.67 1637 4491
1258.67 1624 4491
1046.33 1752 4491
1166.5 2511 5305
1646 2088 5305
1351.33 2247 5305
1351.33 2277 5305
1179.67 2374 5305
1366.33 2207 5305
1598.33 2107 5305
1540.67 2128 5305
1407.33 2146 5305
1255 2337 5305
1289 2279 5305
845 975 2144
826 1011 2328
828 1378 4170
812 1427 4170
797.333 1435 4170
1256.33 1347 4170
590.833 1783 4170
675.5 1588 4170
686.667 1525 4170
625 1673 4170
608.833 1716 4170
620 1694 4170
740.5 1492 4170
722 1512 4170
735.667 1509 4170
749.5 1466 4170
794 1449 4170
656 1631 4170
1018 1265 3262
677 1299 3277
596.5 1471 2619
1352 1200 2503
1086 1090 2479
2169.5 2261 5331
1968.5 2390 6174
1869.33 2400 6174
2008.5 2349 6174
2061.5 2343 6174
1818.5 2511 6174
2007.5 2362 6174
1790.5 2554 6174
1699.5 2937 5898
2222 2078 5873
2076 2291 6174


430 284 0
359 323 0
334 357 0
257 421 0
401 672 1202
394 692 1202
253 445 618
334 383 767
304 450 759
430 321 808
620 472 983
566 575 1092
498 603 1092
257 454 968
356 373 426
405 344 592
230 472 393
1150.17 3068 7168
1176.5 2993 7168
1155.17 3025 7168
1166.5 3004 7168
1183.33 2932 7168
1459.83 2413 7168
1642.5 2397 7168
1349.33 2439 7168
1243.5 2621 7168
1209.67 2857 7168
1315.17 3788 9334
1325.17 3772 9334
1331.83 3735 9334
1272 3906 9334
1277.17 3904 9334
1261 3927 9334
1281.17 3895 9334
1281.5 3891 9334
1254.83 3963 9334
1247.17 3968 9334
1228.83 3994 9334
1217.83 4020 9334
1201.5 4044 9334
1211.17 4027 9334
1226.83 4003 9334
1195.17 4075 9334
1222.5 4005 9334
1295.17 3866 9334
1288.83 3877 9334
1292.67 3873 9334
1298.83 3863 9334
1306.17 3815 9334
1488.67 3426 9334
1438.33 3575 9334
1422.33 3598 9334
1435.33 3584 9334
1430.5 3586 9334
1410.33 3605 9334
1398.33 3642 9334
1352.17 3669 9334
1385.33 3665 9334
1451.67 3518 9334
1438.67 3551 9334
1479 3478 9334
1482 3471 9334
1487 3466 9334
3103.83 3074 9334
2957.83 3080 9334
2466.5 3286 9334
2476.83 3094 9334
2289.33 3291 9334
1511 3351 9334
1545 3300 9334
2696.67 2747 7702
1235.33 3456 7702
1256 3368 7702
1301 3328 7702
1253 3427 7702
1225.33 3538 7702
1335 3250 7702
1824.17 2818 7702
1798.17 2824 7702
1952 2751 7702
1558.83 3115 7702
1421.33 3186 7702
1439 3157 7702
1586 2852 7702
1580.83 2899 7702
1849 2394 7168
2327.5 2391 7168
836.667 1925 3077
1559.33 1488 3947
1470.33 1557 3947
1491.33 1533 3947
1660.33 1432 3947
1632.33 1468 3947
1471.33 1554 3947
1558.33 1497 3947
1114 1846 3947
1148 1730 3947
1147 1782 3947
1049.33 1865 3947
1006 1908 3947
1118 1784 3947
1080.33 1849 3947
1114.33 1793 3947
1222 1653 3947
1318 1585 3947
1250 1645 3947
1221 1672 3947
436 1113 1951
322.333 816 1702
524 581 1392
639 852 2028
409.333 762 1601
792 723 1484
654 985 2403
452.333 1057 2403
545 1043 2403
656.333 905 2403
1079.5 2196 4020
1588.33 2049 4855
1371.33 2059 4414
1532.33 2337 4684
1681 1650 4122
1423.33 1829 4027
1180 1438 2770
818.667 1605 2977
769 1213 2535
769.333 1203 2535
630 1237 2596


227.833 519 0
359 357 983
356 373 426
405 344 592
244 389 284
242.333 392 584
281.5 339 368
405 295 0
242.333 344 0
281.5 312 0
304 450 759
307 449 851
289.667 564 983
325.333 493 983
2237.83 2551 6666
2477.83 2503 6666
2245.83 2546 6666
2601.33 2460 6666
2585.33 2483 6666
2361.33 2508 6666
2252.17 2535 6666
2595 2475 6666
1994.5 3443 8700
1978.83 3458 8700
1970.17 3541 8700
1978.5 3512 8700
1944.83 3592 8700
1904.67 3597 8700
1467.83 4265 8700
1474.5 4220 8700
1491.17 4198 8700
1517.83 4141 8700
1466.83 4295 8700
1597.5 4025 8700
1623.17 3974 8700
1613.83 3982 8700
1524.17 4121 8700
1569.83 4045 8700
1622.83 3977 8700
1627.83 3943 8700
1857.17 3642 8700
1742.83 3710 8700
1640.5 3819 8700
1681.5 3767 8700
1868 3612 8700
2177.5 3397 8700
2219.17 3348 8700
2112.67 3420 8700
2250.33 3341 8700
2344.5 3216 8700
2395 2553 7532
2214.67 2564 7532
1758 2758 7532
2133.83 2670 7532
2138.33 2590 7532
2038.67 2679 7532
1505.33 2858 7532
1363.33 2864 7532
2064.67 2678 7532
2001.67 2680 7532
887.5 1589 4211
763 1765 4211
1034 1443 4211
800.5 1742 4211
955.333 1466 4211
808.833 1592 4211
1066.67 2149 4461
1179.33 1732 4461
1129.33 1856 4461
1016.67 2279 4461
1094.67 2121 4461
1086 2141 4461
1508 1616 4461
597 574 1268
466 649 1426
686.667 743 1544
396.667 712 1328
1045.5 770 1969
893 684 1768
838 665 1735
518.5 770 1951
919 583 1484
720.667 934 2120
670.667 976 2120
529.333 1002 2120
397.333 1066 2120
1911.67 2164 5464
1877.67 2499 4915
1623.5 2541 6476
1561.17 2648 6666
1543.17 2721 6666
1908.33 2622 6666
1912 2616 6666
1520 2776 6666
2072.5 2564 6666
1567.83 2633 6666
873 1389 2247
564.667 1403 2878
1396.33 1368 2395


2257.33 2846 8970
2099 2860 8970
2068.67 2905 8970
2075 2889 8970
2053.33 2928 8970
2063.33 2908 8970
1641 2922 8386
2029.83 2901 8386
1903.33 2905 8386
2156.33 2833 8386
1826.67 2949 8970
1815.5 2992 8970
1804 3019 8970
1820.33 2964 8970
1789.33 3025 8970
1552.67 3066 8970
1709.33 3044 8970
1343.33 3223 8970
1777 3029 8970
1393.33 3143 8970
1402.67 3103 8970
1336.33 3255 8970
1329.67 3295 8970
1368.67 3202 8970
1303 3346 8970
1523.67 3017 8386
1650.5 2907 8386
1634.33 2952 8386
1618.33 2992 8386
1421 3073 8386
1620.83 2958 8386
1554.33 2995 8386
1427.67 3043 8386
1249.67 3129 8119
1159.33 3858 8970
1142.67 3970 8970
1149.33 3928 8970
1149.67 3864 8970
1143 3931 8970
1220.33 3748 8970
1226.33 3709 8970
1236.33 3696 8970
1220.67 3732 8970
1243.67 3656 8970
1237 3695 8970
1243.33 3662 8970
1202.33 3778 8970
1175.33 3853 8970
1182.67 3846 8970
1193.67 3787 8970
1202.67 3758 8970
1183.33 3843 8970
1186.67 3798 8970
1391.33 3152 8970
1369.33 3161 8970
1259 3642 8970
1259.67 3621 8970
1303 3378 8970
1293.67 3515 8970
1284.33 3547 8970
1275.67 3582 8970
1294 3509 8970
1276 3576 8970
1336.67 3245 8970
1359.33 3211 8970
1309.33 3311 8970
1323.33 3310 8970
431.333 614 1343
427 561 1245
287.333 667 1343
283.667 571 1245
281.5 312 0
412 291 0
244 355 0
429 279 0
212 361 0
304 450 759
230 472 393
244 389 284
212 406 302
281.5 339 368
257 454 968
412 314 943
363 380 500
356 373 426
548.5 953 2535
1035 879 2118
547 614 1527
389.333 730 1943
899 945 2529
574 565 1618
706 1112 2644
596 1227 2644
744 1059 2644
651.5 1201 2644
1771.67 2004 4680
1957 2502 5847
1380.67 2633 5608
1792.33 2757 6181
2383 2493 5791
1828.17 2343 5281
1406.83 2383 5234
954 1265 2954
910.667 1583 4565
748.667 1704 4565
1362 1570 4565
875.167 1640 4565
926.667 1579 4565
775.667 1669 4565


2257.33 2846 8970
2099 2860 8970
2068.67 2905 8970
2075 2889 8970
2053.33 2928 8970
2063.33 2908 8970
1641 2922 8386
2029.83 2901 8386
1903.33 2905 8386
2156.33 2833 8386
1826.67 2949 8970
1815.5 2992 8970
1804 3019 8970
1820.33 2964 8970
1789.33 3025 8970
1552.67 3066 8970
1709.33 3044 8970
1343.33 3223 8970
1777 3029 8970
1393.33 3143 8970
1402.67 3103 8970
1336.33 3255 8970
1329.67 3295 8970
1368.67 3202 8970
1303 3346 8970
1523.67 3017 8386
1650.5 2907 8386
1634.33 2952 8386
1618.33 2992 8386
1421 3073 8386
1620.83 2958 8386
1554.33 2995 8386
1427.67 3043 8386
1249.67 3129 8119
1159.33 3858 8970
1142.67 3970 8970
1149.33 3928 8970
1149.67 3864 8970
1143 3931 8970
1220.33 3748 8970
1226.33 3709 8970
1236.33 3696 8970
1220.67 3732 8970
1243.67 3656 8970
1237 3695 8970
1243.33 3662 8970
1202.33 3778 8970
1175.33 3853 8970
1182.67 3846 8970
1193.67 3787 8970
1202.67 3758 8970
1183.33 3843 8970
1186.67 3798 8970
1391.33 3152 8970
1369.33 3161 8970
1259 3642 8970
1259.67 3621 8970
1303 3378 8970
1293.67 3515 8970
1284.33 3547 8970
1275.67 3582 8970
1294 3509 8970
1276 3576 8970
1336.67 3245 8970
1359.33 3211 8970
1309.33 3311 8970
1323.33 3310 8970
431.333 614 1343
427 561 1245
287.333 667 1343
283.667 571 1245
281.5 312 0
412 291 0
244 355 0
429 279 0
212 361 0
304 450 759
230 472 393
244 389 284
212 406 302
281.5 339 368
257 454 968
412 314 943
363 380 500
356 373 426
548.5 953 2535
1035 879 2118
547 614 1527
389.333 730 1943
899 945 2529
574 565 1618
706 1112 2644
596 1227 2644
744 1059 2644
651.5 1201 2644
1771.67 2004 4680
1957 2502 5847
1380.67 2633 5608
1792.33 2757 6181
2383 2493 5791
1828.17 2343 5281
1406.83 2383 5234
954 1265 2954
910.667 1583 4565
748.667 1704 4565
1362 1570 4565
875.167 1640 4565
926.667 1579 4565
775.667 1669 4565


2357.33 2708 7093
1490.83 3167 7093
2091.33 2776 7093
2124.67 2717 7093
2543.33 2783 8868
2340.67 2795 8868
2418 2787 8868
2210.67 2869 8868
2215.33 2799 8868
3034.67 2775 8868
2909.33 2779 8868
1477.67 3430 8868
1479.67 3421 8868
1375.67 3597 8868
1416.33 3530 8868
1346 3799 8868
1466.33 3511 8868
1352.67 3787 8868
1362 3770 8868
1377.83 3550 8868
1762 3062 8868
1752.67 3105 8868
1728.33 3167 8868
1771.33 3044 8868
1890 2977 8868
1805.83 3030 8868
2003.33 2903 8868
2203.83 2900 8868
1955.33 2951 8868
1578.33 3294 8868
1559 3302 8868
1545 3326 8868
1507.83 3376 8868
1646.33 3213 8868
1485.67 3389 8868
1662.67 3184 8868
412 314 943
227.833 519 0
242.333 344 0
230 440 0
281.5 312 0
356 373 426
281.5 339 368
230 472 393
244 389 284
430 284 0
412 291 0
304 450 759
242.333 392 584
227.833 567 584
355 521 943
309 522 943
1241 1664 3729
1458.83 1586 3503
831.333 1721 3714
1593.33 1607 4608
900 1714 4608
1458.5 1652 4608
845.333 1842 4608
866 1765 4608
912.167 1668 4608
826.333 1948 4608
829 1880 4608
1939 2747 6871
2031.33 2792 7093
1758.33 2809 7093
2012.67 2804 7093
1231.17 3622 7093
1228.17 3686 7093
1266.67 3591 7093
1197.17 3734 7093
1205 3702 7093
1195.67 3975 7093
1228.67 3681 7093
1262.67 3613 7093
1492.5 3129 7093
1441.67 3245 7093
1466.83 3201 7093
1403.67 3263 7093
1467.5 3184 7093
1387.83 3359 7093
1352.67 3400 7093
1343 3408 7093
1340 3472 7093
1283.83 3561 7093
1318.67 3484 7093
1299 3557 7093
1300.83 3498 7093
1578 2930 7093
1559 2989 7093
1520.83 3026 7093
858.667 2391 6091
967.667 2113 6091
874.667 2328 6091
894 2151 6091
859 2362 6091
968 2107 6091
892.667 2227 6091
937.167 2149 6091
1791.33 1956 6091
1548 1995 6091
1601.33 2885 6289
1264.33 2084 6091
1406.5 2065 6091
1430.5 2008 6091
1051 866 2828
490.333 1067 2828
901 973 2828
1003 887 2828
815.667 982 2828
813.333 1340 3079
761.5 1255 3043
971.667 1204 3079
770 1430 3079
664.333 1438 3079
795.667 1347 3079
864.667 1224 3079
694 911 2378
977.833 1601 3211
939.667 1620 3211
946 1618 3211
1002.33 1546 3211
1045.5 1490 3211
1131 1340 3211
1002 1589 3211
1030.33 1538 3211
574 485 983
523 528 983
419 644 968
354.833 896 1803
355.333 755 1785
834 712 1809
813 752 1809
815 719 1809
684 819 1809
683 832 1809
466 628 1426
500 648 1527
257.333 680 1061
403.667 678 1092
627 502 1483


1316.17 4133 9135
1329.17 4128 9135
1332.17 4124 9135
1399.83 3862 9135
1440.67 3777 9135
1390.17 3870 9135
1437.67 3783 9135
1406.5 3857 9135
1437.33 3798 9135
1424 3820 9135
1346.83 4010 9135
1334.17 4031 9135
1378.83 3949 9135
1380.83 3888 9135
1356.5 3982 9135
1365.83 3974 9135
1367.67 3955 9135
1732.5 3291 9135
1702.67 3297 9135
1802 3280 9135
1875.83 3271 9135
1927.33 3252 9135
2246 3206 9135
1962.83 3222 9135
1720 3116 8726
1889.83 3100 8726
1880.33 3115 8726
1883.17 3109 8726
2087.67 2998 8726
1958.17 3013 8726
1935.5 3082 8726
1958 3037 8726
1566 3352 8726
1599.67 3221 8726
1583.67 3270 8726
1670.67 3197 8726
1549 3362 8726
1694.67 3143 8726
1678.33 3178 8726
1670.33 3205 8726
1710.5 3131 8726
1412.5 3840 9135
1658.67 3300 9135
1477 3671 9135
1573.67 3459 9135
1602 3406 9135
1535.67 3515 9135
1533 3531 9135
1582.67 3447 9135
1636 3372 9135
1652 3343 9135
1642.33 3351 9135
1608.67 3390 9135
1513.17 3629 9135
1509.83 3646 9135
1446.5 3763 9135
1447 3737 9135
1469.17 3726 9135
1469.83 3723 9135
1516.67 3582 9135
1470 3691 9135
1487.67 3647 9135
3426 3189 9135
3158 2981 8726
3178 2966 8726
3224.17 3196 9135
385 702 1010
430 284 0
363 346 0
409 326 0
244 355 0
412 291 0
212 361 0
230 472 393
212 406 302
381 371 409
244 389 284
334 383 767
307 449 851
304 450 759
309 522 943
355 521 943
301.333 575 851
412 314 943
912 1951 5039
899.833 1967 5039
896.833 2032 5039
990 1899 5039
926 1928 5039
945.667 1908 5039
895.333 2058 5039
845.667 2080 5039
857.833 2059 5039
1101.67 1882 5039
1157.83 1854 5039
1119.5 1880 5039
1056.33 1885 5039
830.167 1859 4496
734 1578 4263
742.5 1455 4263
682.5 1591 4263
737.833 1558 4263
996.667 1790 4496
1073 1676 4496
1030.5 1747 4496
1028.33 1766 4496
983.5 1356 4263
817.5 1357 4263
1428 1669 4496
478 634 1819
320.667 817 1659
603.5 1114 2670
1184 1057 2070
474 655 1469
844.333 1112 2995
731.667 1138 2995
629.333 1248 2995
631.667 1143 2995
1791.33 2592 6772
2031 2545 6772
2346 2480 6772
2100.67 2506 6772
3139 2446 6772
2077.33 2533 6772
1599 2554 5410
1871 1829 5039
1736.33 2760 6772
1192 3164 6624
1637.83 2772 6772
1296.67 2991 6624
1273 3018 6624
1576.83 2722 5070


2740.33 3181 9345
2760.33 3160 9345
3576.17 3090 9345
3387.83 3094 9345
3185.33 3157 9345
1195 3302 8067
1183.33 3325 8067
1183.33 3352 8067
1208.33 3298 8067
1167.33 3364 8067
1160.67 3426 8067
1352.33 3064 8067
1312 3135 8067
1368.33 3025 8067
1318.33 3111 8067
1350.67 3082 8067
1361.67 3045 8067
1268.33 3218 8067
1302.33 3197 8067
1312 3159 8067
1261 3228 8067
1217.33 3265 8067
1465.5 3018 8067
1564.83 2908 8067
1695.83 2879 8067
1723.83 2843 8067
1544.33 3005 8067
1578 3314 8493
1594 3313 8493
1594.33 3300 8493
1557 3399 8493
1543.33 3409 8493
1524 3447 8493
1566.5 3385 8493
1577.67 3377 8493
1514.67 3469 8493
1521.67 3459 8493
1515.33 3468 8493
1660.67 3198 8493
1911.17 3143 8493
1616.5 3235 8493
1884.83 3189 8493
1644.67 3228 8493
1390.33 3805 8493
1505.33 3489 8493
1518.33 3462 8493
1528 3443 8493
1450.33 3648 8493
1455.33 3624 8493
1449.33 3658 8493
1453.17 3628 8493
1429.17 3660 8493
1474 3561 8493
1473.67 3576 8493
1488.33 3535 8493
1488 3541 8493
1481.33 3545 8493
1424 3713 8493
1403.5 3741 8493
1461.5 3595 8493
2529.17 3027 8258
2165.83 3052 8493
1912.5 3772 9345
2400.17 3326 9345
2301.17 3328 9345
2463.67 3239 9345
2009.67 3425 9345
2483.67 3218 9345
2624.33 3199 9345
2016 3404 9345
2192.33 3400 9345
2402.33 3320 9345
423.5 787 1829
358.333 809 1829
448.667 694 1829
429 279 0
242.333 344 0
212 361 0
281.5 312 0
359 357 983
257 454 968
325.333 493 983
230 472 393
212 406 302
242.333 392 584
281.5 339 368
227.833 567 584
429 325 325
321.667 554 1552
275.333 606 1270
282.333 729 1552
272 711 1270
1256 1757 3929
1857 1541 4254
1808 1570 4254
1876 1524 4254
1809 1549 4254
1527 1838 4254
1577 1768 4254
1596 1729 4254
1529 1777 4254
1528 1837 4254
1248 2023 4254
1296 2014 4254
1297 1990 4254
1678 1674 4254
1629 1706 4254
1707 1669 4254
1726 1619 4254
1609 1709 4254
1658 1694 4254
1398 1912 4254
1446 1893 4254
1378 1944 4254
2782 2110 5597
2612 2154 5597
2831 2098 5597
1603 2679 5597
1785.33 2440 5597
1854.33 2423 5597
1874.33 2393 5597
1833.33 2437 5597
1734 2456 5597
2250.5 2216 5597
2201.5 2245 5597
2182.5 2274 5597
2339.5 2165 5597
2072.5 2277 5597
1726 2579 5597
1150.5 2278 4546
1096.33 2698 4905
1078.33 2737 4905
1137 2613 4905
1558 1868 4762
1521.5 2056 5339
1540.67 2024 5339
1557 1973 5339
1371.5 2196 5339
1385.17 2174 5339
1324.5 2233 5339
1279.67 2238 5339
1520 2072 5339
1458.67 2075 5339
1439.67 2105 5339
1407 2133 5339
1446 2097 5339
1402.17 2153 5339
1870.17 1827 5339
1610 1961 5339
1621.67 1873 5339
1821.17 1835 5339
1754.17 1865 5339
609 886 2426
1170.5 1668 3713
1300.5 1568 3713
1469.5 1412 3713
1103 1729 3713
1222 1606 3713
780.167 1580 3412
1116.83 1378 3412
831.667 1399 3412
653.333 1744 3412
748.167 1590 3412
780.667 1490 3412
846 1050 2961
827 1066 2961
976 916 2961
798 1080 2961
726 1151 2961
744 1132 2961
1495.5 2704 6207
2478.83 2821 7765
1626.67 2817 7084
1706.83 2874 7124
2347.83 2828 7483
1648.5 2893 7124
1443 2894 7567


2444.67 3174 7700
2731.33 3157 7700
2440.5 3182 7700
2450 3167 7700
3722 2813 6690
3588.67 2833 6690
3721 2820 6690
2811.67 2953 6690
2861.67 2913 6690
2982.83 2878 6690
3201.33 2858 6690
2930.83 2899 6690
2882.5 2909 6690
2981.83 2892 6690
3526.33 3138 7700
3506.33 3152 7700
1444.83 4569 7700
1491 4432 7700
1470.5 4478 7700
1469.67 4507 7700
1504.33 4395 7700
1527.33 4352 7700
1461.17 4564 7700
1928.67 3358 7700
2089.17 3188 7700
1958.33 3278 7700
1700.83 3510 7700
1688.5 3542 7700
1701.17 3506 7700
1659.17 3558 7700
1617 3697 7700
1839.5 3434 7700
1850.5 3371 7700
1653.5 3626 7700
1823.5 3462 7700
1653.5 3655 7700
1709 3476 7700
1568.33 4316 7700
1540.83 4323 7700
1584 4257 7700
1611.33 4190 7700
1590.67 4224 7700
2559.33 3105 6835
2446.33 3171 6835
429 279 0
405 295 0
212 361 0
787.5 615 1468
705 637 1544
318 896 1735
513.333 734 1735
321 781 1735
497.5 709 1544
307 449 851
409 367 676
257 454 968
498 603 1092
566 575 1092
212 406 302
363 380 500
281.5 339 368
356 373 426
405 344 592
429 325 325
657.833 1597 3629
1591 1438 4162
1505.67 1448 4162
1640 1414 4162
1721 1348 4162
861 1826 4162
886.333 1736 4162
1045 1589 3629
1137.67 1559 4162
1084.33 1578 4162
1049 1597 4162
1079 1590 4162
1159.5 1458 4162
949 1634 4162
948 1678 4162
948 1640 4162
564 938 2578
533.667 993 2228
657.5 722 1954
520 1031 3269
510 1042 3269
486 1090 3269
561 961 3269
1065.33 2434 5064
1632.17 2148 5064
1500 2172 5064
1361 2189 5064
1140 2294 5064
1049.33 2472 5064
1099.33 2386 5064
1090 2389 5064
1779.5 3395 6835
1924.83 3291 6835
1873.17 3293 6835
1792.5 3391 6835
1730.5 3418 6835
1690.5 3522 6835
1659.17 3572 6835
1589.17 3573 6835
1549.17 3677 6835
1525.17 3695 6835
1687.83 3557 6835
2320.33 2210 6664
2117.33 2353 6664
2049.33 2440 6664
2116.33 2403 6664
1520 2394 6263
1370 2535 6263
1311.67 2540 6263
1421.67 2475 6263
1437 2470 6263
1371 2477 6263
1222.67 2631 6263
1140.33 2684 6263
1480 2460 6263
1513.67 2440 6263
1454.67 2464 6263
1961.33 2441 6664
1531.33 2486 6664
1901 2261 6263
1559.33 2388 6263
1692 2290 6263
2393.5 2979 6690


376.333 903 1260
430 284 0
412 291 0
212 361 0
281.5 312 0
242.333 344 0
227.833 567 584
212 406 302
356 373 426
242.333 392 584
244 389 284
281.5 339 368
257 454 968
412 314 943
591 549 1308
523 574 1308
518.833 683 1260
2019.33 3110 8224
3848 3105 9192
3571.67 3114 9192
3363.33 3118 9192
2303 3225 9192
2237 3262 9192
2224 3264 9192
2386 3147 9192
2376 3185 9192
2854.33 3092 8224
3004.33 3020 8224
2026.33 3265 9192
2016.33 3303 9192
1856.33 3327 9192
2010.33 3304 9192
1856.33 3305 9192
1825 3358 9192
1659.33 3468 9192
1663 3389 9192
1643 3488 9192
1638.67 3230 8224
1925.33 3154 8224
1971.33 3113 8224
1905.33 3215 8224
1627 3747 9192
1478.5 3854 9192
1528.83 3768 9192
1502.83 3816 9192
1362 4155 9192
1337.83 4194 9192
1394.5 4074 9192
1379.67 4113 9192
1326.17 4212 9192
1439 3940 9192
1421.5 3951 9192
1412.17 3963 9192
1364 1889 6347
1801.67 1746 6347
1331 1908 6347
1223 2095 6347
1327.67 2059 6347
1394 1837 6347
1413 1825 6347
1366 1855 6347
1657.67 1755 6347
1651.67 1800 6347
1365 1863 6347
2330.33 2796 6756
1932.33 2974 7416
876.167 1588 4681
708.5 1769 4681
712.667 1762 4681
664.667 1904 4681
743.333 1730 4681
750 1679 4681
749.667 1710 4681
1449.67 1552 4681
816.333 1636 4681
809.5 1667 4681
878.833 1576 4681
567 835 1468
435.333 876 1504
653 830 1770
447.333 1115 1644
909 1335 3486
1189 1124 3486
1115 1183 3486
957 1292 3486
1087 1195 3486
855 1411 3486
1171 1056 2383
1040.67 1181 2495
936 1138 2436
969.833 1254 2495
972.667 1225 2495
509.333 996 2101
780 1390 2552
765.667 1463 2495
842.667 1355 2495
923.667 1293 2495


376.333 903 1260
430 284 0
412 291 0
212 361 0
281.5 312 0
242.333 344 0
227.833 567 584
212 406 302
356 373 426
242.333 392 584
244 389 284
281.5 339 368
257 454 968
412 314 943
591 549 1308
523 574 1308
518.833 683 1260
2019.33 3110 8224
3848 3105 9192
3571.67 3114 9192
3363.33 3118 9192
2303 3225 9192
2237 3262 9192
2224 3264 9192
2386 3147 9192
2376 3185 9192
2854.33 3092 8224
3004.33 3020 8224
2026.33 3265 9192
2016.33 3303 9192
1856.33 3327 9192
2010.33 3304 9192
1856.33 3305 9192
1825 3358 9192
1659.33 3468 9192
1663 3389 9192
1643 3488 9192
1638.67 3230 8224
1925.33 3154 8224
1971.33 3113 8224
1905.33 3215 8224
1627 3747 9192
1478.5 3854 9192
1528.83 3768 9192
1502.83 3816 9192
1362 4155 9192
1337.83 4194 9192
1394.5 4074 9192
1379.67 4113 9192
1326.17 4212 9192
1439 3940 9192
1421.5 3951 9192
1412.17 3963 9192
1364 1889 6347
1801.67 1746 6347
1331 1908 6347
1223 2095 6347
1327.67 2059 6347
1394 1837 6347
1413 1825 6347
1366 1855 6347
1657.67 1755 6347
1651.67 1800 6347
1365 1863 6347
2330.33 2796 6756
1932.33 2974 7416
876.167 1588 4681
708.5 1769 4681
712.667 1762 4681
664.667 1904 4681
743.333 1730 4681
750 1679 4681
749.667 1710 4681
1449.67 1552 4681
816.333 1636 4681
809.5 1667 4681
878.833 1576 4681
567 835 1468
435.333 876 1504
653 830 1770
447.333 1115 1644
909 1335 3486
1189 1124 3486
1115 1183 3486
957 1292 3486
1087 1195 3486
855 1411 3486
1171 1056 2383
1040.67 1181 2495
936 1138 2436
969.833 1254 2495
972.667 1225 2495
509.333 996 2101
780 1390 2552
765.667 1463 2495
842.667 1355 2495
923.667 1293 2495


1233.67 4344 7962
1260.67 4248 7962
1250.33 4278 7962
1277.33 4226 7962
1283.33 4199 7962
1250 4331 7962
1211 4433 7962
1238 4337 7962
1245 4332 7962
1217.67 4413 7962
1284.33 4154 7962
1300.33 4064 7962
1294 4081 7962
1390.33 3872 7962
1393.67 3829 7962
1393.33 3854 7962
1393.67 3833 7962
1387 3875 7962
1371 3880 7962
1370.67 3905 7962
1359.67 3910 7962
1334 4003 7962
1343.67 3974 7962
1357 3938 7962
1350.67 3963 7962
1377 3198 7350
1356.17 3229 7350
1381 3183 7350
1315 3282 7350
1361 3222 7350
1290.33 3400 7350
1305.83 3314 7350
1535 2796 7350
1389.67 2971 7350
1517 2812 7350
1528.67 2811 7350
1401 2930 7350
1498.33 2834 7350
1484.67 2922 7350
2159.67 2666 7350
2231.67 2568 7350
2147.67 2689 7350
2025.67 2701 7350
2225 2598 7350
2071 2698 7350
2178.33 2619 7350
1925.67 2702 7350
2168.67 2643 7350
1694.33 2730 7350
1700.67 2715 7350
1658.67 2758 7350
1667.33 2741 7350
1550.67 2777 7350
2137.17 3290 7962
2208.17 3265 7962
1988.83 3325 7962
2155.83 3278 7962
1938.17 3390 7962
2815 2998 7736
2729 3053 7736
2790.67 3035 7736
2553.67 2563 7350
2520.83 3181 7962
1675.67 3646 7962
1843.17 3473 7962
1484 3660 7962
1411.33 3817 7962
1727.33 3483 7962
1437 3754 7962
1427.33 3777 7962
1450.33 3703 7962
1427.67 3765 7962
1459.67 3675 7962
1443.67 3713 7962
1437.33 3743 7962
242.333 344 0
405 295 0
381 371 409
334 383 767
304 450 759
227.833 519 0
405 344 592
281.5 312 0
242.333 392 584
227.833 567 584
281.5 339 368
1226 2343 5098
1783.33 1839 5098
1967 1711 5098
1817 1801 5098
1865 1763 5098
1935.33 1753 5098
2442 1701 5098
1676.33 1871 5098
1667 1917 5098
1563.67 1927 5098
1540 1941 5098
1653.83 1926 5098
1526.33 1969 5098
1702.5 1867 5098
1354.67 2255 5098
1335.67 2271 5098
1450.83 2166 5098
1418.33 2173 5098
1358.67 2243 5098
1456.67 2140 5098
1475.33 2133 5098
1511 2020 5098
1477.33 2033 5098
1189 1824 4439
976.333 2086 4439
1298 1772 4439
1198.67 1820 4439
1015.33 1848 4439
1002.67 1881 4439
1098 1812 3954
1166 1791 3954
1097 1847 3954
1547 1471 3954
1567 1424 3954
1548 1430 3954
1367 1615 3954
1397 1557 3954
1219 1740 3954
1228 1702 3954
1456 1538 3954
1498 1515 3954
1519 1512 3954
1305 1669 3954
1287 1694 3954
347 756 1819
653.333 732 1618
257 454 968
490.5 715 1351
574 485 983
412 314 943
272 711 1270
473 613 1193
611 834 1954
501 923 1954
761 714 1954
781 698 1954
2115 2416 5913
2018.33 2571 5849
2100.67 2467 5297
1935.67 2676 6038
934 1281 3102
644.333 958 2286
565.5 1245 3027
709 1123 3053
838 1285 3803
789.5 1357 3803
658.5 1512 3803
823.5 1311 3803
985 1195 3803
837 1288 3803


1166.67 4004 7026
1200.67 3958 7026
1216.33 3863 7026
1203.83 3918 7026
1182.33 3976 7026
1215.83 3913 7026
1243 3153 6885
1480.67 2795 6601
1440.67 2825 6601
1434.67 2862 6601
1475 2819 6601
1341.5 3055 6601
1350.17 3052 6601
1357.17 3016 6601
1428.17 3009 6885
1365.33 3032 6885
1391 2918 6601
1390.67 2936 6601
1395.67 2870 6601
1374.67 2958 6601
1361.5 3149 6885
1576.33 2722 6989
1575 2746 6989
1669.33 2695 6989
1444.33 2892 6989
1474.33 2858 6989
1516.33 2837 6989
1315.33 3422 7853
1275.5 3594 7853
1254.5 3602 7853
1268.83 3595 7853
1995.33 2803 7853
1894.33 2815 7853
1235.83 3740 7853
1371.83 3284 7853
1358.5 3312 7853
1277.5 3534 7853
1303.17 3473 7853
1300.17 3475 7853
1282 3513 7853
1279 3519 7853
1330.5 3408 7853
1327.5 3414 7853
1309.5 3437 7853
1243.5 3625 7853
1352.17 3348 7853
1336.83 3372 7853
1348.83 3351 7853
1347.83 3367 7853
1446.83 2984 7853
1437.83 2996 7853
1529.5 2826 7853
1381.83 3122 7853
1496.67 2860 7853
1474 2945 7853
1407 3059 7853
1393.67 3106 7853
1540.33 2762 7569
1499.67 2849 7853
1699.33 2824 7853
1682.67 2655 6989
1883.33 2557 6989
2901.33 2616 7460
1835.33 2595 6989
2930.33 2552 6989
1814 2631 6989
1763.5 2652 7460
1801.17 2647 6885
2641 2789 7853
2268.67 2798 7853
1996 2705 7485
2003.67 2743 7569
430 284 0
281.5 312 0
244 355 0
412 291 0
369 681 1176
282.333 681 968
242.333 392 584
253 445 618
227.833 567 584
412 314 943
321.667 506 968
309 522 943
347 506 993
648 517 1176
244 389 284
281.5 339 368
381 371 409
752 1115 2927
1328 1648 3881
1469 1525 3881
1358 1614 3881
1432.67 1540 3881
1369.33 1592 3881
1456.33 1491 3627
1551 1491 3881
1489 1505 3881
1282.67 1653 3881
1331 1623 3881
1211.83 1525 3627
1164.83 1564 3627
1038.67 1901 3881
1084.67 1857 3881
1054 1871 3881
1005 1914 3881
1008.67 1814 3627
1025.33 1800 3627
1075.33 1782 3627
944 1765 3589
1121 1833 3881
1175 1770 3881
1217 1739 3881
1140.67 1790 3881
1236.67 1722 3881
1248.33 1695 3881
1244.67 1716 3881
1093 1701 3627
1125.33 1641 3627
929.667 1905 3627
955.333 1876 3627
890.833 1314 3452
781.667 1385 3570
1075.67 1337 3570
953.167 1338 3570
730.333 1510 3570
747.667 1432 3570
737 708 1561
998 861 1575
583 866 1260
514 915 1392
727.5 991 1818
515 914 1676
337.333 921 1552
504.167 1072 2335
469.333 1133 2335
626.333 994 2335
871.333 983 2335
522.167 1004 2335
1261.67 1883 4296
1464.83 1844 4336
1209.67 1945 4336
1321.33 1935 4336
1781.5 1740 4336
1538.83 1835 4336
1131 2022 4336
1562.5 1783 4336
1355.33 1873 4336
1523.5 1854 5266
1510 1928 5266
1431 1954 5266
957.667 2281 5266
1058.33 2137 5266
988.833 2242 5266
1021.67 2179 5266
1079.83 2079 5266
1455 2399 5605
1449 2415 5605
1518.67 2543 6181
1339.5 1962 5266
1326.5 2013 5266
1185.33 2031 5266


600 525 1535
470 620 1535
230 440 0
242.333 344 0
227.833 519 0
307 449 851
412 314 943
257 454 968
356 373 426
230 472 393
242.333 392 584
227.833 567 584
623 489 1193
391 524 1135
473 613 1193
429 279 0
281.5 312 0
1306.17 3948 8035
1323.17 3861 8035
1321.67 3884 8035
1312.83 3898 8035
1262.17 3954 8035
1438.17 3681 8035
1503.33 3542 8035
1449.67 3665 8035
1440.83 3676 8035
1479 3587 8035
1453.67 3648 8035
1490.33 3577 8035
1500.33 3549 8035
1807.33 3186 8035
1807 3187 8035
1635.33 3272 8035
1671.67 3256 8035
1613.67 3276 8035
1681 3195 8035
1505.67 3362 8035
1586.33 3312 8035
1397.83 3763 8035
1435.5 3723 8035
1372.5 3800 8035
1373.17 3771 8035
1357.17 3810 8035
1331 3831 8035
1349 3818 8035
1433.17 3757 8035
2535.33 2606 7377
2406.67 2613 7377
1523.33 2993 7377
1600.67 2940 7377
1594.33 2986 7377
1607.33 2906 7377
1858.33 3164 8035
1814 3170 8035
1870 3113 8035
1807.67 3171 8035
1898 3084 8035
2216.67 2980 7733
2071.33 2635 7377
2072.67 2622 7377
1871.67 2710 7377
1989 2661 7377
1673.67 2759 7377
1641.33 2839 7377
662.667 1577 3654
689.167 1542 3654
763.333 1428 3654
751 1473 3654
656.167 1705 3654
794.667 1418 3654
660 1610 3654
957.667 1855 4463
887.333 1856 4463
764.667 1980 4463
1221.5 1732 4463
872.167 1861 4463
1013.67 1738 4463
865.5 1902 4463
1380.83 1676 4463
1809.33 1818 5072
1955 1780 5072
1727.33 1850 5072
1267.67 1922 5072
1340.33 1854 5072
1334 1906 5072
1236 1962 5072
1258 1959 5072
1108.33 2169 5072
904.333 2201 5072
1174 2042 5072
1187 1994 5072
1184.67 2013 5072
1146.67 2056 5072
1146.33 1658 4062
1146.33 1638 4062
733.667 1728 4062
1180.33 1542 4062
972 1672 4062
609.167 1500 1751
950 967 3351
882 1013 3351
902 1000 3351
772 1114 3351
854 1019 3351
800 1088 3351
752 1118 3351
930 988 3351
792 1094 3351
999 903 2544
666 726 1653
618.333 1220 2446
686 823 2128
614 849 1944
2212 2424 6290
1379 2399 5491


1147.17 3835 7085
1158.17 3817 7085
1247.5 3565 7085
1240.83 3591 7085
1238.17 3601 7085
1251.17 3562 7085
1185.17 3696 7085
1228.67 3635 7085
1224.5 3653 7085
1224.5 3662 7085
1232.67 3629 7085
1171.17 3773 7085
1162.5 3777 7085
1180.83 3757 7085
1214.83 3675 7085
1213.83 3683 7085
1510 3097 7085
1463.5 3122 7085
1371.5 3285 7085
1429.33 3161 7085
1401.5 3251 7085
1466 3107 7085
1413.33 3210 7085
1379.33 3276 7085
1386 3256 7085
1294.83 3429 7085
1271.5 3503 7085
1350.33 3327 7085
1333.67 3375 7085
1278.5 3472 7085
1316 3404 7085
1356.67 3315 7085
1315.67 3411 7085
1259.67 3538 7085
1340.33 3339 7085
1306 3416 7085
2203 2673 7600
1845 2820 7600
1704.33 2837 7600
1864.33 2801 7600
2200.5 2701 7600
1943.67 2765 7600
1990.83 2716 7600
1855.67 2806 7600
1369.33 4238 9029
1324 4276 9029
1350.67 4240 9029
1462.33 4049 9029
1438.67 4066 9029
1435.33 4083 9029
1479 3979 9029
1475.67 4043 9029
1478.67 4005 9029
1648.67 3597 9029
1588.17 3635 9029
1569.67 3739 9029
1578.17 3715 9029
1620.67 3601 9029
1578.5 3706 9029
1377 4133 9029
1419 4114 9029
1430 4101 9029
1373.67 4166 9029
1390 4121 9029
1532.5 3779 9029
1518.17 3836 9029
1487 3884 9029
1718.83 3491 9029
1981 3457 9029
1690.5 3519 9029
1665.5 3543 9029
2035.83 3277 9029
3231.33 3171 9029
2918.67 3217 9029
3430.17 3133 9029
3284.17 3160 9029
3117.5 3179 9029
2819.83 3218 9029
2712 3259 9029
3283.5 3165 9029
1545.33 2980 7600
1622 2895 7600
1634.5 2873 7600
1578.5 2897 7600
1400.83 3400 8437
1429.17 3375 8437
1378.5 3450 8437
1355.33 3542 8437
1348.67 3589 8437
1372.33 3475 8437
2182.67 2929 8437
2031 2987 8437
1958.67 3111 8437
1960.5 3069 8437
1990.33 3047 8437
1466.33 3257 8437
1450.67 3321 8437
1488 3255 8437
1516.33 3237 8437
1516.5 3215 8437
1544.17 3140 8437
1560.5 3136 8437
1440.83 3344 8437
476 532 1285
266 610 1285
304.333 579 1202
212 361 0
253 445 618
405 344 592
242.333 392 584
227.833 567 584
412 314 943
257 454 968
212 406 302
230 472 393
429 279 0
359 323 0
356 350 0
405 295 0
1271 1278 2871
1377 1296 3103
1162.33 1342 3103
1424.5 1293 3103
1077.5 1853 4036
1016.33 1906 4036
1182.17 1831 4036
1336.67 1712 4036
1067 1859 4036
1198 1758 4036
1208.5 1748 4036
974.667 2019 4036
1147.67 1421 3529
674.667 1536 3529
816.333 1532 3529
1274.33 1407 3529
1089.67 1467 3529
1390.17 1655 4036
1598.33 1561 4036
1376.33 1703 4036
1304.67 1687 3873
1485.17 1612 4036
1071.33 1696 3873
908.667 1871 3873
932.667 1716 3873
902.667 1880 3873
2118 2713 5897
579 552 1644
1075 899 2685
1027 907 2685
946 972 2685
906 974 2685
595.5 1391 2311
660.667 1145 2304
900 984 2062
875 995 2171
827 993 2103
587.5 885 1920
582.5 888 1742
504.5 859 1528
775 1075 2685
877 1003 2685
815 1073 2685
2010 2147 5839
1941 2205 5839
1990 2163 5839
1913 2257 5839
1893 2263 5839
1914 2214 5839
2212 2033 5839
2064 2099 5839
2132 2050 5839
1905.33 2254 4988
1673.5 2331 4988
1665.5 2342 4988
1318 2451 4988
1714 2430 5839
1816 2305 5839
1840 2302 5839
1743 2354 5839
1845 2282 5839
1744 2325 5839
1643 2462 5839
1141.67 1925 4815
1007 2046 4815
1271.67 1820 4815
1018.5 1980 4815


1259.67 4007 8659
1237.17 4074 8659
1243.5 4032 8659
1253.33 4027 8659
1270.83 3987 8659
1410.67 3794 8659
1422.5 3733 8659
1381.5 3820 8659
1385.5 3799 8659
1490.5 3649 8659
1480.5 3673 8659
1420.83 3792 8659
1456.5 3682 8659
1514.83 3638 8659
1480.83 3671 8659
1485 3668 8659
1445.17 3717 8659
1518 3612 8659
1534 3546 8659
1569.83 3518 8659
1287.17 3950 8659
1288.33 3930 8659
1363 3839 8659
1272.17 3955 8659
1339 3862 8659
1293.5 3908 8659
1294.67 3888 8659
1363.33 3822 8659
1305.83 3868 8659
1638.33 3469 8659
1628.67 3497 8659
2502 2784 8862
2372.67 2788 8862
2312.33 2803 8862
1608.83 2825 8270
1736.17 2753 8270
1642.17 2779 8270
1726.67 2778 8270
2216.33 2597 8270
1907.5 2503 7861
1761.83 2589 7861
1598 2609 7861
1800 2553 7861
1896 2649 8270
1791.67 2690 8270
2065 2633 8270
1861.5 2972 8862
1906.5 2900 8862
1872.17 2952 8862
1655.5 3126 8862
1754.83 3020 8862
587.333 802 1619
489 912 1619
244 355 0
412 291 0
281.5 312 0
212 361 0
412 314 943
307 449 851
257 454 968
359 357 983
325.333 493 983
301.5 646 1336
425 670 1394
546 560 1394
227.833 567 584
242.333 392 584
281.5 339 368
244 389 284
212 406 302
1218.5 2135 3895
1329 2086 3895
1271 2087 3895
1465 1885 3871
1403 1924 3871
1445 1900 3871
1469 1898 3895
1703.5 1680 3895
1604 1800 3895
1636.5 1758 3895
1505.5 1869 3895
1516 1819 3895
1335 1976 3871
1371.5 1947 3871
1374.5 1957 3895
1336 1999 3895
1435.5 1936 3895
1403.5 1937 3895
2224.5 2310 4909
2110 2319 4909
2490 2182 4909
2231.5 2305 4909
2821 2128 4909
2813 2159 4909
2239.33 2213 4909
2018 1795 4231
2008 1859 4231
2138 1765 4231
1293 2167 4231
1400 2074 4231
1642 1861 4231
1441 1902 4231
1847 2373 4909
1954 2323 4909
1356.5 1462 3010
697 1941 3660
701 1918 3660
1059 1619 3660
1058 1625 3660
1051.67 1627 3660
1078.67 1569 3660
865.667 1671 3660
865.333 1700 3660
1069.33 1613 3660
976.333 1655 3660
947.667 1669 3660
1165.5 1544 3244
1477.33 1457 3244
1206.5 1474 3244
812 1841 3660
770.5 1872 3660
758.833 1895 3660
783.333 1851 3660
637 831 1752
753 1025 1951
806 709 1993
576.667 1186 1676
810.333 1577 2581
847.167 1644 2996
1087 1562 3010
1146 1113 2352
1106 1161 2319
917.5 1168 2294
614.333 1240 2243


547 614 1527
500 648 1527
230 440 0
429 279 0
257 421 0
334 357 0
359 323 0
334 383 767
359 357 983
307 449 851
430 321 808
325.333 493 983
257 454 968
258 636 1069
266 610 1285
450 579 1069
429 325 325
230 472 393
432 763 1295
476 532 1285
459 729 1295
382 775 1295
1675 2635 7000
1790.5 2566 7000
1790.5 2593 7000
2645.5 2532 7000
1408.33 2789 7000
1408.33 2769 7000
1363.17 2812 7000
1436.33 2748 7000
1415.33 2765 7000
1620.5 2677 7000
1635.33 2636 7000
1629.83 2672 7000
1703.83 2627 7000
1784.17 2612 7000
1176.17 3145 7000
1193.33 3133 7000
1356.5 2873 7000
1337.83 2904 7000
1319.5 2912 7000
1347.17 2877 7000
1291.5 2982 7000
1303.5 2975 7000
1226.5 3064 7000
1209.83 3084 7000
1252.5 3051 7000
1533.17 2701 7000
1581.17 2687 7000
1293.5 4035 8550
1356.33 3814 8550
1344.33 3843 8550
1356.83 3771 8550
1372.17 3756 8550
1382.17 3688 8550
1375.83 3699 8550
1383.17 3615 8550
1319.17 3950 8550
1306.83 3973 8550
1324 3921 8550
1343.5 3876 8550
1598.83 3249 8550
1442.83 3428 8550
1512.67 3307 8550
1546.33 3275 8550
1582.83 3262 8550
1440.67 3507 8550
1480.67 3394 8550
1512.67 3332 8550
1487.33 3333 8550
1410.33 3559 8550
1822.5 3140 8550
1639.5 3160 8550
1632.83 3188 8550
2578.17 3056 8550
2730.33 3015 8550
2583.5 3019 8550
2432.5 3138 8550
2558.67 3129 8550
2862.33 3000 8550
1403.33 1795 4298
1523.33 1791 4298
1323.83 1801 4298
1314.33 1816 4298
868.333 2209 4298
882.667 2170 4298
882.333 2180 4298
889 2159 4298
868 2218 4298
891 2155 4298
996.667 2004 4047
1096 1867 4298
1089.67 1882 4298
1015.67 1900 4298
1022 1885 4298
924.333 2021 4298
923 2078 4298
998.333 2003 4298
1004.67 1988 4298
998 2012 4298
1303.67 1706 3629
1184.67 1801 3629
1146 1811 3629
1481.33 1681 3629
994.5 1915 3629
982 1354 3426
553.5 1540 2462
597 1032 2294
451.5 776 1610
819 1082 2820
565.5 777 1710
315.333 834 2121
597.333 1109 3361
1811 2530 5781
1527.67 2717 5471
1537 2006 4883
1477 2746 5471
1550.67 1872 4883
2265.33 1776 4298


339.333 824 1227
373 716 1227
564.333 688 1227
412 291 0
212 361 0
281.5 312 0
242.333 344 0
253 445 618
242.333 392 584
227.833 567 584
347 506 993
412 314 943
309 522 943
244 389 284
212 406 302
381 371 409
281.5 339 368
938 1426 2827
1313 1319 3946
1217 1385 3946
1285 1321 3946
1265 1337 3946
1237 1339 3946
1367 1291 3946
942.167 1310 3286
1005 1573 3946
1025 1520 3946
1038 1503 3946
878 1551 2997
1086 1501 3946
1155 1389 3946
1115 1471 3946
1135 1421 3946
488.5 1025 1961
763 735 2685
810 651 1561
344 757 1727
696.167 1520 2545
735.5 1226 2687
558 924 2060
969.833 2424 5832
993.333 2414 5832
991.167 2421 5832
918.833 2511 5832
993.833 2389 5832
1302.5 2123 5832
1238.83 2167 5832
1260.17 2164 5832
1221.83 2193 5832
1272.33 2157 5832
1325.17 2080 5832
1643.5 2022 5832
1676 1982 5832
1017.83 2376 5832
1059.33 2311 5832
1093.33 2230 5832
1052.83 2315 5832
1047.83 1976 4688
973 2016 4688
978.167 1977 4688
919.833 2077 4688
1121 1963 4688
928.667 2060 4688
1123.83 1872 4688
807.833 2117 4688
1055.67 1975 4688
1283.5 1814 4688
2743.33 3341 7491
2100.5 3112 6724
3093 3752 7492
2324.67 3922 6882
2723.5 3648 6942
2255.83 3056 5949
1914.83 3171 6506
2663.67 3953 8903
2318.33 3058 6133


3414.33 3097 8594
3434.33 3077 8594
3115.33 3103 8594
1579 3532 8310
1536.17 3533 7743
1327.5 3953 7743
1348.17 3892 7743
1398.17 3752 7743
1407.5 3701 7743
1391.83 3758 7743
1454.83 3647 7743
1435.17 3670 7743
1420.83 3677 7743
1444.5 3663 7743
1354.83 3840 7743
1373.83 3827 7743
1386.83 3799 7743
1376.83 3808 7743
1520.17 3596 7743
1485.17 3598 7743
1693.5 3074 7942
1812.17 3012 7942
1800.83 3032 7942
1787.5 3061 7942
1688.17 3078 7942
1810.33 3013 7942
1667.5 3121 7942
1759.17 3065 7942
1682.83 3087 7942
1922.67 2877 7942
1861.83 2958 7942
1889 2954 7942
1823.17 3000 7942
1559 3337 7942
1575 3302 7942
1542.83 3358 7942
1592.67 3243 7942
1562.67 3305 7942
1586.33 3289 7942
1541.5 3385 7942
1578.83 3301 7942
1596.17 3169 7942
1734.83 3498 8594
1712.17 3531 8594
1734.83 3514 8594
1536 3621 8310
1822.17 3140 8310
1815.83 3156 8310
1658.17 3363 8310
1667.17 3317 8310
1629.33 3416 8310
1635.67 3396 8310
1707.83 3240 8310
1693.5 3270 8310
1579.33 3506 8310
1563 3561 8310
1595 3503 8310
1622 3501 8310
1783.5 3213 8310
1781.5 3217 8310
1790.17 3192 8310
1771.17 3237 8310
1784.5 3398 8594
1784.5 3414 8594
1799.83 3380 8594
2036.33 3325 8594
1813.83 3371 8594
2344 3127 8594
2093 3160 8594
2473.5 3107 8594
2153.17 3110 8310
2023 3345 8594
1521.67 4058 8594
1450.83 4224 8594
1504.17 4103 8594
1572.5 3547 8594
1738.17 3465 8594
622 519 1133
467.5 526 986
642 499 1133
359 323 0
356 350 0
429 279 0
244 355 0
363 380 500
356 373 426
381 371 409
244 389 284
292.667 558 500
494 689 993
501.667 679 1010
412 314 943
334 383 767
309 522 943
355 521 943
350.5 586 986
849 1538 2736
702.5 1583 2821
1279.33 1422 3737
1673 1411 3737
813 1858 3737
860.5 1746 3737
888 1724 3737
898 1267 3178
896 1298 2995
898 1608 3429
738.333 1752 3429
987 1549 3737
935.5 1616 3737
959.5 1563 3737
1130.33 1512 3737
1035 1522 3737
1148 1432 3737
551 591 1834
523 762 1386
481.333 1035 2621
417.333 1080 2621
542 907 2319
315.333 834 2121
441.333 807 1770
1442.67 1529 4482
949.5 1788 4482
1135.83 1614 4482
846.167 1860 4482
1373.67 1574 4482
1029.17 1654 4482
1328 1603 4482
1505.33 1526 4482
1538.83 2964 6974
1572.83 2858 6974
1522.83 2982 6974
1579.5 2821 7549
1807.33 1950 5763
1799 1960 5763
1773 1966 5763
1705.33 2005 5763
1746 1969 5763
1136.67 2297 6355
1020.17 2314 6355
1105 2300 6355
945.167 2404 6355
1980 2013 6355
1974.67 2016 6355
1564.17 2025 6355
1569.5 2019 6355
1495.83 2039 6355
1490.5 2045 6355
1422.5 2099 6355
1139.33 2130 6355
1410 2128 6355


2538.67 2534 7465
2193.33 2563 7465
2172.33 2583 7465
2012 2648 7465
2510.67 2557 7465
2517.67 2554 7465
2142 2647 7465
2162 2627 7465
2159.33 2645 7465
2165.33 2586 7465
2163 2606 7465
3260.33 2528 7465
2671.5 2867 7816
1208.67 3226 7465
1273.67 3136 7465
1284.17 3106 7465
1228.5 3182 7465
1217.17 3202 7465
1294.33 3033 7465
1285 3067 7465
1224.67 3188 7465
1232.33 3160 7465
1250.83 3141 7465
1857 2654 7465
1511.67 2683 7465
2041.5 2883 7816
1791.17 3195 8203
1527.33 3262 8203
1360.5 3013 7465
1459.5 2909 7465
1423 2913 7465
1389 2971 7465
1367 2996 7465
1318.33 3025 7465
2437.33 3042 8203
2382.83 3045 8203
1872.33 3163 8203
2130.33 3068 8203
2126.83 3090 8203
1882.33 3135 8203
1898.33 3114 8203
599 516 1369
571 524 1369
212 361 0
430 284 0
281.5 312 0
405 295 0
242.333 344 0
412 291 0
291.667 590 677
242.333 392 584
405 344 592
277 712 677
412 314 943
355 521 943
309 522 943
465 797 1127
281.5 339 368
212 406 302
614.5 1232 3256
702 1080 3256
578.667 1318 3256
549.5 1336 3256
860.333 1499 4063
788.667 1626 4063
797.333 1509 4063
714.667 1691 4063
876.333 1380 4063
867.667 1469 4063
993.667 1598 4655
823 1702 4655
704.167 1775 4655
1028 1566 4655
738.333 1749 4655
803 1719 4655
1229.67 1549 4655
1454 1266 4044
1502 1255 4044
1352 1338 4044
1406 1329 4044
1304 1352 4044
1402.5 2917 5276
1877 2239 5039
1883 2161 5287
1494.33 2294 4695
348 886 1485
835 623 1926
602 504 1911
558 877 2144
559 871 2144
838 707 2144
647 1138 2835
708 1041 2835
657.5 1123 2835
717.5 1029 2835
698 1087 2835
633 1157 2835
902 956 2535


