356.183 920 1537
283.467 960 1537
416.8 795 1537
493 625 1504
257.267 1035 1537
402.7 886 1537
288.333 944 1537
416.1 839 1537
394 294 0
201.5 355 0
347 348 0
338 350 0
440 290 0
199.2 398 0
147.667 449 0
440 314 936
256.75 522 936
226.75 606 903
305.467 449 936
347 377 985
260.4 519 985
597 530 1179
614 507 1504
201.5 393 435
394 336 568
338 379 720
147.667 494 502
327 387 636
222.2 368 619
258.6 521 720
134.933 620 502
185.95 464 619
170.7 635 720
298 749 1123
276 873 1339
616.05 2074 7394
631.35 2072 7394
614.7 2092 7394
599.4 2094 7394
675.3 2057 7394
563.55 2308 7394
585.983 2199 7394
567.633 2223 7394
1422.33 2648 7467
1493.17 2536 7467
1210.28 2650 7467
1429.5 2626 7467
1480.5 2572 7467
1448.68 2587 7467
1792 2048 7394
2537 2636 8086
2504 2637 8086
2378.67 2642 8086
1133.93 2974 8086
1231.93 2854 8086
1709.42 2667 8086
1555.08 2672 8086
1498.27 2687 8086
1842.97 2647 8086
1368.25 2767 8086
1284.58 2829 8086
1468.5 2703 8086
1459.08 2737 8086
751.75 3720 9148
745.917 3759 9148
724 3845 9148
751.5 3740 9148
751.25 3745 9148
738.25 3790 9148
738.75 3780 9148
848.667 3324 9148
833.917 3346 9148
791.667 3514 9148
786.417 3531 9148
821.667 3431 9148
821.917 3425 9148
828.917 3403 9148
784.167 3577 9148
784.417 3555 9148
778.667 3622 9148
754.417 3636 9148
803.667 3470 9148
808.667 3458 9148
821.417 3448 9148
816.417 3453 9148
1663.23 2790 9148
1451.6 2809 9148
1430 2874 9148
1032.22 3070 9148
1063.47 2976 9148
1134.9 2961 9148
1140.1 2911 9148
1299.93 2901 9148
1045.3 3011 9148
848.417 3331 9148
853.417 3307 9148
960.583 3138 9148
960.083 3148 9148
960.333 3145 9148
1029.57 3132 9148
866.417 3273 9148
871.667 3256 9148
866.167 3280 9148
868.917 3272 9148
912.917 3176 9148
918.167 3156 9148
911.667 3182 9148
899.417 3198 9148
903.917 3197 9148
890.667 3222 9148
482.833 1614 4491
514.85 1541 4491
539 1477 4491
720.25 1373 4491
482.333 1757 4491
510.167 1547 4491
536.133 1504 4491
1230.4 1741 5546
505.133 2192 5928
508.9 2149 5928
546.8 1956 6409
537.05 1971 6867
523.05 2020 6783
589.15 1902 6826
530.3 2006 6582
553.8 1920 6890
1029.52 1905 6959
598.9 1840 6892
789.633 1756 5546
789.333 1820 5546
768.233 1831 5546
778 1310 3614
713 748 1539
677 825 1890
280.25 1366 2532
367.667 937 3069
307.967 1120 1638
370 904 1888
336.533 995 1907
945 1202 3327


988 2391 8918
942.183 2405 8918
935.1 2418 8918
669.967 2784 8918
668.517 2816 8918
642.367 2953 8918
643.817 2927 8918
675.217 2738 8918
647.617 2907 8918
673.767 2758 8918
651.117 2839 8918
756 2598 8918
735.6 2642 8918
818.633 2496 8918
779.35 2549 8918
700.517 2658 8918
681.317 2695 8918
685.117 2673 8918
637.083 3088 8918
628.617 3104 8918
638.367 3086 8918
624.55 3133 8918
639.817 3060 8918
1059.72 3159 8980
745.15 3412 8980
920.667 3273 8980
922.417 3218 8980
883.083 3306 8980
846.4 3359 8980
845.75 3361 8980
834.1 3371 8980
829 3391 8980
863.967 3320 8980
994.017 3215 8980
802.267 2530 8416
721.017 2646 8106
945.6 2228 8457
870.333 2317 8307
1489.17 2240 8483
1670.4 2347 8918
853.067 2426 8918
668.517 2634 7982
883.667 2310 8015
817 716 2381
715 801 2381
393.5 863 2390
344.25 1032 2390
356.25 984 2390
735 785 2381
712.4 862 2390
381.5 901 2390
388.5 874 2390
797 734 2381
666 839 2381
201.5 355 0
338 350 0
394 308 0
165.3 602 0
199.2 398 0
293.6 713 1273
568 554 1423
596 532 1429
513 590 1012
431.5 554 939
466 607 1429
327 387 636
291.667 728 812
301 419 461
338 379 720
199.2 443 794
440 314 936
201.5 393 435
305.467 449 936
319 714 1875
313.75 734 1875
728 1109 3100
573.1 1261 2794
1049 1073 2633
375.333 1083 2610
358.867 1349 4040
362.25 1293 4040
311.2 1521 4040
302.75 1550 4040
325.1 1433 4040
1595.5 2146 5055
956.833 1678 4701
1097.53 2009 4749
1558.1 2158 6268


997.95 3964 9132
972.033 4037 9132
982.35 4004 9132
985.367 3988 9132
1007.28 3908 9132
973.183 4008 9132
1025.27 3859 9132
1014.95 3892 9132
1002.47 3940 9132
988.1 3973 9132
1014.97 3863 9132
1025.2 3860 9132
1027.7 3807 9132
1033.55 3616 9132
1032.95 3745 9132
936.183 4129 9132
953.783 4094 9132
969.867 4063 9132
947.233 4128 9132
969.617 4079 9132
933.183 4189 9132
965.033 4083 9132
1356.73 3126 9132
1142.32 3170 9132
1268 3135 9132
1056.88 3212 9132
3264.83 2741 8393
3225.17 2768 8393
3237.75 2756 8393
2496 2773 8393
2490 2780 8393
2443.65 2866 8393
2114 3122 9132
2155.07 3106 9132
1353.97 3072 8393
1768.02 3041 8393
1972.77 2881 8393
1889.83 2906 8393
1866.92 2915 8393
1482.58 3044 8630
2118.83 3055 8697
1440.33 3125 8521
855 673 1397
579 532 1362
642 498 1331
201.5 355 0
338 350 0
469 251 0
365 323 0
339 338 0
330 406 918
500.2 485 985
251.2 542 918
264.4 578 985
229.25 652 1353
313.75 696 1440
429 672 1362
319 676 1440
413.5 566 1353
339 377 444
327 387 636
338 379 720
201.5 393 435
258.6 521 720
147.667 494 502
170.7 635 720
931 1286 3024
471.867 1409 3158
423.2 1480 3158
381.067 1500 3158
524.533 1323 3158
484.067 1331 3158
1864 1492 4342
1397 1519 4342
1469.5 1503 4342
1416 1518 4342
1912 1449 4342
1894 1464 4342
675.033 1498 4299
663.867 1532 4299
462.733 1533 4299
1224.5 1736 4342
1250.5 1627 4342
1247 1669 4342
1299 1564 4342
1244.5 1733 4342
371 684 1623
450.617 1172 2842
373.2 1204 2842
331.383 1407 2842
387.467 1186 2842
851 677 2456
686 835 2333
330.2 1166 2216
386.333 1032 2266
527 1123 2322
696 790 1990
817 683 1753
320 832 2133
809.483 2519 6823
909.25 2432 6823
819.167 2446 6823
910.9 2424 6823
628.317 2660 6823
703.55 2593 6823
1470.07 2351 6823
710.5 2531 6823
948.4 2356 6823
584.1 2074 4603
1541.33 2070 5762
1907.33 1809 5762
1888.33 1824 5762
2370 1790 5762
1675.75 1976 5762
1686.5 1928 5762
1659.17 1991 5762
1657.33 1994 5762
1664.83 1987 5762
1677 1974 5762
1703.77 1903 5762
1806.33 1879 5762
1787.33 1882 5762
1807.33 1839 5762
876.667 1989 5502
746.333 2025 5502
866.333 1992 5502
890.167 1985 5502
1034.33 1782 5502
892.667 1927 5502
866.167 1993 5502
1084.83 1742 5502
933.333 1833 5502
1488.33 2154 5762
1438.33 2185 5762
1508.17 2091 5762
1547.83 2064 5762
1439.33 2168 5762
1396.17 2199 5762
1559.77 2001 5762
1451.67 1723 5352
1581.67 1632 5352


733.3 3594 8108
694.4 3751 8635
759.05 3501 8635
758.15 3518 8635
801 3240 8635
780.6 3317 8635
779.85 3356 8635
814.25 3186 8635
793.85 3263 8635
810.45 3199 8635
792.05 3280 8635
767.85 3372 8635
806.45 3219 8635
730.6 3599 8635
744.65 3556 8635
740.8 3565 8635
738.9 3569 8635
750.6 3523 8635
716.25 3667 8635
706.4 3692 8635
724.85 3633 8635
712.65 3687 8635
704.5 3696 8635
718.6 3658 8635
729.75 3619 8635
798.867 3066 8108
788.867 3104 8108
772.867 3161 8108
776.967 3124 8108
758.517 3203 8108
747.15 3542 8635
915.667 2940 8635
841.467 3051 8635
1785.62 2939 8635
3154.67 3672 8854
2499.38 4086 8854
2572.3 3777 8854
2618.05 3681 8854
469 251 0
339 338 0
365 323 0
394 308 0
147.667 449 0
134.933 575 0
199.2 398 0
222.2 345 0
440 290 0
185.95 441 0
201.5 355 0
221.75 699 896
164.9 759 720
153.1 863 720
198.8 719 720
394 336 568
222.2 368 619
469 297 504
440 314 936
365 349 812
330 406 918
272 437 903
256.75 522 936
199.2 443 794
305.467 449 936
147.667 494 502
134.933 620 502
185.95 464 619
201.5 393 435
578.45 1520 4731
571.2 1557 4731
509.617 1691 4731
520.55 1564 4731
847.6 2874 5224
1367 1494 5191
1277 1513 5100
1297 1639 6003
860.833 1649 6003
586 921 2322
744.5 988 2534
419.533 1879 4310
424.75 1822 4310
487.8 1648 4310
435.083 1761 4310
428.133 1797 4310
422.3 1835 4310
421.983 1866 4310
453.683 1693 4310
456.9 1689 4310
300.5 1184 3000
848 1324 3987
585.8 1502 4310
509.45 1618 4310
742.5 1457 3755
1614.93 2571 6729
1429.83 2809 6164
1464.93 2691 6729
2561.5 2468 6134
2292 2567 6729
761 759 2267
442.2 539 1555
268.067 844 1454
324.533 718 1054
512.333 1107 2108
669 484 1440
540 570 1797
316.75 716 1046
584.5 763 2267
862 664 2267


1874.72 2776 9467
1897.97 2740 9467
1899.5 2733 9467
1971.5 2731 9467
716.283 2655 8028
748.45 2555 8028
746.367 2575 8028
839.533 2364 8028
826.867 2388 8028
856.117 2350 8028
740.45 2598 8028
779.7 2468 8028
778.117 2488 8028
796.45 2451 8028
773.45 2494 8028
751.783 2541 8028
759.95 2512 8028
818.867 2420 8028
824.867 2414 8028
801.2 2437 8028
808.867 2426 8028
874.867 2314 8028
1191.28 2271 8028
1105.58 2288 8028
858.283 2322 8028
1451.3 2257 8028
1041.5 2888 8531
933.183 2955 8831
696.617 2743 8028
704.283 2685 8028
700.617 2704 8028
724.7 2642 8028
736.2 2604 8028
730.033 2624 8028
806.533 3891 9467
806.133 3910 9467
813.55 3842 9467
818.617 3822 9467
819.017 3803 9467
810.533 3886 9467
813.95 3823 9467
819.567 3748 9467
837.667 3658 9467
831.867 3689 9467
925.567 3141 9467
919.417 3142 9467
900.667 3148 9467
861.717 3274 9467
882.117 3171 9467
845.55 3421 9467
888.067 3150 9467
853.667 3306 9467
861.917 3267 9467
845.75 3414 9467
974.167 2929 9467
1087.13 2887 9467
925.767 3065 9467
974.017 2945 9467
1034.32 2907 9467
944.017 3022 9467
974.167 2925 9467
948.167 3002 9467
1314.13 2786 9467
1163.82 2827 9467
1330.23 2781 9467
666 816 2209
588 532 1903
469 251 0
301 384 0
147.667 449 0
199.2 398 0
134.933 575 0
347 348 0
238.2 900 1113
241.967 808 1298
367.8 1574 1623
355.083 1018 1614
433.85 1259 1712
428.6 1318 1712
379 1000 1614
339.8 1051 1614
401.85 1359 1712
147.667 494 502
301 419 461
134.933 620 502
381.8 833 1697
389 702 1430
409.5 586 1506
294.6 812 1420
437 652 1903
548 578 1572
347 377 985
272 437 903
199.2 443 794
260.4 519 985
235.8 618 903
800.2 1537 3824
732.367 1854 5056
448.967 2029 5056
508.683 1970 5056
582.75 1868 5056
899 1837 5056
1295.5 1699 5696
1395.75 1579 5696
1387.17 1598 5696
1347.25 1688 5696
1293.75 1701 5696
1382.75 1599 5696
1245.75 1713 5696
1164.5 1813 5696
1206.75 1794 5696
1355.75 1644 5696
1860 1578 5696
1136.42 2092 6050
1194.17 2082 6050
1287.58 2051 6050
983.333 2172 6050
921.633 2222 6050
1093.25 2099 6050
827.533 2349 7216
821.2 2375 7567
800.5 979 3453
519.667 1114 3400
512.95 1361 3338
845 660 2209
714 774 2209
797 682 2209
692.5 1168 3460
817.667 1053 3460
819.667 1051 3460
513.667 961 2475
489.5 982 2849
1040 843 2958
568 1042 3016


750.967 3708 7960
740.633 3762 7960
749.1 3718 7960
752.367 3705 7960
740.9 3734 7960
738.767 3772 7960
758.9 3604 7960
1036.5 2859 7960
1033.75 2896 7960
766.767 3426 7960
799.933 3258 7960
799.867 3382 7960
927.75 2900 7960
910.75 2949 7960
915.5 2913 7960
880.817 2974 7960
825.033 3112 7960
838.533 3108 7960
851.2 3062 7960
868.567 2987 7960
847.867 3095 7960
1312.33 2842 7960
1531.27 2586 7960
1342.45 2689 7960
1621.02 2576 7960
1477.02 2654 7960
1511.6 2643 7960
1336.22 2785 7960
2399.53 2571 7960
864.35 4112 9992
855.133 4165 9992
885.05 3929 9992
891.45 3853 9992
861.85 4161 9992
870.25 4009 9992
889.283 3880 9992
865.933 4044 9992
879.383 3988 9992
889.8 3870 9992
882.883 3934 9992
1226.17 3324 9992
1186 3333 9992
1223.87 3327 9992
999.9 3542 9992
1004.65 3532 9992
993.65 3594 9992
1044.33 3449 9992
1080 3400 9992
953.967 3630 9992
974.3 3616 9992
942.917 3703 9992
923.117 3752 9992
915.667 3781 9992
905.017 3798 9992
934.55 3726 9992
905.25 3785 9992
1145.58 3344 9992
1118.05 3380 9992
1132.58 3373 9992
2578.98 3200 9992
2500.83 3211 9992
2734.18 3184 9992
1835.05 3280 9992
1626.78 3320 9992
1937.27 3236 9992
1831.47 3317 9992
671 469 1596
550 562 1596
339 338 0
394 294 0
338 350 0
327 359 0
364 393 786
222.2 368 619
327 387 636
330 406 918
394 351 611
251.2 542 918
170.7 680 1514
258.6 566 1514
596 491 985
576 501 985
538.533 1753 4272
547.633 1633 4272
720.1 1518 4272
725.35 1514 4272
716.2 1536 4272
922.25 1505 4581
807.9 1565 4581
1593 1484 4581
807.75 1724 4581
348.533 1404 2401
381.867 1312 2401
338.867 1436 2401
366.2 1335 2401
389.2 1256 2401
867.9 1874 5511
879.4 1731 5511
1455.42 2589 7525
1687.6 1891 6356
1528.43 1898 6356
1755.6 1872 6356
1462.92 1906 6356
1375 2521 6960
864.583 2949 7502
891.8 2939 7525
783.65 2275 6356
875.833 1909 6356
520.5 775 2540
822 1040 3325
500.9 1061 3860
400.8 1162 3860
593.067 1047 3860
432.75 1154 3860
467.4 1150 3860


630.15 3782 7912
630.35 3768 7912
704.9 3359 7912
698.75 3365 7912
698.75 3402 7912
689.6 3412 7912
692.95 3411 7912
662.4 3568 7912
666 3522 7912
670.4 3464 7912
670.2 3478 7912
680 3416 7912
680 3453 7912
655.5 3665 7912
651.3 3690 7912
661.8 3646 7912
661.55 3657 7912
639.95 3720 7912
642.4 3712 7912
642.6 3698 7912
2105.83 2651 7912
2086.83 2661 7912
1188.53 2707 7912
1169.53 2717 7912
1901.13 2688 7912
707.55 3277 7912
735.15 3226 7912
966.767 2555 7451
973.35 2544 7451
834.283 2560 7451
822.283 2602 7451
1073.7 2479 7451
999.667 2523 7451
991.133 2801 7912
991.65 2793 7912
1018.78 2734 7912
728.467 2952 7451
757.867 2950 7912
797.667 2834 7912
826.967 2811 7912
782.267 2887 7912
761.717 2701 7451
768.967 2664 7451
738.967 2774 7451
731.1 4004 9774
731.4 3926 9774
739.3 3899 9774
731.35 3992 9774
737.05 3916 9774
828.8 3519 9774
824.8 3540 9774
765.6 3769 9774
769.15 3722 9774
771.2 3709 9774
815.5 3565 9774
803.1 3618 9774
808.75 3569 9774
803.35 3571 9774
750.9 3843 9774
750.8 3857 9774
751.45 3811 9774
740.8 3891 9774
740.8 3895 9774
775.15 3670 9774
800.75 3634 9774
789.75 3664 9774
801.7 3633 9774
796.3 3635 9774
946.267 3691 9992
916.6 3787 9992
932.867 3751 9992
926.267 3777 9992
907.067 3824 9992
903.933 3842 9992
847.383 3999 9992
850.183 3956 9992
853.167 3930 9992
911.267 3818 9992
867.583 3897 9992
877.4 3878 9992
845.733 4104 9992
872 3362 9774
885.35 3361 9774
887 3357 9774
892.35 3339 9774
969.65 3413 9992
834.75 3475 9774
838.4 3466 9774
830.2 3500 9774
846.75 3444 9774
840.2 3452 9774
854.7 3374 9774
849.4 3396 9774
1342.88 2844 9774
1121.27 3003 9774
1342.22 2858 9774
1091.72 3073 9774
1238.72 2881 9774
1141.75 2926 9774
1179.05 2903 9774
1898.35 3382 9992
2594.77 2824 9774
1252.37 3394 9992
327.65 1531 4466
276.95 1532 4466
409.1 1244 4466
472.367 1241 4466
329.4 1352 4466
776.833 1039 3368
745.9 1151 3672
608.4 1167 3672
1223 1045 3572
1203 1065 3572
1106 1141 3572
1174 1097 3572
1155 1112 3572
1126 1121 3572
568 1134 3368
365.5 974 2874
616.167 1115 3368
353.5 1050 2874
370.25 969 2874
328 1074 2874
353.75 1013 2874
556.167 1190 3368
698.2 883 2874
394 294 0
251.2 542 918
339 377 444
327 387 636
134.933 620 502
147.667 494 502
147.667 449 0
222.2 345 0
199.2 398 0
365 349 812
330 406 918
364 393 786
268 466 812
199.2 443 794
368.6 714 1841
384 775 2140
283.25 874 2140
405.5 827 2306
626.667 879 2391
796 694 1489
320.417 749 1422
366.167 709 1247
236.267 926 1337
289.2 845 1221
1377.37 1739 4624
739.917 2677 7009
721.417 2726 7301
1060.6 1795 5735
1096.65 1928 5745
1221.9 1927 5745
1240.53 1875 5745
827.533 2110 5745
865.567 1932 5745
1244.15 1848 5745
1322.67 2161 6705
943.417 2207 6705
888.75 2292 6705
1045.83 2196 6705
2556 2074 6705
1676.33 1763 5274
1743.2 1812 5745


170.7 606 0
222.2 345 0
199.2 398 0
185.95 441 0
440 290 0
174.467 838 1255
226.95 758 1255
238.95 649 1255
440 314 936
330 406 918
347 377 985
305.467 449 936
394 336 568
222.2 368 619
185.95 464 619
199.2 443 794
170.7 651 794
240.5 632 1071
260.4 519 985
439.5 524 1071
1965.58 2535 9843
1951.58 2544 9843
2030.5 2345 9275
2038.25 2335 9275
1948.25 2372 9275
1949.25 2346 9275
843.7 2881 9843
822.35 2953 9843
881.2 2765 9843
826.7 2931 9843
871.2 2798 9843
855.1 2859 9843
880.95 2794 9843
833.95 2908 9843
857.2 2854 9843
756.9 3274 9843
773.45 3230 9843
735.7 3335 9843
785.2 3192 9843
773.7 3224 9843
747.7 3324 9843
752.7 3317 9843
760.2 3267 9843
772.9 3263 9843
812.6 2989 9843
789.6 3089 9843
821.85 2985 9843
810.95 3017 9843
1007.78 2473 9275
1129.18 2402 9275
999.567 2479 9275
1161.25 2379 9275
1118.17 2469 9275
1128.48 2412 9275
966.433 2529 9275
814.8 2700 8940
780.7 2790 9008
871.067 2614 9275
912.783 2540 9275
759.95 2794 9316
1110.62 2559 9843
1081.62 2575 9843
913.55 2676 9843
901.1 2703 9843
984.55 2637 9843
581.917 1347 3184
499.967 1500 3251
680.25 1357 3251
513.567 1499 3251
456.033 1547 3251
610.567 1419 3251
593.367 1492 3251
384.867 1813 4431
378.267 1945 4431
367.517 2007 4431
575.433 1526 4431
517.6 1533 4431
500.6 1545 4431
436.917 1552 4431
414.783 1699 4431
422.417 1664 4431
731.067 1811 4739
759.067 1688 4739
742.667 1746 4739
677.867 1923 4739
629.867 1973 4739
800.9 1657 4739
698.733 1858 4739
901.717 1502 3385
763.533 1370 3353
808.467 1290 3251
871.417 2153 5974
1726 2057 5974
687.583 2273 5974
2219 1997 5974
834.917 2212 5974
912.667 2131 5974
1339.5 2061 5974
852.083 2208 5974
475 629 1730
301 707 1606
387.5 624 1705
762 719 2366
322.25 783 2357
483.667 503 1771
306.05 1228 2206
261.95 1027 1514
509.8 952 2960
428 1111 2960
504.4 1072 2960
460.667 1082 2960


1686.87 2617 9329
1604.62 2636 9329
2079.45 2596 9329
2553.27 2481 8761
771.717 3105 9329
778.383 3067 9329
771.467 3113 9329
773.383 3083 9329
780.883 3051 9329
870.717 2830 9329
867.633 2873 9329
869.05 2861 9329
892.883 2798 9329
895.3 2785 9329
945.633 2680 9329
950.633 2673 9329
883.467 2814 9329
925.383 2757 9329
873.967 2822 9329
885.633 2813 9329
904.717 2770 9329
810.883 2963 9329
792.333 3009 9329
845.467 2905 9329
852.467 2889 9329
823.133 2955 9329
815.883 2957 9329
842.8 2917 9329
866.717 2880 9329
833.05 2931 9329
793.217 2637 8494
820.717 2572 8344
828.3 2670 8802
839.217 2507 8868
782.467 2675 8868
844.217 2500 8868
211.3 851 1331
237.75 643 1221
165.3 685 1229
469 251 0
440 290 0
365 323 0
364 393 786
199.2 443 794
170.7 651 794
365 349 812
147.667 449 0
222.2 345 0
185.95 441 0
134.933 575 0
199.2 398 0
147.667 494 502
222.2 368 619
201.5 393 435
185.95 464 619
469 297 504
637.4 2487 5503
658.367 2810 6005
823.183 2246 5503
798.583 2251 5503
492.417 1885 5103
594.4 1670 5103
796.917 2338 5503
612.8 2492 5503
528.133 1731 5103
644.4 2468 5503
514.683 1782 5103
2210.47 2239 5503
610.733 1665 5103
448.333 1113 3184
627.4 1220 4583
517.4 1062 3863
556.8 1146 3972
586.067 1414 4583
671 1140 4583
1545 1073 3964
904.533 2420 7011
978.2 2405 7011
770.05 2544 7011
834.533 2469 7011
660 781 1821
585 517 1621
669 484 1440
1165.5 985 2232
662 465 1316
249.4 636 1454
212.367 814 2214
1145.5 1003 2232
260.4 564 1779
895.5 1048 2232
910.5 1021 2232


967.333 2240 7174
1652.42 2223 7998
1603.92 2231 7998
1652.75 2206 7998
1351 2105 7174
1332 2121 7174
1299.25 2165 7174
1425.78 2252 7998
1354.88 2257 7998
1106.83 2191 7174
1092.42 2202 7174
1085.18 2220 7174
1476.05 2249 7998
1507.95 2237 7998
892.25 2249 7174
812.85 2286 7174
826 2265 7174
811.4 2290 7174
881.2 2260 7174
892.45 2242 7174
701.8 2324 7998
785.633 2341 8609
691.6 2522 8609
650.55 2402 7998
718.367 2291 7998
1087.88 2287 7998
842.617 3542 8652
840.133 3593 8652
857.867 3423 8652
877.167 3306 8652
850.967 3430 8652
865.6 3422 8652
869.767 3412 8652
951.55 3274 8652
996.3 3249 8652
3502.33 3117 8652
1725.05 3120 8652
1721.6 3146 8652
871.317 3396 8652
1701.52 3195 8652
1024 3245 8652
1084.55 3210 8652
616 481 985
567 524 985
440 314 936
165.3 602 0
301 419 461
201.5 393 435
440 290 0
394 294 0
201.5 355 0
199.2 398 0
301.45 633 794
356 412 835
305.467 449 936
165.3 640 435
241.6 591 461
1502 1456 3837
1095.8 1908 4504
1454 1544 4109
1373 1644 4357
308.6 769 2522
615 824 2640
593 895 2640
1229.8 1069 3731
1128.8 1150 3731
588.633 1159 3731
514.4 1206 3731
509.167 1395 3731
390.517 2177 3322
401.033 2072 3322
347.867 2024 3105
438 1773 3105
372.783 1942 3105
412.6 1818 3105
298.817 1160 3087
296.217 1207 3087
278.9 1258 3087
640.567 2389 6730
645.067 2382 6271
592.483 2457 6362
735.333 2097 6713
812.417 2140 6739
307.2 689 1430
484 627 1230
464 658 1820
168.533 842 1949
224.7 815 1958
224.667 671 1405
374.2 752 1779
195.7 981 1958


1784.1 2608 9489
1724.5 2623 9489
1874.9 2281 8584
696.15 2171 7599
948.233 2141 7599
1400.5 2140 7599
652.65 2556 8584
650.85 2564 8584
1087.23 2291 8584
1056.7 2300 8584
765.65 2310 8584
740.15 2342 8584
645.4 2344 7599
667.4 2298 7599
656.55 2311 7599
601.45 2394 7973
599.05 2444 8057
595.25 2467 7948
686.85 2414 8584
728.4 2381 8584
728.15 2400 8584
1278.65 2640 9489
1063.07 2737 9682
1230.65 2655 9489
798.6 2739 9489
846.35 2735 9489
770.883 2749 9489
876.8 2670 9489
860.15 2728 9489
818 2872 9682
765.65 2863 9489
762.8 2875 9489
754.25 2888 9489
879.95 2809 9682
936.4 2781 9682
965.1 2740 9682
739.85 2586 9045
695.9 2767 9045
604.733 2813 8584
810.3 2553 8870
666.45 2466 8584
616.6 2658 8584
656.45 2541 8584
1177.97 2488 8962
814.3 2524 9045
719.783 2697 9045
764.95 2579 8654
622.9 2587 8584
726.65 2641 8853
1065.73 3057 9869
1098.1 2905 9993
1299.13 3034 10186
1045.6 2893 9725
1368.8 2847 9725
1130.8 2891 9725
1146.83 2868 9725
1268.4 2733 9682
1745.75 3081 10805
1029.83 3405 10805
1112.45 3248 10805
1381.12 2919 10370
1241.13 3064 10186
1187.9 3074 10186
1246.8 3048 10186
1319.8 2936 10186
1000.5 3111 10344
1309.07 3088 10805
1129.6 3120 10805
1466.03 3085 10805
939.117 3768 10805
937.117 3773 10805
1106.5 3283 10805
1099.25 3308 10805
959.367 3484 10805
947.317 3626 10805
940.067 3651 10805
1034.08 3393 10805
1028.33 3414 10805
1041.33 3368 10805
1066.17 3367 10805
1001.17 3450 10805
1022.58 3430 10805
997.833 3471 10805
388 717 1738
211.3 839 1514
382.2 628 1697
587 559 1738
188.7 968 1514
235.8 663 1697
469 251 0
199.2 443 794
347 377 985
272 437 903
260.4 519 985
235.8 618 903
170.7 651 794
662 488 1290
509.2 494 1146
147.667 449 0
134.933 575 0
199.2 398 0
222.2 345 0
185.95 441 0
394 336 568
222.2 368 619
469 297 504
185.95 464 619
147.667 494 502
459.3 2182 5343
479.017 2045 5343
519.25 1935 5343
680.717 1545 4929
538.717 1613 4929
557.25 1905 5343
594.233 2053 7164
642.15 2349 7599
638.45 2365 7599
932.2 2159 7599
668.2 2220 7666
799 721 2824
401 919 3527
379.267 1159 2231
594 866 2174
518.2 1227 4072
497.533 1286 4072
472.2 981 3637


888 917 1820
327 359 0
394 294 0
339 338 0
469 251 0
199.2 398 0
170.7 606 0
365 323 0
261.133 608 1054
347 377 985
199.667 729 1138
240.867 614 1054
327 387 636
222.2 368 619
199.2 443 794
170.7 651 794
365 349 812
268 466 812
662 465 1316
268 511 1606
502.95 1561 3527
1076.25 1313 3779
637.55 1985 6388
641.45 1942 6388
595.45 2038 6388
663.35 1938 6388
668.55 1934 6388
588.4 2133 6388
565 2135 6388
819.2 1684 5820
815.85 1734 5820
884.5 1870 6388
860.25 1897 6388
768.2 1914 6388
751.6 1919 6388
651.7 1815 5820
786.7 1800 5820
793.75 1785 5820
788.95 1790 5820
795.45 1777 5820
542.7 1519 5077
444.75 1673 5077
401.367 1722 5077
1373.5 1397 5077
696.433 1432 5077
470.867 1571 5077
530.45 1547 5077
599.817 1444 5077
573.05 1481 5077
1291 1418 5077
258.95 1212 1958
683.2 1092 2197
363.6 1157 2686
905.2 855 1932
336.967 1099 1766
628 810 1623
619.133 969 1665
452 981 2084
945 936 2942
401.933 1094 1965
970 831 1820
833.917 2898 6413
2215.5 3205 7786
2012.75 3277 7894
2340.82 3142 7484
2465.25 3263 7894
1341 2705 7426
1473.33 2590 7426
2009.4 4072 8757
1745.8 3997 8196
2210.8 3996 8756
1316.68 3248 6492
2234.33 3376 8467
2986.5 3262 8621
2724.75 3883 9707


968.9 2947 9334
824.717 3005 9334
895.083 2957 9334
891.283 2976 9334
820.017 3017 9334
878.433 2977 9334
693.9 3540 9334
699.3 3526 9334
764.217 3220 9334
749.7 3285 9334
754.617 3273 9334
708.9 3467 9334
781.117 3162 9334
788.917 3135 9334
815.117 3058 9334
799.617 3098 9334
794.017 3118 9334
798.717 3106 9334
808.317 3074 9334
790.217 3131 9334
803.617 3086 9334
794.917 3109 9334
776.217 3173 9334
737.683 3365 9334
736.65 3378 9334
731.65 3387 9334
746.65 3314 9334
1408.1 2839 9334
1480.35 2824 9334
1525.27 2774 9334
1391.72 2843 9334
1281.37 2891 9334
1518.27 2803 9334
1236.32 2916 9334
1287.58 2885 9334
1148.05 2917 9334
727.483 3142 8873
819.85 2957 8715
1396.75 2772 8540
913.5 2815 8830
1654.85 2033 6505
921.25 2214 6505
1623.45 2048 6505
1084.22 2052 6505
1073.6 2083 6505
1028.42 2145 6505
1083.12 2053 6505
966.217 2184 6505
877.8 2221 6505
831.333 2244 6505
964.3 2754 7374
972.7 2705 7374
1085.6 2638 7374
827.833 2840 7374
1283.17 2627 7374
1051.83 2701 7374
1074.77 2646 7374
1289.5 2611 7374
1351.43 2442 7124
1735.15 2362 7124
2193.77 2325 7124
2221.77 2299 7124
1680.75 2405 7124
1712.15 2387 7124
2111.43 2342 7124
1641.35 2423 7124
347 348 0
338 350 0
301 384 0
469 251 0
440 290 0
235.75 643 962
199.2 443 794
272 437 903
681 456 1095
237.833 597 1070
305.467 449 936
347 377 985
242 635 1339
483 582 1656
318.2 696 1604
394 336 568
338 379 720
440 314 936
394 351 611
301 419 461
147.667 494 502
469 297 504
445 636 1715
720.667 701 1820
558 545 1656
515.667 783 1820
1047 1490 3810
1151 1410 3703
1154.5 1365 3748
643.017 2337 5526
545.517 1695 4121
578.25 1604 4121
1201.17 1837 5320
1378.37 1788 5320
553.667 1679 4121
323.7 926 1883
537.75 925 2042
610.6 893 1883
429.15 1184 3531
505 1089 3531
444.9 1103 3531
437.4 1142 3531
652 997 2909
282.5 1472 3122
311.067 1402 3122
327.4 1332 3122
744 741 2066
473.3 944 2476


630.517 2776 8745
650.6 2742 8745
690.667 2428 8745
650.867 2571 8745
1440.52 2261 8745
1276.02 2308 8745
1942.85 2230 8745
1843.1 2250 8745
862.917 2419 8745
927.1 2334 8745
902.6 2406 8745
912.6 2352 8745
1056.22 1955 7188
827.967 1991 7188
1122.87 1953 7188
701.85 2045 7188
878.967 1987 7188
612.567 2182 7188
713.733 2029 7188
634.467 2123 7188
558.317 2733 7842
603.317 2537 7910
601.517 2580 7933
582.517 2565 7760
622.517 2288 7910
618.467 2385 7842
612.667 2392 7827
552.517 2740 7827
1132.55 2109 7692
953.567 2130 7692
892.55 2151 7692
904.3 2145 7692
921.55 2140 7692
1139 2128 7959
598.933 2588 8243
559.917 2702 8134
620.067 2354 8134
702.917 2192 8310
631.717 2289 8301
908.483 3708 9733
914.55 3696 9733
916.2 3686 9733
883.55 3797 9733
898.233 3725 9733
878.35 3833 9733
909.133 3706 9733
928.883 3663 9733
918.633 3680 9733
933.333 3645 9733
1022.52 3462 9733
1021.87 3471 9733
1011.67 3475 9733
1057.73 3405 9733
1060.32 2947 9733
1163.43 2843 9733
1097.62 2931 9733
1182.7 2805 9733
1105.68 2896 9733
1175.12 2833 9733
941.133 3597 9733
945.133 3591 9733
1021.93 3470 9733
996.617 3546 9733
990.683 3567 9733
993.383 3553 9733
996.417 3551 9733
992.417 3561 9733
991.017 3564 9733
1029.23 3433 9733
1042.93 3427 9733
958.933 3580 9733
988.117 2904 8830
1132.7 2689 9289
1062.15 2642 9272
999.683 2733 9272
1154.1 2473 8837
1042.88 2680 9272
147.667 449 0
201.5 355 0
222.2 345 0
185.95 441 0
134.933 575 0
199.2 398 0
440 290 0
272 437 903
330 406 918
364 393 786
199.2 443 794
440 314 936
147.667 494 502
222.2 368 619
305.467 449 936
201.5 393 435
286.8 998 1290
305.467 494 1730
296.533 861 1290
202.667 721 1029
1368.33 1456 4691
1357.5 1816 4959
889.867 1926 4933
270.267 1017 2214
637 861 2674
307.6 1169 3135
865 670 1927
386.5 933 3158
349 1023 3158
306.6 739 2240
304.6 748 2547
1176.5 1309 4154
901 1365 3291
912.333 1247 3802
459 1510 4281
441.8 1531 4281
373.933 1556 4281
499.8 1471 4281


846.2 3218 7907
847.05 3188 7907
846.367 3207 7907
843.7 3226 7907
826.067 3309 7907
840.617 3254 7907
829.15 3259 7907
821.317 3406 7907
826.267 3280 7907
824.4 3356 7907
819.7 3410 7907
822.783 3360 7907
893.317 3002 7907
883.917 3006 7907
897.467 2988 7907
881.1 3039 7907
907.067 2983 7907
867.717 3106 7907
867.067 3110 7907
856.45 3123 7907
853.267 3162 7907
855.367 3147 7907
872.017 3094 7907
851.167 3165 7907
850.65 3186 7907
958.317 2843 7907
940.05 2855 7907
952.217 2852 7907
914.8 2941 7907
923.117 2878 7907
1218.65 2603 7907
1174.02 2634 7907
1416.75 2500 7907
1248.35 2553 7907
1202.27 2628 7907
1004.72 2643 7907
989.583 2776 7907
964.4 2788 7907
1150.85 2638 7907
2357.4 3060 9225
2741.83 3056 9225
3150.33 3054 9225
1291.52 3297 9225
1251.77 3335 9225
1284.52 3309 9225
1286.82 3303 9225
1280.58 3322 9225
1281.03 3312 9225
758.117 3950 9225
836.017 3694 9225
791.333 3751 9225
754.117 4004 9225
849.567 3679 9225
769.783 3909 9225
801.333 3717 9225
737.967 4039 9225
759.433 3916 9225
782.25 3863 9225
732.167 4055 9225
753.367 4010 9225
744.167 4012 9225
866.867 3554 9225
852.117 3629 9225
853.967 3624 9225
1046.7 3489 9225
880.417 3539 9225
973.567 3497 9225
854.867 3605 9225
1164.42 3336 9225
1056.67 3353 9225
2024.65 3073 9225
1968.92 3118 9225
1886.5 2726 8623
1753 2753 8623
1736.5 2767 8623
1417.53 3225 9225
1372.67 3226 9225
1300.58 3240 9225
1437.52 3220 9225
1298.82 3274 9225
1711.98 3178 9225
1639.07 3181 9225
1715.35 3124 9225
1006.07 2968 8623
1035.63 2883 8623
1490.13 2835 8623
1035.12 2930 8623
170.7 651 794
339 338 0
222.2 345 0
199.2 398 0
394 336 568
134.933 575 0
147.667 449 0
185.95 441 0
147.667 494 502
201.5 393 435
222.2 368 619
185.95 464 619
134.933 620 502
199.2 443 794
609.467 1386 3679
761.55 1370 4049
1242.43 1881 5034
609.667 1893 5034
506.233 2012 5034
1811.4 1808 5034
1251.9 1863 5034
501.083 2139 5034
501.783 2082 5034
556.717 1959 5034
1140 1517 4247
553.4 1712 4247
531.017 1776 4247
564.3 1392 4049
404.95 1436 4049
593.217 1528 4247
527.8 1413 4049
349.45 1543 4049
824.85 1165 2076
322.767 1234 2609
762.4 1178 2700
1119 1054 2557
959.667 1322 3287
1090.67 1200 3287
911.667 1348 3287
998.5 1301 3287
994 1305 3287
1096 1194 3287
1653.87 2408 6753
1138.73 2447 5821
1134.7 2527 6261
916.117 2704 6989
327 387 636
440 314 936
330 406 918
591.75 1092 1983
693.75 980 1983
473.333 1100 1983
330.933 698 1405
365.4 735 1606
760 708 1797
518 601 1689
230.667 649 946
320.2 624 1146
437.333 886 1866
453.333 896 1927


1780.33 2424 8671
1538 2456 8671
654.1 3499 8671
659.55 3467 8671
650.05 3524 8671
655.55 3477 8671
740.15 3068 8671
766.75 3021 8671
711.2 3182 8671
701.25 3207 8671
718.9 3149 8671
719.1 3109 8671
729.35 3090 8671
746.3 3033 8671
709.1 3191 8671
694.8 3241 8671
691.2 3263 8671
668.5 3374 8671
677.4 3311 8671
1406.85 2471 8671
1344.62 2476 8671
1307.42 2481 8671
1295.68 2640 9134
1538.67 2430 8671
1530.83 2464 8671
1132.43 2836 9134
1111.58 2885 9134
952.6 2582 8671
1070.65 2508 8671
1037.15 2553 8671
945.267 2801 8671
825.267 2854 8671
825.017 2894 8671
783.6 2912 8671
801.483 2908 8671
950.4 2902 9134
147.667 449 0
134.933 575 0
199.2 398 0
681 465 1138
559 578 1138
469 297 504
147.667 494 502
272 437 903
330 406 918
365 349 812
260.4 519 985
305.467 449 936
199.2 443 794
469 251 0
394 308 0
347 348 0
440 290 0
440 314 936
347 377 985
911.25 2151 5385
889.7 1418 4257
1406.88 1818 6067
680.35 1427 4257
1193.88 1989 6067
916.2 1375 4257
1482.4 1713 6067
1420.2 1741 6067
1453.4 1732 6067
1312.4 1845 6067
548.017 1574 4257
370.517 1789 3787
376.317 1756 3787
354.317 1800 3787
542.25 1471 3787
530.4 1479 3787
548.967 1420 3787
447.1 1548 3787
421.15 1566 3787
397.617 1674 3787
401.817 1665 3787
414.367 1657 3787
391.017 1683 3787
396.567 1680 3787
496.467 1510 3787
496.8 1487 3787
502.733 1484 3787
389.167 1727 3787
390.767 1713 3787
381.333 1740 3787
701.4 883 2471
690 1127 2633
650 1089 2563
633.467 1278 3159
1174 1348 3184
432.833 1459 2273
401.033 940 1730
577 571 1140
343.25 1456 1899
574 892 2008
564.8 1112 2232
303.333 904 1288
493 625 1504
695 803 1800
397.2 757 1712
665.8 1038 2232
450.8 1199 2232
548.133 1138 2232
385.8 1254 2232


1505.3 3079 9532
1464.45 3096 9532
1649.05 3073 9532
929.883 3479 8547
1060.15 3064 8547
1403.65 2985 8921
1667.93 2874 8547
1491.05 2946 9097
1570.3 2899 8738
1262.5 2956 8547
809.35 3739 8547
814.6 3701 8547
810.883 3708 8547
936.45 3173 8547
984.4 3146 8547
994.75 3074 8547
933.133 3469 8547
918.667 3488 8547
907.1 3503 8547
935.383 3378 8547
1093 3003 8547
841.85 3625 8547
841.35 3644 8547
874.1 3555 8547
1357.32 3101 9532
1227.93 3128 9532
1465.17 3087 9532
1204.85 3191 9532
1003.58 3546 9532
1004.4 3494 9532
1020.75 3312 9532
1067.73 3307 9532
1097.72 3196 9532
852.367 3745 9532
781.8 3942 9532
856.65 3735 9532
835.967 3780 9532
974.4 3593 9532
877.867 3668 9532
889.567 3627 9532
951.367 3611 9532
875.733 4001 10344
876.133 3987 10344
964.683 3760 10344
957.55 3774 10344
918.433 3857 10344
812 3791 9532
1007.3 3437 9532
879.083 3948 10344
894.667 3917 10344
941.2 3834 10344
939.733 3836 10344
905.933 3891 10344
932.033 3839 10344
888.367 3929 10344
921.433 3855 10344
865.533 4030 10344
1091.17 3476 10344
1089.22 3481 10344
1082.22 3495 10344
1082.55 3488 10344
1084.5 3483 10344
975.15 3673 10344
941.733 3784 10344
971.017 3750 10344
959.283 3763 10344
997.367 3561 10344
1051.12 3525 10344
1069.62 3516 10344
1049.17 3530 10344
1069.62 3519 10344
1071.57 3514 10344
976.55 3642 10344
1554.78 3247 10344
1143.18 3297 10344
1101.02 3315 10344
1643.03 3177 10344
1653.38 3161 10344
1665.28 3156 10344
1123.72 3313 10344
1630.78 3190 10344
1575.53 3235 10344
2342.63 3126 10344
2626.95 3057 9532
2679.38 3051 9532
201.5 355 0
365 323 0
339 338 0
199.2 398 0
165.3 602 0
440 290 0
222.2 345 0
185.95 441 0
202.667 721 1029
394 336 568
222.2 368 619
201.5 393 435
185.95 464 619
440 314 936
365 349 812
356 412 835
305.467 449 936
199.2 443 794
170.7 651 794
229.25 614 918
1108.83 2079 5042
1041.5 2086 5042
1095.08 2081 5042
660.667 2093 5042
1086.83 2083 5042
1039.5 1585 4400
1003 1641 4444
782.833 2081 4540
799 2075 4540
816.067 2053 4540
827.617 2018 4540
1187.8 1809 4540
1022.3 1895 4540
695.083 1766 4444
882.083 1711 4444
942.483 1679 4444
865.2 1739 4444
951.85 1673 4444
857.833 1966 4540
879.4 1916 4540
392.2 1465 3695
705.3 1392 4028
531.483 1610 4028
550.3 1554 4028
1141.25 1383 4028
597.617 1455 4028
1151.67 1349 4028
612.567 1454 4028
938.5 1327 3437
468 1223 2852
828.2 1106 3025
454.75 1262 3025
504.667 1138 3025
290.4 894 1071
741 740 2384
583.2 763 1697
556.2 793 1771
310.25 832 1849
358.55 816 1555
448.2 597 1298
360.5 707 1290
570.667 752 1438
689 468 1440
405.4 810 1380
449.2 879 2372
1291.03 2783 6840
1006.5 2162 6571
2346 2137 5494
919.117 2318 6571
2021.83 2463 7399
971.25 2274 6571
1840.47 2468 7399
832 2349 6571
1083.65 2958 7936


440 290 0
338 350 0
272 405 0
327 359 0
339 338 0
469 251 0
330 406 918
327 387 636
347 377 985
199.2 443 794
260.4 519 985
272 437 903
440 314 936
469 297 504
338 379 720
221.75 699 896
651 480 1204
260.4 564 1779
529.267 2782 8134
543.017 2769 8134
543.517 2766 8134
513.367 2956 8134
528.933 2881 8134
566.467 2676 8134
580.517 2626 8134
552.717 2689 8134
574.017 2635 8134
578.767 2627 8134
567.717 2647 8134
617.767 2483 8134
607.7 2514 8134
593.95 2562 8134
610.017 2495 8134
597.867 2523 8134
602.7 2515 8134
647.267 2347 8134
633.767 2379 8134
997.583 1972 7673
898.05 1976 7673
821.533 2208 8134
672.517 2292 8134
1165.85 2183 8134
677.45 2269 8134
647.333 2091 7673
688.4 2075 7673
708.317 2057 7673
591.067 2208 7673
596.767 2176 7231
565.767 2276 7149
761.233 1987 7673
733.983 2051 7673
2579.33 2864 8532
2867.83 2841 8532
2672.33 2847 8532
2489.75 2904 8532
2488.75 2928 8532
2531 2891 8532
2385.33 2955 8532
2561.33 2878 8532
1022.73 3611 8830
1003.07 3630 8830
929.95 3940 8830
1012.42 3623 8830
969.75 3734 8830
932.35 3737 8830
1025.53 3609 8830
1018.73 3622 8830
986.083 3692 8830
997.45 3668 8830
989.633 3690 8830
1752.83 3216 8532
1755.67 3211 8532
1828.33 3209 8532
1872.83 3206 8532
2194.17 2956 8532
2164.88 2990 8532
2181.3 3221 8830
2315.95 3206 8830
1971.92 3038 8532
1109.13 3540 8830
1070.25 3555 8830
1052.78 3564 8830
1144.85 3495 8830
1036.53 3573 8830
1366.15 3231 8830
1340.22 3408 8830
1356.82 3351 8830
1303.83 3441 8830
807.9 1420 3879
1237.5 1867 4613
1196.5 1927 4613
1261.33 1836 4613
1517.77 1825 4613
1217.5 1918 4613
1598.75 1808 4613
1252.5 1852 4613
1272.5 1835 4613
392.15 2030 4439
555.367 1740 4439
462.383 1958 4439
417 2000 4439
475.283 1920 4439
383.25 2035 4439
506.3 1898 4439
559.25 1318 3688
814 1191 2552
933 933 2465
713.25 1222 2893
796 1015 2465
377.817 1157 2174
525.5 983 2082
473.333 954 1881
991 866 2123
748.2 989 2182
553.067 1459 2309


639.95 3710 10099
636.15 3711 10099
640.35 3687 10099
653.95 3653 10099
624.95 3856 10099
625.85 3854 10099
630.35 3819 10099
723.65 3323 10099
723.4 3330 10099
718.05 3355 10099
714.4 3365 10099
677.05 3539 10099
676.95 3549 10099
686.75 3528 10099
693.8 3446 10099
690.95 3451 10099
687 3491 10099
666.05 3583 10099
656.55 3600 10099
714.2 3401 10099
701.45 3402 10099
996.533 2649 10099
992.6 2651 10099
950.983 2667 10099
914 2686 10099
1227.67 2634 10099
1027.3 2643 10099
841.3 2688 10099
784.95 2799 10099
768.6 2877 10099
755.15 2888 10099
737.3 3001 10099
728.95 3016 10099
745.35 2930 10099
811.5 2777 10099
803.3 2784 10099
884.617 2640 9264
823.617 2532 9114
948.317 2645 9638
994.533 2627 9638
920.033 2547 9463
985.533 2522 9379
2211.37 2463 9313
1849.03 2465 9313
1822.13 2475 9313
469 251 0
394 308 0
235.8 618 903
170.7 651 794
201.5 393 435
147.667 494 502
134.933 620 502
185.95 464 619
365 349 812
272 437 903
199.2 443 794
356 412 835
266.2 509 835
199.2 398 0
222.2 345 0
185.95 441 0
147.667 449 0
201.5 355 0
134.933 575 0
394 336 568
327 387 636
222.2 368 619
575.167 1687 3128
670.267 1523 3260
1016 1249 3488
919 1320 3488
1097 1153 3488
1145 1135 3488
966 1281 3488
1644 1398 4674
1119 1459 4674
1118 1468 4674
1365.33 1429 4674
1165.33 1438 4674
1511.2 1403 4674
616.6 2274 4766
607.333 2403 4766
1133.17 2242 4986
616.8 2207 4766
648.4 1614 4674
778.4 1492 4674
1085.17 2255 4986
719.4 1512 4674
420.567 1900 3771
389.533 1931 3771
502.517 1785 3771
440.483 1799 3771
455.983 1790 3771
290.75 798 2206
449.217 1202 2977
435.4 1248 2977
583.6 1117 2977
679.2 1109 2977
462.85 1131 2977
452.767 1194 2977
1202.6 1953 5493
1387.1 1911 5493
1290.3 2449 7331
1456.27 2294 7331
1427.53 2299 7331
1882.57 2242 7331
2003.97 2225 7331
2180.3 2220 7331
1362.53 2333 7331
1195.8 2437 6487
1178.47 2438 6487
846.117 2348 6161
922.267 2292 6161
858.133 2308 6161
559 557 1380
235.8 663 1697
483 645 1722
332.2 526 1339
235.4 868 1321
668 794 1753
799 695 1753
770 709 1753


394 294 0
249.4 636 1454
185.95 509 1413
364 393 786
222.2 368 619
394 351 611
199.2 443 794
170.7 651 794
603 479 1448
521 570 1448
500.2 485 985
330 406 918
272 437 903
185.95 441 0
222.2 345 0
199.2 398 0
170.7 606 0
676.383 3285 8903
680.167 3281 8903
611.533 3418 8903
671.383 3300 8903
644.033 3376 8903
657.167 3304 8903
1004.03 2803 8903
1003.37 2824 8903
999.883 2917 8903
918.517 2943 8903
966.033 2941 8903
994.583 2933 8903
828.1 3001 8903
680.617 3021 8903
912.65 2948 8903
897.233 2949 8903
866.983 3201 9747
1378.28 3165 10274
945.8 3337 10274
1121.52 3112 9706
917.283 3181 9830
885.583 3133 9462
1071.52 2604 7985
1013.12 2744 8903
2054.93 2638 8903
1066.52 2658 8903
839.6 2702 8068
978.933 2643 8284
945.55 3365 10274
967.083 3301 10274
886.533 3369 10274
871.3 3633 10274
878.983 3658 10910
868.733 3677 10910
862.983 3700 10910
819.183 3925 10910
846.233 3783 10910
854.683 3771 10910
841.883 3805 10910
824.633 3855 10910
841.183 3826 10910
841.483 3811 10910
829.483 3833 10910
819.633 3883 10910
820.733 3878 10910
902.583 3449 10910
906.3 3406 10910
973.55 3293 10910
930.017 3370 10910
1039.4 3238 10910
948.217 3319 10910
888.95 3596 10910
895.783 3533 10910
987.35 3260 10910
1322.58 3201 10910
1843.83 3124 10910
1081 1169 3450
958 1336 3531
423.633 1946 5286
493.1 1583 5286
488.767 1703 5286
651.617 1553 5286
489.1 1629 5286
429.267 1709 5286
415 1606 4500
444.717 1577 4500
400.533 1626 4500
384.8 1743 4500
464.3 1363 4500
844.5 1372 4667
970.867 1371 4667
672.1 1513 4667
774.5 1447 4667
251.2 587 1712
859 971 2409
559.8 1053 2310
419.1 1128 2191
543.75 700 2206
534.5 1123 2460
533 1275 2284
324.567 1238 1749
378.2 945 1779
454.133 1359 2667
856.5 1208 2875
980 916 2627
2267 2544 6182
1082.75 2240 6029


