518 679 2534
337.833 1034 2885
404.333 779 2582
893 642 2117
1664.67 2519 7398
1203.67 2288 6502
1462 2341 7087
566.833 922 3546
2050.33 3087 8022
1332.33 1586 5419
167.333 681 1593
734 1928 5426
1409.83 2211 6461
1203.67 1883 5641
317.333 580 1651
871.667 1239 4268
1799.33 2105 6403
2081 2743 7486
292.667 824 2597
394.167 975 2753
1037 893 3155
334 1051 3193
1306 3642 7628
220 584 972
599.167 1164 3992
508 1435 4256
1233.17 1857 5916
1699 1786 5502
1150.33 2439 6280
607.833 1431 4149
185 623 1786
513.167 943 3385
406.333 682 2399
184.333 639 972
1416.5 2138 6357
1234.5 2151 6247
691 651 2114
417 764 2666
1110.33 2487 6427
1000.17 2128 5661
1237.17 2954 7186
498.667 1356 3934
1090.17 1890 5810
1620.33 2330 7013
905 1500 5243
565.833 1141 3940
1883.33 2797 7474
383.5 927 2640
1254.17 1574 5286
209.833 601 1625
2926.83 3774 9394
682.833 1252 4337
1765.5 2282 6550
340.167 1034 3161
2255.33 3556 9356
404.5 1176 3422
1899.17 2914 7837
711 1071 3592
2157.83 3052 8110
802.667 2108 5443
701.167 1144 4159
182.333 661 1694
409 522 1812
360.5 541 1168
203.667 610 1734
456.5 1187 3845
1368.17 2507 7203
418 493 1461
2167 3620 9201
684.667 1140 3609
861 649 1982
331.333 998 2781
605 887 2770
2486 3010 8763
410.167 965 3129
1276.67 1749 5419
191.333 617 1234
439.167 1139 3282
1319.83 3474 7455
1698 3382 8493
391.833 958 2706
277.333 748 2332
321.5 1056 2678
418.5 506 1694
238.167 610 1786
639.833 1319 4519
408.667 1143 3458
1203.67 3261 6707
1010 1929 5822
2261.33 3816 9508
609.667 1330 4538
188 645 1809
490.833 691 2758
619.667 1913 5112
178 642 1668
1055.67 2319 6257
1770 3541 8977
1454.5 3107 8377
453 1018 3460
1719.67 1480 4780
1143 2548 6527
1279 1822 6069
448.333 1142 3313
733.667 1095 3733
836.833 2488 6030
246.5 877 2574
383.5 561 1568
2473.5 3121 8453
638 456 1211
631 1553 5211
1190.33 1834 5583
388 531 1326
2359 3802 9414
396 564 1760
194 600 1542
260.5 862 2413
272 769 2307
149.667 749 1542
466.333 749 2565
431.5 466 1720
275.833 729 2180
411.833 1177 3532
184.333 638 1501
166 665 1335
176.167 715 1610
658.833 1281 4771
800.667 1694 5369
353.167 984 3077
912.833 1758 5401
673 838 2836
752.5 808 2937
2290.67 3881 9775
3142.67 3681 9511
184.333 683 1918
348.667 990 3127
247 836 2341
900 2358 6188
1280.5 2798 7085
1440.83 2082 6198
990.167 2080 5523
1997.33 2655 7476
2754.5 3154 9084
1514 1816 5647
432.833 1148 3621
863.333 2149 5716
380.167 499 1168
1170.5 2961 6583
279.333 755 2405
164.167 743 1734
1623.5 2987 7963
355.333 570 1918
245.167 873 2488
421.5 1176 3633
246.333 833 2258
2052.17 3208 8923
2086.83 3953 9307
1891 2966 7670
2149.33 4049 9512
470.5 1526 3875
253 839 2398
1334.67 2038 6178
727.167 1127 4101
378 352 840
2060.5 3487 9021
426 340 397
440 283 489
378 314 0
2183.67 4135 9635
363 380 472
221 558 1519
195.333 611 1610
440 257 0
102.667 489 946
240.5 366 0
352 398 788
410 770 2597
191 399 0
240.5 386 679
372 539 1068
377 346 722
377 325 0
370 363 748
191 438 372
370 327 0
426 295 0
273.5 362 0
341 344 0
341 374 389
363 334 0
273.5 407 972
102.667 445 0


1132.5 2678 7237
178 642 1668
959.333 1623 5213
515.333 931 3279
1557 2399 6672
184.333 683 1918
231 843 2031
490.5 1267 3619
359.667 991 2819
1884.67 2250 6620
681.833 1549 4633
812 1693 5157
325 1035 3138
247.167 575 1435
1186.67 2198 5967
860.5 974 3282
251.667 834 2557
352 689 2267
1730 1799 5768
645.167 1076 3546
1958.5 2295 6629
1209.5 2037 6124
1867.33 3489 8770
700 1347 4226
605.333 857 3023
397.833 918 2854
427.5 1061 3397
2680 3457 9019
926.167 1485 4838
878.5 1556 4896
1030 910 3071
1835.33 2738 8033
783.5 1159 4182
2235 2335 6721
614.5 1466 4306
1064.67 1896 5435
2281 2992 8619
643.5 1552 4857
1941.83 3983 9273
1019 907 3031
328.5 711 2074
360.5 541 1168
496.667 1151 3657
907 990 3322
877 2475 5847
812.667 2055 5641
279.333 755 2405
683.167 1298 4144
1849.17 3558 8367
185 623 1786
874 627 2074
1833 2844 7750
1046.33 2758 6048
2409 2544 7293
1681.5 2592 7682
1443.67 3655 7611
220 584 972
1081.5 2692 6303
476 1413 3728
868.333 2265 5833
225 902 2264
195.333 611 1610
489.5 1409 3460
271.333 772 2014
828 1367 4306
203.667 610 1734
1452 2413 6886
1364.83 2331 6530
796.833 1864 4927
274.667 798 2758
409 522 1812
325 731 2290
380.167 499 1168
649.667 1500 4622
1186.33 2026 5897
1836.5 2587 7640
1522 3283 7829
406.333 682 2399
484.5 738 2583
1743.83 2920 7997
535.333 1415 3798
366.333 962 3195
355.333 570 1918
969.667 1655 5228
1616.67 2609 7440
657 1257 3911
2847.33 2715 8263
176.167 715 1610
1565.33 1705 5252
1001.33 2049 5807
1825 2023 6162
149.667 749 1542
1442.5 2174 6485
1118.17 2034 5604
1499.5 2297 6518
1390.33 3011 7342
477.333 1575 4542
317.333 580 1651
1445.17 2974 7314
504.333 942 3155
1997.33 3704 9290
1864 2359 6727
253.833 820 2022
931.667 1659 5039
696.833 1437 4424
906 1834 5220
2095.17 3312 8629
167.333 681 1593
1089.33 2231 6512
194 600 1542
379 737 2399
184.333 639 972
424.167 900 2997
638 456 1211
327.333 699 1940
1849.5 3735 8576
273.333 572 1212
301.167 712 2221
540.833 1285 3998
1350 2451 7234
470.667 1524 4025
665.5 1056 3806
2430 2937 8239
365.5 644 2008
1995.83 3827 9324
2531.5 2857 8403
457.5 897 2870
1580.17 2694 7516
511.5 707 2431
3187 3538 9050
418.5 506 1694
2251 3583 9385
238.167 610 1786
209.833 601 1625
233.333 883 2582
339.5 559 1401
316 754 2534
166 665 1335
257.333 820 2290
1644.17 3012 7797
2314 3480 8729
1555.33 1985 6080
2920 3286 9036
901.5 1360 4383
292 558 1160
1671 2368 6737
1341.17 2532 6648
455.833 855 2785
1501.67 2074 6522
257 793 1956
728.833 1416 4700
976 1722 5368
969 1048 3596
1326.33 1908 5909
2389 3705 9904
184.333 638 1501
237.667 604 1668
1837.67 2636 7858
1841.5 2360 6567
416.333 1568 3320
669 445 1111
391.5 952 3063
710.833 1392 4348
362 974 2779
2064.17 3519 8944
189.667 603 1435
2059.5 3356 8354
621.333 1344 4058
471 1172 3422
383.5 561 1568
431.5 466 1720
274 837 2649
705.333 1046 3345
1670.5 3064 8228
530.5 669 2442
1209.67 1784 5547
1481.83 2066 6152
603.333 1473 4006
1079 1489 5152
1707 2364 6683
182.333 661 1694
1126.67 1887 5472
388 531 1326
2019.83 4107 9730
2571 3361 8637
164.167 743 1734
419.5 503 1361
240.5 386 679
188 645 1809
396 564 1760
1446.33 3306 7572
363 334 0
240.5 366 0
236.167 848 2040
377 346 722
372 539 1068
436.167 1227 3428
440 283 489
352 398 788
1610 1799 5693
766.667 2139 5385
378 352 840
273.5 362 0
1400.17 1966 5923
995.333 2197 5716
683.5 1992 5295
191 399 0
102.667 445 0
420.667 776 2706
377 325 0
426 340 397
426 295 0
363 380 472
370 327 0
273.5 407 972
370 363 748
102.667 489 946
378 314 0
341 374 389
191 438 372
341 344 0
440 257 0


902 645 2157
691.667 1439 4229
720.167 1829 5562
1482.83 2353 7487
515 699 2108
487.667 1473 4063
1116.33 1667 5105
1607.33 1944 6216
1277.5 2587 7051
533.5 1193 3592
2383 3540 9068
396 564 1760
269.667 763 2364
1430.5 1670 5155
998 1597 4932
903 1018 3423
1300 1707 5428
515 1202 3480
2236.17 3964 10095
578 1468 4381
1368.33 3215 7248
595 762 2600
1297.83 2024 5899
889.167 1624 5098
455 1105 3354
600.667 874 2863
1047 2171 6482
1002.33 1412 4688
262.5 789 2198
1650 2611 7550
2898 3512 9339
291.5 750 2180
786 681 2310
1132 1261 4124
1660.33 1893 6150
861.5 2377 6039
1812.33 3422 9044
590 1605 4790
1897 2285 7162
1524 1996 5940
1625.67 1903 5784
638 456 1211
1320.5 2102 5968
1523 2008 5926
1834.5 2700 8080
383.5 561 1568
2207 3077 8765
570 1274 4176
1026 880 3322
278 754 2450
1168 2606 6994
325 716 2092
950.5 818 2796
1439 1597 5164
878 1816 5178
380.167 499 1168
3055.5 3491 9320
529 1230 3799
1064 815 2805
828.5 1312 4447
1469.67 2870 7647
1209.5 2085 5837
1003 1360 4649
237.667 604 1668
1441 1219 4257
265.167 781 2097
715 1372 4513
1875.67 2070 6240
543 1192 3699
1354.67 2468 6904
993 1606 4979
874 627 2074
1289.33 2499 7154
258.667 791 2189
2260.83 2997 8588
299 755 2565
1602 1842 5587
266.667 817 2758
375.5 902 2946
449.167 1236 3883
372 539 1068
2055 3680 9272
593 1109 3809
410 1216 3569
1492.67 1670 5221
1401.83 2688 7458
1361.5 3334 8867
238.167 610 1786
543 1218 4061
569 1063 3377
1085.67 1587 5088
221 558 1519
812 699 2425
194 600 1542
371.833 908 3020
1123.83 1998 5675
1002.33 1367 4608
1676.17 3046 8471
682.667 1440 4772
737.833 857 3155
383.5 879 3253
571.167 1114 3385
1002 2159 6104
2212 2598 7858
698.833 1692 5120
2108 2918 8153
632.833 1077 3435
388 531 1326
1388.17 1557 4954
185 623 1786
1108.5 2333 6845
329.5 721 2382
2649.5 3790 9795
442.667 1178 3410
203.667 610 1734
904 2286 5720
167.333 681 1593
1601.83 3694 9755
1384.83 2252 7002
184.333 638 1501
2576.17 3601 9116
189.667 603 1435
248 816 2416
646.5 1101 3650
1146.5 2119 6211
340.5 1155 2894
2004.83 1810 5458
1212 1789 5333
2562.33 4019 10185
691 651 2114
1005.33 2058 5800
1970 2138 6484
466.333 749 2565
1622.5 2138 6419
239.5 896 2456
317.333 580 1651
182.333 661 1694
176.167 715 1610
164.167 743 1734
365.5 644 2008
1197.83 2968 7052
1317.67 1860 5750
418 493 1461
409 522 1812
431.5 466 1720
1060.67 1585 4892
852.5 1021 3463
1506.67 2807 7871
355.333 570 1918
184.333 683 1918
1083.5 1007 3760
178 642 1668
1326.67 3616 7239
1407 1797 5440
467.667 1175 3370
360.5 541 1168
418.5 506 1694
1158 1827 5442
670.333 1170 4076
2855 3363 8872
149.667 749 1542
1547.33 3180 8405
669 445 1111
351.333 1084 3204
188 645 1809
378 352 840
363 380 472
184.333 639 972
378 314 0
377 325 0
204.167 576 1625
370 363 748
2217 2858 8130
273.5 362 0
426 295 0
240.5 366 0
370 327 0
273.5 407 972
102.667 445 0
440 283 489
426 340 397
576.5 1667 4312
341 374 389
195.333 611 1610
240.5 386 679
440 257 0
352 398 788
102.667 489 946
191 399 0
363 334 0
191 438 372
377 346 722
341 344 0


1976.67 2336 6645
1117.67 1291 4556
568 1145 3800
1131.5 2809 7132
440 1177 3901
326.167 1062 3120
1216 1095 3820
1762 2537 6912
2709.5 3805 9372
1313.33 1271 4898
250.667 841 2341
1282.67 1753 5454
516 689 2249
264 819 2249
386.667 1005 3129
444.333 784 2781
502 1103 3777
240 865 2473
856.333 2022 5443
322.5 728 2157
870 1326 4556
561.833 925 3313
236 843 1939
2518.17 4275 10154
1463 2458 6654
754.667 1569 4772
1642.5 2601 6913
977.333 2098 6596
1512 1843 5619
584.5 1447 4697
965 1755 5011
533.667 1500 4206
1095 2532 6801
543.333 1150 3926
1952.17 2499 7234
569.833 1432 4430
1393.5 1975 6259
2817.67 3609 9380
992.333 1984 6263
409 522 1812
369 1026 3397
1030.5 1264 4312
2214.5 3413 9249
1032.5 1968 6065
712.333 2054 4877
897 1535 4708
257.167 852 2488
250.667 824 2123
1270.33 3852 8374
275.833 774 2347
329 715 2264
1793.67 2764 7716
644.5 677 2459
1186 1068 3552
184.333 639 972
1119 1263 4324
1305 1522 4870
243.167 830 2158
355.333 570 1918
379.833 1023 3046
849 1906 5259
272 769 2307
437 1187 3809
1468 2675 7281
579.333 1914 4579
466.333 749 2565
975 1821 5419
629 1365 4338
888 608 1951
857.333 1869 5541
1205 1696 5384
203.667 610 1734
2460.5 3148 8768
399.333 1300 3458
992 872 2905
188 645 1809
1923 2679 8694
325.167 724 2275
854 646 2074
247.167 575 1435
973 2068 5947
742.5 1768 5109
414.5 880 3296
482.333 1353 3987
2303.67 2325 6934
390.833 979 2896
189.667 603 1435
1008.5 1799 5469
958 2189 5700
2778.33 3707 9367
733.333 2195 5229
176.167 715 1610
2683.33 3885 10103
1639.83 2658 6927
933.5 1765 5343
1003 1603 5244
2705.67 3692 9364
2023 2415 7010
759.667 1760 4992
1748 2344 6899
623.667 1097 3684
2040.17 3932 8910
529.5 673 2316
839 1948 5168
261.667 809 1918
167.333 681 1593
1644 2976 8314
1147.67 1244 4248
1720.17 3717 8487
638 456 1211
900.333 2012 5663
1595.33 2808 7860
1011 861 2906
491.667 1271 4061
1585 2982 7450
790.333 1393 4398
626.5 994 3437
1056 2503 6677
506 718 2459
1686 2065 6268
1460.33 1691 5327
383.833 931 2812
330.333 726 2332
1321.17 3582 7271
1360.17 1874 5951
2515 3908 9971
1110.67 2482 6709
431.5 466 1720
431 1190 3450
349.667 1056 3061
2452.67 3403 8937
1802 2398 6938
1055.33 1104 3895
1649.33 1602 5137
423.667 1235 3708
388 531 1326
3213.83 3671 9591
204.167 576 1625
283 814 2405
821.5 2186 5143
269.667 839 2781
2268.17 3502 9355
360.5 541 1168
1199.67 2685 7068
1886 2508 7432
859.5 1387 4381
1163.83 2844 7264
838.5 1636 4930
1391 1659 5253
226.667 883 1918
194 600 1542
418.5 506 1694
273.333 572 1212
1107 1199 4035
401.167 824 2686
383.5 561 1568
613.833 1429 4448
384 949 2870
227.5 919 2123
185 623 1786
280.667 744 2031
323.5 1040 2885
292 558 1160
164.167 743 1734
342.5 566 1252
317.333 580 1651
3119.5 3691 9422
445.333 1073 3644
2972.83 3875 10727
841 2089 5698
449 746 2531
278.333 836 2373
232 883 2382
2864 3324 9036
184.333 638 1501
237.667 604 1668
166 665 1335
377 325 0
149.667 749 1542
191 399 0
339.833 697 2099
301.167 751 2272
669 445 1111
363 334 0
1482.33 2628 6865
363 380 472
1553 3178 7958
240.5 386 679
240.5 366 0
372 539 1068
102.667 445 0
341 344 0
418 493 1461
377 346 722
1777 2487 7062
191 438 372
341 374 389
511.5 707 2431
178 642 1668
440 283 489
102.667 489 946
378 352 840
370 363 748
426 340 397
273.5 407 972
777.667 2265 5942
378 314 0
426 295 0
273.5 362 0
370 327 0
440 257 0
352 398 788


2162 2084 6642
1183.67 2295 6713
629.833 1938 4999
544.667 1604 4210
275.833 729 2180
1963 2229 6664
1647.67 3264 8507
1213 2053 6351
513.833 1019 3371
535 1207 3816
925.333 2099 5534
2383.5 3792 10072
1132.33 2831 6297
576.5 1160 3983
1560 1436 4695
426 672 2439
569.5 1140 3750
2140.33 3697 9463
590.333 914 3170
1076 1601 5361
850 671 2258
468.333 1492 3785
427.167 1185 3716
189.667 603 1435
396 564 1760
478.5 959 3319
245 837 2330
1706 2339 6818
507.5 1250 3917
418.5 506 1694
2212.33 2463 7421
1631.83 3425 7607
1467.5 2480 7497
238.167 610 1786
681 1115 3426
185 623 1786
339.167 731 2574
1087 2185 5756
795.833 1076 3966
326.667 708 2180
531.5 1222 3765
1939.83 3236 8927
787.5 1366 4182
509.667 1522 3966
1262 1379 4521
1155 2493 6677
1079 1336 4166
1054.67 2159 5718
527 915 2781
333.333 981 2706
1727.33 2457 6984
1138.67 2481 6303
166 665 1335
261.5 791 2114
2381.33 3432 9343
463.333 1233 3760
409 522 1812
1230 1071 3507
834.5 2067 5474
1068 1705 5069
1158.67 2944 7476
1122.83 2153 6201
1020.67 2419 6245
364.167 1283 3426
671 1615 4499
184.333 638 1501
1701.83 3132 7937
2490.67 3730 9503
988.667 1840 5362
907 990 3322
698.667 1564 4283
336.5 984 3084
2067 3408 8964
615.333 1118 3493
257.667 820 2074
697.5 1274 4015
475.333 1098 3130
331.167 1046 2738
188 645 1809
1374.33 1867 5793
388 531 1326
586.167 1381 4231
906.5 1427 4671
388.667 951 2822
933.5 1802 4945
638 456 1211
1283.5 1965 5822
927 1804 4945
1546 1822 5492
1058 1663 4861
1147.5 2144 6207
1280.17 1553 4980
1716.83 2573 7880
184.333 683 1918
376.333 917 2649
1897.83 2303 6803
430.667 897 2722
315.333 769 2249
314 631 1809
1050.17 1935 5664
954.333 1780 5053
669 445 1111
1380.17 2792 7032
269.333 807 2359
1574 2289 6515
691.333 870 3086
178 642 1668
720.5 1413 4665
359.5 1140 3195
184.333 639 972
2355.67 3811 9781
1977 1818 5624
423.167 1371 3484
236.167 848 2040
977.833 2175 5696
182.333 661 1694
317.333 580 1651
176.167 715 1610
1358 2261 6394
1280 2202 6372
879.5 852 3204
1356.5 2813 6869
1516.5 2868 7539
773.5 850 3121
194 600 1542
253 839 2398
149.667 749 1542
1113.5 1350 4499
458.5 989 3120
1395.67 2624 7302
707.333 1916 5173
701 1888 5026
418 493 1461
490.833 691 2758
691.833 1565 4735
204.167 576 1625
294.833 836 2640
2399 2216 7119
1984.83 2988 8110
1254 1409 4574
2487 3171 8645
940.167 2225 5594
372 539 1068
1827.5 1793 5460
167.333 681 1593
195.333 611 1610
1925.33 3212 8009
969 919 3230
1793.33 1979 5899
585.5 1090 3425
254 804 2065
1887.5 2194 6438
380.167 499 1168
985 1705 4756
2378.5 2547 7837
283 814 2405
355.333 570 1918
203.667 610 1734
431.5 466 1720
191 438 372
1917 3508 8956
240.5 366 0
370 327 0
518.833 644 2209
273.5 407 972
2482.67 3194 8677
273.5 362 0
341 344 0
102.667 445 0
221 558 1519
191 399 0
360.5 541 1168
378 352 840
237.667 604 1668
440 283 489
341 374 389
440 257 0
352 398 788
377 346 722
240.5 386 679
1781 3037 7998
426 340 397
3173 3575 9409
363 334 0
377 325 0
378 314 0
426 295 0
1379.17 2917 7198
363 380 472
370 363 748
102.667 489 946


1153.17 1426 4609
362.5 612 1835
344.5 1183 3245
571.333 1791 4328
356 1034 3345
271.333 875 2557
995.333 1723 5241
724.667 1365 3922
1842.67 1989 6350
1368 2219 6405
1466.5 2871 7482
184.333 683 1918
1644.33 1901 5960
846.167 1320 4597
290.833 873 2666
1463 2175 6049
414.833 876 3245
549.667 1103 3391
412.167 1187 3546
1224.67 2539 7409
455.5 1354 3743
1105.33 2641 6563
646.833 1366 4251
1358.83 2064 6009
431.5 466 1720
2232.17 3523 8578
1757.17 2045 6029
713 794 2675
1086.33 1527 4859
243.167 830 2158
1000.5 1622 5336
388.833 865 2610
1433 2403 7202
781.667 2343 6171
446.833 1218 3708
2898 3279 9019
1052.5 1979 5624
1121.33 1898 5501
320 738 2508
714.5 712 2307
718.833 1204 3750
775 1360 4465
662.667 830 2695
751.167 1261 3834
415.667 664 2298
980 998 3397
594.333 1469 3834
2832.67 3286 8795
461.333 872 2781
635.5 835 2788
297.5 754 2014
2170.33 2794 8544
2816.67 3342 8832
276.333 767 2574
1094.33 3103 6614
2625.33 4240 10041
828.5 840 3282
778.833 1689 4614
696.5 2076 4871
597.333 1896 4390
1002.67 2250 6377
939.333 1132 3685
409 522 1812
395.167 897 3104
1233.33 3466 7596
236.667 863 2031
862 659 2100
922.5 1551 4697
1986 3773 8633
2297.67 3334 8569
1054.67 2469 6481
2056.17 3590 9780
1338.33 1495 4878
903.333 1166 3800
712 1072 3466
1209.17 2292 6571
213 925 1931
701.833 1760 4969
986 1763 5020
581.5 1152 3544
372 539 1068
263.5 790 2488
977.5 1850 5049
633.667 1621 4545
2927.17 3181 9035
398.5 875 2802
803.167 1599 4548
1159.67 2094 5963
1395 2364 6959
643.667 1071 3451
964.667 1487 4769
841.333 1786 5011
1452.83 2023 5981
377.167 926 2762
945.167 2175 5548
2634 3066 8584
684.833 1525 4398
711 1446 4530
1898.33 2944 8436
330.167 724 2183
945 1709 4965
423.167 1160 3428
252 832 2166
1088.33 1596 5120
619 1466 4054
396 564 1760
742.333 1355 4222
1856.33 1927 6153
852.333 1918 5113
895.5 1700 4855
194 600 1542
694.167 1511 4312
770.667 2342 5575
2537.33 3541 9057
380.167 499 1168
1135.67 1936 5583
2283.33 3425 8924
176.167 715 1610
2815.5 3503 9193
615 1472 3916
638 456 1211
564.5 605 2083
462.5 1159 3644
1115.67 2152 5685
254.167 850 2289
1464.83 2132 6697
1220.67 3665 7184
1478.17 2763 8181
653.333 1063 3422
1201.5 1716 5942
243.833 915 2482
967.833 1967 5344
879.667 2222 5131
184.333 638 1501
1039.33 2029 5383
296.333 1079 2719
360 952 3270
771.667 2295 5342
164.167 743 1734
418.5 506 1694
418 493 1461
2542.67 3558 9121
185 623 1786
2852 3259 8732
1407 3049 7811
607 1168 3667
2174 2411 7413
180 661 1418
182.333 661 1694
2291.83 3416 8594
203.667 610 1734
2907.67 3892 10101
184.333 639 972
195.333 611 1610
383.5 561 1568
945.333 2160 5123
976.333 1699 4878
316 754 2534
1147.67 2831 6922
736 871 3348
167.333 681 1593
221 558 1519
2132 2678 7491
1581 2129 6203
237.667 604 1668
2960 3555 9206
360.5 541 1168
693 1284 3834
317.333 580 1651
363 380 472
782.167 1273 3864
806 1201 4176
388 531 1326
273.5 362 0
149.667 749 1542
490.833 653 1918
626.5 1137 3421
191 399 0
273.5 407 972
1537 2359 7319
204.167 576 1625
426 295 0
586.833 1239 3802
189.667 603 1435
102.667 489 946
240.5 366 0
377 346 722
102.667 445 0
341 374 389
1196 1905 5727
370 327 0
377 325 0
687.333 1940 4677
341 344 0
378 314 0
191 438 372
370 363 748
416 1414 3584
440 257 0
240.5 386 679
378 352 840
363 334 0
238.167 610 1786
426 340 397
440 283 489
352 398 788
1328.33 3436 7498


2167.33 3860 9404
268.333 801 2381
545.333 899 3287
1485 2220 6531
2014.83 2521 7574
1262.83 1982 5799
1173.33 2211 5863
1431.33 2804 7036
515 824 2675
277 805 2582
1635.33 2912 7999
2160 2089 6765
1475.33 2362 6995
564 1147 3728
2150 3882 9715
1743.5 3586 8435
316 734 1931
680.167 2355 5642
1092 2234 5817
334.667 994 2706
1251.33 2224 5911
2686.67 3811 9515
1202.33 2256 6026
1541.33 2721 7243
1698.67 2306 6797
396 564 1760
317.333 580 1651
857.167 1561 5238
883.167 2088 5601
2552.67 3856 9296
1330 2144 5872
782 955 3343
2329 4106 10492
178 642 1668
1210 2240 6421
1328.17 2150 6214
2587.83 3398 9473
246.333 831 2241
522.5 1368 3878
463.667 1258 3725
455.5 855 3081
1573 1699 5514
1541.67 2053 6219
2416.17 3870 9529
1168.67 1670 5511
1091.67 2638 5880
204.167 576 1625
1680.67 3539 8009
1355.67 1767 5766
1820.33 3338 8213
164.167 743 1734
499.833 656 2407
894 2267 5826
2648 2728 7620
1575.67 3365 8007
1081.83 2515 5859
1233.67 1551 5336
194 600 1542
243.833 915 2482
929.5 767 2482
189.667 603 1435
474.5 652 1956
832 680 2425
356.333 954 3195
564.167 1126 3541
1479.5 2096 6047
670.333 2142 5099
1010 1759 5727
704.333 1541 4755
638 456 1211
1414.33 2113 5981
1894.33 2736 7617
1395.67 1825 5880
1008 925 3371
688.167 1197 4372
1367.5 2122 5845
461.5 784 2557
587.167 1089 3665
1875.83 3513 8936
803.5 1710 5325
1800.67 2916 8180
2423 3227 8479
1625.67 2323 7030
739.833 1420 4665
2668.5 3075 8623
1169.33 2862 7805
237.667 604 1668
241.5 915 2206
1100.33 1449 4783
1229.67 1364 4688
355.333 570 1918
247.167 575 1435
195.333 611 1610
406.333 682 2399
184.333 639 972
264 855 2666
1041.67 2469 5842
245 837 2330
432.5 1230 3636
339.5 559 1401
1941.33 2427 7152
388 531 1326
596.667 992 3900
236 843 1939
364 793 2491
419.5 503 1361
2206.17 3439 8992
1388 1303 4550
251 805 2508
1574 2116 6648
409 522 1812
554.167 1777 4528
2102 3731 9083
638 990 3371
518.833 644 2209
382 930 3256
2293.83 3727 9200
504.833 1385 3760
2076.67 3474 8558
360.5 541 1168
993.167 1519 4777
372 539 1068
593.667 1303 4413
2318.5 2241 7160
1835.33 2785 8440
1733 1751 5819
1625.17 2822 7301
185 623 1786
538.5 1205 4101
2433.5 3658 9124
2376.5 3432 8567
1146 2462 6817
188 645 1809
781.167 1904 5374
417.667 1042 3445
304.333 735 1997
850 1176 4464
671.333 1581 5143
182.333 661 1694
749.5 975 3676
184.333 638 1501
184.333 683 1918
176.167 715 1610
1190.17 2427 6061
665 1516 4665
530.5 1229 3584
326.833 1129 3253
149.667 749 1542
1326.5 2179 6058
2746.17 3768 9937
3110.33 3165 8645
837 638 2051
1134.33 1506 4982
431.5 466 1720
1796.67 2208 6746
243 825 2165
990 1667 5434
934.333 1987 5402
363 334 0
102.667 489 946
273.5 362 0
352 398 788
1086.33 2004 5808
273.333 572 1212
378 314 0
363 380 472
240.5 366 0
329.833 737 2180
191 399 0
240.5 386 679
275.833 774 2347
191 438 372
370 363 748
341 344 0
273.5 407 972
760.5 1533 4832
341 374 389
426 295 0
370 327 0
377 325 0
440 257 0
338.667 725 2456
203.667 610 1734
378 352 840
355.5 1035 2920
426 340 397
383.5 561 1568
314 631 1809
440 283 489
377 346 722
102.667 445 0


306.333 713 2382
1572.83 2533 6990
2146.33 3356 8621
1284.5 3420 7040
602.833 1872 4604
567.833 1640 4185
2849.33 3349 9341
240.333 843 2223
1518.83 3138 7433
1146.83 2109 5831
1035 1763 5571
751.5 1521 4464
686.167 1308 4300
899.5 864 2670
459.5 1164 3633
1370.33 1925 5825
938.833 2213 5575
1342 1449 4713
1952.83 2974 8449
881 643 1925
575.167 1072 3541
1645.67 2557 7813
1294.33 2019 5938
1431.33 1094 3869
771.5 2419 5897
350.167 1037 2669
1606.33 2171 6465
647 1535 4970
2340.17 3871 9819
342.5 1169 3135
1256.83 1729 5494
1486.33 1784 5798
523.833 1287 3650
532 688 2508
534.833 1251 4017
1635.67 2919 7715
2421.33 3686 9342
1061.5 2183 5914
1856 3722 9315
458.167 1708 3943
1023.17 1823 5784
275.833 729 2180
2319 3312 8502
997.167 1852 5258
804.5 1385 4481
984.5 2385 5946
915.667 1476 4539
376.167 971 2655
1350 1633 5793
182.333 661 1694
1357.33 2222 6196
317.333 580 1651
712.5 1264 4425
1708.5 2706 8245
1254 2105 5854
979.333 1153 4061
1663.5 2327 6594
281 782 2640
596.667 1979 4884
167.333 681 1593
739.333 2078 5451
396 564 1760
203.667 610 1734
257.167 833 2373
586 1702 4397
316 754 2534
1177 2837 6769
188 645 1809
1348 2234 5981
409 522 1812
2387 2570 8454
407.333 1128 3621
2372.83 3137 8820
901.833 1946 5252
694.5 1853 5197
166 665 1335
716.833 1124 3750
204.167 576 1625
570.833 888 3155
1288.17 2826 6760
1328.67 1430 4593
614.333 948 3428
965 2022 5675
1739.67 2415 7214
772.5 2445 6365
1367.67 2743 7051
336 1045 2719
995.833 1255 4274
813 2351 5692
1471.5 2803 7424
1104 1521 5086
1181 2254 6008
507.333 1718 4288
184.333 638 1501
1183 1110 3771
599.833 1683 4222
1113.33 1733 5217
2658.67 3308 9232
291.5 707 2373
649.667 973 3454
895.5 1716 5189
419.5 503 1361
1025.5 1757 5261
1066 845 3213
1470.5 2561 6982
1069.5 2274 6441
296.5 899 2649
606.833 1525 4659
2077 2193 6531
185 623 1786
484.5 738 2583
678.167 1480 4192
1516 1628 5088
1165.17 3255 6478
431.5 466 1720
2397.67 3713 10111
2474.67 3473 9281
1251 3486 7278
351.167 1023 2885
2266.33 3605 8807
246.333 833 2258
221 558 1519
1118.33 3546 7733
1328.5 1678 5227
194 600 1542
644.5 1822 4978
149.667 749 1542
339.167 731 2574
359.167 1009 2758
1017 1121 3912
1192.5 2505 6570
1314.83 1425 4528
381.333 889 3405
1898.67 3642 8944
1443 3377 8064
628.667 1087 3654
635.333 1880 4736
184.333 639 972
178 642 1668
545 651 2459
1535 1511 4930
380.167 499 1168
1386.67 2151 6021
383.5 561 1568
377 346 722
176.167 715 1610
189.667 603 1435
360.5 541 1168
1483.33 1821 6434
308.5 770 2597
1150 1489 4705
191 399 0
341 344 0
378 314 0
609.167 1417 4133
418.5 506 1694
440 283 489
377 325 0
426 340 397
426 295 0
352 398 788
191 438 372
370 327 0
378 352 840
273.5 362 0
363 334 0
273.5 407 972
370 363 748
341 374 389
355.333 570 1918
240.5 366 0
102.667 445 0
271.333 772 2014
240.5 386 679
440 257 0
363 380 472
102.667 489 946


540.5 932 3621
273.333 775 2290
492.333 1444 4048
1220 2393 6372
393.5 902 3135
1263.33 2074 5742
1093.67 1477 4576
1363 1884 5894
573.167 2205 4603
1376.33 2535 7059
1643.33 2195 6622
674.5 1263 3860
2285.5 3118 8234
985 1534 4878
1068.5 1943 5534
857.833 2305 5856
245.167 849 1891
1262.5 2115 5826
1203.5 1887 5525
1154.83 2776 6568
690.167 1220 3834
934.833 1642 5508
720 1573 5062
402 793 2758
742.667 1279 3992
731 1200 3774
535.333 1373 3772
2207.33 3125 8529
669 445 1111
400 1101 3322
2477.5 3688 9804
392.833 1156 3161
577.5 1184 3678
586.833 1322 4133
182.333 661 1694
1171.67 2510 6331
204.167 576 1625
184.333 639 972
1462.17 2677 7528
1557.67 2129 6132
2351.83 3480 9105
463.5 1122 3397
628 1298 3843
149.667 749 1542
621 2197 4795
390.333 833 2565
1122.83 2089 5683
1230 2175 5822
2143 2072 6122
2273.5 2878 7983
1306.83 2201 6316
463.667 1375 3498
1518.67 3108 7963
406.667 684 2206
1161.83 2725 6418
717 1188 3759
418 493 1461
390.667 907 3012
571.833 921 3147
874.5 1521 4656
167.333 681 1593
221 558 1519
237.667 604 1668
1803 3770 8551
504.833 1298 3769
357 930 3029
166 665 1335
640.167 1657 4504
276.667 772 2097
485.5 1289 3676
1652 2188 6653
320.167 1228 2886
2252.5 2885 8140
1279 3198 7724
550.5 1492 4240
249.667 819 2433
431.5 466 1720
2655.67 3082 8481
380.167 499 1168
1478 2424 6711
1485 2530 7077
1143.67 1302 4447
785.167 1718 5100
310.833 722 2413
696.5 1456 4427
532 688 2508
652 1316 3857
1654.5 2240 6709
774.333 1938 5428
554.333 768 2758
1452.17 2485 6446
1316 2500 6379
854.167 2198 5788
933.333 1922 5284
1804.67 2356 6860
625 898 2911
1911.33 3148 8178
372.167 1008 3112
901.167 2062 5655
309 773 2416
447.5 1011 3181
564.5 605 2083
362.5 612 1835
1838 2013 5947
1225.67 2074 5660
532.667 933 3388
1047.83 2349 6104
383.5 561 1568
1847.83 2908 8053
203.667 610 1734
2568.83 3412 9845
1106.17 2477 6291
914.667 1421 4466
429 1179 3360
188 645 1809
294.833 836 2640
586.167 1525 4455
498.5 951 3319
416 1050 3236
590.667 2079 4512
519 707 2482
1105 1533 5195
164.167 743 1734
246.667 869 2206
395.5 1376 3608
1300 1347 4550
1348.83 3803 8059
1289.67 2611 6374
684.667 1541 4637
2066.17 3681 9633
842.5 1124 3961
1547.67 2913 7857
756.667 1294 4349
281.667 779 2307
1263.17 1809 5699
1804.5 3480 8188
278.167 755 2272
789.667 1171 3883
245.667 836 2140
1613.5 2256 6627
352 689 2267
1667.17 2093 6087
1069.67 1513 4524
1085.17 2999 6171
1538.83 2968 7893
418.5 506 1694
1832.5 3219 8843
732.167 1905 5111
849.667 2291 5466
1722.17 2400 7255
759 1571 4787
1831.17 2640 7807
1557.33 3570 8339
529.5 673 2316
1275.33 3562 7070
1293.67 2110 5762
360.5 541 1168
233.333 883 2582
565.667 1271 3627
317.333 580 1651
238.167 610 1786
249.167 877 2407
176.167 715 1610
421 1225 3385
258.5 849 2450
1436.5 1926 5917
465.5 774 2499
247.667 836 2221
971 1029 3719
349 1176 2885
638 456 1211
396 564 1760
2210.5 3500 9417
1580.17 2517 6826
1646.33 3062 8160
1017 883 3014
405.167 901 2836
259.833 852 2465
275.333 736 2057
1589.67 2450 6910
465 1318 3546
683.667 1317 3892
455.167 1082 3244
1132.5 2233 6222
185 623 1786
407 1056 3172
401.333 804 2473
277.333 879 2473
1551 1469 4663
409 522 1812
533 785 2600
2139 3190 8270
1939 2050 6080
194 600 1542
191 438 372
1622.5 2419 6841
1205 1113 4093
300.5 662 2114
240.5 386 679
378 352 840
189.667 603 1435
273.5 362 0
102.667 445 0
2175 3164 8364
261.833 797 1873
1037.83 2098 5759
363 334 0
426 295 0
341 374 389
180 661 1418
273.5 407 972
370 327 0
1317.33 3160 7366
388 531 1326
378 314 0
363 380 472
2928.83 3946 10233
673.5 2470 5577
341 344 0
426 340 397
240.5 366 0
440 257 0
352 398 788
377 325 0
377 346 722
440 283 489
102.667 489 946
370 363 748
191 399 0


1734 2178 6688
380.167 499 1168
1146.5 1852 5503
2250.5 3487 8785
563.5 1698 4743
2515.33 2429 7776
2041 1702 5344
244.833 840 1965
879.5 1587 4783
1277 1752 5353
670 999 3181
1087.5 2047 6167
496.167 1106 3535
348.333 937 2758
821.5 1777 5212
984.333 1933 5622
189.667 603 1435
442.5 994 3170
247.167 575 1435
2187.33 3268 8337
1636.33 2184 6918
461.167 1301 3546
329 715 2264
410 1077 3345
1194.5 1564 4954
692.167 1679 4806
369.667 1004 2802
276.667 772 2097
1475 1778 5509
680.833 1316 4699
378.5 1241 3170
1231.5 3396 6792
632 1397 4334
1567.67 2831 7779
2150 2074 6846
1732.33 3362 8053
1653.5 2151 6449
2620.5 3547 8873
188 645 1809
2364.67 3785 8952
1053 862 2822
1991.17 3658 8915
178 642 1668
388 531 1326
323.333 1024 2781
184.333 638 1501
588.333 884 2779
1912.5 2449 7028
1075 1980 5871
273.333 572 1212
2286 3634 8915
3276.67 3682 9570
431.5 466 1720
1228 1926 5824
461.5 1191 3544
1371 2571 7052
203.667 610 1734
887 1230 4018
195.333 611 1610
666.167 2131 5639
890 1617 5068
325 731 2290
301.167 712 2221
2320 3802 9048
967.167 2057 5662
307.5 1167 2647
1237 1833 5368
329.5 721 2382
860 2662 6372
356.5 679 2359
1415.33 2159 6369
2920 3770 9456
479 1306 3943
238.167 610 1786
654 2027 4945
447.333 1458 3619
204.167 576 1625
2032 4046 9723
1544.17 3356 7647
1965.83 3347 8278
1913.17 2408 7068
583.667 1137 3703
1775.33 1893 5692
1670.33 3729 8475
412.167 893 2937
1313.33 1515 4746
960 2064 5807
883.5 1741 4924
2152.83 3189 8230
182.333 661 1694
1355 1280 4125
689.5 2026 5133
709.833 1830 4844
588.667 1078 3874
383.5 1118 3046
884.667 2275 6605
260.667 808 2065
1021.33 2024 5652
1262 2474 7002
276.333 797 2315
1008 919 3063
1900.67 3356 8700
379 737 2399
2099.17 2830 8065
1877 3148 8214
245.167 873 2488
1281.67 2164 6456
167.333 681 1593
1182.5 1846 5676
1231 1053 3529
794.333 1922 5192
336.833 1209 2796
619 1389 4101
2892.67 3798 9969
1266.33 1666 5293
308.5 770 2597
2458.67 3192 8499
406.333 682 2399
601 1325 3950
669 445 1111
733.667 1815 5120
1940.33 4058 8775
350.5 1217 3069
292 558 1160
1430 2031 5874
409 944 3104
383.5 561 1568
1475.5 2228 6792
1853.67 2537 7045
149.667 749 1542
833.333 2070 5260
1654.5 2664 7318
185 623 1786
354.5 1158 2928
914.667 1871 5426
574 1494 4157
184.333 683 1918
248.667 843 2534
2297 3803 9391
543.333 980 3130
907 979 3322
685.333 1978 4902
2881.33 3404 9232
340.833 1083 2896
166 665 1335
487.5 1239 3768
360.5 541 1168
3202 3549 9306
532.833 657 2108
1036.33 1914 5566
523.5 1550 3964
903.5 2117 5400
184.333 639 972
809.5 2228 6155
253 839 2398
406.333 896 2712
2369 2816 8385
258 791 2008
409 522 1812
638 456 1211
2257.83 3101 8389
2529.67 3597 9243
418 493 1461
396 564 1760
441 1012 3388
265.5 804 2181
378 314 0
615 664 2183
450.667 1036 3405
2439.33 2476 7865
370 327 0
191 438 372
164.167 743 1734
2054.67 2937 7898
1420 2699 7441
377 346 722
892.5 2164 5672
490.333 685 2640
191 399 0
341 344 0
370 363 748
641.167 1379 4583
1474.33 3141 7562
426 295 0
377 325 0
240.5 366 0
363 380 472
355.333 570 1918
273.5 407 972
339.5 559 1401
102.667 445 0
352 398 788
273.5 362 0
2232.83 3308 8397
363 334 0
102.667 489 946
440 283 489
440 257 0
341 374 389
240.5 386 679
317.333 580 1651
554.333 768 2758
426 340 397
1815.67 3509 8055
378 352 840


989.667 1830 5177
1180 2279 6079
557.333 1242 3900
775 1361 4456
1040.33 1585 4862
1544.83 2811 7451
1269.5 1345 4298
1125.67 1854 5368
1027 868 2862
349.833 955 3037
1719.33 2778 7540
1069 2012 5692
1556.67 2209 6919
1079.17 2168 6064
657.833 1930 4996
1010 2907 6217
600 1493 4090
2904 4073 10377
349 1005 2762
918.5 1993 5558
1822 2557 8263
436.167 892 3135
746.5 749 2600
2214 2378 7385
913 1341 4076
1169.17 2408 6644
1317.5 2259 6427
238.167 610 1786
491 1270 3676
1300.17 1641 5120
613.667 1439 4551
287.167 773 2097
2164.5 2530 7733
380.167 499 1168
1513.17 2995 7781
1186.67 1647 5414
291.5 707 2373
2735.5 3454 9200
1291.33 2088 5765
682.5 829 2623
410.167 1056 3388
1400.5 2074 5834
848.333 1880 5293
554 1567 4016
1829.5 2504 7258
720.5 1753 4928
596.667 973 3213
314 676 2206
1453.5 1887 5776
414.167 949 2710
1070.33 1778 5195
660.5 940 3345
1506 1908 5964
1269.5 2088 5716
998.5 1658 5130
638 1320 3941
1305 1882 5567
566.833 2179 4364
503.5 1359 3800
1098.17 2869 7670
431.5 466 1720
504.5 1077 3708
1003.83 2652 6111
818.5 1822 5011
643.167 1044 3460
339.167 731 2574
857 1809 5062
879.833 1862 5353
629 1393 4223
1272.67 2186 6210
185 623 1786
1249.5 1384 4490
184.333 683 1918
285.167 774 2014
1181.33 2068 5715
1746.5 2044 6042
613 1471 4367
1386 1990 5718
1662.5 2198 6294
833.5 2179 5805
580.833 1189 3868
1375.83 2497 7125
533.833 1068 3851
182.333 661 1694
1049.33 2431 7043
587.5 1739 4115
874.833 2549 5889
1729 1861 5750
266 832 2473
2541 3469 9108
245.833 892 2289
1872.33 3664 8452
372 539 1068
166 665 1335
628.5 637 2442
189.667 603 1435
164.167 743 1734
409 522 1812
638 456 1211
237.667 604 1668
2118.83 3538 9649
247 836 2341
567.333 1719 4091
2225 2325 7143
806.5 2365 5737
2097 2390 7085
1529 1537 5338
1156 1561 5077
964 2097 5907
241.5 889 1997
905.333 2128 6057
383.5 561 1568
264 855 2666
2787 3730 9740
1815 3041 7931
872 1921 5419
844.333 1505 4590
1397.5 2204 6222
317.667 1089 3270
1372.5 1630 5086
1083.33 1867 5501
1533 3149 8222
1610.5 2199 6347
317.333 580 1651
735.5 1398 4395
764.833 1751 4975
243.833 915 2482
396 564 1760
505 696 2384
352.5 985 3120
669 445 1111
688 1283 4048
184.333 638 1501
1369.67 2763 7150
778.167 1725 4951
355.333 570 1918
326.5 1039 2847
370.333 950 2770
388 531 1326
2017.67 3655 9099
615.667 1814 4753
195.333 611 1610
461.333 1025 3353
1739.33 2972 7874
610 1441 3953
176.167 715 1610
209.833 601 1625
1817.17 2644 7160
518.833 644 2209
1949 3095 9008
723.5 980 3397
1363.33 2803 7058
405.833 1184 3515
691.667 1540 4849
188 645 1809
203.667 610 1734
178 642 1668
418 493 1461
1084.17 1595 4988
1286 1228 4214
1266 1289 4232
221 558 1519
194 600 1542
220 584 972
960.333 2112 5814
370 363 748
1576.5 2208 6598
1829.5 3693 8393
378 352 840
2201.5 3018 8726
341 374 389
240.5 366 0
149.667 749 1542
440 283 489
377 346 722
418.5 506 1694
102.667 445 0
749.667 1167 3852
253.167 802 2289
606 1468 4100
1340.67 2269 6788
352 398 788
273.5 362 0
919.167 1396 4840
191 438 372
363 334 0
341 344 0
426 340 397
184.333 639 972
440 257 0
191 399 0
426 295 0
378 314 0
273.5 407 972
363 380 472
240.5 386 679
102.667 489 946
377 325 0
370 327 0


1422 1585 4845
681.833 2013 4872
435.167 873 3187
370.5 903 2862
1118.83 2583 6634
1617.33 2763 8202
282.333 724 2099
1407.5 2346 6878
2700.67 3909 9580
203.667 610 1734
248 830 2014
576.5 1282 4605
318.833 1103 3330
245.167 873 2488
361.5 925 3328
241 824 1931
355.333 570 1918
353.5 938 2977
1818.17 3818 8599
1784.17 1725 6359
1488.17 2290 6612
249 834 2148
2475.17 3256 8572
238.167 610 1786
555.5 637 2215
483.5 693 2074
1297 2457 6283
227.5 919 2123
438.333 1116 4118
258.667 791 2189
545.5 719 2275
763.833 1636 5413
326.667 708 2180
1337.33 1205 4395
331 983 2706
2306.67 3336 8495
254.333 813 2649
431.5 466 1720
755.667 1601 4869
360 952 3270
669 445 1111
1122.33 1781 5942
755.667 1633 4806
3363.33 3438 9613
1669.33 2304 6676
1065.33 1735 5607
254.167 850 2289
275.667 794 2514
1449.5 2058 6489
2460.67 3154 8403
430.333 1159 3668
1416 1273 4657
1539 1520 5405
546.5 879 3247
347.167 767 2508
2741 3873 10353
317.333 580 1651
1583.17 2759 7275
1886.5 2275 6696
1059.5 1912 5415
581.667 1643 4818
184.333 683 1918
164.167 743 1734
1325.5 2315 6654
1674 2578 7241
276.667 772 2097
1341.33 2233 6412
1099 2667 6425
1393.33 2317 6769
302.667 752 2491
2541.5 3969 9475
603.333 2055 5776
2087.67 3398 8843
1131.67 2482 6352
729.833 1750 4932
277 805 2582
514 674 2057
1068.5 1463 4737
189.667 603 1435
317.833 782 2534
1051 901 3348
2060.67 2445 7626
178 642 1668
194 600 1542
1345.17 3149 6760
360.5 541 1168
184.333 638 1501
1404 3025 7448
353.167 946 2819
195.333 611 1610
1793.17 3506 8493
1393.5 2524 7028
350 930 2758
860 1940 6265
2089 3548 9407
388 531 1326
462.5 1664 4564
1480.5 3498 8290
2599.33 3522 9262
1822.83 2531 7295
350 1033 3038
221 558 1519
1610.5 2236 6547
166 665 1335
149.667 749 1542
388.333 750 2298
274.5 793 2272
1244 3573 7404
1598 3293 7800
2792 3507 8926
337.167 987 2885
2035.67 3418 8431
418 493 1461
2525.67 3630 9448
380.167 499 1168
204.167 576 1625
2121.67 3370 8886
1866.67 2311 7421
420.167 874 2914
2063.67 3213 8221
1476 1557 4919
1444 1599 4936
1619.5 2022 6357
558 662 2407
418.5 506 1694
372 539 1068
383.667 703 2057
237.667 604 1668
409 522 1812
2617.5 3103 8734
377 346 722
991 1567 4729
1933 3446 8856
188 645 1809
167.333 681 1593
426 295 0
638 456 1211
363 380 472
341 344 0
373.167 1007 3506
378 314 0
102.667 445 0
440 257 0
191 438 372
377 325 0
370 327 0
240.5 366 0
2181.67 3368 8538
352 398 788
370 363 748
102.667 489 946
426 340 397
363 334 0
240.5 386 679
273.5 362 0
378 352 840
341 374 389
273.5 407 972
191 399 0
1595 3463 7798
440 283 489
359.667 909 2758


1477 2756 7272
2715.33 4084 9962
828 628 1959
981.5 1585 5178
580.5 1148 3794
286.667 731 2206
401.167 1271 3673
535.833 1088 3445
1242.33 2332 6375
409.5 954 3222
1691 2553 7052
1581.5 2448 6803
718.667 1143 3760
533 1620 4022
727 1675 4849
1447.67 3290 7854
541 1027 3454
1100.33 1655 5468
759.333 1384 4663
236.167 848 2040
719 950 3196
1155 2518 6209
1767.17 2914 8179
504.333 942 3155
263.5 790 2488
2330.5 3096 8496
695.333 1607 4757
2051.17 2714 7574
284.667 753 2074
900.167 1611 5048
1318 1344 4715
1396.33 1950 6214
1687.83 3770 7884
907.5 1862 6150
625.667 1367 4167
1007.67 1362 4723
2518.83 3276 8599
681.167 1412 4416
1719.5 2408 6712
2057.67 2905 7624
769.5 655 2189
643 1083 3651
775.167 1511 4858
956 932 3081
887.667 2169 5740
1164 1111 4185
1521 1788 5620
564.5 1109 3654
635 1271 3872
449 1155 3768
248 830 2014
653.333 1247 3909
896.167 1112 3978
292 558 1160
739.667 1679 4858
233.333 883 2582
1157.67 1263 4275
584.833 1735 4482
787.5 1282 4380
691.167 1682 5031
457.5 730 2264
1754.67 2461 7193
787.167 2143 5216
348.833 1215 3328
692.5 645 2016
180 661 1418
1554.5 2429 6745
1197.17 2773 7361
184.333 638 1501
492 937 3120
1309.67 2653 7179
2697.83 3419 9875
1729.33 3514 9499
2051.5 2404 7143
3030.33 2960 8248
703 1242 4009
2479 3003 8211
637.833 1251 4144
189.667 603 1435
375.667 982 3084
872.667 2158 5541
750 2132 5137
351.667 967 2854
1698 2979 7922
638 456 1211
2540.83 2970 8777
203.667 610 1734
943 2645 6959
604.5 1463 4645
656.667 2345 5487
317.333 580 1651
388 531 1326
1972.33 2556 7278
1296.67 1539 4965
884.333 1991 5534
1020 905 2888
149.667 749 1542
1494.5 1797 5992
164.167 743 1734
866.333 1202 4035
1210 1411 4880
289.667 742 2666
185 623 1786
858.667 1185 3912
900 1086 3677
801.5 1061 3506
1738.5 2326 7011
418 493 1461
1694.33 2362 6702
380.167 499 1168
405.5 965 3130
519.5 1601 3912
1959 2019 6351
669 445 1111
524.333 994 3330
993.667 1189 4110
2042 3311 8322
1044 860 3207
166 665 1335
227.5 919 2123
243.333 841 2166
478.5 1302 3776
389.5 564 1444
476.5 1135 3238
551.833 1278 3978
372 539 1068
862.167 1960 5430
444.333 784 2781
375.5 913 3060
400 848 2880
1394.67 2506 6640
390.833 1257 3360
2296.5 2594 7387
856.333 2024 5295
328.167 670 2198
1156 3202 7258
2050.67 3409 8608
2471.33 3382 8684
184.333 639 972
2673 3210 8828
878 645 2350
237.667 604 1668
1853.67 2066 6470
273.333 572 1212
979.333 1275 4369
176.167 715 1610
3002 3358 8918
706.167 1525 4648
188 645 1809
1301.33 2193 6507
355.333 570 1918
1381.5 3658 7833
182.333 661 1694
194 600 1542
396 564 1760
1063.67 1186 4050
1806.33 2098 6276
1920.67 2507 7203
409 522 1812
418.5 506 1694
1239.33 1242 4343
1101 1175 4145
1346.17 2435 6613
1286.17 1826 5471
749.667 1448 4737
266.333 775 2223
490.333 685 2640
2416.17 3464 9078
238.167 610 1786
184.333 683 1918
1805.5 2641 7534
431.5 466 1720
611.667 1842 4814
1262.17 2064 6184
1580.67 2300 6602
564.333 1494 4291
1911.33 3445 8692
360.5 541 1168
204.167 576 1625
2048.17 3156 8386
191 438 372
240.333 843 2223
240.5 386 679
741.167 1385 4206
273.5 362 0
2607 3834 9591
440 283 489
339.5 559 1401
370 363 748
377 325 0
240.5 366 0
1213.33 2395 6547
102.667 489 946
378 314 0
426 340 397
341 344 0
377 346 722
341 374 389
191 399 0
426 295 0
440 257 0
363 380 472
1397.33 2314 6557
378 352 840
363 334 0
352 398 788
2505.67 3304 8909
102.667 445 0
370 327 0
273.5 407 972


600.333 874 2955
1947.33 2987 7845
404.5 951 3029
184.333 683 1918
1867.83 2526 7111
699.333 1290 4631
604.333 1078 3546
1836.5 1856 5820
683.833 1325 4783
1394 2070 6604
1804 2314 7034
2548.33 3283 8833
931.667 1276 4050
393.5 1006 3104
2856.5 3535 9299
1962.67 2759 7634
543.167 1153 3569
2660 2994 8081
184.333 638 1501
1754 3349 7885
396 564 1760
1102 1190 3754
380.167 499 1168
365.5 644 2008
289.833 756 2114
1203.83 2277 6677
1519 1208 3835
254.333 794 2082
1380.33 1216 4372
372 539 1068
1458.67 3152 7506
669 445 1111
3113.5 3168 8452
1516 1768 5493
1287 2115 6304
2285 3998 9382
1484.33 1451 5160
1796.67 2975 7698
2657.67 3469 9275
551.833 1359 4264
1667.83 3696 9148
2276.33 3684 9199
1344.67 1942 5628
308.5 770 2597
2393.67 3789 9679
823.333 2619 6213
785 1384 4990
255.833 887 2358
1761.33 2521 6951
1149 1129 3717
504 1525 3839
612.667 896 3020
833.333 1139 3621
2211.33 2552 7243
624.5 1272 3900
705.5 1916 5044
1933.67 2922 7491
1482.83 2454 6720
1968.67 3930 9350
664 1301 3975
513.667 1351 3475
1531.17 3048 7466
1728.33 3435 8378
563.333 938 3210
413.333 855 2847
335.833 1029 2776
676 1344 4119
736.333 1762 4890
989.833 2381 6153
418.5 506 1694
512.833 1387 3593
466.333 749 2565
641.833 1530 4397
663 477 1260
476.667 989 3167
182.333 661 1694
188 645 1809
3068.17 3462 8937
527.833 1445 3992
273.333 775 2290
539 1545 4496
2231 2650 7456
167.333 681 1593
343.833 978 2887
185 623 1786
445.5 479 1619
756.333 1234 3733
1558 2376 6922
585 1159 3601
1574.33 2581 7019
1218.33 2978 6867
747.167 1520 5254
237.667 604 1668
397.667 970 2887
870 653 2350
1081.5 2403 6354
360.5 541 1168
238.167 610 1786
911 1824 5469
1666.83 2953 7472
1932.5 3347 8005
564.667 1995 4571
195.333 611 1610
2188.67 3320 8648
1260.83 2651 7462
1648.33 2233 6730
261.667 855 2390
1148.33 1235 3946
1457.33 1883 5774
149.667 749 1542
221 558 1519
383.5 561 1568
660.167 1583 4556
250.833 862 2221
695.667 1245 3966
1155 1505 5361
564.667 1095 3569
555.333 1274 3724
273.667 906 2574
285.333 804 2706
2197.33 2547 7114
189.667 603 1435
166 665 1335
518 688 2534
274.667 797 2407
2341.17 3906 9416
657.167 938 3221
3051 3803 10171
545.833 890 2962
184.333 639 972
2377 2857 7940
164.167 743 1734
409 522 1812
297.333 716 2531
295.833 863 2758
178 642 1668
853 1242 3793
251.167 857 2223
194 600 1542
1937.17 3361 8676
233.667 620 1694
3857 2934 7982
832 1165 3627
2509.67 3183 8781
348.667 1014 3454
262.5 789 2198
580.833 1957 6100
1666.5 3280 7872
846 658 2083
317.333 580 1651
632.5 1515 4360
1669.5 1959 6396
418 493 1461
2384.5 3697 9377
2061.33 3096 8216
1951 3214 8017
537.833 1329 3815
176.167 715 1610
296 802 2433
388 531 1326
1209.67 3289 7372
102.667 489 946
426 295 0
378 352 840
273.5 407 972
1893.33 3381 7962
638 456 1211
1915 3489 9083
370 363 748
378 314 0
606.5 1319 3895
440 257 0
355.333 570 1918
102.667 445 0
204.167 576 1625
273.5 362 0
341 374 389
363 380 472
426 340 397
352 398 788
377 346 722
240.5 366 0
341 344 0
370 327 0
363 334 0
240.5 386 679
377 325 0
440 283 489
191 399 0
191 438 372


328.5 711 2074
576.333 924 2773
742 1051 3377
1111 1964 5450
629.667 1085 3719
323 760 2531
1333.5 2615 6944
2596.83 3515 9298
1238.5 1983 5709
470.333 1126 3458
970.667 2183 5897
669 445 1111
855.667 2200 5336
1075.17 2215 6319
1312 1195 4150
623.5 1391 4191
1416.5 3746 8875
395 1225 3383
1107.67 1905 5376
806.5 867 2831
564.333 1273 4056
278.667 817 2298
243.333 827 2289
1132.83 2182 6081
1076.5 2007 5799
855 2445 5539
1670.83 2855 7499
508.5 1251 3967
275.833 729 2180
737.667 1074 3397
2518.83 3514 8908
257.167 833 2373
851.667 1590 5321
1483 2132 6324
765 1664 4885
686 925 2856
350.833 1267 3274
1731 2056 7006
1187.67 1473 4932
1364.67 1916 5453
693 1968 4968
1051.5 2432 6860
2788.83 3896 10219
799 1802 4943
728.5 871 3156
697.167 1560 4447
266.667 773 1812
1681.33 3774 8877
1431.33 1829 5508
2892.17 3675 10018
1184 1543 4763
1036.67 1290 4069
362.833 949 2630
2544.5 3059 8804
334.667 996 2582
905.5 2707 6160
182.333 661 1694
255.667 805 2275
830.333 1821 5112
866 1040 3463
1149.5 1584 5251
409 522 1812
185 623 1786
2307.67 2622 7690
879 2113 5847
1832.33 3129 8425
1918 3566 8660
1706 1838 5821
684 928 3230
1053.33 2032 5880
1317 1336 4700
649.5 1375 4071
1254 2135 6530
308.167 746 2272
1372 2034 6203
1449 2010 6018
380.167 499 1168
993 1476 4497
1873.33 3951 9266
827.5 1589 4596
707 908 3072
356.5 679 2359
342.833 1045 2778
1139 1569 4947
2509.17 3667 8876
317.333 580 1651
1608.83 1817 5542
184.333 639 972
431.5 466 1720
180 661 1418
1773.83 2819 8388
330.833 732 2450
841.167 2050 5319
1970.67 3931 9032
398.333 1176 3262
228.833 935 2381
328.833 1057 3046
1155.67 2923 6904
1946.17 2510 7270
1756.67 2763 7316
355.667 696 2413
1688 1723 5650
1708.83 3282 8239
673.167 2004 5150
2030 3842 9040
970.333 1063 3595
2074.17 3718 8725
2437.5 3475 8580
2310.17 3843 9785
1909 1551 4939
237.667 604 1668
434.333 1505 4097
1678.17 2135 6562
2636.33 3821 9704
985 1607 5338
490.833 691 2758
311 1079 2845
642.333 1728 4565
519 975 3239
465.667 911 2597
1382.33 2635 7208
359 983 3236
886 2632 6122
259.667 776 2264
891 862 2899
1129.67 1984 5622
2053.17 2428 7525
383.667 967 3204
418 493 1461
745.833 1159 3951
1531.17 3118 7243
610 1260 4024
691 651 2114
203.667 610 1734
256.833 865 2398
388 531 1326
164.167 743 1734
360.5 541 1168
2168.33 3947 9821
493.167 1429 4022
1542 1813 5468
1367.67 1878 5999
221 558 1519
372 539 1068
1092.33 1447 4755
652.833 1680 4911
1267.83 1940 5921
319 776 2557
1344 3321 8578
312.167 840 2450
417.5 1149 3900
238.167 610 1786
189.667 603 1435
1140.83 1765 5408
721 1295 4433
638 456 1211
2277.5 3709 9655
166 665 1335
485.5 1102 3317
486.5 875 2623
1062.67 1533 4631
727.667 1954 5009
1696.67 3084 7758
2875 3711 9816
1371.33 2055 6190
188 645 1809
2357.33 3577 8769
184.333 638 1501
195.333 611 1610
596.333 1099 3428
352 398 788
454.333 864 2582
1043.83 1954 5383
1131.33 1868 5378
418.5 506 1694
377 346 722
167.333 681 1593
341 344 0
1293.5 3347 7219
370 363 748
176.167 715 1610
194 600 1542
1277 1252 4165
204.167 576 1625
426 295 0
747.667 1203 3960
328.833 1047 2971
640.167 1898 4397
149.667 749 1542
1673.33 2419 6586
597 1405 4206
440 257 0
355.333 570 1918
426 340 397
339.167 1015 2706
191 399 0
363 334 0
273.5 407 972
2416.33 2385 7051
102.667 489 946
191 438 372
273.5 362 0
440 283 489
341 374 389
370 327 0
240.5 386 679
240.5 366 0
102.667 445 0
363 380 472
378 352 840
517 666 2183
377 325 0
378 314 0


2355.17 3251 8845
1763.17 2328 6844
839.833 1602 5120
663 477 1260
990.333 2223 5823
561.833 1285 3911
463.667 1490 4430
803.833 1947 4954
1034.5 1867 5733
1999.5 3561 8352
844.5 1287 4180
1478.17 2127 6711
2008 3963 9052
1315.83 3139 7233
320.5 1059 2652
2006.83 2996 8482
1137 1325 4274
2004 2236 7211
1158.5 2864 7091
1437 1240 4033
701 679 2151
462.5 682 2597
915.167 1467 5421
345.667 961 2666
577.5 1113 3760
466 837 2897
2010.67 3837 8969
476.333 825 2721
566.167 2033 4496
229.333 921 2290
2833 3747 9819
302.667 752 2491
338.5 686 2031
258.667 791 2189
861 649 1982
1486 2119 6797
275.833 729 2180
706 1956 5182
184.333 638 1501
2611.33 3157 8743
848.333 2284 6273
1496.67 2933 8102
1009.5 1456 4590
380.167 998 3276
1251.33 1452 4665
2093.83 3729 8999
2189.5 3506 8488
472.333 1131 3619
304.333 689 2114
2035.5 2906 7856
1883.5 2392 7260
594 1782 4720
534.5 1000 3354
281 782 2640
521 951 3035
164.167 743 1734
775 1466 4556
185 623 1786
149.667 749 1542
1005.33 1159 3908
1464.83 2385 6993
2227.33 3017 8594
1424 1250 4142
415 1374 3684
176.167 715 1610
410.333 922 2939
629 1420 4237
641 1378 4237
2314.33 3368 9358
659.5 1342 4538
834.333 1331 3939
845.167 2262 5494
263.5 790 2488
998 2141 5795
274.333 784 2206
277 805 2582
2044.5 2262 7390
2701.5 3347 8966
459 952 3054
688.5 1260 3878
221 558 1519
596.833 862 3054
184.333 683 1918
2004.17 3048 8444
203.667 610 1734
409 522 1812
835.167 2370 5242
586 1511 4652
1080 1743 5453
571.667 1458 4190
565.667 1079 3602
1446 2673 7167
399.333 949 2830
1990.17 3155 8222
2296.67 3797 9572
189.667 603 1435
254.333 813 2649
1517 2922 7281
2003.5 2682 7799
372 539 1068
204.167 576 1625
378.333 868 2761
355.667 696 2413
418.5 1174 3842
1929 3081 8191
396 564 1760
902.333 1739 5220
182.333 661 1694
237.667 604 1668
613.5 1381 4056
227 921 2014
184.333 639 972
1541.67 2521 7030
832.5 2499 5895
1714 1743 5469
166 665 1335
238.167 610 1786
418 493 1461
1818.17 3930 8331
341.833 999 3071
2139 3713 8918
1549 2698 7828
1035.83 1831 6639
1322 2435 6970
1887.5 3596 8829
360.5 541 1168
702.667 1743 4765
396.167 1294 3326
2634.67 3928 9847
240.333 843 2223
275.667 794 2514
317.333 580 1651
1116.83 3364 7004
445.5 479 1619
872.167 2189 5276
1659 1772 5483
326.667 708 2180
194 600 1542
1791.33 3545 8129
2304.33 3660 8915
301.167 712 2221
922.333 2174 5494
383.5 561 1568
669 445 1111
2017.67 3516 8556
388 531 1326
1607 2422 7511
377 325 0
418.5 506 1694
377 346 722
102.667 445 0
426 340 397
2099.5 2804 8046
355.333 570 1918
178 642 1668
273.5 362 0
363 334 0
370 327 0
341 344 0
368.833 953 2804
2122.67 2775 8153
440 283 489
370 363 748
102.667 489 946
426 295 0
341 374 389
378 314 0
363 380 472
440 257 0
352 398 788
378 352 840
191 399 0
240.5 366 0
191 438 372
2423.5 3561 9565
240.5 386 679
273.5 407 972


394.167 884 2761
781.333 1188 4208
2837.5 4018 10316
530.5 820 2597
331.667 987 2977
1464 2113 6420
266 832 2473
1955.67 3240 8329
1419.5 1492 4749
884.333 1766 5749
960.5 1515 5296
1741.67 3644 8401
477.333 704 2307
167.333 681 1593
1544.67 2270 7082
1434.17 1744 6092
2057 3270 8487
1591 2436 7883
332.5 731 2298
2045.5 3696 9148
557.5 1294 3901
682.333 1562 5176
1230.33 2366 7384
3442.33 3287 9165
1466.83 2306 7615
1757.33 3361 8510
1936 2232 6727
2649.5 3342 9023
872 1230 4266
344.667 986 2736
396 564 1760
825.667 1587 5368
532 688 2508
423.167 961 2787
690.667 2107 5482
273.333 775 2290
1025 2288 6532
367 1109 3135
460.833 1149 3477
601.667 1457 4507
855.667 1797 5420
237.667 604 1668
575.5 1638 5135
432.333 709 2140
471.667 1262 3857
1778 2168 6570
997.667 1744 5520
246.667 869 2206
486.167 1102 3400
808 1091 4076
257.167 852 2488
418.5 506 1694
1713.17 2139 6438
532.167 1328 4428
264 855 2666
380.167 499 1168
379.333 1378 3634
315.667 1189 2886
786.5 1485 4720
1733.33 2206 6640
415.667 725 2298
1692.33 3160 8204
204.167 576 1625
987.333 1819 5993
1051.67 2157 6043
493.5 1508 3932
2258.17 3567 9597
985 1376 4647
540 926 3503
2078.5 3218 8880
188 645 1809
276.333 770 1939
406.333 1127 3138
249 830 2148
1241.17 2266 6537
767.667 1681 5302
1072.67 2278 6739
1180.17 2858 7171
441.833 834 3222
1867.33 2186 6626
383.5 561 1568
178 642 1668
2050.67 3105 8228
184.333 639 972
902.5 2474 5962
324.833 1004 3129
2111.5 3761 9798
2089.17 3586 9678
458 1768 3746
292.167 735 2465
372 539 1068
418 493 1461
164.167 743 1734
275.667 794 2514
2138.33 3037 8371
644.5 677 2459
194 600 1542
675.5 1356 4630
189.667 603 1435
285.167 754 2347
468.5 1299 3592
518.833 644 2209
780.333 2327 5897
431.5 466 1720
415.167 1053 3385
2507.67 3466 9048
176.167 715 1610
483 752 2476
273 811 2206
386.5 1135 3276
195.333 611 1610
669 445 1111
1288 1911 6175
299 755 2565
541 641 2367
746.667 1279 4208
592.167 1620 4548
149.667 749 1542
868.333 1808 5875
221 558 1519
1077.17 1493 4846
203.667 610 1734
325.667 734 2091
1447.67 1977 6389
182.333 661 1694
1053.33 1655 5428
1113.67 1655 5755
388 531 1326
1355.5 2595 8087
616.5 1130 3777
1771.83 2039 6455
317.333 580 1651
249.667 819 2433
955 1535 5153
355.333 570 1918
638 456 1211
257.667 837 2514
184.333 683 1918
652.667 1148 4176
937.667 2107 6003
426 295 0
273.5 362 0
2175.83 3577 8885
426 340 397
240.5 366 0
185 623 1786
363 380 472
378 352 840
377 325 0
363 334 0
377 346 722
341 344 0
166 665 1335
370 327 0
238.167 610 1786
102.667 445 0
352 398 788
191 438 372
273.5 407 972
440 283 489
440 257 0
378 314 0
341 374 389
240.5 386 679
191 399 0
370 363 748
102.667 489 946


1574.67 2391 6944
341 1071 2794
405 811 2781
651 1160 4092
401.667 802 2640
933.333 1623 4868
1363 1297 4456
1414.67 3431 8852
874 627 2074
1381.5 1696 5432
649.167 2124 4532
1323.67 2504 6621
2495.33 3119 8589
1902.83 3442 9689
1452.67 2029 6000
1852 1933 6009
973.5 2046 5374
286.667 731 2206
499.833 656 2407
1218.33 1904 5500
278 754 2450
1312.33 2913 7687
149.667 749 1542
1273 2784 7252
531 917 3345
599.5 1196 4119
447 1107 3960
490.833 691 2758
419.833 1111 3152
677.5 1794 4389
3355.67 3704 9813
1030 877 2923
487 1444 4093
1099.17 2574 6378
2548 3170 8643
242.333 871 2206
185 623 1786
415.667 725 2298
409 522 1812
719.5 1917 5146
1056.33 1924 5430
877.667 2083 5684
1059.33 1946 5833
1599.17 2361 6947
317.333 580 1651
351.333 976 2911
276.333 767 2574
775.5 1489 4744
334.167 1011 2661
1687.67 2223 6662
434 1027 3178
742.333 2211 5221
2047 2980 7879
685 1684 4672
789.833 1057 3405
176.167 715 1610
845 1947 5261
1050 1569 5036
462.5 682 2597
1419.33 2246 6318
406.667 684 2206
194 600 1542
241.5 889 1997
2497 3930 9896
660.833 2113 4956
325 716 2092
979.333 2278 5731
431.5 466 1720
934 1742 4987
791.167 2029 5160
383.5 561 1568
1306.5 1886 5367
330.833 732 2450
2462.33 3327 8304
1494.83 2606 6805
188 645 1809
1487.33 1432 4930
1040.33 1598 5051
348.833 1253 3161
221 558 1519
269.333 807 2359
237.667 604 1668
883.833 1745 5319
717 1405 4463
2872.33 3943 10454
355.333 570 1918
1745 3203 8288
1050.33 1403 4872
2666.33 2889 7944
396 564 1760
1901 2708 7748
841.833 1000 3659
182.333 661 1694
437.5 1029 3256
1438 2699 6972
1378 2285 6253
1281.33 1545 5255
878 645 2350
479.5 949 3296
166 665 1335
184.333 638 1501
444.333 784 2781
1069 838 3098
1734 2639 7577
948.667 2071 5636
1715 2346 7210
418 493 1461
372 539 1068
1041.17 2191 6000
178 642 1668
518 679 2534
1516.67 1831 5850
1480 2106 6648
253 839 2398
893 642 2117
405 966 2946
1162.5 1820 5322
638 456 1211
681.5 1267 4185
364.667 987 3006
580.833 1742 4236
662.833 1710 4330
257 793 1956
386.5 907 2937
164.167 743 1734
1256 2133 6242
1789 3402 8384
1916.33 3244 8297
360.5 541 1168
209.833 601 1625
2669.67 3134 8628
2393.83 3739 9792
391.833 865 2753
2597.67 2992 8074
486.333 701 2666
398.667 1182 3621
2143.5 3328 8414
1344.67 2461 6737
868.667 2178 5266
203.667 610 1734
1804.5 2103 6549
418.5 506 1694
917 2328 6313
1937 3019 7931
248.667 843 2534
926.5 943 3397
744 1535 4780
243.333 837 1990
437.833 1061 3624
1801 2997 7759
1067 832 2971
388 531 1326
669 445 1111
801 1533 4795
238.167 610 1786
1697.33 2516 6994
332.667 955 2640
440 257 0
1506.5 2071 6441
184.333 683 1918
420.667 776 2706
1965.67 2454 7500
1098.33 2758 7110
591.333 892 2879
727.667 1717 4885
564.833 1931 4235
191.333 617 1234
195.333 611 1610
294 712 2007
801.5 1871 4961
167.333 681 1593
341 344 0
370 327 0
102.667 489 946
2204.33 2678 7649
378 314 0
273.5 362 0
378 352 840
191 438 372
426 340 397
363 334 0
341 374 389
102.667 445 0
377 325 0
377 346 722
1829.5 3023 8046
191 399 0
273.5 407 972
240.5 366 0
370 363 748
1923.5 3374 8771
352 398 788
1085.33 1398 4369
363 380 472
426 295 0
440 283 489
240.5 386 679


631.5 2116 4597
3021.83 3583 9797
149.667 749 1542
858.167 1647 5051
752.167 1983 5216
994.167 1996 5667
586 1369 4539
552.5 1492 4505
355.667 1014 2770
1127.33 2136 5782
712.5 1024 3345
1087.17 2029 5697
349.5 1009 2755
857.5 1146 3961
1243.5 2120 6096
607.833 1154 3518
1395.17 1484 5170
1195.5 2799 6517
991.333 2539 5673
2540.83 3558 9503
461.333 872 2781
1421.17 3069 7938
1802.17 3009 7741
407.5 1078 3296
1423.5 2112 6198
373.167 873 2736
2973 3711 10011
195.333 611 1610
2644 2992 8247
1692.83 3265 8178
779 928 3322
466.5 1326 3767
325.167 724 2275
999.5 2914 6576
381.5 896 2885
467 1156 3668
1776 1650 5213
2052 2752 8244
2964 3981 9779
433.667 1160 3765
980.5 1685 5155
221 558 1519
184.333 639 972
1967.33 3127 8588
372 539 1068
1602 2465 7201
203.667 610 1734
1954 1889 5640
418.5 506 1694
2607 3509 9200
189.667 603 1435
289 765 2597
400.667 1354 3510
164.167 743 1734
279.333 755 2405
689.5 741 2534
367.833 939 2652
1033.5 1209 4070
779.833 1776 5262
532 688 2508
418 493 1461
326.333 742 2358
396 564 1760
386.833 1161 3383
635.833 1409 4845
431.667 1436 3526
528 1200 3793
1476 2067 6173
1228 1838 5310
402.667 935 2968
185 623 1786
253 813 2183
263.667 800 2183
1018 2261 5713
2010 3184 8591
323.5 766 2649
279 759 2456
1026 884 2796
1063.33 1531 5204
1672.17 3190 8087
1611.33 3159 8035
836 1197 3852
1336 1804 5288
1068.33 1123 3857
1074.83 2783 6132
554.333 768 2758
1492 1165 4290
2196.67 3100 8941
1200.67 2138 6820
642 1096 3621
1215.5 1930 6083
1314 1746 5255
989.167 2296 5564
854.833 1651 5150
361.667 980 2652
1809 1892 5635
442.5 1037 3397
1660.33 1831 5351
1088 2092 5774
1036.33 2336 6008
888 1616 4904
1611.33 3735 8628
1034.5 1347 4600
314.333 1053 2779
1053.5 1811 5285
1329.67 1929 5641
1283.83 1895 5612
194 600 1542
2810.67 3490 9693
310.667 1060 2779
1998.17 3247 8791
1521 3042 7712
237.667 604 1668
461.5 1014 3276
823.333 1084 3570
353 1033 3112
1870 1836 5461
249 830 2148
584.667 1008 3112
694 1307 4207
1028.17 1546 5025
1064.67 1858 5364
382.833 993 3023
926.5 2647 5722
1334.67 3579 6858
188 645 1809
541.167 1009 3187
355.333 570 1918
317.333 580 1651
902 1611 4890
1457.17 2440 6829
277.333 748 2332
329.5 709 2275
285.167 754 2347
383.5 561 1568
1791.67 3861 9674
251.667 834 2557
176.167 715 1610
182.333 661 1694
1171 3171 6653
1525.5 1834 5436
972.833 2364 5581
1187.67 1692 5252
415.667 664 2298
1617.5 1906 5684
2042.67 3360 8970
1132.5 2173 5791
184.333 638 1501
659.667 1313 4481
166 665 1335
440 257 0
499.833 656 2407
378.667 1006 2954
409 522 1812
2030.5 2602 8116
839.5 1664 4847
638 456 1211
400.5 962 2897
238.167 610 1786
2326.5 3651 9289
1425.33 2615 7499
431.5 466 1720
452.333 1025 3138
178 642 1668
380.167 499 1168
2194 3707 9341
370 327 0
1783.33 3794 8745
474.667 1201 3977
388 531 1326
240.5 386 679
191 399 0
1318.67 3954 6832
204.167 576 1625
1108 2363 6493
1758 2744 7603
363 334 0
378 352 840
378 314 0
184.333 683 1918
669 445 1111
1120 1868 5442
352 398 788
377 325 0
619.167 1508 4581
341 374 389
678.5 921 3049
1754.5 2475 7436
191 438 372
102.667 445 0
426 295 0
273.5 362 0
341 344 0
440 283 489
363 380 472
102.667 489 946
370 363 748
273.5 407 972
426 340 397
377 346 722
240.5 366 0


301.167 751 2272
1011 1606 5485
1298.33 3144 8196
733 1790 4706
835.5 1568 4697
249.333 819 2123
1432.67 2475 6746
188 645 1809
325.667 734 2091
2451.67 3007 8828
1212 1036 3771
338.5 1012 3081
2397.5 2657 7572
323 760 2531
1070 842 2871
731 1372 4289
1594.83 3438 8319
891.5 1645 4989
2035 3941 9016
369.5 1030 3397
920.833 1988 5698
564.5 605 2083
513.333 1006 3319
1227.17 2109 6498
504 930 3153
694.5 934 3207
254.333 813 2649
525.667 1645 4023
503.5 1247 3883
388 531 1326
1746.67 2649 7427
791.5 1421 4490
527 1541 4180
1650.83 2762 7664
486 745 2141
579.167 1402 3982
954.333 2076 6280
1004.5 1229 3871
2670.17 3539 9879
319 776 2557
189.667 603 1435
1958 4035 9093
758.5 995 3734
2604 3005 7825
238.167 610 1786
1445 2973 7592
1503 2738 7591
770.5 1313 4123
700.667 2044 5277
381.5 978 3104
1862 2841 7768
871.5 835 2762
296 802 2433
1151.17 3619 7296
988 1798 5834
888.5 2353 6149
182.333 661 1694
241.167 875 2180
1340.33 3113 7515
1460.5 2190 6581
789.667 1924 5344
203.667 610 1734
974.5 1801 5983
149.667 749 1542
2093 3341 9432
1683.67 1951 6072
623.5 1390 4064
445.5 479 1619
1146.17 1601 5620
1036.67 1175 4052
488.5 712 2301
1886.67 2822 7816
1000.83 1274 4053
1669.67 3761 8413
388.5 934 3023
285.333 804 2706
640.5 756 2307
289.833 756 2114
317.333 745 1999
275.833 774 2347
1048 881 3003
752.5 1329 4110
719.833 1903 4676
873 1309 4191
1594 1482 4753
786 738 2373
1358.33 1958 6022
164.167 743 1734
1744.5 2700 7508
876 1684 5261
221 558 1519
889.333 2078 5410
797.167 1616 4809
429.333 1132 3774
383.5 561 1568
534.5 1178 3785
763.167 1343 4216
780.333 1632 4806
1276.33 1228 4110
2241 3067 8130
372 539 1068
1353.33 2035 6264
930.5 1872 5566
2639.5 2614 7563
1388.33 2376 6566
1544 2305 6850
642.5 679 2189
2040.5 3475 8732
314.667 789 2381
555 1651 4397
343 985 2980
694.667 1462 4317
943.333 2038 5834
886.333 1250 3925
781.5 2136 5508
378.5 910 2719
2829.67 2990 8179
355.333 570 1918
418 493 1461
409 522 1812
669 445 1111
237.667 604 1668
999.5 1761 5658
1492.83 2335 6984
178 642 1668
479.167 1419 3951
902.667 1283 3960
1084 2293 6372
642 1604 4314
1658.33 2988 7733
672.667 1100 3568
195.333 611 1610
810.5 1730 5261
176.167 715 1610
628.5 685 2091
380.167 499 1168
1445.5 2033 6288
349.833 993 3238
2079.5 2795 7756
643 1391 4196
518.5 1237 3831
742.333 2394 5340
1224.5 2924 6895
843 689 2376
3054.33 3383 9567
554.667 1690 4616
184.333 683 1918
687.333 1189 3835
391.5 952 3063
1429 1986 6160
3049 3829 9902
166 665 1335
2259.5 2500 7161
1052.5 2724 6309
272 769 2307
326.333 732 1956
1029.83 1601 4705
427.5 913 2914
1310.33 2572 7329
1284.33 2468 6521
360.5 541 1168
1438 2413 7150
258 791 2008
663 477 1260
1620.83 2276 6710
194 600 1542
918.5 2221 5774
185 623 1786
1316.67 1473 4665
396 564 1760
398.5 875 2802
816.667 1395 4663
878 645 2350
317.333 580 1651
1307.33 2838 7094
204.167 576 1625
714.5 712 2307
617 982 3198
638 456 1211
1678.67 3157 8337
378 352 840
167.333 681 1593
184.333 639 972
2034.83 3968 8599
363 334 0
377 325 0
363 380 472
2242 3136 8805
378 314 0
240.5 386 679
184.333 638 1501
510.5 687 2209
273.5 362 0
341 374 389
341 344 0
102.667 445 0
418.5 506 1694
370 327 0
377 346 722
352 398 788
191 438 372
426 340 397
440 283 489
370 363 748
240.5 366 0
440 257 0
102.667 489 946
426 295 0
191 399 0
273.5 407 972


