877.583 2026 5895
841.583 2079 5895
954.917 1995 5895
967.083 1988 5895
971.583 1985 5895
1055.92 1904 5895
945.917 2016 5895
1097.08 1884 5895
1105.92 1883 5895
817.75 2198 5895
1047 1973 5895
806.417 2270 5895
1199.25 1880 5895
1217.25 1865 5895
1218.75 1864 5895
1206.25 1879 5895
804.75 2335 5895
1343.75 1831 5895
1368.92 1825 5895
1433.92 1798 5895
1555.5 1793 5895
1588.25 1784 5895
1595.5 1777 5895
1631.25 1771 5895
1698.33 1763 5895
1826.33 1744 5895
1999.5 1709 5895
659.583 1881 5514
814.083 1767 5514
822.917 1766 5514
838.917 1753 5514
791.417 1811 5514
787.083 1831 5514
777.75 1861 5514
965.417 1709 5514
947.25 1740 5514
1085.92 1708 5514
1151.92 1655 5514
1138.75 1696 5514
1348.25 1654 5514
1368.33 1649 5514
1415.33 1646 5514
1543.33 1627 5514
1589.33 1609 5514
1581.25 1621 5514
1716.5 1592 5514
1964 1574 5514
1321.5 1631 5422
1361.5 1615 5422
1464.33 1601 5422
1589 1594 5422
1765.5 1547 5422
761.917 1788 5247
817.917 1754 5247
722.75 1877 5247
921.25 1736 5247
1010.42 1676 5247
1006.25 1688 5247
992.25 1707 5247
1694.5 1587 5247
975 1681 5221
