1551 1498 5004
774.667 1150 3964
938.167 1124 4096
494 792 2739
570.667 844 2882
867.667 1343 4800
1383.67 1691 5153
856.5 1199 4272
779 1074 3896
1018.33 1073 3964
600.667 955 3517
960.333 1130 4154
483.333 1008 3268
476 1018 3575
637.667 719 2871
378.667 868 2739
461.667 1214 3450
1058.17 1874 5179
1177.33 1670 4828
1027 953 3693
1550.33 1849 5532
383.667 928 2764
680 924 3517
801 1280 4221
1686 1768 5179
470 1291 4154
803 1355 4507
638.667 884 3072
720.667 883 3072
388.167 818 2871
661 968 3575
1283 1318 4625
515.167 1188 4154
1183.5 1866 4978
411.167 874 2963
1685 1823 5532
641.667 927 3517
441.667 810 2790
470.667 1101 3667
746.667 986 3626
574 906 3260
226.333 785 2185
1427.67 1770 5179
1202.83 1699 5004
510.667 1005 3385
787 704 2989
615 817 3047
246.667 533 1728
463.667 1045 3575
544.667 1428 4221
941 951 3568
433.167 877 3060
617 897 3139
283 748 2681
697 816 3047
209.333 724 1532
620 528 2153
676.667 682 2681
799 898 3210
731.667 1040 3718
255.333 543 2035
1197 1828 4886
885 798 3014
681.333 905 3517
1293 1854 5179
299 729 2681
402 962 3021
614 728 2368
742.667 1023 3718
430.167 1011 3318
725 574 2435
710.333 1085 3600
237.333 617 1599
430 640 2211
637.667 690 2343
256 735 2317
705 623 2435
590.667 636 2317
554.667 1449 4800
557 769 2871
331.5 843 2706
255.333 514 1507
576.667 1004 3517
299 700 2153
812.333 1222 4221
216.667 724 1753
1340.67 1573 4953
262.333 599 2127
237.333 646 2127
173 538 1107
553.667 707 2236
190 570 1232
986 876 3236
1415.33 1775 5179
209.333 753 2060
1259.33 1804 5153
173 509 579
558 398 1599
193.667 460 1481
201 431 1174
1157 1870 5532
696 568 2343
201 402 646
264 418 704
326 206 0
519 435 1789
157.333 245 528
157.333 216 0
193.667 431 953
326 230 646
352 259 953


542.333 976 3436
1320.17 2039 5532
1211.5 1931 5179
638.667 884 3072
500.333 925 3011
644 1153 4272
610 889 3047
1218.67 1477 4625
476.167 1237 4154
452 1158 3847
1164.67 1579 4953
1086 1022 3718
447.333 1389 4154
844.667 1023 3718
481 729 2681
447.333 1360 3626
843.667 877 3517
513.333 935 3318
952.333 1490 4599
659.333 925 3260
554.333 905 3011
543.333 1004 3517
1096.33 1415 4599
1223.33 1625 5179
1616 1542 4978
416.5 874 2963
283 748 2681
1169.67 1430 4600
1241.67 1374 4651
763.667 951 3568
637.667 690 2343
562 1086 3575
691.667 1045 3575
951.333 1074 3964
615 817 3047
896.667 1076 4272
691 1108 3626
1055.33 1301 4475
864 1547 4800
430 640 2211
1017 1787 4886
1071.33 1432 4600
711.333 1101 3964
681.333 905 3517
765.5 1063 3626
367 981 3011
853.667 1128 4272
527 1442 4246
1167.67 1275 4475
1027 972 3693
439.833 1041 3201
805.667 1042 3718
1066 1480 4651
453.333 1116 3575
631.667 1064 3575
676.667 682 2681
885 798 3014
720.667 883 3072
1208.67 1402 4600
608.5 926 3260
1209 1330 4600
845 1058 3896
209.333 724 1532
403.333 1148 3436
930.333 1358 4475
255.333 514 1507
766.333 1424 4343
696 568 2343
557 769 2871
707.667 987 3575
787 704 2989
1360.67 1747 5532
512.667 1028 3034
791.667 1549 4651
512 1147 3964
237.333 646 2127
816 1028 3693
216.667 724 1753
1112 1390 4574
697 816 3047
599.667 903 3072
1008.17 1987 4953
308.333 788 2871
283 719 2153
1139.33 1499 4800
637.667 719 2871
590.667 636 2317
262.333 599 2127
1072 1648 5153
255.333 543 2035
553.667 707 2236
1233.5 2043 5532
660.167 1131 3600
614 728 2368
402 962 3021
712.667 1680 4507
209.333 753 2060
725 574 2435
779 900 3139
226.333 785 2185
256 735 2317
519 435 1789
246.667 533 1728
237.333 617 1599
705 623 2435
201 402 646
173 538 1107
190 570 1232
173 509 579
193.667 460 1481
620 528 2153
558 398 1599
193.667 431 953
326 230 646
157.333 216 0
352 259 953
201 431 1174
326 206 0
264 418 704
157.333 245 528


299 729 2681
631 966 3450
536 1065 3410
527.5 1231 3964
709.333 1152 4272
1164 1840 5532
428.667 1289 3410
681.333 905 3517
1049.33 1876 5179
540.333 1064 3575
706.333 1451 4449
862 1077 3896
866.167 1450 4800
1044.67 1323 4625
572.333 1414 4154
417.667 1002 3260
574 906 3260
885 798 3014
674.667 1152 4096
670.167 1469 4800
779.5 951 3568
1268.33 1595 5179
617 897 3139
635.333 1552 4507
1312 1491 4953
392.333 1104 3011
635.667 950 3319
402 962 3021
471 1461 4005
283 719 2153
1344.67 1539 4978
915.333 1446 4800
477.333 1281 3847
638.667 884 3072
873.333 1877 5532
599.667 903 3072
1001 857 3368
795.333 1102 4096
1158.67 1645 5004
651.333 935 3318
637.667 709 2343
616.667 1180 3847
216.667 724 1753
534 817 3047
920 1822 4828
787 704 2989
638 972 3693
843.667 877 3517
470.667 1101 3667
459.667 999 3385
697 816 3047
614 728 2368
453.333 1116 3575
729.667 900 3436
504.333 997 3385
1231 1622 5179
395.167 874 2963
447.333 1065 3318
902 1403 4475
640.5 1171 4096
226.333 785 2185
624.667 1424 4226
553.667 707 2236
256 735 2317
742.667 1023 3718
490.5 1081 3450
705 623 2435
255.333 543 2035
676.667 682 2681
590.667 636 2317
173 509 579
246.667 533 1728
637.667 719 2871
308.333 788 2871
209.333 753 2060
1308 1274 4475
1200 1839 5153
209.333 724 1532
262.333 599 2127
696 568 2343
620 528 2153
201 431 1174
725 574 2435
237.333 617 1599
1532 1425 4651
193.667 460 1481
821 956 3693
430 640 2211
237.333 646 2127
255.333 514 1507
190 570 1232
173 538 1107
193.667 431 953
201 402 646
558 398 1599
264 418 704
326 206 0
157.333 245 528
352 259 953
157.333 216 0
519 435 1789
326 230 646


283 748 2681
557 769 2871
1462.33 1679 5179
986 876 3236
459.667 999 3385
972.667 1148 4272
1374 1827 5532
637.667 719 2871
1003.33 1699 5153
694.667 1503 4317
1051.83 1643 4651
1347.67 1225 4600
784.167 1210 4154
834.667 1104 3764
821 956 3693
483.333 1175 3764
929 1471 4317
617 897 3139
676.667 682 2681
1510.67 1814 5532
588 1070 3626
308.333 788 2871
1297.67 1690 4978
761.333 1825 4625
615.167 1036 3626
476.167 1237 4154
911.333 1617 4600
1099 1472 4625
821.167 1175 4272
1051.67 1126 4221
1360.33 1674 5153
476 1018 3575
781 1049 3693
402 962 3021
559.167 1220 4096
283 719 2153
625.667 927 3517
794 1030 3693
409.667 991 3318
209.333 753 2060
534 817 3047
1121.33 1536 4651
787 704 2989
886 1617 4599
637.667 690 2343
714 1230 4221
523 997 3385
885 798 3014
648.667 960 3626
729.667 900 3436
463.667 1045 3575
834.667 1069 3718
1285.67 1576 4953
813.667 1092 3718
676.167 1369 4246
588.5 930 3072
395.167 874 2963
843.667 877 3517
638.667 884 3072
1001 857 3368
562.167 1167 3964
434.667 1027 3385
1057 1597 4800
599.667 903 3072
968.667 1556 4533
470.667 1101 3667
839 1073 4072
262.333 599 2127
600.667 955 3517
430 640 2211
680 924 3517
725 574 2435
553.667 707 2236
497.667 1165 3738
255.333 514 1507
1022.67 1322 4600
216.667 724 1753
299 729 2681
720.667 883 3072
614 728 2368
246.667 533 1728
590.667 636 2317
696 568 2343
705 623 2435
697 816 3047
255.333 543 2035
884.667 950 3568
1516.67 1500 5179
226.333 785 2185
1288 1425 4651
237.333 617 1599
201 431 1174
256 735 2317
620 528 2153
173 538 1107
237.333 646 2127
193.667 431 953
558 398 1599
190 570 1232
519 435 1789
1149 1447 4800
201 402 646
193.667 460 1481
326 206 0
326 230 646
352 259 953
264 418 704
157.333 245 528
173 509 579
157.333 216 0


517.333 980 3060
843.667 877 3517
1405 1797 5532
628 777 2857
638.667 884 3072
286 794 2506
846.667 1269 4533
617 897 3139
452 1158 3847
367 981 3011
1000 1077 3896
255.333 514 1507
625.667 927 3517
1142 975 3693
936.333 1553 4953
868.333 1326 4600
476 1037 3575
962 1722 5179
787 704 2989
831.667 1155 3928
763.667 951 3568
907.667 959 3626
409 1367 3318
395.167 874 2963
1062 950 3568
615.167 1036 3626
829 816 3047
715 1290 4246
742.667 1023 3718
1217.33 1814 5532
889.333 1345 4625
402 962 3021
720.667 883 3072
591.667 900 3436
979.333 1160 4154
635 1016 3626
590.667 636 2317
553.667 707 2236
903 1265 4272
246.667 533 1728
544.667 1176 4221
959 1141 3789
1113.67 1098 4272
688.333 1148 3667
538.667 1449 4800
979.333 1254 4651
1064 1219 4272
1520 1699 5153
504.333 997 3385
441.333 1290 3671
800.667 1588 4886
588 1070 3626
255.333 543 2035
452.333 1067 3410
637.667 719 2871
615 817 3047
299 729 2681
1168.67 1570 5004
209.333 724 1532
308.333 788 2871
676.667 682 2681
409.667 991 3318
216.667 724 1753
885 798 3014
705 623 2435
991.667 1251 4272
256 735 2317
430 640 2211
620 528 2153
637.667 690 2343
890 1005 3693
226.333 785 2185
725 574 2435
696 568 2343
614 728 2368
453.333 1116 3575
262.333 599 2127
209.333 753 2060
918 1170 4046
237.333 617 1599
173 538 1107
173 509 579
201 402 646
570.667 844 2882
237.333 646 2127
193.667 431 953
190 570 1232
193.667 460 1481
201 431 1174
558 398 1599
326 230 646
157.333 216 0
157.333 245 528
352 259 953
326 206 0
519 435 1789
264 418 704


510.667 1005 3385
1162 1733 4953
976.333 1428 4800
1168.33 1827 5153
563.667 1319 3964
433.667 1095 3201
944 1642 4625
767 1153 4272
779.5 951 3568
503 1256 3600
402 962 3021
731.667 1040 3718
455.167 1041 3201
808.667 1353 4600
700.667 1187 3896
641.667 927 3517
787 704 2989
299 729 2681
546.5 1314 3954
557 769 2871
1314 2042 5532
1023 1023 3718
308.333 788 2871
754 876 3236
635 1016 3626
385 1114 3318
588.5 930 3072
453.333 1116 3575
476 1018 3575
1105.33 1831 4886
600.333 1147 3667
543.333 1004 3517
655 1250 4221
617 897 3139
463.667 1045 3575
1123.5 1341 4574
742.333 1448 4574
516.333 1235 3928
534 817 3047
754 1208 3979
430 640 2211
537.667 978 3385
454 979 3092
637.667 690 2343
395.167 874 2963
591.667 900 3436
638 972 3693
676.667 682 2681
392.333 1104 3011
246.667 533 1728
1417 1889 5532
1586.33 1862 5532
806.167 1458 4600
590.667 636 2317
283 748 2681
703.833 1317 4246
256 735 2317
553.667 707 2236
226.333 785 2185
697 816 3047
1159.67 2110 5153
681.333 924 3517
1069 1152 4072
1243.5 1518 5179
605.667 1205 3738
255.333 543 2035
885 798 3014
173 538 1107
209.333 724 1532
725 574 2435
255.333 514 1507
262.333 599 2127
201 431 1174
620 528 2153
614 728 2368
209.333 753 2060
237.333 646 2127
513.333 935 3318
619.333 1337 4154
173 509 579
190 570 1232
705 623 2435
193.667 431 953
201 402 646
637.667 719 2871
216.667 724 1753
519 435 1789
558 398 1599
237.333 617 1599
157.333 216 0
696 568 2343
326 206 0
264 418 704
193.667 460 1481
352 259 953
326 230 646
157.333 245 528


1127.33 1699 4828
1576 1666 5153
534 817 3047
402 962 3021
617 897 3139
840.667 1468 4625
537.667 978 3385
961.333 1450 4600
559 976 3436
594.5 926 3260
395.167 874 2963
1291 1245 4272
899.667 1146 3789
886.167 1842 4696
735.667 1187 4154
468.333 1067 3410
979.667 1142 3738
625.667 927 3517
676.167 1369 4246
1034.67 1243 4246
1106.67 1596 4651
752.667 1401 4574
434.667 1046 3385
523 997 3385
905 1297 4272
1137.67 1350 4651
530.167 1276 3764
829 953 3693
557 769 2871
1062 950 3568
704.667 1168 3954
685.667 1348 4020
599.667 903 3072
648.667 960 3626
515.667 1065 3410
299 729 2681
299 700 2153
851 1155 3928
308.333 788 2871
283 748 2681
633.667 1067 3575
681.333 905 3517
1117 1373 4600
976.833 1862 4886
561.333 1536 3789
638.667 884 3072
637.667 719 2871
572.667 1062 3450
1051.67 1126 4221
1194.33 1596 4978
805.667 1042 3718
1001 857 3368
635 1016 3626
483.333 1008 3268
605.667 1205 3738
454 960 3092
424 895 2989
441.667 987 3092
824.667 1022 3718
1101.33 1791 5532
682.667 1174 3964
1059.33 1385 4533
1239 1555 4800
1285.67 1581 4953
711.5 1191 4096
433.167 877 3060
822 1392 4533
470.667 514 1507
486.667 1101 3667
775.833 1171 4096
697 816 3047
1659.67 1669 5532
256 735 2317
720.667 883 3072
881.667 1244 4246
430 640 2211
590.667 636 2317
1326.33 1744 5532
1095.17 1248 4272
216.667 724 1753
1407.67 1533 4800
725 574 2435
676.667 682 2681
705 623 2435
237.333 646 2127
193.667 431 953
246.667 533 1728
620 528 2153
209.333 753 2060
237.333 617 1599
636.667 1244 3954
1312.33 1678 5179
226.333 785 2185
209.333 724 1532
787 704 2989
962 1159 4221
201 402 646
255.333 543 2035
885 798 3014
696 568 2343
262.333 599 2127
193.667 460 1481
190 570 1232
614 728 2368
558 398 1599
173 509 579
519 435 1789
326 230 646
173 538 1107
201 431 1174
326 206 0
553.667 707 2236
157.333 216 0
157.333 245 528
264 418 704
352 259 953


700.333 1055 3600
1269.67 1670 5153
441.667 810 2790
422.333 1196 3575
417.667 1021 3260
1208.5 1866 4886
385 1085 2790
560.667 1176 4221
732.333 1319 4800
475.667 999 3385
908 1020 3718
1427.67 1901 5532
385 1133 3318
938.167 1124 4096
746.667 986 3626
388.167 818 2871
556.333 1067 3575
637.667 719 2871
638.667 884 3072
676.667 682 2681
591.667 900 3436
453.333 1116 3575
378.667 868 2739
641.667 927 3517
821.167 1175 4272
209.333 724 1532
476 989 3047
647.667 1161 4154
720.667 883 3072
907.667 959 3626
447.333 1389 4154
885.667 877 3060
600.667 974 3517
805.667 1042 3718
557 769 2871
1367 1636 5004
1071 1991 5532
362 836 2696
395.167 874 2963
494 792 2739
1280.33 1641 4828
299 729 2681
637.667 690 2343
972 956 3693
534 817 3047
1336.5 1717 5179
815 897 3139
209.333 753 2060
885 798 3014
216.667 724 1753
385.667 924 2831
1228 1856 5179
1672.67 1898 5532
1223 1774 4978
402 962 3021
1001 857 3368
1117 1108 4072
620 528 2153
246.667 533 1728
383.667 928 2764
1193.67 1924 4886
331.5 843 2706
521 807 2740
851.667 1123 3764
908.667 1088 3954
543.333 1004 3517
661 987 3575
697 816 3047
255.333 543 2035
590.667 636 2317
725 574 2435
226.333 785 2185
262.333 599 2127
400.333 990 3014
691 899 3139
1203.33 1739 4828
237.333 617 1599
787 704 2989
492.833 898 2989
857 972 3693
500.333 925 3011
705 623 2435
1520.67 1675 5179
677.333 1098 3667
794 1030 3693
553.667 707 2236
237.333 646 2127
696 568 2343
504.333 997 3385
614 728 2368
256 735 2317
173 538 1107
430 640 2211
193.667 460 1481
201 402 646
558 398 1599
981.667 877 3517
173 509 579
201 431 1174
519 435 1789
255.333 514 1507
157.333 245 528
190 570 1232
352 259 953
157.333 216 0
193.667 431 953
264 418 704
326 206 0
326 230 646


1639.67 1646 5179
778.667 1020 3718
283 748 2681
1246.33 2182 5179
534 817 3047
958 1120 3964
869.333 1180 4272
562.167 1148 3964
542.333 976 3436
532 1517 4246
833 1655 4800
678.167 1155 3979
1141.67 1177 4272
821 956 3693
681.333 905 3517
463.667 1045 3575
599.667 903 3072
308.333 788 2871
787 704 2989
385 1133 3318
1597.33 1654 5179
885 798 3014
638.667 884 3072
689.5 1489 4533
476 1037 3575
862 1058 3896
1269 1448 4651
677.333 1098 3667
1073 1377 4600
814.667 682 2681
734.667 1529 4600
299 700 2153
246.667 533 1728
1062 931 3568
1025 1569 5153
982 883 3072
403.333 1196 3964
637.667 690 2343
1013 1472 4625
367 981 3011
1179.67 1473 4800
702 1250 4221
617 897 3139
409.667 991 3318
1170 1169 4046
1373 1893 5532
283 719 2153
588.5 930 3072
1201 1152 4072
749.5 1418 4246
676.667 701 2681
763.667 951 3568
402 962 3021
216.667 724 1753
835.5 1420 4475
637.667 719 2871
1182.33 1418 4625
557 769 2871
1640 1854 5532
1006 1503 4800
237.333 617 1599
395.167 874 2963
553.667 707 2236
255.333 514 1507
430 640 2211
299 729 2681
486.667 1101 3667
620 528 2153
488.333 1332 4221
725 574 2435
614 728 2368
799 898 3210
255.333 543 2035
640.5 1171 4096
705 623 2435
256 735 2317
1612.67 1872 5532
209.333 753 2060
810.167 1229 4272
190 570 1232
201 431 1174
786.833 1768 4625
262.333 599 2127
1365.67 1722 5179
226.333 785 2185
590.667 636 2317
209.333 724 1532
173 538 1107
519 435 1789
237.333 646 2127
517.333 980 3060
696 568 2343
193.667 431 953
1325.67 1550 4953
201 402 646
558 398 1599
193.667 460 1481
173 509 579
264 418 704
157.333 245 528
326 206 0
157.333 216 0
326 230 646
352 259 953


896.667 1095 4272
1492.17 1840 5532
908 1020 3718
813.667 1092 3718
486.667 1101 3667
676.667 682 2681
881.5 970 3568
402 962 3021
1016.67 1580 4800
476 1037 3575
468.667 1105 3600
748.333 1354 4600
1326 1987 5532
677.333 1253 4221
691.333 1318 4272
509.667 1340 4154
680 924 3517
867.667 1173 3896
885 798 3014
594.5 926 3260
617 897 3139
758 1144 3718
638 972 3693
493.167 1130 3671
734.167 1192 4272
1390 1923 5532
1246.67 1401 4651
440.667 1011 3318
655 1151 3847
829 816 3047
1200 1301 4425
1001 857 3368
1517.67 1631 5179
1169.33 1657 5179
637.667 719 2871
299 729 2681
729.667 900 3436
534 817 3047
216.667 724 1753
723 1200 4221
691 1247 4096
209.333 753 2060
1255.33 1523 4800
395.167 874 2963
599.667 903 3072
557 769 2871
385 1114 3318
696 568 2343
712.167 1204 3896
283 748 2681
246.667 533 1728
1412.33 1539 4978
255.333 543 2035
1154.67 1490 4625
638.667 884 3072
919.667 1842 4886
1449.33 1849 5532
992.333 1546 4625
468.833 927 3517
590.667 636 2317
262.333 599 2127
255.333 514 1507
674.167 1654 4800
237.333 646 2127
614 728 2368
237.333 617 1599
209.333 724 1532
620 528 2153
430 640 2211
705 623 2435
201 431 1174
173 509 579
1315 1995 5532
725 574 2435
787 704 2989
256 735 2317
193.667 431 953
553.667 707 2236
173 538 1107
193.667 460 1481
558 398 1599
201 402 646
190 570 1232
308.333 788 2871
157.333 216 0
226.333 785 2185
519 435 1789
326 206 0
352 259 953
326 230 646
264 418 704
157.333 245 528


476.167 1237 4154
823.667 926 3517
720.667 883 3072
857 972 3693
463.833 1337 3580
887 1151 3847
885.667 877 3060
990.667 923 3342
1054.5 1753 5153
923.333 1326 4272
283 748 2681
409.667 991 3318
283 719 2153
872 1391 4272
977 1403 4800
822 1393 4307
816.667 1476 4399
642.333 1541 4221
735.667 1181 4221
990.667 1206 4272
778.667 1020 3718
600.333 1147 3667
385 1114 3318
787 704 2989
1167.67 1056 3896
763.667 951 3568
904 1512 4600
1188 1723 4828
574 906 3260
715 1290 4246
452.333 1067 3410
1241.67 1739 4886
1256 1619 4953
710.333 1085 3600
392.333 1104 3011
1390.67 1615 4978
572.667 1199 3667
599.667 903 3072
687.333 1342 4246
1239.17 1697 4828
255.333 514 1507
299 729 2681
1014.33 1130 3896
975.667 1699 4800
299 700 2153
1502.67 1874 5532
1451.67 1933 5532
1201.67 1946 5532
468.833 927 3517
226.333 785 2185
971 1245 4272
1040.17 1319 4800
1001.67 959 3626
638.667 884 3072
637.667 690 2343
1541 1647 5004
534 817 3047
553.667 707 2236
308.333 788 2871
395.167 874 2963
1087 1154 4096
614 728 2368
696 568 2343
637.667 719 2871
1313 1931 5179
209.333 753 2060
1111.67 1122 3921
216.667 724 1753
256 735 2317
262.333 599 2127
676.667 682 2681
720 1005 3693
590.667 636 2317
945 1148 4046
557 769 2871
858.667 924 3517
829 816 3047
945 1517 4625
246.667 533 1728
705 623 2435
237.333 646 2127
834.667 1168 3954
402 962 3021
577.5 1205 3847
476 1018 3575
201 431 1174
430 640 2211
617 897 3139
885 798 3014
173 509 579
620 528 2153
255.333 543 2035
915.333 1500 4574
237.333 617 1599
1327.67 1675 5153
201 402 646
725 574 2435
190 570 1232
1400.17 1749 5179
558 398 1599
209.333 724 1532
193.667 431 953
173 538 1107
909.333 1419 4343
519 435 1789
157.333 216 0
1719 1869 5532
193.667 460 1481
157.333 245 528
326 230 646
264 418 704
326 206 0
352 259 953


1042 1401 4800
470 1262 3626
937.667 1419 4317
433.167 877 3060
513.333 935 3318
468.667 1105 3600
704.333 1522 4272
557 769 2871
1075.33 1648 4886
588.5 930 3072
951.333 1074 3964
367 981 3011
1192 1822 4953
467.667 1002 3260
299 729 2681
615 817 3047
475.667 999 3385
1011.33 1349 4272
786.667 960 3626
441.667 987 3092
661 968 3575
697 816 3047
624.667 1171 4096
283 719 2153
843.667 877 3517
681.333 905 3517
1292.67 1346 4800
794.5 1069 3718
463.667 1045 3575
447.333 1065 3318
504.333 997 3385
600.333 1147 3667
591.667 900 3436
1358 1248 4272
1073.67 1393 4449
996 1144 4096
638.667 884 3072
519.667 1204 4221
560.667 1176 4221
402 962 3021
411.167 874 2963
1214.5 1342 4343
430 640 2211
821 956 3693
1196 1349 4600
476 1037 3575
255.333 543 2035
713.5 1101 3667
787 704 2989
763.667 951 3568
1209.5 1726 5179
964.667 1298 4246
637.667 719 2871
1125 1023 3718
1394 1567 4953
1208 1848 5153
614 728 2368
885 798 3014
856 1117 4046
1399.67 1840 5532
553.667 707 2236
209.333 753 2060
655 1151 3847
283 748 2681
696 568 2343
1062 931 3568
1012.67 1443 4599
600.667 955 3517
570.667 844 2882
255.333 514 1507
1028 1256 4272
262.333 599 2127
904.333 1345 4246
1225.67 1649 5153
740 1452 4800
856.333 1394 4246
676.667 682 2681
422.667 1140 3092
1222 1623 4953
308.333 788 2871
680.5 1718 4317
216.667 724 1753
237.333 617 1599
246.667 533 1728
705 623 2435
590.667 636 2317
620 528 2153
706 1545 4343
201 431 1174
256 735 2317
193.667 460 1481
226.333 785 2185
1171.67 1849 5153
943.667 1109 3896
190 570 1232
193.667 431 953
637.667 690 2343
209.333 724 1532
173 509 579
173 538 1107
237.333 646 2127
725 574 2435
264 418 704
823 899 3139
519 435 1789
201 402 646
352 259 953
558 398 1599
157.333 245 528
326 206 0
326 230 646
157.333 216 0


552 1091 3450
477.333 1281 3847
557 769 2871
571.833 1178 3847
890 1323 4800
625.667 927 3517
1659 1879 5532
959.333 1708 5179
681.333 905 3517
523 1113 3575
392.333 1104 3011
722.667 1357 4096
726 1120 3964
422.333 1226 3600
995 1131 4072
763.667 951 3568
885 798 3014
534 817 3047
635 1016 3626
789.333 1356 4154
1320 1984 5532
590.667 636 2317
299 729 2681
283 719 2153
677.333 1098 3667
395.167 874 2963
676.667 682 2681
299 700 2153
283 748 2681
603.667 1044 3575
1431 1586 5004
639 919 3250
1531.67 1923 5532
1059.17 1645 5179
608.167 1393 4800
617 897 3139
523 978 3385
515.667 1065 3410
587.833 1495 4096
409.667 991 3318
637.667 719 2871
1383.33 1973 5532
791 1215 4154
884.667 950 3568
955.667 1153 4272
308.333 788 2871
434.667 1027 3385
1114.67 1315 4307
209.333 724 1532
905 1297 4272
829 953 3693
1516 1597 5179
255.333 543 2035
778.667 1020 3718
226.333 785 2185
926 1113 3779
600.667 955 3517
1499.33 1964 5532
402 962 3021
614 728 2368
787 704 2989
484.333 1197 3964
559 976 3436
720.667 883 3072
700.667 1187 3896
216.667 724 1753
843.667 877 3517
255.333 514 1507
696 568 2343
1132 1252 4425
256 735 2317
504.333 997 3385
553.667 707 2236
237.333 646 2127
952.333 1270 4246
628.333 926 3260
201 402 646
725 574 2435
209.333 753 2060
620 528 2153
697 816 3047
705 623 2435
430 640 2211
246.667 533 1728
173 509 579
237.333 617 1599
558 398 1599
201 431 1174
173 538 1107
519 435 1789
193.667 431 953
193.667 460 1481
190 570 1232
157.333 216 0
262.333 599 2127
352 259 953
157.333 245 528
326 206 0
326 230 646
264 418 704


836.167 1427 4800
843.667 877 3517
707.667 987 3575
992.667 1118 4272
283 748 2681
1095.67 1892 5532
463.667 1045 3575
1329.67 1367 4533
723.333 1902 5532
308.333 788 2871
1134.67 1333 4507
787 704 2989
1422.33 1801 5153
574 906 3260
409.667 991 3318
896.667 1218 4272
513.333 935 3318
669.167 1313 4154
459.667 999 3385
682.333 934 3318
573.333 1650 4343
786.667 960 3626
780.333 951 3568
299 729 2681
588 1070 3626
799.333 931 3568
433.167 877 3060
1167.33 1516 4978
1672.67 1850 5532
642.333 1004 3517
554 1443 4020
476 1018 3575
534.5 1653 4317
1130.67 1388 4450
791 1215 4154
906.333 1194 4246
885 798 3014
486.667 1101 3667
942.667 1008 3896
283 719 2153
557 769 2871
1430.33 1874 5532
464.667 1307 3697
1039.67 1897 4886
829 816 3047
1020.67 1421 4317
674.667 1152 4096
1437 1826 5179
637.667 719 2871
1318 1751 5004
209.333 724 1532
631 966 3450
794.5 1069 3718
857.333 1093 3964
256 735 2317
752.833 1256 4272
839.333 1186 4154
746.667 986 3626
395.167 874 2963
209.333 753 2060
534 817 3047
717.5 1143 3718
402 962 3021
913.667 1126 4221
957.167 1426 4800
1480.67 1705 5179
237.333 617 1599
720 1005 3693
1348.67 1333 4600
676.667 682 2681
527.5 1231 3964
1429.33 1859 5179
638.667 884 3072
255.333 543 2035
255.333 514 1507
785.667 949 3436
705 623 2435
226.333 785 2185
620 528 2153
1027 972 3693
216.667 724 1753
246.667 533 1728
201 402 646
617 897 3139
1401 1884 5532
1115 1783 4886
553.667 707 2236
430 640 2211
262.333 599 2127
637.667 690 2343
190 570 1232
834.5 1599 4317
173 509 579
237.333 646 2127
522.5 975 3342
696 568 2343
1342.67 1574 5004
1330.67 1401 4574
590.667 636 2317
173 538 1107
614 728 2368
193.667 460 1481
519 435 1789
193.667 431 953
264 418 704
725 574 2435
157.333 216 0
1631.67 1654 5179
201 431 1174
558 398 1599
352 259 953
157.333 245 528
326 206 0
326 230 646


1023.67 1283 4600
502.167 1189 3697
1068.67 1144 4096
1447.33 1771 5532
523 997 3385
648.667 960 3626
1296 1243 4246
710.333 1349 4574
938.667 910 3517
763.667 951 3568
409.667 991 3318
983 1293 4246
385 1133 3318
729.667 900 3436
1283.67 1642 5004
829 953 3693
1477 1565 5179
617 897 3139
718.333 1187 4154
778.667 1020 3718
500.333 925 3011
868.333 1344 4246
600.333 1147 3667
476 1037 3575
635 1030 3436
604.167 956 3143
676.667 682 2681
786 1669 5179
720.667 883 3072
572.333 1433 4154
1087.67 1105 4096
641 1572 4800
879.667 1180 4154
1122 1265 4272
299 729 2681
637.667 719 2871
403.333 1196 3964
416.5 874 2963
787 704 2989
969.167 1526 4651
628.333 926 3260
1087.67 1428 4800
839 1073 4072
1473 1376 4800
256 735 2317
1381 1930 5532
1333 1598 4953
674.667 1152 4096
638.667 884 3072
885.667 1328 4272
885 798 3014
246.667 533 1728
697 816 3047
430 640 2211
702 1250 4221
1001 857 3368
1059.33 1173 4221
599.667 903 3072
216.667 724 1753
1605.33 1721 5532
226.333 785 2185
255.333 514 1507
534 817 3047
590.667 636 2317
454 960 3092
624.667 1171 4096
255.333 543 2035
402 962 3021
209.333 724 1532
1215.67 1579 4828
286 794 2506
237.333 617 1599
637.667 709 2343
614 728 2368
705 623 2435
209.333 753 2060
696 568 2343
620 528 2153
557 769 2871
262.333 599 2127
237.333 646 2127
173 509 579
283 719 2153
190 570 1232
553.667 707 2236
173 538 1107
308.333 788 2871
193.667 431 953
519 435 1789
264 418 704
193.667 460 1481
725 574 2435
558 398 1599
1048 1625 4953
1335.67 1972 5532
201 431 1174
201 402 646
157.333 216 0
326 230 646
352 259 953
326 206 0
157.333 245 528


1134.67 1346 4625
829 816 3047
576.333 1703 4226
1005.33 1713 4696
1020.67 1356 4507
1164.67 1304 4800
576.667 1004 3517
1384.67 1631 5179
844.667 1023 3718
299 729 2681
536 1065 3410
863.667 1502 4600
972 956 3693
521 807 2740
575.667 1210 4154
533 818 2871
921 1106 4072
894 1400 4600
1320 1578 4953
1336 1753 5153
454 960 3092
455.333 1223 3364
331.5 843 2706
472.667 1110 3671
1150.33 1892 5153
851 1245 4272
778.333 1120 3964
843.667 1335 4358
588 1070 3626
513.333 935 3318
868.667 1161 4071
960 1366 4625
1216.67 1778 5004
557 769 2871
1397.5 1967 5532
385.667 924 2831
1129 1996 5153
534 817 3047
378.667 868 2739
391 1277 3390
638 972 3693
1101.67 1671 4696
255.333 543 2035
907.667 1222 4221
1164 1759 4978
1259.33 1601 4953
1147 1767 4953
409.667 991 3318
702 1299 4221
637.667 719 2871
1535 1618 5153
494 792 2739
504.333 997 3385
787 704 2989
411.167 874 2963
631 966 3450
819.333 905 3517
283 748 2681
246.667 533 1728
777.667 1315 4317
680 924 3517
209.333 724 1532
262.333 599 2127
638.667 884 3072
750.5 1394 4246
617 897 3139
797 1449 4475
1095.67 1150 4096
776.333 1435 4317
1435.67 1821 5532
256 735 2317
209.333 753 2060
885 798 3014
510.667 855 2765
362 836 2696
676.667 682 2681
216.667 724 1753
705 623 2435
1254.5 1726 4828
574 906 3260
430 640 2211
226.333 785 2185
553.667 707 2236
614 728 2368
466.333 1286 3789
1110.83 2023 4978
255.333 514 1507
1127 1481 4800
1027.33 1231 4272
201 402 646
193.667 460 1481
620 528 2153
590.667 636 2317
696 568 2343
193.667 431 953
201 431 1174
190 570 1232
173 538 1107
725 574 2435
237.333 646 2127
1085 1326 4600
173 509 579
519 435 1789
237.333 617 1599
558 398 1599
264 418 704
352 259 953
326 206 0
326 230 646
157.333 245 528
157.333 216 0


680 924 3517
454 960 3092
391 1277 3390
794 1030 3693
834.667 1104 3764
907.167 1125 4096
574 906 3260
779.5 951 3568
789.333 1605 5179
821 956 3693
628 777 2857
536 1065 3410
898.833 1300 4475
739.833 1385 4221
255.333 514 1507
745.667 1419 4533
409.667 991 3318
308.333 788 2871
570.667 844 2882
799.333 931 3568
654.333 1215 4154
661 987 3575
764.667 1699 4651
453.333 1177 3964
718.333 1187 4154
367 981 3011
1001 857 3368
674.667 1152 4096
1103 1422 4800
755.5 1141 4096
698 1135 3979
1009 1106 4072
637.667 690 2343
1173 1057 4072
737.5 1101 3667
943.667 1443 4625
635 1016 3626
562 1086 3575
908.667 1088 3954
668.833 1791 4651
522.5 975 3342
283 748 2681
788 1299 4221
504.333 997 3385
821.167 1175 4272
676.667 682 2681
769.5 1447 4800
754 876 3236
1194.67 1400 4574
1051.67 1126 4221
966 1093 4046
615 817 3047
805.667 1042 3718
599.667 903 3072
209.333 753 2060
562.167 1167 3964
299 729 2681
1627 1593 5004
603.667 1044 3575
1444 1968 5532
1103.67 1174 4272
1044 1594 5153
829 816 3047
246.667 533 1728
433.167 877 3060
636.333 1156 3647
720.667 883 3072
256 735 2317
1455.33 1744 5532
638.667 884 3072
553.667 707 2236
237.333 646 2127
821 1250 4221
631 966 3450
411.167 874 2963
237.333 617 1599
402 962 3021
725 574 2435
590.667 636 2317
614 728 2368
751.333 1387 4533
226.333 785 2185
262.333 599 2127
637.667 719 2871
216.667 724 1753
519 435 1789
787 704 2989
430 640 2211
696 568 2343
705 623 2435
173 538 1107
600.667 974 3517
255.333 543 2035
201 431 1174
193.667 431 953
620 528 2153
173 509 579
193.667 460 1481
190 570 1232
468.667 1105 3600
558 398 1599
157.333 216 0
201 402 646
209.333 724 1532
352 259 953
157.333 245 528
326 230 646
264 418 704
326 206 0


1069.33 1629 4886
792.167 1477 4475
651.333 935 3318
554.667 1154 3600
972.667 1121 4096
1057.67 1030 3896
603.667 1044 3575
409.667 991 3318
572.667 1199 3667
697 816 3047
383.667 928 2764
680 924 3517
709.333 1171 4272
452.333 1067 3410
574 906 3260
899.667 1425 4507
1003.67 1101 4096
836 1134 4096
838.333 1632 4507
1204.67 1321 4600
388.167 818 2871
842 1441 4625
1205.33 1596 5004
494 792 2739
720.667 883 3072
1306 1119 4097
840.667 1005 3626
653.333 1012 3450
804.667 1071 3718
1039.33 1736 4886
429.333 1256 3847
857.333 1093 3964
385.667 924 2831
766.5 1170 3718
920.833 1419 4800
856.667 1107 3896
283 748 2681
1207.33 1496 5179
331.5 843 2706
402 962 3021
647.667 1180 4154
534 817 3047
908 1020 3718
637.667 690 2343
385 1114 3318
463.667 1045 3575
1046.67 1144 4272
430 640 2211
491.667 1311 4154
856.5 1350 4343
255.333 514 1507
787 704 2989
542.333 976 3436
637.667 719 2871
1267.67 1343 4800
209.333 753 2060
843.667 877 3517
635 1016 3626
588 1070 3626
599.667 903 3072
799.333 931 3568
557 788 2871
514.333 729 2681
617 897 3139
441.667 810 2790
628 777 2857
1192 2037 5153
226.333 785 2185
590.667 636 2317
705 623 2435
553.667 707 2236
824.667 1022 3718
378.667 868 2739
885 798 3014
209.333 724 1532
725 574 2435
676.667 682 2681
1274.67 1794 5532
642.833 1710 4533
246.667 533 1728
256 735 2317
216.667 724 1753
201 431 1174
255.333 543 2035
237.333 617 1599
325.167 892 2706
173 509 579
237.333 646 2127
614 728 2368
395.167 874 2963
262.333 599 2127
620 528 2153
201 402 646
696 568 2343
190 570 1232
173 538 1107
1142 975 3693
193.667 431 953
193.667 460 1481
558 398 1599
519 435 1789
264 418 704
352 259 953
157.333 216 0
326 230 646
157.333 245 528
326 206 0


962 1159 4221
729.667 900 3436
829 953 3693
744.667 1209 4154
602.667 1225 3613
1067 1042 3718
409 1381 3169
540.333 1064 3575
570.667 844 2882
849.333 1101 3964
402 962 3021
1436.33 1898 5532
704.667 1168 3954
675.333 1250 4221
481 729 2681
453.333 1116 3575
669.667 1362 4221
1373.67 1669 5179
1078.33 1345 4343
409.667 991 3318
629.667 1357 4154
409 1410 3697
779.5 951 3568
691.667 1158 3647
514.5 1358 3829
560.833 1265 3789
1011.67 1098 4272
628.667 1262 3928
514.333 700 2153
802.333 1416 4343
885 798 3014
468.833 927 3517
810.333 1369 4343
1125 1023 3718
818.333 1111 4154
916.333 1446 4800
1036.67 1777 5179
553.667 707 2236
599.667 903 3072
1072.67 1077 3896
554.667 1154 3600
787 704 2989
808.833 1329 4272
308.333 788 2871
697 816 3047
1206.67 1300 4475
603.667 1044 3575
843.667 877 3517
500.167 1533 4533
615.167 1036 3626
209.333 724 1532
680 924 3517
1323.67 1695 5153
246.667 533 1728
395.167 874 2963
844.333 1777 4600
998.667 1601 4828
255.333 514 1507
628 1234 3647
621.333 1314 3803
720.667 883 3072
990 1815 4978
283 748 2681
648.667 960 3626
676.667 682 2681
610 889 3047
1155.67 1338 4307
262.333 599 2127
1001 857 3368
1133 1700 4953
615 817 3047
617 897 3139
637.667 709 2343
173 509 579
237.333 617 1599
637.667 719 2871
216.667 724 1753
1130.67 2021 5532
614 728 2368
696 568 2343
255.333 543 2035
530 640 2211
409 1380 3143
209.333 753 2060
226.333 785 2185
620 528 2153
1520.67 1461 4886
590.667 636 2317
193.667 431 953
256 735 2317
237.333 646 2127
557 769 2871
201 431 1174
725 574 2435
1369.33 1924 5532
193.667 460 1481
173 538 1107
705 623 2435
1496 1600 5179
190 570 1232
264 418 704
558 398 1599
326 206 0
1539.5 1813 5532
326 230 646
157.333 216 0
157.333 245 528
352 259 953
519 435 1789
201 402 646


919 1132 4096
563 877 3060
1259.67 1898 5532
1060.67 1274 4343
483.333 1008 3268
723.667 996 3568
681.333 905 3517
729.667 900 3436
472 1266 4154
639 919 3250
283 748 2681
998.667 1095 4272
417.667 1002 3260
1616.33 1776 5532
430.167 1011 3318
584.833 1207 4154
981.667 1204 4272
628.5 1393 4800
1223.33 2115 5532
403.333 1147 3410
395.167 874 2963
1207 1299 4425
492.833 927 3517
977.333 1545 5179
680 924 3517
476 1037 3575
617 897 3139
463.667 1045 3575
1457 1375 4600
367 981 3011
794 1030 3693
829 816 3047
720.667 883 3072
590.667 636 2317
283 719 2153
594.5 926 3260
403.333 1196 3964
424 895 2989
299 729 2681
779.5 951 3568
430 640 2211
246.667 533 1728
385 1114 3318
637.667 709 2343
908 1020 3718
702 1250 4221
640.5 1171 4096
452.333 1067 3410
609 1090 3626
1223.67 1967 5532
299 700 2153
557 769 2871
637.667 719 2871
216.667 724 1753
1001 857 3368
262.333 599 2127
553.667 707 2236
308.333 788 2871
787 704 2989
470.667 1101 3667
599.667 903 3072
821 956 3693
402 962 3021
1072.67 1058 3896
534 817 3047
754 1271 4246
237.333 646 2127
614 728 2368
256 735 2317
620 528 2153
255.333 543 2035
731.667 1040 3718
638.667 884 3072
255.333 514 1507
696 568 2343
226.333 785 2185
173 538 1107
209.333 724 1532
201 402 646
705 623 2435
237.333 617 1599
725 574 2435
209.333 753 2060
519 435 1789
193.667 460 1481
558 398 1599
676.667 682 2681
193.667 431 953
190 570 1232
157.333 245 528
201 431 1174
157.333 216 0
264 418 704
352 259 953
326 206 0
326 230 646
173 509 579


