208 252 0
326 206 0
208 294 353
352 259 953
264 418 704
314.667 216 0
290 413 579
519 435 1789
326 230 646
314.667 245 528
351 460 1481
275.667 588 1283
358.333 431 1174
485 760 2493
425.667 678 1929
617 897 3139
324 537 1057
725 574 2435
398 753 2060
824.667 1022 3718
558 398 1599
553.667 707 2236
620 528 2153
351 431 953
615.167 1036 3626
696 568 2343
720.667 883 3072
608.667 543 2035
409 714 1893
420.667 754 2236
981.667 877 3517
409 584 1657
885 798 3014
638.667 884 3072
705 623 2435
360.667 765 2119
492 607 1789
787 704 2989
511.5 570 1599
588.5 930 3072
349 595 1540
407.667 725 1929
599.667 903 3072
590.667 636 2317
651.333 792 2739
556.667 801 2732
614 728 2368
775.667 719 2871
697 816 3047
511.5 599 2127
714.333 769 2871
338.667 707 1636
662 777 2857
638.333 729 2681
611.333 960 3092
542.333 976 3436
852.667 1020 3718
829 953 3693
1162.17 1622 5179
731.667 1040 3718
477 749 2257
589 807 2740
641 796 2857
428.667 800 2483
619 748 2681
430 640 2211
337 847 1540
417 630 1904
638 972 3693
1361.67 1742 5532
490 759 2564
818.333 1111 4154
819.333 905 3517
633.333 1018 3575
400.667 717 1837
799 898 3210
814.667 682 2681
1237.67 1493 5179
1251 1442 4953
534 817 3047
729.667 900 3436
1411 1666 5532
628.333 926 3260
1124.33 1474 5004
799.333 931 3568
723.167 1473 4317
786.667 960 3626
763.667 951 3568
821 956 3693
1159.67 1641 5153
721 966 3450
635 1016 3626
588 1070 3626
651.333 935 3318
627.333 1153 4272
709.333 1152 4272
698 1135 3979
885.667 877 3060
795.333 1102 4096
1112 1247 4425
986 876 3236
857.333 1074 3964
441.667 810 2790
1153 1052 4072
492.5 579 1553
896.667 1076 4272
1171 1491 5153
523.333 1002 2836
605.333 1095 3789
772.333 1271 4625
862 1297 4800
1066.33 1600 4828
695 788 2871
538 735 2317
953.5 1053 3896
1372.67 1716 5532
1297.17 1845 5532
742.667 1023 3718
695 1121 3964
1001 857 3368


208 252 0
324 537 1057
352 259 953
314.667 245 528
314.667 216 0
326 230 646
208 294 353
720.667 883 3072
264 418 704
290 413 579
519 435 1789
326 206 0
358.333 431 1174
558 398 1599
409 584 1657
351 431 953
409 714 1893
417 630 1904
398 753 2060
511.5 599 2127
725 574 2435
349 595 1540
511.5 570 1599
351 460 1481
492 607 1789
553.667 707 2236
538 735 2317
420.667 754 2236
556.667 801 2732
705 623 2435
696 568 2343
695 788 2871
275.667 588 1283
492.5 579 1553
614 728 2368
430 640 2211
885 798 3014
787 704 2989
407.667 725 1929
620 528 2153
590.667 636 2317
441.667 810 2790
337 847 1540
400.667 717 1837
428.667 800 2483
619 748 2681
534 817 3047
360.667 765 2119
490 759 2564
503 1069 3047
477 749 2257
1001 857 3368
832 1152 4096
338.667 707 1636
608.667 543 2035
628 777 2857
852.667 1020 3718
661.667 1140 3964
763.667 951 3568
524.333 981 3011
981.667 877 3517
718.667 1331 3979
879 1110 3779
425.667 678 1929
648.667 960 3626
754 876 3236
814.667 682 2681
542.333 976 3436
521 807 2740
617 897 3139
485 760 2493
599.667 903 3072
638.667 884 3072
1092 1058 3896
737.667 1180 4154
1352.33 1651 5179
615.167 1036 3626
953.5 1072 3896
610.667 1177 3964
844.667 1023 3718
1628 1545 5004
896.667 1076 4272
821 956 3693
1153 1052 4072
1412.5 1766 5532
829 953 3693
697 816 3047
898.167 1319 4800
775.667 719 2871
588.5 930 3072
1355 1299 4600
889.333 1154 4221
869.333 1180 4272
731.667 1040 3718
819.333 905 3517
808.833 1329 4272
1216.5 1623 4953
735.667 1206 4154
638.333 729 2681
609 1090 3626
823 1226 4272
731.333 906 3260
1254.5 1537 4978
706.667 919 3436
638 972 3693
879.167 1470 4625
799.333 931 3568
1037.17 1699 5179
876.667 1560 4533
714.333 769 2871
633.333 1018 3575
635 1016 3626


314.667 245 528
264 418 704
314.667 216 0
326 230 646
326 206 0
208 252 0
208 294 353
290 413 579
352 259 953
558 398 1599
519 435 1789
620 528 2153
349 595 1540
351 460 1481
492 607 1789
351 431 953
409 584 1657
485 760 2493
705 623 2435
275.667 588 1283
725 574 2435
720.667 883 3072
324 537 1057
511.5 570 1599
409 714 1893
885 798 3014
608.667 543 2035
553.667 707 2236
787 704 2989
635 1016 3626
420.667 754 2236
407.667 725 1929
814.667 682 2681
696 568 2343
714.333 769 2871
662 777 2857
981.667 877 3517
358.333 431 1174
775.667 719 2871
638.333 729 2681
638.667 884 3072
511.5 599 2127
425.667 678 1929
697 816 3047
611.333 960 3092
599.667 903 3072
590.667 636 2317
614 728 2368
588.5 930 3072
651.333 935 3318
360.667 765 2119
338.667 707 1636
786.667 960 3626
617 897 3139
337 847 1540
799 898 3210
641 796 2857
628.333 926 3260
560.667 1177 3964
763.667 951 3568
400.667 717 1837
1356 1274 4475
1001 857 3368
542.333 976 3436
556.667 801 2732
524.333 981 3011
799.333 931 3568
398 753 2060
729.667 900 3436
746.667 986 3626
633.333 1018 3575
721 966 3450
619 748 2681
819.333 905 3517
605.333 1095 3789
829 953 3693
477 749 2257
852.667 1020 3718
430 640 2211
1215 1011 3896
1102.67 1282 4600
490 759 2564
521 807 2740
816 1148 4046
556.5 735 2317
748 1101 3964
622 1436 4221
731.667 1040 3718
720 1005 3693
651.333 792 2739
615.167 1036 3626
821 956 3693
534 817 3047
824.667 1022 3718
701.167 986 3450
811 1596 5153
1051.67 1290 4625
764.667 1152 4096
441.667 810 2790
953.5 1053 3896
698 1135 3979
623.667 1296 4317
588 1070 3626
627.333 1153 4272
695 788 2871
786.5 877 3060
986 876 3236
492.5 579 1553
428.667 800 2483
837.667 1288 4317
1208.67 1511 5153
930.667 1291 4625
859.667 1346 4800
798.667 1306 4507
996.667 1249 4317
1341.67 1578 5179
1018.67 1307 4800
417 630 1904
742.667 1023 3718
1148.67 1722 5532
1362.67 1714 5532
645.667 1354 4800
994.667 1519 5153
1153 1052 4072
609.333 1158 3847
1100 1027 3896
818.333 1111 4154
896.667 1076 4272
884.167 1313 4625
1521.67 1675 5532
1367.67 1472 5153
699 1128 3964
1165.17 1622 5179


314.667 245 528
326 230 646
351 431 953
208 294 353
314.667 216 0
208 252 0
264 418 704
519 435 1789
326 206 0
290 413 579
349 595 1540
351 460 1481
324 537 1057
617 897 3139
409 714 1893
275.667 588 1283
511.5 570 1599
358.333 431 1174
492.5 579 1553
696 568 2343
705 623 2435
407.667 725 1929
558 398 1599
338.667 707 1636
409 584 1657
492 607 1789
360.667 765 2119
441.667 810 2790
417 630 1904
511.5 599 2127
420.667 754 2236
485 760 2493
638.333 729 2681
534 817 3047
430 640 2211
695 788 2871
787 704 2989
638 972 3693
620 528 2153
725 574 2435
619 748 2681
521 807 2740
352 259 953
428.667 800 2483
538 735 2317
754 876 3236
819.333 905 3517
398 753 2060
400.667 717 1837
477 749 2257
490 759 2564
720.667 883 3072
1001 857 3368
697 816 3047
885 798 3014
785.667 1427 4507
714.333 769 2871
425.667 678 1929
661.667 1140 3964
542.333 1114 3318
628 777 2857
1090.33 1274 4600
852.667 1020 3718
834 682 2681
567 991 3318
638.667 884 3072
590.667 636 2317
648.667 960 3626
608.667 543 2035
553.667 707 2236
873.667 1095 4272
614 728 2368
839 1073 4072
775.667 719 2871
582 1064 3400
731.667 1040 3718
829 953 3693
699 1128 3964
752.667 1115 4272
337 847 1540
896.667 1076 4272
862 1297 4800
742.667 1023 3718
633.333 1018 3575
799.333 931 3568
560.667 1147 3410
652 1168 4154
953.5 1053 3896
853.5 1427 4800
1235.17 1694 5532
591.667 900 3436
503 1069 3047
1153 1052 4072
635 1016 3626
711.667 1333 4221
996.167 1445 5179
961.5 1502 5179
588 1070 3626
633.5 1237 4154
1259.17 1444 5179
698 1135 3979
630 1110 3671
1091 1252 4651
818.333 1111 4154
1016.33 1277 4800
605.333 1233 3671
798.667 1306 4507


208 252 0
208 294 353
326 206 0
314.667 216 0
290 413 579
264 418 704
326 230 646
314.667 245 528
519 435 1789
409 584 1657
324 537 1057
275.667 588 1283
558 398 1599
725 574 2435
492 607 1789
398 753 2060
351 431 953
511.5 570 1599
420.667 754 2236
351 460 1481
349 595 1540
360.667 765 2119
696 568 2343
705 623 2435
352 259 953
617 897 3139
620 528 2153
358.333 431 1174
511.5 599 2127
590.667 636 2317
409 714 1893
407.667 725 1929
614 728 2368
425.667 678 1929
338.667 707 1636
337 847 1540
538 735 2317
485 760 2493
553.667 707 2236
638.667 884 3072
714.333 769 2871
608.667 543 2035
638.333 729 2681
619 748 2681
695 788 2871
521 807 2740
534 817 3047
400.667 717 1837
430 640 2211
885 798 3014
881.5 1447 4800
492.5 579 1553
731.667 1040 3718
720.667 883 3072
615.167 1036 3626
765.5 1470 4246
814.667 682 2681
697 816 3047
836.5 1571 4625
556.667 801 2732
787 704 2989
775.667 719 2871
799 898 3210
633.333 1018 3575
829 953 3693
417 630 1904
856 1416 4343
778.667 1020 3718
870 1545 4800
591.667 900 3436
819.333 905 3517
868.667 1421 4625
1058 1073 4072
441.667 810 2790
821 956 3693
941 1646 5179
490 759 2564
588.5 930 3072
477 749 2257
834.667 1148 4272
648.667 960 3626
947 1373 4600
428.667 800 2483
638 972 3693
990.667 1095 4272
894.667 1397 4343
822.667 1120 3964
1057.67 1077 3764
1001 877 3517
744.333 1529 4221
1080.67 1496 5179
1167 1920 5532
627.333 1291 4154
652 1168 4154
542.333 976 3436
1271.67 1837 5532
1009.67 1395 4800
628 777 2857
1306.67 1770 5532
764.667 1152 4096
635 1016 3626
885.667 877 3060
1222 1913 5532
763.667 951 3568
1052 1346 4651
633.5 1237 4154
767 1153 4272
799.333 931 3568
979.667 1121 4097
1054.67 1323 4800
1319.67 1740 5532
979 1355 4307
707.667 1128 3964
1239 1873 5532
588 1070 3626
966 1093 4046
698 1135 3979


326 230 646
314.667 245 528
326 206 0
352 259 953
264 418 704
208 294 353
208 252 0
349 595 1540
314.667 216 0
519 435 1789
351 431 953
558 398 1599
511.5 570 1599
409 714 1893
290 413 579
409 584 1657
351 460 1481
398 753 2060
620 528 2153
420.667 754 2236
324 537 1057
725 574 2435
556.667 801 2732
360.667 765 2119
275.667 588 1283
696 568 2343
787 704 2989
485 760 2493
492 607 1789
705 623 2435
358.333 431 1174
638.667 884 3072
819.333 905 3517
608.667 543 2035
425.667 678 1929
553.667 707 2236
407.667 725 1929
614 728 2368
644 1153 4272
662 777 2857
417 630 1904
511.5 599 2127
588.5 930 3072
400.667 717 1837
617 897 3139
763.667 951 3568
714.333 769 2871
338.667 707 1636
697 816 3047
638.333 729 2681
638 972 3693
786.667 960 3626
337 847 1540
430 640 2211
590.667 636 2317
542.333 976 3436
633.333 1018 3575
641 796 2857
428.667 800 2483
775.667 719 2871
885 798 3014
538 735 2317
477 749 2257
490 759 2564
778.667 1020 3718
441.667 810 2790
591.667 900 3436
1120.33 1073 3964
731.667 1040 3718
986 876 3236
814.667 682 2681
1019.33 1058 3896
1001 857 3368
829 953 3693
492.5 579 1553
748 1477 4800
981.667 877 3517
534 817 3047
1366.67 1469 5179
752.667 1115 4272
521 807 2740
990.667 1076 4272
1185.67 1451 5004
1205.33 1323 4800
1110.67 1229 4651
981.667 1335 4358
1128.17 1524 5179
1038.67 1323 4625
695 1121 3964
895.667 1389 4625
821 956 3693
1388.67 1751 5532
849.333 1101 3964
609 1090 3626
1009.67 1395 4800
603.667 1235 3693
1044.17 1610 4886
1091.67 1249 4651
1092.33 1349 4800
930 1396 4800
1100 1008 3896
1003 1384 4475


352 259 953
326 206 0
326 230 646
290 413 579
208 294 353
208 252 0
314.667 216 0
314.667 245 528
558 398 1599
409 584 1657
696 568 2343
358.333 431 1174
264 418 704
351 460 1481
407.667 725 1929
614 728 2368
420.667 754 2236
351 431 953
519 435 1789
360.667 765 2119
324 537 1057
620 528 2153
705 623 2435
652.333 729 2681
275.667 588 1283
731.667 1040 3718
409 714 1893
485 760 2493
400.667 717 1837
337 847 1540
662 777 2857
617 897 3139
608.667 543 2035
338.667 707 1636
638 972 3693
511.5 570 1599
349 595 1540
492 607 1789
511.5 599 2127
609 1090 3626
725 574 2435
638.667 884 3072
553.667 707 2236
599.667 903 3072
720.667 883 3072
398 753 2060
885 798 3014
477 749 2257
995.333 1249 4343
786.667 960 3626
729.667 900 3436
425.667 678 1929
588.5 930 3072
651.333 935 3318
490 759 2564
763.667 951 3568
641 796 2857
556.667 801 2732
852.667 1020 3718
1001 857 3368
534 817 3047
695 1121 3964
986 876 3236
627.333 1153 4272
542.333 976 3436
521 807 2740
430 640 2211
786.5 877 3060
1341 1816 5532
980.5 1520 5179
492.5 579 1553
814.667 682 2681
615.167 1036 3626
1071.17 1272 4651
706.667 919 3436
428.667 800 2483
1091.67 1249 4651
824.667 1022 3718
787 704 2989
775.667 719 2871
697 816 3047
1153 1052 4072
896.667 1076 4272
829 953 3693
417 630 1904
849.333 1101 3964
928 898 3210
709.333 1152 4272
628.333 926 3260
590.667 636 2317
819.333 905 3517
795.333 1102 4096
818.333 1111 4154
953.5 1053 3896
829.167 1269 4343
1016.33 1277 4800
695 788 2871
1062 931 3568
941.667 1522 5179
1515.67 1793 5532
1162.33 1425 5179
862 1297 4800
441.667 810 2790
996.167 1445 5179
752.667 1115 4272
807.5 1374 4800
1302.17 1818 5532
981.667 877 3517
538 735 2317


558 398 1599
314.667 245 528
314.667 216 0
358.333 431 1174
352 259 953
326 206 0
326 230 646
208 252 0
208 294 353
290 413 579
264 418 704
324 537 1057
511.5 570 1599
275.667 588 1283
351 431 953
351 460 1481
519 435 1789
787 704 2989
614 728 2368
492.5 579 1553
705 623 2435
696 568 2343
409 714 1893
400.667 717 1837
775.667 719 2871
338.667 707 1636
492 607 1789
697 816 3047
420.667 754 2236
409 584 1657
407.667 725 1929
430 640 2211
725 574 2435
349 595 1540
360.667 765 2119
511.5 599 2127
620 528 2153
485 760 2493
829 953 3693
337 847 1540
619 748 2681
590.667 636 2317
986 876 3236
819.333 905 3517
538 735 2317
638.333 729 2681
608.667 543 2035
714.333 769 2871
633.333 1018 3575
398 753 2060
622 1095 3789
695 788 2871
617 897 3139
812.167 1471 4343
611.333 960 3092
428.667 800 2483
644 1153 4272
651.333 935 3318
814.667 682 2681
981.667 877 3517
588.5 930 3072
1478.67 1863 5532
1001 857 3368
786.667 960 3626
799 898 3210
615.167 1036 3626
821 956 3693
729.667 900 3436
599.667 903 3072
638.667 884 3072
425.667 678 1929
553.667 707 2236
441.667 810 2790
609 1090 3626
1120.67 1058 3896
1307.67 1522 5179
417 630 1904
720.667 883 3072
885 798 3014
852.667 1020 3718
731.667 1040 3718
1553.67 1841 5532
638 972 3693
477 749 2257
752.667 1115 4272
534 817 3047
706.667 919 3436
490 759 2564
983 1694 5179
556.667 801 2732
883.333 1446 4800
898.167 1319 4800
1016.33 1296 4800
521 807 2740
1653.67 1837 5532
824.667 1022 3718
895.667 1389 4625
1266.67 1545 5179
1272.67 1253 4600
628 777 2857
1282.33 1866 5532
628.333 926 3260
1056.33 1592 5179
839 1073 4072
896.667 1076 4272
1153 1052 4072
763.667 951 3568
873.667 1095 4272
818.333 1111 4154
542.333 976 3436


290 413 579
264 418 704
208 294 353
326 230 646
208 252 0
352 259 953
351 460 1481
314.667 245 528
324 537 1057
314.667 216 0
275.667 588 1283
326 206 0
400.667 717 1837
358.333 431 1174
519 435 1789
349 595 1540
351 431 953
619 748 2681
409 714 1893
337 847 1540
360.667 765 2119
409 584 1657
492 607 1789
558 398 1599
725 574 2435
614 728 2368
511.5 570 1599
407.667 725 1929
553.667 707 2236
511.5 599 2127
590.667 636 2317
705 623 2435
420.667 754 2236
814.667 682 2681
885 798 3014
485 760 2493
617 897 3139
852.667 1020 3718
787 704 2989
608.667 543 2035
398 753 2060
620 528 2153
538 735 2317
338.667 707 1636
720.667 883 3072
729.667 900 3436
696 568 2343
638.667 884 3072
648.667 960 3626
628 777 2857
490 759 2564
441.667 810 2790
534 817 3047
430 640 2211
417 630 1904
695 788 2871
799 898 3210
477 749 2257
819.333 905 3517
775.667 719 2871
635.667 950 3319
492.5 579 1553
521 807 2740
428.667 800 2483
829 953 3693
503 1069 3047
873.667 1095 4272
697 816 3047
698 1135 3979
635 1016 3626
799.333 931 3568
1614 1977 5532
599.667 903 3072
678.167 1155 3979
1125 1296 4800
615.167 1036 3626
425.667 678 1929
779.5 951 3568
815.833 1375 4625
695 1121 3964
588 1070 3626
966 1093 4046
731.667 1040 3718
1138.5 1596 5153
749.5 1370 4317
798.667 1306 4507
981.667 877 3517
638 972 3693
821 956 3693
824.667 1022 3718
1173 1057 4072
752.667 1115 4272
1186 1538 5153
542.333 976 3436
611.333 960 3092
653.667 1188 4154
638.333 729 2681
862 1316 4800
651.333 935 3318
706.667 919 3436
714.333 769 2871
742.667 1023 3718
603.667 1235 3693
633.333 1018 3575
884.167 1313 4625
628.333 926 3260
605.333 1095 3789
1170.67 1851 5179
1215.5 1617 5179
556.667 801 2732
857.333 1074 3964
979.333 1254 4651
1001 857 3368
792.667 1395 4625
709.333 1171 4272


326 230 646
208 252 0
264 418 704
314.667 245 528
314.667 216 0
208 294 353
352 259 953
407.667 725 1929
324 537 1057
290 413 579
358.333 431 1174
275.667 588 1283
638.333 729 2681
349 595 1540
326 206 0
351 431 953
477 749 2257
360.667 765 2119
400.667 717 1837
417 630 1904
558 398 1599
705 623 2435
614 728 2368
428.667 800 2483
696 568 2343
617 897 3139
351 460 1481
519 435 1789
485 760 2493
511.5 570 1599
420.667 754 2236
638 972 3693
409 584 1657
490 759 2564
620 528 2153
430 640 2211
588.5 930 3072
706.667 919 3436
534 817 3047
553.667 707 2236
492 607 1789
409 714 1893
638.667 884 3072
521 807 2740
599.667 903 3072
714.333 769 2871
441.667 810 2790
511.5 599 2127
590.667 636 2317
725 574 2435
492.5 579 1553
608.667 543 2035
1019.33 1058 3896
775.667 738 2871
1001 857 3368
829 816 3047
1500.67 1825 5532
337 847 1540
729.667 900 3436
556.667 801 2732
786.667 960 3626
695 788 2871
1173 1057 4072
986 876 3236
821 956 3693
619 748 2681
1110.67 1229 4651
633.333 1018 3575
885 798 3014
628 777 2857
338.667 707 1636
763.667 951 3568
651.333 935 3318
720.667 883 3072
1001 877 3517
782 1152 4096
799 898 3210
787 704 2989
849.333 1101 3964
628.333 926 3260
609 1090 3626
857.333 1074 3964
1253.67 1968 5532
542.333 976 3436
819.333 924 3517
814.667 682 2681
829.167 1269 4343
611.333 960 3092
786.5 877 3060
723.167 1473 4317
1320.67 1450 5179
425.667 678 1929
818.333 1130 4154
1066.67 1311 4533
695 1121 3964
1153 1071 4072
796 1395 4625
538 735 2317
691 1128 3964
953.5 1072 3896
731.667 1040 3718
852.667 1020 3718
615.167 1036 3626
605.333 1095 3789
996.167 1464 5179
1027 953 3693
790.667 1343 4317
873.667 1095 4272
1100 1008 3896
862 1316 4800
795.333 1121 4096
981 907 3517
560.667 1177 3964
1043.67 1302 4475
1194 1224 4425
627.333 1153 4272


290 413 579
326 230 646
208 294 353
208 252 0
314.667 216 0
264 418 704
326 206 0
314.667 245 528
519 435 1789
558 398 1599
696 568 2343
351 431 953
351 460 1481
324 537 1057
409 584 1657
590.667 636 2317
821 956 3693
620 528 2153
349 595 1540
409 714 1893
360.667 765 2119
695 788 2871
275.667 588 1283
628 777 2857
492 607 1789
352 259 953
725 574 2435
614 728 2368
358.333 431 1174
787 704 2989
420.667 754 2236
830.333 1401 4800
400.667 717 1837
705 623 2435
425.667 678 1929
407.667 725 1929
814.667 682 2681
511.5 570 1599
608.667 543 2035
417 630 1904
778.667 1020 3718
338.667 707 1636
1027 953 3693
992 1102 4096
490 759 2564
430 640 2211
441.667 810 2790
885 798 3014
799 898 3210
428.667 800 2483
1116.33 1305 4600
720.667 883 3072
638.333 729 2681
1173 1057 4072
591.667 900 3436
714.333 769 2871
538 735 2317
758.333 1477 4800
511.5 599 2127
633.333 1018 3575
638.667 884 3072
553.667 707 2236
966 1093 4046
477 749 2257
981.667 877 3517
485 760 2493
617 897 3139
337 847 1540
534 817 3047
1062 931 3568
1264 1277 4600
521 807 2740
775.667 719 2871
1083.67 1319 4800
697 816 3047
786.667 960 3626
819.333 905 3517
619 748 2681
556.667 801 2732
723.667 977 3568
712 1012 3450
911.333 1152 4096
959 1129 3815
588 1070 3626
986 876 3236
492.5 579 1553
868.333 1377 4343
992.667 1099 4272
867.333 1152 3870
899.667 1151 3847
763.667 951 3568
936 1347 4800
542.333 976 3436
873.167 1393 4800
1001 857 3368
588.5 930 3072
605.333 1095 3789
1105.67 1098 4272
742.667 1023 3718
808.333 1343 4317
1238 1568 5153
931 1151 4046
1004.33 1077 3764
1480 1474 5179
1253 1540 5153
1477 1538 5153
792.667 1395 4625
1536 1743 5532
627.333 1153 4272
1249 1296 4425
1259.33 1517 4953
910.333 1352 4600
1020.33 1547 4953
905 877 3060
1072 1053 3896
1475 1894 5532
1359 1570 5179
1004 1315 4317
1068.83 1620 5153


314.667 245 528
208 252 0
326 230 646
326 206 0
314.667 216 0
352 259 953
290 413 579
208 294 353
492.5 579 1553
409 584 1657
324 537 1057
351 460 1481
492 607 1789
725 574 2435
351 431 953
264 418 704
519 435 1789
558 398 1599
409 714 1893
714.333 769 2871
349 595 1540
511.5 570 1599
705 623 2435
398 753 2060
441.667 810 2790
400.667 717 1837
614 728 2368
358.333 431 1174
407.667 725 1929
620 528 2153
275.667 588 1283
885 798 3014
420.667 754 2236
360.667 765 2119
417 630 1904
638.333 729 2681
787 704 2989
430 640 2211
428.667 800 2483
821 956 3693
696 568 2343
485 760 2493
538 735 2317
608.667 543 2035
753 1029 3693
425.667 678 1929
628 777 2857
619 748 2681
490 759 2564
590.667 636 2317
337 847 1540
588.5 930 3072
617 897 3139
477 749 2257
573.333 801 2732
1485 1280 4475
816 1148 4046
780.333 951 3568
591.667 900 3436
338.667 707 1636
511.5 599 2127
534 817 3047
1028.5 1704 5179
775.667 719 2871
786.667 960 3626
697 816 3047
633.333 1018 3575
746.667 986 3626
905 877 3060
838.667 905 3517
832 1152 4096
861 1596 5153
1072 1053 3896
1184 1304 4800
867.667 1349 4574
1057.5 1300 4651
748 1101 3964
778.667 1020 3718
1082 1495 5179
1020.33 1547 4953
1017 1249 4425
542.333 1114 3318
1042 1575 5179
799 898 3210
707.667 1128 3964
1001 857 3368
673.667 1296 4317
814.667 682 2681
1360.5 1843 5532
610.667 1177 3964
695.667 1354 4800
559 976 3436
553.667 707 2236
896.667 1076 4272
910.333 1352 4600
844 1325 4343
635 1016 3626
1193 1867 5532
720.667 883 3072
644 1153 4272
1367.5 1822 5532
638.667 884 3072
521 807 2740
1388.67 1738 5532
929.333 1316 4800
829 953 3693
1001 877 3517
877.667 1115 4272
1162.67 1464 5179
1625 1708 5532
1173 1057 4072
622 1095 3789
799.333 931 3568


326 206 0
290 413 579
208 252 0
264 418 704
314.667 216 0
314.667 245 528
208 294 353
352 259 953
326 230 646
275.667 588 1283
351 431 953
358.333 431 1174
324 537 1057
351 460 1481
417 630 1904
558 398 1599
349 595 1540
409 584 1657
511.5 570 1599
620 528 2153
725 574 2435
420.667 754 2236
705 623 2435
492 607 1789
360.667 765 2119
490 759 2564
696 568 2343
409 714 1893
425.667 678 1929
885 798 3014
407.667 725 1929
608.667 543 2035
477 749 2257
400.667 717 1837
590.667 636 2317
485 760 2493
511.5 599 2127
430 640 2211
591.667 900 3436
338.667 707 1636
617 897 3139
519 435 1789
814.667 682 2681
787 704 2989
441.667 810 2790
534 817 3047
588.5 930 3072
619 748 2681
428.667 800 2483
981.667 877 3517
615.167 1036 3626
775.667 719 2871
628 777 2857
953.5 1053 3896
695 788 2871
614 728 2368
819.333 905 3517
556.5 735 2317
553.667 707 2236
818.333 1111 4154
829 953 3693
652.333 729 2681
521 807 2740
697 816 3047
1153 1052 4072
638 972 3693
1119.33 1302 4800
492.5 579 1553
709.333 1152 4272
986 876 3236
821 956 3693
559 976 3436
799 898 3210
1097.67 1324 4800
1017 1249 4425
896.667 1076 4272
786.5 877 3060
839 1073 4072
1298.67 1425 5179
720.667 883 3072
700.667 1148 3964
1434.67 1716 5532
638.667 884 3072
1173 1620 5179
1001 857 3368
337 847 1540
1057.5 1300 4651
1246 1469 4953
867.667 1343 4800
852.667 1020 3718
644 1153 4272
742.667 1023 3718
1151.67 1523 5004
1159.67 1511 5153
1112 1247 4425
1286.5 1520 5179
1201.5 1492 5004
772.333 1271 4625
1380.67 1743 5532
795.333 1102 4096
1152.5 1298 4651
398 753 2060
763.667 951 3568
731.667 1040 3718
1231.67 1788 5532
1013.33 1528 5004
556.667 801 2732
605.333 1095 3789
786.667 960 3626


314.667 245 528
314.667 216 0
208 294 353
326 206 0
264 418 704
352 259 953
208 252 0
326 230 646
290 413 579
351 460 1481
358.333 431 1174
400.667 717 1837
620 528 2153
558 398 1599
351 431 953
511.5 570 1599
725 574 2435
360.667 765 2119
420.667 754 2236
614 728 2368
275.667 588 1283
696 568 2343
349 595 1540
407.667 725 1929
485 760 2493
519 435 1789
338.667 707 1636
492 607 1789
409 584 1657
705 623 2435
430 640 2211
409 714 1893
885 798 3014
787 704 2989
324 537 1057
829 816 3047
608.667 543 2035
589 807 2740
511.5 599 2127
986 876 3236
556.667 801 2732
638.333 729 2681
477 749 2257
714.333 769 2871
425.667 678 1929
490 759 2564
538 735 2317
786.667 960 3626
619 748 2681
398 753 2060
633.333 1018 3575
784.167 1210 4154
337 847 1540
797.667 1320 4246
492.5 579 1553
857 972 3693
590.667 636 2317
441.667 810 2790
778.667 1020 3718
928 898 3210
763.667 951 3568
834 682 2681
1001 877 3517
628 777 2857
417 630 1904
645.333 1250 3964
740.667 1362 4317
834.667 1148 4272
617 897 3139
1001 857 3368
661.667 1140 3964
1208 1271 4625
591.667 900 3436
720.667 883 3072
813.333 1225 4272
1180 1296 4317
832.333 1525 4800
838.667 905 3517
1027 953 3693
990.667 1076 4272
588.5 930 3072
428.667 800 2483
638.667 884 3072
553.667 707 2236
609 1090 3626
615.167 1036 3626
1054.67 1304 4800
775.667 738 2871
534 817 3047
524.333 981 3011
718.667 1331 3979
542.333 976 3436
695 788 2871
822.667 1120 3964
896.667 1415 4800
677.333 1098 3667
1219.67 1296 4800
1498 1837 5532
1453.67 1504 5179
877.667 1115 4272
1015.33 1351 4800
1200.67 1297 4800
819.333 924 3517
695 1121 3964
930.667 1406 4533
818.333 1396 4343
1362 1474 5004
753.5 1303 4154
1245.5 1571 5153
868.667 1421 4625
523.333 1002 2836
1351.67 1554 5179
1227 1590 5153
903.333 1626 5179
1040 1315 4317
954.667 1373 4800


290 413 579
326 230 646
352 259 953
326 206 0
314.667 245 528
314.667 216 0
208 294 353
519 435 1789
208 252 0
264 418 704
324 537 1057
409 714 1893
358.333 431 1174
351 431 953
275.667 588 1283
538 735 2317
360.667 765 2119
511.5 599 2127
351 460 1481
787 704 2989
705 623 2435
492 607 1789
338.667 707 1636
428.667 800 2483
400.667 717 1837
477 749 2257
417 630 1904
620 528 2153
490 759 2564
511.5 570 1599
775.667 719 2871
608.667 543 2035
398 753 2060
337 847 1540
407.667 725 1929
420.667 754 2236
696 568 2343
614 728 2368
697 816 3047
981.667 877 3517
622 1095 3789
814.667 682 2681
725 574 2435
485 760 2493
349 595 1540
441.667 810 2790
558 398 1599
695 788 2871
409 584 1657
599.667 903 3072
617 897 3139
799 898 3210
638 972 3693
819.333 905 3517
662 777 2857
731.667 1040 3718
829 953 3693
553.667 707 2236
772.333 1271 4625
588.5 930 3072
795.333 1102 4096
709.333 1152 4272
590.667 636 2317
430 640 2211
651.333 935 3318
615.167 1036 3626
556.667 801 2732
729.667 900 3436
425.667 678 1929
542.333 976 3436
638.333 729 2681
714.333 769 2871
609 1090 3626
638.667 884 3072
611.333 960 3092
492.5 579 1553
986 876 3236
1001 857 3368
748 1101 3964
1153 1052 4072
821 956 3693
633.333 1018 3575
896.667 1076 4272
628.333 926 3260
885 798 3014
644 1153 4272
818.333 1111 4154
1500.33 1811 5532
720.667 883 3072
852.667 1020 3718
1297 1244 4425
1024.67 1247 4343
786.667 960 3626
700.667 1148 3964
619 748 2681
883.333 1427 4800
1272.67 1253 4600
763.667 951 3568
641 796 2857
534 817 3047
1016.33 1277 4800
786.5 877 3060
953.5 1053 3896
996.167 1445 5179
706.667 919 3436
521 807 2740
991 1349 4800
873.667 1095 4272
1080.67 1027 3896


326 230 646
314.667 216 0
208 252 0
519 435 1789
326 206 0
290 413 579
352 259 953
314.667 245 528
264 418 704
358.333 431 1174
351 431 953
492 607 1789
349 595 1540
558 398 1599
511.5 570 1599
651.333 792 2739
407.667 725 1929
275.667 588 1283
208 294 353
725 574 2435
360.667 765 2119
441.667 810 2790
351 460 1481
430 640 2211
705 623 2435
324 537 1057
617 897 3139
409 584 1657
538 735 2317
409 714 1893
620 528 2153
485 760 2493
398 753 2060
338.667 707 1636
787 704 2989
490 759 2564
420.667 754 2236
662 777 2857
696 568 2343
534 817 3047
492.5 579 1553
829 953 3693
588 1070 3626
400.667 717 1837
697 816 3047
986 876 3236
953.5 1053 3896
648.667 960 3626
720.667 883 3072
786.5 877 3060
511.5 599 2127
819.333 905 3517
638.667 884 3072
695 788 2871
852.667 1020 3718
775.667 719 2871
608.667 543 2035
885 798 3014
553.667 707 2236
1001 857 3368
590.667 636 2317
428.667 800 2483
1153 1052 4072
614 728 2368
477 749 2257
599.667 903 3072
731.667 1040 3718
779.5 951 3568
588.5 930 3072
337 847 1540
807.5 1374 4800
635 1016 3626
814.667 701 2681
709.333 1152 4272
896.667 1076 4272
1297 1244 4425
417 630 1904
1306.67 1248 4651
752.667 1115 4272
706.667 919 3436
729.667 900 3436
615.167 1036 3626
641 796 2857
638 972 3693
1308.17 1760 5532
799.333 931 3568
873.667 1095 4272
1259.17 1444 5179
824.667 1022 3718
1160.5 1849 5532
941.667 1522 5179
1071.17 1272 4651
425.667 678 1929
678.167 1155 3979
829.167 1269 4343
695 1121 3964
651.333 935 3318
818.333 1111 4154
996.167 1445 5179
638.333 729 2681
1091 1252 4651
1611.67 1738 5532
1348.67 1739 5532
698 1135 3979
1294.17 1816 5532
1091.67 1249 4651
987.667 1296 4800
693.333 1143 3718
542.333 976 3436
961.5 1502 5179
677 1317 3979
862 1297 4800
714.333 769 2871
633.333 1018 3575
748 1101 3964
611.333 960 3092


349 595 1540
208 252 0
326 230 646
264 418 704
326 206 0
208 294 353
352 259 953
290 413 579
314.667 245 528
314.667 216 0
351 431 953
358.333 431 1174
324 537 1057
275.667 588 1283
620 528 2153
614 728 2368
705 623 2435
351 460 1481
441.667 810 2790
360.667 765 2119
628 777 2857
430 640 2211
492 607 1789
490 759 2564
714.333 769 2871
534 817 3047
409 714 1893
519 435 1789
485 760 2493
558 398 1599
638.667 884 3072
696 568 2343
720 1005 3693
420.667 754 2236
619 748 2681
409 584 1657
725 574 2435
400.667 717 1837
629 1110 3626
538 735 2317
553.667 707 2236
407.667 725 1929
633.333 1018 3575
511.5 570 1599
775.667 719 2871
511.5 599 2127
638.333 729 2681
787 704 2989
821 956 3693
1027 953 3693
697 816 3047
868.667 1101 3964
756.5 1124 3718
477 749 2257
417 630 1904
608.667 543 2035
337 847 1540
838.667 905 3517
524.333 981 3011
754 876 3236
428.667 800 2483
398 753 2060
885 798 3014
1001 877 3517
590.667 636 2317
542.333 976 3436
503 1069 3047
669.333 1147 3964
1062 931 3568
591.667 900 3436
983.667 1101 4096
720.667 883 3072
338.667 707 1636
560.667 1177 3964
588.5 930 3072
425.667 678 1929
617 897 3139
862.667 1121 4096
648.667 960 3626
609.333 1158 3847
1448 1843 5532
1153 1052 4072
556.667 801 2732
1367.67 1528 5179
1147.33 1574 5179
1267.67 1277 4800
877.333 1323 4800
974 1321 4343
990.667 1076 4272
778.667 1020 3718
782 1152 4096
763.667 951 3568
1001 857 3368
1095.33 1468 5153
814.667 682 2681
921 1106 4072
1072 1053 3896
1019.33 1058 3896
645.667 1354 4800
521 807 2740
1217 1280 4600
492.5 579 1553
985 1096 3764
822.667 1120 3964
1018.67 1307 4800
1215 1011 3896
737.333 1142 3718
627.333 1153 4272
853.667 1128 4272
695 788 2871
1297 1244 4425
1652.67 1688 5532
1413.67 1425 5179
1014.67 1249 4343


352 259 953
208 294 353
326 230 646
314.667 216 0
326 206 0
264 418 704
314.667 245 528
208 252 0
290 413 579
351 460 1481
351 431 953
492 607 1789
553.667 707 2236
275.667 588 1283
417 630 1904
638.667 884 3072
558 398 1599
349 595 1540
430 640 2211
398 753 2060
519 435 1789
407.667 725 1929
409 584 1657
420.667 754 2236
324 537 1057
725 574 2435
400.667 717 1837
409 714 1893
360.667 765 2119
511.5 599 2127
511.5 570 1599
358.333 431 1174
948.667 1020 3718
990.667 1076 4272
441.667 810 2790
885 798 3014
1001 857 3368
787 704 2989
696 568 2343
591.667 900 3436
620 528 2153
425.667 678 1929
628 777 2857
556.667 801 2732
485 760 2493
705 623 2435
428.667 800 2483
627.333 1153 4272
492.5 579 1553
538 735 2317
588 1070 3626
652.333 729 2681
608.667 543 2035
614 728 2368
619 748 2681
786.5 877 3060
338.667 707 1636
695 788 2871
337 847 1540
542.333 976 3436
763.667 951 3568
617 897 3139
981.667 1565 5153
884.667 950 3568
771.5 1428 4800
588.5 930 3072
534 817 3047
979.333 1254 4651
521 807 2740
786.667 960 3626
986 876 3236
1062 931 3568
742.667 1023 3718
775.667 719 2871
590.667 636 2317
1393.67 1442 5179
697 816 3047
982 883 3072
605.333 1095 3789
818.333 1111 4154
1523.67 1741 5532
746.667 986 3626
829 953 3693
953.5 1072 3896
723.667 977 3568
819.333 905 3517
701.167 986 3450
1351.67 1481 4886
809.333 1403 4651
1537.67 1634 5532
1226.67 1491 5153
709.333 1152 4272
1120.67 1746 5532
615.167 1036 3626
1016.33 1277 4800
1153 1052 4072
490 759 2564
849.333 1101 3964
821 975 3693
867.667 1343 4800
477 749 2257
795.333 1102 4096
695 1121 3964
772.333 1271 4625


208 252 0
314.667 216 0
352 259 953
326 230 646
351 431 953
208 294 353
326 206 0
290 413 579
558 398 1599
337 847 1540
314.667 245 528
324 537 1057
511.5 570 1599
275.667 588 1283
492 607 1789
358.333 431 1174
351 460 1481
360.667 765 2119
349 595 1540
614 728 2368
264 418 704
538 735 2317
725 574 2435
885 798 3014
519 435 1789
696 568 2343
409 584 1657
620 528 2153
420.667 754 2236
588 1070 3626
705 623 2435
697 816 3047
409 714 1893
829 953 3693
619 748 2681
511.5 599 2127
485 760 2493
398 753 2060
407.667 725 1929
638.333 729 2681
714.333 769 2871
787 704 2989
662 777 2857
400.667 717 1837
695 788 2871
590.667 636 2317
729.667 900 3436
651.333 792 2739
611.333 960 3092
556.667 801 2732
720.667 883 3072
608.667 543 2035
553.667 707 2236
635.667 950 3319
477 749 2257
428.667 800 2483
852.667 1020 3718
786.5 877 3060
953.5 1053 3896
986 876 3236
492.5 579 1553
425.667 678 1929
338.667 707 1636
641 796 2857
819.333 905 3517
775.667 719 2871
490 759 2564
560.667 1177 3964
430 640 2211
706.667 919 3436
814.667 682 2681
417 630 1904
638.667 884 3072
799 898 3210
615.167 1036 3626
617 897 3139
638 972 3693
441.667 810 2790
521 807 2740
779.5 951 3568
542.333 976 3436
1001 857 3368
588.5 930 3072
633.333 1018 3575
534 817 3047
821 956 3693
853.5 1427 4800
1306.67 1248 4651
896.667 1076 4272
709.333 1152 4272
678.167 1155 3979
599.667 903 3072
731.667 1040 3718
703.833 1346 4200
748 1101 3964
1322 1304 4800
1426.33 1449 5179
1017.5 1594 5179
752.667 1115 4272
798.667 1306 4507
1153 1052 4072
1272.67 1253 4600
1023.5 1302 4600
1024.67 1247 4343
867.667 1343 4800
1095 1275 4475
651.333 935 3318
605.333 1095 3789
700.667 1148 3964
1175.33 1340 4625
627.333 1291 4154
653.667 1188 4154
1338.67 1450 5179
628.333 926 3260
818.333 1111 4154
795.333 1102 4096
1577.33 1716 5532
1410.67 1737 5532
1416.67 1445 4953
1297 1244 4425
974.333 1627 5179
1235.5 1839 5532
1109.67 1477 5179
796 1395 4625
1269 1271 4425
1062.33 1300 4600
1056.33 1592 5179
1341.33 1811 5532


326 206 0
352 259 953
290 413 579
275.667 588 1283
614 728 2368
314.667 216 0
264 418 704
314.667 245 528
326 230 646
208 252 0
558 398 1599
519 435 1789
208 294 353
425.667 678 1929
409 584 1657
324 537 1057
409 714 1893
351 460 1481
620 528 2153
349 595 1540
351 431 953
420.667 754 2236
358.333 431 1174
824.667 1022 3718
725 574 2435
511.5 570 1599
398 753 2060
360.667 765 2119
696 568 2343
720.667 883 3072
885 798 3014
553.667 707 2236
407.667 725 1929
337 847 1540
705 623 2435
721 966 3450
511.5 599 2127
590.667 636 2317
852.667 1020 3718
695 788 2871
492 607 1789
538 735 2317
608.667 543 2035
635 1016 3626
492.5 579 1553
599.667 903 3072
638.333 729 2681
981.667 877 3517
799.333 931 3568
428.667 800 2483
338.667 707 1636
662 777 2857
986 876 3236
638.667 884 3072
775.667 719 2871
787 704 2989
829 953 3693
714.333 769 2871
485 760 2493
697 816 3047
617 897 3139
819.333 905 3517
651.333 935 3318
588.5 930 3072
638 972 3693
611.333 960 3092
698 1135 3979
731.667 1040 3718
523.333 1002 2836
534 817 3047
417 630 1904
896.667 1076 4272
641 796 2857
729.667 900 3436
430 640 2211
786.5 877 3060
818.333 1111 4154
1153 1052 4072
623.667 1296 4317
560.667 1177 3964
521 807 2740
966.333 1402 4800
699 1128 3964
542.333 976 3436
441.667 810 2790
709.333 1152 4272
786.667 960 3626
747.667 1452 4800
944.167 1778 5153
400.667 717 1837
628.333 926 3260
1019.33 1058 3896
619 748 2681
696.5 1356 4507
615.167 1036 3626
795.333 1102 4096
1023 1227 4343
1382 1770 5532
1083.33 1580 5179
772.333 1271 4625
1001 857 3368
1100 1008 3896
748 1101 3964
1108 1457 5179
588 1070 3626
814.667 682 2681
799 898 3210
1018.67 1307 4800
633.333 1018 3575
1452.67 1422 5179
763.667 951 3568
742.667 1023 3718
821 956 3693
627.333 1153 4272
745.167 1531 4800
769.833 1408 4800
1091 1252 4651
556.667 801 2732
477 749 2257
490 759 2564
605.333 1095 3789


