990.667 1035 3693
979.667 1633 4399
728 1171 3870
557 769 2871
787 723 2989
464.667 1264 3318
1060.33 1542 4625
637.667 690 2343
350.333 900 2368
965.333 1630 4358
606.333 1015 3224
818.667 1150 3667
699 949 3139
829 816 3047
411.167 874 2963
775.667 738 2871
714 1219 3667
966 1077 3693
1108.67 1649 5179
391 841 2739
799.333 931 3568
902 707 2989
953 1082 3626
1186 1252 4221
670.333 1063 3575
367.333 932 2493
575 1108 3400
875.5 1165 3693
975.667 1268 4020
679.667 1054 3385
1012.17 1585 4343
1062.67 1532 4425
512.333 1604 3921
683 970 3342
619.333 1397 3964
402 962 3021
1010 1303 4272
255.333 543 2035
209.333 724 1532
1331 1434 4800
1069.33 1157 3947
481 748 2681
676.667 682 2681
930 900 3139
237.333 617 1599
500.167 1454 3450
496.667 1022 3260
256 735 2317
1081.33 1110 4154
628.667 930 3072
514.333 729 2681
1066 1504 4800
590.667 636 2317
246.667 533 1728
553.667 707 2236
872 1344 4272
1175 1401 4449
678.167 1109 3626
494 792 2739
725 574 2435
886.667 1098 3667
209.333 753 2060
216.667 724 1753
534 817 3047
470.667 514 1507
620 528 2153
705 623 2435
226.333 785 2185
707.667 987 3575
373.167 804 2681
614 728 2368
237.333 646 2127
262.333 599 2127
173 538 1107
558 398 1599
386.833 924 2831
378.333 793 2435
932 1323 4097
190 570 1232
430 640 2211
201 402 646
193.667 431 953
696 568 2343
699.333 1498 4072
193.667 460 1481
326 206 0
173 509 579
519 435 1789
157.333 245 528
157.333 216 0
1335.67 1570 5153
201 431 1174
352 259 953
326 230 646
264 418 704


889 954 3400
1545 1676 5004
750.333 1461 4599
430 1130 2785
391 860 2739
657.667 1002 3260
557 769 2871
859.667 1271 4221
873.667 1044 3575
950.833 1496 4800
441.667 810 2790
760.667 950 3319
631.667 1244 3517
315.667 759 2564
720.667 883 3072
1025.5 1408 4600
424.833 804 2681
1081.33 1080 3600
1596 1751 5153
835 1251 3964
973.667 927 3517
581.667 1094 3410
226.333 785 2185
637.667 719 2871
902 707 2989
779.333 1333 3928
853.333 1045 3410
256 735 2317
849.333 1081 3626
946.167 1730 4978
729.333 1115 3542
447.333 1065 3318
496.167 1278 3450
832 1045 3367
1397.67 1537 4886
534 817 3047
488 1011 3021
1193.67 1579 4886
514.333 729 2681
1159.67 1775 5179
448.667 1367 3436
697 816 3047
549.333 1029 3260
1661 1604 5004
799.667 1270 3870
430 640 2211
617 1073 3385
553.667 707 2236
472.5 990 3014
879.667 1180 4154
781.333 1113 3517
859 997 3385
1316 1331 4425
821 945 3139
722 1344 3763
696 568 2343
643.667 1376 3753
620 528 2153
739 1150 3667
619 1320 3613
1655 1651 4953
715.333 1167 3575
901 977 3568
209.333 724 1532
1001 857 3368
237.333 646 2127
246.667 533 1728
671.167 1468 4533
255.333 514 1507
856 1117 4046
299 700 2153
914.333 934 3318
237.333 617 1599
590.667 636 2317
255.333 543 2035
1104.67 1098 3667
705 623 2435
556.667 801 2732
913.667 1126 4221
725 574 2435
331.5 843 2706
173 509 579
193.667 431 953
843 1065 3410
216.667 724 1753
209.333 753 2060
201 431 1174
527.167 1201 3385
278.333 599 2127
614 728 2368
916.667 950 3385
930 900 3139
833 1092 3400
558 398 1599
173 538 1107
787 723 2989
201 402 646
519 435 1789
157.333 216 0
326 206 0
326 230 646
352 259 953
190 570 1232
157.333 245 528
264 418 704
193.667 460 1481


430 640 2211
441.667 810 2790
564.333 759 2564
637.667 690 2343
775.333 1182 3626
591.667 1222 3667
468.833 927 3517
656.667 1212 3718
386.833 924 2831
1228.17 1497 4828
429.333 1226 3293
468 782 2432
671.667 1276 3847
557 788 2871
885 798 3014
779 1200 4272
331.5 843 2706
255.333 543 2035
787 704 2989
440.667 1030 3318
1035 1586 4600
349 836 2614
1154.5 1353 4600
1089 1608 4800
237.333 617 1599
402 962 3021
534 817 3047
672.667 1369 3895
638.667 884 3072
255.333 514 1507
798 1398 4343
1237.5 1599 5179
1177 1572 4953
824.667 1022 3718
590.667 636 2317
627.667 904 3072
485 760 2493
209.333 724 1532
391 860 2739
1085.17 1512 4507
829 816 3047
1084.67 1193 4071
553.667 707 2236
246.667 533 1728
814.667 701 2681
715.333 1167 3575
829 972 3693
557 740 2343
614 728 2368
226.333 785 2185
262.333 599 2127
521 807 2740
1092.67 1425 4625
696 568 2343
1146.33 1605 4953
689.667 786 2696
201 431 1174
674.667 1122 3542
620 528 2153
216.667 724 1753
943.667 925 3342
743.667 1426 3964
209.333 753 2060
190 570 1232
1078 1020 3718
378.333 793 2435
256 735 2317
1077.67 1701 4800
424.833 804 2681
193.667 460 1481
237.333 646 2127
558 398 1599
193.667 431 953
173 538 1107
725 574 2435
201 402 646
173 509 579
823 899 3139
264 418 704
705 623 2435
1076.67 910 3517
157.333 216 0
326 206 0
519 435 1789
157.333 245 528
352 259 953
326 230 646


283 719 2153
891.667 992 3542
385.667 924 2831
553 962 3021
1015 1146 3718
748.667 1836 4625
638.667 1353 3647
819.333 905 3517
885 798 3014
637.667 719 2871
572.667 1062 3450
1268 1402 4272
588.5 930 3072
976 1416 4343
1464 1344 4272
795 1286 3763
855.333 1023 3568
490 759 2564
804 1713 4200
409.667 991 3318
814.667 682 2681
514.333 729 2681
829 835 3047
882 756 2989
1342.67 1573 4953
391 860 2739
430 640 2211
634.333 822 2963
787.333 1211 3693
1307.67 1373 4800
702 1220 3667
662 893 3047
1140.33 1835 4800
521 807 2740
362 836 2696
691.667 1045 3575
944.333 1349 4246
369.333 807 2389
1086 1412 4307
308.333 759 2343
325.167 892 2706
822.833 1319 3964
590.667 636 2317
226.333 785 2185
579.667 810 2790
691 899 3139
485 760 2493
1364.17 1712 4978
764 818 3014
395.167 874 2963
389.167 804 2681
330.667 839 2414
720.667 883 3072
725 574 2435
1245.67 1347 4246
324.667 845 2435
237.333 617 1599
911 1024 3693
1264.67 1348 4249
209.333 724 1532
1129.67 1423 4651
844.667 775 2963
1030.67 1739 4625
1027 953 3693
985 897 3139
378.333 793 2435
681.333 924 3517
999.667 1570 4574
216.667 724 1753
255.333 543 2035
620 528 2153
744 1212 3718
1206 1162 3779
237.333 646 2127
201 431 1174
470.667 514 1507
706.667 919 3436
705 623 2435
823 1383 4154
553.667 707 2236
246.667 533 1728
1246.67 1855 4886
193.667 431 953
262.333 599 2127
209.333 753 2060
909.333 1280 4221
929 1170 3718
1031 1181 4221
558 398 1599
173 538 1107
173 509 579
190 570 1232
1556.67 1677 5179
614 728 2368
696 568 2343
256 735 2317
193.667 460 1481
519 435 1789
264 418 704
326 206 0
326 230 646
157.333 216 0
157.333 245 528
201 402 646
352 259 953


1001 857 3368
209.333 724 1532
709.5 945 3260
834 1764 4625
947.5 957 3517
755 1402 4226
634.333 822 2963
1166 1442 4425
308.333 788 2871
834.667 1069 3718
787 723 2989
1293.67 1652 4953
1142.67 1753 4696
746.5 1170 3718
764 818 3014
470.667 1101 3667
700.333 1055 3600
1319 1767 5153
627.667 904 3072
885 798 3014
566 1012 3143
1114.33 1485 4533
1336.67 1274 4475
416.5 874 2963
798 1398 4343
283 719 2153
1261.33 1578 4800
697 835 3047
705.667 965 3224
1035 974 3693
782.667 1241 3789
1304 1744 5004
877.667 1115 4272
488 1011 3021
447.333 1065 3318
553.667 707 2236
815 897 3139
952 1005 3693
237.333 617 1599
610 889 3047
255.333 514 1507
705 623 2435
1078 1020 3718
1255 1849 4800
1048.83 1594 4651
829 816 3047
255.333 543 2035
590.667 636 2317
514.333 729 2681
262.333 599 2127
562.833 1029 3260
709.333 1007 3385
662 777 2857
246.667 533 1728
855.333 1004 3568
1209.33 1749 4696
691 1089 3626
747.5 985 3450
485 760 2493
725 574 2435
1368 1471 4800
1048 1543 4399
515.667 1065 3410
873.667 1044 3575
226.333 785 2185
216.667 724 1753
887 955 3368
1129 1524 4651
598.667 1000 3034
691 899 3139
237.333 646 2127
620 528 2153
193.667 460 1481
720.667 883 3072
201 431 1174
614 728 2368
519 435 1789
201 402 646
190 570 1232
193.667 431 953
209.333 753 2060
173 509 579
1198 1523 4625
173 538 1107
430 640 2211
696 568 2343
157.333 245 528
256 735 2317
157.333 216 0
1612 1671 5179
352 259 953
558 398 1599
326 206 0
264 418 704
326 230 646


890.667 1353 4046
1243.33 1746 4978
835.333 1166 3575
1254.67 1273 4154
1054 1243 4097
854.833 1496 3992
588.5 930 3072
1291 1226 4272
992 1030 3693
308.333 788 2871
918.833 1490 4154
751.5 1237 3829
1045.5 1247 4096
776.167 1256 3847
299 700 2153
556.667 961 3021
411.167 874 2963
509.667 1085 3318
634.333 822 2963
839.333 1158 3600
255.333 514 1507
636.333 1742 3743
820 867 3014
924 1109 3626
935.5 1063 3626
1204.67 1226 4096
610 889 3047
879 821 3014
942.667 1012 3626
759 1336 3870
226.333 785 2185
553.667 707 2236
787 704 2989
834.333 1525 4800
750.167 1311 3763
1333.33 1655 5179
852 1432 3953
629.5 861 2922
430 640 2211
936 836 3047
633.833 1361 3542
980.333 1173 3738
590.667 636 2317
1248.67 1276 4117
246.667 533 1728
1019.33 1441 4274
945 1481 4272
476 1076 3293
1119 1563 4953
662 777 2857
775.333 1182 3626
1149.5 1357 4272
1094.5 1389 4625
537.667 978 3385
1103 1193 4046
945.333 1331 3979
486.667 1072 3139
1045.67 1175 3964
256 735 2317
699 949 3139
702 1270 3693
696 568 2343
919 884 3072
961.667 907 3517
614 728 2368
209.333 753 2060
775.667 719 2871
255.333 543 2035
283 748 2681
945.333 1326 3895
514.333 729 2681
262.333 599 2127
542.333 976 3436
209.333 724 1532
763.667 951 3568
705 623 2435
201 431 1174
453.333 1106 3047
583.333 1352 3522
1145 1233 4072
463.667 1016 3047
173 538 1107
620 528 2153
201 402 646
216.667 724 1753
787 897 3139
558 398 1599
1101.67 1403 4651
190 570 1232
237.333 617 1599
173 509 579
237.333 646 2127
980 1247 4046
193.667 431 953
193.667 460 1481
519 435 1789
157.333 216 0
157.333 245 528
264 418 704
352 259 953
725 574 2435
326 206 0
326 230 646


585.667 1220 3575
797.333 1153 3847
885 798 3014
726.667 1231 3697
1052 1202 4072
433.667 1095 3201
981.667 877 3517
687 1058 3450
1158.67 1689 4651
497.833 1052 3143
882 756 2989
882 997 3568
542.333 976 3436
787 897 3139
539.667 1278 3364
1029.5 1231 3928
902 707 2989
1193.67 1443 4625
1037.83 1687 4475
381.333 1040 2647
865.667 1027 3517
709.5 945 3260
662 777 2857
485 760 2493
1358 1830 5179
963.667 1234 4154
1477.67 1799 5153
990 1340 4425
246.667 533 1728
785.667 968 3436
1133 1523 4625
811.5 1067 3575
705 623 2435
685 1124 3492
1063.17 1719 4507
988.333 1741 4533
383.667 928 2764
1225 1826 4978
521 807 2740
445.5 812 2343
1101.67 1666 4625
797 1105 3600
1153 1123 3718
492.833 898 2989
330.667 839 2414
226.333 785 2185
1018.5 1152 3896
579.667 810 2790
1476 1764 4978
614.333 1111 3450
209.333 724 1532
388.167 818 2871
1200.33 1759 4800
882.667 1395 3979
989.667 1100 3667
216.667 724 1753
691.667 729 2681
564.333 759 2564
627.667 904 3072
402 962 3021
262.333 599 2127
614 728 2368
698 1522 4449
814.667 682 2681
986 876 3236
779 900 3139
925 1338 4154
1206 1719 4696
546.167 1276 3764
237.333 617 1599
725 574 2435
756.5 1124 3718
1299.5 1510 4800
637.667 690 2343
237.333 646 2127
767.167 1444 3789
255.333 514 1507
1168 1071 3718
623.333 1618 4343
430 640 2211
830.333 1492 3928
620 528 2153
688 755 2506
365.167 898 2480
201 402 646
558 398 1599
945.333 1303 4272
422.667 1207 3318
256 735 2317
283 719 2153
696 568 2343
173 509 579
1016 980 3568
494 792 2739
255.333 543 2035
519 435 1789
615 817 3047
844.667 775 2963
209.333 753 2060
193.667 431 953
1339.67 1438 4450
201 431 1174
590.667 636 2317
173 538 1107
326 206 0
264 418 704
326 230 646
193.667 460 1481
190 570 1232
352 259 953
157.333 216 0
157.333 245 528


850.833 1617 4246
841 1301 4046
618.667 1035 3268
657.667 846 2882
1040 1277 4046
874.333 1596 4533
914 1369 4072
489.167 1094 3410
670.667 919 3250
610 889 3047
1032 1143 3718
685.667 853 2896
557.667 1028 3034
1014.5 1679 4800
500.333 925 3011
691 899 3139
1016 998 3518
1184.83 1826 4828
947.5 957 3517
986 1028 3693
447.333 1065 3318
627.667 904 3072
638.5 976 3143
209.333 724 1532
1277 1702 5179
557 769 2871
682 1096 3436
409 1381 3169
650.167 1479 4226
919 884 3072
775.667 738 2871
1142 975 3693
209.333 753 2060
1223 1765 5153
944.667 1323 4625
283 748 2681
1201 1152 4072
1253.67 1475 4800
610.667 1045 3410
745.5 1144 3718
787 897 3139
308.333 788 2871
470.667 514 1507
237.333 617 1599
1097.67 1246 4020
961.667 926 3517
262.333 599 2127
575 1254 3647
620 528 2153
887 955 3368
696 568 2343
708 973 3517
299 729 2681
743 1172 3764
256 735 2317
1120 1206 4272
614 728 2368
201 431 1174
764 818 3014
255.333 543 2035
193.667 431 953
705 623 2435
590.667 636 2317
225 727 1553
173 538 1107
193.667 460 1481
1006.67 1156 3896
725 574 2435
996.333 1297 4272
676.667 701 2681
1395.67 1520 5004
553.667 707 2236
605 903 2896
430 640 2211
820.667 1206 3979
226.333 785 2185
190 570 1232
237.333 646 2127
173 509 579
480.667 1055 3011
850.333 1019 3542
1240 1675 4651
739 1156 3626
519 435 1789
637.667 690 2343
558 398 1599
725 836 3047
787 704 2989
246.667 533 1728
201 402 646
1568 1671 5153
326 206 0
157.333 216 0
326 230 646
264 418 704
352 259 953
157.333 245 528


1085.33 1335 4221
1272.67 1272 4600
659.667 1204 3667
209.333 724 1532
441.667 810 2790
1178.67 1402 4475
839.667 1051 3667
315.667 759 2564
557 769 2871
262.333 599 2127
440.167 932 2963
910.667 972 3542
255.333 543 2035
226.333 785 2185
1139.67 1521 4574
685.667 853 2896
596.5 1258 3400
391 841 2739
488 1011 3021
637.667 719 2871
823 899 3139
938.667 1498 4272
599.667 903 3072
834 1197 3667
1269 1182 4072
556.667 961 3021
817.5 1131 3600
424.833 804 2681
502.833 1344 3436
1357.67 1614 5004
590.667 636 2317
828 1199 3667
481 729 2681
548 879 2846
553.667 707 2236
392.333 1104 3011
246.667 533 1728
1220 1762 4828
521 807 2740
823.667 926 3517
834.667 1069 3718
676.667 682 2681
659.333 925 3260
933.667 1247 3921
1101.67 1210 4005
805.667 957 3517
766.5 1176 3626
637.667 709 2343
1296.67 1672 4978
1063 1264 3928
237.333 617 1599
487.333 921 2871
1266 1353 4272
868.333 1270 3964
381.333 1040 2647
447.333 1065 3318
510.667 1005 3385
810 1071 3542
1017 1387 4221
867.667 1173 3896
563 877 3060
1002.33 1375 3992
424 816 2614
1024.33 1582 4800
626.5 1297 3964
882 997 3568
492.833 897 2963
1070.67 1527 4317
209.333 753 2060
670.667 919 3250
875.667 1145 3738
903 974 3693
1171.67 1273 4096
653.667 1740 4307
1147.33 1404 4317
1511 1799 5179
779 900 3139
193.667 431 953
787 704 2989
696 568 2343
725 574 2435
523 997 3385
237.333 646 2127
255.333 514 1507
843.667 877 3517
256 735 2317
620 528 2153
193.667 460 1481
173 509 579
190 570 1232
705 623 2435
614 728 2368
697 816 3047
201 402 646
430 640 2211
558 398 1599
519 435 1789
308.333 759 2343
553 962 3021
326 206 0
216.667 724 1753
352 259 953
173 538 1107
157.333 245 528
1238.67 1537 4600
157.333 216 0
326 230 646
201 431 1174
264 418 704


494 792 2739
969.333 1493 4272
942.167 1537 4533
402 962 3021
787 723 2989
372.667 1214 2744
653.333 1012 3450
680 924 3517
1002.5 1719 4651
963.667 1213 4071
530 640 2211
530.333 1084 3268
299 700 2153
637.667 690 2343
938 1406 4096
209.333 724 1532
283 748 2681
742.667 1023 3718
1069.67 1504 4800
1008.33 1251 4272
660.167 1131 3600
1151 913 3368
566 1012 3143
628 777 2857
1241.33 1432 4651
881 1532 4272
1074 1199 4272
676.667 682 2681
246.667 533 1728
525.333 1169 3964
725 574 2435
631.167 1145 3410
460.667 1106 3268
880.333 1738 5153
754 876 3236
262.333 599 2127
557 740 2343
725 836 3047
440.5 874 2963
774.333 1332 3979
1208.33 1497 4533
443 1144 3260
1445.67 1802 5179
403.333 1153 3318
557 788 2871
1062.67 1144 3789
237.333 617 1599
898.667 1717 4307
638.667 884 3072
861.333 1629 4200
256 735 2317
378.667 868 2739
764 818 3014
590.667 636 2317
369.833 892 2706
458 1081 3093
1078.17 1598 5153
553.667 707 2236
237.333 646 2127
255.333 543 2035
614 728 2368
226.333 785 2185
362 836 2696
634.333 822 2963
705 623 2435
216.667 724 1753
255.333 514 1507
627.667 904 3072
190 570 1232
696 568 2343
201 402 646
491 1327 3575
201 431 1174
620 528 2153
173 538 1107
519 435 1789
193.667 460 1481
500 732 2186
193.667 431 953
173 509 579
558 398 1599
326 230 646
157.333 216 0
326 206 0
264 418 704
352 259 953
209.333 753 2060
157.333 245 528


402 962 3021
1027 953 3693
985 1298 4272
411.167 874 2963
468 782 2432
283 719 2153
850 1500 4168
424 895 2989
308.333 788 2871
1178 1799 4886
992 1049 3693
857.333 1149 3667
1036 929 3368
703 1228 3600
785.667 968 3436
1293.67 1244 4246
628 777 2857
1555 1775 5004
799 898 3210
1336 1293 4425
262.333 599 2127
454 960 3092
1055.33 1253 4096
577.667 1312 3671
868 1051 3693
842 1199 3667
727.333 1154 3600
498.833 1068 3201
787 704 2989
637.667 719 2871
1001.33 1297 4046
480 1267 3568
723.667 977 3568
764 818 3014
481 748 2681
964.5 1069 3718
599.667 903 3072
1171 1501 4651
786.667 960 3626
256 735 2317
209.333 724 1532
889.333 1345 4625
1178.67 1178 4221
1201.67 1510 4800
430 640 2211
720.667 883 3072
573.333 1540 3580
705 623 2435
842.667 1732 4533
255.333 543 2035
1028.67 1190 3928
614 728 2368
1256 1693 4828
697 835 3047
572.667 1062 3450
590.667 636 2317
553.667 707 2236
216.667 724 1753
246.667 533 1728
696 568 2343
255.333 514 1507
1345 1821 5153
725 574 2435
713.333 1210 3954
620 528 2153
547 1054 3385
226.333 785 2185
209.333 753 2060
519 435 1789
1539 1753 4953
237.333 617 1599
201 402 646
558 398 1599
237.333 646 2127
193.667 460 1481
173 538 1107
308.333 759 2343
733.333 972 3342
193.667 431 953
201 431 1174
190 570 1232
173 509 579
352 259 953
326 206 0
157.333 216 0
157.333 245 528
326 230 646
264 418 704


1220 1723 4953
982 972 3368
787 897 3139
990.333 1806 4449
1123 959 3368
637.667 690 2343
1062.5 1411 4317
1018 1397 4272
691 899 3139
315.667 759 2564
975.667 1072 3718
414 1131 3011
711.333 1101 3964
787 704 2989
557 769 2871
671.333 1272 4221
945 1019 3542
883 1023 3693
720.667 883 3072
262.333 599 2127
609 1090 3626
1004.67 1598 4449
233.667 756 1878
388.167 818 2871
349 836 2614
1092.33 1349 4800
478.167 1122 3210
725 574 2435
521.167 1487 3789
483.5 1039 3118
1060.5 1530 4533
997 1000 3568
543.333 997 3385
226.333 785 2185
430 640 2211
217.667 756 1860
331.5 843 2706
1419 1652 5179
256 735 2317
1070.5 1217 4097
1037 1532 4358
620 528 2153
1100.33 1254 4226
246.667 533 1728
676.667 701 2681
470 1239 3021
1329.33 1745 5153
209.333 724 1532
777.333 1605 4226
696 568 2343
1081.5 1717 4696
986 876 3236
1055.17 1681 4574
729.333 1039 3542
670.333 1306 3671
895.667 925 3342
255.333 543 2035
255.333 514 1507
1197.67 1323 4600
590.667 636 2317
900.667 1676 4343
885 798 3014
656.333 1197 3667
193.667 431 953
534 817 3047
237.333 617 1599
173 509 579
494 792 2739
457.667 1362 3052
705 623 2435
216.667 724 1753
193.667 460 1481
541.333 1424 3472
981 1808 4533
614 728 2368
558 398 1599
959.5 1598 4332
237.333 646 2127
173 538 1107
201 402 646
553.667 707 2236
190 570 1232
201 431 1174
326 206 0
352 259 953
519 435 1789
326 230 646
157.333 216 0
264 418 704
157.333 245 528


1243.33 1583 4800
584.833 1006 3060
845.667 1012 3626
299 729 2681
299 700 2153
453.333 1086 3021
1239 1638 5004
641.667 927 3517
1347.67 1767 5179
428.667 1290 3436
816 1028 3693
895.667 925 3342
627.667 904 3072
815 897 3139
255.333 543 2035
1445.67 1548 4828
638.333 1515 4096
442.333 1303 3600
575.833 1456 3896
953.5 1053 3896
806 1229 3738
1064.67 1460 4574
691 899 3139
560.833 1342 3626
610 889 3047
209.333 724 1532
829 816 3047
1023 1023 3718
929.667 1200 4272
628 777 2857
803.333 1239 3626
553.667 707 2236
570.667 844 2882
1053.33 1530 4574
724.333 868 2922
764 818 3014
1075.67 1428 4600
237.333 617 1599
754.667 1455 4221
476 1018 3575
468 1097 3260
725 836 3047
679 1689 4599
822 1392 4533
308.333 788 2871
817 1154 4096
891.667 992 3542
655.667 1338 3718
1081.67 1464 4625
676.667 682 2681
696 568 2343
775.667 738 2871
620 528 2153
256 735 2317
430 640 2211
262.333 599 2127
637.667 709 2343
226.333 785 2185
255.333 514 1507
1146.33 1690 5153
590.667 636 2317
1267.67 1343 4800
787 704 2989
1156.33 1639 4800
216.667 724 1753
201 402 646
705 623 2435
492.833 898 2989
246.667 533 1728
173 509 579
193.667 431 953
237.333 646 2127
558 398 1599
201 431 1174
193.667 460 1481
725 574 2435
157.333 216 0
190 570 1232
173 538 1107
569 1001 3034
209.333 753 2060
157.333 245 528
519 435 1789
326 230 646
352 259 953
264 418 704
326 206 0
614 728 2368


331.5 843 2706
689.667 786 2696
914.333 934 3318
963.667 1221 3695
1130.67 1476 4507
1010.67 928 3342
553.667 707 2236
411.167 874 2963
1086.67 1099 4272
731.667 1230 3738
787 897 3139
944.5 1298 3895
676.667 682 2681
1161.67 1578 4600
1077 1125 3721
1271 1604 5179
514.333 700 2153
496.667 1022 3260
568.667 1305 4154
534 817 3047
919 884 3072
1666 1576 5179
725 574 2435
528.833 1403 3293
530 640 2211
1186 1752 4953
1147 1706 4625
574 906 3260
209.333 724 1532
283 748 2681
691 899 3139
533 818 2871
1175.33 1549 4800
973.333 1174 4246
527.333 1035 3268
557 788 2871
1296 1421 4425
386.833 924 2831
409 1381 3169
615.167 1036 3626
299 729 2681
763.833 1284 3803
857.333 1149 3667
977 1146 3718
226.333 785 2185
1223.67 1429 4343
470.667 1077 3021
785 1473 4317
874 1147 3667
255.333 514 1507
237.333 646 2127
216.667 724 1753
1123 959 3368
959.833 1666 4507
441.667 810 2790
614 728 2368
1340.67 1480 4600
246.667 533 1728
237.333 617 1599
362 836 2696
470.667 543 2035
590.667 636 2317
278.333 599 2127
586.667 1376 4221
962.333 1539 4599
1340.67 1492 4625
209.333 753 2060
1214.67 1602 4828
272 573 1918
661 968 3575
982 883 3072
620 528 2153
1227.67 1512 4600
411 1193 3201
455.333 1115 3201
705 623 2435
571 1228 3600
201 402 646
787 704 2989
283 719 2153
637.667 709 2343
1235 1535 4625
256 735 2317
201 431 1174
876 1230 3753
627.667 904 3072
190 570 1232
588 1070 3626
173 538 1107
173 509 579
696 568 2343
193.667 460 1481
558 398 1599
519 435 1789
264 418 704
157.333 216 0
193.667 431 953
326 206 0
326 230 646
352 259 953
157.333 245 528


1067.67 1154 4096
588.5 930 3072
1445 1769 4978
1117.67 1450 4651
725 1012 3400
883 1004 3693
971.333 1148 3964
637.667 690 2343
1139.67 1390 4574
1355.67 1393 4800
501.5 1168 3410
1146 1345 4425
1044.33 1510 4358
447.333 1065 3318
902 707 2989
1088.67 1519 4425
255.333 514 1507
673.667 1042 3542
638.667 884 3072
557 788 2871
1070.33 1635 4800
621.667 1079 3517
534 817 3047
388.167 818 2871
325.167 892 2706
411.167 874 2963
620 528 2153
1461 1804 5179
385.667 924 2831
299 729 2681
933.667 1280 4096
768.667 1036 3575
1249 1127 4072
1190.67 1864 4978
417.667 1002 3260
1026.33 1272 4246
430 640 2211
362 836 2696
637.667 719 2871
1213.33 1261 4221
974.667 906 3260
226.333 785 2185
283 748 2681
627.667 904 3072
209.333 753 2060
725 574 2435
882 756 2989
839.333 1004 3517
1082.33 1357 4249
1247.33 1475 4800
255.333 543 2035
588.333 956 3143
628.333 926 3260
885 798 3014
1164.5 1880 4886
815 897 3139
904.333 1219 3695
991.667 1621 4307
941 951 3568
1351 1866 5153
1037.83 1773 4651
614 728 2368
626.5 1283 4154
209.333 724 1532
988.333 1582 4200
794 1030 3693
1620 1726 5004
1142 975 3693
676.667 682 2681
553.667 707 2236
193.667 431 953
600.333 1147 3667
256 735 2317
696 568 2343
705 623 2435
262.333 599 2127
216.667 724 1753
190 570 1232
246.667 533 1728
237.333 646 2127
173 509 579
173 538 1107
519 435 1789
554.667 1154 3600
558 398 1599
1348.5 1849 4828
157.333 216 0
590.667 636 2317
193.667 460 1481
237.333 617 1599
201 431 1174
201 402 646
352 259 953
326 230 646
264 418 704
326 206 0
157.333 245 528


1424.67 1437 4533
209.333 724 1532
907.167 1125 4096
1066.67 1500 4317
453.333 1116 3575
882 997 3568
1216 1553 4800
557 769 2871
722.333 978 3385
915.167 1721 4800
662.333 871 2963
490.5 1062 3450
1065.5 1351 4272
845.667 1627 4246
1302.33 1747 5179
787 723 2989
1687 1625 5004
724.333 868 2922
979.333 1454 4272
246.667 533 1728
814.667 682 2681
811 990 3426
691 899 3139
869 1199 3764
743.333 1318 3738
1013 1587 4600
676.667 701 2681
879 1367 3779
619.5 956 3143
1351.67 1656 4828
850.333 1019 3542
685.667 853 2896
717.5 1143 3718
1437 1474 4651
725 574 2435
422.667 1207 3318
619.667 938 3118
553.667 707 2236
470.667 514 1507
1036.67 1570 4625
829 816 3047
1017.67 1376 4246
669.333 1018 3224
1099.67 1521 4399
908.667 1088 3954
1206.33 1500 4574
1284 1475 4332
885 798 3014
948.667 1020 3718
902.333 1602 4005
411.167 874 2963
820 867 3014
811.5 1067 3575
226.333 785 2185
599.667 903 3072
1496 1675 5179
712 1031 3450
481 729 2681
614 728 2368
308.333 788 2871
1204.67 1666 5004
255.333 543 2035
637.667 738 2871
1298.67 1299 4154
980 1545 4317
209.333 753 2060
843.667 877 3517
705 623 2435
677.667 1445 3964
262.333 599 2127
1177 1715 4651
720.667 883 3072
620 528 2153
570 1588 3928
696 568 2343
662 893 3047
430 640 2211
193.667 431 953
590.667 636 2317
237.333 646 2127
558 398 1599
173 538 1107
190 570 1232
256 735 2317
237.333 617 1599
216.667 724 1753
201 431 1174
173 509 579
193.667 460 1481
201 402 646
157.333 245 528
157.333 216 0
264 418 704
519 435 1789
326 230 646
352 259 953
326 206 0


1086.67 1188 4154
1130 1007 3693
1485.5 1744 5179
386.833 924 2831
478.167 1122 3210
687 1038 3318
1024 1000 3518
1126 1365 4307
821.167 1170 3626
209.333 753 2060
730 1010 3268
388.167 818 2871
739 957 3517
402 962 3021
1049.67 1476 4097
599.667 903 3072
1054 1396 4246
726 1127 3319
620.667 1057 3268
1033.5 1495 4625
406.667 1134 3318
675 1076 3293
827.333 1318 4096
1064.67 1129 3896
836 1550 4800
580.167 1081 3060
1415.67 1498 4953
209.333 724 1532
362 836 2696
641 796 2857
895.667 925 3342
857 942 3139
706.833 1141 3410
283 719 2153
558.167 1596 4246
697 816 3047
885 798 3014
829 1083 3693
679.167 1246 3718
1163 1430 4651
556.667 961 3021
262.333 599 2127
1251 1740 5153
696.167 1204 3896
1088.83 1746 4953
634.333 822 2963
255.333 514 1507
878.333 1199 4046
1363 1538 5153
552 1084 3047
969.5 1537 4625
256 735 2317
553.667 707 2236
283 748 2681
633.833 1254 3847
255.333 543 2035
589 807 2740
584.833 1006 3060
620 528 2153
216.667 724 1753
226.333 785 2185
1142 975 3693
237.333 617 1599
430 640 2211
830 1045 3575
590.667 636 2317
963.333 1496 4154
696 967 3210
689.667 786 2696
861 899 3139
517 1222 3436
614 728 2368
787 704 2989
705 623 2435
193.667 431 953
697 1187 3542
193.667 460 1481
725 574 2435
246.667 533 1728
696 568 2343
201 431 1174
173 509 579
237.333 646 2127
190 570 1232
201 402 646
519 435 1789
264 418 704
173 538 1107
157.333 216 0
558 398 1599
326 206 0
157.333 245 528
352 259 953
326 230 646


1230.67 1473 4399
619.5 1762 3621
446.667 1047 3117
1092 1176 4072
1059.5 1474 4625
1151.33 1642 5153
556.667 961 3021
638.667 884 3072
454 979 3092
815 897 3139
750 1526 4475
687.667 1183 3600
441.667 1255 3260
286 794 2506
476 1076 3293
515.333 1104 3318
878 924 3517
775.667 719 2871
557 740 2343
822.5 1428 4221
362 836 2696
981.667 877 3517
317.667 789 2343
637.667 738 2871
787 723 2989
1412.5 1454 4475
495 1180 3318
402 962 3021
389.167 804 2681
510.667 855 2765
1224.17 1521 5179
216.667 724 1753
779 900 3139
523 1094 3575
246.667 533 1728
554.333 905 3011
367 981 3011
383.667 928 2764
796.5 1199 3667
865 1399 3954
490 759 2564
722 1344 3763
991 1275 4046
707 1255 3667
255.333 543 2035
256 735 2317
386.833 924 2831
902 707 2989
468 782 2432
1173.33 1729 5179
542.333 976 3436
1027.67 1221 4246
255.333 514 1507
880.333 1220 3870
1120.67 1495 4800
908 1020 3718
1022.67 1607 4533
416.5 874 2963
785.333 1281 3928
620 528 2153
341.167 892 2706
685.667 853 2896
723.667 977 3568
725 574 2435
696 568 2343
570.667 844 2882
556.667 801 2732
1155.67 1111 3896
237.333 646 2127
491 1210 3385
299 700 2153
1027.67 1370 4272
697 816 3047
937 1315 4020
378.333 793 2435
676.667 682 2681
1015.33 1654 4800
599.667 903 3072
226.333 785 2185
503.333 868 2739
262.333 599 2127
614 728 2368
209.333 724 1532
705 623 2435
590.667 636 2317
190 570 1232
430 640 2211
237.333 617 1599
485 760 2493
209.333 753 2060
558 398 1599
173 538 1107
519 435 1789
553.667 707 2236
193.667 460 1481
173 509 579
201 431 1174
201 402 646
193.667 431 953
326 206 0
352 259 953
157.333 245 528
264 418 704
157.333 216 0
326 230 646


476 1018 3575
934.667 1129 3698
1235.67 1432 4533
760.833 1274 3847
907.667 959 3626
588.5 930 3072
610 889 3047
537.333 1215 3718
1582.67 1384 4800
634.333 822 2963
299 700 2153
775.667 738 2871
543.333 1004 3517
938.667 910 3517
392.333 1104 3011
885 798 3014
874 1621 4200
724.667 1548 3847
1072.33 1720 5153
209.333 724 1532
255.333 543 2035
746.667 1005 3626
1273 1193 4097
798.167 1598 4046
874 1147 3667
988.333 1472 4800
1541.67 1648 4978
865.667 1255 4154
1129 1455 4300
767.667 769 2871
256 735 2317
838.667 1320 4154
829 816 3047
837.5 1174 4096
1400.67 1723 5179
308.333 788 2871
705 623 2435
283 748 2681
517.333 980 3060
448 1001 3011
605 903 2896
798.833 1557 3954
1126.67 1470 4625
559 976 3436
719.333 1162 3671
629.5 861 2922
1071 1144 3718
440.667 1011 3318
1024.33 1250 4221
799.333 1209 3928
720.667 883 3072
831.667 919 3436
1016.33 1425 4221
1151.33 1420 4449
553.667 707 2236
696 568 2343
620 528 2153
604.167 956 3143
216.667 724 1753
226.333 785 2185
780.333 951 3568
590.667 636 2317
1095.67 1382 4272
787 723 2989
736 779 2857
1046 1401 4246
255.333 514 1507
262.333 599 2127
470 1250 3575
237.333 646 2127
514.333 729 2681
201 431 1174
614 728 2368
430 640 2211
861 899 3139
201 402 646
725 574 2435
246.667 533 1728
209.333 753 2060
173 538 1107
237.333 617 1599
190 570 1232
558 398 1599
173 509 579
637.667 690 2343
193.667 460 1481
157.333 245 528
193.667 431 953
520.167 1540 3647
352 259 953
157.333 216 0
326 206 0
326 230 646
264 418 704
519 435 1789


1180 1522 4425
1414 1515 4533
1419 1435 4475
843.667 877 3517
638.667 884 3072
1417.33 1951 5179
1475.67 1624 5179
1093.67 1675 5153
889.5 1121 3718
1026.67 1149 3815
1530.67 1508 4574
1214 1541 4449
1351 1433 4272
676.667 682 2681
299 729 2681
1065 1352 4221
513.333 935 3318
490.5 1062 3450
560.667 1146 3667
790.333 1274 3847
923 1048 3693
256 735 2317
635.667 1318 4020
454 979 3092
226.333 785 2185
446.667 1047 3117
983 1197 4096
1047 1576 4651
707.667 987 3575
980 1480 4343
617 897 3139
553.667 707 2236
637.667 719 2871
308.333 788 2871
395.167 874 2963
1071.67 1225 4221
635 1030 3436
1050.67 1418 4097
1025.67 1668 4651
1061.33 1128 3896
637.667 690 2343
829 816 3047
590.667 636 2317
1167.67 1557 4574
934.667 1268 3921
1197.5 1470 4274
696 568 2343
976 1279 4072
459.5 1278 3385
255.333 514 1507
924 1273 3753
971 1276 4046
775.333 1578 4579
1122 1608 4886
605.333 1049 3436
237.333 646 2127
209.333 724 1532
893.667 1314 4071
430 640 2211
989 1186 3779
1281 1471 4425
237.333 617 1599
534 817 3047
877.333 1100 3667
246.667 533 1728
255.333 543 2035
209.333 753 2060
1134.33 1431 4246
190 570 1232
787 723 2989
173 538 1107
1035 974 3693
262.333 599 2127
173 509 579
286 794 2506
703 1411 4096
193.667 460 1481
725 574 2435
705 623 2435
201 402 646
519 435 1789
588.5 930 3072
326 230 646
201 431 1174
614 728 2368
193.667 431 953
620 528 2153
352 259 953
558 398 1599
216.667 724 1753
326 206 0
157.333 245 528
264 418 704
157.333 216 0
1425 1531 4600


