218.75 1077 2993
811.2 1334 4323
189.6 862 2444
682.833 1371 4087
746.7 1526 4538
993.8 1601 4923
908.15 1459 4605
888.4 1448 4472
572.7 1381 4220
411.2 815 2418
762.083 1295 4087
363.9 1318 4005
883.2 1015 3579
125.35 692 1844
504.333 1219 3645
408.833 1459 4220
941.9 1797 4616
460.7 1267 4005
779.817 1486 4605
798.817 1433 4323
221.067 873 2563
678.833 1380 4154
714.2 1241 4005
1160 1247 4030
762.4 1066 3579
555.2 953 3430
675.167 1732 4298
707.4 1180 3938
597 651 2094
274.6 894 2620
505.633 1408 4220
605.7 1085 3554
656.2 1077 3769
383.2 875 2654
599.2 1202 3769
726.167 1299 4030
734.2 912 3194
257.9 1105 3378
138.15 798 1911
288.7 878 2594
801.15 1251 4154
720.5 1535 4605
125.45 805 1977
144.867 670 1787
335.7 1164 3620
193.65 935 2778
331 677 1869
259.667 1040 3045
580.7 1088 3620
314.7 983 3169
862 1214 3963
700.2 771 2979
342.9 1137 3554
192.867 719 2178
432.5 1113 3620
620.15 1061 3554
608.9 1242 4005
244 1238 3444
165.45 781 2393
109.95 571 0
439 787 2496
618 623 2028
431.2 924 3045
459.4 1078 3430
527 799 3045
229.7 951 2993
109.95 644 1526
530 589 1961
377.5 657 2045
448.5 669 2594
387.833 1278 3769
355 721 2269
688.95 1000 3487
300.967 839 2496
864.467 1167 3963
109.95 597 951
374.5 872 2594
371.5 671 2203
591.95 907 3169
152.467 779 2269
212.5 675 1818
221.4 488 1336
116.667 516 1402
145.75 907 2393
116.667 444 0
193.2 334 951
202 319 867
525 541 1643
116.667 470 951
229 597 1818
186.667 368 451
144 260 0
144 281 318


371.5 671 2203
605.7 1085 3554
653 1785 4605
589 1651 4538
1439 1654 4641
650 1327 4087
710 1562 4605
1043.2 1380 4380
161.25 1068 2844
577.2 1040 3338
1230.75 1907 4831
1303.33 2021 4898
235.75 1056 3169
605 1042 3363
474.8 1050 3363
244 1238 3444
1068.2 1199 4154
1550.8 1771 4923
331 677 1869
1070.2 1280 4380
755 991 3363
907.2 1449 4538
681.5 1012 3512
1091 1529 4605
707.2 1258 4220
566.867 1220 3671
1004.07 1772 4616
703.2 1282 4154
371.167 1056 3430
389 1460 4220
288.7 878 2594
580.7 1088 3620
144.867 670 1787
432.5 1113 3620
975.667 1417 4513
1196.87 1405 4605
371.967 805 2594
1111.2 1107 3897
228.667 982 3045
228.667 936 2594
673.667 1615 4605
753.2 1170 4087
962 956 3205
206.333 1191 2869
883.2 1015 3579
332.4 751 2203
1432 1711 4765
608.533 1052 3430
603.5 964 3194
335.7 1164 3620
656.2 1077 3769
377.5 657 2045
539.667 1200 3645
602.667 1483 4538
688.95 1000 3487
152.467 779 2269
145.75 907 2393
505.667 1390 4220
773.333 1066 3579
300 1226 3769
880.2 988 3297
274.6 894 2620
734.2 912 3194
431.2 924 3045
527 799 3045
746.5 1402 4472
192.867 719 2178
355 721 2269
161.15 955 2711
189.6 862 2444
221.4 488 1336
503.667 651 2094
700.2 771 2979
448.5 669 2594
858.8 1452 4538
212.5 675 1818
125.35 692 1844
591.95 907 3169
210 1077 2993
116.667 516 1402
116.667 470 951
109.95 597 951
229.7 951 2993
116.667 444 0
618 623 2028
165.45 781 2393
439 787 2496
125.45 805 1977
602 589 1961
225.4 1125 3311
229 597 1818
109.95 644 1526
604 1328 4087
314.7 983 3169
109.95 571 0
144 281 318
525 541 1643
193.2 334 951
144 260 0
186.667 368 451
202 319 867


651 1088 3620
752.167 1501 4538
929.2 1775 4923
294.967 853 2654
331.4 1338 3938
1012 1015 3579
700.5 1328 4154
429.5 1149 3769
1216 1125 3872
1310.5 1759 4765
806.4 1438 4380
825.4 1299 4472
225.4 1104 2993
380.75 1140 3620
161.25 1068 2844
229.833 1233 3194
527.3 1356 4220
572.55 1109 3620
193.65 935 2778
527 799 3045
411.333 1489 4005
1179.5 1633 4605
271.767 1176 3311
300 1226 3769
720.7 1381 4323
349.75 1104 3487
818.75 1251 4154
192.867 719 2178
259.9 1137 3220
984 1066 3579
444.9 1197 4087
288.7 878 2594
761.15 1129 3872
125.45 805 1977
898 1077 3769
235.75 1056 3169
377.5 657 2045
1102 1187 4062
602 589 1961
259.667 1040 3045
556.233 1460 4323
821.467 1259 4220
371.967 805 2594
503.667 651 2094
829 771 2979
941 985 3512
772.5 1067 3579
745.75 1081 3554
371.967 851 3045
1049.75 1681 4605
555.2 953 3430
380.65 1027 3487
716.4 1538 4380
786.467 1094 3645
189.6 862 2444
125.35 692 1844
221.4 488 1336
448.5 669 2594
863 912 3194
138.15 798 1911
212.5 675 1818
781 1097 3769
600 907 3169
161.15 955 2711
144.867 670 1787
355 721 2269
229.7 951 2993
165.45 781 2393
332.4 751 2203
303.65 1029 3096
116.667 470 951
152.467 779 2269
145.75 907 2393
365.25 979 3169
109.95 644 1526
109.95 571 0
109.95 597 951
331 677 1869
116.667 444 0
116.667 516 1402
193.2 334 951
371.5 671 2203
229 597 1818
525 541 1643
618 623 2028
202 319 867
144 281 318
144 260 0
186.667 368 451


189.6 862 2444
221.067 873 2563
781 1097 3769
210 1077 2993
1083 1085 3590
734.9 1407 4380
527 799 3045
980.5 1134 3897
1100.75 1299 4472
818.75 1251 4154
1217 1225 4190
473.9 1412 4323
752.167 1501 4538
314.7 983 3169
225.4 1125 3311
811.25 1252 4154
976.5 1177 3872
229.7 951 2993
697 1000 3487
342.9 1137 3554
377.5 657 2045
300 1226 3769
1143.7 1711 4765
310.4 1157 3487
850.5 1534 4605
206.333 1191 2869
651 1088 3620
300.967 839 2496
212.5 675 1818
371.167 1056 3430
235.75 1056 3169
389 1460 4220
349.75 1104 3487
752.467 953 3430
695.5 1581 4605
786.467 1094 3645
1092.8 1252 4256
761.9 1307 4380
836.5 1123 3805
814.3 1377 4538
1062 1114 3897
797.167 1561 4605
881.3 1299 4256
1008 1061 3554
152.467 779 2269
700.2 771 2979
648 1022 3297
165.45 781 2393
161.15 955 2711
530 589 1961
244 1238 3444
444.9 1197 4087
331 677 1869
927.55 1327 4538
1371 1609 4765
702.5 983 3205
772.5 1067 3579
144.867 670 1787
463.5 1310 4220
734.2 912 3194
145.75 907 2393
681.5 1012 3512
371.967 851 3045
503.667 651 2094
228.667 982 3045
591.95 907 3169
161.25 1068 2844
770.917 1417 4513
228.667 936 2594
885.5 1122 3805
429.5 1149 3769
109.95 597 951
125.35 692 1844
380.75 1140 3620
618 623 2028
125.45 805 1977
1199.27 1905 4923
697.5 994 3297
274.6 894 2620
380.65 1027 3487
1070.87 1895 4831
365.25 979 3169
109.95 644 1526
355 721 2269
448.5 669 2594
192.867 719 2178
116.667 444 0
221.4 488 1336
229 597 1818
332.4 751 2203
1241.87 1789 4831
984 1066 3579
138.15 798 1911
603.5 964 3194
371.967 805 2594
116.667 470 951
371.5 671 2203
116.667 516 1402
109.95 571 0
144 281 318
525 541 1643
186.667 368 451
202 319 867
193.2 334 951
144 260 0


599.2 1202 3769
686 1087 3620
812.2 985 3512
613.5 1303 4220
189.6 862 2444
696 1003 3430
677.3 1644 4513
1087.2 1125 3872
1103.2 1079 3590
695.033 1556 4605
574 1004 3430
482.7 1354 3913
939.3 1478 4605
691.5 1376 4538
893.7 1483 4605
864.7 1348 4472
579.7 1447 4231
138.15 798 1911
772.95 1097 3769
529.5 1206 3938
265.2 1044 2895
305.3 1133 3444
1143.2 1676 4923
591.95 907 3169
432.5 1113 3620
319.7 980 2979
229.833 1233 3194
734.2 912 3194
519.2 657 2045
314.7 983 3169
805.15 1663 4831
439 787 2496
994.95 1557 4831
961.7 1747 4898
921.95 1200 4154
300 1226 3769
527.3 1356 4220
1237.6 1862 5216
488.5 920 2912
521.733 1665 3964
809.8 1094 3645
1284.6 1814 5216
125.35 692 1844
335.7 1164 3620
527 799 3045
1058.2 1151 3872
274.6 894 2620
839.7 1510 4605
248.7 936 2594
786.7 1275 4154
618 623 2028
278.5 1250 3353
259.5 961 2844
821.2 1662 4831
161.25 1068 2844
731.3 991 3363
448.5 669 2594
109.95 571 0
125.45 805 1977
880.6 1152 3872
605.7 1085 3554
702.7 1178 3872
161.15 955 2711
145.75 907 2393
241.05 963 2844
332.4 751 2203
883.2 1015 3579
210 1077 2993
371.5 671 2203
165.45 781 2393
810 1251 4154
144.867 670 1787
1082 1302 4323
331 677 1869
411.2 815 2418
431.2 924 3045
235.75 1056 3169
259.9 1137 3220
212.5 675 1818
221.4 488 1336
109.95 597 951
116.667 470 951
288.7 878 2594
481.5 1090 3194
152.467 779 2269
525 541 1643
116.667 444 0
355 721 2269
202 319 867
109.95 644 1526
700.2 771 2979
229 597 1818
192.867 719 2178
374.5 872 2594
144 260 0
193.2 334 951
144 281 318
186.667 368 451
116.667 516 1402


380 1477 3913
613.5 1303 4220
825.2 1281 4154
1242.2 1344 4472
1070.2 1280 4380
488.5 920 2912
580.7 1088 3620
824.2 1302 4154
152.467 779 2269
323 1253 3487
1266.2 1218 4190
321.5 1296 3462
1111.2 1107 3897
448.5 669 2594
192.033 904 2418
849.633 1797 4898
1063.2 1300 4190
753.2 1170 4087
921.7 1409 4380
603.5 964 3194
579.7 1447 4231
407.233 1129 3194
650.7 1579 4298
229.7 951 2993
605 1042 3363
736 1279 3938
481.5 1090 3194
608.533 1052 3430
1328 1708 4831
967.2 1096 3805
439 787 2496
1270.2 1550 4605
656.2 1077 3769
374.5 872 2594
516.7 1096 3311
1016.2 1095 3805
696 1003 3430
768.7 1480 4538
812.2 985 3512
572.7 1381 4220
872.7 1410 4380
235.75 1056 3169
212.5 675 1818
577.2 1040 3338
288.7 878 2594
527 799 3045
321.833 1231 3194
922.2 1374 4472
221.4 488 1336
452.5 1326 4087
591.95 907 3169
335.7 1164 3620
717.7 1299 4087
432.5 1113 3620
544.9 1250 3696
434.333 1336 3769
332.4 751 2203
377.5 657 2045
530 589 1961
599.2 1202 3769
937.667 1728 4923
748.9 1518 4447
220.233 1058 2803
762.4 1066 3579
125.35 692 1844
734.2 912 3194
883.2 1015 3579
193.65 935 2778
718.9 1561 4605
609.7 1076 3487
355 721 2269
138.15 798 1911
165.45 781 2393
431.2 924 3045
274.6 894 2620
125.45 805 1977
192.867 719 2178
700.2 771 2979
229 597 1818
605.7 1085 3554
109.95 597 951
411.2 815 2418
144.867 670 1787
116.667 444 0
109.95 571 0
314.7 983 3169
525 541 1643
503.667 651 2094
109.95 644 1526
145.75 907 2393
618 623 2028
116.667 470 951
116.667 516 1402
186.667 368 451
144 260 0
144 281 318
193.2 334 951
202 319 867


1119.7 1667 4898
1522 1613 4765
382.833 1497 3737
1189 1251 4154
949 1258 4220
1109.8 1216 4030
691.5 1376 4538
435.5 1344 3780
329 1270 3620
365.25 979 3169
587.167 1661 4605
323 1253 3487
955 1242 4087
572.55 1109 3620
796.8 953 3430
622.3 1004 3430
555.833 1649 4513
125.35 692 1844
316 1290 3620
637.5 994 3297
863 912 3194
781 1097 3769
696 1003 3430
1020.7 1736 4831
1148.2 1505 4605
656.7 1266 4005
831.3 1180 3938
600.133 1048 3194
915.3 1277 4220
1295.2 1614 4765
602.633 1501 4538
1015.3 1530 4605
600.133 1094 3645
300.967 839 2496
769.133 1298 4030
1162.2 1172 3872
686 1087 3620
898 1077 3769
349.75 1104 3487
613.5 1303 4220
514.033 1366 4005
717.7 1299 4087
1297.8 1839 4923
729.833 1561 4605
530.833 1696 4513
651 1088 3620
702.5 983 3205
363.5 1413 3645
935.2 1270 4030
192.033 904 2418
786.7 1275 4154
505.633 1408 4220
829 771 2979
274.6 894 2620
241.05 963 2844
1233.67 1660 4641
527 799 3045
482.7 1354 3913
195.65 967 2620
439 787 2496
432.5 1113 3620
262.333 1179 3194
603.5 964 3194
693.7 1173 3769
329.8 1236 3620
591.95 907 3169
248.7 936 2594
314.7 983 3169
408.833 1459 4220
259.5 961 2844
387.833 1278 3769
335.7 1164 3620
144.867 670 1787
218.75 1077 2993
125.45 805 1977
288.7 878 2594
195.75 1080 2753
332.4 751 2203
883.2 1015 3579
221.4 488 1336
371.967 805 2594
138.15 798 1911
371.967 851 3045
165.45 781 2393
192.867 719 2178
294.967 853 2654
228.667 982 3045
145.75 907 2393
941 985 3512
492.8 1064 3187
618 623 2028
212.5 675 1818
448.5 669 2594
331 677 1869
109.95 571 0
109.95 644 1526
109.95 597 951
503.667 651 2094
377.5 657 2045
235.75 1056 3169
490.8 1084 3430
371.5 671 2203
525 541 1643
504.333 1219 3645
152.467 779 2269
530 589 1961
355 721 2269
229 597 1818
116.667 516 1402
116.667 470 951
116.667 444 0
144 260 0
202 319 867
193.2 334 951
144 281 318
186.667 368 451


656.2 1077 3769
603.5 964 3194
377.5 657 2045
572.55 1109 3620
1039 1231 4154
1102 1187 4062
591.95 907 3169
1062 1114 3897
189.6 862 2444
300 1226 3769
972.5 1716 4831
305.3 1133 3444
235.75 1056 3169
229.7 951 2993
761.9 1307 4380
652.2 1327 4538
228.667 982 3045
825.4 1299 4472
761.15 1129 3872
575.3 799 3045
192.867 719 2178
1176.13 1826 4923
984 1066 3579
225.4 1125 3311
1012 1015 3579
618 623 2028
161.15 955 2711
303.65 1029 3096
613.4 1452 4538
380.65 1027 3487
863 912 3194
125.35 692 1844
752.467 953 3430
844 1412 4605
810 1251 4154
887.467 1182 3938
503.667 651 2094
294.967 853 2654
798 1515 4605
829 771 2979
444.9 1197 4087
371.967 805 2594
448.5 669 2594
109.95 644 1526
244 1238 3444
371.967 851 3045
365.25 979 3169
138.15 798 1911
125.45 805 1977
161.25 1068 2844
331 677 1869
206.333 1191 2869
116.667 516 1402
380.75 1140 3620
463.5 1310 4220
109.95 597 951
371.5 671 2203
355 721 2269
116.667 444 0
525 541 1643
109.95 571 0
602 589 1961
145.75 907 2393
116.667 470 951
429.5 1149 3769
1515 1685 4641
193.65 935 2778
210 1077 2993
212.5 675 1818
144.867 670 1787
152.467 779 2269
165.45 781 2393
202 319 867
221.4 488 1336
186.667 368 451
193.2 334 951
144 281 318
332.4 751 2203
144 260 0
229 597 1818


800.2 1375 4472
707.2 1258 4220
189.6 862 2444
152.467 733 1818
933.75 1635 4605
883.2 1015 3579
380 1477 3913
574 1004 3430
836.833 1892 4616
274.6 894 2620
805.2 1425 4538
228.667 982 3045
1043.83 2093 4898
1396.3 1776 4831
882.867 1424 4538
195.75 1080 2753
648.333 1706 4605
703.2 1282 4154
880.2 988 3297
1020 1397 4538
1070.2 1280 4380
145.75 907 2393
439 787 2496
753.2 1170 4087
649.5 1366 4005
1090.7 1531 4605
1290.95 1736 4765
516.7 1096 3311
432.25 1129 3194
639.7 1226 3769
332.4 751 2203
580.7 1088 3620
778.3 1360 4323
620.2 1383 4220
696 1003 3430
609.7 1076 3487
798.05 1501 4538
377.5 657 2045
611.333 1680 4323
656.2 1077 3769
152.467 779 2269
1353.95 1847 4923
208.2 975 2577
448.5 669 2594
612.8 1513 4513
583.75 1351 3769
411.333 1489 4005
535.7 1355 3938
656.7 1266 4005
533.333 1726 4298
605.7 1085 3554
411.2 815 2418
212.5 675 1818
432.5 1113 3620
371.5 671 2203
125.45 805 1977
314.7 983 3169
136.533 767 1551
355 721 2269
527 799 3045
329.8 1236 3620
639.2 1330 3938
700.2 771 2979
1272 1854 4831
374.5 872 2594
431.2 924 3045
248.7 936 2594
734.2 912 3194
116.667 470 951
591.95 907 3169
597 651 2094
235.75 1056 3169
192.867 719 2178
229.7 951 2993
109.95 597 951
618 623 2028
288.7 878 2594
530 589 1961
335.7 1164 3620
451.8 1473 3913
144.867 670 1787
546.7 1061 3286
229 597 1818
116.667 516 1402
271.767 1176 3311
165.45 781 2393
525 541 1643
186.667 368 451
109.95 571 0
109.95 644 1526
221.4 488 1336
116.667 444 0
144 260 0
144 281 318
202 319 867
193.2 334 951


161.15 955 2711
1062 1114 3897
844 1412 4605
1012 1015 3579
745.167 1557 4923
949 1258 4220
367.9 1199 3696
458.5 1364 4005
591.95 907 3169
652.2 1327 4538
762.4 1066 3579
656.2 1077 3769
622.3 1004 3430
386.5 1312 3829
463.5 1310 4220
602.667 1483 4538
681.5 1012 3512
720.25 1197 4087
888.8 1142 3963
915.3 1277 4220
377.5 657 2045
1202.8 1541 4831
380.75 1140 3620
206.333 1191 2869
125.45 805 1977
829 771 2979
303.75 1142 3229
138.15 798 1911
331 677 1869
831.3 1180 3938
1251.8 1540 4831
429.5 1149 3769
229.833 1233 3194
244 1238 3444
294.967 853 2654
371.167 1056 3430
352.5 1151 3378
636.8 1279 4220
332.4 751 2203
530 589 1961
583.917 1294 4005
239 692 1844
1143.8 1381 4605
1120.47 1382 4605
161.25 1068 2844
1008 1061 3554
371.967 851 3045
1118.07 1556 4641
152.467 733 1818
648.167 1464 4605
371.967 805 2594
165.45 781 2393
144.867 670 1787
572.55 1109 3620
228.667 936 2594
192.867 719 2178
796.8 953 3430
288.7 878 2594
329 1270 3620
310.4 1157 3487
651 1088 3620
697 1000 3487
212.5 675 1818
228.667 982 3045
1160 1476 4641
116.667 470 951
136.533 767 1551
863 912 3194
288.25 981 2778
109.95 597 951
210 1077 2993
603.5 964 3194
365.25 979 3169
145.75 907 2393
575.3 799 3045
295 1109 3169
116.667 516 1402
371.5 671 2203
221.4 488 1336
355 721 2269
503.667 651 2094
109.95 644 1526
448.5 669 2594
1230.42 2127 5216
1369.67 1975 5216
109.95 571 0
152.467 779 2269
229 597 1818
202 319 867
144 260 0
618 623 2028
116.667 444 0
144 281 318
193.2 334 951
186.667 368 451
525 541 1643


125.35 692 1844
1120.47 1381 4605
859 1170 4087
1313 1244 4190
580.7 1088 3620
1023.3 1600 4616
516.7 1096 3311
828 1302 4154
145.75 907 2393
228.667 982 3045
529.5 1206 3938
1197 1199 4154
1335.3 1616 4898
1238.3 1723 4923
221.067 873 2563
915.3 1277 4220
371.967 805 2594
1156.3 1730 4923
1136 1324 4472
656.2 1077 3769
697 1000 3487
1334.3 1625 4923
557.7 1360 4323
1004 1066 3579
641.7 1457 4605
946.3 1449 4538
1039 1231 4154
1292 1634 4923
229.833 1233 3194
1237.8 1606 4641
152.467 779 2269
229.7 951 2993
262.333 1179 3194
734.2 912 3194
439 787 2496
365.25 979 3169
572.55 1109 3620
481.5 1090 3194
460.7 1267 4005
1130.3 1302 4323
605.4 1194 3723
371.5 671 2203
288.7 878 2594
1162 1034 3579
287.7 1115 3229
917.9 1741 5216
331 677 1869
192.867 719 2178
829 771 2979
212.5 675 1818
248.7 936 2594
125.45 805 1977
769.9 1771 5216
192.033 904 2418
527 799 3045
613.5 1303 4220
714.2 1241 4005
691.9 1698 4898
607.9 1601 4616
300 1226 3769
165.45 781 2393
1189 1575 4616
555.2 953 3430
530 589 1961
371.967 851 3045
314.7 983 3169
432.5 1113 3620
510.9 1508 4298
144.867 670 1787
618 623 2028
203.25 1063 2594
503.667 651 2094
1008 1061 3554
377.5 657 2045
195.75 1080 2753
235.75 1056 3169
109.95 644 1526
109.95 571 0
591.95 907 3169
229 597 1818
525 541 1643
448.5 669 2594
109.95 597 951
1167 1635 4641
355 721 2269
116.667 470 951
332.4 751 2203
116.667 516 1402
116.667 444 0
186.667 368 451
193.2 334 951
202 319 867
144 260 0
221.4 488 1336
144 281 318


1092.8 1252 4256
984 1066 3579
1266 1224 4190
1064.2 1449 4923
1217 1225 4190
772.5 1438 4605
144.867 670 1787
572.55 1109 3620
310.4 1157 3487
314.7 983 3169
1187.8 1264 4348
699.2 1511 4605
696 1003 3430
622.3 1004 3430
636.8 1279 4220
810 1251 4154
786.467 1094 3645
734.3 1087 3620
1142.4 1409 4765
877.4 1554 4923
587.95 1157 3938
228.667 982 3045
288.7 878 2594
189.6 862 2444
331 677 1869
697 1000 3487
755.4 1683 4923
229.7 951 2993
781 1097 3769
995 1170 4087
772.5 1067 3579
332.4 751 2203
192.867 719 2178
829 771 2979
380.75 1140 3620
349.75 1104 3487
618 623 2028
752.467 953 3430
761.15 1129 3872
530 589 1961
885.5 1122 3805
1062 1114 3897
821.467 1259 4220
793.233 1677 4923
757.7 1484 4831
125.45 805 1977
825.4 1299 4472
888.8 1142 3963
836.5 1123 3805
575.3 799 3045
109.95 644 1526
429.5 1149 3769
761.9 1307 4380
941 985 3512
1012 1015 3579
898 1077 3769
300 1226 3769
125.35 692 1844
355 721 2269
365.25 979 3169
165.45 781 2393
138.15 798 1911
235.75 1056 3169
116.667 470 951
613.4 1452 4538
600 907 3169
863 912 3194
371.967 851 3045
212.5 675 1818
503.667 651 2094
525 541 1643
652.2 1327 4538
380.65 1027 3487
210 1077 2993
116.667 516 1402
228.667 936 2594
225.4 1125 3311
681.5 1012 3512
145.75 907 2393
463.5 1310 4220
603.5 964 3194
161.15 955 2711
371.967 805 2594
152.467 779 2269
161.25 1068 2844
109.95 597 951
444.9 1197 4087
221.4 488 1336
116.667 444 0
448.5 669 2594
371.5 671 2203
186.667 368 451
109.95 571 0
229 597 1818
202 319 867
144 260 0
193.2 334 951
144 281 318


941 985 3512
415.3 787 2496
1345.8 1782 4923
656.2 1077 3769
145.75 907 2393
241.05 963 2844
193.65 935 2778
152.467 779 2269
600 907 3169
1254.42 1747 4898
825.4 1299 4472
355 721 2269
161.25 1068 2844
274.6 894 2620
613.4 1452 4538
530 589 1961
761.9 1307 4380
761.15 1129 3872
310.4 1157 3487
125.35 692 1844
281.183 1083 3169
587.95 1157 3938
217.8 1016 2829
380.65 1027 3487
1012 1015 3579
314.7 983 3169
652.2 1327 4538
683.8 1484 4605
1048.8 1401 4605
165.45 781 2393
684.4 1231 4154
636.8 1279 4220
228.667 982 3045
444.9 1197 4087
1060.4 1792 4898
259.9 1137 3220
278.5 1250 3353
218.75 1077 2993
288.7 878 2594
463.5 1310 4220
1023.07 1629 4641
172.333 1030 2418
300 1226 3769
380.75 1140 3620
332.4 751 2203
651 1088 3620
840.4 1139 3897
331 677 1869
700.2 771 2979
371.967 805 2594
371.967 851 3045
572.55 1109 3620
116.667 444 0
371.5 671 2203
109.95 597 951
192.867 719 2178
377.5 657 2045
762.4 1066 3579
618 623 2028
138.15 798 1911
365.25 979 3169
212.5 675 1818
527 799 3045
734.2 912 3194
429.5 1149 3769
448.5 669 2594
555.2 953 3430
116.667 470 951
144.867 670 1787
229 597 1818
109.95 571 0
125.45 805 1977
116.667 516 1402
503.667 651 2094
109.95 644 1526
144 260 0
144 281 318
193.2 334 951
221.4 488 1336
202 319 867
525 541 1643
186.667 368 451


783 1180 3938
959 1370 4231
762.4 1066 3579
867 1277 4220
377.5 657 2045
444.9 1197 4087
546.7 1061 3286
1033.2 1034 3579
572.7 1381 4220
217.8 1016 2829
295.6 1075 3071
868.5 1586 4831
767.033 1700 4616
1091.2 1142 3805
1011 1272 4256
580.7 1088 3620
734.2 912 3194
516.7 1096 3311
936.5 1551 4923
257.9 1105 3378
842.7 1276 4154
762.5 1406 4605
773.033 1629 4923
681.5 1012 3512
700.2 771 2979
1092.53 1525 4641
656.2 1077 3769
691.5 1376 4538
761.033 1747 4616
335.7 1164 3620
602 589 1961
448.5 669 2594
367.9 1199 3696
503.667 651 2094
695.033 1556 4605
579.7 1447 4231
331 677 1869
613.5 1303 4220
611.033 1459 4323
365.167 1264 3769
189.6 862 2444
618 623 2028
225.4 1125 3311
574 1004 3430
125.45 805 1977
365.25 979 3169
229.7 951 2993
411.2 815 2418
288.7 878 2594
439 787 2496
374.5 872 2594
609.7 1076 3487
342.9 1137 3554
212.5 675 1818
527 799 3045
431.2 924 3045
161.25 1068 2844
274.6 894 2620
355 721 2269
525 541 1643
688.95 1000 3487
591.95 907 3169
109.95 571 0
165.45 781 2393
192.867 719 2178
116.667 444 0
248.7 936 2594
229 597 1818
314.7 983 3169
152.467 779 2269
161.15 955 2711
125.35 692 1844
432.5 1113 3620
116.667 470 951
210 1077 2993
116.667 516 1402
109.95 597 951
145.75 907 2393
138.15 798 1911
144.867 670 1787
332.4 751 2203
202 319 867
109.95 644 1526
144 260 0
144 281 318
193.2 334 951
186.667 368 451
221.4 488 1336


671 1508 4538
527 799 3045
927.55 1327 4538
849.917 1501 4538
439 787 2496
889.2 1450 4538
161.25 1068 2844
407.233 1150 3512
229.7 951 2993
836.5 1123 3805
1142.4 1409 4765
645.55 1279 4220
810.8 1094 3645
144.867 670 1787
1092.2 1526 4923
710.9 1629 4923
568.4 1555 4538
441.417 1220 3620
885.5 1122 3805
617.3 1124 3748
1217 1225 4190
145.75 907 2393
428.2 1266 3620
459.3 1159 3620
595.9 1649 4616
138.15 798 1911
681.5 1012 3512
397.7 1209 3547
316 1290 3620
428.2 1287 3938
453.4 1575 4231
792.5 1401 4472
813.15 1384 4323
473.9 1412 4323
1062 1114 3897
825.4 1299 4472
1084.3 1481 4605
314.7 983 3169
984 1066 3579
777.9 1474 4472
781 1097 3769
303.65 1029 3096
288.7 878 2594
572.55 1109 3620
697.5 994 3297
125.35 692 1844
331.4 1338 3938
228.667 936 2594
437.5 1183 3554
761.15 1129 3872
228.667 982 3045
752.467 953 3430
587.95 1157 3938
259.2 846 2302
310.4 1157 3487
863 912 3194
152.467 779 2269
371.167 1056 3430
902.5 1086 3579
651 1088 3620
274.6 894 2620
622.3 1004 3430
745.75 1081 3554
161.15 955 2711
235.75 1056 3169
444.9 1197 4087
371.967 805 2594
365.25 979 3169
734.3 1087 3620
189.6 862 2444
125.45 805 1977
602 589 1961
371.967 851 3045
403.3 721 2269
1617.8 2510 5216
380.65 1027 3487
109.95 597 951
332.4 751 2203
217.8 1016 2829
603.5 964 3194
697 1000 3487
427 781 2393
109.95 644 1526
371.5 671 2203
600 907 3169
192.867 719 2178
116.667 444 0
618 623 2028
116.667 516 1402
109.95 571 0
700.2 771 2979
377.5 657 2045
229 597 1818
116.667 470 951
212.5 675 1818
503.667 651 2094
525 541 1643
221.4 488 1336
202 319 867
448.5 669 2594
144 260 0
144 281 318
186.667 368 451
193.2 334 951


221.067 873 2563
377.5 657 2045
431.2 924 3045
828.8 1352 4538
1091.8 1277 4256
1016.2 1095 3805
1070.2 1280 4380
599.2 1202 3769
305.3 1133 3444
1113.3 1623 4923
800.2 1375 4472
528.8 853 2654
1086.2 1748 4898
922.5 1595 4616
503.667 651 2094
633.2 1196 3748
887.8 1167 3963
1031.3 1754 4923
1068.2 1199 4154
1018.3 1611 4831
365.25 979 3169
546.7 1061 3286
883.2 1015 3579
516.7 1096 3311
703.2 1282 4154
529.5 1185 3620
555.2 909 3045
529.5 1160 3487
707.2 1258 4220
682.8 851 3045
643.95 1162 3620
753.2 1170 4087
815.2 1050 3487
555.2 953 3430
1511 1554 4765
656.2 1077 3769
734.2 912 3194
591.95 907 3169
300.917 1094 3169
189.6 862 2444
648.333 1706 4605
617 1336 4062
579.7 1447 4231
700.5 1328 4154
939.3 1478 4605
617 1694 4513
650.7 1579 4298
744.3 1609 4605
460.7 1267 4005
221.4 488 1336
874.8 1607 4605
274.6 894 2620
125.45 805 1977
371.5 671 2203
229.833 1233 3194
332.4 751 2203
229.7 951 2993
714.2 1241 4005
741.7 1617 4831
605.7 1085 3554
287.7 1115 3229
481.5 1090 3194
589.5 823 2979
463.05 1186 3620
527.3 1356 4220
262.333 1179 3194
314.7 983 3169
355 721 2269
880.7 1797 4898
602 589 1961
383.2 875 2654
555.2 907 2979
618 623 2028
300 1226 3769
1011.2 1795 4898
144.867 670 1787
1255 1603 4641
700.2 771 2979
663.7 1544 4513
295 1109 3169
411.2 815 2418
225.4 1104 2993
738.4 1399 4538
374.5 872 2594
161.15 955 2711
152.467 779 2269
228.667 936 2594
192.867 719 2178
116.667 516 1402
525 541 1643
212.5 675 1818
229 597 1818
109.95 571 0
165.45 781 2393
116.667 444 0
145.75 907 2393
144 281 318
109.95 644 1526
555 920 2912
448.5 669 2594
125.35 692 1844
116.667 470 951
186.667 368 451
109.95 597 951
144 260 0
193.2 334 951
202 319 867


797.167 1561 4605
971.467 1279 4220
1280 1851 4923
695.5 1581 4605
225.4 1125 3311
331.4 1338 3938
380.65 1027 3487
361.25 1151 3378
189.6 862 2444
274.6 894 2620
452.9 1231 3872
766.5 1437 4323
161.15 955 2711
303.65 1029 3096
651 1088 3620
746.5 1542 4323
212.5 675 1818
458.5 1364 4005
839.8 1261 4005
471.5 1344 4005
622.3 1004 3430
530 589 1961
724.917 1357 4220
553 1507 4220
1189 1251 4154
438.25 1149 3769
1008 1061 3554
624.167 1553 4231
864.467 1167 3963
860 1774 4831
572.55 1109 3620
1012 1015 3579
591.95 907 3169
696.3 1376 4220
218.75 1077 2993
786 1533 4538
206.333 1191 2869
1085.47 1216 4030
1083 1085 3590
984 1066 3579
687.917 1331 3938
377.5 657 2045
294.967 853 2654
371.5 671 2203
145.75 907 2393
786.467 1094 3645
288.7 878 2594
734.3 1087 3620
355 721 2269
955.8 1241 4005
654.667 1487 4220
1048.87 1375 4256
752.467 953 3430
834.867 1449 4538
244 1238 3444
1010.87 1384 4323
772.5 1067 3579
310.4 1157 3487
161.25 1068 2844
829 771 2979
371.167 1056 3430
831.867 1488 4605
152.467 779 2269
221.067 873 2563
640 1488 4220
863 912 3194
380.75 1140 3620
1101.87 1393 4513
603.5 964 3194
314.7 983 3169
329 1270 3620
316 1290 3620
784.867 1283 4220
618 623 2028
371.967 805 2594
192.867 719 2178
751.617 1332 4220
300.967 839 2496
371.967 851 3045
712.867 1147 3645
527 799 3045
503.667 651 2094
365.25 979 3169
152.467 733 1818
228.667 982 3045
138.15 798 1911
116.667 516 1402
702.5 983 3205
229 597 1818
136.533 767 1551
772.95 1097 3769
144.867 670 1787
125.45 805 1977
193.65 935 2778
235.75 1056 3169
239 692 1844
109.95 644 1526
332.4 751 2203
165.45 781 2393
221.4 488 1336
448.5 669 2594
229.7 951 2993
116.667 470 951
116.667 444 0
144 281 318
186.667 368 451
525 541 1643
109.95 597 951
109.95 571 0
331 677 1869
144 260 0
202 319 867
193.2 334 951


906 1448 4472
335.7 1164 3620
212.5 675 1818
305.3 1133 3444
161.15 955 2711
1197 1199 4154
1187.2 1825 4898
485.8 1409 4220
429.5 1149 3769
294.967 853 2654
898.5 1449 4472
389 1460 4220
161.25 1068 2844
235.75 1056 3169
591.95 907 3169
314.7 983 3169
138.15 798 1911
700.2 771 2979
1018.55 1382 4605
1156 1687 4765
380.65 1027 3487
781 1097 3769
530 589 1961
810.5 1435 4380
681.5 1012 3512
806 1437 4380
984 1066 3579
144.867 670 1787
387.833 1278 3769
863 912 3194
1012 1015 3579
732.8 1476 4538
745.75 1081 3554
329 1270 3620
510.5 1353 4154
229.833 1233 3194
210 1077 2993
811.25 1252 4154
734.3 1087 3620
1008 1061 3554
125.35 692 1844
720.25 1197 4087
786.467 1094 3645
316 1290 3620
972.3 1354 4323
355 721 2269
331 677 1869
152.467 779 2269
368 1279 3769
572.55 1109 3620
818.75 1251 4154
145.75 907 2393
371.5 671 2203
165.45 781 2393
582.5 1570 4513
276.5 1232 3194
1388.87 1601 4641
622.3 1004 3430
192.867 719 2178
532.3 1329 4220
654.3 1566 4513
1243.2 1335 4447
651 1088 3620
772.5 1067 3579
692.55 1484 4605
332.4 751 2203
365.25 979 3169
221.4 488 1336
525.5 1346 4087
949 1258 4220
976.5 1177 3872
1411.8 1549 4641
371.967 805 2594
1183.8 1307 4323
116.667 516 1402
288.7 878 2594
125.45 805 1977
116.667 444 0
228.667 982 3045
645.55 1279 4220
229 597 1818
603.5 964 3194
377.5 657 2045
380.75 1140 3620
109.95 571 0
752.467 953 3430
618 623 2028
525 541 1643
228.667 936 2594
448.5 669 2594
371.967 851 3045
144 281 318
109.95 597 951
503.667 651 2094
144 260 0
575.3 799 3045
109.95 644 1526
202 319 867
193.2 334 951
116.667 470 951
186.667 368 451


814.3 1501 4538
145.75 907 2393
945 1350 4538
580.7 1088 3620
1137 1589 4898
1270.95 1481 4765
448.5 669 2594
1136.7 1591 4898
527.3 1356 4220
1044 1299 4472
144.867 670 1787
1005.95 1281 4380
239 692 1844
1147.95 1600 4923
335.7 1164 3620
288.7 878 2594
936.7 1693 4898
880.7 1797 4898
457.7 1401 3913
1126.95 1676 4923
792.7 1586 4831
529.5 1206 3938
897.95 1375 4472
707.2 1258 4220
605.7 1085 3554
617 1336 4062
332.4 751 2203
161.15 955 2711
741.7 1617 4831
608.533 1052 3430
988.5 1616 4898
618.533 1030 3194
703.2 1282 4154
579.7 1447 4231
1016.2 1095 3805
617 1694 4513
618.7 1441 4513
152.467 733 1818
883.2 1015 3579
753.2 1170 4087
1143 1509 4831
432.5 1113 3620
980 2015 5216
503.667 651 2094
229.833 1233 3194
700.5 1328 4154
1113 1753 4923
611.333 1680 4323
136.533 767 1551
411.2 815 2418
229.7 951 2993
618 623 2028
482.7 1354 3913
656.2 1077 3769
806 1870 4898
138.15 798 1911
262.333 1179 3194
591.95 907 3169
481.5 1090 3194
229 597 1818
221.4 488 1336
300 1226 3769
195.75 1080 2753
967.2 1096 3805
812.2 985 3512
439 787 2496
451.8 1473 3913
248.7 936 2594
152.467 779 2269
1112.7 1801 4923
688.95 1000 3487
212.5 675 1818
411.333 1489 4005
700.2 771 2979
377.5 657 2045
371.5 671 2203
305.3 1133 3444
314.7 983 3169
691.8 1597 4538
192.033 904 2418
125.45 805 1977
546.7 1061 3286
235.75 1056 3169
577.2 1040 3338
525 541 1643
516.7 1096 3311
380 1477 3913
734.2 912 3194
192.867 719 2178
165.45 781 2393
355 721 2269
371.967 851 3045
109.95 571 0
116.667 444 0
109.95 644 1526
530 589 1961
116.667 470 951
609.7 1076 3487
527 799 3045
116.667 516 1402
109.95 597 951
144 281 318
186.667 368 451
202 319 867
193.2 334 951
144 260 0


859 1170 4087
613.4 1452 4538
761.9 1307 4380
915.3 1277 4220
622.3 1004 3430
885.5 1122 3805
288.7 878 2594
221.067 873 2563
781.333 1081 3554
697 1000 3487
734.3 1087 3620
930 1200 4154
189.6 862 2444
651 1088 3620
781 1097 3769
652.2 1327 4538
229.7 951 2993
796.8 953 3430
229.833 1233 3194
444.9 1176 3769
825.4 1299 4472
530 589 1961
888.8 1142 3963
836.5 1123 3805
527.3 1356 4220
220.233 1058 2803
444.9 1197 4087
1062 1114 3897
951.2 1458 4605
670.8 1678 4923
212.5 675 1818
259.9 1137 3220
335.7 1164 3620
144.867 670 1787
681.5 1012 3512
810.8 1094 3645
1193.2 1621 4616
600.9 1535 4605
761.15 1129 3872
587.95 1157 3938
300 1226 3769
575.3 799 3045
342.9 1137 3554
600 907 3169
235.75 1056 3169
287.7 1115 3229
371.967 805 2594
161.25 1068 2844
532.3 1329 4220
331.4 1338 3938
902.5 1086 3579
125.45 805 1977
829 771 2979
228.667 982 3045
1008 1061 3554
459.3 1159 3620
228.667 936 2594
310.4 1157 3487
503.667 651 2094
377.5 657 2045
841.5 1271 4154
380.65 1027 3487
152.467 779 2269
863 912 3194
138.15 798 1911
355 721 2269
1004 1066 3579
371.967 851 3045
192.867 719 2178
618 623 2028
371.5 671 2203
603.5 964 3194
314.7 983 3169
161.15 955 2711
145.75 907 2393
365.25 979 3169
218.75 1077 2993
165.45 781 2393
116.667 516 1402
331 677 1869
116.667 444 0
116.667 470 951
274.6 894 2620
109.95 644 1526
109.95 597 951
332.4 751 2203
229 597 1818
186.667 368 451
448.5 669 2594
144 260 0
193.2 334 951
525 541 1643
221.4 488 1336
109.95 571 0
125.35 692 1844
144 281 318
202 319 867


