1178 1076 3807
799.833 1186 4157
874.667 1423 4376
1250 1279 4508
720.5 1132 3807
1521.33 2102 5766
1122.33 1611 5216
640.333 880 3108
1198.33 1801 5425
1301.33 2104 5766
1237.33 1590 5216
1062 1379 4559
1022.33 1489 4559
734.333 1063 3475
1049.33 1997 4865
688.667 1124 3624
1741.33 1869 5766
1006 1326 4376
1280 1168 4533
1138 1451 4717
606.833 1014 3257
1111.33 1296 4376
840.333 1053 3650
606.333 911 2950
868 1019 3484
974.333 1521 4717
935 968 3484
528.5 951 2866
1489 1529 5058
764 1251 3851
968 946 3607
872 1120 4009
710.5 1102 3607
1027 1102 4034
965 1028 3607
583.833 1026 3042
1409 1498 4900
1017 1317 4350
782 1071 3658
1104.33 1884 5425
703 927 3283
617.167 1196 3567
1570.5 1648 5267
1050 1293 4350
524 995 2950
469.333 948 2749
992.5 1453 4533
788 1202 3851
854.667 1447 4200
1588 2028 5766
686 930 3125
695 864 2950
386 950 2749
712 861 3108
589 1091 3475
390.333 895 2559
921 1015 3484
1149 986 3632
1607 1756 5399
798 1405 4025
1314.33 1429 4673
1100.17 1568 4875
606.333 938 3108
711.333 1208 3816
670.833 1178 3807
775 991 3308
896 920 3133
561.5 1061 3058
1778 1766 5766
294.333 627 1642
982 850 3082
1432.33 1737 5267
651 705 2217
591.5 1042 3257
795 924 3283
623.833 806 2881
729 784 2583
514.833 868 2758
564.5 709 2356
247.333 481 1251
347.333 665 2192
277 671 1857
522.333 820 2749
1185.33 1595 4926
644 1187 3650
347.333 616 1667
928 1322 4200
1684 1972 5766
708.833 1258 3983
230 476 941
294.333 676 2167
642 800 2392
528 580 1642
343 720 2382
557.667 805 2534
578 636 1842
247.333 432 726
505 643 1857
600 520 1276
210.333 536 1441
194.667 487 916
316 254 0
587 542 1667
304 439 916
163.333 341 525
263.333 525 1466
316 299 941
163.333 292 0


797 1325 4376
466.5 1012 2881
1390 1386 4742
1639 1681 5267
764 1251 3851
695 864 2950
854 1046 3658
968 946 3607
706.333 1449 4149
813 1191 3833
1463.67 2028 5766
804 1018 3485
796.5 850 3082
1081.33 1647 5058
815.5 1183 3983
1015 1196 4192
971.333 1637 4926
712 861 3108
782 1071 3658
993 1047 3825
1082 1589 4926
1013.33 1229 4559
664.833 1093 3598
1246 1573 4874
390.333 895 2559
320.667 627 1642
1363.5 1722 5425
718.333 1032 3449
522.333 820 2749
982.5 1319 4533
716.667 1039 3435
589 1091 3475
797 1122 3675
386 950 2749
872 1120 4009
1102 1104 4034
1044 1098 3851
633.167 1139 3782
885 888 3118
1314 1503 4673
923 1558 4717
684 1254 3851
337.667 901 2224
514.833 916 3257
681.333 1054 3650
550 1210 3299
973 1439 4401
1000.33 1490 4541
821.333 1320 4200
651.167 1358 3807
653.5 1131 3807
693.5 1314 3983
1682 1854 5766
877 1234 4034
277 671 1857
347.333 665 2192
820.333 1003 3624
347.333 616 1667
936 1274 4350
651 705 2217
742.167 1268 4149
762.333 924 3283
343 720 2382
564.5 709 2356
951 1130 4034
1435 1523 4900
775 991 3308
817 1045 3624
230 476 941
623.833 806 2881
642 800 2392
1419 1312 4742
247.333 481 1251
294.333 676 2167
1089 1754 5425
729 784 2583
935 968 3484
194.667 487 916
210.333 536 1441
703 927 3283
578 636 1842
600 520 1276
587 542 1667
247.333 432 726
505 643 1857
316 254 0
640.333 880 3108
163.333 292 0
263.333 525 1466
316 299 941
304 439 916
528 580 1642
163.333 341 525


805 1419 4200
707.833 946 3607
862 1497 4541
390.333 895 2559
954.5 1081 3807
665.833 1240 3782
575.333 1092 3475
946.333 1392 4401
466.5 1012 2881
897.833 1301 4148
1065.33 1323 4874
522.333 820 2749
1009.33 1422 4874
870 1092 3833
1110.33 1499 5425
640.333 880 3108
718.333 1135 3983
294.333 627 1642
996.333 1456 4900
901.333 1241 3984
855 1123 3851
877 1263 4034
1047.33 1664 4926
762.333 924 3283
986.333 1139 4009
891 1090 3675
796.333 1315 3984
550 1210 3299
557.667 805 2534
1289.67 1956 5766
639.667 1089 3475
810 1510 4332
695 1184 3650
669.833 1072 3624
960 1181 4034
999 1132 4034
742.667 1433 3985
1160 1212 4375
1562.5 1954 5766
949.333 1216 4009
963.5 986 3632
796.5 850 3082
708.833 1258 3983
737.5 1115 3632
644.667 1177 3567
514.833 916 3257
908 1087 3833
703 927 3283
905.333 1417 4401
564.5 709 2356
712 861 3108
617.167 1196 3567
623.833 806 2881
927.667 1476 4533
695 864 2950
879 997 3658
277 671 1857
885 888 3118
343 720 2382
856.5 1524 4533
757.333 1350 4149
294.333 676 2167
651 705 2217
247.333 481 1251
347.333 665 2192
210.333 536 1441
347.333 616 1667
496.667 943 2683
247.333 432 726
230 476 941
194.667 487 916
505 643 1857
263.333 525 1466
872 1325 4009
469.333 948 2749
699 1306 3934
642 800 2392
316 254 0
729 784 2583
600 520 1276
578 636 1842
163.333 292 0
587 542 1667
528 580 1642
304 439 916
163.333 341 525
316 299 941


1137.83 1538 4875
1356.5 1547 5058
704.833 1228 4332
872 1120 4009
606.333 911 2950
734.333 1063 3475
1102 1104 4034
951 1158 4034
606.333 849 2749
604.833 1145 3391
806 1048 3391
1271.33 1950 5425
1140 1081 3807
1038 1314 4375
695 864 2950
672.333 1089 3475
909 1596 4559
894.333 1350 4376
557.667 805 2534
988.5 1570 4849
561.333 872 2709
550 1210 3299
661.833 1123 3624
1704 1724 5241
902.5 1421 4533
782 1071 3658
473.167 892 2392
1402.5 1930 5425
1265.5 1817 5399
721.833 1085 3592
1343 1533 4742
619.833 1212 3416
469.333 948 2749
802.5 1211 4157
654.333 883 3068
635.333 844 2666
1078 1115 4009
1041.5 1592 4875
746.333 813 2717
775 991 3308
999 1132 4034
790.333 1342 4350
1380.33 1756 5267
1149 986 3632
603.333 1106 3383
712 861 3108
868 1019 3484
673.167 1084 3308
559.167 891 2723
466.5 1012 2881
1004.33 1357 4559
853 1095 3675
1139 1298 4376
1480 1508 4849
1124 1665 4926
987.333 1810 4900
842 806 2881
854 1046 3658
1602 1740 5267
1162 1660 4900
1573.5 1845 5766
1056.5 1324 4533
386 950 2749
819 1192 3833
1050 1293 4350
859 1088 3833
885 888 3118
900.667 1544 4490
632 821 2565
599.5 1324 3391
631 1146 3475
653.5 1131 3807
422 665 2192
935 968 3484
277 671 1857
640.333 831 2583
514.833 916 3257
1344.5 1652 5058
294.333 676 2167
294.333 627 1642
729 784 2583
564.5 709 2356
982 850 3082
385.333 665 1808
651 705 2217
343 720 2382
653 812 2583
1404.33 1905 5766
1381.33 1799 5399
795 924 3283
711 827 2758
247.333 481 1251
347.333 616 1667
194.667 487 916
263.333 525 1466
703 927 3283
1717 1751 5425
210.333 536 1441
230 476 941
420.667 904 2534
1080 1756 5058
587 542 1667
600 520 1276
316 254 0
163.333 341 525
316 299 941
528 580 1642
505 643 1857
578 636 1842
304 439 916
163.333 292 0
642 800 2392
247.333 432 726


910.333 1228 4559
1379.67 1902 5425
1269.33 1639 4926
1014.83 1157 4157
817 1045 3624
277 671 1857
606.333 960 3475
707.833 946 3607
951 1158 4034
1053.83 1517 4874
840.333 1053 3650
640.333 880 3108
576.167 1194 3391
1423.33 1830 5425
1114.67 1767 5267
792.167 1536 4509
1129.83 1382 4673
846.333 1064 4009
999.333 1188 4117
1340 1608 4900
993 1047 3825
653.5 1131 3807
623.833 806 2881
828.833 1288 4174
390.333 895 2559
703 927 3283
1470.67 1811 5399
1536.33 1975 5766
1490 1395 5058
657.5 1180 3833
901.833 1235 4157
1225.67 2113 5425
632 1331 4025
606.167 1083 3308
950.333 1708 4900
796.5 850 3082
514.833 916 3257
514.833 868 2758
1403.67 1981 5766
522.333 820 2749
1110 1700 5058
948 1494 4691
1401.83 1849 5425
683.833 1109 3983
1176.5 1469 4691
871 1342 4350
661.833 1123 3624
870.5 1492 4508
712 861 3108
885 888 3118
1027 1102 4034
605.5 1149 3431
469.333 948 2749
1237.5 1952 5425
1620 1901 5766
877 1263 4034
466.5 1012 2881
347.333 616 1667
557.667 805 2534
934 1043 3618
294.333 676 2167
651 705 2217
642 800 2392
473.167 892 2392
729 784 2583
762.333 924 3283
386 950 2749
347.333 665 2192
294.333 627 1642
263.333 525 1466
564.5 709 2356
343 720 2382
247.333 432 726
780.167 1439 4200
528 580 1642
1367 1527 5267
505 643 1857
247.333 481 1251
194.667 487 916
210.333 536 1441
600 520 1276
230 476 941
578 636 1842
304 439 916
163.333 292 0
587 542 1667
163.333 341 525
316 254 0
316 299 941


1248 1487 4875
676.167 1229 3833
782 1071 3658
617.167 1196 3567
891 1541 4515
466.5 1012 2881
993 1182 4401
522.333 820 2749
719.833 1076 3807
1320 1651 5058
683.833 1109 3983
1287 2108 5766
847.833 1021 3607
337.667 901 2224
669.833 1072 3624
1023 1552 4524
390.333 895 2559
1343.67 2058 5766
1090.33 1526 4533
703 927 3283
469.333 948 2749
735.167 1280 4508
1245 1280 4559
1171 1384 4559
712 861 3108
1315.5 1754 5058
1173 1509 4926
1336 1524 5058
873.333 1565 4524
935 968 3484
877 1062 3643
853 1003 3624
294.333 627 1642
605.5 1149 3431
960 1181 4034
1116 1671 4875
1310.33 1915 5267
1175 1823 5216
1118.83 1809 5058
1011.33 1673 4717
651 705 2217
1333.33 1573 5058
1130 1510 4559
846.333 1064 4009
1648 1974 5766
1453 1785 5267
1151 1538 4926
885 888 3118
347.333 665 2192
606.333 960 3475
762.333 924 3283
496.667 943 2683
564.5 709 2356
947.833 1695 4875
623.833 806 2881
1349.33 1466 4875
1118 1539 4691
796.5 850 3082
1435 1501 4900
514.833 916 3257
347.333 616 1667
644 1187 3650
343 720 2382
642 800 2392
1142 1408 4559
725 805 2534
1236 1333 4559
1321 1831 5425
277 671 1857
1737 1591 5241
263.333 525 1466
587 542 1667
294.333 676 2167
528 580 1642
210.333 536 1441
640.333 880 3108
729 784 2583
194.667 487 916
230 476 941
505 643 1857
600 520 1276
247.333 432 726
578 636 1842
247.333 481 1251
163.333 341 525
163.333 292 0
304 439 916
316 254 0
316 299 941


1314.33 2057 5766
1158 1300 4533
896 920 3133
1005.33 1414 4926
840.333 1053 3650
522.333 820 2749
791 1055 3466
910 995 3618
822.5 1376 4533
591.5 1042 3257
1521 1581 5241
885 888 3118
654.333 1177 3567
935 1711 4699
655.5 1320 3592
665.833 1240 3782
879 997 3658
617.167 1196 3567
1083.83 1668 5058
1121 1355 4559
794.667 1306 4025
821.5 1313 4157
557.667 805 2534
683.333 918 3090
654.333 883 3068
1666.33 1856 5766
846.333 1064 4009
708.833 1258 3983
591.833 1020 3257
666.5 1149 3431
386 950 2749
779.5 1358 4332
520.5 940 2891
1010.5 1325 4533
787 1361 4508
604.833 1145 3391
951 1130 4034
936 1274 4350
630 957 3125
877 1234 4034
805 1199 4009
390.333 895 2559
998 1229 4332
703 927 3283
628.5 949 2906
1057 1137 4157
775 991 3308
576.167 1194 3391
943.5 1935 4900
697.5 1144 3592
347.333 665 2192
804 1018 3485
1340 1516 5058
814.5 1342 4157
1186 1304 4559
469.333 948 2749
1062 1379 4559
1194.5 1830 5425
993.167 1479 4900
526.333 954 3042
1147.33 1911 5425
720.5 1132 3807
658.333 1127 3284
739 1202 3851
855.333 1189 4010
1458.33 1763 5267
712 861 3108
642.833 1091 3283
1554.33 1828 5425
606.833 1014 3257
466.5 1012 2881
985 1541 4849
748.833 1315 4117
514.833 868 2758
975 1262 4174
797 1122 3675
670.833 1178 3807
343 720 2382
935 968 3484
473.167 892 2392
973 916 3257
347.333 616 1667
294.333 627 1642
760.167 1386 4142
651 705 2217
294.333 676 2167
554.333 1155 3109
660.167 1334 4117
623.833 806 2881
642 800 2392
762.333 924 3283
277 671 1857
729 784 2583
564.5 709 2356
505 643 1857
587 542 1667
194.667 487 916
247.333 432 726
230 476 941
210.333 536 1441
600 520 1276
247.333 481 1251
163.333 292 0
1387.5 1939 5766
528 580 1642
578 636 1842
304 439 916
316 254 0
163.333 341 525
263.333 525 1466
316 299 941


1593.33 1900 5425
664.833 1093 3598
693.5 986 3248
913.5 1394 4524
1052 1525 5058
496.667 943 2683
1882 1851 5425
1425.33 2030 5425
896 920 3133
1498.5 1996 5766
959.333 1342 4192
1320.67 2057 5399
718.5 1358 4332
628.5 949 2906
776.333 1166 3825
548.333 831 2534
1185.33 1510 4900
390.333 895 2559
707.833 946 3607
924 1559 4717
881.333 1356 4508
996 1339 4350
684 1254 3851
846.333 1064 4009
520.5 940 2891
1125 1516 4926
813 1191 3833
1521 1630 5241
626.833 1196 3567
681.333 1054 3650
1234.33 1927 5216
708.833 1378 4332
660.833 1214 3592
988.667 1727 4874
640.333 880 3108
842 1435 4401
1472 1509 4900
877 1263 4034
796.5 850 3082
469.333 948 2749
1994 1725 5425
792.833 1288 4174
623.833 806 2881
779.333 1046 3658
655.5 1320 3592
606.833 1014 3257
591.5 1042 3257
557.667 805 2534
712 861 3108
820.333 1451 4559
736.333 1224 3675
815.5 1183 3983
681 1015 3475
528.833 932 2708
708.167 1355 4034
524 995 2950
606.333 849 2749
973 916 3257
638.833 1163 3416
347.333 616 1667
1496 2048 5766
746.5 1258 3974
1351.83 1868 5399
473.167 892 2392
526.333 954 3042
1554 1636 5267
852.333 1350 4376
732 1229 3851
885 888 3118
686 930 3125
651 705 2217
1492 1949 5425
787.833 1350 4149
1345.33 1972 5399
466.5 1012 2881
277 671 1857
1769 1925 5766
1351.67 1718 5216
1476.33 2113 5766
564.5 709 2356
386 950 2749
795 924 3283
294.333 676 2167
729 784 2583
980 1235 4034
230 476 941
589 1069 3108
294.333 627 1642
844 1143 3782
1013.33 1229 4559
630 957 3125
247.333 432 726
347.333 665 2192
343 720 2382
505 643 1857
247.333 481 1251
633.167 1091 3283
554 838 2723
210.333 536 1441
263.333 525 1466
163.333 292 0
194.667 487 916
528 580 1642
600 520 1276
304 439 916
316 299 941
578 636 1842
587 542 1667
642 800 2392
163.333 341 525
316 254 0


583.667 1282 3500
833 1289 3984
943 967 3459
1419 1312 4742
1524.5 1677 5267
891 1090 3675
683.833 1109 3983
646 812 2583
721.833 1085 3592
954.5 1081 3807
695 864 2950
1261 1831 5425
1036 1414 4559
1118 1545 4691
1258 1909 5216
1011.33 1542 4541
865 1354 4192
654.333 883 3068
986 1238 4350
951 1158 4034
796.5 850 3082
501.667 1161 2774
850 1071 3658
1408 2160 5766
514.833 916 3257
606.167 1083 3308
963.5 986 3632
904 1054 3650
681 1132 3460
795 924 3283
910 995 3618
1265.5 1756 5425
496.667 943 2683
971 1582 4874
635.167 1197 3567
1235.17 2030 5425
713.5 1347 4123
1095.33 1664 4926
683.833 1061 3484
550 1210 3299
1403 1320 4533
1227 1333 4375
473.167 892 2392
1469.5 1832 5766
991.5 1235 4174
767.833 1381 4508
1261 1543 5058
815.333 1063 3592
514.833 868 2758
420.667 904 2534
469.333 948 2749
927 1280 4174
722.833 1303 4142
638.833 1163 3416
1191 1784 5058
862 1000 3500
824 1073 3618
878 992 3308
746.333 813 2717
703.833 1352 4142
940.667 1638 4875
645.333 1012 3435
1310 1343 4376
644 1187 3650
765.333 1083 3650
347.333 665 2192
386 950 2749
1327 1326 4376
1117.33 1363 4508
619.833 1212 3416
872 1120 4009
704.333 909 3108
703 927 3283
800.333 1364 4174
1200.67 1992 5216
294.333 676 2167
644 809 2407
642 800 2392
616 1254 3391
347.333 616 1667
247.333 481 1251
1129.33 1222 4123
711 827 2758
860.5 1450 4533
522.333 820 2749
725 805 2534
230 476 941
343 720 2382
210.333 536 1441
712 861 3108
277 671 1857
651 705 2217
564.5 709 2356
578 636 1842
263.333 525 1466
729 784 2583
294.333 627 1642
587 542 1667
163.333 292 0
528 580 1642
247.333 432 726
908 1087 3833
505 643 1857
194.667 487 916
304 439 916
600 520 1276
163.333 341 525
316 254 0
316 299 941


829.5 1262 4174
640.333 880 3108
951 1130 4034
390.333 895 2559
968 946 3607
1102 1104 4034
921 1436 4559
1121 1622 4900
1128 1269 4376
1213 1295 4533
1005.33 1758 4900
954.5 1081 3807
1078 1115 4009
1178 1076 3807
840 1543 4559
1205 1317 4533
469.333 948 2749
805 1199 4009
832 1343 4200
1174.33 1815 5267
1290 1635 4926
1241.5 1509 4699
1402.33 1801 5766
671.5 1280 3807
623.333 817 2533
1242.33 1756 5040
703 927 3283
743.333 1347 4376
1303.67 1597 4717
712 861 3108
796.5 850 3082
1016 1221 4192
683.833 1109 3983
1343 1591 4742
1389 2026 5766
768 1028 3607
878 1195 4009
695 864 2950
1721 1748 5425
1142 1409 4559
859 1016 3308
425 1002 2709
1321.67 1899 5399
935 968 3484
898.5 1346 4533
294.333 627 1642
963.5 986 3632
531.333 820 2749
885 888 3118
1701.33 1800 5267
878 992 3308
575.333 1092 3475
591.833 1068 3598
1095.5 1832 4926
294.333 676 2167
466.5 1012 2881
642 800 2392
623.833 806 2881
514.833 868 2758
473.167 892 2392
644 1187 3650
1012 1297 4350
514.833 916 3257
347.333 665 2192
762.333 924 3283
564.5 709 2356
277 671 1857
651 705 2217
729 784 2583
347.333 616 1667
1364 1518 5058
247.333 432 726
343 720 2382
230 476 941
694 1056 3650
1338 1601 4874
194.667 487 916
528 580 1642
600 520 1276
210.333 536 1441
587 542 1667
505 643 1857
247.333 481 1251
578 636 1842
316 299 941
316 254 0
263.333 525 1466
163.333 292 0
163.333 341 525
304 439 916


1038 1314 4375
1376 1655 5241
1312 1415 4691
337.667 901 2224
1508.33 1735 5267
790.667 1488 4699
820.333 1003 3624
703.833 1352 4142
871.333 1045 3658
1009 1340 4458
1305 1849 5216
1340.83 1915 5399
797 1325 4376
762.333 924 3283
951 1130 4034
1191.33 1320 4533
1511 1827 5399
1382 1427 4717
1209.33 1442 5058
1314 1433 4742
826.333 1088 3833
1946 1875 5766
817 1045 3624
1993 1829 5425
591.833 1068 3598
1131 1257 4375
1610 1879 5425
959.333 1483 4926
642.833 1139 3782
651.167 1358 3807
799 1304 3991
1337 1244 4376
466.5 1012 2881
623.833 806 2881
640.333 880 3108
872 1120 4009
1579 1710 5267
982.5 1348 4533
707.833 946 3607
719.833 1076 3807
669.833 1072 3624
1121 1355 4559
695 864 2950
1202 1933 5425
531.333 820 2749
831.5 1373 4533
386 950 2749
1599 1905 5425
712 861 3108
885 888 3118
1732 1874 5425
1068.83 1647 5058
1078 1115 4009
854 1046 3658
683.833 1109 3983
703 927 3283
514.833 916 3257
347.333 616 1667
877 1234 4034
390.333 895 2559
294.333 627 1642
970.333 1445 4717
1060 1186 4157
347.333 665 2192
1284.33 2003 5766
921 1436 4559
469.333 948 2749
651 705 2217
1245 1280 4559
564.5 709 2356
277 671 1857
796.5 850 3082
557.667 805 2534
294.333 676 2167
1146.33 1456 4900
979.333 1291 4350
729 784 2583
528 580 1642
343 720 2382
505 643 1857
1252 1176 4192
908 1087 3833
642 800 2392
587 542 1667
247.333 481 1251
210.333 536 1441
194.667 487 916
247.333 432 726
578 636 1842
230 476 941
600 520 1276
1609 1917 5766
316 254 0
304 439 916
316 299 941
163.333 341 525
263.333 525 1466
163.333 292 0


1356 1622 5058
713.5 1347 4123
633.167 1139 3782
862 1000 3500
1162 1582 4900
683.833 1109 3983
885.833 1264 4350
1095.83 1491 4875
1083 1375 4533
466.5 1012 2881
847.833 1021 3607
1096 1864 5040
1380.33 1714 5241
1102 1104 4034
661.833 1123 3624
1033.33 1736 4900
695 864 2950
681.333 1032 3283
1107.33 1358 4559
1753 1897 5766
717.167 1279 4508
1064.5 1517 4524
1419 1264 4401
1249.67 2236 5399
1387.33 1598 5058
694 1056 3650
1250.17 1776 5425
943 967 3459
960.333 1666 4509
294.333 627 1642
1194 1097 3851
681.333 1110 3409
817 1045 3624
704.333 909 3108
1375.17 1726 5425
642.833 1091 3283
1406.67 2107 5766
853 1003 3624
619.833 1212 3416
795 924 3283
654.333 883 3068
623.833 806 2881
514.833 916 3257
1220 1459 4926
776.333 1214 4324
673.167 1084 3308
885 888 3118
1064.67 1741 4926
1249 1699 5058
1180.33 1819 5267
347.333 665 2192
932 1740 4509
935 968 3484
390.333 895 2559
826.333 1088 3833
999 1132 4034
1288 1679 5058
1435 1437 4900
1711.5 1928 5766
779.333 1046 3658
600.333 1269 3299
768 1028 3607
1575 1701 5425
775 991 3308
796.5 850 3082
746.333 1035 3475
1535.83 1948 5766
277 671 1857
469.333 948 2749
910 995 3618
294.333 676 2167
522.333 820 2749
343 720 2382
1158 1329 4559
642 800 2392
1342.5 1759 5241
230 476 941
729 784 2583
651 705 2217
1038.17 1558 4875
347.333 616 1667
194.667 487 916
247.333 432 726
703 927 3283
712 861 3108
210.333 536 1441
587 542 1667
514.833 868 2758
623.333 817 2533
564.5 709 2356
505 643 1857
600 520 1276
247.333 481 1251
1476 1659 5267
528 580 1642
578 636 1842
304 439 916
316 299 941
163.333 292 0
263.333 525 1466
163.333 341 525
316 254 0


910 995 3618
707.833 946 3607
640.333 880 3108
1354.33 1899 5766
859.333 1043 3618
832 1228 3991
633.167 1139 3782
1072.83 1608 4849
762.333 924 3283
857.333 1480 4149
1957 1852 5425
898.5 1346 4533
890 1512 4324
1459.33 1707 5267
761.5 1468 4123
999.833 1681 4849
1447.33 1434 4849
965.333 1351 4559
473.167 892 2392
1018.33 1345 4350
936.333 1059 3643
623.833 806 2881
951 1130 4034
466.5 1012 2881
347.333 665 2192
606.333 849 2749
888.333 1417 4200
1463 1456 4900
1231 1835 5241
661.833 1123 3624
846.333 1064 4009
1311.5 1833 5241
514.833 916 3257
347.333 616 1667
877 1234 4034
683.833 1109 3983
1606.33 1882 5425
294.333 676 2167
337.667 901 2224
725 805 2534
804 1425 4123
1233 1673 5058
833.833 1435 4142
824.833 1285 4117
1078.33 1273 4559
695 864 2950
589 1091 3475
1097.33 1556 4926
509.333 896 2559
1027 1102 4034
848 1590 4508
796.667 1300 4025
896.667 1393 4123
564.5 709 2356
294.333 627 1642
1280 1244 4533
1339.67 1905 5267
1399 1694 5216
796.5 850 3082
623.333 817 2533
386 950 2749
950.833 1286 4157
703 927 3283
1853 1896 5766
1113 2063 5040
554 838 2723
712 861 3108
1824 1875 5425
247.333 432 726
642 800 2392
277 671 1857
990.5 1723 4874
1260.33 1490 5058
343 720 2382
429.333 947 2519
505 643 1857
263.333 525 1466
528 580 1642
230 476 941
578 636 1842
1161.67 1907 5425
729 784 2583
651 705 2217
194.667 487 916
600 520 1276
1521.33 1803 5399
247.333 481 1251
304 439 916
210.333 536 1441
587 542 1667
316 299 941
163.333 292 0
316 254 0
163.333 341 525


879 997 3658
764 1251 3851
623.833 806 2881
1435 1897 5425
1368.5 1898 5399
1191.5 1524 5058
786 1324 3985
466.5 1012 2881
821.833 1168 4533
779.333 1046 3658
633.167 1139 3782
877.333 995 3618
739.167 1306 3934
759.5 1379 4148
1377.67 2108 5425
775 991 3308
1063 1585 4559
1027 1102 4034
989 1617 4926
653.5 1131 3807
386 950 2749
1464.33 1808 5425
779.167 1438 4174
805.5 1265 3983
1281.33 1742 5267
783.667 1332 4025
1432.67 2283 5766
982 850 3082
294.333 676 2167
337.667 901 2224
913.333 1668 4849
826.333 1088 3833
1488.67 1870 5766
1236 1436 4559
821.333 1200 3851
1178 1076 3807
731.333 1035 3409
712 861 3108
684 1254 3851
1464 1457 4926
707.833 898 3108
1363.33 2160 5425
719.833 1028 3308
469.333 948 2749
1233 1157 4157
794.333 1321 4149
575.333 1092 3475
763 1082 3466
728.833 1124 3624
1194 1097 3851
390.333 895 2559
654.333 883 3068
277 671 1857
725 805 2534
514.833 916 3257
564.5 709 2356
1218.67 1935 5241
762.333 924 3283
1380 1907 5425
769.833 1343 3959
347.333 616 1667
704.333 909 3108
689 1122 3485
1456 2094 5766
1266.33 1846 5216
522.333 820 2749
885 888 3118
1255.33 1422 4717
1543.33 1703 5425
642 800 2392
868 1019 3484
729 784 2583
473.167 892 2392
707.333 1065 3435
247.333 432 726
247.333 481 1251
703 927 3283
343 720 2382
347.333 665 2192
294.333 627 1642
651 705 2217
935 968 3484
528 580 1642
230 476 941
587 542 1667
505 643 1857
600 520 1276
578 636 1842
263.333 525 1466
194.667 487 916
316 299 941
316 254 0
210.333 536 1441
304 439 916
163.333 341 525
163.333 292 0


1129 1295 4200
1355 1270 4192
522.333 820 2749
788.833 1368 5058
557.667 805 2534
681.333 1054 3650
1213.5 1836 5425
758.5 1410 4508
735.333 1329 4009
779.333 1046 3658
347.333 616 1667
514.833 916 3257
763.833 1395 4350
821.833 1319 4533
719.833 1076 3807
1035 1155 4034
815.5 1183 3983
736.333 1190 3816
872 1120 4009
879 997 3658
1473.33 1694 5399
859.333 1043 3618
575.333 1092 3475
932 1182 4034
337.667 901 2224
746.5 1258 3974
885 888 3118
796.5 850 3082
640.333 880 3108
732 1229 3851
277 671 1857
1331 1831 5425
661.833 1123 3624
855 1123 3851
712 861 3108
1110 1309 4559
861.667 1302 4009
707.833 946 3607
1330 1233 4157
1072.5 1880 5216
466.5 1012 2881
1326.33 1803 5399
496.667 943 2683
835.833 1184 3984
692.333 1421 4010
1366.67 1805 5766
703 927 3283
1044 1098 3851
591.833 1068 3598
294.333 627 1642
859 1088 3833
564.5 709 2356
1437 1205 4174
623.833 806 2881
514.833 868 2758
871.333 1045 3658
390.333 895 2559
642 800 2392
294.333 676 2167
1419.33 1781 5425
993 1047 3825
343 720 2382
247.333 432 726
651 705 2217
762.333 924 3283
386 950 2749
600 520 1276
347.333 665 2192
729 784 2583
864.333 1196 4009
528 580 1642
230 476 941
505 643 1857
578 636 1842
210.333 536 1441
194.667 487 916
587 542 1667
263.333 525 1466
163.333 292 0
163.333 341 525
316 254 0
304 439 916
316 299 941
247.333 481 1251


819 1192 3833
797 1122 3675
820.333 1003 3624
1021 1234 4401
1329.83 1683 5040
1163.33 2006 5040
737.5 1115 3632
1891.33 1777 5425
695 864 2950
623.333 817 2533
561.5 1061 3058
1277.17 1907 5425
654.333 883 3068
704.833 1228 4332
1282.67 1808 5766
985.667 1642 4875
943 1258 4559
1701 1681 5267
606.333 960 3475
1095.33 1547 4717
844 1143 3782
1370.33 1688 5267
866 1373 4533
522.333 820 2749
736.333 1224 3675
686 930 3125
951 1158 4034
846.333 1064 4009
605.5 1149 3431
842 1617 4508
520.5 940 2891
707.833 946 3607
623.833 806 2881
661.833 1123 3624
796.5 850 3082
473.167 892 2392
390.333 895 2559
386 950 2749
703 927 3283
779.333 1046 3658
466.5 1012 2881
835.833 1184 3984
1413 1676 5058
666.333 1098 3624
755 1175 3658
524 995 2950
599.667 1238 3299
1219.5 2004 5058
963.5 986 3632
628.5 949 2906
1169 1588 4900
469.333 948 2749
1256.17 1781 5040
704.333 909 3108
584.667 1164 3084
1164 1545 4691
885 888 3118
654.333 1177 3567
1243.33 1974 5216
795 924 3283
630 957 3125
692.333 1399 3643
583.833 1026 3042
664.833 1093 3598
1179 1429 4900
973 916 3257
712 861 3108
294.333 676 2167
347.333 616 1667
642 800 2392
277 671 1857
651 705 2217
896 920 3133
294.333 627 1642
230 476 941
347.333 665 2192
729 784 2583
343 720 2382
578 636 1842
528 580 1642
600 520 1276
1197.5 1780 4926
505 643 1857
263.333 525 1466
587 542 1667
210.333 536 1441
564.5 709 2356
247.333 481 1251
247.333 432 726
194.667 487 916
316 299 941
316 254 0
163.333 341 525
304 439 916
163.333 292 0


1046 1293 4350
390.333 895 2559
982.5 1348 4533
1188 1333 4559
999 1132 4034
718.5 1358 4332
959.333 1390 4691
526.333 954 3042
834.333 1439 4849
776.333 1214 4324
496.667 943 2683
1595 1784 5425
1107.33 1358 4559
646 812 2583
589 1091 3475
707.833 946 3607
591.5 1042 3257
703 927 3283
547 1048 3090
1092.33 1324 4376
660.833 1214 3592
589 1069 3108
944 1362 4401
606.333 938 3108
762.333 924 3283
469.333 948 2749
683.833 1109 3983
675.5 1353 3732
896 920 3133
1358 1360 4875
528.5 951 2866
842 806 2881
1387.5 2156 5766
859.333 1043 3618
982 850 3082
695 864 2950
640.333 880 3108
466.5 1012 2881
514.833 868 2758
347.333 616 1667
949.833 1498 5058
623.333 817 2533
1154 1458 4926
522.333 820 2749
767.333 1058 3816
1756 2155 5766
651 705 2217
840.333 1053 3650
1844 1775 5399
696.833 1103 3607
347.333 665 2192
524 995 2950
846.333 1064 4009
712 861 3108
1420 1915 5425
725 805 2534
1130.33 1581 5267
1107 1297 4376
294.333 676 2167
1432.17 1785 5425
904 1045 3658
277 671 1857
1180 1193 4376
885 888 3118
294.333 627 1642
879.667 1428 4376
686 930 3125
973 916 3257
729 784 2583
505 643 1857
642 800 2392
343 720 2382
1357 1898 5399
606.333 960 3475
247.333 432 726
263.333 525 1466
711 827 2758
230 476 941
564.5 709 2356
247.333 481 1251
194.667 487 916
587 542 1667
210.333 536 1441
644 809 2407
578 636 1842
163.333 341 525
600 520 1276
1806 2026 5766
528 580 1642
163.333 292 0
304 439 916
316 254 0
316 299 941


728.167 1388 4174
1144.33 1912 5425
879.667 1428 4376
870 1092 3833
720.5 1132 3807
715.833 1144 3624
1248 1536 4900
750 1189 3816
768 1028 3607
1002.33 1255 4559
1112.5 1648 5058
337.667 901 2224
1729 1751 5425
469.333 948 2749
501.667 1161 2774
708.833 1258 3983
1132.33 1482 4849
623.833 806 2881
576.167 1194 3391
606.167 1083 3308
968.333 1643 4875
1459 1880 5425
853 1095 3675
711 1445 4117
775 991 3308
557.667 805 2534
704.333 909 3108
935 968 3484
386 950 2749
872 1120 4009
954.5 1081 3807
1287 1439 4691
1277 1688 5267
936.5 1430 4533
798.333 1226 4025
668.833 1225 3567
1221 1554 5058
824.833 1276 4148
1665 1699 5399
865.833 1358 4332
689.333 1175 3567
496.667 943 2683
958 1664 4926
1066 1021 3607
1070.17 1629 4742
682 1010 3475
796.5 850 3082
514.833 916 3257
1465 1976 5766
693.5 1314 3983
703 927 3283
877 1234 4034
712 861 3108
1568 1746 5399
771.167 1646 4350
2013 1952 5766
1257 1832 5241
871.333 1045 3658
670.667 1214 3409
871 960 3475
765.333 1083 3650
522.333 820 2749
1514 1530 4926
932 1182 4034
1508 1804 5425
294.333 676 2167
805 1199 4009
294.333 627 1642
695 864 2950
603.333 1106 3383
1290 1446 4717
824.5 1450 4533
1438 1548 5058
885 888 3118
347.333 665 2192
277 671 1857
970.5 1416 4350
347.333 616 1667
564.5 709 2356
247.333 481 1251
1353 1639 5267
651 705 2217
390.333 895 2559
729 784 2583
343 720 2382
642 800 2392
578 636 1842
587 542 1667
247.333 432 726
194.667 487 916
600 520 1276
230 476 941
505 643 1857
263.333 525 1466
528 580 1642
163.333 292 0
210.333 536 1441
304 439 916
316 254 0
163.333 341 525
316 299 941


1127.83 1804 5241
676.167 1277 4332
765.333 1194 4376
972 1335 4559
633.167 1139 3782
707.833 946 3607
1124 1275 4533
885 888 3118
575.333 1092 3475
473.167 892 2392
933.333 1349 4533
683.833 1109 3983
1002.17 1757 5058
872 1120 4009
954.5 1081 3807
606.333 960 3475
965.333 1720 4875
1324.67 1753 5058
1044.33 1353 4926
712 861 3108
664.833 1093 3598
993 1182 4401
1271.33 2073 5766
767.833 1381 4508
390.333 895 2559
1411 2007 5766
931.333 1485 4509
557.667 805 2534
1372 1555 5267
982 850 3082
879 997 3658
891 1090 3675
1600 1934 5766
514.833 868 2758
963.5 986 3632
779.333 1046 3658
1577 1948 5766
871.333 1045 3658
1336 1695 5267
932 1182 4034
623.833 806 2881
1235.33 1802 5425
951 1130 4034
1042.83 1711 4926
347.333 665 2192
1453 1783 5425
343 720 2382
795 924 3283
695 864 2950
564.5 709 2356
522.333 820 2749
514.833 916 3257
466.5 1012 2881
729 784 2583
528 580 1642
469.333 948 2749
1019.33 1408 4875
294.333 676 2167
640.333 880 3108
194.667 487 916
263.333 525 1466
651 705 2217
600 520 1276
230 476 941
210.333 536 1441
587 542 1667
247.333 481 1251
294.333 627 1642
642 800 2392
347.333 616 1667
277 671 1857
163.333 341 525
578 636 1842
247.333 432 726
316 299 941
316 254 0
163.333 292 0
505 643 1857
304 439 916


696.833 1103 3607
762.333 924 3283
1389 2032 5425
1094 1307 4559
654.333 883 3068
1426.33 2104 5766
1333.33 1616 5216
1124 1297 4900
633.167 1139 3782
1245 1280 4559
879 997 3658
575.333 1092 3475
859 1088 3833
951 1130 4034
653.5 1131 3807
821.833 1168 4533
854 1046 3658
1463 1933 5766
707.833 946 3607
557.667 805 2534
386 950 2749
717.167 1279 4508
676.167 1277 4332
927 1142 4009
469.333 948 2749
826 898 3093
954.833 1577 4900
1006.33 1460 4926
1032.83 1875 5399
677.333 1129 3500
895.833 1536 4699
623.833 806 2881
1272.83 2161 5425
796.5 850 3082
1027 1102 4034
683.833 1109 3983
514.833 916 3257
719.833 1076 3807
885 888 3118
704.333 909 3108
1345.83 1803 5399
651 705 2217
1407 1938 5425
639.667 1089 3475
1375 1728 5399
768.333 1072 3658
718 908 3108
817 1045 3624
294.333 676 2167
782 1071 3658
347.333 616 1667
898.333 1132 3991
1591.83 1875 5766
1550 1731 5425
1050.33 1405 4559
522.333 820 2749
642 800 2392
769 906 3099
277 671 1857
564.5 709 2356
347.333 665 2192
1483 1881 5766
840.333 1053 3650
1493.33 1852 5425
1157 1671 5058
1443 1494 5058
294.333 627 1642
230 476 941
263.333 525 1466
210.333 536 1441
420.667 904 2534
578 636 1842
600 520 1276
528 580 1642
247.333 481 1251
343 720 2382
587 542 1667
194.667 487 916
247.333 432 726
729 784 2583
163.333 292 0
505 643 1857
316 254 0
304 439 916
316 299 941
163.333 341 525


