698.333 1002 3496
477.333 1073 3462
507.333 881 3344
1274 1289 4591
1042 1239 4416
995.333 1274 4507
939 1544 5211
584.333 802 3169
852 1042 4088
589.333 1250 4114
570.667 1077 3821
557.333 852 3020
1244 1633 5538
1084 1200 4292
543 888 3378
332.667 865 3260
330 704 2517
571.5 978 3462
358.667 753 2692
840.5 1502 4683
1236.33 1772 5335
692.667 1546 4559
1076 1351 4619
1009.33 1845 5538
1058.33 1402 4858
702 1240 4292
490 585 2048
416 698 2608
466 1081 3821
1367 1437 4892
292.667 615 2250
335.333 891 3436
735 929 3462
843.333 1583 4860
406.667 777 2994
618.333 1245 3939
495.667 857 3020
771.333 1436 4416
822.333 1409 4416
368.5 736 2692
668 1580 4858
897 1111 4206
955 1318 4507
1038 1460 4918
1121.67 1697 5271
836.833 1195 4088
944 982 3855
1198.33 1796 5662
708 1035 4030
284.833 689 1864
666 709 2692
945 1480 4533
491 570 1924
231.333 497 945
337.333 784 2543
285.333 668 1864
539 405 1272
589 440 1396
475 729 2634
302 536 1864
269.333 726 2517
330.667 797 2994
231.333 544 1773
226 224 919
1098 1324 4683
290.667 474 1305
350 533 1689
236 371 945
805 1534 4441
226 200 0


1033 942 3522
530 946 3287
1222.33 1447 4944
422 896 3286
330.667 797 2994
1116 1328 4683
541.5 929 3462
825 1110 4206
454 966 3287
972 1483 5335
467.333 585 2048
1149 1624 5688
1288 1480 5688
469.333 951 3462
831.333 1574 5335
915 1030 3731
696.333 1163 4030
1315 1286 4743
709.5 1257 4206
672.5 1436 4565
512 1122 3821
912 1516 4593
861 1060 4030
582 1241 4088
531 923 3287
416 698 2608
1088.67 1753 5688
607 1238 3939
330 704 2517
747.833 1193 4088
491 570 1924
540.333 891 3436
552.333 1094 3763
744.333 1256 4467
657 1258 4206
527.667 1113 3913
358.667 780 3169
941 1022 3939
782.333 1194 4591
406.667 777 2994
285.333 668 1864
987 965 3764
744 1396 4292
483.667 1066 3587
977.333 1395 4683
543 888 3378
589.333 1250 4114
269.333 726 2517
292.667 615 2250
868 1050 3731
285.333 708 2516
643.667 1205 4114
302 536 1864
297.333 709 2692
231.333 497 945
290.667 474 1305
589 440 1396
284.833 689 1864
685.333 999 3613
539 405 1272
231.333 544 1773
350 533 1689
226 224 919
236 371 945
226 200 0


641 1272 4114
348 994 3260
1099.33 1854 5688
947.833 1796 5245
1126 1416 5036
962 1027 3789
557.333 852 3020
830 820 3111
549.333 1211 4088
1130 1167 4266
1262 1831 5688
752 912 3522
1303 1329 4292
494 1081 3671
533.667 967 3764
619 891 3436
1473.33 1655 5688
1090 1286 4266
732 868 3378
766 1062 3913
905 798 3111
335.333 853 2692
403.333 973 3260
554.5 1175 3999
949 1427 5335
315.167 931 2634
692.167 1632 4858
681.333 1135 4206
609 890 3378
618.333 1209 4030
495.667 857 3020
896.5 1590 5211
736 949 3462
842.667 966 3620
547.333 880 3344
441.167 1208 3344
285.333 668 1864
519.333 876 3287
901 963 3764
406.667 777 2994
499.333 1044 3763
773 1335 4858
764.667 1100 3939
961 1332 4441
817.333 1609 5185
800 1121 4114
292.667 615 2250
337.333 784 2543
416 698 2608
490 585 2048
285.333 708 2516
395 897 2993
838.333 1332 4266
368.5 736 2692
284.833 689 1864
437.333 1025 3286
448.333 1011 3346
290.667 474 1305
302 536 1864
354.333 863 2902
491 570 1924
617 729 2634
231.333 497 945
648 1122 3821
666 709 2692
541 731 2634
330 704 2517
589 440 1396
539 405 1272
350 533 1689
507.333 881 3344
269.333 726 2517
236 371 945
226 200 0
231.333 544 1773
226 224 919


1104 1296 4507
472.333 896 3287
1019 994 3613
1175 1093 4266
1153.33 1673 5662
762.667 1245 4114
1136.33 1386 4860
454 966 3287
1428.33 1600 5688
889 1587 4858
905 1811 4918
1059.67 1712 5335
772 1034 3522
437.333 1025 3286
523.167 1154 3436
944 1401 4507
999.5 1198 4441
949.333 1471 4858
961 1309 4533
540.333 891 3436
547.333 880 3344
609 890 3378
513.333 1183 4088
475.833 1037 3344
620.667 1423 4114
1342 1604 5335
330.667 797 2994
558 698 2608
685.333 1355 4292
406.667 777 2994
689.333 992 3462
850 1131 4206
824 1237 4441
1234 1458 5187
763.333 1284 4206
830 820 3111
1091.67 1841 5662
982 1000 3496
850 780 3169
958 1462 4918
1081.5 1371 4565
931.333 1442 4467
1084 1353 4683
269.333 726 2517
446 702 2315
330 704 2517
526.333 1060 4030
507.333 881 3344
467.333 585 2048
297.333 709 2692
804.333 1034 3697
491 570 1924
625.333 853 3020
1271.33 1537 5211
687.667 1464 4591
231.333 544 1773
284.833 689 1864
290.667 474 1305
975.667 1602 5211
692.333 806 3020
670 1036 4088
285.333 668 1864
292.667 615 2250
530.333 986 3346
332.667 865 3260
231.333 497 945
524 703 2459
539 405 1272
589 440 1396
226 200 0
226 224 919
350 533 1689
236 371 945
302 536 1864


895.333 1328 4683
905 798 3111
1122.33 1493 4918
856 1268 4208
351.333 885 2843
755.5 1260 4206
858 1276 4467
735 929 3462
362.667 856 2993
557.667 824 2819
633 869 3045
514 1078 3646
632 1046 3646
973.333 1222 4117
836.667 1351 4292
297.333 709 2692
285.333 708 2516
1266.33 1444 5335
763 904 3462
732 868 3378
1157 1489 5335
672.333 1427 4858
723 1065 3789
554 1005 3613
657 890 3378
335.333 891 3436
979.333 1626 5662
1039.33 1833 5688
399.333 870 3260
568 1090 3763
557.333 852 3020
865.667 1096 3915
467.333 585 2048
461 1145 4088
722.333 1013 3764
731 965 3763
690.333 1107 3913
882.667 1565 4918
416 698 2608
702 966 3620
820 867 3045
330 704 2517
562 806 2876
617 1070 3821
909.667 1651 5185
1215.33 1486 5036
1328.33 1414 5211
859 1051 3789
285.333 668 1864
292.667 615 2250
765 792 2936
290.667 474 1305
231.333 544 1773
284.833 689 1864
539 405 1272
717 1284 4206
350 533 1689
491 570 1924
269.333 726 2517
589 440 1396
1378.33 1759 5688
231.333 497 945
226 224 919
302 536 1864
236 371 945
226 200 0


928 1011 3738
693.333 1195 4383
897 1281 4858
1454 1671 5271
1252 1764 5211
416 698 2608
1020.67 1614 4860
503.333 1182 3496
621.333 1063 4088
1121.67 1846 5335
609 890 3378
406.5 918 3436
670 1036 4088
806 869 3436
1451.33 1698 5662
343 880 3344
1121.67 1813 5096
580.333 1176 3939
1378 1776 5662
1157 1511 5036
1053 1397 4944
593.333 1232 4206
292.667 615 2250
1101 1817 5271
622.333 871 3045
1364.33 1749 5335
728 1000 3496
1064.5 1750 5010
860 1424 4591
569.333 1283 3522
830 820 3111
807.5 981 3496
1284.33 1872 5662
467.333 585 2048
930 947 3764
330 704 2517
330.667 797 2994
1079.5 1892 5036
1230 1619 5185
1566.33 1577 5688
919 806 3020
478.333 893 3436
465.667 808 3020
1159.33 1468 5036
285.333 708 2516
491 570 1924
302 536 1864
285.333 668 1864
350 533 1689
231.333 497 945
284.833 689 1864
269.333 726 2517
745 1061 4206
1327.33 1865 5538
297.333 709 2692
539 405 1272
536.333 904 3462
589 440 1396
1390 1678 5211
765 792 2936
231.333 544 1773
226 200 0
290.667 474 1305
226 224 919
236 371 945


628.333 1375 4116
745 1061 4206
536.333 904 3462
747 1031 3789
1110.33 1619 5335
351.333 885 2843
715.333 1163 4030
760.333 965 3764
1426.33 1752 5688
1172 1161 4240
689.667 1246 4114
655.333 1252 4114
344 848 2818
1108 1219 4559
822.667 1243 4416
396 869 3436
1125.67 1807 5688
292.667 615 2250
500.333 951 3462
786.667 1535 5211
1043.33 1463 5036
1288 1379 4944
1126 1319 4565
1351 1602 5335
269.333 726 2517
940 1418 4918
717.667 1440 4415
285.333 668 1864
416 698 2608
734.333 1406 4683
441 1049 3789
869.5 1220 4266
527.333 1342 4088
1371.67 1699 5662
859 1282 4467
284.833 689 1864
467.333 585 2048
945.667 1887 5688
491 570 1924
358.667 780 3169
558.333 1219 3939
589 440 1396
607.667 1191 4030
290.667 474 1305
330 704 2517
297.333 709 2692
226 224 919
285.333 708 2516
350 533 1689
302 536 1864
231.333 544 1773
539 405 1272
231.333 497 945
1208.33 1757 5363
226 200 0
236 371 945


806 869 3436
572.333 1221 3821
786.5 1056 3821
679.333 1095 3614
1005.67 1833 5211
691 1338 4565
1019 1113 3913
1091.33 1327 4591
566 1294 4114
358.667 780 3169
1035.67 1636 4944
615.667 1246 3939
884 1151 4206
546 1181 3496
985 1221 4559
1141 1410 4683
442.333 919 3287
667.333 1259 4206
604.333 1197 3789
1532 1633 5688
551 1041 3548
1030.83 1748 5335
693.333 1034 3522
590 868 3378
853.333 1019 3646
511.167 1448 4114
727.333 1344 4591
1065 1441 4944
812.667 1242 4416
1055.67 1680 5010
928 1011 3738
541.5 929 3462
945.5 1436 4858
285.333 708 2516
774 1052 3639
1209.33 1595 5010
919 930 3464
676.667 1212 3913
843 1166 3939
1287 1578 5010
777.333 1104 3672
416 698 2608
344 848 2818
756 777 2994
358.333 1009 3344
292.667 615 2250
482.5 898 3436
793.833 1592 4892
269.333 726 2517
528 1358 4030
994 1186 4240
839.333 1239 4206
284.833 689 1864
729.667 1192 4088
297.333 709 2692
709.667 1173 3939
677.333 1131 3671
1477 1559 5335
944 982 3855
713 1114 3913
1105.5 1603 5211
491 570 1924
988 1216 4266
469.333 951 3462
290.667 474 1305
231.333 497 945
1060 1638 5688
302 536 1864
350 533 1689
285.333 668 1864
539 405 1272
467.333 585 2048
231.333 544 1773
226 200 0
226 224 919
330 704 2517
236 371 945
1315.33 1590 5096
589 440 1396


1230 1709 5187
1198.33 1434 4743
554.667 1038 4088
358.667 780 3169
543.667 1040 3737
766.667 1346 4441
948.5 1547 4858
1154 1504 5010
923.333 1037 3522
416 698 2608
1502 1465 4918
351.333 885 2843
1053.33 1751 5335
735 929 3462
1164.67 1711 5211
284.833 689 1864
335.333 891 3436
1275 1655 5363
774 1113 4206
827.333 1209 4416
282 829 2341
467.333 585 2048
666.333 1023 3462
975.333 1330 4683
297.333 709 2692
1075 998 3613
1536 1286 4507
330 704 2517
285.333 708 2516
511.167 1408 3462
1187.33 1468 4743
697.333 1225 4114
892 1399 4683
285.333 668 1864
625.667 1246 4114
732 868 3378
631.333 1555 4858
1144.33 1779 5688
1041 1003 3464
609.833 1521 4415
712.333 1283 4174
1326 1601 5211
292.667 615 2250
491 570 1924
1045.17 1747 4918
543 888 3378
1124.67 1689 5036
302 536 1864
290.667 474 1305
406.667 777 2994
231.333 497 945
762 865 3260
1184.33 1733 5335
231.333 544 1773
350 533 1689
589 440 1396
236 371 945
226 200 0
539 405 1272
226 224 919


669 1370 4415
830 820 3111
657.667 1476 4174
590 868 3378
941.333 1816 4918
1131.5 1636 5245
536.333 904 3462
616.333 1251 4114
540.333 891 3436
682.333 1052 3640
519.333 876 3287
1264 1654 5688
593.333 1212 3737
779.333 1172 3939
708.833 1181 4116
537.667 1043 3588
1037 1590 5185
831 1256 4357
1119.17 1370 4683
285.333 708 2516
269.333 726 2517
554.333 869 3045
330.667 797 2994
285.333 668 1864
792 1084 4206
671.667 961 3522
1141.33 1732 5363
898.333 1238 4416
806 869 3436
751 1085 3913
781.333 1070 3821
406.667 777 2994
637.333 1090 3763
901 963 3764
666.333 1239 4206
416 698 2608
458.333 901 3286
330 704 2517
638.333 1224 3939
297.333 709 2692
660.333 1053 3789
658 1196 4114
618 1210 3646
465.667 808 3020
995 1488 4918
477.333 1073 3462
605.667 1209 3613
399.333 870 3260
911 1073 4114
467.333 585 2048
939 961 3562
441.333 1049 3344
472.333 896 3287
543 888 3378
292.667 615 2250
478.333 893 3436
999 1435 4858
482 949 3462
820 867 3045
640.667 1030 3496
962.833 1465 4892
692.667 1280 4565
898 979 3855
231.333 544 1773
302 536 1864
350 533 1689
231.333 497 945
491 570 1924
284.833 689 1864
290.667 474 1305
1121 1432 4892
751 991 3764
589 440 1396
226 224 919
226 200 0
539 405 1272
236 371 945


292.667 615 2250
877 1086 4206
1106 1217 4357
491 570 1924
1010 1328 4683
592.667 1187 4088
596.333 1040 3737
634.333 1245 4114
541.5 929 3462
827.667 1585 4858
982 1536 4683
1101 1416 4769
1252 1522 5010
600.333 1365 4114
1008 1463 4743
815.333 1174 4088
905 1000 3789
1226.33 1613 5096
979 1567 4918
1227 1667 5185
694.333 1140 3764
647.833 1279 4565
705 1012 3522
572.333 1221 3821
786.333 1146 3939
285.333 668 1864
979 1756 5185
1062 1723 5363
843 1135 3913
847 1019 3764
1304.33 1629 5688
658.667 1024 3646
358.667 780 3169
467.333 585 2048
1217 1212 4416
619 1066 3763
396 869 3436
330 704 2517
1205 1319 4944
709 1050 3789
292.333 844 2425
978 1072 3913
1149.33 1571 4944
416 698 2608
1281.5 1836 5688
552.333 1094 3763
482 949 3462
290.667 474 1305
707 1170 3939
715.333 1163 4030
302 536 1864
231.333 544 1773
343 880 3344
575.667 983 3496
350 533 1689
1475 1589 5245
284.833 689 1864
231.333 497 945
297.333 709 2692
226 200 0
226 224 919
589 440 1396
539 405 1272
236 371 945


330.667 797 2994
806 869 3436
663.5 1239 4206
1052 993 3939
947.667 1353 5335
658 1196 4114
931.5 1848 4892
337 702 2126
859 1031 3789
775.333 1463 4591
904 1084 4206
543 888 3378
296.667 691 2074
891.333 1645 4860
619 891 3436
330 704 2517
269.333 726 2517
765 792 2936
430.667 634 2049
285.333 668 1864
320.333 676 1950
735 929 3462
451.333 615 2250
416 698 2608
491 570 1924
948 995 3939
894.5 1741 4886
741.333 1035 3522
625.333 853 3020
636 852 3020
284.833 689 1864
670 1036 4088
566 1294 4114
523.167 1194 4088
893.333 1152 4683
332.667 865 3260
394.667 666 2224
467.333 585 2048
509 1059 3737
887.333 1185 4591
343 880 3344
810.833 1435 4858
297.333 709 2692
570.667 1077 3821
297.333 662 1864
692.333 806 3020
469.333 951 3462
231.333 544 1773
868.333 1142 4090
791 966 3764
290.667 474 1305
589 440 1396
594.667 1371 4441
350 533 1689
302 536 1864
539 405 1272
231.333 497 945
1101.33 1804 5688
226 200 0
1151 1632 5363
226 224 919
285.333 708 2516
236 371 945


354.333 863 2902
883.333 1325 4292
913.333 1263 4416
714.333 1357 4565
979.333 1293 4591
919 1504 5335
1262.33 1828 5538
1088 960 3464
442.333 919 3287
663 802 3169
642 1062 3815
482 949 3462
511.167 1448 4114
1040 1498 5185
1096.33 1428 4683
619 891 3436
465.667 808 3020
386.333 841 2869
825.333 993 3939
1378.33 1409 4683
1163 961 3522
850.833 1551 4769
897.333 1285 4390
728.333 1135 3913
482.5 898 3436
1126.33 1883 5688
590 868 3378
332.667 865 3260
416 698 2608
846.333 1232 4206
801.667 1343 4240
543.667 1040 3737
284.833 689 1864
597.333 1204 4114
987 965 3764
588 1320 4114
863.333 1449 4858
491 570 1924
330 704 2517
285.333 668 1864
924 1435 4858
269.333 726 2517
1225.33 1471 5335
358.333 1009 3344
552.333 1094 3763
670 1186 4088
285.333 708 2516
467.333 585 2048
297.333 709 2692
231.333 497 945
231.333 544 1773
302 536 1864
292.667 615 2250
761.333 1036 3522
539 405 1272
589 440 1396
350 533 1689
290.667 474 1305
226 200 0
226 224 919
236 371 945


563.667 821 2968
1117 1257 4683
386.333 841 2869
812.833 1339 4591
557.667 824 2819
698.333 1107 3913
1474.33 1516 5335
1028.33 1884 5211
1179 1225 4292
335.333 891 3436
543 888 3378
692.333 806 3020
1062.67 1575 5335
758.333 1040 3939
979 1734 4892
1221 1186 4091
1424 1698 5688
371 863 2869
1101 1491 4944
469.333 951 3462
778.667 1363 4683
905 798 3111
1172 1441 4918
911.667 1462 4743
1237.33 1389 4918
602.667 1334 4240
491 570 1924
1271 1649 5662
762 865 3260
1199 1178 3941
1065 1281 4683
343 880 3344
292.667 615 2250
704.333 1051 3821
921.333 1796 4794
416 698 2608
285.333 668 1864
284.833 689 1864
503.667 990 3764
927.5 1331 4683
905 1000 3789
269.333 726 2517
467.333 585 2048
889 1732 4769
991.333 1893 4918
988 1273 4326
399.333 870 3260
330 704 2517
830 820 3111
580 810 2876
658 1196 4114
711 961 3562
1163.33 1551 5010
972.333 1354 4858
1058.67 1716 4918
557.333 852 3020
1218 1806 5538
589 440 1396
231.333 544 1773
631 1188 3939
378 848 2778
302 536 1864
350 533 1689
285.333 708 2516
297.333 709 2692
774.333 1191 4206
290.667 474 1305
231.333 497 945
1199.33 1463 5211
226 200 0
539 405 1272
226 224 919
236 371 945


1216.33 1706 5688
297.333 709 2692
693 1176 3789
1333 1365 4860
1181.33 1324 4683
1161 1608 5185
716.333 1213 4088
1076.83 1645 5211
610.333 1403 4565
478.333 893 3436
663 802 3169
756 777 2994
399.333 870 3260
422 896 3286
645 821 2968
636 852 3020
625.333 853 3020
442.333 919 3287
1556 1595 5245
638.333 1284 4206
269.333 726 2517
444 1013 3697
330 704 2517
285.333 668 1864
619 891 3436
416 698 2608
1165.5 1371 4683
828 1140 4591
764.667 1100 3939
762 865 3260
292.667 615 2250
735 1192 3939
970.167 1396 5036
763 904 3462
763 798 3111
1269.67 1620 5211
696.333 1150 3789
590 868 3378
852 928 3464
491 570 1924
285.333 708 2516
1198 1726 5363
680.333 1201 4030
580.667 947 3764
284.833 689 1864
302 536 1864
1120.33 1716 5245
410.667 853 2818
395 980 3169
482 949 3462
386.333 992 2869
467.333 585 2048
570.667 810 2876
290.667 474 1305
350 533 1689
495.667 857 3020
231.333 544 1773
231.333 497 945
539 405 1272
236 371 945
589 440 1396
226 224 919
226 200 0


996.5 1186 4174
1089 961 3562
738 1281 4206
1299 1251 4507
938 1326 4292
713.333 1118 3821
852 966 3620
489 1128 3613
873 1321 4208
867.667 1414 4591
825.333 1113 3815
452.333 923 3287
682.333 1009 3522
458.333 901 3286
921 962 3522
552 1069 3646
519.333 876 3287
615.333 881 3344
756 777 2994
998.333 1559 5211
927.833 1557 4858
330.667 797 2994
767.333 1037 3738
534 1256 3671
514 1078 3646
844 1112 3913
1294.33 1490 4944
730.667 1607 4266
1358.67 1490 5245
954 1272 4117
929.333 1356 4507
977 1291 4559
577.333 1121 4114
292.667 615 2250
1053.33 1530 5335
345.333 706 2517
482 949 3462
285.333 708 2516
416 698 2608
358.333 1009 3344
1072.33 1361 4565
864.333 1652 5185
793.667 1514 4292
609 890 3378
780 891 3436
285.333 668 1864
1026.5 1269 4266
358.667 780 3169
467.333 585 2048
917.333 1009 3738
1146 1471 4918
297.333 709 2692
1111 1514 5363
231.333 497 945
948.833 1633 5662
1567 1444 4944
796.5 1438 4559
302 536 1864
231.333 544 1773
491 570 1924
1090 1145 4266
284.833 689 1864
290.667 474 1305
589 440 1396
350 533 1689
407.333 704 2517
712.333 1116 3764
236 371 945
226 200 0
539 405 1272
226 224 919


913.5 1399 4683
763 904 3462
616.333 1251 4114
1081.5 1806 5662
469.333 951 3462
285.333 708 2516
467.333 585 2048
1030 976 3496
698.333 1002 3496
1006 1195 4208
284.833 689 1864
1258 1215 4266
1080.33 1475 4944
702 1017 3939
1561 1705 5688
975 1238 4208
420.333 1028 3821
541.5 929 3462
872.333 1240 4266
933 1059 4206
862 1387 4416
1377.33 2078 5688
885.833 1392 4565
1283.33 1426 4944
909 1014 3764
345.333 706 2517
583.333 1337 4030
917 1283 4858
335.333 891 3436
1154 1450 5335
988.667 1619 5335
862 1397 4507
358.667 780 3169
269.333 726 2517
844.333 1559 4918
285.333 668 1864
697.833 1502 4441
231.333 544 1773
292.667 615 2250
864.333 1549 4944
302 536 1864
407.333 704 2517
491 570 1924
664 1110 4206
396 869 3436
416 698 2608
297.333 709 2692
638.333 1284 4206
290.667 474 1305
231.333 497 945
350 533 1689
589 440 1396
539 405 1272
226 224 919
236 371 945
226 200 0


1286 1762 5211
723.667 1279 4292
358.333 1009 3344
406.667 777 2994
1273 1834 5538
433.667 998 3613
949 1242 4559
606.333 1262 3939
536.333 904 3462
292.667 615 2250
519.333 876 3287
330.667 797 2994
817.667 1440 4591
831 1250 4292
1176.67 1459 4860
1429 1586 5036
332.667 865 3260
1138.33 1346 4769
1611 1575 4886
416 698 2608
406.5 918 3436
923.667 1343 4441
468.333 1025 3646
1049 1648 5096
940 1864 5538
297.333 709 2692
543 888 3378
980.667 1581 4858
835.333 1069 4114
889.667 1367 4383
500.333 951 3462
507.333 881 3344
1060 1195 4416
713.333 947 3821
948 995 3939
638.5 1219 4088
1022.33 1560 4858
850 780 3169
811.167 1388 4565
1372.33 1613 5036
1100 1555 4683
1292.33 1626 5688
830 820 3111
626.5 1309 4206
1219 1805 5335
491 570 1924
1179 1759 5185
458.333 901 3286
567.667 1122 3821
681.333 1135 4206
777.833 1749 4467
944 982 3855
284.833 689 1864
472.333 896 3287
478.333 893 3436
285.333 708 2516
285.333 668 1864
533.667 967 3764
269.333 726 2517
917.333 1360 4416
467.333 585 2048
539 405 1272
788 1399 4507
1294 1577 4918
302 536 1864
290.667 474 1305
350 533 1689
330 704 2517
589 440 1396
231.333 544 1773
226 224 919
231.333 497 945
226 200 0
236 371 945


406.5 918 3436
569.333 1326 4088
763 904 3462
705 893 3436
1311 1825 5662
960 1805 5335
1397 1686 5363
500.333 951 3462
1406 1636 5538
584.667 1374 4114
731 965 3763
680.5 1532 4858
1349.33 1759 5538
416 698 2608
538.667 1144 3939
404.667 1010 3344
1539 1557 5187
822.667 1356 4858
1088 960 3464
1023.33 1646 5335
485 1025 3613
285.333 708 2516
1051 1354 4858
503 897 3287
467.333 585 2048
543 888 3378
284.833 689 1864
285.333 668 1864
332.667 865 3260
519.333 876 3287
901 1560 4918
599 1111 4206
1016.67 1667 5335
297.333 709 2692
615.333 881 3344
746.333 1392 4415
889 964 3913
990.667 1618 5211
1189.67 2037 5688
292.667 615 2250
358.667 780 3169
781.333 1196 4266
877 1086 4206
1025 1588 5036
1249 1808 5363
269.333 726 2517
850 1088 4206
631 1074 3821
491 570 1924
231.333 497 945
901 963 3764
806 1201 4683
231.333 544 1773
350 533 1689
226 224 919
226 200 0
539 405 1272
589 440 1396
302 536 1864
330 704 2517
290.667 474 1305
236 371 945


1378 1725 5363
568.333 1110 4206
799 1124 4507
574.333 1086 4206
735 929 3462
873.333 1806 4918
343 880 3344
284.833 689 1864
378 848 2778
1138 1200 4683
758.333 1040 3939
362.667 856 2993
509 1059 3737
1185 1731 5662
1147.33 1624 5211
977 1019 3939
1097.33 1486 4944
653.333 1063 4088
609 890 3378
1363 1572 5010
269.333 726 2517
332.667 865 3260
685 888 3378
1170.33 1747 5662
850 780 3169
467.333 585 2048
898 979 3855
765 792 2936
584.333 802 3169
1323 1607 5036
885.333 1645 5335
792 1344 4266
1085.5 1578 5010
482.5 898 3436
722 1580 4415
416 698 2608
557.667 824 2819
850 1068 4206
692.667 967 3764
843.333 1452 4858
297.333 709 2692
285.333 708 2516
292.667 615 2250
354.333 863 2902
330 704 2517
548 951 3462
290.667 474 1305
285.333 668 1864
589 440 1396
794.833 1599 4441
539 405 1272
350 533 1689
231.333 544 1773
763 904 3462
491 570 1924
302 536 1864
226 200 0
231.333 497 945
236 371 945
226 224 919


