1.598112839e+00 1.538666667e+00 1.865222393e+00 
1.118803495e+00 1.425333333e+00 1.607553681e+00 
1.266882555e+00 1.368888889e+00 1.607553681e+00 
1.174339075e+00 1.391111111e+00 1.607553681e+00 
1.209904804e+00 1.556000000e+00 1.750191718e+00 
1.211468133e+00 1.532888889e+00 1.750191718e+00 
1.338041931e+00 1.513333333e+00 1.754984663e+00 
1.339605259e+00 1.490222222e+00 1.754984663e+00 
1.600234499e+00 1.480000000e+00 1.754984663e+00 
1.423075849e+00 1.492888889e+00 1.778757669e+00 
1.302197035e+00 1.524888889e+00 1.809049080e+00 
1.274112951e+00 1.547111111e+00 1.809049080e+00 
1.386895955e+00 1.516000000e+00 1.778757669e+00 
1.419893359e+00 1.403555556e+00 1.673312883e+00 
1.362943525e+00 1.415111111e+00 1.673312883e+00 
1.421270763e+00 1.382666667e+00 1.673312883e+00 
1.308041093e+00 1.440888889e+00 1.673312883e+00 
1.464671561e+00 1.366222222e+00 1.673312883e+00 
1.257251333e+00 1.483555556e+00 1.716449387e+00 
1.398230088e+00 1.472000000e+00 1.716449387e+00 
1.299796209e+00 1.573777778e+00 1.865222393e+00 
1.301359538e+00 1.550666667e+00 1.865222393e+00 
1.442338293e+00 1.539111111e+00 1.865222393e+00 
1.042833533e+00 1.048000000e+00 1.086464724e+00 
1.019011195e+00 1.009333333e+00 1.060966258e+00 
1.019011195e+00 1.000000000e+00 1.000000000e+00 
1.144356662e+00 1.237777778e+00 1.243289877e+00 
1.194885682e+00 1.189333333e+00 1.281250000e+00 
1.147706653e+00 1.257333333e+00 1.331096626e+00 
1.233522236e+00 1.189777778e+00 1.348542945e+00 
1.145752492e+00 1.116888889e+00 1.240030675e+00 
1.201250663e+00 1.204000000e+00 1.331096626e+00 
1.000000000e+00 1.149777778e+00 1.182323620e+00 
1.046481114e+00 1.032888889e+00 1.182323620e+00 
1.051394433e+00 1.026222222e+00 1.166219325e+00 
1.003750314e+00 1.093333333e+00 1.182323620e+00 
1.276625443e+00 1.308444444e+00 1.423888037e+00 
1.400910081e+00 1.262666667e+00 1.446127301e+00 
1.121874320e+00 1.318666667e+00 1.497315951e+00 
1.277183775e+00 1.302222222e+00 1.425230061e+00 
1.091287234e+00 1.334222222e+00 1.458780675e+00 

1.106110941e+00 1.429333333e+00 1.722584356e+00 
1.304988694e+00 1.363111111e+00 1.722584356e+00 
1.273163787e+00 1.418666667e+00 1.722584356e+00 
1.019011195e+00 1.009333333e+00 1.060966258e+00 
1.042833533e+00 1.048000000e+00 1.086464724e+00 
1.019011195e+00 1.000000000e+00 1.000000000e+00 
1.000000000e+00 1.159111111e+00 1.110237730e+00 
1.023738589e+00 1.210222222e+00 1.348542945e+00 
1.015744954e+00 1.239111111e+00 1.366372699e+00 
1.000000000e+00 1.170666667e+00 1.292561350e+00 
1.246922196e+00 1.212888889e+00 1.353527607e+00 
1.057256916e+00 1.184444444e+00 1.348542945e+00 
1.066469389e+00 1.149777778e+00 1.348542945e+00 
1.409843388e+00 1.268888889e+00 1.497315951e+00 
1.106622931e+00 1.370666667e+00 1.607553681e+00 
1.243832947e+00 1.385777778e+00 1.612346626e+00 
1.269115882e+00 1.287555556e+00 1.607553681e+00 
1.066860222e+00 1.307111111e+00 1.573811350e+00 
1.348538567e+00 1.289777778e+00 1.612346626e+00 
1.046481114e+00 1.032888889e+00 1.182323620e+00 
1.051394433e+00 1.026222222e+00 1.166219325e+00 
1.062226069e+00 1.101333333e+00 1.256134969e+00 
1.003750314e+00 1.093333333e+00 1.182323620e+00 

1.019011195e+00 1.009333333e+00 1.060966258e+00 
1.042833533e+00 1.048000000e+00 1.086464724e+00 
1.019011195e+00 1.000000000e+00 1.000000000e+00 
1.055079423e+00 1.251555556e+00 1.331096626e+00 
1.046295190e+00 1.186666667e+00 1.268788344e+00 
1.188185701e+00 1.252444444e+00 1.345475460e+00 
1.166969096e+00 1.275111111e+00 1.345475460e+00 
1.047849027e+00 1.284000000e+00 1.331096626e+00 
1.228608917e+00 1.256000000e+00 1.360046012e+00 
1.085731833e+00 1.155111111e+00 1.331096626e+00 
1.375226822e+00 1.232444444e+00 1.430023006e+00 
1.124982552e+00 1.399555556e+00 1.407592025e+00 
1.263783814e+00 1.383555556e+00 1.526265337e+00 
1.295050389e+00 1.337333333e+00 1.526265337e+00 
1.364060188e+00 1.255111111e+00 1.416027607e+00 
1.140597415e+00 1.410666667e+00 1.571127301e+00 
1.322911142e+00 1.364000000e+00 1.571127301e+00 
1.282581167e+00 1.400888889e+00 1.571127301e+00 
1.360598532e+00 1.354222222e+00 1.571127301e+00 
1.292147065e+00 1.386222222e+00 1.571127301e+00 
1.046481114e+00 1.032888889e+00 1.182323620e+00 
1.145752492e+00 1.116888889e+00 1.240030675e+00 
1.142402501e+00 1.119555556e+00 1.209739264e+00 
1.051394433e+00 1.026222222e+00 1.166219325e+00 
1.003750314e+00 1.093333333e+00 1.182323620e+00 
1.000000000e+00 1.149777778e+00 1.182323620e+00 
1.341001089e+00 1.468444444e+00 1.681365031e+00 
1.424080846e+00 1.612444444e+00 1.703796012e+00 
1.386784289e+00 1.436444444e+00 1.681365031e+00 
1.140950839e+00 1.494666667e+00 1.681365031e+00 
1.445129952e+00 1.543111111e+00 1.703796012e+00 
1.319840317e+00 1.470666667e+00 1.681365031e+00 
1.203204824e+00 1.482222222e+00 1.681365031e+00 
1.560202116e+00 1.508444444e+00 1.703796012e+00 
1.412914212e+00 1.646222222e+00 1.703796012e+00 
1.433963318e+00 1.576888889e+00 1.703796012e+00 
1.488493900e+00 1.542666667e+00 1.703796012e+00 

1.276792943e+00 1.366666667e+00 1.681365031e+00 
1.130063371e+00 1.389777778e+00 1.681365031e+00 
1.284860836e+00 1.356000000e+00 1.681365031e+00 
1.474051534e+00 1.484444444e+00 1.754984663e+00 
1.455068256e+00 1.484888889e+00 1.754984663e+00 
1.177260825e+00 1.532444444e+00 1.754984663e+00 
1.314052092e+00 1.498666667e+00 1.754984663e+00 
1.314759499e+00 1.496444444e+00 1.754984663e+00 
1.231307334e+00 1.509777778e+00 1.754984663e+00 
1.348594400e+00 1.495555556e+00 1.754984663e+00 
1.251835515e+00 1.509333333e+00 1.754984663e+00 
1.042833533e+00 1.048000000e+00 1.086464724e+00 
1.019011195e+00 1.000000000e+00 1.000000000e+00 
1.019011195e+00 1.009333333e+00 1.060966258e+00 
1.003750314e+00 1.102222222e+00 1.086464724e+00 
1.046295190e+00 1.183555556e+00 1.331096626e+00 
1.066469389e+00 1.149777778e+00 1.348542945e+00 
1.197789006e+00 1.246222222e+00 1.409509202e+00 
1.283660423e+00 1.161333333e+00 1.388803681e+00 
1.000000000e+00 1.159111111e+00 1.110237730e+00 
1.051394433e+00 1.026222222e+00 1.166219325e+00 
1.005722900e+00 1.200888889e+00 1.182323620e+00 
1.046481114e+00 1.032888889e+00 1.182323620e+00 
1.035761146e+00 1.113333333e+00 1.110237730e+00 
1.191535691e+00 1.134666667e+00 1.222584356e+00 
1.123791631e+00 1.139111111e+00 1.252684049e+00 
1.282097094e+00 1.295555556e+00 1.519746933e+00 
1.230898077e+00 1.300888889e+00 1.499041411e+00 
1.114318417e+00 1.321333333e+00 1.607553681e+00 
1.105105943e+00 1.331111111e+00 1.532592025e+00 
1.329555289e+00 1.227111111e+00 1.571127301e+00 
1.293375394e+00 1.250222222e+00 1.571127301e+00 
1.230898077e+00 1.304888889e+00 1.571127301e+00 

1.019011195e+00 1.000000000e+00 1.000000000e+00 
1.042833533e+00 1.048000000e+00 1.086464724e+00 
1.051394433e+00 1.026222222e+00 1.166219325e+00 
1.003750314e+00 1.081777778e+00 1.000000000e+00 
1.035761146e+00 1.113333333e+00 1.110237730e+00 
1.019011195e+00 1.009333333e+00 1.060966258e+00 
1.000000000e+00 1.159111111e+00 1.110237730e+00 
1.030717735e+00 1.102222222e+00 1.086464724e+00 
1.056475252e+00 1.298666667e+00 1.409700920e+00 
1.044499037e+00 1.310222222e+00 1.409700920e+00 
1.136819184e+00 1.204888889e+00 1.435007669e+00 
1.271935457e+00 1.173777778e+00 1.401457055e+00 
1.232852238e+00 1.239555556e+00 1.583780675e+00 
1.179364060e+00 1.295111111e+00 1.583780675e+00 
1.157868290e+00 1.388444444e+00 1.573811350e+00 
1.277630440e+00 1.181777778e+00 1.497315951e+00 
1.046481114e+00 1.032888889e+00 1.182323620e+00 
1.017336199e+00 1.170666667e+00 1.292561350e+00 
1.066469389e+00 1.149777778e+00 1.348542945e+00 
1.003750314e+00 1.113777778e+00 1.268788344e+00 
1.281147930e+00 1.443111111e+00 1.722584356e+00 
1.135702521e+00 1.457777778e+00 1.722584356e+00 
1.333463611e+00 1.423111111e+00 1.722584356e+00 
1.254459674e+00 1.456000000e+00 1.722584356e+00 
1.403645906e+00 1.545333333e+00 1.767829755e+00 
1.656179336e+00 1.542666667e+00 1.767829755e+00 
1.395270930e+00 1.579555556e+00 1.767829755e+00 
1.466318640e+00 1.544000000e+00 1.767829755e+00 
1.367689344e+00 1.603555556e+00 1.767829755e+00 
1.509125932e+00 1.543555556e+00 1.767829755e+00 

1.019011195e+00 1.000000000e+00 1.000000000e+00 
1.019011195e+00 1.009333333e+00 1.060966258e+00 
1.042833533e+00 1.048000000e+00 1.086464724e+00 
1.003750314e+00 1.102222222e+00 1.086464724e+00 
1.241227213e+00 1.654666667e+00 1.796395706e+00 
1.252300606e+00 1.654222222e+00 1.796395706e+00 
1.327154462e+00 1.564444444e+00 1.796395706e+00 
1.290360403e+00 1.596888889e+00 1.796395706e+00 
1.207448145e+00 1.368888889e+00 1.612346626e+00 
1.282208760e+00 1.546666667e+00 1.681365031e+00 
1.139834175e+00 1.404444444e+00 1.630176380e+00 
1.427710003e+00 1.488000000e+00 1.759777607e+00 
1.406158399e+00 1.531555556e+00 1.796395706e+00 
1.476452360e+00 1.476000000e+00 1.759777607e+00 
1.471343625e+00 1.530222222e+00 1.796395706e+00 
1.481198180e+00 1.432444444e+00 1.759777607e+00 
1.508556433e+00 1.432000000e+00 1.759777607e+00 
1.455068256e+00 1.487555556e+00 1.759777607e+00 
1.337818598e+00 1.490222222e+00 1.759777607e+00 
1.514150917e+00 1.529777778e+00 1.796395706e+00 
1.546802155e+00 1.429333333e+00 1.759777607e+00 
1.319002820e+00 1.476000000e+00 1.668519939e+00 
1.322296977e+00 1.444000000e+00 1.668519939e+00 
1.435619888e+00 1.433777778e+00 1.668519939e+00 
1.505876441e+00 1.388444444e+00 1.668519939e+00 
1.472078948e+00 1.396888889e+00 1.668519939e+00 
1.600792831e+00 1.388000000e+00 1.668519939e+00 
1.348538567e+00 1.289777778e+00 1.612346626e+00 
1.318462913e+00 1.312888889e+00 1.612346626e+00 
1.286563748e+00 1.381333333e+00 1.630176380e+00 
1.072760113e+00 1.296444444e+00 1.256134969e+00 
1.143519165e+00 1.174222222e+00 1.276457055e+00 
1.231735574e+00 1.124888889e+00 1.314992331e+00 
1.220010608e+00 1.234666667e+00 1.299079755e+00 
1.192317356e+00 1.244444444e+00 1.371165644e+00 
1.176572402e+00 1.176000000e+00 1.297354294e+00 
1.046481114e+00 1.032888889e+00 1.182323620e+00 
1.051394433e+00 1.026222222e+00 1.166219325e+00 
1.142402501e+00 1.119555556e+00 1.209739264e+00 
1.035761146e+00 1.113333333e+00 1.110237730e+00 
1.054744424e+00 1.184888889e+00 1.196702454e+00 
1.082381843e+00 1.151111111e+00 1.238496933e+00 
1.145752492e+00 1.116888889e+00 1.240030675e+00 
1.038552804e+00 1.134666667e+00 1.171203988e+00 
1.123791631e+00 1.139111111e+00 1.252684049e+00 
1.120850898e+00 1.192000000e+00 1.256134969e+00 
1.168197426e+00 1.246666667e+00 1.463573620e+00 
1.149288406e+00 1.280888889e+00 1.463573620e+00 
1.277630440e+00 1.181777778e+00 1.497315951e+00 
1.054856090e+00 1.297333333e+00 1.407592025e+00 
1.124089221e+00 1.336000000e+00 1.556365031e+00 
1.080008933e+00 1.368444444e+00 1.556365031e+00 
1.099075961e+00 1.328888889e+00 1.515145706e+00 
1.056503169e+00 1.314666667e+00 1.481403374e+00 
1.245805533e+00 1.305777778e+00 1.515145706e+00 

1.019011195e+00 1.009333333e+00 1.060966258e+00 
1.019011195e+00 1.000000000e+00 1.000000000e+00 
1.157756623e+00 1.461333333e+00 1.703796012e+00 
1.200134000e+00 1.438666667e+00 1.703796012e+00 
1.586276207e+00 1.364000000e+00 1.688266871e+00 
1.414421708e+00 1.545333333e+00 1.774731595e+00 
1.366293515e+00 1.426666667e+00 1.703796012e+00 
1.443343290e+00 1.426666667e+00 1.718558282e+00 
1.359593535e+00 1.427111111e+00 1.718558282e+00 
1.515535580e+00 1.460444444e+00 1.759777607e+00 
1.460539907e+00 1.474666667e+00 1.759777607e+00 
1.484101505e+00 1.478666667e+00 1.774731595e+00 
1.427710003e+00 1.479111111e+00 1.774731595e+00 
1.380772731e+00 1.366666667e+00 1.688266871e+00 
1.355089473e+00 1.412444444e+00 1.688266871e+00 
1.046295190e+00 1.183555556e+00 1.331096626e+00 
1.301527037e+00 1.274666667e+00 1.392062883e+00 
1.335026940e+00 1.242222222e+00 1.337615031e+00 
1.231735574e+00 1.124888889e+00 1.314992331e+00 
1.228646325e+00 1.309777778e+00 1.441334356e+00 
1.348147735e+00 1.273777778e+00 1.392062883e+00 
1.227548086e+00 1.285777778e+00 1.392062883e+00 
1.129654114e+00 1.333333333e+00 1.441334356e+00 
1.219238436e+00 1.321333333e+00 1.441334356e+00 
1.070340303e+00 1.356000000e+00 1.441334356e+00 
1.457301583e+00 1.298222222e+00 1.505943252e+00 
1.083721839e+00 1.389777778e+00 1.617331288e+00 
1.242864800e+00 1.322222222e+00 1.539493865e+00 
1.353042629e+00 1.327111111e+00 1.632093558e+00 
1.086680997e+00 1.348444444e+00 1.555023006e+00 
1.164261188e+00 1.363111111e+00 1.588765337e+00 
1.046481114e+00 1.032888889e+00 1.182323620e+00 
1.051394433e+00 1.026222222e+00 1.166219325e+00 
1.069968454e+00 1.132888889e+00 1.243289877e+00 
1.000000000e+00 1.149777778e+00 1.182323620e+00 
1.003750314e+00 1.093333333e+00 1.182323620e+00 

1.019011195e+00 1.000000000e+00 1.000000000e+00 
1.019011195e+00 1.009333333e+00 1.060966258e+00 
1.042833533e+00 1.048000000e+00 1.086464724e+00 
1.139834175e+00 1.404444444e+00 1.630176380e+00 
1.286563748e+00 1.381333333e+00 1.630176380e+00 
1.294641132e+00 1.405777778e+00 1.649731595e+00 
1.288052818e+00 1.344444444e+00 1.593558282e+00 
1.123233299e+00 1.356444444e+00 1.593558282e+00 
1.245693867e+00 1.472444444e+00 1.649731595e+00 
1.464001563e+00 1.372888889e+00 1.633627301e+00 
1.506808855e+00 1.372444444e+00 1.633627301e+00 
1.476452360e+00 1.484888889e+00 1.815950920e+00 
1.427710003e+00 1.496888889e+00 1.815950920e+00 
1.481198180e+00 1.441333333e+00 1.815950920e+00 
1.546802155e+00 1.438222222e+00 1.815950920e+00 
1.455068256e+00 1.496444444e+00 1.815950920e+00 
1.508556433e+00 1.440888889e+00 1.815950920e+00 
1.337818598e+00 1.499111111e+00 1.815950920e+00 
1.325907708e+00 1.673777778e+00 1.815950920e+00 
1.427877502e+00 1.388000000e+00 1.700920245e+00 
1.284367829e+00 1.446666667e+00 1.700920245e+00 
1.309790346e+00 1.392000000e+00 1.759777607e+00 
1.105105943e+00 1.132888889e+00 1.243289877e+00 
1.211077301e+00 1.268000000e+00 1.332630368e+00 
1.292147065e+00 1.264444444e+00 1.317101227e+00 
1.165480026e+00 1.268000000e+00 1.317101227e+00 
1.066748555e+00 1.174222222e+00 1.276457055e+00 
1.079311019e+00 1.210222222e+00 1.286234663e+00 
1.328326959e+00 1.267111111e+00 1.319976994e+00 
1.280682840e+00 1.287111111e+00 1.362921779e+00 
1.177298233e+00 1.300444444e+00 1.497315951e+00 
1.245805533e+00 1.305777778e+00 1.515145706e+00 
1.344741911e+00 1.331111111e+00 1.519938650e+00 
1.380921806e+00 1.308000000e+00 1.519938650e+00 
1.124089221e+00 1.336000000e+00 1.556365031e+00 
1.099075961e+00 1.328888889e+00 1.515145706e+00 
1.056503169e+00 1.314666667e+00 1.481403374e+00 
1.046481114e+00 1.032888889e+00 1.182323620e+00 
1.051394433e+00 1.026222222e+00 1.166219325e+00 
1.142402501e+00 1.119555556e+00 1.209739264e+00 
1.003750314e+00 1.093333333e+00 1.182323620e+00 
1.000000000e+00 1.149777778e+00 1.182323620e+00 

1.530108037e+00 1.454666667e+00 1.743865031e+00 
1.435191647e+00 1.455111111e+00 1.743865031e+00 
1.497501466e+00 1.436888889e+00 1.723542945e+00 
1.511013093e+00 1.378666667e+00 1.637078221e+00 
1.410960051e+00 1.387555556e+00 1.667369632e+00 
1.277407108e+00 1.553777778e+00 1.833780675e+00 
1.187515703e+00 1.536000000e+00 1.718750000e+00 
1.201473996e+00 1.515111111e+00 1.718750000e+00 
1.258758829e+00 1.424000000e+00 1.703796012e+00 
1.347310237e+00 1.415111111e+00 1.703796012e+00 
1.210630636e+00 1.447555556e+00 1.703796012e+00 
1.244018872e+00 1.435111111e+00 1.703796012e+00 
1.330671952e+00 1.403111111e+00 1.649731595e+00 
1.341950253e+00 1.469777778e+00 1.777607362e+00 
1.261662153e+00 1.485333333e+00 1.759969325e+00 
1.258367996e+00 1.517333333e+00 1.759969325e+00 
1.219675609e+00 1.590222222e+00 1.772814417e+00 
1.251723849e+00 1.527111111e+00 1.777607362e+00 
1.439658301e+00 1.530222222e+00 1.833780675e+00 
1.439546635e+00 1.532888889e+00 1.833780675e+00 
1.019011195e+00 1.009333333e+00 1.060966258e+00 
1.035761146e+00 1.113333333e+00 1.110237730e+00 
1.019011195e+00 1.000000000e+00 1.000000000e+00 
1.042833533e+00 1.048000000e+00 1.086464724e+00 
1.003750314e+00 1.102222222e+00 1.086464724e+00 
1.224068005e+00 1.397777778e+00 1.519746933e+00 
1.458418246e+00 1.278222222e+00 1.503834356e+00 
1.227548086e+00 1.300888889e+00 1.478527607e+00 
1.384271796e+00 1.264444444e+00 1.478527607e+00 
1.249267190e+00 1.267111111e+00 1.478527607e+00 
1.401468412e+00 1.323555556e+00 1.503834356e+00 
1.406493398e+00 1.386222222e+00 1.608512270e+00 
1.367410178e+00 1.366222222e+00 1.606403374e+00 
1.367521845e+00 1.328888889e+00 1.522047546e+00 
1.430054996e+00 1.288888889e+00 1.488305215e+00 
1.308785349e+00 1.345777778e+00 1.552338957e+00 
1.424471679e+00 1.329333333e+00 1.580904908e+00 
1.327768627e+00 1.341777778e+00 1.593558282e+00 
1.003750314e+00 1.113777778e+00 1.268788344e+00 
1.046481114e+00 1.032888889e+00 1.182323620e+00 
1.051394433e+00 1.026222222e+00 1.166219325e+00 
1.062226069e+00 1.101333333e+00 1.256134969e+00 
1.000000000e+00 1.170666667e+00 1.292561350e+00 
1.185505709e+00 1.155111111e+00 1.331096626e+00 
1.015744954e+00 1.239111111e+00 1.366372699e+00 

1.042833533e+00 1.048000000e+00 1.086464724e+00 
1.035761146e+00 1.113333333e+00 1.110237730e+00 
1.019011195e+00 1.009333333e+00 1.060966258e+00 
1.019011195e+00 1.000000000e+00 1.000000000e+00 
1.003750314e+00 1.102222222e+00 1.086464724e+00 
1.357304375e+00 1.483555556e+00 1.747124233e+00 
1.348147735e+00 1.476444444e+00 1.729486196e+00 
1.375505988e+00 1.476000000e+00 1.729486196e+00 
1.151196226e+00 1.391111111e+00 1.694018405e+00 
1.122302560e+00 1.448888889e+00 1.694018405e+00 
1.302085369e+00 1.368000000e+00 1.694018405e+00 
1.126043382e+00 1.401777778e+00 1.694018405e+00 
1.258284247e+00 1.377333333e+00 1.694018405e+00 
1.348594400e+00 1.367555556e+00 1.694018405e+00 
1.478220597e+00 1.452888889e+00 1.729486196e+00 
1.531822116e+00 1.417777778e+00 1.729486196e+00 
1.481198180e+00 1.420888889e+00 1.729486196e+00 
1.508556433e+00 1.420444444e+00 1.729486196e+00 
1.428100835e+00 1.464444444e+00 1.729486196e+00 
1.455459088e+00 1.464000000e+00 1.729486196e+00 
1.447512353e+00 1.473777778e+00 1.747124233e+00 
1.345356076e+00 1.534222222e+00 1.729486196e+00 
1.443845789e+00 1.532888889e+00 1.803297546e+00 
1.458418246e+00 1.498222222e+00 1.803297546e+00 
1.645571034e+00 1.425777778e+00 1.803297546e+00 
1.494374808e+00 1.440000000e+00 1.803297546e+00 
1.485776500e+00 1.497777778e+00 1.803297546e+00 
1.453058262e+00 1.527555556e+00 1.803297546e+00 
1.521733062e+00 1.439555556e+00 1.803297546e+00 
1.111694258e+00 1.122666667e+00 1.227185583e+00 
1.046481114e+00 1.032888889e+00 1.182323620e+00 
1.051394433e+00 1.026222222e+00 1.166219325e+00 
1.000000000e+00 1.149777778e+00 1.182323620e+00 
1.145752492e+00 1.116888889e+00 1.240030675e+00 
1.069968454e+00 1.132888889e+00 1.243289877e+00 
1.239198794e+00 1.389777778e+00 1.527799080e+00 
1.215283214e+00 1.371111111e+00 1.519746933e+00 
1.287847910e+00 1.322222222e+00 1.539493865e+00 
1.276122945e+00 1.335111111e+00 1.598351227e+00 
1.306217024e+00 1.302666667e+00 1.488305215e+00 
1.032104073e+00 1.243555556e+00 1.292561350e+00 
1.046295190e+00 1.204000000e+00 1.417561350e+00 
1.043001033e+00 1.236000000e+00 1.417561350e+00 

1.687780911e+00 1.506666667e+00 1.889762270e+00 
1.458418246e+00 1.498222222e+00 1.803297546e+00 
1.485776500e+00 1.497777778e+00 1.803297546e+00 
1.503084783e+00 1.494222222e+00 1.815950920e+00 
1.390971776e+00 1.542666667e+00 1.815950920e+00 
1.453058262e+00 1.527555556e+00 1.803297546e+00 
1.447921610e+00 1.531111111e+00 1.815950920e+00 
1.406716730e+00 1.611111111e+00 1.889762270e+00 
1.463666564e+00 1.599555556e+00 1.889762270e+00 
1.645571034e+00 1.425777778e+00 1.803297546e+00 
1.383601798e+00 1.436000000e+00 1.688266871e+00 
1.419558360e+00 1.377777778e+00 1.688266871e+00 
1.400910081e+00 1.388000000e+00 1.700920245e+00 
1.363501856e+00 1.454666667e+00 1.700920245e+00 
1.417213366e+00 1.456444444e+00 1.774731595e+00 
1.434298317e+00 1.403111111e+00 1.759777607e+00 
1.433739985e+00 1.447555556e+00 1.759777607e+00 
1.407833394e+00 1.390666667e+00 1.747124233e+00 
1.407275062e+00 1.435111111e+00 1.747124233e+00 
1.554562966e+00 1.364000000e+00 1.688266871e+00 
1.559029619e+00 1.376444444e+00 1.747124233e+00 
1.505988108e+00 1.371111111e+00 1.729486196e+00 
1.478629854e+00 1.371555556e+00 1.729486196e+00 
1.308041093e+00 1.461333333e+00 1.759777607e+00 
1.519388068e+00 1.518222222e+00 1.889762270e+00 
1.518829737e+00 1.562666667e+00 1.889762270e+00 
1.483431507e+00 1.576444444e+00 1.889762270e+00 
1.521733062e+00 1.439555556e+00 1.803297546e+00 
1.494374808e+00 1.440000000e+00 1.803297546e+00 
1.503643114e+00 1.449777778e+00 1.815950920e+00 
1.019011195e+00 1.009333333e+00 1.060966258e+00 
1.035761146e+00 1.113333333e+00 1.110237730e+00 
1.019011195e+00 1.000000000e+00 1.000000000e+00 
1.042833533e+00 1.048000000e+00 1.086464724e+00 
1.003750314e+00 1.102222222e+00 1.086464724e+00 
1.046481114e+00 1.032888889e+00 1.182323620e+00 
1.003750314e+00 1.113777778e+00 1.268788344e+00 
1.390301778e+00 1.420000000e+00 1.612346626e+00 
1.196933084e+00 1.488888889e+00 1.668519939e+00 
1.380810139e+00 1.426222222e+00 1.667177914e+00 
1.176572402e+00 1.185333333e+00 1.358320552e+00 
1.164456604e+00 1.223555556e+00 1.404907975e+00 
1.062040144e+00 1.272444444e+00 1.491372699e+00 
1.131943273e+00 1.249777778e+00 1.409509202e+00 
1.192652355e+00 1.249333333e+00 1.491372699e+00 
1.237430557e+00 1.191555556e+00 1.404907975e+00 
1.019495268e+00 1.182222222e+00 1.342599693e+00 
1.197789006e+00 1.246222222e+00 1.409509202e+00 

1.019011195e+00 1.000000000e+00 1.000000000e+00 
1.042833533e+00 1.048000000e+00 1.086464724e+00 
1.019011195e+00 1.009333333e+00 1.060966258e+00 
1.003750314e+00 1.081777778e+00 1.000000000e+00 
1.000000000e+00 1.159111111e+00 1.110237730e+00 
1.003750314e+00 1.102222222e+00 1.086464724e+00 
1.035761146e+00 1.113333333e+00 1.110237730e+00 
1.288127076e+00 1.486222222e+00 1.577645706e+00 
1.314554591e+00 1.475111111e+00 1.532592025e+00 
1.318835320e+00 1.465333333e+00 1.577645706e+00 
1.280422099e+00 1.221777778e+00 1.465874233e+00 
1.228106418e+00 1.244888889e+00 1.465874233e+00 
1.297842048e+00 1.358222222e+00 1.521472393e+00 
1.283102091e+00 1.369333333e+00 1.521472393e+00 
1.220010608e+00 1.380888889e+00 1.521472393e+00 
1.028586583e+00 1.308888889e+00 1.519746933e+00 
1.204935652e+00 1.305333333e+00 1.519746933e+00 
1.419335027e+00 1.418666667e+00 1.577645706e+00 
1.337260266e+00 1.428444444e+00 1.577645706e+00 
1.433963318e+00 1.385333333e+00 1.532592025e+00 
1.386393456e+00 1.349333333e+00 1.521472393e+00 
1.105105943e+00 1.132888889e+00 1.243289877e+00 
1.030987410e+00 1.220000000e+00 1.276457055e+00 
1.046481114e+00 1.032888889e+00 1.182323620e+00 
1.125205885e+00 1.101333333e+00 1.256134969e+00 
1.283660423e+00 1.141777778e+00 1.314992331e+00 
1.087313587e+00 1.164000000e+00 1.297354294e+00 
1.234527233e+00 1.156000000e+00 1.283550613e+00 
1.015744954e+00 1.227555556e+00 1.184049080e+00 
1.717484157e+00 1.451111111e+00 1.729486196e+00 
1.676167611e+00 1.474666667e+00 1.729486196e+00 
1.411239217e+00 1.545333333e+00 1.926188650e+00 
1.491024818e+00 1.520444444e+00 1.926188650e+00 
1.380251808e+00 1.484444444e+00 1.759969325e+00 
1.331118618e+00 1.542222222e+00 1.759969325e+00 
1.257977164e+00 1.196444444e+00 1.314992331e+00 
1.237430557e+00 1.200444444e+00 1.404907975e+00 
1.046732364e+00 1.288444444e+00 1.350268405e+00 
1.160548282e+00 1.265333333e+00 1.350268405e+00 

1.553892968e+00 1.402222222e+00 1.663726994e+00 
1.163060774e+00 1.468444444e+00 1.663726994e+00 
1.372183914e+00 1.424000000e+00 1.716449387e+00 
1.382485134e+00 1.423111111e+00 1.716449387e+00 
1.508221434e+00 1.520888889e+00 1.750191718e+00 
1.192466430e+00 1.540000000e+00 1.716449387e+00 
1.236760559e+00 1.528000000e+00 1.716449387e+00 
1.241506379e+00 1.434666667e+00 1.716449387e+00 
1.181374054e+00 1.548444444e+00 1.716449387e+00 
1.352446889e+00 1.521333333e+00 1.750191718e+00 
1.211468133e+00 1.532888889e+00 1.750191718e+00 
1.209904804e+00 1.556000000e+00 1.750191718e+00 
1.019011195e+00 1.000000000e+00 1.000000000e+00 
1.194885682e+00 1.189333333e+00 1.281250000e+00 
1.131403367e+00 1.210222222e+00 1.329754601e+00 
1.236202228e+00 1.163111111e+00 1.283358896e+00 
1.027237096e+00 1.213777778e+00 1.329754601e+00 
1.306924430e+00 1.238666667e+00 1.375958589e+00 
1.183998213e+00 1.239111111e+00 1.375958589e+00 
1.273610452e+00 1.266666667e+00 1.497315951e+00 
1.077468524e+00 1.300444444e+00 1.497315951e+00 
1.142542084e+00 1.298666667e+00 1.497315951e+00 
1.052092348e+00 1.356888889e+00 1.497315951e+00 
1.109070099e+00 1.388000000e+00 1.660276074e+00 
1.272158790e+00 1.331555556e+00 1.519938650e+00 
1.308338684e+00 1.299555556e+00 1.519938650e+00 
1.278263030e+00 1.322666667e+00 1.519938650e+00 
1.266631306e+00 1.332000000e+00 1.519938650e+00 
1.243851372e+00 1.356000000e+00 1.629984663e+00 
1.102760950e+00 1.425333333e+00 1.629984663e+00 
1.210518969e+00 1.373777778e+00 1.550230061e+00 
1.334468608e+00 1.343111111e+00 1.629984663e+00 
1.046481114e+00 1.032888889e+00 1.182323620e+00 
1.123791631e+00 1.139111111e+00 1.252684049e+00 
1.066748555e+00 1.174222222e+00 1.276457055e+00 
1.051394433e+00 1.026222222e+00 1.166219325e+00 
1.000000000e+00 1.149777778e+00 1.182323620e+00 
1.111694258e+00 1.122666667e+00 1.227185583e+00 
1.042833533e+00 1.048000000e+00 1.086464724e+00 
1.019011195e+00 1.009333333e+00 1.060966258e+00 
1.035761146e+00 1.113333333e+00 1.110237730e+00 

1.553892968e+00 1.402222222e+00 1.663726994e+00 
1.163060774e+00 1.468444444e+00 1.663726994e+00 
1.372183914e+00 1.424000000e+00 1.716449387e+00 
1.382485134e+00 1.423111111e+00 1.716449387e+00 
1.508221434e+00 1.520888889e+00 1.750191718e+00 
1.192466430e+00 1.540000000e+00 1.716449387e+00 
1.236760559e+00 1.528000000e+00 1.716449387e+00 
1.241506379e+00 1.434666667e+00 1.716449387e+00 
1.181374054e+00 1.548444444e+00 1.716449387e+00 
1.352446889e+00 1.521333333e+00 1.750191718e+00 
1.211468133e+00 1.532888889e+00 1.750191718e+00 
1.209904804e+00 1.556000000e+00 1.750191718e+00 
1.019011195e+00 1.000000000e+00 1.000000000e+00 
1.194885682e+00 1.189333333e+00 1.281250000e+00 
1.131403367e+00 1.210222222e+00 1.329754601e+00 
1.236202228e+00 1.163111111e+00 1.283358896e+00 
1.027237096e+00 1.213777778e+00 1.329754601e+00 
1.306924430e+00 1.238666667e+00 1.375958589e+00 
1.183998213e+00 1.239111111e+00 1.375958589e+00 
1.273610452e+00 1.266666667e+00 1.497315951e+00 
1.077468524e+00 1.300444444e+00 1.497315951e+00 
1.142542084e+00 1.298666667e+00 1.497315951e+00 
1.052092348e+00 1.356888889e+00 1.497315951e+00 
1.109070099e+00 1.388000000e+00 1.660276074e+00 
1.272158790e+00 1.331555556e+00 1.519938650e+00 
1.308338684e+00 1.299555556e+00 1.519938650e+00 
1.278263030e+00 1.322666667e+00 1.519938650e+00 
1.266631306e+00 1.332000000e+00 1.519938650e+00 
1.243851372e+00 1.356000000e+00 1.629984663e+00 
1.102760950e+00 1.425333333e+00 1.629984663e+00 
1.210518969e+00 1.373777778e+00 1.550230061e+00 
1.334468608e+00 1.343111111e+00 1.629984663e+00 
1.046481114e+00 1.032888889e+00 1.182323620e+00 
1.123791631e+00 1.139111111e+00 1.252684049e+00 
1.066748555e+00 1.174222222e+00 1.276457055e+00 
1.051394433e+00 1.026222222e+00 1.166219325e+00 
1.000000000e+00 1.149777778e+00 1.182323620e+00 
1.111694258e+00 1.122666667e+00 1.227185583e+00 
1.042833533e+00 1.048000000e+00 1.086464724e+00 
1.019011195e+00 1.009333333e+00 1.060966258e+00 
1.035761146e+00 1.113333333e+00 1.110237730e+00 

1.398230088e+00 1.491555556e+00 1.790260736e+00 
1.257251333e+00 1.503111111e+00 1.790260736e+00 
1.339102761e+00 1.442222222e+00 1.734087423e+00 
1.154406633e+00 1.467555556e+00 1.734087423e+00 
1.259596326e+00 1.424444444e+00 1.703796012e+00 
1.345718992e+00 1.411555556e+00 1.703796012e+00 
1.241506379e+00 1.434666667e+00 1.716449387e+00 
1.382485134e+00 1.423111111e+00 1.716449387e+00 
1.372183914e+00 1.424000000e+00 1.716449387e+00 
1.019011195e+00 1.000000000e+00 1.000000000e+00 
1.000000000e+00 1.138222222e+00 1.000000000e+00 
1.019011195e+00 1.009333333e+00 1.060966258e+00 
1.035761146e+00 1.113333333e+00 1.110237730e+00 
1.000000000e+00 1.159111111e+00 1.110237730e+00 
1.042833533e+00 1.048000000e+00 1.086464724e+00 
1.003750314e+00 1.102222222e+00 1.086464724e+00 
1.145194160e+00 1.198666667e+00 1.348542945e+00 
1.208955641e+00 1.246222222e+00 1.409509202e+00 
1.227380587e+00 1.209777778e+00 1.371165644e+00 
1.148767483e+00 1.232444444e+00 1.371165644e+00 
1.125094218e+00 1.249777778e+00 1.409509202e+00 
1.046481114e+00 1.032888889e+00 1.182323620e+00 
1.051394433e+00 1.026222222e+00 1.166219325e+00 
1.087313587e+00 1.164000000e+00 1.297354294e+00 
1.003750314e+00 1.113777778e+00 1.268788344e+00 
1.355126881e+00 1.328888889e+00 1.475268405e+00 
1.293822060e+00 1.271555556e+00 1.463573620e+00 
1.418776695e+00 1.316444444e+00 1.491372699e+00 
1.082605176e+00 1.375555556e+00 1.647622699e+00 
1.215823121e+00 1.408000000e+00 1.660276074e+00 
1.070601044e+00 1.386222222e+00 1.567868098e+00 
1.074844365e+00 1.434666667e+00 1.660276074e+00 
1.296892884e+00 1.361333333e+00 1.647622699e+00 
1.243851372e+00 1.356000000e+00 1.629984663e+00 
1.329974038e+00 1.343111111e+00 1.629984663e+00 
1.210518969e+00 1.373777778e+00 1.550230061e+00 

1.019011195e+00 1.009333333e+00 1.060966258e+00 
1.042833533e+00 1.048000000e+00 1.086464724e+00 
1.035761146e+00 1.113333333e+00 1.110237730e+00 
1.019011195e+00 1.000000000e+00 1.000000000e+00 
1.003750314e+00 1.102222222e+00 1.086464724e+00 
1.066860222e+00 1.307111111e+00 1.573811350e+00 
1.382485134e+00 1.423111111e+00 1.716449387e+00 
1.372183914e+00 1.424000000e+00 1.716449387e+00 
1.350548561e+00 1.341777778e+00 1.606211656e+00 
1.243851372e+00 1.356000000e+00 1.629984663e+00 
1.329974038e+00 1.343111111e+00 1.629984663e+00 
1.074844365e+00 1.434666667e+00 1.660276074e+00 
1.109070099e+00 1.388000000e+00 1.660276074e+00 
1.192447447e+00 1.548000000e+00 1.716449387e+00 
1.238044722e+00 1.516000000e+00 1.716449387e+00 
1.236760559e+00 1.528000000e+00 1.716449387e+00 
1.152359231e+00 1.549777778e+00 1.716449387e+00 
1.141285838e+00 1.550222222e+00 1.716449387e+00 
1.181374054e+00 1.548444444e+00 1.716449387e+00 
1.241506379e+00 1.434666667e+00 1.716449387e+00 
1.124200888e+00 1.218222222e+00 1.422354294e+00 
1.146031657e+00 1.182666667e+00 1.422354294e+00 
1.030987410e+00 1.210666667e+00 1.348542945e+00 
1.168197426e+00 1.246666667e+00 1.463573620e+00 
1.149288406e+00 1.280888889e+00 1.463573620e+00 
1.030987410e+00 1.231555556e+00 1.458780675e+00 
1.108455934e+00 1.149777778e+00 1.348542945e+00 
1.105105943e+00 1.132888889e+00 1.243289877e+00 
1.046481114e+00 1.032888889e+00 1.182323620e+00 
1.051394433e+00 1.026222222e+00 1.166219325e+00 
1.046295190e+00 1.183555556e+00 1.331096626e+00 
1.000000000e+00 1.149777778e+00 1.182323620e+00 
1.000000000e+00 1.170666667e+00 1.292561350e+00 

1.143351665e+00 1.426666667e+00 1.681365031e+00 
1.141788336e+00 1.449777778e+00 1.681365031e+00 
1.134865023e+00 1.462666667e+00 1.647622699e+00 
1.135423355e+00 1.396000000e+00 1.647622699e+00 
1.182881550e+00 1.410222222e+00 1.681365031e+00 
1.173110745e+00 1.558222222e+00 1.796395706e+00 
1.184184138e+00 1.557777778e+00 1.796395706e+00 
1.223639764e+00 1.485777778e+00 1.796395706e+00 
1.462438235e+00 1.450666667e+00 1.796395706e+00 
1.377850981e+00 1.451111111e+00 1.796395706e+00 
1.329722788e+00 1.465777778e+00 1.796395706e+00 
1.485664833e+00 1.396000000e+00 1.686157975e+00 
1.428547500e+00 1.412444444e+00 1.686157975e+00 
1.386281790e+00 1.442666667e+00 1.686157975e+00 
1.276792943e+00 1.366666667e+00 1.681365031e+00 
1.019011195e+00 1.009333333e+00 1.060966258e+00 
1.042833533e+00 1.048000000e+00 1.086464724e+00 
1.019011195e+00 1.000000000e+00 1.000000000e+00 
1.268585467e+00 1.335111111e+00 1.598351227e+00 
1.232479830e+00 1.313777778e+00 1.537384969e+00 
1.183942380e+00 1.315111111e+00 1.537384969e+00 
1.293822060e+00 1.291111111e+00 1.537384969e+00 
1.126043382e+00 1.381333333e+00 1.607553681e+00 
1.117110075e+00 1.320000000e+00 1.571127301e+00 
1.099550543e+00 1.320444444e+00 1.532592025e+00 
1.055861087e+00 1.363111111e+00 1.573811350e+00 
1.265905474e+00 1.300444444e+00 1.481403374e+00 
1.066469389e+00 1.149777778e+00 1.348542945e+00 
1.323860305e+00 1.245777778e+00 1.355061350e+00 
1.019988275e+00 1.266666667e+00 1.348542945e+00 
1.202143994e+00 1.253777778e+00 1.432131902e+00 
1.375226822e+00 1.239555556e+00 1.432131902e+00 
1.051617766e+00 1.314666667e+00 1.481403374e+00 
1.142402501e+00 1.119555556e+00 1.209739264e+00 
1.145752492e+00 1.116888889e+00 1.240030675e+00 
1.051394433e+00 1.026222222e+00 1.166219325e+00 
1.046481114e+00 1.032888889e+00 1.182323620e+00 
1.003750314e+00 1.093333333e+00 1.182323620e+00 
1.000000000e+00 1.149777778e+00 1.182323620e+00 

1.019011195e+00 1.000000000e+00 1.000000000e+00 
1.003750314e+00 1.102222222e+00 1.086464724e+00 
1.042833533e+00 1.048000000e+00 1.086464724e+00 
1.019011195e+00 1.009333333e+00 1.060966258e+00 
1.260880489e+00 1.346666667e+00 1.639953988e+00 
1.374668491e+00 1.372000000e+00 1.722584356e+00 
1.178414896e+00 1.395111111e+00 1.722584356e+00 
1.401952486e+00 1.346222222e+00 1.639953988e+00 
1.439993300e+00 1.363111111e+00 1.722584356e+00 
1.257251333e+00 1.503111111e+00 1.790260736e+00 
1.398230088e+00 1.491555556e+00 1.790260736e+00 
1.339102761e+00 1.442222222e+00 1.734087423e+00 
1.127271712e+00 1.487111111e+00 1.675230061e+00 
1.154406633e+00 1.467555556e+00 1.734087423e+00 
1.074844365e+00 1.434666667e+00 1.660276074e+00 
1.109070099e+00 1.388000000e+00 1.660276074e+00 
1.051394433e+00 1.026222222e+00 1.166219325e+00 
1.046481114e+00 1.032888889e+00 1.182323620e+00 
1.087313587e+00 1.164000000e+00 1.297354294e+00 
1.030717735e+00 1.093333333e+00 1.182323620e+00 
1.000000000e+00 1.149777778e+00 1.182323620e+00 
1.019495268e+00 1.182222222e+00 1.342599693e+00 
1.062226069e+00 1.101333333e+00 1.256134969e+00 
1.003750314e+00 1.113777778e+00 1.268788344e+00 
1.075123531e+00 1.368444444e+00 1.556365031e+00 
1.142542084e+00 1.319555556e+00 1.607553681e+00 
1.164847436e+00 1.312000000e+00 1.491180982e+00 
1.275564613e+00 1.312888889e+00 1.612346626e+00 
1.070601044e+00 1.386222222e+00 1.567868098e+00 
1.108204684e+00 1.392000000e+00 1.619056748e+00 
1.232852238e+00 1.239555556e+00 1.583780675e+00 

1.151140393e+00 1.340888889e+00 1.668519939e+00 
1.133887943e+00 1.375111111e+00 1.668519939e+00 
1.145845733e+00 1.353777778e+00 1.657592025e+00 
1.194606516e+00 1.490666667e+00 1.767829755e+00 
1.264630803e+00 1.459555556e+00 1.767829755e+00 
1.201864828e+00 1.481777778e+00 1.767829755e+00 
1.248653025e+00 1.468000000e+00 1.767829755e+00 
1.266882555e+00 1.398666667e+00 1.754984663e+00 
1.160659948e+00 1.421777778e+00 1.680023006e+00 
1.111917590e+00 1.398666667e+00 1.668519939e+00 
1.182881550e+00 1.410222222e+00 1.681365031e+00 
1.191479858e+00 1.431555556e+00 1.742331288e+00 
1.203651489e+00 1.420888889e+00 1.754984663e+00 
1.186399040e+00 1.455111111e+00 1.754984663e+00 
1.199938584e+00 1.432888889e+00 1.754984663e+00 
1.177689065e+00 1.456444444e+00 1.754984663e+00 
1.123642556e+00 1.479111111e+00 1.754984663e+00 
1.444627453e+00 1.376444444e+00 1.700920245e+00 
1.284069680e+00 1.379111111e+00 1.700920245e+00 
1.327768627e+00 1.328888889e+00 1.668519939e+00 
1.557242958e+00 1.436444444e+00 1.767829755e+00 
1.374835990e+00 1.458666667e+00 1.767829755e+00 
1.472264873e+00 1.444888889e+00 1.767829755e+00 
1.399346752e+00 1.458222222e+00 1.767829755e+00 
1.203204824e+00 1.512000000e+00 1.828796012e+00 
1.417436699e+00 1.488444444e+00 1.828796012e+00 
1.257251333e+00 1.489333333e+00 1.828796012e+00 
1.042833533e+00 1.048000000e+00 1.086464724e+00 
1.019011195e+00 1.000000000e+00 1.000000000e+00 
1.035761146e+00 1.113333333e+00 1.110237730e+00 
1.019011195e+00 1.009333333e+00 1.060966258e+00 
1.000000000e+00 1.159111111e+00 1.110237730e+00 
1.003750314e+00 1.102222222e+00 1.086464724e+00 
1.166969096e+00 1.275111111e+00 1.345475460e+00 
1.260768823e+00 1.238222222e+00 1.401457055e+00 
1.139164177e+00 1.329333333e+00 1.348542945e+00 
1.198235672e+00 1.210666667e+00 1.342216258e+00 
1.306366098e+00 1.337333333e+00 1.516487730e+00 
1.364618520e+00 1.316888889e+00 1.423888037e+00 
1.107674269e+00 1.350222222e+00 1.576111963e+00 
1.076854359e+00 1.340444444e+00 1.513803681e+00 
1.110800927e+00 1.409333333e+00 1.601610429e+00 
1.108148851e+00 1.341777778e+00 1.593558282e+00 
1.046481114e+00 1.032888889e+00 1.182323620e+00 
1.051394433e+00 1.026222222e+00 1.166219325e+00 
1.145752492e+00 1.116888889e+00 1.240030675e+00 
1.070238128e+00 1.324888889e+00 1.276457055e+00 
1.087313587e+00 1.164000000e+00 1.297354294e+00 

1.413193378e+00 1.258666667e+00 1.427338957e+00 
1.085731833e+00 1.155111111e+00 1.331096626e+00 
1.083331007e+00 1.260444444e+00 1.441334356e+00 
1.039250719e+00 1.292888889e+00 1.441334356e+00 
1.008598308e+00 1.192000000e+00 1.353527607e+00 
1.000000000e+00 1.170666667e+00 1.292561350e+00 
1.044471120e+00 1.267555556e+00 1.468558282e+00 
1.035872812e+00 1.246222222e+00 1.407592025e+00 
1.123419223e+00 1.185333333e+00 1.358320552e+00 
1.314182742e+00 1.264444444e+00 1.475268405e+00 
1.246066274e+00 1.264888889e+00 1.475268405e+00 
1.017336199e+00 1.159111111e+00 1.110237730e+00 
1.019011195e+00 1.009333333e+00 1.060966258e+00 
1.042833533e+00 1.048000000e+00 1.086464724e+00 
1.046481114e+00 1.032888889e+00 1.182323620e+00 
1.019011195e+00 1.000000000e+00 1.000000000e+00 
1.003750314e+00 1.081777778e+00 1.000000000e+00 
1.035761146e+00 1.113333333e+00 1.110237730e+00 
1.051394433e+00 1.026222222e+00 1.166219325e+00 
1.142402501e+00 1.119555556e+00 1.209739264e+00 
1.044359454e+00 1.134666667e+00 1.171203988e+00 
1.069968454e+00 1.132888889e+00 1.243289877e+00 
1.195834845e+00 1.447555556e+00 1.767829755e+00 
1.337371933e+00 1.436000000e+00 1.767829755e+00 
1.141788336e+00 1.470222222e+00 1.767829755e+00 
1.099243461e+00 1.380000000e+00 1.619056748e+00 
1.278579604e+00 1.436444444e+00 1.767829755e+00 
1.180089891e+00 1.379111111e+00 1.694018405e+00 
1.126043382e+00 1.401777778e+00 1.694018405e+00 
1.248597192e+00 1.308000000e+00 1.657592025e+00 
1.321626979e+00 1.367555556e+00 1.694018405e+00 
1.262834650e+00 1.368000000e+00 1.694018405e+00 
1.195109014e+00 1.363555556e+00 1.657592025e+00 
1.130063371e+00 1.389777778e+00 1.681365031e+00 
