1.343277191e+00 1.706290243e+00 2.000000000e+00 
1.367476241e+00 1.704309064e+00 2.000000000e+00 
1.336149419e+00 1.756315007e+00 2.000000000e+00 
1.421471489e+00 1.702327885e+00 2.000000000e+00 
1.572507920e+00 1.694898465e+00 2.000000000e+00 
1.638769799e+00 1.680534918e+00 2.000000000e+00 
1.626504752e+00 1.692917286e+00 2.000000000e+00 
1.649065470e+00 1.680039624e+00 2.000000000e+00 
1.654699050e+00 1.679544329e+00 2.000000000e+00 
1.745950370e+00 1.668647845e+00 2.000000000e+00 
1.927666315e+00 1.659237246e+00 2.000000000e+00 
1.297430306e+00 1.680039624e+00 1.928186161e+00 
1.321629884e+00 1.678058445e+00 1.928186161e+00 
1.294966737e+00 1.627538385e+00 1.924179380e+00 
1.287838965e+00 1.677563150e+00 1.924179380e+00 
1.348961457e+00 1.625557207e+00 1.924179380e+00 
1.261527455e+00 1.774640911e+00 1.924179380e+00 
1.259591869e+00 1.807825656e+00 1.924179380e+00 
1.289158923e+00 1.671124319e+00 1.920172600e+00 
1.278546463e+00 1.690440812e+00 1.920172600e+00 
1.235568638e+00 1.742446756e+00 1.920172600e+00 
1.223864836e+00 1.769192670e+00 1.920172600e+00 
1.531467793e+00 1.625061912e+00 1.924179380e+00 
1.217176874e+00 1.792471521e+00 1.920172600e+00 
1.577085533e+00 1.616146607e+00 1.924179380e+00 
1.625042239e+00 1.615156018e+00 1.924179380e+00 
1.642766631e+00 1.609212481e+00 1.920172600e+00 
1.806758184e+00 1.605745419e+00 1.924179380e+00 
1.601282999e+00 1.607231303e+00 1.893203883e+00 
1.284671067e+00 1.639920753e+00 1.863923563e+00 
1.674144667e+00 1.603764240e+00 1.874094622e+00 
1.527323126e+00 1.622090144e+00 1.870087841e+00 
1.256247624e+00 1.584447746e+00 1.859916782e+00 
1.250439810e+00 1.608717187e+00 1.859916782e+00 
1.280447202e+00 1.582466568e+00 1.859916782e+00 
1.222808870e+00 1.768697375e+00 1.859916782e+00 
1.496568110e+00 1.560178306e+00 1.859916782e+00 
1.485480465e+00 1.573055968e+00 1.859916782e+00 
1.249119852e+00 1.601287766e+00 1.852365542e+00 
1.230728617e+00 1.674591382e+00 1.852365542e+00 
1.193065998e+00 1.669143140e+00 1.848358761e+00 
1.243312038e+00 1.644873700e+00 1.848358761e+00 
1.246040127e+00 1.541852402e+00 1.844351980e+00 
1.184794087e+00 1.603764240e+00 1.844351980e+00 
1.238912355e+00 1.591877167e+00 1.844351980e+00 
1.300035375e+00 1.539871223e+00 1.844351980e+00 
