1.548567391e+00 1.405125678e+00 1.660249740e+00 
1.344115995e+00 1.459339576e+00 1.720950399e+00 
1.384574088e+00 1.576145885e+00 1.758931668e+00 
1.587493316e+00 1.505174963e+00 1.781824488e+00 
1.301225572e+00 1.432725481e+00 1.660249740e+00 
1.734184586e+00 1.910793494e+00 2.000000000e+00 
1.518470081e+00 1.668802366e+00 1.904613250e+00 
1.257884257e+00 1.308526368e+00 1.539021852e+00 
1.559558558e+00 1.762444554e+00 1.940860215e+00 
1.615244257e+00 1.911779202e+00 2.000000000e+00 
1.580643435e+00 1.658452440e+00 1.904613250e+00 
1.485853400e+00 1.554460325e+00 1.790669442e+00 
1.464406296e+00 1.608674224e+00 1.790669442e+00 
1.308704215e+00 1.398718581e+00 1.602670829e+00 
1.479003518e+00 1.859043864e+00 1.843739161e+00 
1.284015447e+00 1.428782652e+00 1.628511967e+00 
1.853124914e+00 1.795958600e+00 2.000000000e+00 
1.455577680e+00 1.528339083e+00 1.758931668e+00 
1.603712452e+00 1.450468211e+00 1.786160250e+00 
1.526941877e+00 1.589945786e+00 1.818071453e+00 
1.239772889e+00 1.374568753e+00 1.564862990e+00 
1.512523065e+00 1.513553475e+00 1.758931668e+00 
1.366011828e+00 1.393790044e+00 1.633021159e+00 
1.239502570e+00 1.323804830e+00 1.511619840e+00 
1.380969656e+00 1.377033021e+00 1.604231703e+00 
1.438457301e+00 1.624445540e+00 1.818071453e+00 
1.417192392e+00 1.351897486e+00 1.604231703e+00 
1.197423104e+00 1.343518975e+00 1.497051682e+00 
1.716705764e+00 1.628388369e+00 1.877211238e+00 
1.324743319e+00 1.491375062e+00 1.667880680e+00 
1.435033441e+00 1.341054707e+00 1.625563649e+00 
1.383132207e+00 1.426811237e+00 1.695282692e+00 
1.295819193e+00 1.417939872e+00 1.625563649e+00 
1.466931075e+00 1.417939872e+00 1.699618453e+00 
1.433411528e+00 1.381468704e+00 1.625563649e+00 
1.227338218e+00 1.380482997e+00 1.527575442e+00 
1.673454735e+00 1.613109906e+00 1.849809227e+00 
1.461524696e+00 1.523903401e+00 1.754422477e+00 
1.334474800e+00 1.402661410e+00 1.634408602e+00 
1.508738600e+00 1.803351405e+00 1.940860215e+00 
1.291764409e+00 1.331690488e+00 1.569372182e+00 
1.245359840e+00 1.464268112e+00 1.618626431e+00 
1.760767749e+00 1.687037950e+00 1.913458203e+00 
1.479365745e+00 1.512074914e+00 1.754422477e+00 
1.194990233e+00 1.365204534e+00 1.511619840e+00 
1.165435184e+00 1.342040414e+00 1.476760319e+00 
1.448279069e+00 1.590931493e+00 1.786160250e+00 
1.337718627e+00 1.467225234e+00 1.667880680e+00 
1.373761331e+00 1.587974372e+00 1.728407908e+00 
1.770228911e+00 1.874322326e+00 2.000000000e+00 
1.282573566e+00 1.333169049e+00 1.541970170e+00 
1.287439307e+00 1.300640710e+00 1.511619840e+00 
1.120382209e+00 1.343026121e+00 1.476760319e+00 
1.296630150e+00 1.299162149e+00 1.539021852e+00 
1.230131694e+00 1.412518482e+00 1.602670829e+00 
1.122724793e+00 1.315919172e+00 1.443808533e+00 
1.409623462e+00 1.375061607e+00 1.604231703e+00 
1.532888893e+00 1.360768852e+00 1.629899410e+00 
1.780501031e+00 1.740266141e+00 1.936351023e+00 
1.343125006e+00 1.567274519e+00 1.698057579e+00 
1.622272550e+00 1.579103006e+00 1.810440513e+00 
1.506489546e+00 1.647609660e+00 1.845473465e+00 
1.239502570e+00 1.337111878e+00 1.539021852e+00 
1.296269545e+00 1.470182356e+00 1.661810614e+00 
1.274373712e+00 1.455396747e+00 1.660249740e+00 
1.330690335e+00 1.363233120e+00 1.573707943e+00 
1.396107516e+00 1.328240513e+00 1.543357614e+00 
1.215264153e+00 1.397732873e+00 1.530350330e+00 
1.872950104e+00 1.745194677e+00 2.000000000e+00 
1.070823559e+00 1.183834401e+00 1.284772806e+00 
1.442602371e+00 1.293740759e+00 1.534512660e+00 
1.686067817e+00 1.730901922e+00 1.913458203e+00 
1.263651241e+00 1.222276984e+00 1.384495317e+00 
1.231483289e+00 1.388368655e+00 1.564862990e+00 
1.341503092e+00 1.330211927e+00 1.569372182e+00 
1.248963732e+00 1.272055200e+00 1.499653139e+00 
1.305820994e+00 1.261212420e+00 1.447970864e+00 
1.190034206e+00 1.302612124e+00 1.478321193e+00 
1.216886067e+00 1.224248398e+00 1.408602151e+00 
1.045413580e+00 1.111877772e+00 1.216961498e+00 
1.099477365e+00 1.202562839e+00 1.380159556e+00 
1.061452683e+00 1.205519961e+00 1.322060354e+00 
1.194088990e+00 1.278955150e+00 1.476760319e+00 
1.552530266e+00 1.660916708e+00 1.854318418e+00 
1.259866776e+00 1.459832430e+00 1.633021159e+00 
1.099477365e+00 1.178413011e+00 1.289108567e+00 
1.413407927e+00 1.526367669e+00 1.728407908e+00 
1.822130146e+00 1.846722523e+00 2.000000000e+00 
1.294917950e+00 1.494825037e+00 1.690773500e+00 
1.036042704e+00 1.109413504e+00 1.163198058e+00 
1.070823559e+00 1.207984229e+00 1.375823795e+00 
1.258785500e+00 1.269098078e+00 1.414845647e+00 
1.197152785e+00 1.160670281e+00 1.284772806e+00 
1.097134782e+00 1.229669788e+00 1.413111342e+00 
1.213191888e+00 1.271562346e+00 1.439472771e+00 
1.224184678e+00 1.188270084e+00 1.319458897e+00 
1.045413580e+00 1.087727945e+00 1.125910510e+00 
1.184718114e+00 1.191720059e+00 1.322060354e+00 
1.236078710e+00 1.131099064e+00 1.221297260e+00 
1.025409979e+00 1.138984722e+00 1.249913285e+00 
1.016940347e+00 1.114834894e+00 1.158862296e+00 
1.082537559e+00 1.000000000e+00 1.000000000e+00 
1.229050418e+00 1.141941843e+00 1.289108567e+00 
1.076049905e+00 1.091177920e+00 1.158862296e+00 
1.000000000e+00 1.042878265e+00 1.091050989e+00 
1.054063786e+00 1.133563332e+00 1.254249046e+00 
1.082537559e+00 1.022178413e+00 1.163198058e+00 
1.000000000e+00 1.018728438e+00 1.000000000e+00 

1.342584368e+00 1.527846230e+00 1.758931668e+00 
1.163903557e+00 1.373583046e+00 1.499653139e+00 
1.663182616e+00 1.557910301e+00 1.822407215e+00 
1.797801442e+00 1.703302119e+00 1.913458203e+00 
1.324743319e+00 1.491375062e+00 1.667880680e+00 
1.287439307e+00 1.300640710e+00 1.511619840e+00 
1.373400726e+00 1.390340069e+00 1.634408602e+00 
1.435033441e+00 1.341054707e+00 1.625563649e+00 
1.293566355e+00 1.588960079e+00 1.719562955e+00 
1.351234574e+00 1.461803844e+00 1.664758932e+00 
1.703011407e+00 1.874322326e+00 2.000000000e+00 
1.346368833e+00 1.376540168e+00 1.604405134e+00 
1.342314049e+00 1.293740759e+00 1.534512660e+00 
1.496303929e+00 1.686545096e+00 1.877211238e+00 
1.352586168e+00 1.457861015e+00 1.690773500e+00 
1.460443420e+00 1.464268112e+00 1.727020465e+00 
1.436835387e+00 1.681616560e+00 1.854318418e+00 
1.296630150e+00 1.299162149e+00 1.539021852e+00 
1.334474800e+00 1.402661410e+00 1.634408602e+00 
1.448549388e+00 1.390832923e+00 1.663371488e+00 
1.496666157e+00 1.657959586e+00 1.854318418e+00 
1.459540555e+00 1.480532282e+00 1.790669442e+00 
1.271129884e+00 1.413504189e+00 1.624002775e+00 
1.585330765e+00 1.650073928e+00 1.845300035e+00 
1.122724793e+00 1.315919172e+00 1.443808533e+00 
1.085060716e+00 1.183834401e+00 1.284772806e+00 
1.648855713e+00 1.723509118e+00 1.940860215e+00 
1.300054010e+00 1.383440118e+00 1.598161637e+00 
1.194088990e+00 1.278955150e+00 1.476760319e+00 
1.442872690e+00 1.524889108e+00 1.786160250e+00 
1.299153307e+00 1.386890094e+00 1.595733611e+00 
1.230131694e+00 1.412518482e+00 1.602670829e+00 
1.342584368e+00 1.427796944e+00 1.637356920e+00 
1.120382209e+00 1.343026121e+00 1.476760319e+00 
1.383132207e+00 1.426811237e+00 1.695282692e+00 
1.507478914e+00 1.418925579e+00 1.699618453e+00 
1.476121918e+00 1.415968457e+00 1.667880680e+00 
1.254010046e+00 1.436175456e+00 1.655913978e+00 
1.390160499e+00 1.312469197e+00 1.540756157e+00 
1.622094139e+00 1.615574174e+00 1.810440513e+00 
1.410704738e+00 1.642681124e+00 1.818071453e+00 
1.281492290e+00 1.492853622e+00 1.667880680e+00 
1.094251560e+00 1.318876294e+00 1.385709331e+00 
1.190034206e+00 1.326269098e+00 1.564862990e+00 
1.280050409e+00 1.394282898e+00 1.633021159e+00 
1.209046818e+00 1.471168063e+00 1.572147069e+00 
1.437736630e+00 1.584031543e+00 1.763267430e+00 
1.452512263e+00 1.609167077e+00 1.787547693e+00 
1.355739709e+00 1.525381962e+00 1.728407908e+00 
1.263741528e+00 1.544110399e+00 1.660249740e+00 
1.265002836e+00 1.432232627e+00 1.660249740e+00 
1.286628350e+00 1.522424840e+00 1.690773500e+00 
1.821048870e+00 1.788565796e+00 2.000000000e+00 
1.385835396e+00 1.482996550e+00 1.699618453e+00 
1.061452683e+00 1.205519961e+00 1.322060354e+00 
1.099477365e+00 1.202562839e+00 1.380159556e+00 
1.355199071e+00 1.369147363e+00 1.628511967e+00 
1.099477365e+00 1.178413011e+00 1.289108567e+00 
1.417733030e+00 1.502710695e+00 1.754422477e+00 
1.263651241e+00 1.222276984e+00 1.384495317e+00 
1.312939572e+00 1.499753573e+00 1.719562955e+00 
1.323842075e+00 1.330211927e+00 1.569372182e+00 
1.097134782e+00 1.229669788e+00 1.413111342e+00 
1.216886067e+00 1.224248398e+00 1.408602151e+00 
1.425842598e+00 1.431739773e+00 1.699618453e+00 
1.687511320e+00 1.625431247e+00 1.849809227e+00 
1.330690335e+00 1.363233120e+00 1.573707943e+00 
1.353397125e+00 1.389847215e+00 1.628511967e+00 
1.036042704e+00 1.109413504e+00 1.163198058e+00 
1.248963732e+00 1.272055200e+00 1.499653139e+00 
1.258785500e+00 1.269098078e+00 1.414845647e+00 
1.678861114e+00 1.521439133e+00 1.822407215e+00 
1.045413580e+00 1.111877772e+00 1.216961498e+00 
1.070823559e+00 1.207984229e+00 1.375823795e+00 
1.500450622e+00 1.739280434e+00 1.940860215e+00 
1.305820994e+00 1.261212420e+00 1.447970864e+00 
1.417192392e+00 1.351897486e+00 1.604231703e+00 
1.016940347e+00 1.114834894e+00 1.158862296e+00 
1.025409979e+00 1.138984722e+00 1.249913285e+00 
1.291764409e+00 1.331690488e+00 1.569372182e+00 
1.224184678e+00 1.188270084e+00 1.319458897e+00 
1.236078710e+00 1.131099064e+00 1.221297260e+00 
1.229050418e+00 1.141941843e+00 1.289108567e+00 
1.045413580e+00 1.087727945e+00 1.125910510e+00 
1.184718114e+00 1.191720059e+00 1.322060354e+00 
1.082537559e+00 1.000000000e+00 1.000000000e+00 
1.257884257e+00 1.308526368e+00 1.539021852e+00 
1.000000000e+00 1.018728438e+00 1.000000000e+00 
1.054063786e+00 1.133563332e+00 1.254249046e+00 
1.082537559e+00 1.022178413e+00 1.163198058e+00 
1.076049905e+00 1.091177920e+00 1.158862296e+00 
1.197152785e+00 1.160670281e+00 1.284772806e+00 
1.000000000e+00 1.042878265e+00 1.091050989e+00 

1.346909471e+00 1.574174470e+00 1.728407908e+00 
1.294377312e+00 1.341054707e+00 1.625563649e+00 
1.377725828e+00 1.612617053e+00 1.787547693e+00 
1.122724793e+00 1.315919172e+00 1.443808533e+00 
1.427734830e+00 1.407589946e+00 1.660249740e+00 
1.271670522e+00 1.485953672e+00 1.655913978e+00 
1.222742796e+00 1.413011336e+00 1.602670829e+00 
1.423319441e+00 1.560867422e+00 1.763267430e+00 
1.163903557e+00 1.373583046e+00 1.499653139e+00 
1.397098505e+00 1.516017743e+00 1.719389525e+00 
1.487653724e+00 1.526860522e+00 1.845300035e+00 
1.194088990e+00 1.278955150e+00 1.476760319e+00 
1.457378004e+00 1.575653031e+00 1.845300035e+00 
1.382050931e+00 1.413011336e+00 1.664758932e+00 
1.511982427e+00 1.613602760e+00 1.940860215e+00 
1.257884257e+00 1.308526368e+00 1.539021852e+00 
1.300054010e+00 1.434204041e+00 1.690773500e+00 
1.070823559e+00 1.183834401e+00 1.284772806e+00 
1.450351334e+00 1.592410054e+00 1.849809227e+00 
1.398990737e+00 1.486446525e+00 1.690946930e+00 
1.373941363e+00 1.428289798e+00 1.667880680e+00 
1.385835396e+00 1.497289305e+00 1.699618453e+00 
1.477922242e+00 1.694923608e+00 1.854318418e+00 
1.323842075e+00 1.330211927e+00 1.569372182e+00 
1.444944955e+00 1.436175456e+00 1.695282692e+00 
1.393404326e+00 1.412025628e+00 1.637356920e+00 
1.342223762e+00 1.522917693e+00 1.690946930e+00 
1.209046818e+00 1.471168063e+00 1.572147069e+00 
1.213191888e+00 1.271562346e+00 1.439472771e+00 
1.608940420e+00 1.838836865e+00 2.000000000e+00 
1.257524192e+00 1.411532775e+00 1.602670829e+00 
1.349612660e+00 1.619024150e+00 1.751300728e+00 
1.287439307e+00 1.458353869e+00 1.633021159e+00 
1.273833074e+00 1.403154263e+00 1.628511967e+00 
1.430708338e+00 1.456875308e+00 1.699618453e+00 
1.451793215e+00 1.432725481e+00 1.699618453e+00 
1.313209891e+00 1.581074421e+00 1.691120361e+00 
1.538835909e+00 1.472153770e+00 1.758758238e+00 
1.756442646e+00 1.837851158e+00 2.000000000e+00 
1.424941354e+00 1.474125185e+00 1.695282692e+00 
1.432600571e+00 1.360768852e+00 1.629899410e+00 
1.342314049e+00 1.293740759e+00 1.534512660e+00 
1.294917950e+00 1.494825037e+00 1.690773500e+00 
1.310416415e+00 1.424346969e+00 1.629899410e+00 
1.260227381e+00 1.454903894e+00 1.618626431e+00 
1.190034206e+00 1.326269098e+00 1.564862990e+00 
1.402595170e+00 1.410547068e+00 1.664758932e+00 
1.291764409e+00 1.331690488e+00 1.569372182e+00 
1.401153289e+00 1.573188763e+00 1.763267430e+00 
1.216886067e+00 1.224248398e+00 1.408602151e+00 
1.296630150e+00 1.299162149e+00 1.539021852e+00 
1.245359840e+00 1.464268112e+00 1.618626431e+00 
1.248963732e+00 1.272055200e+00 1.499653139e+00 
1.413227895e+00 1.602267127e+00 1.786160250e+00 
1.287439307e+00 1.300640710e+00 1.511619840e+00 
1.386916672e+00 1.366190241e+00 1.634408602e+00 
1.061452683e+00 1.205519961e+00 1.322060354e+00 
1.390160499e+00 1.312469197e+00 1.540756157e+00 
1.097134782e+00 1.229669788e+00 1.413111342e+00 
1.374752320e+00 1.625924101e+00 1.786160250e+00 
1.321138886e+00 1.540167570e+00 1.719562955e+00 
1.070823559e+00 1.207984229e+00 1.375823795e+00 
1.263651241e+00 1.222276984e+00 1.384495317e+00 
1.045413580e+00 1.111877772e+00 1.216961498e+00 
1.099477365e+00 1.202562839e+00 1.380159556e+00 
1.025409979e+00 1.138984722e+00 1.249913285e+00 
1.099477365e+00 1.178413011e+00 1.289108567e+00 
1.180212979e+00 1.339576146e+00 1.465313909e+00 
1.045413580e+00 1.087727945e+00 1.125910510e+00 
1.036042704e+00 1.109413504e+00 1.163198058e+00 
1.016940347e+00 1.114834894e+00 1.158862296e+00 
1.184718114e+00 1.191720059e+00 1.322060354e+00 
1.054063786e+00 1.133563332e+00 1.254249046e+00 
1.383132207e+00 1.527846230e+00 1.695282692e+00 
1.165435184e+00 1.342040414e+00 1.476760319e+00 
1.289601858e+00 1.518482011e+00 1.682275408e+00 
1.258785500e+00 1.269098078e+00 1.414845647e+00 
1.082537559e+00 1.000000000e+00 1.000000000e+00 
1.305820994e+00 1.261212420e+00 1.447970864e+00 
1.236078710e+00 1.131099064e+00 1.221297260e+00 
1.224184678e+00 1.188270084e+00 1.319458897e+00 
1.000000000e+00 1.018728438e+00 1.000000000e+00 
1.229050418e+00 1.141941843e+00 1.289108567e+00 
1.197152785e+00 1.160670281e+00 1.284772806e+00 
1.076049905e+00 1.091177920e+00 1.158862296e+00 
1.000000000e+00 1.042878265e+00 1.091050989e+00 
1.082537559e+00 1.022178413e+00 1.163198058e+00 

1.526849968e+00 1.632824051e+00 1.845473465e+00 
1.645071248e+00 1.637259734e+00 1.877211238e+00 
1.292755399e+00 1.480039428e+00 1.751300728e+00 
1.383132207e+00 1.426811237e+00 1.695282692e+00 
1.239502570e+00 1.323804830e+00 1.511619840e+00 
1.308704215e+00 1.398718581e+00 1.602670829e+00 
1.507478914e+00 1.418925579e+00 1.699618453e+00 
1.425842598e+00 1.445539675e+00 1.699618453e+00 
1.239502570e+00 1.293247905e+00 1.476760319e+00 
1.238691613e+00 1.439132578e+00 1.588102671e+00 
1.347450109e+00 1.391325776e+00 1.588102671e+00 
1.599025122e+00 1.835879744e+00 1.940860215e+00 
1.528023152e+00 1.407589946e+00 1.660249740e+00 
1.472878091e+00 1.522424840e+00 1.758758238e+00 
1.287439307e+00 1.300640710e+00 1.511619840e+00 
1.275184668e+00 1.411532775e+00 1.602670829e+00 
1.403135808e+00 1.661409561e+00 1.790669442e+00 
1.395206272e+00 1.540167570e+00 1.758931668e+00 
1.213191888e+00 1.271562346e+00 1.439472771e+00 
1.446116517e+00 1.648595367e+00 1.840964273e+00 
1.215173866e+00 1.304583539e+00 1.469823101e+00 
1.209046818e+00 1.471168063e+00 1.572147069e+00 
1.269507971e+00 1.428289798e+00 1.628511967e+00 
1.832942903e+00 1.724494825e+00 1.908949011e+00 
1.399621662e+00 1.575160177e+00 1.786160250e+00 
1.334474800e+00 1.402661410e+00 1.634408602e+00 
1.167507989e+00 1.314440611e+00 1.414845647e+00 
1.669940589e+00 1.826022671e+00 1.940860215e+00 
1.595873203e+00 1.770330212e+00 1.936351023e+00 
1.301946242e+00 1.409561360e+00 1.622962192e+00 
1.637772637e+00 1.630359783e+00 1.822407215e+00 
1.246801181e+00 1.472153770e+00 1.592438432e+00 
1.165435184e+00 1.342040414e+00 1.476760319e+00 
1.345557876e+00 1.471660917e+00 1.720950399e+00 
1.265453187e+00 1.310004929e+00 1.532084634e+00 
1.255181068e+00 1.290783637e+00 1.462365591e+00 
1.494503605e+00 1.424346969e+00 1.695282692e+00 
1.474770324e+00 1.659438147e+00 1.845473465e+00 
1.315191870e+00 1.275505175e+00 1.471210545e+00 
1.330690335e+00 1.363233120e+00 1.573707943e+00 
1.451793215e+00 1.432725481e+00 1.699618453e+00 
1.338979935e+00 1.536224741e+00 1.754422477e+00 
1.657954648e+00 1.740266141e+00 1.913458203e+00 
1.532888893e+00 1.360768852e+00 1.629899410e+00 
1.237880656e+00 1.419911286e+00 1.586715227e+00 
1.296630150e+00 1.299162149e+00 1.539021852e+00 
1.380969656e+00 1.377033021e+00 1.604231703e+00 
1.275635560e+00 1.409068507e+00 1.573707943e+00 
1.214002845e+00 1.313947758e+00 1.472251127e+00 
1.163903557e+00 1.373583046e+00 1.499653139e+00 
1.454674814e+00 1.543617546e+00 1.790669442e+00 
1.372860088e+00 1.414489897e+00 1.637356920e+00 
1.527482514e+00 1.514539182e+00 1.758931668e+00 
1.711840023e+00 1.618038443e+00 1.840964273e+00 
1.519372947e+00 1.695416461e+00 1.854318418e+00 
1.445485593e+00 1.766880237e+00 1.849809227e+00 
1.366913071e+00 1.272055200e+00 1.499653139e+00 
1.373400726e+00 1.390340069e+00 1.634408602e+00 
1.777797841e+00 1.732380483e+00 1.913458203e+00 
1.539917185e+00 1.692952193e+00 1.849809227e+00 
1.762389663e+00 1.784130113e+00 2.000000000e+00 
1.482879891e+00 1.527353376e+00 1.786160250e+00 
1.120382209e+00 1.343026121e+00 1.476760319e+00 
1.354478401e+00 1.462296698e+00 1.664758932e+00 
1.479365745e+00 1.512074914e+00 1.754422477e+00 
1.376103915e+00 1.411039921e+00 1.664758932e+00 
1.390160499e+00 1.312469197e+00 1.540756157e+00 
1.398630672e+00 1.635781173e+00 1.778702740e+00 
1.253379122e+00 1.279448004e+00 1.444849116e+00 
1.235808391e+00 1.527353376e+00 1.588102671e+00 
1.252838484e+00 1.439625431e+00 1.602670829e+00 
1.265002836e+00 1.432232627e+00 1.660249740e+00 
1.139845172e+00 1.202562839e+00 1.380159556e+00 
1.417192392e+00 1.351897486e+00 1.604231703e+00 
1.061452683e+00 1.205519961e+00 1.322060354e+00 
1.257884257e+00 1.284376540e+00 1.447970864e+00 
1.190034206e+00 1.326269098e+00 1.564862990e+00 
1.638583594e+00 1.689009364e+00 1.877211238e+00 
1.070823559e+00 1.207984229e+00 1.375823795e+00 
1.070823559e+00 1.183834401e+00 1.284772806e+00 
1.305820994e+00 1.261212420e+00 1.447970864e+00 
1.216886067e+00 1.224248398e+00 1.408602151e+00 
1.442602371e+00 1.293740759e+00 1.534512660e+00 
1.120021604e+00 1.202562839e+00 1.313562262e+00 
1.263651241e+00 1.222276984e+00 1.384495317e+00 
1.097134782e+00 1.229669788e+00 1.413111342e+00 
1.264732517e+00 1.275012321e+00 1.447970864e+00 
1.670929957e+00 1.813701331e+00 2.000000000e+00 
1.658495286e+00 1.761458847e+00 1.936351023e+00 
1.341503092e+00 1.330211927e+00 1.569372182e+00 
1.296089512e+00 1.282405126e+00 1.478321193e+00 
1.045413580e+00 1.111877772e+00 1.216961498e+00 
1.099477365e+00 1.178413011e+00 1.289108567e+00 
1.016940347e+00 1.114834894e+00 1.158862296e+00 
1.054063786e+00 1.133563332e+00 1.254249046e+00 
1.291764409e+00 1.331690488e+00 1.569372182e+00 
1.839971195e+00 1.737801873e+00 1.940860215e+00 
1.025409979e+00 1.138984722e+00 1.249913285e+00 
1.036042704e+00 1.109413504e+00 1.163198058e+00 
1.139124502e+00 1.320354855e+00 1.439472771e+00 
1.495584881e+00 1.740266141e+00 1.877211238e+00 
1.229050418e+00 1.141941843e+00 1.289108567e+00 
1.236078710e+00 1.131099064e+00 1.221297260e+00 
1.082537559e+00 1.000000000e+00 1.000000000e+00 
1.000000000e+00 1.042878265e+00 1.091050989e+00 
1.082537559e+00 1.022178413e+00 1.163198058e+00 
1.197152785e+00 1.160670281e+00 1.284772806e+00 
1.184718114e+00 1.191720059e+00 1.322060354e+00 
1.224184678e+00 1.188270084e+00 1.319458897e+00 
1.076049905e+00 1.091177920e+00 1.158862296e+00 
1.000000000e+00 1.018728438e+00 1.000000000e+00 
1.258785500e+00 1.269098078e+00 1.414845647e+00 
1.045413580e+00 1.087727945e+00 1.125910510e+00 

1.403856478e+00 1.480039428e+00 1.790669442e+00 
1.657597827e+00 1.812222770e+00 1.940860215e+00 
1.597943846e+00 1.682602267e+00 1.854318418e+00 
1.460351512e+00 1.445046821e+00 1.720950399e+00 
1.353397125e+00 1.389847215e+00 1.628511967e+00 
1.061452683e+00 1.205519961e+00 1.322060354e+00 
1.239502570e+00 1.347954657e+00 1.602670829e+00 
1.294377312e+00 1.341054707e+00 1.625563649e+00 
1.425842598e+00 1.445539675e+00 1.699618453e+00 
1.481436388e+00 1.622474125e+00 1.845300035e+00 
1.366011828e+00 1.393790044e+00 1.633021159e+00 
1.257884257e+00 1.308526368e+00 1.539021852e+00 
1.223193688e+00 1.463282405e+00 1.588102671e+00 
1.681202076e+00 1.776737309e+00 1.940860215e+00 
1.514328795e+00 1.745687531e+00 1.913458203e+00 
1.339971465e+00 1.631838344e+00 1.781997919e+00 
1.522524865e+00 1.555938886e+00 1.810440513e+00 
1.369255655e+00 1.399211434e+00 1.695282692e+00 
1.451973247e+00 1.460325283e+00 1.714013181e+00 
1.636150723e+00 1.667323805e+00 1.849809227e+00 
1.448549388e+00 1.390832923e+00 1.663371488e+00 
1.265002836e+00 1.432232627e+00 1.660249740e+00 
1.248963732e+00 1.272055200e+00 1.499653139e+00 
1.359794493e+00 1.509610646e+00 1.723898717e+00 
1.122724793e+00 1.315919172e+00 1.443808533e+00 
1.291764409e+00 1.331690488e+00 1.569372182e+00 
1.706795872e+00 1.767373090e+00 1.936351023e+00 
1.742294153e+00 1.848201084e+00 2.000000000e+00 
1.717246402e+00 1.562345983e+00 1.877211238e+00 
1.267165387e+00 1.456382454e+00 1.664758932e+00 
1.399261056e+00 1.483489404e+00 1.720950399e+00 
1.574339597e+00 1.916214884e+00 1.940860215e+00 
1.253379122e+00 1.530803351e+00 1.698057579e+00 
1.239412824e+00 1.408575653e+00 1.573707943e+00 
1.425481992e+00 1.716609167e+00 1.849809227e+00 
1.342314049e+00 1.293740759e+00 1.534512660e+00 
1.190034206e+00 1.326269098e+00 1.564862990e+00 
1.190034206e+00 1.302612124e+00 1.478321193e+00 
1.670573136e+00 1.851158206e+00 2.000000000e+00 
1.194088990e+00 1.278955150e+00 1.476760319e+00 
1.511804017e+00 1.712666338e+00 1.877211238e+00 
1.424220684e+00 1.611138492e+00 1.813562262e+00 
1.669578362e+00 1.786101528e+00 1.940860215e+00 
1.281402004e+00 1.421389847e+00 1.690773500e+00 
1.547756434e+00 1.598817151e+00 1.813562262e+00 
1.382591569e+00 1.536224741e+00 1.754422477e+00 
1.269507971e+00 1.428289798e+00 1.628511967e+00 
1.382321250e+00 1.610152785e+00 1.781824488e+00 
1.296630150e+00 1.299162149e+00 1.539021852e+00 
1.390160499e+00 1.312469197e+00 1.540756157e+00 
1.466931075e+00 1.417939872e+00 1.699618453e+00 
1.239052219e+00 1.441103992e+00 1.595039889e+00 
1.165435184e+00 1.342040414e+00 1.476760319e+00 
1.580735343e+00 1.836865451e+00 1.940860215e+00 
1.787529323e+00 1.811729916e+00 2.000000000e+00 
1.385835396e+00 1.497289305e+00 1.699618453e+00 
1.163903557e+00 1.373583046e+00 1.499653139e+00 
1.099477365e+00 1.178413011e+00 1.289108567e+00 
1.213191888e+00 1.271562346e+00 1.439472771e+00 
1.416651754e+00 1.388861508e+00 1.627471384e+00 
1.070823559e+00 1.207984229e+00 1.375823795e+00 
1.263651241e+00 1.222276984e+00 1.384495317e+00 
1.258785500e+00 1.269098078e+00 1.414845647e+00 
1.167507989e+00 1.314440611e+00 1.414845647e+00 
1.305820994e+00 1.261212420e+00 1.447970864e+00 
1.323842075e+00 1.330211927e+00 1.569372182e+00 
1.120382209e+00 1.343026121e+00 1.476760319e+00 
1.099477365e+00 1.202562839e+00 1.380159556e+00 
1.070823559e+00 1.183834401e+00 1.284772806e+00 
1.054063786e+00 1.133563332e+00 1.254249046e+00 
1.216886067e+00 1.224248398e+00 1.408602151e+00 
1.097134782e+00 1.229669788e+00 1.413111342e+00 
1.045413580e+00 1.087727945e+00 1.125910510e+00 
1.333483811e+00 1.584031543e+00 1.728407908e+00 
1.197152785e+00 1.160670281e+00 1.284772806e+00 
1.650747945e+00 1.627402661e+00 1.913458203e+00 
1.184718114e+00 1.191720059e+00 1.322060354e+00 
1.045413580e+00 1.111877772e+00 1.216961498e+00 
1.016940347e+00 1.114834894e+00 1.158862296e+00 
1.025409979e+00 1.138984722e+00 1.249913285e+00 
1.236078710e+00 1.131099064e+00 1.221297260e+00 
1.036042704e+00 1.109413504e+00 1.163198058e+00 
1.224184678e+00 1.188270084e+00 1.319458897e+00 
1.076049905e+00 1.091177920e+00 1.158862296e+00 
1.000000000e+00 1.018728438e+00 1.000000000e+00 
1.229050418e+00 1.141941843e+00 1.289108567e+00 
1.000000000e+00 1.042878265e+00 1.091050989e+00 
1.082537559e+00 1.000000000e+00 1.000000000e+00 
1.082537559e+00 1.022178413e+00 1.163198058e+00 

1.586412041e+00 1.607688517e+00 1.845473465e+00 
1.277257474e+00 1.480532282e+00 1.664758932e+00 
1.334474800e+00 1.402661410e+00 1.634408602e+00 
1.245359840e+00 1.464268112e+00 1.618626431e+00 
1.393404326e+00 1.634302612e+00 1.783038502e+00 
1.163903557e+00 1.373583046e+00 1.499653139e+00 
1.448549388e+00 1.457368162e+00 1.763267430e+00 
1.194088990e+00 1.278955150e+00 1.476760319e+00 
1.300864967e+00 1.405125678e+00 1.660249740e+00 
1.625337966e+00 1.688516511e+00 1.877211238e+00 
1.281402004e+00 1.421389847e+00 1.690773500e+00 
1.607496917e+00 1.913750616e+00 2.000000000e+00 
1.370066612e+00 1.378018728e+00 1.625563649e+00 
1.094251560e+00 1.318876294e+00 1.385709331e+00 
1.273833074e+00 1.403154263e+00 1.628511967e+00 
1.464768523e+00 1.639724002e+00 1.784599376e+00 
1.122724793e+00 1.315919172e+00 1.443808533e+00 
1.638134864e+00 1.889107935e+00 2.000000000e+00 
1.501169670e+00 1.626909808e+00 1.786160250e+00 
1.291764409e+00 1.331690488e+00 1.569372182e+00 
1.165435184e+00 1.342040414e+00 1.476760319e+00 
1.309155107e+00 1.505667817e+00 1.781824488e+00 
1.584790127e+00 1.505667817e+00 1.790669442e+00 
1.544782926e+00 1.556924593e+00 1.790669442e+00 
1.296630150e+00 1.299162149e+00 1.539021852e+00 
1.622905096e+00 1.739280434e+00 1.877211238e+00 
1.545864202e+00 1.618531296e+00 1.854318418e+00 
1.633988172e+00 1.625924101e+00 1.877211238e+00 
1.383852877e+00 1.646131099e+00 1.784599376e+00 
1.417192392e+00 1.351897486e+00 1.604231703e+00 
1.385835396e+00 1.398225727e+00 1.631807145e+00 
1.372860088e+00 1.369147363e+00 1.628511967e+00 
1.070823559e+00 1.183834401e+00 1.284772806e+00 
1.239052219e+00 1.441103992e+00 1.595039889e+00 
1.430708338e+00 1.456875308e+00 1.699618453e+00 
1.515047844e+00 1.698373583e+00 1.845473465e+00 
1.620109998e+00 1.818629867e+00 1.913458203e+00 
1.546945477e+00 1.773287334e+00 1.904613250e+00 
1.516577849e+00 1.766387383e+00 1.877211238e+00 
1.458459279e+00 1.699359290e+00 1.818071453e+00 
1.263651241e+00 1.222276984e+00 1.384495317e+00 
1.632544669e+00 1.650073928e+00 1.877211238e+00 
1.522616774e+00 1.619024150e+00 1.790669442e+00 
1.369255655e+00 1.399211434e+00 1.695282692e+00 
1.802667183e+00 1.847708231e+00 2.000000000e+00 
1.697242801e+00 1.754558896e+00 1.913458203e+00 
1.533970169e+00 1.632824051e+00 1.854318418e+00 
1.390160499e+00 1.312469197e+00 1.540756157e+00 
1.099477365e+00 1.202562839e+00 1.380159556e+00 
1.239502570e+00 1.347954657e+00 1.602670829e+00 
1.323842075e+00 1.330211927e+00 1.569372182e+00 
1.180212979e+00 1.339576146e+00 1.465313909e+00 
1.216886067e+00 1.224248398e+00 1.408602151e+00 
1.424130398e+00 1.710202070e+00 1.845473465e+00 
1.248963732e+00 1.272055200e+00 1.499653139e+00 
1.641194875e+00 1.597338590e+00 1.845473465e+00 
1.516129119e+00 1.633316905e+00 1.813562262e+00 
1.342314049e+00 1.293740759e+00 1.534512660e+00 
1.687511320e+00 1.614588467e+00 1.849809227e+00 
1.190034206e+00 1.326269098e+00 1.564862990e+00 
1.099477365e+00 1.178413011e+00 1.289108567e+00 
1.259866776e+00 1.459832430e+00 1.633021159e+00 
1.097134782e+00 1.229669788e+00 1.413111342e+00 
1.258785500e+00 1.269098078e+00 1.414845647e+00 
1.529104428e+00 1.568753080e+00 1.790669442e+00 
1.303658442e+00 1.271562346e+00 1.439472771e+00 
1.579924386e+00 1.531789059e+00 1.790669442e+00 
1.625878604e+00 1.777230163e+00 1.940860215e+00 
1.061452683e+00 1.205519961e+00 1.322060354e+00 
1.850783952e+00 1.658945293e+00 1.908949011e+00 
1.054063786e+00 1.133563332e+00 1.254249046e+00 
1.229050418e+00 1.141941843e+00 1.289108567e+00 
1.070823559e+00 1.207984229e+00 1.375823795e+00 
1.197152785e+00 1.160670281e+00 1.284772806e+00 
1.025409979e+00 1.138984722e+00 1.249913285e+00 
1.257884257e+00 1.308526368e+00 1.539021852e+00 
1.305820994e+00 1.261212420e+00 1.447970864e+00 
1.016940347e+00 1.114834894e+00 1.158862296e+00 
1.036042704e+00 1.109413504e+00 1.163198058e+00 
1.184718114e+00 1.191720059e+00 1.322060354e+00 
1.236078710e+00 1.131099064e+00 1.221297260e+00 
1.045413580e+00 1.087727945e+00 1.125910510e+00 
1.224184678e+00 1.188270084e+00 1.319458897e+00 
1.045413580e+00 1.111877772e+00 1.216961498e+00 
1.000000000e+00 1.042878265e+00 1.091050989e+00 
1.000000000e+00 1.018728438e+00 1.000000000e+00 
1.076049905e+00 1.091177920e+00 1.158862296e+00 
1.082537559e+00 1.000000000e+00 1.000000000e+00 
1.082537559e+00 1.022178413e+00 1.163198058e+00 

1.622272550e+00 1.888615081e+00 2.000000000e+00 
1.537754634e+00 1.515524889e+00 1.786160250e+00 
1.396107516e+00 1.328240513e+00 1.543357614e+00 
1.455215452e+00 1.571710202e+00 1.854318418e+00 
1.366011828e+00 1.393790044e+00 1.633021159e+00 
1.194088990e+00 1.278955150e+00 1.476760319e+00 
1.339340541e+00 1.394775752e+00 1.601109955e+00 
1.403676446e+00 1.365204534e+00 1.627471384e+00 
1.356370633e+00 1.552981764e+00 1.786160250e+00 
1.231483289e+00 1.388368655e+00 1.564862990e+00 
1.734006175e+00 1.654016757e+00 1.908949011e+00 
1.390160499e+00 1.312469197e+00 1.540756157e+00 
1.265453187e+00 1.454903894e+00 1.618626431e+00 
1.417192392e+00 1.718087728e+00 1.814949705e+00 
1.266084111e+00 1.525381962e+00 1.622962192e+00 
1.271670522e+00 1.485953672e+00 1.655913978e+00 
1.386916672e+00 1.366190241e+00 1.634408602e+00 
1.245359840e+00 1.464268112e+00 1.618626431e+00 
1.497655524e+00 1.696895022e+00 1.877211238e+00 
1.517751033e+00 1.542631838e+00 1.790669442e+00 
1.341323060e+00 1.518482011e+00 1.698057579e+00 
1.355829995e+00 1.521931986e+00 1.720950399e+00 
1.213191888e+00 1.271562346e+00 1.439472771e+00 
1.281131685e+00 1.327254805e+00 1.535900104e+00 
1.265453187e+00 1.310004929e+00 1.532084634e+00 
1.812577075e+00 1.789551503e+00 2.000000000e+00 
1.369255655e+00 1.399211434e+00 1.695282692e+00 
1.294917950e+00 1.494825037e+00 1.690773500e+00 
1.231663321e+00 1.377525875e+00 1.564862990e+00 
1.272031128e+00 1.441103992e+00 1.595039889e+00 
1.120382209e+00 1.343026121e+00 1.476760319e+00 
1.333123205e+00 1.544110399e+00 1.751300728e+00 
1.193098001e+00 1.338097585e+00 1.501387444e+00 
1.458010550e+00 1.527846230e+00 1.786160250e+00 
1.337177989e+00 1.545588960e+00 1.781824488e+00 
1.238691613e+00 1.439132578e+00 1.588102671e+00 
1.425842598e+00 1.431739773e+00 1.699618453e+00 
1.417733030e+00 1.502710695e+00 1.754422477e+00 
1.252297846e+00 1.346476097e+00 1.541970170e+00 
1.385835396e+00 1.482996550e+00 1.699618453e+00 
1.346909471e+00 1.465746673e+00 1.695282692e+00 
1.122724793e+00 1.315919172e+00 1.443808533e+00 
1.451252577e+00 1.480532282e+00 1.751300728e+00 
1.291764409e+00 1.331690488e+00 1.569372182e+00 
1.251486889e+00 1.342533268e+00 1.503988900e+00 
1.483150210e+00 1.435189749e+00 1.720950399e+00 
1.330690335e+00 1.363233120e+00 1.573707943e+00 
1.223193688e+00 1.463282405e+00 1.588102671e+00 
1.421787814e+00 1.828486939e+00 1.849809227e+00 
1.288790901e+00 1.438639724e+00 1.622962192e+00 
1.099477365e+00 1.202562839e+00 1.380159556e+00 
1.346368833e+00 1.376540168e+00 1.604405134e+00 
1.636150723e+00 1.621981272e+00 1.877211238e+00 
1.352045530e+00 1.536224741e+00 1.720950399e+00 
1.552892494e+00 1.517496304e+00 1.790669442e+00 
1.165435184e+00 1.342040414e+00 1.476760319e+00 
1.485853400e+00 1.554460325e+00 1.790669442e+00 
1.557487915e+00 1.776737309e+00 1.940860215e+00 
1.448639674e+00 1.603745688e+00 1.849809227e+00 
1.196251541e+00 1.344997536e+00 1.527575442e+00 
1.531986028e+00 1.816658452e+00 1.940860215e+00 
1.301225572e+00 1.432725481e+00 1.660249740e+00 
1.267615738e+00 1.430261212e+00 1.569545612e+00 
1.311227372e+00 1.467225234e+00 1.667880680e+00 
1.374121396e+00 1.460818137e+00 1.695456122e+00 
1.700124401e+00 1.743716116e+00 1.913458203e+00 
1.296630150e+00 1.299162149e+00 1.539021852e+00 
1.259235852e+00 1.412518482e+00 1.569372182e+00 
1.752025635e+00 1.775751602e+00 1.940860215e+00 
1.239772889e+00 1.374568753e+00 1.564862990e+00 
1.163903557e+00 1.373583046e+00 1.499653139e+00 
1.444224285e+00 1.634302612e+00 1.840964273e+00 
1.316543464e+00 1.522917693e+00 1.714013181e+00 
1.190034206e+00 1.302612124e+00 1.478321193e+00 
1.438817906e+00 1.496796451e+00 1.723898717e+00 
1.342584368e+00 1.427796944e+00 1.637356920e+00 
1.274373712e+00 1.455396747e+00 1.660249740e+00 
1.097134782e+00 1.229669788e+00 1.413111342e+00 
1.417192392e+00 1.351897486e+00 1.604231703e+00 
1.167507989e+00 1.314440611e+00 1.414845647e+00 
1.437736630e+00 1.326269098e+00 1.564862990e+00 
1.099477365e+00 1.178413011e+00 1.289108567e+00 
1.070823559e+00 1.183834401e+00 1.284772806e+00 
1.322671054e+00 1.557910301e+00 1.718348942e+00 
1.263651241e+00 1.222276984e+00 1.384495317e+00 
1.070823559e+00 1.207984229e+00 1.375823795e+00 
1.211389401e+00 1.444061114e+00 1.539195283e+00 
1.268607268e+00 1.532281912e+00 1.714013181e+00 
1.248963732e+00 1.272055200e+00 1.499653139e+00 
1.258785500e+00 1.269098078e+00 1.414845647e+00 
1.323842075e+00 1.330211927e+00 1.569372182e+00 
1.061452683e+00 1.205519961e+00 1.322060354e+00 
1.305820994e+00 1.261212420e+00 1.447970864e+00 
1.216886067e+00 1.224248398e+00 1.408602151e+00 
1.184718114e+00 1.191720059e+00 1.322060354e+00 
1.229050418e+00 1.141941843e+00 1.289108567e+00 
1.016940347e+00 1.114834894e+00 1.158862296e+00 
1.045413580e+00 1.087727945e+00 1.125910510e+00 
1.036042704e+00 1.109413504e+00 1.163198058e+00 
1.025409979e+00 1.138984722e+00 1.249913285e+00 
1.236078710e+00 1.131099064e+00 1.221297260e+00 
1.045413580e+00 1.111877772e+00 1.216961498e+00 
1.000000000e+00 1.018728438e+00 1.000000000e+00 
1.661831021e+00 1.830458354e+00 2.000000000e+00 
1.197152785e+00 1.160670281e+00 1.284772806e+00 
1.224184678e+00 1.188270084e+00 1.319458897e+00 
1.076049905e+00 1.091177920e+00 1.158862296e+00 
1.082537559e+00 1.000000000e+00 1.000000000e+00 
1.000000000e+00 1.042878265e+00 1.091050989e+00 
1.054063786e+00 1.133563332e+00 1.254249046e+00 
1.082537559e+00 1.022178413e+00 1.163198058e+00 

1.773110511e+00 1.811237063e+00 1.940860215e+00 
1.271129884e+00 1.413504189e+00 1.624002775e+00 
1.286628350e+00 1.360768852e+00 1.563302116e+00 
1.405568678e+00 1.561853130e+00 1.784599376e+00 
1.480447021e+00 1.626416954e+00 1.877211238e+00 
1.180212979e+00 1.339576146e+00 1.465313909e+00 
1.929176441e+00 1.787087235e+00 1.940860215e+00 
1.682283352e+00 1.875308034e+00 1.940860215e+00 
1.396107516e+00 1.328240513e+00 1.543357614e+00 
1.721841823e+00 1.858551010e+00 2.000000000e+00 
1.430347733e+00 1.536224741e+00 1.727020465e+00 
1.625700194e+00 1.888615081e+00 1.936351023e+00 
1.300144296e+00 1.544110399e+00 1.751300728e+00 
1.251486889e+00 1.342533268e+00 1.503988900e+00 
1.331411005e+00 1.449482504e+00 1.663371488e+00 
1.208145574e+00 1.284376540e+00 1.439472771e+00 
1.552530266e+00 1.619024150e+00 1.849809227e+00 
1.122724793e+00 1.315919172e+00 1.443808533e+00 
1.294377312e+00 1.341054707e+00 1.625563649e+00 
1.411245376e+00 1.643173977e+00 1.818071453e+00 
1.388177980e+00 1.543124692e+00 1.781824488e+00 
1.450171301e+00 1.534746180e+00 1.754422477e+00 
1.281492290e+00 1.492853622e+00 1.667880680e+00 
1.369255655e+00 1.399211434e+00 1.695282692e+00 
1.193098001e+00 1.338097585e+00 1.501387444e+00 
1.519913584e+00 1.621981272e+00 1.854318418e+00 
1.351234574e+00 1.461803844e+00 1.664758932e+00 
1.734006175e+00 1.678166585e+00 1.908949011e+00 
1.250585646e+00 1.464268112e+00 1.618626431e+00 
1.280050409e+00 1.394282898e+00 1.633021159e+00 
1.579021521e+00 1.824544110e+00 1.904613250e+00 
1.294917950e+00 1.553967472e+00 1.751300728e+00 
1.268967333e+00 1.473139478e+00 1.622962192e+00 
1.446206804e+00 1.725973386e+00 1.845300035e+00 
1.257884257e+00 1.308526368e+00 1.539021852e+00 
1.366913071e+00 1.582060128e+00 1.763267430e+00 
1.707514920e+00 1.618531296e+00 1.849809227e+00 
1.385835396e+00 1.497289305e+00 1.699618453e+00 
1.342314049e+00 1.293740759e+00 1.534512660e+00 
1.165435184e+00 1.342040414e+00 1.476760319e+00 
1.989727881e+00 1.724987679e+00 1.940860215e+00 
1.340331530e+00 1.509610646e+00 1.723898717e+00 
1.248963732e+00 1.272055200e+00 1.499653139e+00 
1.333032919e+00 1.390340069e+00 1.634408602e+00 
1.266084111e+00 1.525381962e+00 1.622962192e+00 
1.239772889e+00 1.374568753e+00 1.564862990e+00 
1.231483289e+00 1.388368655e+00 1.564862990e+00 
1.213191888e+00 1.271562346e+00 1.439472771e+00 
1.296630150e+00 1.299162149e+00 1.539021852e+00 
1.355199071e+00 1.589945786e+00 1.790669442e+00 
1.309785491e+00 1.478068014e+00 1.637356920e+00 
1.352586168e+00 1.457861015e+00 1.690773500e+00 
1.279870377e+00 1.375061607e+00 1.602670829e+00 
1.197603136e+00 1.334154756e+00 1.469649670e+00 
1.294557885e+00 1.542631838e+00 1.699618453e+00 
1.194990233e+00 1.365204534e+00 1.511619840e+00 
1.239502570e+00 1.293247905e+00 1.476760319e+00 
1.437736630e+00 1.326269098e+00 1.564862990e+00 
1.257073300e+00 1.448003943e+00 1.592438432e+00 
1.099477365e+00 1.178413011e+00 1.289108567e+00 
1.720490229e+00 1.884179399e+00 2.000000000e+00 
1.315282156e+00 1.494825037e+00 1.689212626e+00 
1.642546469e+00 1.795465747e+00 1.936351023e+00 
1.167507989e+00 1.314440611e+00 1.414845647e+00 
1.196251541e+00 1.344997536e+00 1.527575442e+00 
1.751847224e+00 1.681123706e+00 1.913458203e+00 
1.372499482e+00 1.540167570e+00 1.758931668e+00 
1.307442907e+00 1.480532282e+00 1.667880680e+00 
1.390160499e+00 1.312469197e+00 1.540756157e+00 
1.282573566e+00 1.333169049e+00 1.541970170e+00 
1.263651241e+00 1.222276984e+00 1.384495317e+00 
1.718327677e+00 1.835386890e+00 1.940860215e+00 
1.337628341e+00 1.540167570e+00 1.719562955e+00 
1.639032323e+00 1.846722523e+00 1.936351023e+00 
1.163903557e+00 1.373583046e+00 1.499653139e+00 
1.061452683e+00 1.205519961e+00 1.322060354e+00 
1.868084363e+00 1.823558403e+00 2.000000000e+00 
1.642459967e+00 1.721537703e+00 1.904613250e+00 
1.709855882e+00 1.916214884e+00 2.000000000e+00 
1.216886067e+00 1.224248398e+00 1.408602151e+00 
1.120382209e+00 1.343026121e+00 1.476760319e+00 
1.341503092e+00 1.330211927e+00 1.569372182e+00 
1.070823559e+00 1.207984229e+00 1.375823795e+00 
1.305820994e+00 1.261212420e+00 1.447970864e+00 
1.441521095e+00 1.483489404e+00 1.699618453e+00 
1.036042704e+00 1.109413504e+00 1.163198058e+00 
1.230131694e+00 1.401675702e+00 1.539021852e+00 
1.070823559e+00 1.183834401e+00 1.284772806e+00 
1.367994347e+00 1.438146870e+00 1.655913978e+00 
1.459540555e+00 1.480532282e+00 1.790669442e+00 
1.252297846e+00 1.346476097e+00 1.541970170e+00 
1.045413580e+00 1.087727945e+00 1.125910510e+00 
1.099477365e+00 1.202562839e+00 1.380159556e+00 
1.097134782e+00 1.229669788e+00 1.413111342e+00 
1.184718114e+00 1.191720059e+00 1.322060354e+00 
1.045413580e+00 1.111877772e+00 1.216961498e+00 
1.254010046e+00 1.412518482e+00 1.569372182e+00 
1.211209369e+00 1.287826516e+00 1.472251127e+00 
1.025409979e+00 1.138984722e+00 1.249913285e+00 
1.054063786e+00 1.133563332e+00 1.254249046e+00 
1.000000000e+00 1.018728438e+00 1.000000000e+00 
1.016940347e+00 1.114834894e+00 1.158862296e+00 
1.197152785e+00 1.160670281e+00 1.284772806e+00 
1.236078710e+00 1.131099064e+00 1.221297260e+00 
1.076049905e+00 1.091177920e+00 1.158862296e+00 
1.082537559e+00 1.022178413e+00 1.163198058e+00 
1.224184678e+00 1.188270084e+00 1.319458897e+00 
1.229050418e+00 1.141941843e+00 1.289108567e+00 
1.258785500e+00 1.269098078e+00 1.414845647e+00 
1.000000000e+00 1.042878265e+00 1.091050989e+00 
1.082537559e+00 1.000000000e+00 1.000000000e+00 

1.227248472e+00 1.506653524e+00 1.607006590e+00 
1.362047331e+00 1.510103499e+00 1.690946930e+00 
1.421517495e+00 1.351404633e+00 1.599895942e+00 
1.678861114e+00 1.521439133e+00 1.822407215e+00 
1.735898408e+00 1.701330705e+00 1.913458203e+00 
1.393404326e+00 1.412025628e+00 1.637356920e+00 
1.281402004e+00 1.421389847e+00 1.690773500e+00 
1.260948052e+00 1.275012321e+00 1.447970864e+00 
1.301946242e+00 1.409561360e+00 1.622962192e+00 
1.427734830e+00 1.407589946e+00 1.660249740e+00 
1.287439307e+00 1.300640710e+00 1.511619840e+00 
1.593440333e+00 1.777230163e+00 1.940860215e+00 
1.471796815e+00 1.571710202e+00 1.790669442e+00 
1.516129119e+00 1.636274027e+00 1.813562262e+00 
1.591818419e+00 1.815672745e+00 1.904613250e+00 
1.458459279e+00 1.634795466e+00 1.787547693e+00 
1.379347742e+00 1.542138985e+00 1.727020465e+00 
1.265453187e+00 1.310004929e+00 1.532084634e+00 
1.444764923e+00 1.484967965e+00 1.754422477e+00 
1.425842598e+00 1.445539675e+00 1.699618453e+00 
1.342314049e+00 1.293740759e+00 1.534512660e+00 
1.182916168e+00 1.447018236e+00 1.481096080e+00 
1.371238174e+00 1.402661410e+00 1.634408602e+00 
1.672914098e+00 1.939379004e+00 2.000000000e+00 
1.190034206e+00 1.326269098e+00 1.564862990e+00 
1.239412824e+00 1.408575653e+00 1.573707943e+00 
1.432600571e+00 1.360768852e+00 1.629899410e+00 
1.400432618e+00 1.394282898e+00 1.633021159e+00 
1.279870377e+00 1.432725481e+00 1.600069372e+00 
1.341503092e+00 1.330211927e+00 1.569372182e+00 
1.403676446e+00 1.365204534e+00 1.627471384e+00 
1.595873203e+00 1.740266141e+00 1.940860215e+00 
1.180212979e+00 1.339576146e+00 1.465313909e+00 
1.436655355e+00 1.654509611e+00 1.845300035e+00 
1.255091322e+00 1.464760966e+00 1.618626431e+00 
1.579475657e+00 1.875308034e+00 1.940860215e+00 
1.297441107e+00 1.538689009e+00 1.715053763e+00 
1.503872859e+00 1.694923608e+00 1.854318418e+00 
1.281402004e+00 1.397732873e+00 1.604231703e+00 
1.209046818e+00 1.471168063e+00 1.572147069e+00 
1.670210908e+00 1.525381962e+00 1.786160250e+00 
1.575058646e+00 1.531789059e+00 1.758758238e+00 
1.167507989e+00 1.314440611e+00 1.414845647e+00 
1.706163326e+00 1.777723016e+00 2.000000000e+00 
1.447738431e+00 1.483489404e+00 1.723898717e+00 
1.326815584e+00 1.555446033e+00 1.781824488e+00 
1.593440333e+00 1.635288319e+00 1.877211238e+00 
1.352495882e+00 1.398718581e+00 1.622962192e+00 
1.190034206e+00 1.302612124e+00 1.478321193e+00 
1.139124502e+00 1.320354855e+00 1.439472771e+00 
1.165435184e+00 1.342040414e+00 1.476760319e+00 
1.412867289e+00 1.505667817e+00 1.723898717e+00 
1.302486880e+00 1.517003450e+00 1.718348942e+00 
1.257073300e+00 1.448003943e+00 1.592438432e+00 
1.555595683e+00 1.754066042e+00 1.877211238e+00 
1.377725828e+00 1.367668802e+00 1.607006590e+00 
1.357181590e+00 1.403647117e+00 1.627471384e+00 
1.386376034e+00 1.363725973e+00 1.573707943e+00 
1.315191870e+00 1.275505175e+00 1.471210545e+00 
1.292214761e+00 1.541153277e+00 1.718348942e+00 
1.420256187e+00 1.682109414e+00 1.845473465e+00 
1.260587446e+00 1.373583046e+00 1.595733611e+00 
1.619931588e+00 1.536717595e+00 1.758931668e+00 
1.259866776e+00 1.459832430e+00 1.633021159e+00 
1.325463989e+00 1.408575653e+00 1.633021159e+00 
1.099477365e+00 1.202562839e+00 1.380159556e+00 
1.120382209e+00 1.343026121e+00 1.476760319e+00 
1.629122431e+00 1.528339083e+00 1.758931668e+00 
1.515766892e+00 1.546574667e+00 1.781824488e+00 
1.246801181e+00 1.472153770e+00 1.592438432e+00 
1.383132207e+00 1.426811237e+00 1.695282692e+00 
1.292485080e+00 1.322819123e+00 1.539021852e+00 
1.291764409e+00 1.331690488e+00 1.569372182e+00 
1.344386314e+00 1.547067521e+00 1.723898717e+00 
1.560823651e+00 1.856579596e+00 1.904613250e+00 
1.070823559e+00 1.207984229e+00 1.375823795e+00 
1.259866776e+00 1.273533760e+00 1.417447104e+00 
1.258785500e+00 1.269098078e+00 1.414845647e+00 
1.244728916e+00 1.492853622e+00 1.588102671e+00 
1.099477365e+00 1.178413011e+00 1.289108567e+00 
1.045413580e+00 1.111877772e+00 1.216961498e+00 
1.522254546e+00 1.477082307e+00 1.715053763e+00 
1.296089512e+00 1.282405126e+00 1.478321193e+00 
1.376914872e+00 1.589452932e+00 1.786160250e+00 
1.194088990e+00 1.278955150e+00 1.476760319e+00 
1.303658442e+00 1.271562346e+00 1.439472771e+00 
1.036042704e+00 1.109413504e+00 1.163198058e+00 
1.097134782e+00 1.229669788e+00 1.413111342e+00 
1.025409979e+00 1.138984722e+00 1.249913285e+00 
1.296630150e+00 1.299162149e+00 1.539021852e+00 
1.061452683e+00 1.205519961e+00 1.322060354e+00 
1.263651241e+00 1.222276984e+00 1.384495317e+00 
1.216886067e+00 1.224248398e+00 1.408602151e+00 
1.224184678e+00 1.188270084e+00 1.319458897e+00 
1.054063786e+00 1.133563332e+00 1.254249046e+00 
1.305820994e+00 1.261212420e+00 1.447970864e+00 
1.070823559e+00 1.183834401e+00 1.284772806e+00 
1.229050418e+00 1.141941843e+00 1.289108567e+00 
1.000000000e+00 1.018728438e+00 1.000000000e+00 
1.197152785e+00 1.160670281e+00 1.284772806e+00 
1.045413580e+00 1.087727945e+00 1.125910510e+00 
1.402595170e+00 1.410547068e+00 1.664758932e+00 
1.184718114e+00 1.191720059e+00 1.322060354e+00 
1.016940347e+00 1.114834894e+00 1.158862296e+00 
1.076049905e+00 1.091177920e+00 1.158862296e+00 
1.236078710e+00 1.131099064e+00 1.221297260e+00 
1.000000000e+00 1.042878265e+00 1.091050989e+00 
1.082537559e+00 1.000000000e+00 1.000000000e+00 
1.082537559e+00 1.022178413e+00 1.163198058e+00 

1.360155098e+00 1.496796451e+00 1.723898717e+00 
1.257884257e+00 1.308526368e+00 1.539021852e+00 
1.425842598e+00 1.431739773e+00 1.699618453e+00 
1.122724793e+00 1.315919172e+00 1.443808533e+00 
1.435033441e+00 1.341054707e+00 1.625563649e+00 
1.507478914e+00 1.418925579e+00 1.699618453e+00 
1.409623462e+00 1.582552982e+00 1.790669442e+00 
1.517751033e+00 1.674223756e+00 1.849809227e+00 
1.521535498e+00 1.500246427e+00 1.758931668e+00 
1.567489716e+00 1.513060621e+00 1.786160250e+00 
1.455215452e+00 1.741251848e+00 1.849809227e+00 
1.427734830e+00 1.407589946e+00 1.660249740e+00 
1.494503605e+00 1.424346969e+00 1.695282692e+00 
1.548567391e+00 1.405125678e+00 1.660249740e+00 
1.365831796e+00 1.635288319e+00 1.790669442e+00 
1.563164613e+00 1.523903401e+00 1.786160250e+00 
1.165435184e+00 1.342040414e+00 1.476760319e+00 
1.346909471e+00 1.465746673e+00 1.695282692e+00 
1.361506693e+00 1.536717595e+00 1.728407908e+00 
1.546583250e+00 1.769344505e+00 1.913458203e+00 
1.609118831e+00 1.680630853e+00 1.854318418e+00 
1.582897895e+00 1.618531296e+00 1.814949705e+00 
1.669848681e+00 1.762444554e+00 2.000000000e+00 
1.274734317e+00 1.505667817e+00 1.660249740e+00 
1.248693413e+00 1.277476589e+00 1.439299341e+00 
1.583346624e+00 1.740266141e+00 1.874089490e+00 
1.291764409e+00 1.331690488e+00 1.569372182e+00 
1.313569956e+00 1.538689009e+00 1.758931668e+00 
1.616509350e+00 1.661902415e+00 1.818071453e+00 
1.296630150e+00 1.299162149e+00 1.539021852e+00 
1.342314049e+00 1.293740759e+00 1.534512660e+00 
1.460984058e+00 1.476589453e+00 1.727020465e+00 
1.281402004e+00 1.421389847e+00 1.690773500e+00 
1.637772637e+00 1.658945293e+00 1.822407215e+00 
1.662641978e+00 1.873336619e+00 2.000000000e+00 
1.326905870e+00 1.381468704e+00 1.625563649e+00 
1.386376034e+00 1.463775259e+00 1.695282692e+00 
1.287439307e+00 1.300640710e+00 1.511619840e+00 
1.842133746e+00 1.736323312e+00 1.940860215e+00 
1.529104428e+00 1.569245934e+00 1.790669442e+00 
1.376103915e+00 1.375554460e+00 1.573707943e+00 
1.141467086e+00 1.368654510e+00 1.469823101e+00 
1.626240831e+00 1.810744209e+00 1.936351023e+00 
1.417192392e+00 1.351897486e+00 1.604231703e+00 
1.397459110e+00 1.538196156e+00 1.786160250e+00 
1.070823559e+00 1.183834401e+00 1.284772806e+00 
1.432600571e+00 1.360768852e+00 1.629899410e+00 
1.198954731e+00 1.278955150e+00 1.476760319e+00 
1.390160499e+00 1.312469197e+00 1.540756157e+00 
1.831499400e+00 1.761951700e+00 1.913458203e+00 
1.386376034e+00 1.363725973e+00 1.573707943e+00 
1.222742796e+00 1.413011336e+00 1.602670829e+00 
1.231663321e+00 1.401182849e+00 1.624002775e+00 
1.503964768e+00 1.777723016e+00 1.854318418e+00 
1.070823559e+00 1.207984229e+00 1.375823795e+00 
1.163903557e+00 1.373583046e+00 1.499653139e+00 
1.258785500e+00 1.269098078e+00 1.414845647e+00 
1.248963732e+00 1.272055200e+00 1.499653139e+00 
1.190034206e+00 1.302612124e+00 1.478321193e+00 
1.167507989e+00 1.314440611e+00 1.414845647e+00 
1.259866776e+00 1.459832430e+00 1.633021159e+00 
1.458821507e+00 1.514046328e+00 1.754422477e+00 
1.190034206e+00 1.326269098e+00 1.564862990e+00 
1.099477365e+00 1.202562839e+00 1.380159556e+00 
1.323842075e+00 1.330211927e+00 1.569372182e+00 
1.216886067e+00 1.224248398e+00 1.408602151e+00 
1.061452683e+00 1.205519961e+00 1.322060354e+00 
1.263651241e+00 1.222276984e+00 1.384495317e+00 
1.305820994e+00 1.261212420e+00 1.447970864e+00 
1.099477365e+00 1.178413011e+00 1.289108567e+00 
1.649126032e+00 1.622966979e+00 1.877211238e+00 
1.045413580e+00 1.087727945e+00 1.125910510e+00 
1.097134782e+00 1.229669788e+00 1.413111342e+00 
1.036042704e+00 1.109413504e+00 1.163198058e+00 
1.286898669e+00 1.395268605e+00 1.633021159e+00 
1.635069448e+00 1.663873829e+00 1.845300035e+00 
1.016940347e+00 1.114834894e+00 1.158862296e+00 
1.197152785e+00 1.160670281e+00 1.284772806e+00 
1.236078710e+00 1.131099064e+00 1.221297260e+00 
1.025409979e+00 1.138984722e+00 1.249913285e+00 
1.229050418e+00 1.141941843e+00 1.289108567e+00 
1.184718114e+00 1.191720059e+00 1.322060354e+00 
1.045413580e+00 1.111877772e+00 1.216961498e+00 
1.224184678e+00 1.188270084e+00 1.319458897e+00 
1.082537559e+00 1.022178413e+00 1.163198058e+00 
1.082537559e+00 1.000000000e+00 1.000000000e+00 
1.054063786e+00 1.133563332e+00 1.254249046e+00 
1.000000000e+00 1.018728438e+00 1.000000000e+00 
1.000000000e+00 1.042878265e+00 1.091050989e+00 
1.076049905e+00 1.091177920e+00 1.158862296e+00 

1.472878091e+00 1.522424840e+00 1.758758238e+00 
1.655613686e+00 1.690487925e+00 1.908949011e+00 
1.621012863e+00 1.572203056e+00 1.813562262e+00 
1.094251560e+00 1.318876294e+00 1.385709331e+00 
1.727156294e+00 1.729916215e+00 1.913458203e+00 
1.339160508e+00 1.608181370e+00 1.814949705e+00 
1.355199071e+00 1.369147363e+00 1.628511967e+00 
1.292214761e+00 1.541153277e+00 1.718348942e+00 
1.382771602e+00 1.389847215e+00 1.634408602e+00 
1.457199593e+00 1.535239034e+00 1.773152966e+00 
1.617228398e+00 1.786101528e+00 1.904613250e+00 
1.636599453e+00 1.818629867e+00 1.936351023e+00 
1.342584368e+00 1.527846230e+00 1.758931668e+00 
1.323842075e+00 1.330211927e+00 1.569372182e+00 
1.425842598e+00 1.431739773e+00 1.699618453e+00 
1.555774093e+00 1.525381962e+00 1.786160250e+00 
1.728599797e+00 1.775258748e+00 1.936351023e+00 
1.658857513e+00 1.578117299e+00 1.818071453e+00 
1.565505575e+00 1.585510103e+00 1.877211238e+00 
1.622094139e+00 1.581074421e+00 1.822407215e+00 
1.358442898e+00 1.411039921e+00 1.664758932e+00 
1.963777264e+00 1.798915722e+00 2.000000000e+00 
1.353397125e+00 1.389847215e+00 1.628511967e+00 
1.989187243e+00 1.776244455e+00 1.940860215e+00 
1.231663321e+00 1.401182849e+00 1.624002775e+00 
1.523157412e+00 1.494332183e+00 1.758758238e+00 
1.782122944e+00 1.800887137e+00 1.940860215e+00 
1.430347733e+00 1.605717102e+00 1.854318418e+00 
1.259235852e+00 1.436175456e+00 1.655913978e+00 
1.263741528e+00 1.544110399e+00 1.660249740e+00 
1.343665644e+00 1.517496304e+00 1.692160943e+00 
1.634528810e+00 1.487925086e+00 1.758931668e+00 
1.163903557e+00 1.373583046e+00 1.499653139e+00 
1.248963732e+00 1.272055200e+00 1.499653139e+00 
1.257884257e+00 1.308526368e+00 1.539021852e+00 
1.383132207e+00 1.426811237e+00 1.695282692e+00 
1.765363171e+00 1.717594874e+00 1.913458203e+00 
1.442872690e+00 1.539181863e+00 1.786160250e+00 
1.294377312e+00 1.341054707e+00 1.625563649e+00 
1.300864967e+00 1.405125678e+00 1.660249740e+00 
1.273833074e+00 1.403154263e+00 1.628511967e+00 
1.517751033e+00 1.542631838e+00 1.790669442e+00 
1.287439307e+00 1.300640710e+00 1.511619840e+00 
1.561542699e+00 1.827501232e+00 1.940860215e+00 
1.198954731e+00 1.278955150e+00 1.476760319e+00 
1.361236374e+00 1.551503204e+00 1.786160250e+00 
1.120382209e+00 1.343026121e+00 1.476760319e+00 
1.776175928e+00 1.813701331e+00 1.940860215e+00 
1.296630150e+00 1.299162149e+00 1.539021852e+00 
1.390160499e+00 1.312469197e+00 1.540756157e+00 
1.848080763e+00 1.798422868e+00 1.940860215e+00 
1.489545956e+00 1.686545096e+00 1.877211238e+00 
1.494503605e+00 1.424346969e+00 1.695282692e+00 
1.373400726e+00 1.390340069e+00 1.634408602e+00 
1.281402004e+00 1.421389847e+00 1.690773500e+00 
1.291764409e+00 1.331690488e+00 1.569372182e+00 
1.190034206e+00 1.326269098e+00 1.564862990e+00 
1.099477365e+00 1.178413011e+00 1.289108567e+00 
1.385835396e+00 1.482996550e+00 1.699618453e+00 
1.122724793e+00 1.315919172e+00 1.443808533e+00 
1.070823559e+00 1.183834401e+00 1.284772806e+00 
1.436294749e+00 1.586988664e+00 1.818071453e+00 
1.484772124e+00 1.459339576e+00 1.720950399e+00 
1.099477365e+00 1.202562839e+00 1.380159556e+00 
1.606053414e+00 1.862000986e+00 2.000000000e+00 
1.409623462e+00 1.582552982e+00 1.790669442e+00 
1.165435184e+00 1.342040414e+00 1.476760319e+00 
1.263651241e+00 1.222276984e+00 1.384495317e+00 
1.584790127e+00 1.505667817e+00 1.790669442e+00 
1.216886067e+00 1.224248398e+00 1.408602151e+00 
1.061452683e+00 1.205519961e+00 1.322060354e+00 
1.342314049e+00 1.293740759e+00 1.534512660e+00 
1.213191888e+00 1.271562346e+00 1.439472771e+00 
1.070823559e+00 1.207984229e+00 1.375823795e+00 
1.531445390e+00 1.592410054e+00 1.849809227e+00 
1.441160490e+00 1.511089207e+00 1.754422477e+00 
1.305820994e+00 1.261212420e+00 1.447970864e+00 
1.197152785e+00 1.160670281e+00 1.284772806e+00 
1.097134782e+00 1.229669788e+00 1.413111342e+00 
1.184718114e+00 1.191720059e+00 1.322060354e+00 
1.588574592e+00 1.454411040e+00 1.727020465e+00 
1.402595170e+00 1.410547068e+00 1.664758932e+00 
1.258785500e+00 1.269098078e+00 1.414845647e+00 
1.229050418e+00 1.141941843e+00 1.289108567e+00 
1.045413580e+00 1.111877772e+00 1.216961498e+00 
1.025409979e+00 1.138984722e+00 1.249913285e+00 
1.016940347e+00 1.114834894e+00 1.158862296e+00 
1.045413580e+00 1.087727945e+00 1.125910510e+00 
1.224184678e+00 1.188270084e+00 1.319458897e+00 
1.036042704e+00 1.109413504e+00 1.163198058e+00 
1.236078710e+00 1.131099064e+00 1.221297260e+00 
1.781582306e+00 1.819615574e+00 2.000000000e+00 
1.082537559e+00 1.000000000e+00 1.000000000e+00 
1.076049905e+00 1.091177920e+00 1.158862296e+00 
1.082537559e+00 1.022178413e+00 1.163198058e+00 
1.000000000e+00 1.042878265e+00 1.091050989e+00 
1.054063786e+00 1.133563332e+00 1.254249046e+00 
1.000000000e+00 1.018728438e+00 1.000000000e+00 

1.644800929e+00 1.674223756e+00 1.877211238e+00 
1.297441107e+00 1.538689009e+00 1.715053763e+00 
1.254010046e+00 1.436175456e+00 1.655913978e+00 
1.377725828e+00 1.367668802e+00 1.607006590e+00 
1.539917185e+00 1.654509611e+00 1.849809227e+00 
1.281402004e+00 1.421389847e+00 1.690773500e+00 
1.390610850e+00 1.497782159e+00 1.754422477e+00 
1.504143178e+00 1.609659931e+00 1.845473465e+00 
1.497206795e+00 1.552488911e+00 1.786160250e+00 
1.163903557e+00 1.373583046e+00 1.499653139e+00 
1.370066612e+00 1.378018728e+00 1.625563649e+00 
1.504235087e+00 1.793494332e+00 1.874089490e+00 
1.657954648e+00 1.719566289e+00 1.908949011e+00 
1.507478914e+00 1.418925579e+00 1.699618453e+00 
1.269507971e+00 1.428289798e+00 1.628511967e+00 
1.470353312e+00 1.730409069e+00 1.849809227e+00 
1.287439307e+00 1.300640710e+00 1.511619840e+00 
1.280050409e+00 1.383440118e+00 1.569372182e+00 
1.510360514e+00 1.544110399e+00 1.790669442e+00 
1.859434158e+00 1.809758502e+00 2.000000000e+00 
1.299423626e+00 1.505174963e+00 1.781824488e+00 
1.487204994e+00 1.622474125e+00 1.784599376e+00 
1.678861114e+00 1.497782159e+00 1.763267430e+00 
1.587314906e+00 1.976835880e+00 1.936351023e+00 
1.661739113e+00 1.662395269e+00 1.877211238e+00 
1.286898669e+00 1.395268605e+00 1.633021159e+00 
1.587585225e+00 1.750123213e+00 1.940860215e+00 
1.421517495e+00 1.351404633e+00 1.599895942e+00 
1.430888371e+00 1.695909315e+00 1.781997919e+00 
1.070823559e+00 1.183834401e+00 1.284772806e+00 
1.557217596e+00 1.415475604e+00 1.667880680e+00 
1.280050409e+00 1.421882701e+00 1.591224419e+00 
1.353397125e+00 1.389847215e+00 1.628511967e+00 
1.292485080e+00 1.322819123e+00 1.539021852e+00 
1.655164957e+00 1.725480532e+00 1.940860215e+00 
1.259235852e+00 1.412518482e+00 1.569372182e+00 
1.672195049e+00 1.913257762e+00 2.000000000e+00 
1.372860088e+00 1.369147363e+00 1.628511967e+00 
1.246801181e+00 1.472153770e+00 1.592438432e+00 
1.341503092e+00 1.330211927e+00 1.569372182e+00 
1.265453187e+00 1.310004929e+00 1.532084634e+00 
1.248963732e+00 1.272055200e+00 1.499653139e+00 
1.190034206e+00 1.326269098e+00 1.564862990e+00 
1.571274181e+00 1.593888615e+00 1.854318418e+00 
1.331411005e+00 1.473139478e+00 1.749913285e+00 
1.275635560e+00 1.409068507e+00 1.573707943e+00 
1.390160499e+00 1.312469197e+00 1.540756157e+00 
1.487296903e+00 1.732873337e+00 1.854318418e+00 
1.586952679e+00 1.712173484e+00 1.877211238e+00 
1.549827077e+00 1.771315919e+00 1.913458203e+00 
1.099477365e+00 1.202562839e+00 1.380159556e+00 
1.415570478e+00 1.732380483e+00 1.781997919e+00 
1.417192392e+00 1.351897486e+00 1.604231703e+00 
1.122724793e+00 1.315919172e+00 1.443808533e+00 
1.358442898e+00 1.411039921e+00 1.664758932e+00 
1.451793215e+00 1.432725481e+00 1.699618453e+00 
1.608037555e+00 1.702316412e+00 1.877211238e+00 
1.687511320e+00 1.583045835e+00 1.849809227e+00 
1.836997687e+00 1.825036964e+00 2.000000000e+00 
1.333032919e+00 1.390340069e+00 1.634408602e+00 
1.236258743e+00 1.500246427e+00 1.572147069e+00 
1.326905870e+00 1.381468704e+00 1.625563649e+00 
1.763200619e+00 1.713159192e+00 1.940860215e+00 
1.330690335e+00 1.363233120e+00 1.573707943e+00 
1.342314049e+00 1.293740759e+00 1.534512660e+00 
1.315191870e+00 1.384918679e+00 1.602670829e+00 
1.742023835e+00 1.834894036e+00 2.000000000e+00 
1.061452683e+00 1.205519961e+00 1.322060354e+00 
1.165435184e+00 1.342040414e+00 1.476760319e+00 
1.403676446e+00 1.365204534e+00 1.627471384e+00 
1.070823559e+00 1.207984229e+00 1.375823795e+00 
1.194088990e+00 1.278955150e+00 1.476760319e+00 
1.097134782e+00 1.229669788e+00 1.413111342e+00 
1.537754634e+00 1.529817644e+00 1.790669442e+00 
1.258785500e+00 1.269098078e+00 1.414845647e+00 
1.637502318e+00 1.741744702e+00 1.908949011e+00 
1.036042704e+00 1.109413504e+00 1.163198058e+00 
1.305820994e+00 1.261212420e+00 1.447970864e+00 
1.263651241e+00 1.222276984e+00 1.384495317e+00 
1.472969999e+00 1.642681124e+00 1.845473465e+00 
1.099477365e+00 1.178413011e+00 1.289108567e+00 
1.016940347e+00 1.114834894e+00 1.158862296e+00 
1.045413580e+00 1.087727945e+00 1.125910510e+00 
1.291764409e+00 1.331690488e+00 1.569372182e+00 
1.296630150e+00 1.299162149e+00 1.539021852e+00 
1.025409979e+00 1.138984722e+00 1.249913285e+00 
1.229050418e+00 1.141941843e+00 1.289108567e+00 
1.190034206e+00 1.302612124e+00 1.478321193e+00 
1.248693413e+00 1.277476589e+00 1.439299341e+00 
1.216886067e+00 1.224248398e+00 1.408602151e+00 
1.184718114e+00 1.191720059e+00 1.322060354e+00 
1.236078710e+00 1.131099064e+00 1.221297260e+00 
1.045413580e+00 1.111877772e+00 1.216961498e+00 
1.709677472e+00 1.692459340e+00 1.913458203e+00 
1.197152785e+00 1.160670281e+00 1.284772806e+00 
1.224184678e+00 1.188270084e+00 1.319458897e+00 
1.076049905e+00 1.091177920e+00 1.158862296e+00 
1.082537559e+00 1.022178413e+00 1.163198058e+00 
1.000000000e+00 1.018728438e+00 1.000000000e+00 
1.054063786e+00 1.133563332e+00 1.254249046e+00 
1.000000000e+00 1.042878265e+00 1.091050989e+00 
1.082537559e+00 1.000000000e+00 1.000000000e+00 

1.403676446e+00 1.365204534e+00 1.627471384e+00 
1.294377312e+00 1.341054707e+00 1.625563649e+00 
1.257884257e+00 1.308526368e+00 1.539021852e+00 
1.643898064e+00 1.810744209e+00 2.000000000e+00 
1.376283947e+00 1.388861508e+00 1.627471384e+00 
1.361506693e+00 1.480039428e+00 1.692160943e+00 
1.254010046e+00 1.436175456e+00 1.655913978e+00 
1.491708508e+00 1.667323805e+00 1.840964273e+00 
1.323842075e+00 1.330211927e+00 1.569372182e+00 
1.375202672e+00 1.604238541e+00 1.719562955e+00 
1.969724280e+00 1.787580089e+00 1.940860215e+00 
1.397459110e+00 1.538196156e+00 1.786160250e+00 
1.392863688e+00 1.620009857e+00 1.749913285e+00 
1.700665039e+00 1.716116313e+00 1.913458203e+00 
1.323391724e+00 1.598324298e+00 1.715053763e+00 
1.452243566e+00 1.703302119e+00 1.840964273e+00 
1.694177384e+00 1.581567275e+00 1.840964273e+00 
1.433591560e+00 1.540660424e+00 1.790669442e+00 
1.167507989e+00 1.314440611e+00 1.414845647e+00 
1.462243744e+00 1.537703302e+00 1.754422477e+00 
1.417913062e+00 1.396747166e+00 1.631807145e+00 
1.248963732e+00 1.272055200e+00 1.499653139e+00 
1.425842598e+00 1.431739773e+00 1.699618453e+00 
1.163903557e+00 1.373583046e+00 1.499653139e+00 
1.099477365e+00 1.202562839e+00 1.380159556e+00 
1.239502570e+00 1.293247905e+00 1.476760319e+00 
1.391962445e+00 1.573188763e+00 1.728407908e+00 
1.702649180e+00 1.592410054e+00 1.849809227e+00 
1.577221197e+00 1.779201577e+00 1.908949011e+00 
1.269507971e+00 1.428289798e+00 1.628511967e+00 
1.369255655e+00 1.399211434e+00 1.695282692e+00 
1.620742544e+00 1.778215870e+00 1.908949011e+00 
1.190034206e+00 1.326269098e+00 1.564862990e+00 
1.099477365e+00 1.178413011e+00 1.289108567e+00 
1.385835396e+00 1.482996550e+00 1.699618453e+00 
1.281402004e+00 1.421389847e+00 1.690773500e+00 
1.780138803e+00 1.802365697e+00 1.940860215e+00 
1.070823559e+00 1.207984229e+00 1.375823795e+00 
1.094251560e+00 1.318876294e+00 1.385709331e+00 
1.303658442e+00 1.271562346e+00 1.439472771e+00 
1.346368833e+00 1.577131592e+00 1.715053763e+00 
1.578302473e+00 1.699359290e+00 1.877211238e+00 
1.362497682e+00 1.582060128e+00 1.718348942e+00 
1.357631941e+00 1.508132085e+00 1.714013181e+00 
1.494682016e+00 1.502217841e+00 1.790669442e+00 
1.287439307e+00 1.300640710e+00 1.511619840e+00 
1.230131694e+00 1.412518482e+00 1.602670829e+00 
1.504954135e+00 1.641695416e+00 1.854318418e+00 
1.187060698e+00 1.316412026e+00 1.443808533e+00 
1.466931075e+00 1.417939872e+00 1.699618453e+00 
1.370156899e+00 1.658452440e+00 1.781824488e+00 
1.342404335e+00 1.515524889e+00 1.698057579e+00 
1.396468121e+00 1.561360276e+00 1.715053763e+00 
1.216886067e+00 1.224248398e+00 1.408602151e+00 
1.070823559e+00 1.183834401e+00 1.284772806e+00 
1.603712452e+00 1.487925086e+00 1.786160250e+00 
1.635972313e+00 1.813701331e+00 1.913458203e+00 
1.668048357e+00 1.709709216e+00 1.904613250e+00 
1.342314049e+00 1.293740759e+00 1.534512660e+00 
1.248693413e+00 1.277476589e+00 1.439299341e+00 
1.120382209e+00 1.343026121e+00 1.476760319e+00 
1.425752311e+00 1.508624938e+00 1.720950399e+00 
1.291764409e+00 1.331690488e+00 1.569372182e+00 
1.913497943e+00 1.809265648e+00 2.000000000e+00 
1.513425930e+00 1.891572203e+00 1.874089490e+00 
1.211209369e+00 1.287826516e+00 1.472251127e+00 
1.296630150e+00 1.299162149e+00 1.539021852e+00 
1.897819445e+00 1.798915722e+00 1.940860215e+00 
1.045413580e+00 1.087727945e+00 1.125910510e+00 
1.258785500e+00 1.269098078e+00 1.414845647e+00 
1.061452683e+00 1.205519961e+00 1.322060354e+00 
1.447197793e+00 1.724001971e+00 1.845300035e+00 
1.593078105e+00 1.609167077e+00 1.877211238e+00 
1.097134782e+00 1.229669788e+00 1.413111342e+00 
1.143809670e+00 1.341547560e+00 1.436871315e+00 
1.184718114e+00 1.191720059e+00 1.322060354e+00 
1.054063786e+00 1.133563332e+00 1.254249046e+00 
1.197152785e+00 1.160670281e+00 1.284772806e+00 
1.036042704e+00 1.109413504e+00 1.163198058e+00 
1.224184678e+00 1.188270084e+00 1.319458897e+00 
1.539738775e+00 1.814687038e+00 1.940860215e+00 
1.305820994e+00 1.261212420e+00 1.447970864e+00 
1.263651241e+00 1.222276984e+00 1.384495317e+00 
1.016940347e+00 1.114834894e+00 1.158862296e+00 
1.236078710e+00 1.131099064e+00 1.221297260e+00 
1.734184586e+00 1.763430261e+00 1.936351023e+00 
1.045413580e+00 1.111877772e+00 1.216961498e+00 
1.076049905e+00 1.091177920e+00 1.158862296e+00 
1.025409979e+00 1.138984722e+00 1.249913285e+00 
1.229050418e+00 1.141941843e+00 1.289108567e+00 
1.082537559e+00 1.022178413e+00 1.163198058e+00 
1.000000000e+00 1.018728438e+00 1.000000000e+00 
1.082537559e+00 1.000000000e+00 1.000000000e+00 
1.000000000e+00 1.042878265e+00 1.091050989e+00 

1.386916672e+00 1.366190241e+00 1.634408602e+00 
1.324743319e+00 1.491375062e+00 1.667880680e+00 
1.248963732e+00 1.272055200e+00 1.499653139e+00 
1.687511320e+00 1.809758502e+00 1.940860215e+00 
1.651558902e+00 1.810251355e+00 1.936351023e+00 
1.555866002e+00 1.625924101e+00 1.877211238e+00 
1.336637351e+00 1.527353376e+00 1.691120361e+00 
1.163903557e+00 1.373583046e+00 1.499653139e+00 
1.356010028e+00 1.450468211e+00 1.786160250e+00 
1.333032919e+00 1.390340069e+00 1.634408602e+00 
1.254010046e+00 1.436175456e+00 1.655913978e+00 
1.386015429e+00 1.365204534e+00 1.627471384e+00 
1.311317659e+00 1.518482011e+00 1.682275408e+00 
1.322310448e+00 1.554460325e+00 1.719389525e+00 
1.656516551e+00 1.913750616e+00 1.940860215e+00 
1.330690335e+00 1.363233120e+00 1.573707943e+00 
1.486394037e+00 1.655988172e+00 1.790669442e+00 
1.466931075e+00 1.417939872e+00 1.699618453e+00 
1.446386836e+00 1.671759487e+00 1.854318418e+00 
1.265002836e+00 1.432232627e+00 1.660249740e+00 
1.120382209e+00 1.343026121e+00 1.476760319e+00 
1.703368228e+00 1.765894529e+00 1.940860215e+00 
1.332943173e+00 1.583538689e+00 1.723898717e+00 
1.347179790e+00 1.498275012e+00 1.690773500e+00 
1.604431500e+00 1.733366190e+00 1.913458203e+00 
1.335376043e+00 1.531296205e+00 1.698057579e+00 
1.686251633e+00 2.000000000e+00 2.000000000e+00 
1.442602371e+00 1.293740759e+00 1.534512660e+00 
1.070823559e+00 1.207984229e+00 1.375823795e+00 
1.094251560e+00 1.318876294e+00 1.385709331e+00 
1.405478392e+00 1.696895022e+00 1.840964273e+00 
1.358442898e+00 1.411039921e+00 1.664758932e+00 
1.716527353e+00 1.796451454e+00 2.000000000e+00 
1.579924386e+00 1.582552982e+00 1.790669442e+00 
1.355739709e+00 1.466239527e+00 1.667880680e+00 
1.548567391e+00 1.405125678e+00 1.660249740e+00 
1.307082302e+00 1.384918679e+00 1.591224419e+00 
1.296630150e+00 1.299162149e+00 1.539021852e+00 
1.281492290e+00 1.492853622e+00 1.667880680e+00 
1.703189817e+00 1.592902908e+00 1.854318418e+00 
1.294377312e+00 1.317397733e+00 1.539021852e+00 
1.648763805e+00 1.939379004e+00 1.940860215e+00 
1.300864967e+00 1.381468704e+00 1.573707943e+00 
1.165435184e+00 1.342040414e+00 1.476760319e+00 
1.578302473e+00 1.445046821e+00 1.720950399e+00 
1.341142487e+00 1.525874815e+00 1.719562955e+00 
1.222742796e+00 1.413011336e+00 1.602670829e+00 
1.324202681e+00 1.408082799e+00 1.601109955e+00 
1.305730707e+00 1.428782652e+00 1.628511967e+00 
1.557217596e+00 1.415475604e+00 1.667880680e+00 
1.122724793e+00 1.315919172e+00 1.443808533e+00 
1.265453187e+00 1.310004929e+00 1.532084634e+00 
1.061452683e+00 1.205519961e+00 1.322060354e+00 
1.303658442e+00 1.271562346e+00 1.439472771e+00 
1.190034206e+00 1.326269098e+00 1.564862990e+00 
1.216886067e+00 1.224248398e+00 1.408602151e+00 
1.570555132e+00 1.828486939e+00 1.908949011e+00 
1.323842075e+00 1.330211927e+00 1.569372182e+00 
1.657776238e+00 1.814687038e+00 1.940860215e+00 
1.327896859e+00 1.536717595e+00 1.686611169e+00 
1.099477365e+00 1.178413011e+00 1.289108567e+00 
1.292485080e+00 1.322819123e+00 1.539021852e+00 
1.284195480e+00 1.427796944e+00 1.604405134e+00 
1.698864715e+00 1.906850665e+00 2.000000000e+00 
1.596321933e+00 1.784622967e+00 1.904613250e+00 
1.194088990e+00 1.278955150e+00 1.476760319e+00 
1.390160499e+00 1.312469197e+00 1.540756157e+00 
1.590374916e+00 1.575653031e+00 1.818071453e+00 
1.746078618e+00 1.714144899e+00 1.940860215e+00 
1.258785500e+00 1.269098078e+00 1.414845647e+00 
1.380969656e+00 1.377033021e+00 1.604231703e+00 
1.305820994e+00 1.261212420e+00 1.447970864e+00 
1.167507989e+00 1.314440611e+00 1.414845647e+00 
1.294106993e+00 1.399704288e+00 1.595733611e+00 
1.045413580e+00 1.087727945e+00 1.125910510e+00 
1.045413580e+00 1.111877772e+00 1.216961498e+00 
1.291764409e+00 1.331690488e+00 1.569372182e+00 
1.097134782e+00 1.229669788e+00 1.413111342e+00 
1.099477365e+00 1.202562839e+00 1.380159556e+00 
1.070823559e+00 1.183834401e+00 1.284772806e+00 
1.263651241e+00 1.222276984e+00 1.384495317e+00 
1.417192392e+00 1.351897486e+00 1.604231703e+00 
1.197152785e+00 1.160670281e+00 1.284772806e+00 
1.036042704e+00 1.109413504e+00 1.163198058e+00 
1.229050418e+00 1.141941843e+00 1.289108567e+00 
1.184718114e+00 1.191720059e+00 1.322060354e+00 
1.236078710e+00 1.131099064e+00 1.221297260e+00 
1.224184678e+00 1.188270084e+00 1.319458897e+00 
1.054063786e+00 1.133563332e+00 1.254249046e+00 
1.016940347e+00 1.114834894e+00 1.158862296e+00 
1.082537559e+00 1.022178413e+00 1.163198058e+00 
1.082537559e+00 1.000000000e+00 1.000000000e+00 
1.025409979e+00 1.138984722e+00 1.249913285e+00 
1.076049905e+00 1.091177920e+00 1.158862296e+00 
1.000000000e+00 1.042878265e+00 1.091050989e+00 
1.000000000e+00 1.018728438e+00 1.000000000e+00 

1.522076136e+00 1.513060621e+00 1.728407908e+00 
1.644260291e+00 1.500739280e+00 1.727020465e+00 
1.194088990e+00 1.278955150e+00 1.476760319e+00 
1.338168979e+00 1.549038935e+00 1.877211238e+00 
1.213191888e+00 1.271562346e+00 1.439472771e+00 
1.280050409e+00 1.394282898e+00 1.633021159e+00 
1.567760035e+00 1.779694431e+00 1.940860215e+00 
1.321769810e+00 1.569738788e+00 1.781824488e+00 
1.309244853e+00 1.529817644e+00 1.695282692e+00 
1.333032919e+00 1.390340069e+00 1.634408602e+00 
1.099477365e+00 1.178413011e+00 1.289108567e+00 
1.190034206e+00 1.326269098e+00 1.564862990e+00 
1.324653032e+00 1.562345983e+00 1.754422477e+00 
1.356010028e+00 1.524889108e+00 1.786160250e+00 
1.300864967e+00 1.405125678e+00 1.660249740e+00 
1.471256177e+00 1.444061114e+00 1.699618453e+00 
1.352586168e+00 1.457861015e+00 1.690773500e+00 
1.309785491e+00 1.461310991e+00 1.661810614e+00 
1.383132207e+00 1.426811237e+00 1.695282692e+00 
1.386916672e+00 1.366190241e+00 1.634408602e+00 
1.708233969e+00 1.709709216e+00 1.936351023e+00 
1.376283947e+00 1.388861508e+00 1.627471384e+00 
1.222742796e+00 1.413011336e+00 1.602670829e+00 
1.415570478e+00 1.457368162e+00 1.699618453e+00 
1.094251560e+00 1.318876294e+00 1.385709331e+00 
1.315282156e+00 1.494825037e+00 1.689212626e+00 
1.390160499e+00 1.312469197e+00 1.540756157e+00 
1.342314049e+00 1.293740759e+00 1.534512660e+00 
1.257884257e+00 1.308526368e+00 1.539021852e+00 
1.307442907e+00 1.480532282e+00 1.667880680e+00 
1.061452683e+00 1.205519961e+00 1.322060354e+00 
1.631284983e+00 1.777230163e+00 1.940860215e+00 
1.269507971e+00 1.428289798e+00 1.628511967e+00 
1.373941363e+00 1.428289798e+00 1.667880680e+00 
1.296630150e+00 1.299162149e+00 1.539021852e+00 
1.511804017e+00 1.519960572e+00 1.790669442e+00 
1.377545796e+00 1.516510596e+00 1.695282692e+00 
1.294377312e+00 1.341054707e+00 1.625563649e+00 
1.630744345e+00 1.482503696e+00 1.720950399e+00 
1.491530097e+00 1.801379990e+00 1.904613250e+00 
1.163903557e+00 1.373583046e+00 1.499653139e+00 
1.628760204e+00 1.763430261e+00 1.936351023e+00 
1.180212979e+00 1.339576146e+00 1.465313909e+00 
1.363578958e+00 1.458353869e+00 1.690946930e+00 
1.285997425e+00 1.575160177e+00 1.695456122e+00 
1.650569535e+00 1.764415968e+00 2.000000000e+00 
1.291764409e+00 1.331690488e+00 1.569372182e+00 
1.476121918e+00 1.415968457e+00 1.667880680e+00 
1.231663321e+00 1.401182849e+00 1.624002775e+00 
1.070823559e+00 1.183834401e+00 1.284772806e+00 
1.376103915e+00 1.411039921e+00 1.664758932e+00 
1.216886067e+00 1.224248398e+00 1.408602151e+00 
1.688592595e+00 1.468703795e+00 1.723898717e+00 
1.248963732e+00 1.272055200e+00 1.499653139e+00 
1.190034206e+00 1.302612124e+00 1.478321193e+00 
1.382771602e+00 1.389847215e+00 1.634408602e+00 
1.122724793e+00 1.315919172e+00 1.443808533e+00 
1.258785500e+00 1.269098078e+00 1.414845647e+00 
1.070823559e+00 1.207984229e+00 1.375823795e+00 
1.679039524e+00 1.752587482e+00 1.940860215e+00 
1.448549388e+00 1.390832923e+00 1.663371488e+00 
1.097134782e+00 1.229669788e+00 1.413111342e+00 
1.045413580e+00 1.087727945e+00 1.125910510e+00 
1.263651241e+00 1.222276984e+00 1.384495317e+00 
1.323842075e+00 1.330211927e+00 1.569372182e+00 
1.120382209e+00 1.343026121e+00 1.476760319e+00 
1.236078710e+00 1.131099064e+00 1.221297260e+00 
1.099477365e+00 1.202562839e+00 1.380159556e+00 
1.305820994e+00 1.261212420e+00 1.447970864e+00 
1.378987137e+00 1.464268112e+00 1.695282692e+00 
1.197152785e+00 1.160670281e+00 1.284772806e+00 
1.036042704e+00 1.109413504e+00 1.163198058e+00 
1.184718114e+00 1.191720059e+00 1.322060354e+00 
1.224184678e+00 1.188270084e+00 1.319458897e+00 
1.025409979e+00 1.138984722e+00 1.249913285e+00 
1.016940347e+00 1.114834894e+00 1.158862296e+00 
1.229050418e+00 1.141941843e+00 1.289108567e+00 
1.054063786e+00 1.133563332e+00 1.254249046e+00 
1.000000000e+00 1.018728438e+00 1.000000000e+00 
1.000000000e+00 1.042878265e+00 1.091050989e+00 
1.082537559e+00 1.000000000e+00 1.000000000e+00 
1.076049905e+00 1.091177920e+00 1.158862296e+00 
1.082537559e+00 1.022178413e+00 1.163198058e+00 
1.045413580e+00 1.111877772e+00 1.216961498e+00 

1.354478401e+00 1.462296698e+00 1.664758932e+00 
1.342584368e+00 1.427796944e+00 1.637356920e+00 
1.355199071e+00 1.369147363e+00 1.628511967e+00 
1.463687247e+00 1.482996550e+00 1.763267430e+00 
1.630652436e+00 1.704287827e+00 1.874089490e+00 
1.540636233e+00 1.863479547e+00 1.874089490e+00 
1.310416415e+00 1.424346969e+00 1.629899410e+00 
1.934220592e+00 1.750616067e+00 1.940860215e+00 
1.287439307e+00 1.300640710e+00 1.511619840e+00 
1.248693413e+00 1.277476589e+00 1.439299341e+00 
1.215264153e+00 1.397732873e+00 1.530350330e+00 
1.602182447e+00 1.814687038e+00 1.940860215e+00 
1.265453187e+00 1.310004929e+00 1.532084634e+00 
1.292755399e+00 1.480039428e+00 1.751300728e+00 
1.605155955e+00 1.765894529e+00 2.000000000e+00 
1.444584890e+00 1.684080828e+00 1.845473465e+00 
1.421517495e+00 1.494825037e+00 1.790669442e+00 
1.831320989e+00 1.703302119e+00 1.913458203e+00 
1.239502570e+00 1.347954657e+00 1.602670829e+00 
1.503872859e+00 1.637259734e+00 1.818071453e+00 
1.367994347e+00 1.438146870e+00 1.655913978e+00 
1.652548269e+00 1.706752095e+00 1.913458203e+00 
1.379888380e+00 1.551503204e+00 1.786160250e+00 
1.194088990e+00 1.278955150e+00 1.476760319e+00 
1.309785491e+00 1.478068014e+00 1.637356920e+00 
1.282573566e+00 1.333169049e+00 1.541970170e+00 
1.425842598e+00 1.445539675e+00 1.699618453e+00 
1.369255655e+00 1.399211434e+00 1.695282692e+00 
1.239052219e+00 1.441103992e+00 1.595039889e+00 
1.366913071e+00 1.671759487e+00 1.781824488e+00 
1.193098001e+00 1.338097585e+00 1.501387444e+00 
1.294377312e+00 1.341054707e+00 1.625563649e+00 
1.248963732e+00 1.272055200e+00 1.499653139e+00 
1.269507971e+00 1.428289798e+00 1.628511967e+00 
1.342314049e+00 1.293740759e+00 1.534512660e+00 
1.167507989e+00 1.314440611e+00 1.414845647e+00 
1.122724793e+00 1.315919172e+00 1.443808533e+00 
1.120382209e+00 1.343026121e+00 1.476760319e+00 
1.291764409e+00 1.331690488e+00 1.569372182e+00 
1.333032919e+00 1.390340069e+00 1.634408602e+00 
1.163903557e+00 1.373583046e+00 1.499653139e+00 
1.363578958e+00 1.458353869e+00 1.690946930e+00 
1.675617287e+00 1.700837851e+00 1.877211238e+00 
1.271940841e+00 1.415968457e+00 1.628511967e+00 
1.319877578e+00 1.453918186e+00 1.634408602e+00 
1.194990233e+00 1.365204534e+00 1.511619840e+00 
1.235898678e+00 1.484967965e+00 1.572147069e+00 
1.571003862e+00 1.862493839e+00 1.877211238e+00 
1.432600571e+00 1.360768852e+00 1.629899410e+00 
1.251486889e+00 1.342533268e+00 1.503988900e+00 
1.543701650e+00 1.657466732e+00 1.849809227e+00 
1.165435184e+00 1.342040414e+00 1.476760319e+00 
1.590829052e+00 1.752587482e+00 1.874089490e+00 
1.292485080e+00 1.322819123e+00 1.539021852e+00 
1.227789110e+00 1.448496796e+00 1.534859521e+00 
1.540998461e+00 1.636274027e+00 1.813562262e+00 
1.390160499e+00 1.312469197e+00 1.540756157e+00 
1.265453187e+00 1.454903894e+00 1.618626431e+00 
1.583887262e+00 1.847708231e+00 1.904613250e+00 
1.341503092e+00 1.330211927e+00 1.569372182e+00 
1.252297846e+00 1.346476097e+00 1.541970170e+00 
1.285997425e+00 1.564317398e+00 1.631807145e+00 
1.227338218e+00 1.380482997e+00 1.527575442e+00 
1.271129884e+00 1.413504189e+00 1.624002775e+00 
1.549108029e+00 1.579103006e+00 1.849809227e+00 
1.437736630e+00 1.326269098e+00 1.564862990e+00 
1.296630150e+00 1.299162149e+00 1.539021852e+00 
1.070823559e+00 1.207984229e+00 1.375823795e+00 
1.099477365e+00 1.178413011e+00 1.289108567e+00 
1.258785500e+00 1.269098078e+00 1.414845647e+00 
1.061452683e+00 1.205519961e+00 1.322060354e+00 
1.263651241e+00 1.222276984e+00 1.384495317e+00 
1.396107516e+00 1.328240513e+00 1.543357614e+00 
1.070823559e+00 1.183834401e+00 1.284772806e+00 
1.036042704e+00 1.109413504e+00 1.163198058e+00 
1.099477365e+00 1.202562839e+00 1.380159556e+00 
1.305820994e+00 1.261212420e+00 1.447970864e+00 
1.097134782e+00 1.229669788e+00 1.413111342e+00 
1.224184678e+00 1.188270084e+00 1.319458897e+00 
1.197152785e+00 1.160670281e+00 1.284772806e+00 
1.236078710e+00 1.131099064e+00 1.221297260e+00 
1.559109829e+00 1.752094628e+00 1.854318418e+00 
1.184718114e+00 1.191720059e+00 1.322060354e+00 
1.054063786e+00 1.133563332e+00 1.254249046e+00 
1.229050418e+00 1.141941843e+00 1.289108567e+00 
1.025409979e+00 1.138984722e+00 1.249913285e+00 
1.216886067e+00 1.224248398e+00 1.408602151e+00 
1.045413580e+00 1.111877772e+00 1.216961498e+00 
1.045413580e+00 1.087727945e+00 1.125910510e+00 
1.016940347e+00 1.114834894e+00 1.158862296e+00 
1.082537559e+00 1.022178413e+00 1.163198058e+00 
1.082537559e+00 1.000000000e+00 1.000000000e+00 
1.000000000e+00 1.042878265e+00 1.091050989e+00 
1.076049905e+00 1.091177920e+00 1.158862296e+00 
1.000000000e+00 1.018728438e+00 1.000000000e+00 

1.477203194e+00 1.512074914e+00 1.754422477e+00 
1.122724793e+00 1.315919172e+00 1.443808533e+00 
1.442872690e+00 1.539181863e+00 1.786160250e+00 
1.553973769e+00 1.531789059e+00 1.790669442e+00 
1.451793215e+00 1.432725481e+00 1.699618453e+00 
1.300144296e+00 1.544110399e+00 1.751300728e+00 
1.430347733e+00 1.559881715e+00 1.813562262e+00 
1.196251541e+00 1.344997536e+00 1.527575442e+00 
1.362768001e+00 1.584031543e+00 1.840964273e+00 
1.331411005e+00 1.473139478e+00 1.749913285e+00 
1.180212979e+00 1.339576146e+00 1.465313909e+00 
1.774013376e+00 1.754066042e+00 1.940860215e+00 
1.510360514e+00 1.544110399e+00 1.790669442e+00 
1.260948052e+00 1.275012321e+00 1.447970864e+00 
1.230131694e+00 1.412518482e+00 1.602670829e+00 
1.294377312e+00 1.341054707e+00 1.625563649e+00 
1.231483289e+00 1.388368655e+00 1.564862990e+00 
1.291764409e+00 1.331690488e+00 1.569372182e+00 
1.207424904e+00 1.391325776e+00 1.535900104e+00 
1.502250946e+00 1.527353376e+00 1.758931668e+00 
1.268967333e+00 1.473139478e+00 1.622962192e+00 
1.230131694e+00 1.401675702e+00 1.539021852e+00 
1.422058133e+00 1.546081814e+00 1.763267430e+00 
1.239502570e+00 1.337111878e+00 1.539021852e+00 
1.323842075e+00 1.330211927e+00 1.569372182e+00 
1.165435184e+00 1.342040414e+00 1.476760319e+00 
1.281402004e+00 1.421389847e+00 1.690773500e+00 
1.276896868e+00 1.541646131e+00 1.647242456e+00 
1.396107516e+00 1.328240513e+00 1.543357614e+00 
1.645882205e+00 1.545096106e+00 1.845473465e+00 
1.197423104e+00 1.343518975e+00 1.497051682e+00 
1.366913071e+00 1.272055200e+00 1.499653139e+00 
1.661831021e+00 1.937407590e+00 2.000000000e+00 
1.376283947e+00 1.388861508e+00 1.627471384e+00 
1.442602371e+00 1.293740759e+00 1.534512660e+00 
1.287439307e+00 1.300640710e+00 1.511619840e+00 
1.257884257e+00 1.308526368e+00 1.539021852e+00 
1.163903557e+00 1.373583046e+00 1.499653139e+00 
1.190034206e+00 1.302612124e+00 1.478321193e+00 
1.099477365e+00 1.178413011e+00 1.289108567e+00 
1.425211673e+00 1.613109906e+00 1.877211238e+00 
1.248693413e+00 1.277476589e+00 1.439299341e+00 
1.535592082e+00 1.593395761e+00 1.854318418e+00 
1.194088990e+00 1.278955150e+00 1.476760319e+00 
1.326545265e+00 1.396254312e+00 1.661810614e+00 
1.861056071e+00 1.936914736e+00 2.000000000e+00 
1.263651241e+00 1.222276984e+00 1.384495317e+00 
1.366011828e+00 1.393790044e+00 1.633021159e+00 
1.908632202e+00 1.749630360e+00 1.936351023e+00 
1.288430296e+00 1.418432725e+00 1.625563649e+00 
1.099477365e+00 1.202562839e+00 1.380159556e+00 
1.194990233e+00 1.365204534e+00 1.511619840e+00 
1.369255655e+00 1.399211434e+00 1.695282692e+00 
1.296630150e+00 1.299162149e+00 1.539021852e+00 
1.679401752e+00 1.818629867e+00 1.940860215e+00 
1.303658442e+00 1.271562346e+00 1.439472771e+00 
1.522795184e+00 1.654016757e+00 1.913458203e+00 
1.510182103e+00 1.514046328e+00 1.758931668e+00 
1.070823559e+00 1.207984229e+00 1.375823795e+00 
1.685981314e+00 1.754558896e+00 1.940860215e+00 
1.400432618e+00 1.389847215e+00 1.634408602e+00 
1.061452683e+00 1.205519961e+00 1.322060354e+00 
1.549648666e+00 1.462789552e+00 1.758931668e+00 
1.390160499e+00 1.312469197e+00 1.540756157e+00 
1.070823559e+00 1.183834401e+00 1.284772806e+00 
1.387277277e+00 1.578610153e+00 1.758931668e+00 
1.282573566e+00 1.333169049e+00 1.541970170e+00 
1.437736630e+00 1.326269098e+00 1.564862990e+00 
1.305820994e+00 1.261212420e+00 1.447970864e+00 
1.184718114e+00 1.191720059e+00 1.322060354e+00 
1.258785500e+00 1.269098078e+00 1.414845647e+00 
1.097134782e+00 1.229669788e+00 1.413111342e+00 
1.645341567e+00 1.810251355e+00 1.936351023e+00 
1.239502570e+00 1.347954657e+00 1.602670829e+00 
1.045413580e+00 1.087727945e+00 1.125910510e+00 
1.054063786e+00 1.133563332e+00 1.254249046e+00 
1.296089512e+00 1.282405126e+00 1.478321193e+00 
1.036042704e+00 1.109413504e+00 1.163198058e+00 
1.216886067e+00 1.224248398e+00 1.408602151e+00 
1.045413580e+00 1.111877772e+00 1.216961498e+00 
1.016940347e+00 1.114834894e+00 1.158862296e+00 
1.229050418e+00 1.141941843e+00 1.289108567e+00 
1.025409979e+00 1.138984722e+00 1.249913285e+00 
1.259866776e+00 1.273533760e+00 1.417447104e+00 
1.224184678e+00 1.188270084e+00 1.319458897e+00 
1.000000000e+00 1.042878265e+00 1.091050989e+00 
1.236078710e+00 1.131099064e+00 1.221297260e+00 
1.888087964e+00 1.873336619e+00 2.000000000e+00 
1.197152785e+00 1.160670281e+00 1.284772806e+00 
1.000000000e+00 1.018728438e+00 1.000000000e+00 
1.076049905e+00 1.091177920e+00 1.158862296e+00 
1.082537559e+00 1.000000000e+00 1.000000000e+00 
1.082537559e+00 1.022178413e+00 1.163198058e+00 

1.305370642e+00 1.558896008e+00 1.723898717e+00 
1.530364114e+00 1.817151306e+00 1.940860215e+00 
1.387277277e+00 1.578610153e+00 1.758931668e+00 
1.382050931e+00 1.413011336e+00 1.664758932e+00 
1.301225572e+00 1.432725481e+00 1.660249740e+00 
1.298702415e+00 1.438639724e+00 1.628511967e+00 
1.586412041e+00 1.631838344e+00 1.849809227e+00 
1.317174389e+00 1.460818137e+00 1.661810614e+00 
1.326905870e+00 1.381468704e+00 1.625563649e+00 
1.453593539e+00 1.493346476e+00 1.790669442e+00 
1.513155611e+00 1.687037950e+00 1.877211238e+00 
1.094251560e+00 1.318876294e+00 1.385709331e+00 
1.846458849e+00 1.737801873e+00 1.940860215e+00 
1.165435184e+00 1.342040414e+00 1.476760319e+00 
1.182916168e+00 1.447018236e+00 1.481096080e+00 
1.294917950e+00 1.494825037e+00 1.690773500e+00 
1.523876460e+00 1.605224248e+00 1.840964273e+00 
1.248963732e+00 1.272055200e+00 1.499653139e+00 
1.223193688e+00 1.463282405e+00 1.588102671e+00 
1.239412824e+00 1.408575653e+00 1.573707943e+00 
1.435213474e+00 1.684573682e+00 1.845473465e+00 
1.700486628e+00 1.801379990e+00 1.940860215e+00 
1.372860088e+00 1.414489897e+00 1.637356920e+00 
1.296089512e+00 1.586988664e+00 1.714013181e+00 
1.330690335e+00 1.363233120e+00 1.573707943e+00 
1.213191888e+00 1.271562346e+00 1.439472771e+00 
1.292485080e+00 1.322819123e+00 1.539021852e+00 
1.417192392e+00 1.351897486e+00 1.604231703e+00 
1.120382209e+00 1.343026121e+00 1.476760319e+00 
1.383132207e+00 1.426811237e+00 1.695282692e+00 
1.427734830e+00 1.407589946e+00 1.660249740e+00 
1.607496917e+00 1.584031543e+00 1.813562262e+00 
1.602090538e+00 1.706752095e+00 1.913458203e+00 
1.418003349e+00 1.579595860e+00 1.786160250e+00 
1.343305038e+00 1.479053721e+00 1.698057579e+00 
1.273292436e+00 1.478560867e+00 1.618626431e+00 
1.571814819e+00 1.640709709e+00 1.877211238e+00 
1.357631941e+00 1.503696402e+00 1.719389525e+00 
1.811858026e+00 1.712173484e+00 1.936351023e+00 
1.379798093e+00 1.544110399e+00 1.751300728e+00 
1.284375512e+00 1.453918186e+00 1.618626431e+00 
1.180212979e+00 1.339576146e+00 1.465313909e+00 
1.429627063e+00 1.694923608e+00 1.854318418e+00 
1.488015951e+00 1.378018728e+00 1.625563649e+00 
1.490270411e+00 1.677673731e+00 1.822407215e+00 
1.280411015e+00 1.372597339e+00 1.602670829e+00 
1.342314049e+00 1.293740759e+00 1.534512660e+00 
1.190034206e+00 1.326269098e+00 1.564862990e+00 
1.703730455e+00 1.848693938e+00 2.000000000e+00 
1.286628350e+00 1.522424840e+00 1.690773500e+00 
1.291764409e+00 1.331690488e+00 1.569372182e+00 
1.385835396e+00 1.482996550e+00 1.699618453e+00 
1.296630150e+00 1.299162149e+00 1.539021852e+00 
1.759416154e+00 1.735337605e+00 1.936351023e+00 
1.328618070e+00 1.686052242e+00 1.754422477e+00 
2.000000000e+00 1.836865451e+00 2.000000000e+00 
1.591277781e+00 1.777723016e+00 1.908949011e+00 
1.382771602e+00 1.389847215e+00 1.634408602e+00 
1.274283966e+00 1.473139478e+00 1.591224419e+00 
1.382591569e+00 1.347954657e+00 1.602670829e+00 
1.325463989e+00 1.408575653e+00 1.633021159e+00 
1.194088990e+00 1.278955150e+00 1.476760319e+00 
1.730221710e+00 1.628881222e+00 1.854318418e+00 
1.415570478e+00 1.457368162e+00 1.699618453e+00 
1.726977883e+00 1.763923115e+00 1.940860215e+00 
1.070823559e+00 1.207984229e+00 1.375823795e+00 
1.346909471e+00 1.465746673e+00 1.695282692e+00 
1.070823559e+00 1.183834401e+00 1.284772806e+00 
1.287439307e+00 1.300640710e+00 1.511619840e+00 
1.237880656e+00 1.419911286e+00 1.586715227e+00 
1.609118831e+00 1.587481518e+00 1.818071453e+00 
1.357451909e+00 1.589452932e+00 1.786160250e+00 
1.689133233e+00 1.637752587e+00 1.877211238e+00 
1.390160499e+00 1.312469197e+00 1.540756157e+00 
1.099477365e+00 1.202562839e+00 1.380159556e+00 
1.061452683e+00 1.205519961e+00 1.322060354e+00 
1.436385036e+00 1.572695909e+00 1.754422477e+00 
1.099477365e+00 1.178413011e+00 1.289108567e+00 
1.216886067e+00 1.224248398e+00 1.408602151e+00 
1.045413580e+00 1.111877772e+00 1.216961498e+00 
1.643179015e+00 1.682602267e+00 1.913458203e+00 
1.263651241e+00 1.222276984e+00 1.384495317e+00 
1.122724793e+00 1.315919172e+00 1.443808533e+00 
1.305820994e+00 1.261212420e+00 1.447970864e+00 
1.097134782e+00 1.229669788e+00 1.413111342e+00 
1.258785500e+00 1.269098078e+00 1.414845647e+00 
1.224184678e+00 1.188270084e+00 1.319458897e+00 
1.229050418e+00 1.141941843e+00 1.289108567e+00 
1.045413580e+00 1.087727945e+00 1.125910510e+00 
1.016940347e+00 1.114834894e+00 1.158862296e+00 
1.236078710e+00 1.131099064e+00 1.221297260e+00 
1.036042704e+00 1.109413504e+00 1.163198058e+00 
1.184718114e+00 1.191720059e+00 1.322060354e+00 
1.054063786e+00 1.133563332e+00 1.254249046e+00 
1.197152785e+00 1.160670281e+00 1.284772806e+00 
1.000000000e+00 1.018728438e+00 1.000000000e+00 
1.025409979e+00 1.138984722e+00 1.249913285e+00 
1.076049905e+00 1.091177920e+00 1.158862296e+00 
1.082537559e+00 1.000000000e+00 1.000000000e+00 
1.000000000e+00 1.042878265e+00 1.091050989e+00 
1.082537559e+00 1.022178413e+00 1.163198058e+00 

1.521443590e+00 1.763923115e+00 1.908949011e+00 
1.277257474e+00 1.504189256e+00 1.751300728e+00 
1.325463989e+00 1.463282405e+00 1.758931668e+00 
1.437195993e+00 1.532774766e+00 1.790669442e+00 
1.254010046e+00 1.436175456e+00 1.655913978e+00 
1.294377312e+00 1.341054707e+00 1.625563649e+00 
1.519372947e+00 1.503203549e+00 1.786160250e+00 
1.390160499e+00 1.312469197e+00 1.540756157e+00 
1.222742796e+00 1.413011336e+00 1.602670829e+00 
1.167507989e+00 1.314440611e+00 1.414845647e+00 
1.416291149e+00 1.539674717e+00 1.786160250e+00 
1.281402004e+00 1.421389847e+00 1.690773500e+00 
1.453507037e+00 1.740758995e+00 1.877211238e+00 
1.383132207e+00 1.426811237e+00 1.695282692e+00 
1.427734830e+00 1.407589946e+00 1.660249740e+00 
1.239502570e+00 1.347954657e+00 1.602670829e+00 
1.433591560e+00 1.722523411e+00 1.845473465e+00 
1.627862745e+00 1.738787580e+00 1.877211238e+00 
1.476300329e+00 1.541646131e+00 1.854318418e+00 
1.296630150e+00 1.299162149e+00 1.539021852e+00 
1.271129884e+00 1.413504189e+00 1.624002775e+00 
1.448549388e+00 1.457368162e+00 1.763267430e+00 
1.599025122e+00 1.896500739e+00 2.000000000e+00 
1.326815584e+00 1.555446033e+00 1.781824488e+00 
1.122724793e+00 1.315919172e+00 1.443808533e+00 
1.674536011e+00 1.863972400e+00 2.000000000e+00 
1.415209873e+00 1.606702809e+00 1.781997919e+00 
1.213191888e+00 1.271562346e+00 1.439472771e+00 
1.653451135e+00 1.641202563e+00 1.913458203e+00 
1.442602371e+00 1.293740759e+00 1.534512660e+00 
1.386916672e+00 1.366190241e+00 1.634408602e+00 
1.393404326e+00 1.412025628e+00 1.637356920e+00 
1.776716566e+00 1.827994086e+00 2.000000000e+00 
1.190034206e+00 1.302612124e+00 1.478321193e+00 
1.432600571e+00 1.360768852e+00 1.629899410e+00 
1.333032919e+00 1.390340069e+00 1.634408602e+00 
1.764281895e+00 1.834894036e+00 2.000000000e+00 
1.382771602e+00 1.389847215e+00 1.634408602e+00 
1.633988172e+00 1.710202070e+00 1.913458203e+00 
1.415570478e+00 1.457368162e+00 1.699618453e+00 
1.248963732e+00 1.272055200e+00 1.499653139e+00 
1.579562159e+00 1.762937408e+00 1.940860215e+00 
1.425842598e+00 1.431739773e+00 1.699618453e+00 
1.475489372e+00 1.718087728e+00 1.854318418e+00 
1.099477365e+00 1.202562839e+00 1.380159556e+00 
1.697242801e+00 1.753573189e+00 1.940860215e+00 
1.097134782e+00 1.229669788e+00 1.413111342e+00 
1.341503092e+00 1.330211927e+00 1.569372182e+00 
1.287439307e+00 1.300640710e+00 1.511619840e+00 
1.216886067e+00 1.224248398e+00 1.408602151e+00 
1.194088990e+00 1.278955150e+00 1.476760319e+00 
1.190034206e+00 1.326269098e+00 1.564862990e+00 
1.163903557e+00 1.373583046e+00 1.499653139e+00 
1.305820994e+00 1.261212420e+00 1.447970864e+00 
1.197152785e+00 1.160670281e+00 1.284772806e+00 
1.165435184e+00 1.342040414e+00 1.476760319e+00 
1.462784382e+00 1.568753080e+00 1.845473465e+00 
1.070823559e+00 1.207984229e+00 1.375823795e+00 
1.257884257e+00 1.308526368e+00 1.539021852e+00 
1.016940347e+00 1.114834894e+00 1.158862296e+00 
1.054063786e+00 1.133563332e+00 1.254249046e+00 
1.263651241e+00 1.222276984e+00 1.384495317e+00 
1.236078710e+00 1.131099064e+00 1.221297260e+00 
1.036042704e+00 1.109413504e+00 1.163198058e+00 
1.025409979e+00 1.138984722e+00 1.249913285e+00 
1.229050418e+00 1.141941843e+00 1.289108567e+00 
1.045413580e+00 1.111877772e+00 1.216961498e+00 
1.070823559e+00 1.183834401e+00 1.284772806e+00 
1.258785500e+00 1.269098078e+00 1.414845647e+00 
1.099477365e+00 1.178413011e+00 1.289108567e+00 
1.061452683e+00 1.205519961e+00 1.322060354e+00 
1.000000000e+00 1.042878265e+00 1.091050989e+00 
1.224184678e+00 1.188270084e+00 1.319458897e+00 
1.045413580e+00 1.087727945e+00 1.125910510e+00 
1.082537559e+00 1.022178413e+00 1.163198058e+00 
1.082537559e+00 1.000000000e+00 1.000000000e+00 
1.000000000e+00 1.018728438e+00 1.000000000e+00 
1.184718114e+00 1.191720059e+00 1.322060354e+00 
1.076049905e+00 1.091177920e+00 1.158862296e+00 

1.288430296e+00 1.418432725e+00 1.625563649e+00 
1.323842075e+00 1.330211927e+00 1.569372182e+00 
1.662641978e+00 1.876293741e+00 1.940860215e+00 
1.503153811e+00 1.518974864e+00 1.790669442e+00 
1.265453187e+00 1.310004929e+00 1.532084634e+00 
1.682823989e+00 1.911779202e+00 2.000000000e+00 
1.632544669e+00 1.671266634e+00 1.904613250e+00 
1.519372947e+00 1.514046328e+00 1.849809227e+00 
1.254010046e+00 1.436175456e+00 1.655913978e+00 
1.584790127e+00 1.505667817e+00 1.790669442e+00 
1.386916672e+00 1.366190241e+00 1.634408602e+00 
1.222742796e+00 1.413011336e+00 1.602670829e+00 
1.376103915e+00 1.411039921e+00 1.664758932e+00 
1.425842598e+00 1.431739773e+00 1.699618453e+00 
1.265002836e+00 1.432232627e+00 1.660249740e+00 
1.356010028e+00 1.450468211e+00 1.786160250e+00 
1.373400726e+00 1.390340069e+00 1.634408602e+00 
1.702649180e+00 1.827501232e+00 2.000000000e+00 
1.294377312e+00 1.341054707e+00 1.625563649e+00 
1.213191888e+00 1.271562346e+00 1.439472771e+00 
1.120382209e+00 1.343026121e+00 1.476760319e+00 
1.299423626e+00 1.505174963e+00 1.781824488e+00 
1.277257474e+00 1.504189256e+00 1.751300728e+00 
1.412867289e+00 1.437654017e+00 1.695282692e+00 
1.165435184e+00 1.342040414e+00 1.476760319e+00 
1.358262866e+00 1.317397733e+00 1.536420395e+00 
1.427914863e+00 1.652045343e+00 1.849809227e+00 
1.455756090e+00 1.594381469e+00 1.854318418e+00 
1.470082993e+00 1.798915722e+00 1.936351023e+00 
1.277887858e+00 1.431246920e+00 1.607006590e+00 
1.396017229e+00 1.631838344e+00 1.814949705e+00 
1.248963732e+00 1.272055200e+00 1.499653139e+00 
1.599836079e+00 1.939871858e+00 1.940860215e+00 
1.342314049e+00 1.293740759e+00 1.534512660e+00 
1.466931075e+00 1.417939872e+00 1.699618453e+00 
1.281402004e+00 1.421389847e+00 1.690773500e+00 
1.190034206e+00 1.326269098e+00 1.564862990e+00 
1.300864967e+00 1.405125678e+00 1.660249740e+00 
1.390160499e+00 1.312469197e+00 1.540756157e+00 
1.292485080e+00 1.322819123e+00 1.539021852e+00 
1.639302642e+00 1.763430261e+00 1.936351023e+00 
1.263651241e+00 1.222276984e+00 1.384495317e+00 
1.672373460e+00 1.829965500e+00 1.940860215e+00 
1.257524192e+00 1.411532775e+00 1.602670829e+00 
1.655073048e+00 1.726466240e+00 1.936351023e+00 
1.327085902e+00 1.403154263e+00 1.634408602e+00 
1.299873977e+00 1.322326269e+00 1.539021852e+00 
1.353397125e+00 1.389847215e+00 1.628511967e+00 
1.070823559e+00 1.207984229e+00 1.375823795e+00 
1.334474800e+00 1.402661410e+00 1.634408602e+00 
1.099477365e+00 1.178413011e+00 1.289108567e+00 
1.397368824e+00 1.432725481e+00 1.692160943e+00 
1.772299554e+00 1.798915722e+00 2.000000000e+00 
1.749684673e+00 1.727944800e+00 1.940860215e+00 
1.479544156e+00 1.567274519e+00 1.790669442e+00 
1.194088990e+00 1.278955150e+00 1.476760319e+00 
1.258785500e+00 1.269098078e+00 1.414845647e+00 
1.327446508e+00 1.321340562e+00 1.537460978e+00 
1.061452683e+00 1.205519961e+00 1.322060354e+00 
1.216886067e+00 1.224248398e+00 1.408602151e+00 
1.099477365e+00 1.202562839e+00 1.380159556e+00 
1.713461937e+00 1.801872844e+00 2.000000000e+00 
1.366011828e+00 1.393790044e+00 1.633021159e+00 
1.719046726e+00 1.787580089e+00 1.940860215e+00 
1.537213996e+00 1.698373583e+00 1.877211238e+00 
1.691836422e+00 1.611138492e+00 1.877211238e+00 
1.070823559e+00 1.183834401e+00 1.284772806e+00 
1.036042704e+00 1.109413504e+00 1.163198058e+00 
1.054063786e+00 1.133563332e+00 1.254249046e+00 
1.025409979e+00 1.138984722e+00 1.249913285e+00 
1.139124502e+00 1.320354855e+00 1.439472771e+00 
1.224184678e+00 1.188270084e+00 1.319458897e+00 
1.236078710e+00 1.131099064e+00 1.221297260e+00 
1.197152785e+00 1.160670281e+00 1.284772806e+00 
1.045413580e+00 1.111877772e+00 1.216961498e+00 
1.097134782e+00 1.229669788e+00 1.413111342e+00 
1.229050418e+00 1.141941843e+00 1.289108567e+00 
1.016940347e+00 1.114834894e+00 1.158862296e+00 
1.045413580e+00 1.087727945e+00 1.125910510e+00 
1.305820994e+00 1.261212420e+00 1.447970864e+00 
1.000000000e+00 1.018728438e+00 1.000000000e+00 
1.184718114e+00 1.191720059e+00 1.322060354e+00 
1.082537559e+00 1.000000000e+00 1.000000000e+00 
1.076049905e+00 1.091177920e+00 1.158862296e+00 
1.082537559e+00 1.022178413e+00 1.163198058e+00 
1.000000000e+00 1.042878265e+00 1.091050989e+00 
