1.442771084e+00 1.698331194e+00 1.826488233e+00 
1.571110529e+00 1.807445443e+00 2.000000000e+00 
1.548192771e+00 1.274711168e+00 1.619750808e+00 
1.504976427e+00 1.468549422e+00 1.849100138e+00 
1.516762703e+00 1.275994865e+00 1.675588371e+00 
1.268596124e+00 1.374839538e+00 1.597138902e+00 
1.376636983e+00 1.359435173e+00 1.675588371e+00 
1.290204295e+00 1.310654685e+00 1.619750808e+00 
1.356338397e+00 1.649550706e+00 1.770650669e+00 
1.015845993e+00 1.060333761e+00 1.150899862e+00 
1.125196438e+00 1.037227214e+00 1.173511767e+00 
1.125196438e+00 1.000000000e+00 1.000000000e+00 
1.202462022e+00 1.035943517e+00 1.446239040e+00 
1.777370351e+00 1.649550706e+00 2.000000000e+00 
1.000000000e+00 1.028241335e+00 1.000000000e+00 

