778.333 983 3122
754.333 1022 3122
493 526 1541
538.333 749 2455
454.333 712 1752
365.333 601 1617
619 660 1752
308 447 0
317.333 416 0
317.333 453 914
350 378 838
350 347 0


778.333 983 3122
619 660 1752
754.333 1022 3122
538.333 749 2455
454.333 712 1752
493 526 1541
350 347 0
365.333 601 1617
317.333 453 914
317.333 416 0
350 378 838
308 447 0


778.333 983 3122
754.333 1022 3122
619 660 1752
538.333 749 2455
454.333 712 1752
365.333 601 1617
317.333 416 0
350 347 0
350 378 838
308 447 0
317.333 453 914
493 526 1541


754.333 1022 3122
829.333 1002 3122
454.333 712 1752
493 526 1541
538.333 749 2455
308 447 0
317.333 416 0
350 347 0
365.333 601 1617
619 660 1752
317.333 453 914
350 378 838


778.333 983 3122
754.333 1022 3122
454.333 712 1752
619 660 1752
308 447 0
365.333 601 1617
538.333 749 2455
317.333 416 0
350 347 0
350 378 838
493 526 1541
317.333 453 914


754.333 1022 3122
538.333 749 2455
778.333 983 3122
493 526 1541
454.333 712 1752
350 378 838
365.333 601 1617
308 447 0
317.333 416 0
350 347 0
317.333 453 914
619 660 1752


829.333 1002 3122
754.333 1022 3122
493 526 1541
538.333 749 2455
454.333 712 1752
350 378 838
350 347 0
317.333 453 914
317.333 416 0
365.333 601 1617
619 660 1752
308 447 0


754.333 1022 3122
829.333 1002 3122
538.333 749 2455
454.333 712 1752
619 660 1752
317.333 416 0
365.333 601 1617
317.333 453 914
350 378 838
493 526 1541
308 447 0
350 347 0


754.333 1022 3122
538.333 749 2455
778.333 983 3122
493 526 1541
619 660 1752
454.333 712 1752
365.333 601 1617
350 378 838
308 447 0
317.333 416 0
350 347 0
317.333 453 914


778.333 983 3122
754.333 1022 3122
493 526 1541
365.333 601 1617
538.333 749 2455
619 660 1752
454.333 712 1752
317.333 416 0
317.333 453 914
308 447 0
350 378 838
350 347 0


754.333 1022 3122
538.333 749 2455
778.333 983 3122
619 660 1752
365.333 601 1617
493 526 1541
454.333 712 1752
317.333 453 914
317.333 416 0
350 347 0
308 447 0
350 378 838


754.333 1022 3122
538.333 749 2455
778.333 983 3122
837.333 963 3122
493 526 1541
365.333 601 1617
308 447 0
350 378 838
619 660 1752
317.333 453 914
454.333 712 1752
317.333 416 0
350 347 0


778.333 983 3122
754.333 1022 3122
538.333 749 2455
619 660 1752
317.333 453 914
493 526 1541
454.333 712 1752
308 447 0
350 347 0
317.333 416 0
350 378 838
365.333 601 1617


619 660 1752
829.333 1002 3122
754.333 1022 3122
454.333 712 1752
538.333 749 2455
365.333 601 1617
317.333 416 0
493 526 1541
308 447 0
317.333 453 914
350 347 0
350 378 838


538.333 749 2455
778.333 983 3122
754.333 1022 3122
493 526 1541
317.333 453 914
317.333 416 0
454.333 712 1752
619 660 1752
365.333 601 1617
350 347 0
308 447 0
350 378 838


778.333 983 3122
754.333 1022 3122
454.333 712 1752
538.333 749 2455
365.333 601 1617
350 347 0
317.333 453 914
317.333 416 0
619 660 1752
308 447 0
350 378 838
493 526 1541


778.333 983 3122
754.333 1022 3122
837.333 963 3122
538.333 749 2455
365.333 601 1617
493 526 1541
454.333 712 1752
350 347 0
308 447 0
317.333 416 0
619 660 1752
350 378 838
317.333 453 914


778.333 983 3122
754.333 1022 3122
538.333 749 2455
493 526 1541
454.333 712 1752
619 660 1752
317.333 453 914
365.333 601 1617
350 347 0
350 378 838
308 447 0
317.333 416 0


754.333 1022 3122
538.333 749 2455
778.333 983 3122
365.333 601 1617
454.333 712 1752
317.333 453 914
317.333 416 0
493 526 1541
308 447 0
350 378 838
350 347 0
619 660 1752


778.333 983 3122
754.333 1022 3122
365.333 601 1617
538.333 749 2455
350 347 0
493 526 1541
350 378 838
317.333 416 0
308 447 0
454.333 712 1752
619 660 1752
317.333 453 914


