496 527 1291
280 415 0
331 302 0
402 292 926
280 464 618
402 245 0
477 595 1855
457 668 1547
331 345 929
765 550 2220
540 445 1855
713 666 2528
606 816 2217
595 946 2528
537 532 1544
753 595 2217
675 685 2473
666 768 2473
681 1119 3146
812 957 3146
875 839 3146
891 748 3146


331 345 929
280 415 0
402 245 0
477 595 1855
457 668 1547
280 464 618
496 527 1291
331 302 0
753 595 2217
402 292 926
606 816 2217
537 532 1544
765 550 2220
666 768 2473
540 445 1855
595 946 2528
675 685 2473
713 666 2528
875 839 3146
891 748 3146
681 1119 3146
812 957 3146


402 245 0
331 345 929
477 595 1855
331 302 0
280 464 618
280 415 0
540 445 1855
496 527 1291
606 816 2217
595 946 2528
402 292 926
753 595 2217
713 666 2528
457 668 1547
675 685 2473
765 550 2220
537 532 1544
666 768 2473
891 748 3146
812 957 3146
875 839 3146
681 1119 3146


331 302 0
496 527 1291
402 292 926
280 415 0
280 464 618
402 245 0
331 345 929
753 595 2217
477 595 1855
765 550 2220
457 668 1547
537 532 1544
595 946 2528
540 445 1855
606 816 2217
675 685 2473
891 748 3146
713 666 2528
666 768 2473
812 957 3146
875 839 3146
681 1119 3146


331 345 929
331 302 0
537 532 1544
280 415 0
666 768 2473
675 685 2473
402 245 0
402 292 926
477 595 1855
595 946 2528
280 464 618
496 527 1291
713 666 2528
540 445 1855
765 550 2220
457 668 1547
753 595 2217
681 1119 3146
875 839 3146
606 816 2217
891 748 3146
812 957 3146


537 532 1544
496 527 1291
280 464 618
402 245 0
331 302 0
331 345 929
753 595 2217
595 946 2528
402 292 926
477 595 1855
457 668 1547
540 445 1855
280 415 0
713 666 2528
606 816 2217
765 550 2220
891 748 3146
675 685 2473
812 957 3146
681 1119 3146
666 768 2473
875 839 3146


402 292 926
280 415 0
331 345 929
331 302 0
280 464 618
477 595 1855
402 245 0
540 445 1855
457 668 1547
713 666 2528
595 946 2528
537 532 1544
666 768 2473
675 685 2473
681 1119 3146
765 550 2220
753 595 2217
496 527 1291
891 748 3146
606 816 2217
812 957 3146
875 839 3146


280 464 618
331 345 929
537 532 1544
402 292 926
280 415 0
331 302 0
402 245 0
666 768 2473
457 668 1547
540 445 1855
753 595 2217
477 595 1855
496 527 1291
595 946 2528
675 685 2473
765 550 2220
606 816 2217
891 748 3146
875 839 3146
812 957 3146
713 666 2528
681 1119 3146


280 464 618
331 345 929
402 292 926
477 595 1855
537 532 1544
280 415 0
402 245 0
331 302 0
540 445 1855
496 527 1291
457 668 1547
713 666 2528
753 595 2217
675 685 2473
595 946 2528
765 550 2220
812 957 3146
606 816 2217
666 768 2473
681 1119 3146
891 748 3146
875 839 3146


280 464 618
331 302 0
765 550 2220
402 245 0
402 292 926
331 345 929
496 527 1291
280 415 0
477 595 1855
675 685 2473
457 668 1547
537 532 1544
540 445 1855
606 816 2217
595 946 2528
666 768 2473
891 748 3146
713 666 2528
753 595 2217
875 839 3146
812 957 3146
681 1119 3146


280 464 618
713 666 2528
402 245 0
280 415 0
331 345 929
331 302 0
402 292 926
457 668 1547
537 532 1544
496 527 1291
540 445 1855
606 816 2217
595 946 2528
477 595 1855
765 550 2220
681 1119 3146
675 685 2473
753 595 2217
666 768 2473
891 748 3146
812 957 3146
875 839 3146


280 464 618
402 292 926
331 302 0
280 415 0
402 245 0
540 445 1855
457 668 1547
496 527 1291
753 595 2217
331 345 929
537 532 1544
595 946 2528
606 816 2217
477 595 1855
765 550 2220
675 685 2473
713 666 2528
681 1119 3146
875 839 3146
812 957 3146
666 768 2473
891 748 3146


331 302 0
402 245 0
402 292 926
666 768 2473
280 464 618
280 415 0
457 668 1547
537 532 1544
331 345 929
496 527 1291
540 445 1855
765 550 2220
477 595 1855
753 595 2217
595 946 2528
675 685 2473
713 666 2528
812 957 3146
891 748 3146
606 816 2217
875 839 3146
681 1119 3146


280 415 0
280 464 618
402 245 0
402 292 926
540 445 1855
477 595 1855
331 345 929
331 302 0
713 666 2528
496 527 1291
457 668 1547
537 532 1544
765 550 2220
675 685 2473
753 595 2217
595 946 2528
812 957 3146
606 816 2217
891 748 3146
666 768 2473
875 839 3146
681 1119 3146


331 345 929
331 302 0
402 245 0
477 595 1855
402 292 926
606 816 2217
280 415 0
537 532 1544
280 464 618
496 527 1291
713 666 2528
540 445 1855
595 946 2528
457 668 1547
666 768 2473
675 685 2473
753 595 2217
812 957 3146
765 550 2220
875 839 3146
681 1119 3146
891 748 3146


537 532 1544
280 464 618
402 245 0
402 292 926
331 345 929
280 415 0
331 302 0
540 445 1855
496 527 1291
477 595 1855
457 668 1547
606 816 2217
595 946 2528
875 839 3146
753 595 2217
765 550 2220
681 1119 3146
675 685 2473
666 768 2473
891 748 3146
713 666 2528
812 957 3146


331 302 0
402 292 926
280 415 0
331 345 929
402 245 0
537 532 1544
280 464 618
606 816 2217
540 445 1855
477 595 1855
496 527 1291
753 595 2217
457 668 1547
681 1119 3146
713 666 2528
765 550 2220
595 946 2528
675 685 2473
891 748 3146
875 839 3146
666 768 2473
812 957 3146


402 245 0
402 292 926
280 415 0
331 345 929
331 302 0
606 816 2217
477 595 1855
540 445 1855
537 532 1544
457 668 1547
675 685 2473
280 464 618
496 527 1291
753 595 2217
765 550 2220
875 839 3146
891 748 3146
812 957 3146
666 768 2473
595 946 2528
713 666 2528
681 1119 3146


280 415 0
280 464 618
402 292 926
666 768 2473
331 345 929
402 245 0
331 302 0
477 595 1855
457 668 1547
496 527 1291
753 595 2217
537 532 1544
540 445 1855
675 685 2473
765 550 2220
595 946 2528
713 666 2528
875 839 3146
606 816 2217
891 748 3146
812 957 3146
681 1119 3146


496 527 1291
280 415 0
402 292 926
280 464 618
402 245 0
540 445 1855
331 345 929
595 946 2528
753 595 2217
331 302 0
477 595 1855
765 550 2220
457 668 1547
537 532 1544
675 685 2473
713 666 2528
681 1119 3146
666 768 2473
606 816 2217
891 748 3146
875 839 3146
812 957 3146


