366.667 528 1413
327 299 0
245 334 473
310 360 940
327 320 509
567 743 1573
520.667 770 2004
245 300 0
621 452 1531
475 582 1449
691 587 2040
530 424 1449
509.5 736 1531
667 765 2040
598 670 1531
488 483 1100
658 652 1573
779.667 846 2513
618.667 683 1922
723.667 933 2513
531.667 750 1922
770 847 2513
685.667 992 2513
956 843 2513


327 320 509
327 299 0
245 334 473
310 360 940
366.667 528 1413
488 483 1100
475 582 1449
245 300 0
658 652 1573
520.667 770 2004
621 452 1531
509.5 736 1531
530 424 1449
598 670 1531
691 587 2040
779.667 846 2513
618.667 683 1922
531.667 750 1922
667 765 2040
567 743 1573
770 847 2513
956 843 2513
685.667 992 2513
723.667 933 2513


658 652 1573
621 452 1531
327 320 509
488 483 1100
245 300 0
310 360 940
327 299 0
245 334 473
366.667 528 1413
530 424 1449
520.667 770 2004
667 765 2040
475 582 1449
598 670 1531
691 587 2040
685.667 992 2513
618.667 683 1922
567 743 1573
531.667 750 1922
779.667 846 2513
509.5 736 1531
723.667 933 2513
770 847 2513
956 843 2513


245 334 473
245 300 0
327 299 0
310 360 940
530 424 1449
327 320 509
598 670 1531
667 765 2040
509.5 736 1531
366.667 528 1413
475 582 1449
488 483 1100
956 843 2513
621 452 1531
658 652 1573
691 587 2040
531.667 750 1922
567 743 1573
779.667 846 2513
618.667 683 1922
723.667 933 2513
770 847 2513
520.667 770 2004
685.667 992 2513


327 299 0
327 320 509
509.5 736 1531
366.667 528 1413
310 360 940
245 300 0
531.667 750 1922
245 334 473
488 483 1100
567 743 1573
475 582 1449
621 452 1531
598 670 1531
658 652 1573
530 424 1449
770 847 2513
618.667 683 1922
667 765 2040
691 587 2040
779.667 846 2513
956 843 2513
723.667 933 2513
520.667 770 2004
685.667 992 2513


658 652 1573
598 670 1531
509.5 736 1531
245 334 473
327 320 509
327 299 0
310 360 940
245 300 0
366.667 528 1413
488 483 1100
667 765 2040
621 452 1531
530 424 1449
475 582 1449
618.667 683 1922
691 587 2040
567 743 1573
520.667 770 2004
531.667 750 1922
685.667 992 2513
723.667 933 2513
779.667 846 2513
770 847 2513
956 843 2513


245 334 473
310 360 940
327 320 509
327 299 0
667 765 2040
245 300 0
621 452 1531
618.667 683 1922
475 582 1449
530 424 1449
531.667 750 1922
598 670 1531
509.5 736 1531
488 483 1100
366.667 528 1413
520.667 770 2004
691 587 2040
567 743 1573
658 652 1573
770 847 2513
956 843 2513
723.667 933 2513
685.667 992 2513
779.667 846 2513


327 320 509
327 299 0
245 300 0
621 452 1531
488 483 1100
245 334 473
310 360 940
691 587 2040
475 582 1449
530 424 1449
531.667 750 1922
598 670 1531
366.667 528 1413
658 652 1573
956 843 2513
509.5 736 1531
667 765 2040
779.667 846 2513
685.667 992 2513
520.667 770 2004
618.667 683 1922
567 743 1573
770 847 2513
723.667 933 2513


327 299 0
245 334 473
245 300 0
667 765 2040
366.667 528 1413
310 360 940
488 483 1100
658 652 1573
691 587 2040
327 320 509
621 452 1531
475 582 1449
598 670 1531
567 743 1573
618.667 683 1922
531.667 750 1922
530 424 1449
520.667 770 2004
509.5 736 1531
956 843 2513
685.667 992 2513
770 847 2513
779.667 846 2513
723.667 933 2513


245 334 473
530 424 1449
245 300 0
598 670 1531
310 360 940
327 299 0
621 452 1531
475 582 1449
327 320 509
488 483 1100
366.667 528 1413
658 652 1573
667 765 2040
618.667 683 1922
691 587 2040
531.667 750 1922
567 743 1573
779.667 846 2513
956 843 2513
520.667 770 2004
723.667 933 2513
509.5 736 1531
685.667 992 2513
770 847 2513


327 320 509
475 582 1449
327 299 0
245 300 0
245 334 473
488 483 1100
310 360 940
598 670 1531
621 452 1531
691 587 2040
530 424 1449
520.667 770 2004
366.667 528 1413
667 765 2040
658 652 1573
531.667 750 1922
567 743 1573
779.667 846 2513
509.5 736 1531
770 847 2513
685.667 992 2513
956 843 2513
723.667 933 2513
618.667 683 1922


327 320 509
327 299 0
245 300 0
245 334 473
310 360 940
475 582 1449
621 452 1531
488 483 1100
366.667 528 1413
530 424 1449
667 765 2040
598 670 1531
691 587 2040
531.667 750 1922
658 652 1573
618.667 683 1922
779.667 846 2513
520.667 770 2004
723.667 933 2513
956 843 2513
770 847 2513
567 743 1573
509.5 736 1531
685.667 992 2513


327 320 509
327 299 0
245 334 473
475 582 1449
488 483 1100
667 765 2040
520.667 770 2004
310 360 940
245 300 0
618.667 683 1922
621 452 1531
509.5 736 1531
567 743 1573
366.667 528 1413
658 652 1573
598 670 1531
691 587 2040
530 424 1449
685.667 992 2513
723.667 933 2513
770 847 2513
531.667 750 1922
779.667 846 2513
956 843 2513


245 300 0
327 299 0
598 670 1531
327 320 509
310 360 940
245 334 473
366.667 528 1413
567 743 1573
520.667 770 2004
667 765 2040
488 483 1100
621 452 1531
530 424 1449
723.667 933 2513
691 587 2040
685.667 992 2513
475 582 1449
770 847 2513
658 652 1573
779.667 846 2513
509.5 736 1531
531.667 750 1922
956 843 2513
618.667 683 1922


310 360 940
327 299 0
327 320 509
245 300 0
366.667 528 1413
598 670 1531
245 334 473
530 424 1449
621 452 1531
488 483 1100
567 743 1573
475 582 1449
531.667 750 1922
520.667 770 2004
667 765 2040
691 587 2040
658 652 1573
618.667 683 1922
779.667 846 2513
509.5 736 1531
956 843 2513
770 847 2513
723.667 933 2513
685.667 992 2513


245 300 0
327 299 0
245 334 473
310 360 940
327 320 509
598 670 1531
621 452 1531
530 424 1449
488 483 1100
658 652 1573
366.667 528 1413
475 582 1449
531.667 750 1922
691 587 2040
667 765 2040
520.667 770 2004
509.5 736 1531
618.667 683 1922
779.667 846 2513
685.667 992 2513
567 743 1573
723.667 933 2513
770 847 2513
956 843 2513


310 360 940
245 300 0
567 743 1573
245 334 473
327 320 509
488 483 1100
530 424 1449
598 670 1531
475 582 1449
327 299 0
621 452 1531
667 765 2040
658 652 1573
366.667 528 1413
691 587 2040
618.667 683 1922
531.667 750 1922
956 843 2513
685.667 992 2513
520.667 770 2004
509.5 736 1531
770 847 2513
779.667 846 2513
723.667 933 2513


245 334 473
327 299 0
598 670 1531
310 360 940
327 320 509
245 300 0
366.667 528 1413
475 582 1449
531.667 750 1922
530 424 1449
621 452 1531
667 765 2040
567 743 1573
488 483 1100
509.5 736 1531
685.667 992 2513
520.667 770 2004
691 587 2040
956 843 2513
658 652 1573
779.667 846 2513
618.667 683 1922
723.667 933 2513
770 847 2513


245 300 0
327 320 509
475 582 1449
327 299 0
530 424 1449
509.5 736 1531
691 587 2040
245 334 473
310 360 940
598 670 1531
618.667 683 1922
658 652 1573
567 743 1573
520.667 770 2004
779.667 846 2513
621 452 1531
488 483 1100
366.667 528 1413
667 765 2040
531.667 750 1922
770 847 2513
685.667 992 2513
723.667 933 2513
956 843 2513


327 320 509
245 300 0
327 299 0
310 360 940
245 334 473
531.667 750 1922
530 424 1449
621 452 1531
366.667 528 1413
488 483 1100
598 670 1531
667 765 2040
475 582 1449
658 652 1573
691 587 2040
520.667 770 2004
509.5 736 1531
567 743 1573
770 847 2513
956 843 2513
723.667 933 2513
685.667 992 2513
779.667 846 2513
618.667 683 1922


