1341 1057 3609
822.667 1002 3214
1142 1453 3947
1032.67 922 3118
1692 1203 3947
926 1302 3609
1015.33 898 2955
1489 1271 3947
1029 1191 3456
1202 1200 3609
703.667 1128 3214
1305 1115 3609
711.667 1125 3061
1179.67 1171 3552
1000 1566 3947
697.667 1265 3004
548.667 951 2492
1279.67 1108 3456
1015.67 943 3214
844.667 1476 3342
880 1320 3609
873.667 972 2830
1102.67 1187 3552
392.667 735 1742
1165 879 3118
755.667 491 2126
885.667 743 2464
1163.67 1173 3552
1163.67 891 2859
800.667 1017 3214
932 1250 3552
1020 1209 3609
866 993 3118
837.667 771 2617
1073 1513 3947
1057 938 3214
1168 1423 3947
593 885 2492
853 1355 3609
882 1302 3552
1056 939 3214
893 958 3118
1168.67 1155 3456
563.667 906 2723
1006 1215 3609
902.667 701 2723
735 1091 3214
1135 912 3118
748 1062 3214
1010 1195 3552
644.667 830 2617
1180.67 1136 3456
1221 1376 3947
383.333 772 1859
535 900 2339
872 757 2723
1028 1534 3947
1154 1434 3947
1296 1316 3947
1190.67 1140 3552
480.333 690 2012
579.667 895 2339
1237 1363 3947
1041 1172 3456
755 1051 3061
481.333 1003 2456
379.667 810 1734
422.333 713 2118
431.667 676 2001
977.667 1698 3947
963 1223 3552
784.667 746 2521
490.667 966 2339
682.667 780 2723
998 998 3214
658.667 811 2492
1013 956 3118
608 840 2723
476 610 2001
526.667 593 2126
1203 902 3214
238.333 437 1521
679.667 570 2126
247.667 400 1404
181.667 210 0
181.667 244 799


776.333 1460 3609
1157 875 3118
850.667 1003 2955
1136.33 1145 3456
1315 1076 3609
873.667 728 2617
1278 1121 3609
1162.33 1108 3552
548.667 951 2492
392.667 735 1742
906.667 963 2955
1006 1215 3609
1230.67 1104 3552
784.667 746 2521
1219 1182 3609
1127.67 1204 3552
1114.33 1182 3456
1342 1062 3552
1013 956 3118
590.333 946 2521
1346.67 1043 3456
735 1091 3214
650.333 1255 3012
853 1355 3609
703.667 1128 3214
921.333 1337 3456
1020.33 1206 3552
931.333 1299 3609
724 1078 3061
593 885 2492
939 1273 3609
821.333 1439 3609
579.667 1001 2609
1201.67 1098 3350
570.333 932 2456
894.333 1350 3609
755 1051 3061
383.333 772 1859
928.667 952 2859
748 1062 3214
422.333 713 2118
835.667 757 2723
1098.67 912 3118
657.333 1252 3004
604.333 925 2521
682.667 780 2723
1305 1115 3609
592.667 972 2609
1015.67 943 3214
1020.67 938 3214
1300.67 1430 3947
526.667 593 2126
431.667 676 2001
665 834 2396
850.333 1004 3214
876.333 985 3214
1128.67 879 3118
490.667 966 2339
755.667 491 2126
480.333 690 2012
379.667 810 1734
679.667 570 2126
476 610 2001
1061.67 934 3061
481.333 1003 2456
1072.67 903 3061
608 840 2723
1219.67 1173 3609
902.667 701 2723
247.667 400 1404
238.333 437 1521
181.667 210 0
181.667 244 799


1172.67 1204 3456
979.333 1280 3552
579.667 895 2339
1157 875 3118
864 1300 3552
1184 1201 3609
1032.67 961 2955
953.667 1009 2955
901.667 742 2513
894.667 1339 3609
1135.67 861 2955
840.667 1468 3342
1019 968 3061
977 1023 3061
593 885 2492
1019.67 1284 3609
1211.67 1149 3609
1383 1043 3456
873.667 972 2830
755 1051 3061
784.667 746 2521
851.667 1347 3552
998 998 3214
926 1302 3609
548.667 951 2492
392.667 735 1742
835.667 757 2723
608 840 2723
994 1002 3214
1081.67 1269 3609
1295.67 1107 3350
1125 1261 3609
993 1003 3214
997 1224 3552
790 1044 2830
480.333 690 2012
885.667 743 2464
1052 943 3214
1262 1123 3552
682.667 780 2723
873 1040 3214
710.667 1117 3061
887.667 1026 3214
703.667 1128 3214
644.667 830 2617
545.333 1026 2407
790.667 1041 3214
848.667 1024 3118
1079 1213 3552
674.667 1267 2887
1011.67 985 3061
431.667 676 2001
658.667 811 2492
1012 979 3214
1311 1115 3456
902.667 701 2723
1128 925 3118
928.667 952 2859
724 1078 3061
535 900 2339
563.667 906 2723
422.333 713 2118
1057 938 3214
1403 1099 3609
1098 934 3061
755.667 491 2126
383.333 772 1859
526.667 593 2126
1135 912 3118
476 610 2001
238.333 437 1521
998 991 3061
679.667 570 2126
1109 903 3061
181.667 244 799
247.667 400 1404
379.667 810 1734
181.667 210 0


1042.33 1569 3947
579.667 895 2339
902.333 1731 3947
1216 1194 3609
784.667 746 2521
902.667 701 2723
694.333 1203 3118
1319 1071 3552
821.333 1439 3609
1111.33 1555 3947
1015.67 943 3214
680.667 1209 2887
563.667 906 2723
967.667 898 3118
754.333 1512 3609
696.667 1170 2830
957.333 1280 3609
851.667 1347 3552
671.333 1246 3004
1248 1154 3609
800.667 1017 3214
837.667 771 2617
658.667 811 2492
822.667 1002 3214
1531 1286 3947
872 757 2723
894.333 1350 3609
593 885 2492
1190 1213 3609
1149.67 1159 3552
608 840 2723
703.667 1128 3214
682.667 780 2723
864.333 1377 3609
392.667 735 1742
687.333 1207 2947
1057 938 3214
1342 1062 3552
480.333 690 2012
1320.33 1352 3947
1203 1150 3552
1206.33 1454 3947
539.333 988 2609
840.333 1396 3342
717.667 1101 2830
948.333 991 2955
383.333 772 1859
1056 939 3214
924.333 1679 3947
548.667 951 2492
490.667 966 2339
909.333 1294 3552
1133.33 1503 3947
991.333 1621 3947
928.667 952 2859
1458 982 3350
1271 1100 3552
977.333 1253 3552
476 610 2001
1203 902 3214
873.667 728 2617
1006 1215 3609
679.667 570 2126
1172 861 2955
776.333 1460 3609
379.667 810 1734
1237 845 2859
526.667 593 2126
431.667 676 2001
1074.33 1196 3552
247.667 400 1404
751.333 1093 3061
481.333 1003 2456
238.333 437 1521
755.667 491 2126
762.333 1092 3214
422.333 713 2118
181.667 210 0
181.667 244 799


1152.67 1191 3552
1282.67 1115 3342
878.667 991 3118
851.667 1347 3552
671.333 1246 3004
1179.67 1194 3609
593 885 2492
967.667 898 3118
535 900 2339
822.667 1002 3214
1180.67 1164 3552
1295.67 1107 3350
1278 1121 3609
392.667 735 1742
741.667 1070 3061
881.667 1368 3609
680.667 1209 2887
1311 1115 3456
784.667 746 2521
1028.67 1336 3609
928.667 952 2859
808.667 1421 3609
644.667 830 2617
642.667 831 2464
809 1040 2734
829.667 991 3061
608 840 2723
383.333 772 1859
548.667 951 2492
1057 938 3214
703.667 1128 3214
710.667 1117 3061
1190.67 1140 3552
790.667 1041 3214
993.667 958 3214
579.667 895 2339
894.667 1339 3609
835.667 757 2723
1010 1199 3456
1135.67 861 2955
422.333 713 2118
545.333 1026 2407
476 610 2001
1019.67 939 3214
932 1250 3552
914.667 724 2464
864 1300 3552
682.667 780 2723
997 1224 3552
961.667 998 3214
563.667 906 2723
939 701 2723
238.333 437 1521
690.667 1157 3214
748 1062 3214
526.667 593 2126
679.667 570 2126
480.333 690 2012
724 1078 3061
247.667 400 1404
873.667 728 2617
181.667 210 0
431.667 676 2001
755.667 491 2126
181.667 244 799
379.667 810 1734


1246 1162 3609
1037.67 1163 3552
642.667 831 2464
872 757 2723
807.667 1496 3609
1165.67 1200 3609
1370.67 1256 3947
658.667 811 2492
851.667 1347 3552
710.667 1117 3061
937.667 723 2521
1383 1043 3456
1192.67 1429 3947
917.667 1319 3609
1216.67 1393 3947
1280.67 1346 3947
908.667 1295 3552
579.667 895 2339
1043.67 944 2955
814.667 1434 3225
1097.67 1519 3947
951.667 1279 3350
983.667 1600 3947
1364 1047 3552
1099.67 1506 3947
1203 902 3214
790.667 1041 3214
383.333 772 1859
835.667 1386 3609
873.667 728 2617
1267 1104 3552
954.667 1260 3609
894.667 1339 3609
855.667 1377 3609
918.667 1289 3552
535 900 2339
480.333 690 2012
1084.67 1135 3552
949.667 1284 3609
1013.67 1213 3609
906.667 963 2955
703.667 1128 3214
1057 938 3214
866 993 3118
1056 976 3214
1109 903 3061
526.667 593 2126
422.333 713 2118
822.667 1002 3214
666.667 1215 2887
608 840 2723
644.667 830 2617
682.667 780 2723
1013 956 3118
1098 934 3061
1278 1121 3609
690.667 1157 3214
545.333 1026 2407
563.667 906 2723
1135 912 3118
1237.67 1112 3552
379.667 810 1734
975.667 979 3214
1245 898 3118
431.667 676 2001
1523.67 1233 3947
476 610 2001
837.667 771 2617
1128 925 3118
939 701 2723
392.667 735 1742
755.667 491 2126
679.667 570 2126
181.667 244 799
238.333 437 1521
1166.67 1190 3609
181.667 210 0
247.667 400 1404


851.667 1347 3552
963 1223 3552
696.667 1170 2830
1123.67 1237 3609
570.333 932 2456
658.667 811 2492
1194.67 1159 3552
481.333 1003 2456
703.667 1128 3214
1057 938 3214
1157 875 3118
1122.67 896 2955
1010 1199 3456
835.667 757 2723
1151.67 1197 3609
1223.67 1131 3552
697.667 1265 3004
1010.67 962 3214
579.667 895 2339
755 1051 3061
1282.67 1125 3350
1108.67 1209 3552
808.667 1421 3609
590.333 946 2521
790 1044 2830
1128.67 879 3118
1077.67 922 3118
853 1355 3609
939 1273 3609
809 1040 2734
1370 1178 3609
392.667 735 1742
1019.67 939 3214
748 1062 3214
717.667 1101 2830
882 1302 3552
876.333 985 3214
724 1078 3061
490.667 966 2339
1168.67 1155 3456
682.667 780 2723
893 958 3118
535 900 2339
866 993 3118
526.667 593 2126
1200.67 845 2859
1215 1182 3609
679.667 570 2126
1131.67 1200 3552
476 610 2001
932 1250 3552
939 701 2723
1421.67 982 3350
604.333 925 2521
431.667 676 2001
548.667 951 2492
735 1091 3214
593 885 2492
480.333 690 2012
379.667 810 1734
1203 902 3214
914.667 724 2464
592.667 972 2609
710.667 1117 3061
755.667 491 2126
608 840 2723
383.333 772 1859
873.667 728 2617
1135.67 861 2955
579.667 1001 2609
247.667 400 1404
422.333 713 2118
181.667 244 799
238.333 437 1521
181.667 210 0


604.333 925 2521
1015.67 943 3214
773.333 1474 3342
1012 979 3214
748 1062 3214
928.667 952 2859
899.667 1350 3225
1157 875 3118
893 958 3118
1136.33 1145 3456
1239.67 1130 3350
1111.33 1555 3947
1098 934 3061
1163.67 1173 3552
535 900 2339
1305 1115 3609
735 1091 3214
1006.33 1237 3552
1342 1062 3552
1424 1357 3947
1305 1114 3456
724 1078 3061
864.333 1377 3609
1366 1416 3947
590.333 946 2521
995.333 1641 3947
671.333 1246 3004
1081.67 929 2859
1605 1192 3947
1315.67 1442 3947
876.333 985 3214
1319 1071 3552
1109 903 3061
873.667 728 2617
755 1051 3061
931.333 1299 3609
921.333 1312 3456
902.667 701 2723
644.667 830 2617
1138 1236 3552
1034.33 1574 3947
755.667 491 2126
1057 938 3214
1128 925 3118
383.333 772 1859
710.667 1117 3061
682.667 780 2723
1248 1149 3609
490.667 966 2339
1306 1106 3552
1135 912 3118
1114.33 1182 3456
866 993 3118
658.667 811 2492
1025.33 1233 3456
593 885 2492
1235 1144 3552
657.333 1252 3004
1176.33 1456 3947
1404 1375 3947
592.667 972 2609
1501 1318 3947
1013 956 3118
832.333 1388 3456
1327.67 1423 3947
819.333 1413 3609
1278 1121 3609
1342.67 1418 3947
392.667 735 1742
1166.67 1190 3609
837.667 1368 3552
1098.67 1273 3609
526.667 593 2126
910.333 1346 3552
579.667 895 2339
431.667 676 2001
850.333 1004 3214
1135.67 861 2955
608 840 2723
708.333 1138 2947
379.667 810 1734
872 757 2723
476 610 2001
570.333 932 2456
481.333 1003 2456
422.333 713 2118
679.667 570 2126
837.667 771 2617
480.333 690 2012
539.333 988 2609
805.333 1045 3214
238.333 437 1521
247.667 400 1404
181.667 210 0
181.667 244 799


880 1320 3609
834.667 1039 2830
957.333 1280 3609
874.667 1423 3609
644.667 830 2617
893 958 3118
1157 875 3118
851.667 1347 3552
990.333 1589 3947
687.333 1207 2947
608 840 2723
1074.33 1196 3552
658.667 811 2492
977.333 1253 3552
776.333 1460 3609
909.333 1294 3552
878.333 1703 3947
730.333 1145 3118
810.333 1425 3456
1418 1063 3552
1084.67 1135 3552
850.333 1004 3214
864.333 1335 3552
1087.33 1532 3947
1392 1126 3609
754.333 1512 3609
563.667 906 2723
965.667 1265 3456
872 757 2723
1223.67 1131 3552
708.333 1138 2947
579.667 895 2339
690.667 1157 3214
805.333 1045 3214
642.667 831 2464
539.333 988 2609
703.333 794 2617
1421.67 982 3350
1393 1489 3947
832.333 1388 3456
809 1040 2734
1006 1215 3609
993.667 958 3214
1399 1113 3609
383.333 772 1859
1234.67 1100 3552
490.667 966 2339
755 1051 3061
692.333 803 2723
902.667 701 2723
1019.67 939 3214
1371 1502 3947
431.667 676 2001
967.667 898 3118
422.333 713 2118
481.333 1003 2456
876.333 985 3214
1335 1160 3609
480.333 690 2012
748 1062 3214
1316 1205 3609
1285 1209 3609
1225.67 1123 3552
810.667 792 2617
1421 1442 3947
873.667 728 2617
1203 902 3214
476 610 2001
1501 1373 3947
837.667 771 2617
379.667 810 1734
1135.67 861 2955
238.333 437 1521
843.667 761 2723
392.667 735 1742
247.667 400 1404
526.667 593 2126
755.667 491 2126
181.667 210 0
679.667 570 2126
181.667 244 799


975.667 979 3214
1020.33 1206 3552
1140.67 1169 3552
1347.67 1382 3947
1137.67 1588 3947
928.667 952 2859
751.333 1135 3118
797.333 1069 3061
481.333 1003 2456
1346.67 1043 3456
1230.67 1104 3552
1327.67 1047 3552
1277.67 1474 3947
1203 902 3214
490.667 966 2339
730.333 1145 3118
1135.67 861 2955
850.333 1004 3214
790 1044 2830
876.333 985 3214
1013 956 3118
762.333 1092 3214
1246.67 1116 3609
1522.67 1263 3947
841.667 1471 3342
724 1078 3061
563.667 906 2723
873.667 972 2830
932 1250 3552
957.333 1280 3609
710.667 1117 3061
851.667 1347 3552
805.333 1045 3214
658.667 811 2492
1210.67 1159 3609
608 840 2723
593 885 2492
431.667 676 2001
1048.67 1194 3609
480.333 690 2012
682.667 780 2723
422.333 713 2118
835.667 1041 3012
993.667 958 3214
690.667 1157 3214
379.667 810 1734
1098.67 912 3118
1015.67 943 3214
1211.67 1149 3609
644.667 830 2617
1072.67 903 3061
1019.67 939 3214
1032.67 922 3118
1282.67 1071 3552
1422.67 1344 3947
535 900 2339
526.667 593 2126
476 610 2001
902.667 701 2723
835.667 757 2723
548.667 951 2492
247.667 400 1404
873.667 728 2617
392.667 735 1742
579.667 895 2339
939.667 1409 3609
238.333 437 1521
1190.67 1140 3552
755.667 491 2126
679.667 570 2126
1020.67 938 3214
383.333 772 1859
181.667 244 799
181.667 210 0


873.667 972 2830
748 1062 3214
1271 1100 3552
957.333 1280 3609
1179.67 1171 3552
866 993 3118
1168.67 1155 3456
539.333 988 2609
1109 903 3061
949.667 1316 3552
809 1040 2734
1319 1071 3552
975.667 979 3214
790 1044 2830
1068 1192 3225
666.667 1215 2887
735 1091 3214
1278 1121 3609
690.667 1157 3214
711 1149 2887
1135 912 3118
724 1078 3061
392.667 735 1742
982.667 968 3061
1458 982 3350
535 900 2339
835.667 1041 3012
902.667 701 2723
847.667 1458 3609
579.667 895 2339
858.667 1037 2859
1245 898 3118
873.667 728 2617
1189 1214 3609
1203 1150 3552
928.667 952 2859
899.667 1350 3225
906.667 963 2955
1006 1215 3609
820.667 1058 2955
383.333 772 1859
1032.67 922 3118
658.667 811 2492
1157 1162 3456
1172 861 2955
431.667 676 2001
841.667 1471 3342
835.667 757 2723
682.667 780 2723
816.667 1473 3609
480.333 690 2012
853 1355 3609
476 610 2001
563.667 906 2723
1057 938 3214
1056 939 3214
608 840 2723
679.667 570 2126
644.667 830 2617
887.667 1026 3214
422.333 713 2118
1203 902 3214
1150.67 1202 3552
379.667 810 1734
593 885 2492
755.667 491 2126
526.667 593 2126
247.667 400 1404
238.333 437 1521
181.667 244 799
181.667 210 0


687.333 1207 2947
1245 898 3118
864.333 1372 3609
931.333 1299 3609
1327.67 1047 3552
1203 902 3214
809 1040 2734
680.667 1209 2887
849.667 1359 3225
710.667 1117 3061
807.333 1445 3609
1421.67 982 3350
1268.67 1115 3609
579.667 895 2339
915.333 1340 3609
951.667 1279 3350
848.667 1024 3118
790.667 1041 3214
763.667 1112 2830
858.333 1408 3609
1085.67 1274 3609
1162.33 1108 3552
967.333 972 2859
1234.67 1100 3552
819.333 1413 3609
1057.33 1250 3456
784.667 746 2521
981.333 1273 3552
422.333 713 2118
563.667 906 2723
1117.33 1149 3552
1015.33 898 2955
1061.67 934 3061
1211.67 1149 3609
593 885 2492
1098.67 912 3118
1130 1231 3609
1101.67 1233 3609
481.333 1003 2456
682.667 780 2723
379.667 810 1734
921.333 1312 3456
671.333 1246 3004
1175.67 1176 3609
690.667 1157 3214
392.667 735 1742
1015.67 943 3214
850.333 1004 3214
703.667 1128 3214
548.667 951 2492
957.667 1002 3214
993.667 958 3214
1072.67 903 3061
773.333 1098 3118
480.333 690 2012
754.333 1512 3609
988.667 994 3061
539.333 988 2609
1221 1663 3947
1278.67 1076 3609
679.667 570 2126
1237 845 2859
983.667 996 3118
431.667 676 2001
383.333 772 1859
644.667 830 2617
1031 1667 3947
1282.67 1071 3552
902.667 701 2723
1020.67 938 3214
1135.67 861 2955
526.667 593 2126
835.667 757 2723
1079 1213 3552
476 610 2001
1064.67 1292 3609
873.667 728 2617
238.333 437 1521
755.667 491 2126
181.667 244 799
247.667 400 1404
181.667 210 0


983.667 983 3214
1192.67 1429 3947
1364.67 1378 3947
1053.67 1191 3456
1014.67 1224 3456
1347.67 1382 3947
967.667 898 3118
800.667 1017 3214
1018.67 1213 3609
481.333 1003 2456
1123.67 1489 3947
855.667 1377 3609
1084.67 1527 3947
922.667 1299 3609
873.667 728 2617
1075.67 1159 3609
1040.67 1553 3947
1393 1138 3609
642.667 831 2464
671.333 1246 3004
908.667 1295 3552
949.667 1284 3609
983.667 1600 3947
881.667 1368 3609
1149.67 875 2955
1523.67 1258 3947
1103.67 1131 3456
687.333 1207 2947
838.667 1376 3552
975.667 1275 3609
658.667 811 2492
965.667 1261 3552
894.667 1339 3609
690.667 1157 3214
392.667 735 1742
851.667 1347 3552
918.667 1289 3552
1381.67 1351 3947
548.667 951 2492
835.667 1386 3609
383.333 772 1859
829.667 991 3061
751.333 1093 3061
906.667 963 2955
835.667 757 2723
1019.67 939 3214
822.667 1002 3214
956.667 1273 3456
682.667 780 2723
644.667 830 2617
1015.67 943 3214
703.667 1128 3214
1323.67 1415 3947
928.667 952 2859
755.667 491 2126
636.333 887 2617
649.333 850 2723
1211.67 1149 3609
790.667 1041 3214
379.667 810 1734
539.333 988 2609
579.667 895 2339
710.667 1117 3061
849.667 1359 3225
431.667 676 2001
993.667 958 3214
755 1051 3061
1282.67 1071 3552
876.333 985 3214
490.667 966 2339
902.667 701 2723
480.333 690 2012
1268.67 1114 3456
612.667 886 2464
1020.67 938 3214
1281.67 1112 3342
1464.67 1280 3947
238.333 437 1521
1200.67 845 2859
422.333 713 2118
476 610 2001
563.667 906 2723
1190.67 1140 3552
247.667 400 1404
526.667 593 2126
679.667 570 2126
181.667 210 0
181.667 244 799


1399 1113 3609
971.667 1274 3350
1020.33 1206 3552
837.667 771 2617
755 1051 3061
1159 896 2955
1267 1104 3552
1010.67 962 3214
902.667 701 2723
866 993 3118
735 1091 3214
730.333 1145 3118
1125 1261 3609
1157 1162 3456
1305 1115 3609
1164 1204 3552
810.667 792 2617
850.333 1004 3214
1227 1140 3552
579.667 895 2339
535 900 2339
1364 1047 3552
1169.67 1186 3552
1219.67 1173 3609
1203 902 3214
1383 1043 3456
967.333 972 2859
1134 1250 3609
876.333 985 3214
921.333 1338 3609
957.333 1280 3609
1122 1274 3609
710.667 1117 3061
784.667 746 2521
1109 903 3061
847.667 1035 2887
490.667 966 2339
563.667 906 2723
873.667 728 2617
431.667 676 2001
692.333 803 2723
1098 934 3061
1128 925 3118
1114.33 1182 3456
658.667 811 2492
657.333 1252 3004
1052 943 3214
807.333 1445 3609
1057 938 3214
392.667 735 1742
842.333 1422 3456
858.333 1408 3609
379.667 810 1734
915.333 1340 3609
1013 956 3118
864.333 1405 3456
608 840 2723
1283 1116 3609
690.667 1157 3214
679.667 570 2126
383.333 772 1859
644.667 830 2617
539.333 988 2609
593 885 2492
1135 912 3118
703.333 794 2617
526.667 593 2126
755.667 491 2126
805.333 1045 3214
1189 1209 3609
872 757 2723
422.333 713 2118
1215 1182 3609
476 610 2001
480.333 690 2012
1211 1194 3609
238.333 437 1521
247.667 400 1404
181.667 244 799
181.667 210 0


711 1149 2887
682.667 780 2723
809 1040 2734
929.333 1320 3342
735 1091 3214
539.333 988 2609
1006 1215 3609
790 1044 2830
902.667 701 2723
730.333 1145 3118
849.667 1359 3225
724 1078 3061
1418 1063 3552
754.333 1512 3609
593 885 2492
535 900 2339
755 1051 3061
805.333 1045 3214
893 958 3118
866 993 3118
1274 1150 3609
850.333 1004 3214
1052 943 3214
1109 903 3061
1098 934 3061
1128 925 3118
1135 912 3118
1162.33 1108 3552
1015.33 898 2955
1212 1176 3609
1030 958 3214
873.667 728 2617
563.667 906 2723
873.667 972 2830
1203 1190 3609
1203 902 3214
819.333 1460 3342
941.333 1336 3609
957.333 1280 3609
821.333 1439 3609
1010.67 962 3214
490.667 966 2339
1421.67 982 3350
998 998 3214
1056 939 3214
1114.33 1182 3456
379.667 810 1734
392.667 735 1742
671.333 1246 3004
1333 1103 3456
748 1062 3214
650.333 1255 3012
835.667 757 2723
658.667 811 2492
1157 875 3118
481.333 1003 2456
1018.67 1213 3609
690.667 1157 3214
938 1376 3609
608 840 2723
526.667 593 2126
1057 938 3214
994 1002 3214
644.667 830 2617
755.667 491 2126
383.333 772 1859
1131 1193 3609
431.667 676 2001
679.667 570 2126
238.333 437 1521
480.333 690 2012
476 610 2001
422.333 713 2118
247.667 400 1404
181.667 210 0
181.667 244 799


864 1300 3552
658.667 811 2492
1184 1201 3609
1399 1113 3609
939 1273 3609
822.667 1002 3214
1009 1196 3456
1190.67 1140 3552
853 1355 3609
967.667 898 3118
392.667 735 1742
963 1223 3552
1358 1092 3350
1195 889 2955
1010 1195 3552
1383 1043 3456
1029 1191 3456
1203 902 3214
1241 1167 3609
579.667 895 2339
431.667 676 2001
1057 938 3214
1278 1121 3609
1267 1104 3552
703.667 1128 3214
1117.33 1149 3552
555.667 1059 2282
724 1078 3061
1364 1047 3552
748 1062 3214
776.333 1460 3609
755 1051 3061
1163.67 891 2859
735 1091 3214
894.333 1350 3609
1246 1162 3609
866 993 3118
644.667 830 2617
679.667 570 2126
1015.67 943 3214
650.333 1255 3012
1019.67 939 3214
902.667 701 2723
893 958 3118
1136.33 1145 3456
876.333 985 3214
690.667 1157 3214
1012 979 3214
873.667 728 2617
563.667 906 2723
608 840 2723
809 1040 2734
480.333 690 2012
526.667 593 2126
755.667 491 2126
682.667 780 2723
593 885 2492
1198 1683 3947
1006 1215 3609
422.333 713 2118
784.667 746 2521
835.667 757 2723
181.667 244 799
379.667 810 1734
238.333 437 1521
476 610 2001
383.333 772 1859
247.667 400 1404
181.667 210 0


535 900 2339
1278 1121 3609
873.667 972 2830
1403 1099 3609
1393 1112 3456
967.667 898 3118
579.667 895 2339
1018.67 1213 3609
476 610 2001
991.667 1228 3609
1128.67 879 3118
1015.67 943 3214
1025.67 1202 3456
658.667 811 2492
1014.67 1224 3456
800.667 1017 3214
894.667 1339 3609
865.667 1353 3609
768.667 1073 3061
1378 1113 3552
1254.67 1157 3350
1308.67 1093 3225
710.667 1117 3061
1399 1113 3609
965.667 1261 3552
822.667 1002 3214
644.667 830 2617
608 840 2723
1020.67 938 3214
918.667 1289 3552
1223 1174 3456
835.667 757 2723
1179.67 1194 3609
878.667 991 3118
1186.67 1190 3552
949.667 1284 3609
873.667 728 2617
790.667 1041 3214
690.667 1157 3214
1203 902 3214
383.333 772 1859
1114.33 1182 3456
682.667 780 2723
703.667 1128 3214
431.667 676 2001
1476 1466 3947
679.667 570 2126
480.333 690 2012
526.667 593 2126
835.667 1386 3609
563.667 906 2723
745.667 1110 2830
392.667 735 1742
422.333 713 2118
379.667 810 1734
247.667 400 1404
902.667 701 2723
238.333 437 1521
784.667 746 2521
755.667 491 2126
181.667 210 0
181.667 244 799


1103.67 1131 3456
1364 1047 3552
1278 1121 3609
1028 1805 3947
965.667 1261 3552
1165 879 3118
800.667 1017 3214
579.667 895 2339
1193 1666 3947
642.667 831 2464
1010.67 962 3214
1057.33 1250 3456
790.667 1041 3214
1182 1673 3947
885.667 743 2464
902.667 701 2723
1122 1274 3609
810.333 1425 3456
703.667 1128 3214
658.667 811 2492
679.667 570 2126
710.667 1117 3061
535 900 2339
928.667 952 2859
967.667 898 3118
481.333 1003 2456
1135.67 861 2955
490.667 966 2339
1383 1043 3456
1138 1233 3609
881.667 1368 3609
872 757 2723
1319 1071 3552
1348.67 1271 3947
952.667 1290 3552
768.667 1073 3061
1084.67 1135 3552
1056 939 3214
878.667 991 3118
1115.67 1112 3456
1246 1162 3609
1052 943 3214
901.667 742 2513
957.333 1280 3609
1248 1149 3609
784.667 746 2521
608 840 2723
383.333 772 1859
379.667 810 1734
755.667 491 2126
1189 1209 3609
829.667 991 3061
476 610 2001
822.667 1002 3214
1062.67 1150 3552
682.667 780 2723
1057 938 3214
422.333 713 2118
431.667 676 2001
936.667 1313 3609
392.667 735 1742
975.667 1275 3609
998 998 3214
480.333 690 2012
915.667 977 2955
837.667 1368 3552
563.667 906 2723
644.667 830 2617
247.667 400 1404
690.667 1157 3214
526.667 593 2126
181.667 244 799
238.333 437 1521
181.667 210 0


1268.67 1089 3456
1134.33 1514 3947
1505 1395 3947
666.667 1215 2887
991.333 1621 3947
1346.67 1043 3456
680.667 1209 2887
1139.33 1507 3947
835.667 757 2723
1056 939 3214
821.333 1439 3609
690.667 1157 3214
1012 979 3214
1172 861 2955
809 1040 2734
1006 1215 3609
881.667 1368 3609
735 1091 3214
754.333 1512 3609
1203 902 3214
868.333 1410 3609
1165.67 1200 3609
755 1051 3061
1188 1197 3609
1180.67 1136 3456
1109 903 3061
1135 1211 3609
1074.33 1196 3552
650.333 1255 3012
748 1062 3214
1692 1203 3947
1065.33 1208 3456
1052 943 3214
910.333 1311 3552
1253.33 1420 3947
1167.67 1193 3552
946.667 1266 3552
799.667 1055 3214
392.667 735 1742
724 1078 3061
876.333 985 3214
730.333 1145 3118
563.667 906 2723
1030 958 3214
535 900 2339
1120.67 875 3118
1038.33 1587 3947
866 993 3118
851.667 1347 3552
850.333 1004 3214
776.333 1460 3609
894.333 1350 3609
873.667 728 2617
939 701 2723
805.333 1045 3214
658.667 811 2492
593 885 2492
893 958 3118
755.667 491 2126
692.333 803 2723
941.333 1321 3609
977.333 1253 3552
476 610 2001
379.667 810 1734
1278 1121 3609
608 840 2723
679.667 570 2126
383.333 772 1859
431.667 676 2001
946.667 1725 3947
671.333 1246 3004
703.333 794 2617
480.333 690 2012
687.333 1207 2947
526.667 593 2126
548.667 951 2492
961.667 1281 3609
422.333 713 2118
238.333 437 1521
247.667 400 1404
539.333 988 2609
181.667 210 0
181.667 244 799


1145.67 1568 3947
539.333 988 2609
819.333 1413 3609
593 885 2492
1103.67 1131 3456
1203 902 3214
954.667 1260 3609
918.667 1289 3552
1013.67 1213 3609
808.667 1421 3609
1120.67 875 3118
608 840 2723
1085.67 1135 3609
690.667 1157 3214
1115.67 1112 3456
835.667 1386 3609
949.667 1284 3609
1296.67 1103 3456
1403 1099 3609
1326.67 1411 3947
851.667 1347 3552
1053.67 1191 3456
873.667 972 2830
490.667 966 2339
902.667 983 3012
937.667 1252 3552
996.667 1238 3456
1230.67 1104 3552
1346.67 1043 3456
1327.67 1047 3552
476 610 2001
835.667 757 2723
579.667 895 2339
873.667 728 2617
967.667 898 3118
1020.67 938 3214
1015.67 943 3214
703.667 1128 3214
790.667 1041 3214
710.667 1117 3061
800.667 1017 3214
822.667 1002 3214
878.667 991 3118
392.667 735 1742
679.667 570 2126
829.667 991 3061
563.667 906 2723
431.667 676 2001
383.333 772 1859
975.667 979 3214
902.667 701 2723
480.333 690 2012
768.667 1073 3061
682.667 780 2723
644.667 830 2617
422.333 713 2118
658.667 811 2492
247.667 400 1404
1218.67 1521 3947
526.667 593 2126
1277.67 1474 3947
1229.67 1494 3947
379.667 810 1734
238.333 437 1521
755.667 491 2126
1162.67 1552 3947
1422.67 1344 3947
181.667 210 0
181.667 244 799


