782.667 1076 3802
1049.33 1197 4294
926.667 1440 4294
1238 1038 3645
1000.67 1491 4780
913.333 1285 4195
767.667 1247 3802
1193.33 1429 4780
654.667 853 2835
503.667 859 2693
1339.33 1194 4294
527.667 943 3083
941.333 1061 3802
832.333 1043 3709
671.667 1048 3412
650.333 1156 3228
516 855 2990
1047.67 1350 4294
709.667 1156 3709
1316 973 3645
638.333 937 3217
1061 840 2926
1262.33 1403 4780
980.333 1377 4288
679 1017 3327
724.333 907 3217
845 1445 4288
823 1398 3813
1028 829 2763
686.333 928 3083
712.333 1074 3709
1241 1021 3645
615.667 1142 3217
1089 796 2678
658.333 1203 3575
958.333 1404 4288
678.333 1194 3575
899 1221 4061
686 1015 3575
984 879 3060
269 681 1726
865.667 1395 4195
760 1281 3802
1099 819 3060
1000 865 3060
511 828 2608
280.333 667 2116
753 742 2568
883 629 1959
1041 849 2926
1080 819 2763
879 640 2341
240.667 736 1686
158 591 719
325.333 728 2498
811 675 2178
328.333 714 2250
742 775 2568
863 665 2178
265.667 685 1849
313 732 2201
822 662 2044
667 823 2568
579 537 1071
872 642 2093
625 519 1601
797 692 2271
842 673 2186
170.667 587 1234
977 903 3060
805 723 2341
704 453 1374
642 501 1467
787.667 1060 3709
669 469 1304
764 711 2178
183 583 1531
636 488 1211
522 596 1849
215.667 648 1616
590 937 3083
156 605 967
442 283 585
647 475 1077
643 486 1459
580 538 1686
183 540 882
480 292 882
677 1083 3476
542 559 1552
360 359 967
334 405 486
73.3333 460 0
480 246 0
334 368 0
452 315 719
360 328 0
442 262 0
73.3333 503 649


906 1194 4294
782.667 1076 3802
734 1062 3709
503.667 859 2693
818 1261 4195
661.333 1135 3569
516 855 2990
679 1017 3327
1238 1038 3645
832.333 1043 3709
1241 1021 3645
647.333 1144 3802
1080 819 2763
1325 983 3412
1675 1400 4780
1186.33 1451 4780
1061 840 2926
724.333 907 3217
695 1031 3575
801 1301 4061
638.333 937 3217
992 1567 4780
686.333 928 3083
747.667 1122 3802
1020.33 1019 3476
265.667 685 1849
984 879 3060
527.667 943 3083
654.667 853 2835
822 662 2044
1099 819 3060
1028 829 2763
733.333 1089 3709
1089 796 2678
1006 1014 3327
280.333 667 2116
590 937 3083
1496 1434 4780
1000 865 3060
615.667 1142 3217
328.333 714 2250
863 665 2178
325.333 728 2498
511 828 2608
842 673 2186
753 742 2568
1000 1461 4780
879 640 2341
240.667 736 1686
872 642 2093
805 723 2341
183 583 1531
742 775 2568
811 675 2178
580 538 1686
647 475 1077
764 711 2178
269 681 1726
1041 849 2926
313 732 2201
522 596 1849
215.667 648 1616
642 501 1467
542 559 1552
797 692 2271
170.667 587 1234
883 629 1959
156 605 967
977 903 3060
158 591 719
667 823 2568
669 469 1304
704 453 1374
625 519 1601
73.3333 460 0
579 537 1071
183 540 882
643 486 1459
73.3333 503 649
442 283 585
360 328 0
334 405 486
480 292 882
636 488 1211
334 368 0
442 262 0
360 359 967
452 315 719
480 246 0


1044 1374 4294
1209.67 1435 4780
646 1162 3575
1316 973 3645
1403 1259 4131
1342.33 1226 3898
830 1598 4288
941.333 1061 3802
1442 1232 4131
1181 1232 4061
1458 1246 4195
590 937 3083
686 1015 3575
1028 829 2763
1152.67 1258 4061
947 1268 4195
912.667 1375 4294
679 1017 3327
636 1158 3412
684 1044 3709
911.333 1287 4288
647.333 1144 3802
724.333 907 3217
686.333 928 3083
654.667 853 2835
913.333 1114 3802
1049.33 1271 4294
516 855 2990
977 903 3060
1467 1418 4780
503.667 859 2693
1241 1021 3645
1061 840 2926
511 828 2608
1089 796 2678
844 1486 4288
995 1485 4780
313 732 2201
984 879 3060
1041 849 2926
848.333 1355 4288
1000 865 3060
527.667 943 3083
638.333 937 3217
860.333 1122 3802
742 775 2568
615.667 1142 3217
280.333 667 2116
325.333 728 2498
842 673 2186
1080 819 2763
863 665 2178
797 692 2271
240.667 736 1686
579 537 1071
265.667 685 1849
1099 819 3060
764 711 2178
872 642 2093
822 662 2044
542 559 1552
811 675 2178
215.667 648 1616
156 605 967
753 742 2568
805 723 2341
879 640 2341
647 475 1077
328.333 714 2250
642 501 1467
522 596 1849
580 538 1686
883 629 1959
183 583 1531
625 519 1601
643 486 1459
269 681 1726
158 591 719
334 368 0
480 246 0
704 453 1374
442 262 0
667 823 2568
480 292 882
360 328 0
73.3333 460 0
442 283 585
360 359 967
636 488 1211
183 540 882
452 315 719
334 405 486
669 469 1304
73.3333 503 649
170.667 587 1234


1102 1506 4780
705.333 1240 3802
1080 819 2763
903 1146 3802
818 1261 4195
679.667 1310 3802
638.333 937 3217
690 1038 3228
780 1151 3802
977 903 3060
650.333 1156 3228
946.333 1043 3709
1074.67 1213 4061
1190.33 1192 3813
503.667 859 2693
1442 1229 4131
739.667 1013 3575
738 1051 3327
1316.67 1463 4780
838 1327 4294
724.333 907 3217
949.667 1523 4780
1089 796 2678
984 879 3060
1385.33 1404 4780
1276 1470 4780
661.333 1135 3569
527.667 943 3083
615.667 1142 3217
734 1062 3709
511 828 2608
1261 1028 3645
1325 983 3412
265.667 685 1849
903.333 1076 3802
863 665 2178
590 937 3083
1271 1498 4780
916 1262 4294
1265.33 1504 4780
1428 1251 4131
1099 819 3060
1000 865 3060
516 855 2990
646 1162 3575
1061 840 2926
1041 849 2926
811 675 2178
712.333 1074 3709
1288 1026 3645
764 711 2178
1028 829 2763
328.333 714 2250
654.667 853 2835
805 723 2341
667 823 2568
313 732 2201
619.333 1254 3313
879 640 2341
883 629 1959
215.667 648 1616
280.333 667 2116
240.667 736 1686
183 540 882
822 662 2044
325.333 728 2498
579 537 1071
269 681 1726
156 605 967
686.333 928 3083
753 742 2568
872 642 2093
183 583 1531
643 486 1459
636 488 1211
542 559 1552
842 673 2186
625 519 1601
480 246 0
742 775 2568
158 591 719
334 368 0
442 262 0
522 596 1849
647 475 1077
170.667 587 1234
580 538 1686
73.3333 503 649
442 283 585
797 692 2271
642 501 1467
704 453 1374
480 292 882
73.3333 460 0
669 469 1304
360 328 0
360 359 967
452 315 719
334 405 486


922 1217 4294
928 1211 3813
913.333 1114 3802
747.667 1122 3802
1261 1028 3645
984 879 3060
846.667 1277 4061
1058.33 1207 4061
941.333 1061 3802
832.333 1043 3709
892.667 1312 4195
792 1395 4061
819 1507 4195
503.667 859 2693
1133 1216 4294
650.333 1156 3228
686 1015 3575
724.333 907 3217
904.667 1219 3898
1288 1026 3645
1238 1038 3645
1094 1540 4780
881 1450 4195
1122.33 1465 4780
677 1083 3476
885 1115 3802
1061 840 2926
1552 1169 4131
1189 1435 4780
646 1162 3575
901 1295 4294
511 828 2608
686.333 928 3083
713 1226 3802
638.333 937 3217
1089 796 2678
712.333 1074 3709
872 642 2093
1316 973 3645
805.667 1265 3898
1000 865 3060
516 855 2990
654.667 853 2835
977 903 3060
265.667 685 1849
753 742 2568
1017.33 1550 4780
615.667 1142 3217
325.333 728 2498
1320.33 1420 4780
280.333 667 2116
812.667 1537 4288
883 629 1959
527.667 943 3083
1080 819 2763
805 723 2341
590 937 3083
328.333 714 2250
269 681 1726
1041 849 2926
879 640 2341
1102 1506 4780
313 732 2201
679 1017 3327
705.333 1240 3802
667 823 2568
240.667 736 1686
183 583 1531
1099 819 3060
797 692 2271
522 596 1849
1028 829 2763
183 540 882
842 673 2186
643 486 1459
863 665 2178
811 675 2178
764 711 2178
170.667 587 1234
580 538 1686
158 591 719
636 488 1211
647 475 1077
579 537 1071
215.667 648 1616
704 453 1374
360 328 0
669 469 1304
542 559 1552
156 605 967
742 775 2568
334 368 0
360 359 967
625 519 1601
822 662 2044
73.3333 460 0
73.3333 503 649
334 405 486
642 501 1467
452 315 719
442 262 0
480 246 0
480 292 882
442 283 585


1017.33 1550 4780
911 1631 4780
1023 1541 4780
835.667 1358 4195
1405 1386 4780
1238 1038 3645
616.333 853 2608
647.333 1144 3802
1044.33 1530 4780
1268 1035 3645
1080 819 2763
636 1158 3412
1041 849 2926
615.667 1142 3217
1325 983 3412
1152.67 1258 4061
815.667 1565 4195
838.667 1026 3327
1140.33 1453 4780
916 1262 4294
684 1044 3709
880 1317 4195
980 1109 3802
503.667 859 2693
838 1327 4294
1226.67 1419 4780
690 1038 3228
965 1235 3813
836.667 1352 3898
980.333 1036 3476
1224 1219 4061
1000 865 3060
522 849 2509
661 835 2608
686.333 928 3083
978.667 1259 4294
863 665 2178
1188 1232 4195
654.667 853 2835
724.333 907 3217
527.667 943 3083
1446 1208 4131
1061 840 2926
1089 796 2678
590 937 3083
313 732 2201
1028 829 2763
1099 819 3060
822 662 2044
269 681 1726
638.333 937 3217
764 711 2178
842 673 2186
1119.33 1015 3575
667 823 2568
240.667 736 1686
753 742 2568
328.333 714 2250
984 879 3060
280.333 667 2116
872 642 2093
325.333 728 2498
265.667 685 1849
883 629 1959
1134.67 1498 4780
1006 1014 3327
579 537 1071
742 775 2568
522 596 1849
805 723 2341
156 605 967
704 453 1374
977 903 3060
183 583 1531
643 486 1459
797 692 2271
158 591 719
580 538 1686
516 855 2990
183 540 882
669 469 1304
642 501 1467
811 675 2178
879 640 2341
73.3333 460 0
334 405 486
647 475 1077
442 262 0
215.667 648 1616
452 315 719
625 519 1601
170.667 587 1234
636 488 1211
480 292 882
542 559 1552
442 283 585
360 359 967
73.3333 503 649
334 368 0
480 246 0
360 328 0


686 1015 3575
1199.33 1195 4061
686.333 928 3083
679.667 1310 3802
1188 1232 4195
733.333 1089 3709
955.333 1044 3709
1188.33 1208 4195
876 1439 4288
1027.67 1730 4780
1226.67 1419 4780
1070.67 1585 4780
812.667 1537 4288
1179.33 1237 4061
678.333 1194 3575
527.667 943 3083
1099 819 3060
1071.33 1528 4780
1039 1688 4780
709.667 1156 3709
1166.33 1218 3813
516 855 2990
1089 796 2678
941.333 1061 3802
1061 840 2926
782.667 1076 3802
1241 1021 3645
878.333 1403 3898
638.333 937 3217
1207 1505 4780
1028 829 2763
654.667 853 2835
269 681 1726
671.667 1048 3412
511 828 2608
1000 865 3060
764 711 2178
884.667 1240 4294
705.667 1265 3709
787.667 1060 3709
724.333 907 3217
879 640 2341
503.667 859 2693
1006 1014 3327
713 1226 3802
590 937 3083
328.333 714 2250
797 692 2271
615.667 1142 3217
280.333 667 2116
325.333 728 2498
753 742 2568
811 675 2178
742 775 2568
265.667 685 1849
842 673 2186
822 662 2044
805 723 2341
183 540 882
883 629 1959
669 469 1304
1041 849 2926
872 642 2093
984 879 3060
240.667 736 1686
183 583 1531
313 732 2201
863 665 2178
1080 819 2763
977 903 3060
170.667 587 1234
579 537 1071
667 823 2568
643 486 1459
580 538 1686
522 596 1849
542 559 1552
704 453 1374
215.667 648 1616
480 246 0
642 501 1467
647 475 1077
636 488 1211
360 328 0
73.3333 460 0
452 315 719
158 591 719
480 292 882
442 262 0
73.3333 503 649
334 368 0
156 605 967
360 359 967
442 283 585
334 405 486
625 519 1601


858.333 1375 4294
654.667 853 2835
1089 796 2678
693 1199 3802
1287 1252 4294
1405.33 1362 4780
944 1231 3813
808 1378 4294
1325 983 3412
709.667 1156 3709
845.667 1338 3813
1238 1038 3645
1176 1212 3898
636 1158 3412
798 1395 4294
734 1062 3709
1080 819 2763
679.667 1310 3802
650.333 1156 3228
638.333 937 3217
1188 1232 4195
516 855 2990
527.667 943 3083
836.667 1352 3898
1241 1021 3645
1000 865 3060
1374.33 1414 4780
1133.67 1480 4780
942.333 1337 4061
984 879 3060
590 937 3083
1028 829 2763
700 1078 3412
1147 1229 4061
971.333 1262 4294
1161.33 1417 4780
511 828 2608
724.333 907 3217
919 1304 3813
818 1362 3813
782.667 1076 3802
1107.67 1528 4780
739.667 1013 3575
1470 1210 4131
240.667 736 1686
930 1338 3898
703 1139 3575
822 662 2044
313 732 2201
280.333 667 2116
977 903 3060
738 1051 3327
946.333 1043 3709
1061 840 2926
615.667 1142 3217
658.333 1203 3575
716.333 1129 3575
1041 849 2926
1099 819 3060
183 540 882
325.333 728 2498
883 629 1959
842 673 2186
811 675 2178
686.333 928 3083
797 692 2271
863 665 2178
579 537 1071
753 742 2568
542 559 1552
265.667 685 1849
269 681 1726
764 711 2178
872 642 2093
667 823 2568
328.333 714 2250
1062 1538 4780
643 486 1459
156 605 967
642 501 1467
522 596 1849
183 583 1531
647 475 1077
669 469 1304
805 723 2341
636 488 1211
704 453 1374
742 775 2568
170.667 587 1234
879 640 2341
480 292 882
215.667 648 1616
452 315 719
158 591 719
442 283 585
334 368 0
625 519 1601
480 246 0
580 538 1686
334 405 486
360 328 0
442 262 0
73.3333 503 649
73.3333 460 0
360 359 967


899 1221 4061
638.333 937 3217
1288 1026 3645
503.667 859 2693
1261 1028 3645
951 1472 4780
647.333 1144 3802
636 1158 3412
686 1015 3575
1582 1429 4780
686.333 928 3083
1391.33 1177 4061
679 1017 3327
782.667 1076 3802
977 903 3060
1339.33 1194 4294
1292 1224 4195
1373.33 1437 4780
1190.33 1192 3813
807 1240 4294
1000 865 3060
1041 849 2926
1080 819 2763
1028 829 2763
313 732 2201
984 879 3060
240.667 736 1686
516 855 2990
654.667 853 2835
1061 840 2926
590 937 3083
1325 983 3412
527.667 943 3083
872 642 2093
684 1044 3709
879 640 2341
1089 796 2678
822 662 2044
1099 819 3060
511 828 2608
863 665 2178
269 681 1726
811 675 2178
739.667 1013 3575
183 540 882
325.333 728 2498
805 723 2341
615.667 1142 3217
797 692 2271
742 775 2568
724.333 907 3217
946.333 1043 3709
842 673 2186
764 711 2178
328.333 714 2250
280.333 667 2116
753 742 2568
158 591 719
265.667 685 1849
667 823 2568
636 488 1211
156 605 967
625 519 1601
669 469 1304
643 486 1459
647 475 1077
883 629 1959
183 583 1531
215.667 648 1616
580 538 1686
442 283 585
579 537 1071
170.667 587 1234
642 501 1467
542 559 1552
442 262 0
73.3333 503 649
360 328 0
73.3333 460 0
704 453 1374
334 405 486
334 368 0
522 596 1849
480 246 0
452 315 719
480 292 882
360 359 967


626.667 1223 3228
919 1304 3813
647.333 1144 3802
1000.67 1491 4780
1074.67 1213 4061
806.333 1416 3813
646 1162 3575
817 1123 3802
980 1109 3802
679 1017 3327
1241 1021 3645
787.667 1060 3709
862 1315 4294
812.667 1537 4288
1099 819 3060
697 1036 3476
677 1083 3476
955.333 1044 3709
619.333 1254 3313
848 1343 3813
522 849 2509
1365 1402 4780
1061 840 2926
984 879 3060
638.333 937 3217
1080 819 2763
849 1403 4061
1028 829 2763
993 1251 4294
944.333 828 2608
1163.33 1197 4294
661 835 2608
616.333 853 2608
516 855 2990
1316 973 3645
1106 1422 4780
615.667 1142 3217
1000 865 3060
590 937 3083
1041 849 2926
724.333 907 3217
265.667 685 1849
654.667 853 2835
739.667 1013 3575
724 1078 3709
240.667 736 1686
686.333 928 3083
977 903 3060
269 681 1726
879 640 2341
1089 796 2678
742 775 2568
1381 1386 4780
328.333 714 2250
753 742 2568
325.333 728 2498
527.667 943 3083
863 665 2178
797 692 2271
883 629 1959
850.333 1467 4288
842 673 2186
667 823 2568
642 501 1467
280.333 667 2116
764 711 2178
636 488 1211
579 537 1071
669 469 1304
170.667 587 1234
805 723 2341
183 583 1531
580 538 1686
643 486 1459
872 642 2093
183 540 882
811 675 2178
704 453 1374
156 605 967
542 559 1552
647 475 1077
313 732 2201
158 591 719
452 315 719
442 283 585
215.667 648 1616
334 405 486
360 328 0
480 292 882
522 596 1849
334 368 0
822 662 2044
73.3333 460 0
480 246 0
360 359 967
73.3333 503 649
442 262 0
625 519 1601


1241 1021 3645
887 1226 4061
906 1194 4294
712.333 1074 3709
1325 983 3412
671.667 1048 3412
661.333 1135 3569
646 1162 3575
1240.67 1193 3813
647.333 1144 3802
739.667 1013 3575
1385.33 1404 4780
590 937 3083
1529 1179 4131
527.667 943 3083
1000 865 3060
977 903 3060
1080 819 2763
1393.33 1395 4780
848.667 1505 4294
885 1115 3802
865.667 1395 4195
941.333 1061 3802
1099 819 3060
747.667 1122 3802
886 1382 3898
832.333 1043 3709
503.667 859 2693
615.667 1142 3217
1061 840 2926
686.333 928 3083
686 1015 3575
724.333 907 3217
903.333 1076 3802
265.667 685 1849
913 1649 4780
1238 1038 3645
328.333 714 2250
280.333 667 2116
240.667 736 1686
516 855 2990
984 879 3060
1028 829 2763
654.667 853 2835
797 692 2271
1041 849 2926
879 640 2341
679 1017 3327
811 675 2178
511 828 2608
667 823 2568
753 742 2568
313 732 2201
883 629 1959
863 665 2178
638.333 937 3217
872 642 2093
522 596 1849
1089 796 2678
269 681 1726
805 723 2341
325.333 728 2498
647 475 1077
156 605 967
183 583 1531
764 711 2178
215.667 648 1616
158 591 719
625 519 1601
579 537 1071
742 775 2568
822 662 2044
704 453 1374
183 540 882
951 1472 4780
669 469 1304
580 538 1686
1254.67 1409 4780
542 559 1552
643 486 1459
452 315 719
480 246 0
842 673 2186
360 359 967
334 405 486
642 501 1467
442 262 0
636 488 1211
170.667 587 1234
442 283 585
334 368 0
73.3333 460 0
360 328 0
480 292 882
73.3333 503 649


1028 829 2763
1023 1541 4780
747.667 1122 3802
739.667 1013 3575
1316 973 3645
941.333 1061 3802
646 1162 3575
1074.67 1213 4061
778 1404 4294
1209.67 1435 4780
883 1330 4294
1150.67 1278 4294
866 1341 4294
1460 1205 4131
1080 819 2763
1253 1207 4061
765.333 1492 4061
782.667 1076 3802
818 1261 4195
654.667 853 2835
661.333 1135 3569
1558 1425 4780
1192 1277 4294
946.333 1043 3709
527.667 943 3083
916.333 1268 4288
1446 1208 4131
977 903 3060
1041 849 2926
647.333 1144 3802
684 1044 3709
803 1349 4294
1089 796 2678
240.667 736 1686
1062.33 1463 4780
1084.33 1283 4294
511 828 2608
638.333 937 3217
984 879 3060
943.333 1247 3813
1404 1258 4294
503.667 859 2693
797 692 2271
1246 1209 3813
811 675 2178
822 662 2044
695 1031 3575
1099 819 3060
516 855 2990
883 629 1959
1241 1021 3645
872 642 2093
1006.33 1595 4780
686.333 928 3083
842 673 2186
183 540 882
724.333 907 3217
753 742 2568
1000 865 3060
615.667 1142 3217
280.333 667 2116
1061 840 2926
590 937 3083
667 823 2568
879 640 2341
328.333 714 2250
265.667 685 1849
805 723 2341
313 732 2201
764 711 2178
863 665 2178
325.333 728 2498
183 583 1531
542 559 1552
269 681 1726
579 537 1071
742 775 2568
669 469 1304
360 359 967
156 605 967
636 488 1211
642 501 1467
704 453 1374
522 596 1849
360 328 0
647 475 1077
580 538 1686
625 519 1601
158 591 719
73.3333 503 649
170.667 587 1234
215.667 648 1616
442 262 0
452 315 719
334 405 486
480 292 882
442 283 585
480 246 0
643 486 1459
334 368 0
73.3333 460 0


1381 1386 4780
1292 1224 4195
929.667 1530 4780
786.667 1599 4288
1000 865 3060
724.333 907 3217
1339.33 1194 4294
1056 1434 4780
739.667 1013 3575
1241 1021 3645
686 1015 3575
511 828 2608
679 1017 3327
661.333 1135 3569
265.667 685 1849
903.333 1076 3802
1061 840 2926
946.333 1043 3709
807 1240 4294
527.667 943 3083
941.333 1061 3802
817 1123 3802
280.333 667 2116
654.667 853 2835
977 903 3060
868.333 1122 3802
516 855 2990
590 937 3083
1028 829 2763
1089 796 2678
647.333 1144 3802
1041 849 2926
1080 819 2763
269 681 1726
638.333 937 3217
325.333 728 2498
879 640 2341
1099 819 3060
984 879 3060
615.667 1142 3217
313 732 2201
822 662 2044
170.667 587 1234
872 642 2093
686.333 928 3083
883 629 1959
240.667 736 1686
764 711 2178
579 537 1071
742 775 2568
753 742 2568
183 540 882
642 501 1467
647 475 1077
667 823 2568
542 559 1552
158 591 719
626.667 1223 3228
806 1106 3709
183 583 1531
156 605 967
811 675 2178
643 486 1459
797 692 2271
636 488 1211
669 469 1304
842 673 2186
863 665 2178
452 315 719
805 723 2341
215.667 648 1616
522 596 1849
73.3333 503 649
580 538 1686
334 368 0
360 359 967
480 292 882
328.333 714 2250
334 405 486
442 262 0
480 246 0
625 519 1601
360 328 0
73.3333 460 0
442 283 585
704 453 1374


1279 1250 4294
729 1334 4195
943.333 1247 3813
1097 1471 4780
844.667 1252 4294
782.667 1076 3802
693 1199 3802
686.333 928 3083
827.667 1287 3898
1462 1225 4131
832.333 1043 3709
654.667 853 2835
712.333 1074 3709
679 1017 3327
734 1062 3709
612.333 864 2990
1316 973 3645
709.667 1156 3709
977 903 3060
626.667 1223 3228
780 1151 3802
605.333 866 2742
941.333 1061 3802
1041 849 2926
503.667 859 2693
527.667 943 3083
671.667 1048 3412
686 1015 3575
787.333 855 2990
1028 829 2763
1313.33 1242 4061
590 937 3083
971.667 1631 4780
547.333 868 2835
615.667 1142 3217
1000 865 3060
1061 840 2926
724.333 907 3217
739.667 1013 3575
872 642 2093
724 1307 3813
537.333 887 2742
1089 796 2678
879 640 2341
753 742 2568
1080 819 2763
638.333 937 3217
1312.33 1465 4780
1241 1021 3645
240.667 736 1686
1406.33 1423 4780
661.333 1135 3569
811 675 2178
1318 1442 4780
511 828 2608
842 673 2186
1099 819 3060
313 732 2201
556 889 2990
1465 1222 4131
742 775 2568
822 662 2044
265.667 685 1849
667 823 2568
280.333 667 2116
797 692 2271
984 879 3060
863 665 2178
764 711 2178
883 629 1959
805 723 2341
269 681 1726
636 488 1211
325.333 728 2498
579 537 1071
328.333 714 2250
669 469 1304
183 583 1531
183 540 882
158 591 719
542 559 1552
522 596 1849
215.667 648 1616
704 453 1374
642 501 1467
442 262 0
647 475 1077
156 605 967
452 315 719
73.3333 503 649
643 486 1459
625 519 1601
442 283 585
480 292 882
170.667 587 1234
360 328 0
580 538 1686
360 359 967
480 246 0
334 368 0
73.3333 460 0
334 405 486


686.333 928 3083
724.333 907 3217
1099 819 3060
807 1240 4294
646 1162 3575
1285.33 1393 4780
654.667 853 2835
832.333 1043 3709
1199.33 1195 4061
734 1062 3709
677 1083 3476
1163.33 1197 4294
671.667 1048 3412
984 879 3060
626.667 1223 3228
590 937 3083
503.667 859 2693
1278.67 1409 4780
1089 796 2678
1288 1026 3645
941.333 1061 3802
1000 865 3060
686 1015 3575
516 855 2990
782.667 1076 3802
647.333 1144 3802
977 903 3060
1080 819 2763
527.667 943 3083
1325 983 3412
1028 829 2763
1147 1229 4061
280.333 667 2116
764 711 2178
325.333 728 2498
712.333 1074 3709
1190.33 1192 3813
1280 1037 3645
615.667 1142 3217
1061 840 2926
1041 849 2926
667 823 2568
1158.33 1417 4780
638.333 937 3217
511 828 2608
313 732 2201
879 640 2341
963 1479 4780
265.667 685 1849
753 742 2568
842 673 2186
872 642 2093
883 629 1959
156 605 967
805 723 2341
269 681 1726
647 475 1077
625 519 1601
542 559 1552
811 675 2178
636 488 1211
580 538 1686
797 692 2271
579 537 1071
642 501 1467
183 540 882
158 591 719
170.667 587 1234
215.667 648 1616
742 775 2568
863 665 2178
822 662 2044
704 453 1374
669 469 1304
522 596 1849
73.3333 503 649
73.3333 460 0
328.333 714 2250
643 486 1459
183 583 1531
240.667 736 1686
442 262 0
334 368 0
360 328 0
452 315 719
480 246 0
636 1158 3412
480 292 882
442 283 585
360 359 967
334 405 486


1188 1232 4195
816.333 1339 4294
684 1044 3709
782.667 1076 3802
1099 1283 4294
1097 1471 4780
739.667 1013 3575
1181 1232 4061
1134.33 1270 4195
1241 1021 3645
1159.33 1249 4195
1080 819 2763
835 1256 3813
516 855 2990
1082.33 1292 4195
1176 1212 3898
1118 1279 4288
1089 796 2678
1452 1422 4780
695 1031 3575
1238 1038 3645
590 937 3083
977 903 3060
1041 849 2926
1282 1432 4780
679 1017 3327
941.333 1061 3802
1006.33 1317 4294
527.667 943 3083
1392 1273 4288
1000 865 3060
1167 1242 3813
1061 840 2926
1552 1169 4131
1052.33 1300 4294
724.333 907 3217
638.333 937 3217
671.667 1048 3412
724 1307 3813
240.667 736 1686
1325 983 3412
1023.67 1549 4780
511 828 2608
325.333 728 2498
503.667 859 2693
1099 819 3060
1028 829 2763
742 775 2568
686.333 928 3083
654.667 853 2835
647.333 1144 3802
872 642 2093
879 640 2341
797 692 2271
313 732 2201
265.667 685 1849
984 879 3060
753 742 2568
667 823 2568
747.667 1122 3802
328.333 714 2250
805 723 2341
863 665 2178
158 591 719
280.333 667 2116
811 675 2178
269 681 1726
642 501 1467
842 673 2186
643 486 1459
883 629 1959
625 519 1601
579 537 1071
704 453 1374
170.667 587 1234
615.667 1142 3217
156 605 967
522 596 1849
764 711 2178
822 662 2044
636 488 1211
647 475 1077
542 559 1552
215.667 648 1616
183 540 882
580 538 1686
334 405 486
452 315 719
480 292 882
73.3333 460 0
360 359 967
73.3333 503 649
480 246 0
442 262 0
334 368 0
183 583 1531
442 283 585
669 469 1304
360 328 0


941.333 1061 3802
1278 1214 4294
928 1211 3813
1075.67 1527 4780
962 1251 4294
1552 1169 4131
835 1256 3813
636 1158 3412
962 1249 4061
1078 1486 4780
1171.33 1014 3327
894.333 1274 4294
679 1017 3327
1000 865 3060
647.333 1144 3802
503.667 859 2693
1041 849 2926
724.333 907 3217
1325 983 3412
818 1261 4195
1238 1038 3645
511 828 2608
778 1404 4294
684 1044 3709
1107.33 1245 4294
1460 1205 4131
646 1162 3575
1099 819 3060
1529 1179 4131
1329 1458 4780
977 903 3060
903.333 1076 3802
638.333 937 3217
686 1015 3575
747.667 1122 3802
619.333 1254 3313
1205.67 1237 3898
1024.67 1719 4780
885 1115 3802
269 681 1726
1089 796 2678
764 711 2178
654.667 853 2835
590 937 3083
984 879 3060
686.333 928 3083
1080 819 2763
240.667 736 1686
325.333 728 2498
328.333 714 2250
1050 1563 4780
805 723 2341
1061 840 2926
615.667 1142 3217
265.667 685 1849
313 732 2201
842 673 2186
797 692 2271
1028 829 2763
879 640 2341
527.667 943 3083
883 629 1959
1352.67 1430 4780
280.333 667 2116
822 662 2044
872 642 2093
667 823 2568
516 855 2990
542 559 1552
863 665 2178
1107.33 1247 4294
215.667 648 1616
753 742 2568
183 583 1531
156 605 967
1241 1021 3645
625 519 1601
704 453 1374
579 537 1071
158 591 719
642 501 1467
360 359 967
742 775 2568
643 486 1459
647 475 1077
73.3333 503 649
170.667 587 1234
452 315 719
480 292 882
442 262 0
480 246 0
73.3333 460 0
636 488 1211
811 675 2178
669 469 1304
522 596 1849
334 405 486
360 328 0
580 538 1686
183 540 882
334 368 0
442 283 585


636 1158 3412
946.333 1043 3709
1182 1498 4780
807 1240 4294
1473 1386 4780
1053 1516 4780
658.333 1203 3575
1193.33 1215 4061
678.333 1194 3575
1202 1489 4780
615.667 1142 3217
803 1349 4294
1283 1476 4780
1080 819 2763
1330.33 1435 4780
686 1015 3575
835 1150 3802
724.333 907 3217
1238 1038 3645
709.667 1156 3709
1316 973 3645
693 1199 3802
590 937 3083
511 828 2608
1446 1208 4131
904.667 1219 3898
1192.67 1208 3813
1061 840 2926
775.333 853 2835
1200.33 1215 4195
984 879 3060
503.667 859 2693
1280 1037 3645
1009 1589 4780
1288 1026 3645
1170.67 1236 4294
780 1151 3802
860.333 1122 3802
516 855 2990
240.667 736 1686
1181 1232 4061
1195.33 1213 4061
1739 1363 4780
1099 819 3060
1000 865 3060
280.333 667 2116
980 1109 3802
638.333 937 3217
1089 796 2678
977 903 3060
734 1062 3709
667 823 2568
1041 849 2926
269 681 1726
328.333 714 2250
1162.33 1236 4061
686.333 928 3083
677 1083 3476
787.667 1060 3709
1413 1430 4780
811 675 2178
822 662 2044
753 742 2568
872 642 2093
890.667 1234 3813
265.667 685 1849
527.667 943 3083
313 732 2201
183 583 1531
805 723 2341
879 640 2341
325.333 728 2498
156 605 967
1028 829 2763
883 629 1959
742 775 2568
764 711 2178
863 665 2178
183 540 882
797 692 2271
643 486 1459
842 673 2186
647 475 1077
215.667 648 1616
704 453 1374
580 538 1686
642 501 1467
625 519 1601
170.667 587 1234
636 488 1211
669 469 1304
480 292 882
579 537 1071
542 559 1552
522 596 1849
334 368 0
158 591 719
480 246 0
73.3333 460 0
442 283 585
452 315 719
73.3333 503 649
442 262 0
334 405 486
360 359 967
360 328 0


912.667 1375 4294
1325 983 3412
647.333 1144 3802
1021 1279 4294
527.667 943 3083
805.667 1265 3898
822.333 1020 3327
619.333 1254 3313
983.667 1287 4288
636 1158 3412
870.333 1418 4195
747.667 1122 3802
735 1065 3575
928 1211 3813
782.667 1076 3802
661.333 1135 3569
1000 865 3060
1028 829 2763
690 1038 3228
787.667 1060 3709
892.667 1312 4195
716.333 1129 3575
654.667 853 2835
724 1078 3709
1080 819 2763
265.667 685 1849
661 835 2608
240.667 736 1686
1221 1269 4294
1061 840 2926
1106 1422 4780
638.333 937 3217
686.333 928 3083
984 879 3060
801 1301 4061
697 1036 3476
522 849 2509
1241 1021 3645
832.333 1043 3709
742 775 2568
944.333 828 2608
269 681 1726
1171.33 1014 3327
885 1670 4288
1007.67 1490 4780
842 673 2186
724.333 907 3217
977 903 3060
616.333 853 2608
516 855 2990
1007 1541 4780
1089 796 2678
328.333 714 2250
879 640 2341
1041 849 2926
863 665 2178
1020.33 1019 3476
667 823 2568
615.667 1142 3217
1099 819 3060
811 675 2178
590 937 3083
1227 1232 4294
797 692 2271
503.667 859 2693
805 723 2341
917 1215 4195
1473 1386 4780
1001 1296 4294
643 486 1459
872 642 2093
156 605 967
183 540 882
280.333 667 2116
625 519 1601
764 711 2178
883 629 1959
158 591 719
313 732 2201
170.667 587 1234
636 488 1211
642 501 1467
580 538 1686
215.667 648 1616
822 662 2044
325.333 728 2498
753 742 2568
334 405 486
647 475 1077
442 283 585
183 583 1531
480 246 0
542 559 1552
73.3333 460 0
522 596 1849
579 537 1071
704 453 1374
442 262 0
73.3333 503 649
669 469 1304
334 368 0
480 292 882
452 315 719
360 328 0
360 359 967


941 1232 4294
907 1332 4294
511 828 2608
646 1162 3575
1041 849 2926
697 1036 3476
769 1368 4195
926.667 1308 4288
1309 1476 4780
654.667 853 2835
877.333 1333 4195
527.667 943 3083
832.333 1043 3709
782.667 1076 3802
1316 973 3645
686.333 928 3083
647.333 1144 3802
1089 796 2678
930.333 1271 4294
724.333 907 3217
801 1301 4061
615.667 1142 3217
1061 840 2926
1241 1021 3645
893.667 1473 4288
1080 819 2763
590 937 3083
1202 1489 4780
240.667 736 1686
724 1078 3709
1355.33 1417 4780
787.667 1060 3709
1007 1541 4780
1275 1224 3898
684.333 1122 3321
739.667 1013 3575
977 903 3060
503.667 859 2693
516 855 2990
1099 819 3060
1028 829 2763
913.333 1288 3813
842 673 2186
984 879 3060
265.667 685 1849
883 629 1959
328.333 714 2250
1000 865 3060
1240.67 1193 3813
638.333 937 3217
667 823 2568
863 665 2178
805 723 2341
313 732 2201
183 583 1531
280.333 667 2116
734 1062 3709
1446 1208 4131
742 775 2568
822 662 2044
325.333 728 2498
811 675 2178
269 681 1726
183 540 882
764 711 2178
642 501 1467
625 519 1601
156 605 967
879 640 2341
542 559 1552
522 596 1849
872 642 2093
480 246 0
753 742 2568
643 486 1459
158 591 719
73.3333 460 0
170.667 587 1234
704 453 1374
360 328 0
579 537 1071
452 315 719
215.667 648 1616
73.3333 503 649
360 359 967
797 692 2271
669 469 1304
580 538 1686
480 292 882
636 488 1211
334 405 486
442 283 585
647 475 1077
442 262 0
334 368 0


