269 818 2190
389.55 1328 3170
1288.4 1278 3618
195 895 2190
561.25 1340 3356
1390 1263 3534
190.6 938 2638
1439 1216 3534
1079 1235 3485
650.6 1200 3170
379.8 853 2469
195 931 2638
314.8 1148 3135
839 1131 3170
1262 1228 3356
841.2 1363 3618
898 1031 3170
540.6 1301 3170
593.333 1119 3121
865 1083 3121
588 1029 3037
726 1300 3485
185.4 948 2509
173.8 968 2061
1293 1221 3499
648.5 776 2237
714 1140 3135
447 711 2007
691.2 1101 3051
1101 1006 3002
311.4 726 2190
128.2 844 2012
306.2 736 2061
715.1 1098 3051
392.5 827 2687
379.05 866 2425
488.5 668 1646
556.333 1130 3002
349 695 1597
206.6 760 2012
185.4 912 2061
128.2 782 898
128.2 808 1564
128.2 759 0
441.8 721 1878
269.5 517 1163
216 543 1524
948 1282 3618
449 683 1888
502 647 2021
164.333 632 1564
367.5 645 1611
529.75 1115 2819
210.8 553 1395
695 493 1074
141.65 583 0
188.4 416 666
640 469 980
153.6 426 0
443.8 693 1759
472 265 497
412 272 0
412 310 483
153.6 449 898
141.65 606 898
372 351 364
188.4 390 0
478 287 626
372 330 0
472 222 0


392.5 827 2687
811 1207 3534
743.7 1271 3618
719 811 2385
195 895 2190
887 1015 2868
276.1 1032 3135
173.8 968 2061
368.8 887 2544
379.05 866 2425
263.8 828 2061
267.85 1061 3002
190.6 938 2638
1487 1188 3534
648.5 776 2237
734.85 1308 3356
1187 1110 3170
1249 1029 3051
195 931 2638
738.65 1458 3534
248 1099 2992
185.4 948 2509
349 695 1597
662.1 1133 3170
630 826 2223
716.85 1422 3485
298.8 1213 3170
502 647 2021
367.5 645 1611
449 683 1888
441.8 721 1878
447 711 2007
311.4 726 2190
443.8 693 1759
1078 1028 2873
1296 1178 3499
488.5 668 1646
269.5 517 1163
190.6 902 2190
306.2 736 2061
695 493 1074
128.2 808 1564
269 818 2190
164.333 632 1564
653.85 1410 3356
128.2 782 898
128.2 844 2012
210.8 553 1395
141.65 583 0
128.2 759 0
472 222 0
206.6 760 2012
216 543 1524
478 287 626
372 351 364
188.4 416 666
472 265 497
141.65 606 898
153.6 449 898
412 310 483
640 469 980
372 330 0
412 272 0
188.4 390 0
153.6 426 0


715.1 1098 3051
349.3 1179 2687
719 811 2385
529.5 1160 3121
525 1142 2859
660 1153 3002
993.4 1557 3618
389.55 1328 3170
687 1373 3485
1017.6 1441 3618
1048.4 1258 3618
1021.75 1300 3618
263.8 864 2509
799.75 1243 3316
292.6 1199 2908
764 1330 3499
1079 1235 3485
190.6 938 2638
991 1247 3356
269 854 2638
768 1069 2859
374 877 2673
741 1086 3121
723.45 1344 3485
898 1031 3170
263.8 828 2061
740.533 1230 3135
392.5 827 2687
742.75 1268 3316
578.65 1072 2873
738.65 1458 3534
379.8 853 2469
735.45 1300 3485
751.5 1189 3170
394.35 1373 3356
1293 1221 3499
443.8 693 1759
674 1318 3170
195 931 2638
648.5 776 2237
983.5 1300 3534
1101 1006 3002
322.25 1196 2819
269 818 2190
334.35 1254 2992
173.8 968 2061
401.65 1277 3051
128.2 844 2012
441.8 721 1878
128.2 782 898
1087 1027 3135
128.2 808 1564
185.4 912 2061
917.35 1310 3499
887 1015 2868
349 695 1597
306.2 736 2061
1115.8 1203 3356
128.2 759 0
367.5 645 1611
164.333 632 1564
796.15 1254 3356
449 683 1888
488.5 668 1646
206.6 760 2012
210.8 553 1395
216 543 1524
640 469 980
141.65 583 0
195 895 2190
502 647 2021
311.4 726 2190
372 330 0
153.6 426 0
412 272 0
188.4 390 0
695 493 1074
269.5 517 1163
472 222 0
447 711 2007
141.65 606 898
188.4 416 666
472 265 497
372 351 364
412 310 483
478 287 626
153.6 449 898


269 854 2638
605.75 1006 3002
719 811 2385
318.25 1129 3002
343.95 1204 3121
209.3 909 2061
720 1123 3121
660.9 1309 3499
190.6 938 2638
594 1073 2873
923 1025 3037
838 1133 3135
623 1418 3499
263.8 864 2509
309.55 1209 2690
561.25 1340 3356
664.75 1165 3170
777.2 1243 3618
1487 1188 3534
314.75 1187 3002
865 1083 3121
206.6 760 2012
726 1300 3485
1029 1096 3135
392.5 827 2687
1109 1131 3170
185.4 912 2061
630 826 2223
469.2 1376 3170
367.5 645 1611
1236 1036 3170
726.75 1273 3534
128.2 808 1564
715.1 1098 3051
659.2 1299 3135
502 647 2021
648.5 776 2237
447 711 2007
349 695 1597
311.4 726 2190
269 818 2190
443.8 693 1759
128.2 844 2012
811 1207 3534
441.8 721 1878
128.2 782 898
185.4 948 2509
128.2 759 0
216 543 1524
210.8 553 1395
173.8 968 2061
141.65 583 0
449 683 1888
141.65 606 898
164.333 632 1564
640 469 980
306.2 736 2061
488.5 668 1646
269.5 517 1163
478 287 626
472 265 497
695 493 1074
372 351 364
412 310 483
188.4 390 0
472 222 0
372 330 0
153.6 449 898
412 272 0
153.6 426 0
188.4 416 666


309.55 1209 2690
795.25 1235 3316
195 895 2190
190.6 938 2638
777.2 1243 3618
379.8 853 2469
1487 1188 3534
738.65 1458 3534
574.25 1262 3485
515.05 1098 3051
576.4 1026 3135
253.2 1053 2673
638.2 1136 3170
1250 1031 3170
269 818 2190
443.8 693 1759
1104 826 2223
185.4 912 2061
173.8 968 2061
1439 1230 3316
1178 776 2237
441.8 721 1878
685.2 1599 3618
311.4 726 2190
392.5 827 2687
1202 1059 3170
269 854 2638
488.5 668 1646
128.2 844 2012
341.35 1172 3002
389.55 1328 3170
128.2 759 0
206.6 760 2012
349 695 1597
128.2 808 1564
216 543 1524
269.5 517 1163
449 683 1888
306.2 736 2061
367.5 645 1611
447 711 2007
210.8 553 1395
502 647 2021
128.2 782 898
141.65 606 898
141.65 583 0
478 287 626
164.333 632 1564
472 222 0
472 265 497
412 272 0
188.4 416 666
372 351 364
153.6 426 0
372 330 0
695 493 1074
640 469 980
412 310 483
153.6 449 898
188.4 390 0


253.6 989 2638
185.4 912 2061
630 826 2223
195 895 2190
189.75 980 2376
1092 1160 3170
650.9 1343 3485
1095 1136 3170
374 877 2673
235.2 1038 2554
190.6 902 2190
253.2 1051 2638
1249 1029 3051
1104.75 1239 3356
384.25 856 2554
1089 1031 3002
1415 1251 3534
751.5 1189 3170
392.5 827 2687
173.8 968 2061
394.35 1373 3356
379.05 866 2425
674 1318 3170
903 1011 2868
441.8 721 1878
269 818 2190
743.7 1271 3618
190.8 995 2495
1131.5 1213 3499
719 811 2385
128.2 808 1564
819 1163 3170
685.2 1599 3618
796.15 1254 3356
648.5 776 2237
449 683 1888
276.1 1032 3135
206.6 760 2012
311.4 726 2190
349 695 1597
271.25 900 2376
640 1336 3170
306.2 736 2061
128.2 759 0
443.8 693 1759
128.2 782 898
269.5 517 1163
128.2 844 2012
488.5 668 1646
502 647 2021
216 543 1524
210.8 553 1395
447 711 2007
367.5 645 1611
141.65 606 898
141.65 583 0
478 287 626
188.4 390 0
164.333 632 1564
472 222 0
472 265 497
412 272 0
188.4 416 666
372 351 364
153.6 426 0
372 330 0
695 493 1074
640 469 980
412 310 483
153.6 449 898


1158.4 1209 3499
376.4 1389 3170
576.4 1026 3135
394.35 1373 3356
721.2 1299 3485
1178 776 2237
743.7 1271 3618
379.05 866 2425
887 1015 2868
561.2 1209 3051
694.85 1357 3356
1499 1200 3618
392.5 827 2687
185.4 912 2061
839 1131 3170
389.55 1328 3170
314.75 1178 2859
311.4 726 2190
269 818 2190
195 895 2190
570.35 1275 3121
173.8 968 2061
190.6 938 2638
443.8 693 1759
650.6 1200 3170
374 877 2673
447 711 2007
384.25 856 2554
449 683 1888
128.2 808 1564
1104 826 2223
923 1025 3037
640 1372 3618
271.25 900 2376
206.6 760 2012
128.2 844 2012
367.5 645 1611
306.2 736 2061
128.2 782 898
488.5 668 1646
128.2 759 0
510.05 1108 2908
269.5 517 1163
164.333 632 1564
185.4 948 2509
441.8 721 1878
210.8 553 1395
141.65 606 898
502 647 2021
216 543 1524
695 493 1074
349 695 1597
640 469 980
188.4 416 666
388.55 1304 3037
412 310 483
188.4 390 0
372 351 364
153.6 449 898
472 222 0
478 287 626
153.6 426 0
141.65 583 0
412 272 0
472 265 497
372 330 0


653.85 1410 3356
195 895 2190
694.85 1357 3356
796.15 1254 3356
720.35 1340 3485
865 1381 3499
908.533 1434 3618
392.5 827 2687
515.05 1098 3051
259.65 1035 2554
314.75 1178 2859
317.05 1211 2873
795.25 1235 3316
185.4 912 2061
1178 776 2237
1021.75 1300 3618
189.75 980 2376
368.8 887 2544
263.8 828 2061
1020.4 1285 3499
384.25 856 2554
1262 1228 3356
849.5 1110 3170
898 1031 3170
1105 1264 3485
511.85 1168 2859
726 1300 3485
1075 1016 2873
991 1391 3534
270.75 928 2495
576.4 1026 3135
1050.5 1269 3534
848.8 1435 3499
298.8 1213 3170
488.5 668 1646
269 818 2190
190.8 995 2495
311.4 726 2190
502 647 2021
306.2 736 2061
904 1322 3499
128.2 759 0
765.45 1294 3356
128.2 844 2012
201.05 974 2376
1101 1006 3002
367.5 645 1611
443.8 693 1759
447 711 2007
719 811 2385
128.2 782 898
449 683 1888
128.2 808 1564
917.35 1310 3499
279.8 1036 2638
206.6 760 2012
441.8 721 1878
141.65 583 0
695 493 1074
173.8 968 2061
269.5 517 1163
349 695 1597
210.8 553 1395
141.65 606 898
164.333 632 1564
640 469 980
478 287 626
216 543 1524
188.4 416 666
153.6 426 0
372 330 0
472 222 0
188.4 390 0
372 351 364
153.6 449 898
472 265 497
412 310 483
412 272 0


1104 826 2223
374 877 2673
384.25 856 2554
989 899 2687
185.4 948 2509
725 1467 3499
904.333 1117 3170
795.25 1235 3316
263.8 828 2061
248 1099 2992
554.55 1089 2690
1079 1235 3485
522.55 1096 3135
650.9 1343 3485
650.6 1200 3170
972 928 2687
263.8 864 2509
887 854 2638
576.4 1026 3135
726.75 1273 3534
379.8 853 2469
721.2 1299 3485
802 1456 3618
298.8 1213 3170
1202 1059 3170
190.6 938 2638
515.05 1098 3051
1101 1006 3002
441.8 721 1878
442.2 968 2687
1003 1381 3618
1140 985 2720
1131.5 1213 3499
1236 1036 3170
128.2 782 898
252.2 999 2687
1178 776 2237
1022 851 2504
190.6 902 2190
185.4 912 2061
906 965 2687
128.2 844 2012
796.15 1254 3356
349 695 1597
447 711 2007
488.5 668 1646
449 683 1888
1082 827 2687
1265.6 1296 3618
206.6 760 2012
443.8 693 1759
269.5 517 1163
367.5 645 1611
839 1131 3170
128.2 808 1564
164.333 632 1564
141.65 583 0
128.2 759 0
306.2 736 2061
210.8 553 1395
141.65 606 898
311.4 726 2190
695 493 1074
502 647 2021
188.4 416 666
640 469 980
472 222 0
216 543 1524
372 330 0
153.6 449 898
372 351 364
188.4 390 0
412 310 483
412 272 0
472 265 497
478 287 626
153.6 426 0


263.8 864 2509
662.1 1133 3170
195 895 2190
562.65 1333 3485
195 931 2638
650.6 1200 3170
777.2 1243 3618
314.8 1148 3135
1319 984 3051
496.2 1142 2992
253.2 1053 2673
269 854 2638
1135 1188 3534
648.5 776 2237
185.4 948 2509
376.4 1389 3170
576.4 1026 3135
726.75 1273 3534
392.5 827 2687
263.8 828 2061
556.333 1130 3002
306.2 736 2061
441.8 721 1878
173.8 968 2061
269 818 2190
1236 1036 3170
488.5 668 1646
128.2 782 898
185.4 912 2061
246.95 1084 2873
389.55 1328 3170
128.2 759 0
447 711 2007
349 695 1597
128.2 808 1564
502 647 2021
449 683 1888
311.4 726 2190
367.5 645 1611
443.8 693 1759
128.2 844 2012
216 543 1524
164.333 632 1564
695 493 1074
640 469 980
269.5 517 1163
141.65 606 898
188.4 390 0
141.65 583 0
206.6 760 2012
478 287 626
472 265 497
153.6 449 898
210.8 553 1395
412 310 483
372 351 364
153.6 426 0
412 272 0
372 330 0
472 222 0
188.4 416 666


1101 1006 3002
1296 1178 3499
1008 877 2673
811 1207 3534
1236 1036 3170
732.6 1472 3618
511.4 899 2687
740 1347 3618
263.8 828 2061
379.8 853 2469
795.25 1235 3316
269 818 2190
190.8 959 2047
173.8 968 2061
648.5 776 2237
664.75 1165 3170
384.25 856 2554
263.8 864 2509
719 811 2385
1065 1256 3618
368.8 887 2544
421.2 1250 3499
1082 827 2687
192.85 984 2376
376.4 1389 3170
195 931 2638
442.4 968 2673
349 695 1597
367.5 645 1611
630 826 2223
600 891 2638
635.75 1388 3534
441.8 721 1878
128.2 844 2012
502 647 2021
276.1 1032 3135
206.6 760 2012
447 711 2007
128.2 759 0
190.8 995 2495
449 683 1888
311.4 726 2190
128.2 782 898
443.8 693 1759
306.2 736 2061
128.2 808 1564
466.1 965 2687
743.7 1271 3618
164.333 632 1564
670 851 2504
210.8 553 1395
269.5 517 1163
488.5 668 1646
1087 1027 3135
141.65 606 898
141.65 583 0
695 493 1074
216 543 1524
640 469 980
372 351 364
412 310 483
188.4 416 666
153.6 449 898
372 330 0
472 222 0
188.4 390 0
153.6 426 0
412 272 0
472 265 497
478 287 626


719 811 2385
1246 1232 3356
263.8 864 2509
608.333 1104 3135
190.6 938 2638
368.8 887 2544
248 1099 2992
297.8 1189 3037
1296 979 3051
379.8 853 2469
1487 1188 3534
314.8 1148 3135
718.55 1228 3170
1202 1258 3618
401.15 1305 3170
376.4 1389 3170
421.2 1250 3499
384.25 856 2554
608.25 1053 2908
865 1083 3121
576.25 1096 2908
726.75 1273 3534
253.2 1053 2673
304.2 1201 3121
173.8 968 2061
236.2 1062 2687
190.6 902 2190
374 877 2673
648.5 776 2237
349 695 1597
1037.8 1283 3618
449 683 1888
269 818 2190
898 1031 3170
977 1349 3618
185.4 912 2061
128.2 782 898
128.2 808 1564
1439 1230 3316
819 1163 3170
1367 1252 3534
1275 1025 3037
594 1073 2873
128.2 844 2012
367.5 645 1611
392.5 827 2687
441.8 721 1878
311.4 726 2190
443.8 693 1759
206.6 760 2012
389.55 1328 3170
515.05 1098 3051
128.2 759 0
269.5 517 1163
164.333 632 1564
141.65 606 898
195 895 2190
488.5 668 1646
210.8 553 1395
141.65 583 0
216 543 1524
640 469 980
188.4 416 666
447 711 2007
502 647 2021
153.6 449 898
412 310 483
153.6 426 0
472 222 0
695 493 1074
188.4 390 0
412 272 0
372 330 0
306.2 736 2061
472 265 497
372 351 364
478 287 626


1135 1188 3534
576.4 1026 3135
726.75 1273 3534
648.5 776 2237
195 931 2638
1296 1178 3499
195 895 2190
185.4 912 2061
1236 1036 3170
384.25 856 2554
660.9 1309 3499
983.4 1131 3170
662.1 1133 3170
1071 811 2385
519.2 1062 2873
407.1 1293 3485
510.05 1108 2908
777.2 1243 3618
128.2 759 0
206.6 760 2012
314.8 1148 3135
374 877 2673
349 695 1597
263.8 864 2509
441.8 721 1878
128.2 782 898
443.8 693 1759
457.8 928 2687
309.55 1209 2690
675 852 2371
337 1137 2687
447 711 2007
449 683 1888
311.4 726 2190
263.8 828 2061
488.5 668 1646
502 647 2021
185.4 948 2509
367.5 645 1611
368.8 887 2544
128.2 808 1564
164.333 632 1564
306.2 736 2061
141.65 583 0
210.8 553 1395
216 543 1524
269.5 517 1163
128.2 844 2012
640 469 980
695 493 1074
472 265 497
472 222 0
141.65 606 898
372 351 364
478 287 626
412 272 0
412 310 483
188.4 416 666
153.6 426 0
188.4 390 0
372 330 0
153.6 449 898


389.55 1328 3170
173.8 968 2061
1021.75 1300 3618
269 818 2190
195 895 2190
297.8 1189 3037
379.8 853 2469
384.25 856 2554
884 1036 3170
385.7 1273 3051
1135 1188 3534
576.4 1026 3135
523.5 1069 3170
657.2 995 3135
648.5 776 2237
190.8 995 2495
306.2 736 2061
717.2 1257 3499
1022 1255 3316
311.4 726 2190
443.8 693 1759
447 711 2007
252.2 999 2687
1131.5 1213 3499
128.2 808 1564
367.5 645 1611
660.9 1309 3499
1071 811 2385
908.533 1434 3618
392.5 827 2687
206.6 760 2012
128.2 759 0
344.45 1176 3002
128.2 782 898
252.2 992 2638
263.8 864 2509
488.5 668 1646
128.2 844 2012
441.8 721 1878
269.5 517 1163
502 647 2021
449 683 1888
189.75 980 2376
209.3 945 2509
141.65 583 0
640 469 980
216 543 1524
349 695 1597
210.8 553 1395
188.4 416 666
695 493 1074
472 265 497
153.6 426 0
478 287 626
472 222 0
164.333 632 1564
372 351 364
412 310 483
188.4 390 0
153.6 449 898
141.65 606 898
412 272 0
372 330 0


209.3 945 2509
263.8 828 2061
185.4 912 2061
685.2 1599 3618
923 1025 3037
1037.8 1321 3618
253.6 989 2638
741 1086 3121
235.2 1053 2638
586.25 1348 3499
662.1 1133 3170
634.6 1197 3002
795.25 1235 3316
1101 1234 3499
562.65 1333 3485
185.4 948 2509
1390 1263 3534
248 1099 2992
1487 1188 3534
235.2 1038 2554
983.4 1131 3170
650.6 1200 3170
1153.2 1077 3135
392.5 827 2687
269 854 2638
608.25 1053 2908
865 1083 3121
838 1514 3618
726.75 1273 3534
1050.5 1269 3534
443.8 693 1759
721.2 1299 3485
128.2 844 2012
648.5 776 2237
128.2 759 0
719 811 2385
449 683 1888
502 647 2021
349 695 1597
173.8 968 2061
367.5 645 1611
1226 1056 3051
164.333 632 1564
441.8 721 1878
1000 1108 3135
311.4 726 2190
216 543 1524
488.5 668 1646
447 711 2007
252.2 999 2687
206.6 760 2012
1170 1319 3618
1131.5 1213 3499
141.65 583 0
306.2 736 2061
141.65 606 898
640 469 980
695 493 1074
582.8 1298 3121
128.2 808 1564
128.2 782 898
269.5 517 1163
209.3 909 2061
472 222 0
412 310 483
553.35 1563 3170
153.6 426 0
372 330 0
372 351 364
472 265 497
188.4 416 666
153.6 449 898
412 272 0
210.8 553 1395
478 287 626
188.4 390 0


576.4 1026 3135
253.2 1053 2673
173.8 968 2061
630 826 2223
374 877 2673
1275 1025 3037
185.4 948 2509
1101 1006 3002
1022 1255 3316
743.7 1271 3618
719 811 2385
1236 1036 3170
195 931 2638
694.85 1357 3356
190.6 938 2638
269 854 2638
839 1131 3170
389.55 1328 3170
687 1373 3485
1048.4 1258 3618
263.8 864 2509
128.2 808 1564
392.5 827 2687
297.8 1189 3037
1296 979 3051
779.25 1245 3170
190.6 902 2190
409.85 1282 3135
723.45 1344 3485
269 818 2190
263.8 828 2061
496.2 1142 2992
128.2 759 0
311.4 726 2190
1158.4 1209 3499
128.2 844 2012
379.8 853 2469
735.45 1300 3485
449 683 1888
271.7 1003 2687
306.2 736 2061
349 695 1597
206.6 760 2012
394.35 1373 3356
563.65 1087 2859
502 647 2021
447 711 2007
164.333 632 1564
488.5 668 1646
441.8 721 1878
648.5 776 2237
128.2 782 898
141.65 583 0
216 543 1524
640 469 980
367.5 645 1611
210.8 553 1395
141.65 606 898
443.8 693 1759
695 493 1074
153.6 449 898
188.4 390 0
412 310 483
188.4 416 666
153.6 426 0
269.5 517 1163
472 265 497
412 272 0
372 351 364
372 330 0
478 287 626
472 222 0


263.8 828 2061
630 826 2223
841.2 1363 3618
898 1031 3170
252.2 1035 3135
392.5 827 2687
576.4 1026 3135
397.45 1377 3356
379.8 853 2469
185.4 948 2509
720.45 1351 3485
721.2 1299 3485
719 811 2385
811 1207 3534
977 1349 3618
195 931 2638
206.6 760 2012
389.55 1328 3170
269 854 2638
687 1373 3485
795.25 1235 3316
248 1099 2992
367.5 645 1611
195 895 2190
441.8 721 1878
128.2 759 0
443.8 693 1759
349 695 1597
128.2 782 898
488.5 668 1646
447 711 2007
449 683 1888
664.75 1165 3170
216 543 1524
306.2 736 2061
128.2 808 1564
1487 1188 3534
164.333 632 1564
141.65 606 898
141.65 583 0
502 647 2021
128.2 844 2012
695 493 1074
210.8 553 1395
311.4 726 2190
372 330 0
640 469 980
478 287 626
269.5 517 1163
153.6 426 0
412 272 0
372 351 364
188.4 390 0
188.4 416 666
153.6 449 898
412 310 483
472 222 0
472 265 497


379.8 853 2469
958 1517 3618
723.45 1344 3485
252.15 1074 3002
523.5 1069 3170
762.35 1290 3356
576.4 1026 3135
252.2 1035 3135
648.5 776 2237
644.35 1434 3485
263.8 864 2509
811 1207 3534
1176 1296 3618
600.55 1016 2873
209.3 909 2061
374 877 2673
1275 1025 3037
185.4 912 2061
128.2 782 898
630 826 2223
128.2 844 2012
311.4 726 2190
748.15 1314 3356
1273 1237 3618
687 1373 3485
189.75 980 2376
392.5 827 2687
349 695 1597
269 854 2638
1064.75 1371 3618
502 647 2021
190.6 938 2638
128.2 759 0
195 931 2638
206.6 760 2012
367.5 645 1611
1296 979 3051
449 683 1888
1487 1188 3534
128.2 808 1564
447 711 2007
306.2 736 2061
269.5 517 1163
488.5 668 1646
216 543 1524
1202 1258 3618
210.8 553 1395
443.8 693 1759
441.8 721 1878
401.15 1305 3170
640 469 980
153.6 449 898
164.333 632 1564
695 493 1074
141.65 583 0
372 351 364
141.65 606 898
188.4 390 0
472 265 497
372 330 0
478 287 626
188.4 416 666
412 272 0
412 310 483
472 222 0
153.6 426 0


637.35 1426 3499
1165 1300 3618
276.1 1032 3135
1017.25 1314 3534
392.5 827 2687
269 854 2638
1132 1231 3485
574.25 1262 3485
263.8 864 2509
735.6 1354 3618
562.65 1333 3485
195 895 2190
1079 1235 3485
664.75 1165 3170
650.6 1200 3170
190.6 902 2190
839 1131 3170
849.5 1110 3170
1128.25 1266 3499
1362.6 1228 3499
1415 1251 3534
376.4 1389 3170
576.4 1026 3135
192.35 1012 2495
1047.5 1306 3534
394.35 1373 3356
1050.5 1269 3534
1036.25 1309 3534
173.8 968 2061
128.2 844 2012
269 818 2190
379.8 853 2469
1104 826 2223
189.75 980 2376
488.5 668 1646
441.8 721 1878
1178 776 2237
977 1349 3618
306.2 736 2061
502 647 2021
128.2 808 1564
449 683 1888
195 931 2638
206.6 760 2012
128.2 759 0
367.5 645 1611
311.4 726 2190
128.2 782 898
447 711 2007
1037.8 1321 3618
349 695 1597
269.5 517 1163
164.333 632 1564
210.8 553 1395
141.65 583 0
188.4 416 666
640 469 980
443.8 693 1759
412 310 483
153.6 449 898
141.65 606 898
216 543 1524
695 493 1074
153.6 426 0
188.4 390 0
478 287 626
472 222 0
412 272 0
372 351 364
372 330 0
472 265 497


1499 1200 3618
574.25 1262 3485
263.8 864 2509
1273 1237 3618
493.6 1200 3121
1332 985 2720
248 1099 2992
648.5 776 2237
343.95 1204 3121
190.6 938 2638
664.75 1165 3170
384.25 856 2554
719 811 2385
190.6 902 2190
841.2 1363 3618
898 1031 3170
640 1372 3618
195 895 2190
392.5 827 2687
1135 1188 3534
488.5 668 1646
376.4 1389 3170
576.4 1026 3135
726.75 1273 3534
486.5 1330 3135
394.35 1373 3356
253.2 1053 2673
269 818 2190
173.8 968 2061
556.333 1130 3002
1131.5 1213 3499
657.2 995 3135
206.6 760 2012
128.2 808 1564
502 647 2021
185.4 912 2061
449 683 1888
128.2 844 2012
1037.8 1321 3618
441.8 721 1878
443.8 693 1759
269.5 517 1163
311.4 726 2190
164.333 632 1564
349 695 1597
128.2 782 898
128.2 759 0
447 711 2007
306.2 736 2061
540.6 1301 3170
367.5 645 1611
640 469 980
210.8 553 1395
216 543 1524
153.6 426 0
695 493 1074
141.65 583 0
188.4 416 666
372 351 364
141.65 606 898
153.6 449 898
472 222 0
372 330 0
412 272 0
472 265 497
188.4 390 0
478 287 626
412 310 483


