1.087286879e+00 1.190568475e+00 1.292064289e+00 
1.150605387e+00 1.083333333e+00 1.091411351e+00 
1.212379540e+00 1.027777778e+00 1.124811652e+00 
1.037188041e+00 1.108527132e+00 1.000000000e+00 
1.216085990e+00 1.041989664e+00 1.157207433e+00 
1.255621448e+00 1.213824289e+00 1.350326469e+00 
1.175315048e+00 1.032299742e+00 1.000000000e+00 
1.078947368e+00 1.146640827e+00 1.225514817e+00 
1.037188041e+00 1.125322997e+00 1.167252637e+00 
1.221645663e+00 1.255167959e+00 1.346810648e+00 
1.130837658e+00 1.249354005e+00 1.324460070e+00 
1.150605387e+00 1.069767442e+00 1.000000000e+00 
1.350135903e+00 1.175064599e+00 1.269713712e+00 
1.399555226e+00 1.304263566e+00 1.441737820e+00 
1.175315048e+00 1.056847545e+00 1.121295831e+00 
1.212379540e+00 1.000000000e+00 1.000000000e+00 
1.075858661e+00 1.222868217e+00 1.288548468e+00 
1.082190511e+00 1.209302326e+00 1.258663988e+00 
1.316160119e+00 1.159560724e+00 1.246107484e+00 
1.222881147e+00 1.237080103e+00 1.316926168e+00 
1.222572276e+00 1.288113695e+00 1.413360121e+00 
1.414381023e+00 1.315891473e+00 1.504018081e+00 
1.116629602e+00 1.264857881e+00 1.392767454e+00 
1.448356808e+00 1.274547804e+00 1.507533903e+00 
1.398319743e+00 1.322351421e+00 1.471622300e+00 
1.415616506e+00 1.297803618e+00 1.474133601e+00 
1.330615271e+00 1.325581395e+00 1.549974887e+00 
1.063256733e+00 1.401808786e+00 1.505273732e+00 
1.271682728e+00 1.207364341e+00 1.382722250e+00 
1.582406721e+00 1.380490956e+00 1.598945254e+00 
1.187978750e+00 1.330103359e+00 1.517579106e+00 
1.086823573e+00 1.208010336e+00 1.279758915e+00 
1.231529528e+00 1.388888889e+00 1.549974887e+00 
1.101927354e+00 1.499354005e+00 1.626569563e+00 
1.176550531e+00 1.362403101e+00 1.514063285e+00 
1.147825550e+00 1.273255814e+00 1.404570568e+00 
1.288361749e+00 1.414728682e+00 1.630085384e+00 
1.494069681e+00 1.513565891e+00 1.711451532e+00 
1.136397331e+00 1.305555556e+00 1.401054746e+00 
1.633061527e+00 1.622093023e+00 1.878704169e+00 
1.360019768e+00 1.407622739e+00 1.620040181e+00 
1.437237460e+00 1.579457364e+00 1.796082371e+00 
1.183345688e+00 1.340439276e+00 1.495228528e+00 
1.111687670e+00 1.347545220e+00 1.505273732e+00 
1.111687670e+00 1.324289406e+00 1.392767454e+00 
1.255621448e+00 1.437984496e+00 1.596685083e+00 
1.104521868e+00 1.458010336e+00 1.662481165e+00 
1.254385965e+00 1.456072351e+00 1.626569563e+00 
1.271991599e+00 1.479974160e+00 1.674786539e+00 
1.063256733e+00 1.378552972e+00 1.392767454e+00 
1.101927354e+00 1.476098191e+00 1.514063285e+00 
1.271312083e+00 1.292635659e+00 1.436966349e+00 
1.309982703e+00 1.390180879e+00 1.558262180e+00 
1.721398567e+00 1.617571059e+00 1.878704169e+00 
1.828267853e+00 1.615633075e+00 1.878704169e+00 
1.216394860e+00 1.314599483e+00 1.449271723e+00 
1.321410922e+00 1.357881137e+00 1.561778001e+00 
1.454843094e+00 1.540697674e+00 1.796082371e+00 
1.380714109e+00 1.390826873e+00 1.674786539e+00 
1.393068940e+00 1.588501292e+00 1.796082371e+00 
1.063256733e+00 1.361757106e+00 1.225514817e+00 
1.369285891e+00 1.423126615e+00 1.671270718e+00 
1.453916481e+00 1.728682171e+00 2.000000000e+00 
1.235544848e+00 1.691860465e+00 1.875188348e+00 
1.304423029e+00 1.385012920e+00 1.549974887e+00 
1.304423029e+00 1.408268734e+00 1.662481165e+00 
1.319866568e+00 1.622739018e+00 1.908588649e+00 
1.104521868e+00 1.434754522e+00 1.549974887e+00 
1.422411663e+00 1.520671835e+00 1.721496735e+00 
1.154620707e+00 1.523255814e+00 1.787292818e+00 
1.143192488e+00 1.555555556e+00 1.783776996e+00 
1.494316778e+00 1.519379845e+00 1.787292818e+00 
1.091425747e+00 1.481912145e+00 1.517579106e+00 
1.445576971e+00 1.573643411e+00 1.796082371e+00 
1.684334075e+00 1.525839793e+00 1.796082371e+00 
1.154620707e+00 1.500000000e+00 1.674786539e+00 
1.143192488e+00 1.532299742e+00 1.671270718e+00 
1.246973066e+00 1.659560724e+00 1.878704169e+00 
1.626266370e+00 1.499354005e+00 1.787292818e+00 
1.139949345e+00 1.587209302e+00 1.717980914e+00 
1.209908574e+00 1.408914729e+00 1.549974887e+00 
1.692982456e+00 1.522609819e+00 1.796082371e+00 
1.151377564e+00 1.554909561e+00 1.721496735e+00 
1.825179145e+00 1.620801034e+00 1.887493722e+00 
1.512910798e+00 1.489018088e+00 1.766197891e+00 
1.512447492e+00 1.506459948e+00 1.753892516e+00 
1.101278725e+00 1.489664083e+00 1.596685083e+00 
1.316314554e+00 1.376614987e+00 1.528377700e+00 
1.492834198e+00 1.534883721e+00 1.796082371e+00 

1.255621448e+00 1.213824289e+00 1.350326469e+00 
1.212379540e+00 1.000000000e+00 1.000000000e+00 
1.037188041e+00 1.125322997e+00 1.167252637e+00 
1.175315048e+00 1.032299742e+00 1.000000000e+00 
1.212379540e+00 1.027777778e+00 1.124811652e+00 
1.150605387e+00 1.069767442e+00 1.000000000e+00 
1.150605387e+00 1.083333333e+00 1.091411351e+00 
1.176550531e+00 1.362403101e+00 1.514063285e+00 
1.078947368e+00 1.146640827e+00 1.225514817e+00 
1.216085990e+00 1.041989664e+00 1.157207433e+00 
1.175315048e+00 1.056847545e+00 1.121295831e+00 
1.037188041e+00 1.108527132e+00 1.000000000e+00 
1.086823573e+00 1.208010336e+00 1.279758915e+00 
1.350135903e+00 1.175064599e+00 1.269713712e+00 
1.075858661e+00 1.222868217e+00 1.288548468e+00 
1.398319743e+00 1.322351421e+00 1.471622300e+00 
1.222881147e+00 1.237080103e+00 1.316926168e+00 
1.063256733e+00 1.378552972e+00 1.392767454e+00 
1.221645663e+00 1.255167959e+00 1.346810648e+00 
1.288361749e+00 1.414728682e+00 1.630085384e+00 
1.399555226e+00 1.304263566e+00 1.441737820e+00 
1.087286879e+00 1.190568475e+00 1.292064289e+00 
1.116629602e+00 1.264857881e+00 1.392767454e+00 
1.082190511e+00 1.209302326e+00 1.258663988e+00 
1.111687670e+00 1.347545220e+00 1.505273732e+00 
1.130837658e+00 1.249354005e+00 1.324460070e+00 
1.271682728e+00 1.207364341e+00 1.382722250e+00 
1.316160119e+00 1.159560724e+00 1.246107484e+00 
1.448356808e+00 1.274547804e+00 1.507533903e+00 
1.231529528e+00 1.388888889e+00 1.549974887e+00 
1.414381023e+00 1.315891473e+00 1.504018081e+00 
1.136397331e+00 1.305555556e+00 1.401054746e+00 
1.271312083e+00 1.292635659e+00 1.436966349e+00 
1.183345688e+00 1.340439276e+00 1.495228528e+00 
1.415616506e+00 1.297803618e+00 1.474133601e+00 
1.147825550e+00 1.273255814e+00 1.404570568e+00 
1.187978750e+00 1.330103359e+00 1.517579106e+00 
1.309982703e+00 1.390180879e+00 1.558262180e+00 
1.316314554e+00 1.376614987e+00 1.528377700e+00 
1.321410922e+00 1.357881137e+00 1.561778001e+00 
1.369285891e+00 1.423126615e+00 1.671270718e+00 
1.692982456e+00 1.522609819e+00 1.796082371e+00 
1.582406721e+00 1.380490956e+00 1.598945254e+00 
1.216394860e+00 1.314599483e+00 1.449271723e+00 
1.684334075e+00 1.525839793e+00 1.796082371e+00 
1.330615271e+00 1.325581395e+00 1.549974887e+00 
1.626266370e+00 1.499354005e+00 1.787292818e+00 
1.492834198e+00 1.534883721e+00 1.796082371e+00 
1.380714109e+00 1.390826873e+00 1.674786539e+00 
1.825179145e+00 1.620801034e+00 1.887493722e+00 
1.512447492e+00 1.506459948e+00 1.753892516e+00 
1.856683963e+00 1.743540052e+00 2.000000000e+00 
1.222572276e+00 1.288113695e+00 1.413360121e+00 
1.426735854e+00 1.607881137e+00 1.796082371e+00 
1.512910798e+00 1.489018088e+00 1.766197891e+00 
1.063256733e+00 1.401808786e+00 1.505273732e+00 
1.862243637e+00 1.729328165e+00 2.000000000e+00 
1.304423029e+00 1.408268734e+00 1.662481165e+00 
1.758463059e+00 1.597545220e+00 1.878704169e+00 
1.101927354e+00 1.499354005e+00 1.626569563e+00 
1.437237460e+00 1.579457364e+00 1.796082371e+00 
1.063256733e+00 1.361757106e+00 1.225514817e+00 
1.255621448e+00 1.437984496e+00 1.596685083e+00 
1.271991599e+00 1.479974160e+00 1.674786539e+00 
1.111687670e+00 1.324289406e+00 1.392767454e+00 
1.101927354e+00 1.476098191e+00 1.514063285e+00 
1.149524339e+00 1.541989664e+00 1.753892516e+00 
1.154620707e+00 1.523255814e+00 1.787292818e+00 
1.143192488e+00 1.532299742e+00 1.671270718e+00 
1.626884112e+00 1.769379845e+00 2.000000000e+00 
1.304423029e+00 1.385012920e+00 1.549974887e+00 
1.143192488e+00 1.555555556e+00 1.783776996e+00 
1.319866568e+00 1.622739018e+00 1.908588649e+00 
1.104521868e+00 1.458010336e+00 1.662481165e+00 
1.104521868e+00 1.434754522e+00 1.549974887e+00 
1.494316778e+00 1.519379845e+00 1.787292818e+00 
1.360019768e+00 1.407622739e+00 1.620040181e+00 
1.091425747e+00 1.481912145e+00 1.517579106e+00 
1.422411663e+00 1.520671835e+00 1.721496735e+00 
1.461638251e+00 1.547157623e+00 1.796082371e+00 
1.209908574e+00 1.408914729e+00 1.549974887e+00 
1.235544848e+00 1.691860465e+00 1.875188348e+00 
1.848035582e+00 1.746770026e+00 2.000000000e+00 
1.101278725e+00 1.489664083e+00 1.596685083e+00 
1.420404003e+00 1.804263566e+00 2.000000000e+00 
1.246973066e+00 1.659560724e+00 1.878704169e+00 
1.656381270e+00 1.747416021e+00 2.000000000e+00 
1.344112923e+00 1.615633075e+00 1.878704169e+00 
1.227668643e+00 1.743540052e+00 1.842792567e+00 
1.559241413e+00 1.791343669e+00 2.000000000e+00 
1.139949345e+00 1.587209302e+00 1.717980914e+00 
1.154620707e+00 1.500000000e+00 1.674786539e+00 
1.647732889e+00 1.750645995e+00 2.000000000e+00 
1.230911787e+00 1.688630491e+00 1.796082371e+00 
1.550593032e+00 1.794573643e+00 2.000000000e+00 

1.150605387e+00 1.083333333e+00 1.091411351e+00 
1.212379540e+00 1.000000000e+00 1.000000000e+00 
1.216085990e+00 1.041989664e+00 1.157207433e+00 
1.078947368e+00 1.146640827e+00 1.225514817e+00 
1.150605387e+00 1.069767442e+00 1.000000000e+00 
1.212379540e+00 1.027777778e+00 1.124811652e+00 
1.104521868e+00 1.434754522e+00 1.549974887e+00 
1.037188041e+00 1.108527132e+00 1.000000000e+00 
1.037188041e+00 1.125322997e+00 1.167252637e+00 
1.222881147e+00 1.237080103e+00 1.316926168e+00 
1.086823573e+00 1.208010336e+00 1.279758915e+00 
1.271312083e+00 1.292635659e+00 1.436966349e+00 
1.175315048e+00 1.056847545e+00 1.121295831e+00 
1.175315048e+00 1.032299742e+00 1.000000000e+00 
1.222572276e+00 1.288113695e+00 1.413360121e+00 
1.316160119e+00 1.159560724e+00 1.246107484e+00 
1.111687670e+00 1.347545220e+00 1.505273732e+00 
1.271682728e+00 1.207364341e+00 1.382722250e+00 
1.221645663e+00 1.255167959e+00 1.346810648e+00 
1.082190511e+00 1.209302326e+00 1.258663988e+00 
1.116629602e+00 1.264857881e+00 1.392767454e+00 
1.231529528e+00 1.388888889e+00 1.549974887e+00 
1.398319743e+00 1.322351421e+00 1.471622300e+00 
1.075858661e+00 1.222868217e+00 1.288548468e+00 
1.087286879e+00 1.190568475e+00 1.292064289e+00 
1.063256733e+00 1.401808786e+00 1.505273732e+00 
1.415616506e+00 1.297803618e+00 1.474133601e+00 
1.216394860e+00 1.314599483e+00 1.449271723e+00 
1.104521868e+00 1.458010336e+00 1.662481165e+00 
1.255621448e+00 1.213824289e+00 1.350326469e+00 
1.111687670e+00 1.324289406e+00 1.392767454e+00 
1.271991599e+00 1.479974160e+00 1.674786539e+00 
1.147825550e+00 1.273255814e+00 1.404570568e+00 
1.254385965e+00 1.456072351e+00 1.626569563e+00 
1.399555226e+00 1.304263566e+00 1.441737820e+00 
1.255621448e+00 1.437984496e+00 1.596685083e+00 
1.136397331e+00 1.305555556e+00 1.401054746e+00 
1.063256733e+00 1.378552972e+00 1.392767454e+00 
1.350135903e+00 1.175064599e+00 1.269713712e+00 
1.414381023e+00 1.315891473e+00 1.504018081e+00 
1.176550531e+00 1.362403101e+00 1.514063285e+00 
1.187978750e+00 1.330103359e+00 1.517579106e+00 
1.448356808e+00 1.274547804e+00 1.507533903e+00 
1.330615271e+00 1.325581395e+00 1.549974887e+00 
1.101278725e+00 1.489664083e+00 1.596685083e+00 
1.183345688e+00 1.340439276e+00 1.495228528e+00 
1.130837658e+00 1.249354005e+00 1.324460070e+00 
1.304423029e+00 1.408268734e+00 1.662481165e+00 
1.304423029e+00 1.385012920e+00 1.549974887e+00 
1.091425747e+00 1.481912145e+00 1.517579106e+00 
1.380714109e+00 1.390826873e+00 1.674786539e+00 
1.321410922e+00 1.357881137e+00 1.561778001e+00 
1.154620707e+00 1.523255814e+00 1.787292818e+00 
1.369285891e+00 1.423126615e+00 1.671270718e+00 
1.154620707e+00 1.500000000e+00 1.674786539e+00 
1.309982703e+00 1.390180879e+00 1.558262180e+00 
1.582406721e+00 1.380490956e+00 1.598945254e+00 
1.461638251e+00 1.547157623e+00 1.796082371e+00 
1.512910798e+00 1.489018088e+00 1.766197891e+00 
1.512447492e+00 1.506459948e+00 1.753892516e+00 
1.151377564e+00 1.554909561e+00 1.721496735e+00 
1.638930072e+00 1.744186047e+00 2.000000000e+00 
1.233382753e+00 1.669250646e+00 1.796082371e+00 
1.626266370e+00 1.499354005e+00 1.787292818e+00 
1.445576971e+00 1.573643411e+00 1.796082371e+00 
1.393068940e+00 1.588501292e+00 1.796082371e+00 
1.303805288e+00 1.451550388e+00 1.620040181e+00 
1.063256733e+00 1.361757106e+00 1.225514817e+00 
1.684334075e+00 1.525839793e+00 1.796082371e+00 
1.494316778e+00 1.519379845e+00 1.787292818e+00 
1.101927354e+00 1.476098191e+00 1.514063285e+00 
1.297319002e+00 1.608527132e+00 1.796082371e+00 
1.246973066e+00 1.659560724e+00 1.878704169e+00 
1.816530764e+00 1.624031008e+00 1.887493722e+00 
1.297319002e+00 1.631782946e+00 1.908588649e+00 
1.209908574e+00 1.408914729e+00 1.549974887e+00 
1.692982456e+00 1.522609819e+00 1.796082371e+00 
1.101927354e+00 1.499354005e+00 1.626569563e+00 
1.825179145e+00 1.620801034e+00 1.887493722e+00 
1.492834198e+00 1.534883721e+00 1.796082371e+00 
1.298554485e+00 1.613695090e+00 1.878704169e+00 
1.143192488e+00 1.555555556e+00 1.783776996e+00 
1.408975785e+00 1.798449612e+00 2.000000000e+00 
1.143192488e+00 1.532299742e+00 1.671270718e+00 
1.287126266e+00 1.645994832e+00 1.875188348e+00 
1.610822832e+00 1.745478036e+00 2.000000000e+00 
1.139949345e+00 1.587209302e+00 1.717980914e+00 
1.374845565e+00 1.802325581e+00 2.000000000e+00 
1.230911787e+00 1.711886305e+00 1.908588649e+00 
1.235544848e+00 1.691860465e+00 1.875188348e+00 
1.227668643e+00 1.743540052e+00 1.842792567e+00 
1.230911787e+00 1.688630491e+00 1.796082371e+00 
1.412218928e+00 1.767441860e+00 2.000000000e+00 

1.212379540e+00 1.027777778e+00 1.124811652e+00 
1.175315048e+00 1.032299742e+00 1.000000000e+00 
1.037188041e+00 1.108527132e+00 1.000000000e+00 
1.078947368e+00 1.146640827e+00 1.225514817e+00 
1.175315048e+00 1.056847545e+00 1.121295831e+00 
1.216085990e+00 1.041989664e+00 1.157207433e+00 
1.150605387e+00 1.083333333e+00 1.091411351e+00 
1.212379540e+00 1.000000000e+00 1.000000000e+00 
1.130837658e+00 1.249354005e+00 1.324460070e+00 
1.222881147e+00 1.237080103e+00 1.316926168e+00 
1.111687670e+00 1.324289406e+00 1.392767454e+00 
1.037188041e+00 1.125322997e+00 1.167252637e+00 
1.150605387e+00 1.069767442e+00 1.000000000e+00 
1.087286879e+00 1.190568475e+00 1.292064289e+00 
1.415616506e+00 1.297803618e+00 1.474133601e+00 
1.255621448e+00 1.213824289e+00 1.350326469e+00 
1.216394860e+00 1.314599483e+00 1.449271723e+00 
1.271682728e+00 1.207364341e+00 1.382722250e+00 
1.231529528e+00 1.388888889e+00 1.549974887e+00 
1.221645663e+00 1.255167959e+00 1.346810648e+00 
1.399555226e+00 1.304263566e+00 1.441737820e+00 
1.316160119e+00 1.159560724e+00 1.246107484e+00 
1.398319743e+00 1.322351421e+00 1.471622300e+00 
1.063256733e+00 1.401808786e+00 1.505273732e+00 
1.082190511e+00 1.209302326e+00 1.258663988e+00 
1.448356808e+00 1.274547804e+00 1.507533903e+00 
1.086823573e+00 1.208010336e+00 1.279758915e+00 
1.330615271e+00 1.325581395e+00 1.549974887e+00 
1.187978750e+00 1.330103359e+00 1.517579106e+00 
1.414381023e+00 1.315891473e+00 1.504018081e+00 
1.075858661e+00 1.222868217e+00 1.288548468e+00 
1.101278725e+00 1.489664083e+00 1.596685083e+00 
1.116629602e+00 1.264857881e+00 1.392767454e+00 
1.350135903e+00 1.175064599e+00 1.269713712e+00 
1.063256733e+00 1.378552972e+00 1.392767454e+00 
1.288361749e+00 1.414728682e+00 1.630085384e+00 
1.684334075e+00 1.525839793e+00 1.796082371e+00 
1.582406721e+00 1.380490956e+00 1.598945254e+00 
1.176550531e+00 1.362403101e+00 1.514063285e+00 
1.209908574e+00 1.408914729e+00 1.549974887e+00 
1.101927354e+00 1.499354005e+00 1.626569563e+00 
1.360019768e+00 1.407622739e+00 1.620040181e+00 
1.101927354e+00 1.476098191e+00 1.514063285e+00 
1.369285891e+00 1.423126615e+00 1.671270718e+00 
1.437237460e+00 1.579457364e+00 1.796082371e+00 
1.111687670e+00 1.347545220e+00 1.505273732e+00 
1.139949345e+00 1.587209302e+00 1.717980914e+00 
1.136397331e+00 1.305555556e+00 1.401054746e+00 
1.063256733e+00 1.361757106e+00 1.225514817e+00 
1.825179145e+00 1.620801034e+00 1.887493722e+00 
1.183345688e+00 1.340439276e+00 1.495228528e+00 
1.143192488e+00 1.555555556e+00 1.783776996e+00 
1.356405980e+00 1.835271318e+00 1.875188348e+00 
1.304423029e+00 1.408268734e+00 1.662481165e+00 
1.380714109e+00 1.390826873e+00 1.674786539e+00 
1.494069681e+00 1.513565891e+00 1.711451532e+00 
1.222572276e+00 1.288113695e+00 1.413360121e+00 
1.721398567e+00 1.489018088e+00 1.766197891e+00 
1.154620707e+00 1.523255814e+00 1.787292818e+00 
1.665431184e+00 1.605297158e+00 1.878704169e+00 
1.422411663e+00 1.520671835e+00 1.721496735e+00 
1.531381270e+00 1.499354005e+00 1.787292818e+00 
1.271991599e+00 1.479974160e+00 1.674786539e+00 
1.496386212e+00 1.512919897e+00 1.721496735e+00 
1.877069434e+00 1.597545220e+00 1.878704169e+00 
1.147825550e+00 1.273255814e+00 1.404570568e+00 
1.254385965e+00 1.456072351e+00 1.626569563e+00 
1.371602422e+00 1.680878553e+00 1.878704169e+00 
1.316623425e+00 1.654392765e+00 1.842792567e+00 
1.104521868e+00 1.458010336e+00 1.662481165e+00 
1.393068940e+00 1.588501292e+00 1.796082371e+00 
1.091425747e+00 1.481912145e+00 1.517579106e+00 
1.271312083e+00 1.292635659e+00 1.436966349e+00 
1.304423029e+00 1.385012920e+00 1.549974887e+00 
1.635161848e+00 1.631136951e+00 1.908588649e+00 
1.309982703e+00 1.390180879e+00 1.558262180e+00 
1.816530764e+00 1.624031008e+00 1.887493722e+00 
1.692982456e+00 1.522609819e+00 1.796082371e+00 
1.779095626e+00 1.734496124e+00 2.000000000e+00 
1.316314554e+00 1.376614987e+00 1.528377700e+00 
1.769211762e+00 1.737080103e+00 2.000000000e+00 
1.104521868e+00 1.434754522e+00 1.549974887e+00 
1.321410922e+00 1.357881137e+00 1.561778001e+00 
1.499166049e+00 1.521317829e+00 1.766197891e+00 
1.528910304e+00 1.760335917e+00 2.000000000e+00 
1.415245861e+00 1.631136951e+00 1.878704169e+00 
1.633061527e+00 1.622093023e+00 1.878704169e+00 
1.604645416e+00 1.655684755e+00 1.908588649e+00 
1.384976526e+00 1.656976744e+00 1.908588649e+00 
1.503799110e+00 1.520025840e+00 1.787292818e+00 
1.519026439e+00 1.762919897e+00 2.000000000e+00 
1.728193724e+00 1.757105943e+00 2.000000000e+00 
1.395539906e+00 1.507751938e+00 1.683073832e+00 
1.736842105e+00 1.753875969e+00 2.000000000e+00 
1.492834198e+00 1.534883721e+00 1.796082371e+00 
1.980850012e+00 1.729328165e+00 2.000000000e+00 
1.475383000e+00 1.812661499e+00 2.000000000e+00 
1.151377564e+00 1.554909561e+00 1.721496735e+00 
1.143192488e+00 1.532299742e+00 1.671270718e+00 
1.625030887e+00 1.492894057e+00 1.683073832e+00 
1.255621448e+00 1.437984496e+00 1.596685083e+00 
1.498640969e+00 1.522609819e+00 1.753892516e+00 
1.154620707e+00 1.500000000e+00 1.674786539e+00 
1.852977514e+00 1.729974160e+00 2.000000000e+00 
1.605510255e+00 1.649224806e+00 1.908588649e+00 

1.175315048e+00 1.032299742e+00 1.000000000e+00 
1.175315048e+00 1.056847545e+00 1.121295831e+00 
1.037188041e+00 1.108527132e+00 1.000000000e+00 
1.212379540e+00 1.027777778e+00 1.124811652e+00 
1.212379540e+00 1.000000000e+00 1.000000000e+00 
1.078947368e+00 1.146640827e+00 1.225514817e+00 
1.037188041e+00 1.125322997e+00 1.167252637e+00 
1.150605387e+00 1.083333333e+00 1.091411351e+00 
1.130837658e+00 1.249354005e+00 1.324460070e+00 
1.087286879e+00 1.190568475e+00 1.292064289e+00 
1.082190511e+00 1.209302326e+00 1.258663988e+00 
1.216085990e+00 1.041989664e+00 1.157207433e+00 
1.316160119e+00 1.159560724e+00 1.246107484e+00 
1.448356808e+00 1.274547804e+00 1.507533903e+00 
1.231529528e+00 1.388888889e+00 1.549974887e+00 
1.271682728e+00 1.207364341e+00 1.382722250e+00 
1.414381023e+00 1.315891473e+00 1.504018081e+00 
1.150605387e+00 1.069767442e+00 1.000000000e+00 
1.330615271e+00 1.325581395e+00 1.549974887e+00 
1.221645663e+00 1.255167959e+00 1.346810648e+00 
1.415616506e+00 1.297803618e+00 1.474133601e+00 
1.116629602e+00 1.264857881e+00 1.392767454e+00 
1.399555226e+00 1.304263566e+00 1.441737820e+00 
1.216394860e+00 1.314599483e+00 1.449271723e+00 
1.255621448e+00 1.213824289e+00 1.350326469e+00 
1.222881147e+00 1.237080103e+00 1.316926168e+00 
1.254385965e+00 1.456072351e+00 1.626569563e+00 
1.398319743e+00 1.322351421e+00 1.471622300e+00 
1.304423029e+00 1.408268734e+00 1.662481165e+00 
1.111687670e+00 1.347545220e+00 1.505273732e+00 
1.271312083e+00 1.292635659e+00 1.436966349e+00 
1.176550531e+00 1.362403101e+00 1.514063285e+00 
1.350135903e+00 1.175064599e+00 1.269713712e+00 
1.075858661e+00 1.222868217e+00 1.288548468e+00 
1.086823573e+00 1.208010336e+00 1.279758915e+00 
1.063256733e+00 1.378552972e+00 1.392767454e+00 
1.101278725e+00 1.489664083e+00 1.596685083e+00 
1.531381270e+00 1.499354005e+00 1.787292818e+00 
1.187978750e+00 1.330103359e+00 1.517579106e+00 
1.288361749e+00 1.414728682e+00 1.630085384e+00 
1.111687670e+00 1.324289406e+00 1.392767454e+00 
1.255621448e+00 1.437984496e+00 1.596685083e+00 
1.222572276e+00 1.288113695e+00 1.413360121e+00 
1.063256733e+00 1.401808786e+00 1.505273732e+00 
1.136397331e+00 1.305555556e+00 1.401054746e+00 
1.380714109e+00 1.390826873e+00 1.674786539e+00 
1.147825550e+00 1.273255814e+00 1.404570568e+00 
1.454843094e+00 1.540697674e+00 1.796082371e+00 
1.369285891e+00 1.423126615e+00 1.671270718e+00 
1.271991599e+00 1.479974160e+00 1.674786539e+00 
1.360019768e+00 1.407622739e+00 1.620040181e+00 
1.063256733e+00 1.361757106e+00 1.225514817e+00 
1.635161848e+00 1.631136951e+00 1.908588649e+00 
1.183345688e+00 1.340439276e+00 1.495228528e+00 
1.304423029e+00 1.385012920e+00 1.549974887e+00 
1.582406721e+00 1.380490956e+00 1.598945254e+00 
1.422411663e+00 1.520671835e+00 1.721496735e+00 
1.684334075e+00 1.525839793e+00 1.796082371e+00 
1.104521868e+00 1.434754522e+00 1.549974887e+00 
1.496386212e+00 1.512919897e+00 1.721496735e+00 
1.494069681e+00 1.513565891e+00 1.711451532e+00 
1.512447492e+00 1.506459948e+00 1.753892516e+00 
1.494316778e+00 1.519379845e+00 1.787292818e+00 
1.587039783e+00 1.638888889e+00 1.887493722e+00 
1.512910798e+00 1.489018088e+00 1.766197891e+00 
1.154620707e+00 1.500000000e+00 1.674786539e+00 
1.154620707e+00 1.523255814e+00 1.787292818e+00 
1.321410922e+00 1.357881137e+00 1.561778001e+00 
1.209908574e+00 1.408914729e+00 1.549974887e+00 
1.816530764e+00 1.624031008e+00 1.887493722e+00 
1.309982703e+00 1.390180879e+00 1.558262180e+00 
1.971583889e+00 1.729974160e+00 2.000000000e+00 
1.418241908e+00 1.765503876e+00 2.000000000e+00 
1.625895725e+00 1.631782946e+00 1.908588649e+00 
1.395539906e+00 1.507751938e+00 1.683073832e+00 
1.091425747e+00 1.481912145e+00 1.517579106e+00 
1.380219916e+00 1.677648579e+00 1.908588649e+00 
1.692982456e+00 1.522609819e+00 1.796082371e+00 
1.825179145e+00 1.620801034e+00 1.887493722e+00 
1.598097356e+00 1.651162791e+00 1.908588649e+00 
1.101927354e+00 1.476098191e+00 1.514063285e+00 
1.602483321e+00 1.638242894e+00 1.887493722e+00 
1.227668643e+00 1.743540052e+00 1.842792567e+00 
1.101927354e+00 1.499354005e+00 1.626569563e+00 
1.638930072e+00 1.744186047e+00 2.000000000e+00 
1.139949345e+00 1.587209302e+00 1.717980914e+00 
1.437237460e+00 1.579457364e+00 1.796082371e+00 
1.393068940e+00 1.588501292e+00 1.796082371e+00 
1.492834198e+00 1.534883721e+00 1.796082371e+00 
1.216580183e+00 1.753875969e+00 1.796082371e+00 
1.143192488e+00 1.532299742e+00 1.671270718e+00 
1.316314554e+00 1.376614987e+00 1.528377700e+00 
1.341796392e+00 1.692506460e+00 1.908588649e+00 
1.143192488e+00 1.555555556e+00 1.783776996e+00 
1.298554485e+00 1.613695090e+00 1.878704169e+00 
1.104521868e+00 1.458010336e+00 1.662481165e+00 
1.233382753e+00 1.669250646e+00 1.796082371e+00 
1.287126266e+00 1.645994832e+00 1.875188348e+00 
1.610822832e+00 1.745478036e+00 2.000000000e+00 
1.466889054e+00 1.655038760e+00 1.908588649e+00 
1.230911787e+00 1.711886305e+00 1.908588649e+00 
1.412218928e+00 1.767441860e+00 2.000000000e+00 
1.498085001e+00 1.653100775e+00 1.908588649e+00 
1.458240672e+00 1.658268734e+00 1.908588649e+00 
1.408975785e+00 1.798449612e+00 2.000000000e+00 
1.230911787e+00 1.688630491e+00 1.796082371e+00 
1.149524339e+00 1.541989664e+00 1.753892516e+00 
1.374845565e+00 1.802325581e+00 2.000000000e+00 

1.037188041e+00 1.125322997e+00 1.167252637e+00 
1.150605387e+00 1.069767442e+00 1.000000000e+00 
1.037188041e+00 1.108527132e+00 1.000000000e+00 
1.175315048e+00 1.056847545e+00 1.121295831e+00 
1.150605387e+00 1.083333333e+00 1.091411351e+00 
1.216085990e+00 1.041989664e+00 1.157207433e+00 
1.221645663e+00 1.255167959e+00 1.346810648e+00 
1.212379540e+00 1.000000000e+00 1.000000000e+00 
1.078947368e+00 1.146640827e+00 1.225514817e+00 
1.175315048e+00 1.032299742e+00 1.000000000e+00 
1.216394860e+00 1.314599483e+00 1.449271723e+00 
1.316160119e+00 1.159560724e+00 1.246107484e+00 
1.116629602e+00 1.264857881e+00 1.392767454e+00 
1.212379540e+00 1.027777778e+00 1.124811652e+00 
1.222881147e+00 1.237080103e+00 1.316926168e+00 
1.082190511e+00 1.209302326e+00 1.258663988e+00 
1.255621448e+00 1.213824289e+00 1.350326469e+00 
1.063256733e+00 1.361757106e+00 1.225514817e+00 
1.414381023e+00 1.315891473e+00 1.504018081e+00 
1.063256733e+00 1.378552972e+00 1.392767454e+00 
1.130837658e+00 1.249354005e+00 1.324460070e+00 
1.111687670e+00 1.324289406e+00 1.392767454e+00 
1.271312083e+00 1.292635659e+00 1.436966349e+00 
1.075858661e+00 1.222868217e+00 1.288548468e+00 
1.271682728e+00 1.207364341e+00 1.382722250e+00 
1.086823573e+00 1.208010336e+00 1.279758915e+00 
1.087286879e+00 1.190568475e+00 1.292064289e+00 
1.350135903e+00 1.175064599e+00 1.269713712e+00 
1.147825550e+00 1.273255814e+00 1.404570568e+00 
1.187978750e+00 1.330103359e+00 1.517579106e+00 
1.176550531e+00 1.362403101e+00 1.514063285e+00 
1.448356808e+00 1.274547804e+00 1.507533903e+00 
1.222572276e+00 1.288113695e+00 1.413360121e+00 
1.254385965e+00 1.456072351e+00 1.626569563e+00 
1.415616506e+00 1.297803618e+00 1.474133601e+00 
1.398319743e+00 1.322351421e+00 1.471622300e+00 
1.288361749e+00 1.414728682e+00 1.630085384e+00 
1.063256733e+00 1.401808786e+00 1.505273732e+00 
1.330615271e+00 1.325581395e+00 1.549974887e+00 
1.399555226e+00 1.304263566e+00 1.441737820e+00 
1.380714109e+00 1.390826873e+00 1.674786539e+00 
1.271991599e+00 1.479974160e+00 1.674786539e+00 
1.231529528e+00 1.388888889e+00 1.549974887e+00 
1.111687670e+00 1.347545220e+00 1.505273732e+00 
1.321410922e+00 1.357881137e+00 1.561778001e+00 
1.304423029e+00 1.408268734e+00 1.662481165e+00 
1.101927354e+00 1.476098191e+00 1.514063285e+00 
1.104521868e+00 1.434754522e+00 1.549974887e+00 
1.531381270e+00 1.499354005e+00 1.787292818e+00 
1.255621448e+00 1.437984496e+00 1.596685083e+00 
1.101927354e+00 1.499354005e+00 1.626569563e+00 
1.209908574e+00 1.408914729e+00 1.549974887e+00 
1.154620707e+00 1.500000000e+00 1.674786539e+00 
1.136397331e+00 1.305555556e+00 1.401054746e+00 
1.684334075e+00 1.525839793e+00 1.796082371e+00 
1.316314554e+00 1.376614987e+00 1.528377700e+00 
1.309982703e+00 1.390180879e+00 1.558262180e+00 
1.369285891e+00 1.423126615e+00 1.671270718e+00 
1.692982456e+00 1.522609819e+00 1.796082371e+00 
1.512447492e+00 1.506459948e+00 1.753892516e+00 
1.512910798e+00 1.489018088e+00 1.766197891e+00 
1.582406721e+00 1.380490956e+00 1.598945254e+00 
1.183345688e+00 1.340439276e+00 1.495228528e+00 
1.360019768e+00 1.407622739e+00 1.620040181e+00 
1.104521868e+00 1.458010336e+00 1.662481165e+00 
1.154620707e+00 1.523255814e+00 1.787292818e+00 
1.344112923e+00 1.615633075e+00 1.878704169e+00 
1.101278725e+00 1.489664083e+00 1.596685083e+00 
1.304423029e+00 1.385012920e+00 1.549974887e+00 
1.227668643e+00 1.743540052e+00 1.842792567e+00 
1.758154188e+00 1.742894057e+00 2.000000000e+00 
1.408975785e+00 1.798449612e+00 2.000000000e+00 
1.139949345e+00 1.587209302e+00 1.717980914e+00 
1.143192488e+00 1.532299742e+00 1.671270718e+00 
1.143192488e+00 1.555555556e+00 1.783776996e+00 
1.492834198e+00 1.534883721e+00 1.796082371e+00 
1.246973066e+00 1.659560724e+00 1.878704169e+00 
1.494316778e+00 1.519379845e+00 1.787292818e+00 
1.454843094e+00 1.540697674e+00 1.796082371e+00 
1.437237460e+00 1.579457364e+00 1.796082371e+00 
1.233382753e+00 1.669250646e+00 1.796082371e+00 
1.235544848e+00 1.691860465e+00 1.875188348e+00 
1.390134668e+00 1.832687339e+00 2.000000000e+00 
1.825179145e+00 1.620801034e+00 1.887493722e+00 
1.418241908e+00 1.765503876e+00 2.000000000e+00 
1.149524339e+00 1.541989664e+00 1.753892516e+00 
1.319866568e+00 1.622739018e+00 1.908588649e+00 
1.742710650e+00 1.760981912e+00 2.000000000e+00 
1.445576971e+00 1.573643411e+00 1.796082371e+00 
1.414689894e+00 1.588501292e+00 1.796082371e+00 
1.297319002e+00 1.631782946e+00 1.908588649e+00 
1.297319002e+00 1.608527132e+00 1.796082371e+00 

1.150605387e+00 1.069767442e+00 1.000000000e+00 
1.187978750e+00 1.330103359e+00 1.517579106e+00 
1.212379540e+00 1.027777778e+00 1.124811652e+00 
1.078947368e+00 1.146640827e+00 1.225514817e+00 
1.175315048e+00 1.056847545e+00 1.121295831e+00 
1.216085990e+00 1.041989664e+00 1.157207433e+00 
1.448356808e+00 1.274547804e+00 1.507533903e+00 
1.212379540e+00 1.000000000e+00 1.000000000e+00 
1.175315048e+00 1.032299742e+00 1.000000000e+00 
1.086823573e+00 1.208010336e+00 1.279758915e+00 
1.221645663e+00 1.255167959e+00 1.346810648e+00 
1.037188041e+00 1.108527132e+00 1.000000000e+00 
1.150605387e+00 1.083333333e+00 1.091411351e+00 
1.037188041e+00 1.125322997e+00 1.167252637e+00 
1.316160119e+00 1.159560724e+00 1.246107484e+00 
1.222881147e+00 1.237080103e+00 1.316926168e+00 
1.255621448e+00 1.213824289e+00 1.350326469e+00 
1.183345688e+00 1.340439276e+00 1.495228528e+00 
1.271682728e+00 1.207364341e+00 1.382722250e+00 
1.116629602e+00 1.264857881e+00 1.392767454e+00 
1.398319743e+00 1.322351421e+00 1.471622300e+00 
1.216394860e+00 1.314599483e+00 1.449271723e+00 
1.414381023e+00 1.315891473e+00 1.504018081e+00 
1.399555226e+00 1.304263566e+00 1.441737820e+00 
1.415616506e+00 1.297803618e+00 1.474133601e+00 
1.360019768e+00 1.407622739e+00 1.620040181e+00 
1.255621448e+00 1.437984496e+00 1.596685083e+00 
1.330615271e+00 1.325581395e+00 1.549974887e+00 
1.087286879e+00 1.190568475e+00 1.292064289e+00 
1.075858661e+00 1.222868217e+00 1.288548468e+00 
1.130837658e+00 1.249354005e+00 1.324460070e+00 
1.231529528e+00 1.388888889e+00 1.549974887e+00 
1.176550531e+00 1.362403101e+00 1.514063285e+00 
1.350135903e+00 1.175064599e+00 1.269713712e+00 
1.111687670e+00 1.347545220e+00 1.505273732e+00 
1.222572276e+00 1.288113695e+00 1.413360121e+00 
1.104521868e+00 1.458010336e+00 1.662481165e+00 
1.111687670e+00 1.324289406e+00 1.392767454e+00 
1.582406721e+00 1.380490956e+00 1.598945254e+00 
1.082190511e+00 1.209302326e+00 1.258663988e+00 
1.063256733e+00 1.378552972e+00 1.392767454e+00 
1.254385965e+00 1.456072351e+00 1.626569563e+00 
1.147825550e+00 1.273255814e+00 1.404570568e+00 
1.512447492e+00 1.506459948e+00 1.753892516e+00 
1.288361749e+00 1.414728682e+00 1.630085384e+00 
1.304423029e+00 1.408268734e+00 1.662481165e+00 
1.271312083e+00 1.292635659e+00 1.436966349e+00 
1.445576971e+00 1.573643411e+00 1.796082371e+00 
1.496386212e+00 1.512919897e+00 1.721496735e+00 
1.063256733e+00 1.401808786e+00 1.505273732e+00 
1.104521868e+00 1.434754522e+00 1.549974887e+00 
1.369285891e+00 1.423126615e+00 1.671270718e+00 
1.492834198e+00 1.534883721e+00 1.796082371e+00 
1.512910798e+00 1.489018088e+00 1.766197891e+00 
1.461638251e+00 1.547157623e+00 1.796082371e+00 
1.321410922e+00 1.357881137e+00 1.561778001e+00 
1.437237460e+00 1.579457364e+00 1.796082371e+00 
1.063256733e+00 1.361757106e+00 1.225514817e+00 
1.271991599e+00 1.479974160e+00 1.674786539e+00 
1.309982703e+00 1.390180879e+00 1.558262180e+00 
1.380714109e+00 1.390826873e+00 1.674786539e+00 
1.304423029e+00 1.385012920e+00 1.549974887e+00 
1.143192488e+00 1.532299742e+00 1.671270718e+00 
1.136397331e+00 1.305555556e+00 1.401054746e+00 
1.494316778e+00 1.519379845e+00 1.787292818e+00 
1.143192488e+00 1.555555556e+00 1.783776996e+00 
1.101927354e+00 1.476098191e+00 1.514063285e+00 
1.235544848e+00 1.691860465e+00 1.875188348e+00 
1.877069434e+00 1.597545220e+00 1.878704169e+00 
1.101927354e+00 1.499354005e+00 1.626569563e+00 
1.154620707e+00 1.500000000e+00 1.674786539e+00 
1.531381270e+00 1.499354005e+00 1.787292818e+00 
1.692982456e+00 1.522609819e+00 1.796082371e+00 
1.246973066e+00 1.659560724e+00 1.878704169e+00 
1.230911787e+00 1.688630491e+00 1.796082371e+00 
1.316314554e+00 1.376614987e+00 1.528377700e+00 
1.139949345e+00 1.587209302e+00 1.717980914e+00 
1.230911787e+00 1.711886305e+00 1.908588649e+00 
1.209908574e+00 1.408914729e+00 1.549974887e+00 
1.154620707e+00 1.523255814e+00 1.787292818e+00 
1.233382753e+00 1.669250646e+00 1.796082371e+00 
1.344112923e+00 1.615633075e+00 1.878704169e+00 
1.149524339e+00 1.541989664e+00 1.753892516e+00 
1.684334075e+00 1.525839793e+00 1.796082371e+00 
1.420404003e+00 1.804263566e+00 2.000000000e+00 
1.453916481e+00 1.728682171e+00 2.000000000e+00 
1.316623425e+00 1.654392765e+00 1.842792567e+00 
1.494069681e+00 1.513565891e+00 1.711451532e+00 
1.422411663e+00 1.520671835e+00 1.721496735e+00 
1.319866568e+00 1.622739018e+00 1.908588649e+00 
1.414689894e+00 1.588501292e+00 1.796082371e+00 
1.227668643e+00 1.743540052e+00 1.842792567e+00 
1.101278725e+00 1.489664083e+00 1.596685083e+00 
1.825179145e+00 1.620801034e+00 1.887493722e+00 

1.212379540e+00 1.027777778e+00 1.124811652e+00 
1.075858661e+00 1.222868217e+00 1.288548468e+00 
1.037188041e+00 1.108527132e+00 1.000000000e+00 
1.216085990e+00 1.041989664e+00 1.157207433e+00 
1.037188041e+00 1.125322997e+00 1.167252637e+00 
1.271682728e+00 1.207364341e+00 1.382722250e+00 
1.082190511e+00 1.209302326e+00 1.258663988e+00 
1.212379540e+00 1.000000000e+00 1.000000000e+00 
1.150605387e+00 1.083333333e+00 1.091411351e+00 
1.175315048e+00 1.056847545e+00 1.121295831e+00 
1.221645663e+00 1.255167959e+00 1.346810648e+00 
1.087286879e+00 1.190568475e+00 1.292064289e+00 
1.130837658e+00 1.249354005e+00 1.324460070e+00 
1.222881147e+00 1.237080103e+00 1.316926168e+00 
1.175315048e+00 1.032299742e+00 1.000000000e+00 
1.078947368e+00 1.146640827e+00 1.225514817e+00 
1.350135903e+00 1.175064599e+00 1.269713712e+00 
1.150605387e+00 1.069767442e+00 1.000000000e+00 
1.255621448e+00 1.213824289e+00 1.350326469e+00 
1.448356808e+00 1.274547804e+00 1.507533903e+00 
1.399555226e+00 1.304263566e+00 1.441737820e+00 
1.063256733e+00 1.401808786e+00 1.505273732e+00 
1.063256733e+00 1.378552972e+00 1.392767454e+00 
1.316160119e+00 1.159560724e+00 1.246107484e+00 
1.414381023e+00 1.315891473e+00 1.504018081e+00 
1.116629602e+00 1.264857881e+00 1.392767454e+00 
1.187978750e+00 1.330103359e+00 1.517579106e+00 
1.231529528e+00 1.388888889e+00 1.549974887e+00 
1.111687670e+00 1.347545220e+00 1.505273732e+00 
1.415616506e+00 1.297803618e+00 1.474133601e+00 
1.222572276e+00 1.288113695e+00 1.413360121e+00 
1.063256733e+00 1.361757106e+00 1.225514817e+00 
1.176550531e+00 1.362403101e+00 1.514063285e+00 
1.111687670e+00 1.324289406e+00 1.392767454e+00 
1.271312083e+00 1.292635659e+00 1.436966349e+00 
1.086823573e+00 1.208010336e+00 1.279758915e+00 
1.330615271e+00 1.325581395e+00 1.549974887e+00 
1.101927354e+00 1.499354005e+00 1.626569563e+00 
1.582406721e+00 1.380490956e+00 1.598945254e+00 
1.136397331e+00 1.305555556e+00 1.401054746e+00 
1.398319743e+00 1.322351421e+00 1.471622300e+00 
1.369285891e+00 1.423126615e+00 1.671270718e+00 
1.147825550e+00 1.273255814e+00 1.404570568e+00 
1.684334075e+00 1.525839793e+00 1.796082371e+00 
1.209908574e+00 1.408914729e+00 1.549974887e+00 
1.101278725e+00 1.489664083e+00 1.596685083e+00 
1.235544848e+00 1.691860465e+00 1.875188348e+00 
1.492834198e+00 1.534883721e+00 1.796082371e+00 
1.321410922e+00 1.357881137e+00 1.561778001e+00 
1.380714109e+00 1.390826873e+00 1.674786539e+00 
1.101927354e+00 1.476098191e+00 1.514063285e+00 
1.825179145e+00 1.620801034e+00 1.887493722e+00 
1.139949345e+00 1.587209302e+00 1.717980914e+00 
1.461638251e+00 1.547157623e+00 1.796082371e+00 
1.104521868e+00 1.434754522e+00 1.549974887e+00 
1.309982703e+00 1.390180879e+00 1.558262180e+00 
1.149524339e+00 1.541989664e+00 1.753892516e+00 
1.216394860e+00 1.314599483e+00 1.449271723e+00 
1.271991599e+00 1.479974160e+00 1.674786539e+00 
1.692982456e+00 1.522609819e+00 1.796082371e+00 
1.316314554e+00 1.376614987e+00 1.528377700e+00 
1.512910798e+00 1.489018088e+00 1.766197891e+00 
1.255621448e+00 1.437984496e+00 1.596685083e+00 
1.183345688e+00 1.340439276e+00 1.495228528e+00 
1.288361749e+00 1.414728682e+00 1.630085384e+00 
1.304423029e+00 1.408268734e+00 1.662481165e+00 
1.512447492e+00 1.506459948e+00 1.753892516e+00 
1.494316778e+00 1.519379845e+00 1.787292818e+00 
1.104521868e+00 1.458010336e+00 1.662481165e+00 
1.816530764e+00 1.624031008e+00 1.887493722e+00 
1.304423029e+00 1.385012920e+00 1.549974887e+00 
1.344112923e+00 1.615633075e+00 1.878704169e+00 
1.143192488e+00 1.532299742e+00 1.671270718e+00 
1.332684705e+00 1.647932817e+00 1.875188348e+00 
1.598097356e+00 1.651162791e+00 1.908588649e+00 
1.154620707e+00 1.500000000e+00 1.674786539e+00 
1.625895725e+00 1.631782946e+00 1.908588649e+00 
1.602483321e+00 1.638242894e+00 1.887493722e+00 
1.498085001e+00 1.653100775e+00 1.908588649e+00 
1.143192488e+00 1.555555556e+00 1.783776996e+00 
1.458240672e+00 1.658268734e+00 1.908588649e+00 
1.466889054e+00 1.655038760e+00 1.908588649e+00 
1.154620707e+00 1.523255814e+00 1.787292818e+00 
1.246973066e+00 1.659560724e+00 1.878704169e+00 
1.531288609e+00 1.784883721e+00 2.000000000e+00 
1.393068940e+00 1.588501292e+00 1.796082371e+00 
1.341796392e+00 1.692506460e+00 1.908588649e+00 
1.730046948e+00 1.631136951e+00 1.908588649e+00 
1.626266370e+00 1.499354005e+00 1.787292818e+00 
1.864096862e+00 1.737080103e+00 2.000000000e+00 
1.322831727e+00 1.640180879e+00 1.796082371e+00 
1.233382753e+00 1.669250646e+00 1.796082371e+00 
1.971583889e+00 1.729974160e+00 2.000000000e+00 
1.458549543e+00 1.808785530e+00 2.000000000e+00 
1.445576971e+00 1.573643411e+00 1.796082371e+00 
1.613293798e+00 1.756459948e+00 2.000000000e+00 
1.390134668e+00 1.832687339e+00 2.000000000e+00 
1.091425747e+00 1.481912145e+00 1.517579106e+00 
1.230911787e+00 1.688630491e+00 1.796082371e+00 
1.638930072e+00 1.744186047e+00 2.000000000e+00 
1.230911787e+00 1.711886305e+00 1.908588649e+00 
1.760316284e+00 1.605297158e+00 1.878704169e+00 
1.237243637e+00 1.698320413e+00 1.878704169e+00 

1.037188041e+00 1.108527132e+00 1.000000000e+00 
1.175315048e+00 1.032299742e+00 1.000000000e+00 
1.078947368e+00 1.146640827e+00 1.225514817e+00 
1.271682728e+00 1.207364341e+00 1.382722250e+00 
1.216085990e+00 1.041989664e+00 1.157207433e+00 
1.222881147e+00 1.237080103e+00 1.316926168e+00 
1.175315048e+00 1.056847545e+00 1.121295831e+00 
1.150605387e+00 1.083333333e+00 1.091411351e+00 
1.212379540e+00 1.000000000e+00 1.000000000e+00 
1.150605387e+00 1.069767442e+00 1.000000000e+00 
1.082190511e+00 1.209302326e+00 1.258663988e+00 
1.037188041e+00 1.125322997e+00 1.167252637e+00 
1.212379540e+00 1.027777778e+00 1.124811652e+00 
1.316160119e+00 1.159560724e+00 1.246107484e+00 
1.398319743e+00 1.322351421e+00 1.471622300e+00 
1.255621448e+00 1.213824289e+00 1.350326469e+00 
1.116629602e+00 1.264857881e+00 1.392767454e+00 
1.221645663e+00 1.255167959e+00 1.346810648e+00 
1.414381023e+00 1.315891473e+00 1.504018081e+00 
1.130837658e+00 1.249354005e+00 1.324460070e+00 
1.087286879e+00 1.190568475e+00 1.292064289e+00 
1.448356808e+00 1.274547804e+00 1.507533903e+00 
1.063256733e+00 1.378552972e+00 1.392767454e+00 
1.288361749e+00 1.414728682e+00 1.630085384e+00 
1.415616506e+00 1.297803618e+00 1.474133601e+00 
1.231529528e+00 1.388888889e+00 1.549974887e+00 
1.101927354e+00 1.476098191e+00 1.514063285e+00 
1.380714109e+00 1.390826873e+00 1.674786539e+00 
1.350135903e+00 1.175064599e+00 1.269713712e+00 
1.063256733e+00 1.401808786e+00 1.505273732e+00 
1.271312083e+00 1.292635659e+00 1.436966349e+00 
1.086823573e+00 1.208010336e+00 1.279758915e+00 
1.271991599e+00 1.479974160e+00 1.674786539e+00 
1.255621448e+00 1.437984496e+00 1.596685083e+00 
1.063256733e+00 1.361757106e+00 1.225514817e+00 
1.183345688e+00 1.340439276e+00 1.495228528e+00 
1.111687670e+00 1.347545220e+00 1.505273732e+00 
1.187978750e+00 1.330103359e+00 1.517579106e+00 
1.176550531e+00 1.362403101e+00 1.514063285e+00 
1.075858661e+00 1.222868217e+00 1.288548468e+00 
1.399555226e+00 1.304263566e+00 1.441737820e+00 
1.222572276e+00 1.288113695e+00 1.413360121e+00 
1.360019768e+00 1.407622739e+00 1.620040181e+00 
1.640721522e+00 1.837855297e+00 2.000000000e+00 
1.941932296e+00 1.769379845e+00 2.000000000e+00 
1.531381270e+00 1.499354005e+00 1.787292818e+00 
1.330615271e+00 1.325581395e+00 1.549974887e+00 
1.254385965e+00 1.456072351e+00 1.626569563e+00 
1.136397331e+00 1.305555556e+00 1.401054746e+00 
1.101927354e+00 1.499354005e+00 1.626569563e+00 
1.151377564e+00 1.554909561e+00 1.721496735e+00 
1.111687670e+00 1.324289406e+00 1.392767454e+00 
1.319866568e+00 1.622739018e+00 1.908588649e+00 
1.209908574e+00 1.408914729e+00 1.549974887e+00 
1.091425747e+00 1.481912145e+00 1.517579106e+00 
1.147825550e+00 1.273255814e+00 1.404570568e+00 
1.309982703e+00 1.390180879e+00 1.558262180e+00 
1.321410922e+00 1.357881137e+00 1.561778001e+00 
1.235544848e+00 1.691860465e+00 1.875188348e+00 
1.369285891e+00 1.423126615e+00 1.671270718e+00 
1.437237460e+00 1.579457364e+00 1.796082371e+00 
1.706202125e+00 1.797157623e+00 2.000000000e+00 
1.104521868e+00 1.458010336e+00 1.662481165e+00 
1.304423029e+00 1.408268734e+00 1.662481165e+00 
1.582406721e+00 1.380490956e+00 1.598945254e+00 
1.304423029e+00 1.385012920e+00 1.549974887e+00 
1.316314554e+00 1.376614987e+00 1.528377700e+00 
1.684334075e+00 1.525839793e+00 1.796082371e+00 
1.104521868e+00 1.434754522e+00 1.549974887e+00 
1.492834198e+00 1.534883721e+00 1.796082371e+00 
1.494316778e+00 1.519379845e+00 1.787292818e+00 
1.101278725e+00 1.489664083e+00 1.596685083e+00 
1.139949345e+00 1.587209302e+00 1.717980914e+00 
1.692982456e+00 1.522609819e+00 1.796082371e+00 
1.426735854e+00 1.607881137e+00 1.796082371e+00 
1.445576971e+00 1.573643411e+00 1.796082371e+00 
1.143192488e+00 1.532299742e+00 1.671270718e+00 
1.154620707e+00 1.500000000e+00 1.674786539e+00 
1.216394860e+00 1.314599483e+00 1.449271723e+00 
1.143192488e+00 1.555555556e+00 1.783776996e+00 
1.422411663e+00 1.520671835e+00 1.721496735e+00 
1.461638251e+00 1.547157623e+00 1.796082371e+00 
1.535581913e+00 1.958010336e+00 2.000000000e+00 
1.154620707e+00 1.523255814e+00 1.787292818e+00 
1.601062515e+00 1.917312661e+00 2.000000000e+00 
1.496386212e+00 1.512919897e+00 1.721496735e+00 
1.512910798e+00 1.489018088e+00 1.766197891e+00 
1.512447492e+00 1.506459948e+00 1.753892516e+00 
1.825179145e+00 1.620801034e+00 1.887493722e+00 
1.326198419e+00 1.609173127e+00 1.878704169e+00 

1.150605387e+00 1.083333333e+00 1.091411351e+00 
1.216085990e+00 1.041989664e+00 1.157207433e+00 
1.078947368e+00 1.146640827e+00 1.225514817e+00 
1.037188041e+00 1.108527132e+00 1.000000000e+00 
1.212379540e+00 1.000000000e+00 1.000000000e+00 
1.212379540e+00 1.027777778e+00 1.124811652e+00 
1.037188041e+00 1.125322997e+00 1.167252637e+00 
1.175315048e+00 1.032299742e+00 1.000000000e+00 
1.255621448e+00 1.213824289e+00 1.350326469e+00 
1.399555226e+00 1.304263566e+00 1.441737820e+00 
1.175315048e+00 1.056847545e+00 1.121295831e+00 
1.350135903e+00 1.175064599e+00 1.269713712e+00 
1.150605387e+00 1.069767442e+00 1.000000000e+00 
1.187978750e+00 1.330103359e+00 1.517579106e+00 
1.075858661e+00 1.222868217e+00 1.288548468e+00 
1.216394860e+00 1.314599483e+00 1.449271723e+00 
1.448356808e+00 1.274547804e+00 1.507533903e+00 
1.101927354e+00 1.499354005e+00 1.626569563e+00 
1.111687670e+00 1.347545220e+00 1.505273732e+00 
1.104521868e+00 1.434754522e+00 1.549974887e+00 
1.143192488e+00 1.532299742e+00 1.671270718e+00 
1.183345688e+00 1.340439276e+00 1.495228528e+00 
1.222881147e+00 1.237080103e+00 1.316926168e+00 
1.271682728e+00 1.207364341e+00 1.382722250e+00 
1.087286879e+00 1.190568475e+00 1.292064289e+00 
1.398319743e+00 1.322351421e+00 1.471622300e+00 
1.414381023e+00 1.315891473e+00 1.504018081e+00 
1.130837658e+00 1.249354005e+00 1.324460070e+00 
1.231529528e+00 1.388888889e+00 1.549974887e+00 
1.316160119e+00 1.159560724e+00 1.246107484e+00 
1.221645663e+00 1.255167959e+00 1.346810648e+00 
1.063256733e+00 1.401808786e+00 1.505273732e+00 
1.176550531e+00 1.362403101e+00 1.514063285e+00 
1.082190511e+00 1.209302326e+00 1.258663988e+00 
1.086823573e+00 1.208010336e+00 1.279758915e+00 
1.415616506e+00 1.297803618e+00 1.474133601e+00 
1.380714109e+00 1.390826873e+00 1.674786539e+00 
1.104521868e+00 1.458010336e+00 1.662481165e+00 
1.154620707e+00 1.523255814e+00 1.787292818e+00 
1.271991599e+00 1.479974160e+00 1.674786539e+00 
1.222572276e+00 1.288113695e+00 1.413360121e+00 
1.147825550e+00 1.273255814e+00 1.404570568e+00 
1.154620707e+00 1.500000000e+00 1.674786539e+00 
1.369285891e+00 1.423126615e+00 1.671270718e+00 
1.101278725e+00 1.489664083e+00 1.596685083e+00 
1.330615271e+00 1.325581395e+00 1.549974887e+00 
1.139949345e+00 1.587209302e+00 1.717980914e+00 
1.692982456e+00 1.522609819e+00 1.796082371e+00 
1.582406721e+00 1.380490956e+00 1.598945254e+00 
1.116629602e+00 1.264857881e+00 1.392767454e+00 
1.063256733e+00 1.378552972e+00 1.392767454e+00 
1.309982703e+00 1.390180879e+00 1.558262180e+00 
1.271312083e+00 1.292635659e+00 1.436966349e+00 
1.321410922e+00 1.357881137e+00 1.561778001e+00 
1.304423029e+00 1.408268734e+00 1.662481165e+00 
1.316314554e+00 1.376614987e+00 1.528377700e+00 
1.143192488e+00 1.555555556e+00 1.783776996e+00 
1.512910798e+00 1.489018088e+00 1.766197891e+00 
1.149524339e+00 1.541989664e+00 1.753892516e+00 
1.816530764e+00 1.624031008e+00 1.887493722e+00 
1.466889054e+00 1.655038760e+00 1.908588649e+00 
1.684334075e+00 1.525839793e+00 1.796082371e+00 
1.825179145e+00 1.620801034e+00 1.887493722e+00 
1.101927354e+00 1.476098191e+00 1.514063285e+00 
1.458240672e+00 1.658268734e+00 1.908588649e+00 
1.341796392e+00 1.692506460e+00 1.908588649e+00 
1.512447492e+00 1.506459948e+00 1.753892516e+00 
1.136397331e+00 1.305555556e+00 1.401054746e+00 
1.235544848e+00 1.691860465e+00 1.875188348e+00 
1.492834198e+00 1.534883721e+00 1.796082371e+00 
1.288361749e+00 1.414728682e+00 1.630085384e+00 
1.111687670e+00 1.324289406e+00 1.392767454e+00 
1.255621448e+00 1.437984496e+00 1.596685083e+00 
1.550593032e+00 1.794573643e+00 2.000000000e+00 
1.233382753e+00 1.669250646e+00 1.796082371e+00 
1.304423029e+00 1.385012920e+00 1.549974887e+00 
1.254385965e+00 1.456072351e+00 1.626569563e+00 
1.246973066e+00 1.659560724e+00 1.878704169e+00 
1.360019768e+00 1.407622739e+00 1.620040181e+00 
1.602483321e+00 1.638242894e+00 1.887493722e+00 
1.230911787e+00 1.688630491e+00 1.796082371e+00 
1.623177662e+00 1.753875969e+00 2.000000000e+00 
1.626266370e+00 1.499354005e+00 1.787292818e+00 
1.730046948e+00 1.631136951e+00 1.908588649e+00 
1.494316778e+00 1.519379845e+00 1.787292818e+00 
1.758463059e+00 1.597545220e+00 1.878704169e+00 
1.209908574e+00 1.408914729e+00 1.549974887e+00 
1.437237460e+00 1.579457364e+00 1.796082371e+00 
1.063256733e+00 1.361757106e+00 1.225514817e+00 
1.862243637e+00 1.729328165e+00 2.000000000e+00 
1.445576971e+00 1.573643411e+00 1.796082371e+00 
1.613293798e+00 1.756459948e+00 2.000000000e+00 
1.599085743e+00 1.773901809e+00 2.000000000e+00 
1.607734124e+00 1.770671835e+00 2.000000000e+00 
1.848035582e+00 1.746770026e+00 2.000000000e+00 
1.625895725e+00 1.631782946e+00 1.908588649e+00 
1.598097356e+00 1.651162791e+00 1.908588649e+00 
1.742648876e+00 1.748062016e+00 2.000000000e+00 
1.766740796e+00 1.747416021e+00 2.000000000e+00 
1.647732889e+00 1.750645995e+00 2.000000000e+00 
1.344112923e+00 1.615633075e+00 1.878704169e+00 
1.332684705e+00 1.647932817e+00 1.875188348e+00 
1.230911787e+00 1.711886305e+00 1.908588649e+00 
1.091425747e+00 1.481912145e+00 1.517579106e+00 
1.461638251e+00 1.547157623e+00 1.796082371e+00 
1.322831727e+00 1.640180879e+00 1.796082371e+00 
1.482950334e+00 1.811369509e+00 2.000000000e+00 

1.111687670e+00 1.324289406e+00 1.392767454e+00 
1.037188041e+00 1.125322997e+00 1.167252637e+00 
1.212379540e+00 1.000000000e+00 1.000000000e+00 
1.271682728e+00 1.207364341e+00 1.382722250e+00 
1.216085990e+00 1.041989664e+00 1.157207433e+00 
1.078947368e+00 1.146640827e+00 1.225514817e+00 
1.212379540e+00 1.027777778e+00 1.124811652e+00 
1.037188041e+00 1.108527132e+00 1.000000000e+00 
1.116629602e+00 1.264857881e+00 1.392767454e+00 
1.222881147e+00 1.237080103e+00 1.316926168e+00 
1.150605387e+00 1.069767442e+00 1.000000000e+00 
1.316160119e+00 1.159560724e+00 1.246107484e+00 
1.175315048e+00 1.032299742e+00 1.000000000e+00 
1.086823573e+00 1.208010336e+00 1.279758915e+00 
1.175315048e+00 1.056847545e+00 1.121295831e+00 
1.082190511e+00 1.209302326e+00 1.258663988e+00 
1.398319743e+00 1.322351421e+00 1.471622300e+00 
1.414381023e+00 1.315891473e+00 1.504018081e+00 
1.130837658e+00 1.249354005e+00 1.324460070e+00 
1.075858661e+00 1.222868217e+00 1.288548468e+00 
1.448356808e+00 1.274547804e+00 1.507533903e+00 
1.271312083e+00 1.292635659e+00 1.436966349e+00 
1.231529528e+00 1.388888889e+00 1.549974887e+00 
1.150605387e+00 1.083333333e+00 1.091411351e+00 
1.221645663e+00 1.255167959e+00 1.346810648e+00 
1.216394860e+00 1.314599483e+00 1.449271723e+00 
1.350135903e+00 1.175064599e+00 1.269713712e+00 
1.187978750e+00 1.330103359e+00 1.517579106e+00 
1.454843094e+00 1.540697674e+00 1.796082371e+00 
1.255621448e+00 1.213824289e+00 1.350326469e+00 
1.330615271e+00 1.325581395e+00 1.549974887e+00 
1.147825550e+00 1.273255814e+00 1.404570568e+00 
1.415616506e+00 1.297803618e+00 1.474133601e+00 
1.087286879e+00 1.190568475e+00 1.292064289e+00 
1.111687670e+00 1.347545220e+00 1.505273732e+00 
1.063256733e+00 1.401808786e+00 1.505273732e+00 
1.399555226e+00 1.304263566e+00 1.441737820e+00 
1.254385965e+00 1.456072351e+00 1.626569563e+00 
1.582406721e+00 1.380490956e+00 1.598945254e+00 
1.222572276e+00 1.288113695e+00 1.413360121e+00 
1.209908574e+00 1.408914729e+00 1.549974887e+00 
1.176550531e+00 1.362403101e+00 1.514063285e+00 
1.380714109e+00 1.390826873e+00 1.674786539e+00 
1.321410922e+00 1.357881137e+00 1.561778001e+00 
1.512447492e+00 1.506459948e+00 1.753892516e+00 
1.512910798e+00 1.489018088e+00 1.766197891e+00 
1.255621448e+00 1.437984496e+00 1.596685083e+00 
1.304423029e+00 1.408268734e+00 1.662481165e+00 
1.183345688e+00 1.340439276e+00 1.495228528e+00 
1.271991599e+00 1.479974160e+00 1.674786539e+00 
1.692982456e+00 1.522609819e+00 1.796082371e+00 
1.063256733e+00 1.378552972e+00 1.392767454e+00 
1.136397331e+00 1.305555556e+00 1.401054746e+00 
1.104521868e+00 1.458010336e+00 1.662481165e+00 
1.063256733e+00 1.361757106e+00 1.225514817e+00 
1.303805288e+00 1.451550388e+00 1.620040181e+00 
1.154620707e+00 1.523255814e+00 1.787292818e+00 
1.360019768e+00 1.407622739e+00 1.620040181e+00 
1.309982703e+00 1.390180879e+00 1.558262180e+00 
1.101927354e+00 1.476098191e+00 1.514063285e+00 
1.393068940e+00 1.588501292e+00 1.796082371e+00 
1.298554485e+00 1.613695090e+00 1.878704169e+00 
1.369285891e+00 1.423126615e+00 1.671270718e+00 
1.341796392e+00 1.692506460e+00 1.908588649e+00 
1.304423029e+00 1.385012920e+00 1.549974887e+00 
1.412218928e+00 1.767441860e+00 2.000000000e+00 
1.380219916e+00 1.677648579e+00 1.908588649e+00 
1.104521868e+00 1.434754522e+00 1.549974887e+00 
1.101927354e+00 1.499354005e+00 1.626569563e+00 
1.154620707e+00 1.500000000e+00 1.674786539e+00 
1.233382753e+00 1.669250646e+00 1.796082371e+00 
1.418241908e+00 1.765503876e+00 2.000000000e+00 
1.587039783e+00 1.638888889e+00 1.887493722e+00 
1.101278725e+00 1.489664083e+00 1.596685083e+00 
1.684334075e+00 1.525839793e+00 1.796082371e+00 
1.143192488e+00 1.532299742e+00 1.671270718e+00 
1.437237460e+00 1.579457364e+00 1.796082371e+00 
1.408975785e+00 1.798449612e+00 2.000000000e+00 
1.139949345e+00 1.587209302e+00 1.717980914e+00 
1.143192488e+00 1.555555556e+00 1.783776996e+00 
1.492834198e+00 1.534883721e+00 1.796082371e+00 
1.494316778e+00 1.519379845e+00 1.787292818e+00 
1.598097356e+00 1.651162791e+00 1.908588649e+00 
1.287126266e+00 1.645994832e+00 1.875188348e+00 
1.625895725e+00 1.631782946e+00 1.908588649e+00 
1.466889054e+00 1.655038760e+00 1.908588649e+00 
1.458240672e+00 1.658268734e+00 1.908588649e+00 
1.498085001e+00 1.653100775e+00 1.908588649e+00 
1.613293798e+00 1.756459948e+00 2.000000000e+00 
1.091425747e+00 1.481912145e+00 1.517579106e+00 
1.816530764e+00 1.624031008e+00 1.887493722e+00 
1.825179145e+00 1.620801034e+00 1.887493722e+00 
1.758154188e+00 1.742894057e+00 2.000000000e+00 
1.149524339e+00 1.541989664e+00 1.753892516e+00 
1.246973066e+00 1.659560724e+00 1.878704169e+00 
1.602483321e+00 1.638242894e+00 1.887493722e+00 
1.316314554e+00 1.376614987e+00 1.528377700e+00 
1.623177662e+00 1.753875969e+00 2.000000000e+00 
1.638930072e+00 1.744186047e+00 2.000000000e+00 
1.235544848e+00 1.691860465e+00 1.875188348e+00 
1.971583889e+00 1.729974160e+00 2.000000000e+00 

1.175315048e+00 1.056847545e+00 1.121295831e+00 
1.150605387e+00 1.069767442e+00 1.000000000e+00 
1.212379540e+00 1.000000000e+00 1.000000000e+00 
1.037188041e+00 1.125322997e+00 1.167252637e+00 
1.037188041e+00 1.108527132e+00 1.000000000e+00 
1.222881147e+00 1.237080103e+00 1.316926168e+00 
1.063256733e+00 1.378552972e+00 1.392767454e+00 
1.212379540e+00 1.027777778e+00 1.124811652e+00 
1.078947368e+00 1.146640827e+00 1.225514817e+00 
1.350135903e+00 1.175064599e+00 1.269713712e+00 
1.415616506e+00 1.297803618e+00 1.474133601e+00 
1.175315048e+00 1.032299742e+00 1.000000000e+00 
1.316160119e+00 1.159560724e+00 1.246107484e+00 
1.216085990e+00 1.041989664e+00 1.157207433e+00 
1.150605387e+00 1.083333333e+00 1.091411351e+00 
1.271682728e+00 1.207364341e+00 1.382722250e+00 
1.231529528e+00 1.388888889e+00 1.549974887e+00 
1.086823573e+00 1.208010336e+00 1.279758915e+00 
1.255621448e+00 1.213824289e+00 1.350326469e+00 
1.082190511e+00 1.209302326e+00 1.258663988e+00 
1.288361749e+00 1.414728682e+00 1.630085384e+00 
1.130837658e+00 1.249354005e+00 1.324460070e+00 
1.116629602e+00 1.264857881e+00 1.392767454e+00 
1.221645663e+00 1.255167959e+00 1.346810648e+00 
1.075858661e+00 1.222868217e+00 1.288548468e+00 
1.414381023e+00 1.315891473e+00 1.504018081e+00 
1.111687670e+00 1.347545220e+00 1.505273732e+00 
1.209908574e+00 1.408914729e+00 1.549974887e+00 
1.271312083e+00 1.292635659e+00 1.436966349e+00 
1.176550531e+00 1.362403101e+00 1.514063285e+00 
1.063256733e+00 1.401808786e+00 1.505273732e+00 
1.063256733e+00 1.361757106e+00 1.225514817e+00 
1.448356808e+00 1.274547804e+00 1.507533903e+00 
1.399555226e+00 1.304263566e+00 1.441737820e+00 
1.087286879e+00 1.190568475e+00 1.292064289e+00 
1.309982703e+00 1.390180879e+00 1.558262180e+00 
1.101927354e+00 1.476098191e+00 1.514063285e+00 
1.101927354e+00 1.499354005e+00 1.626569563e+00 
1.254385965e+00 1.456072351e+00 1.626569563e+00 
1.187978750e+00 1.330103359e+00 1.517579106e+00 
1.111687670e+00 1.324289406e+00 1.392767454e+00 
1.531381270e+00 1.499354005e+00 1.787292818e+00 
1.422411663e+00 1.520671835e+00 1.721496735e+00 
1.398319743e+00 1.322351421e+00 1.471622300e+00 
1.183345688e+00 1.340439276e+00 1.495228528e+00 
1.582406721e+00 1.380490956e+00 1.598945254e+00 
1.380714109e+00 1.390826873e+00 1.674786539e+00 
1.330615271e+00 1.325581395e+00 1.549974887e+00 
1.321410922e+00 1.357881137e+00 1.561778001e+00 
1.222572276e+00 1.288113695e+00 1.413360121e+00 
1.496386212e+00 1.512919897e+00 1.721496735e+00 
1.255621448e+00 1.437984496e+00 1.596685083e+00 
1.369285891e+00 1.423126615e+00 1.671270718e+00 
1.143192488e+00 1.555555556e+00 1.783776996e+00 
1.304423029e+00 1.385012920e+00 1.549974887e+00 
1.147825550e+00 1.273255814e+00 1.404570568e+00 
1.304423029e+00 1.408268734e+00 1.662481165e+00 
1.136397331e+00 1.305555556e+00 1.401054746e+00 
1.216394860e+00 1.314599483e+00 1.449271723e+00 
1.684334075e+00 1.525839793e+00 1.796082371e+00 
1.227668643e+00 1.743540052e+00 1.842792567e+00 
1.271991599e+00 1.479974160e+00 1.674786539e+00 
1.494316778e+00 1.519379845e+00 1.787292818e+00 
1.104521868e+00 1.434754522e+00 1.549974887e+00 
1.143192488e+00 1.532299742e+00 1.671270718e+00 
1.454843094e+00 1.540697674e+00 1.796082371e+00 
1.492834198e+00 1.534883721e+00 1.796082371e+00 
1.816530764e+00 1.624031008e+00 1.887493722e+00 
1.512447492e+00 1.506459948e+00 1.753892516e+00 
1.512910798e+00 1.489018088e+00 1.766197891e+00 
1.091425747e+00 1.481912145e+00 1.517579106e+00 
1.139949345e+00 1.587209302e+00 1.717980914e+00 
1.154620707e+00 1.500000000e+00 1.674786539e+00 
1.635161848e+00 1.631136951e+00 1.908588649e+00 
1.825179145e+00 1.620801034e+00 1.887493722e+00 
1.692982456e+00 1.522609819e+00 1.796082371e+00 
1.104521868e+00 1.458010336e+00 1.662481165e+00 
1.101278725e+00 1.489664083e+00 1.596685083e+00 
1.873980726e+00 1.734496124e+00 2.000000000e+00 
1.154620707e+00 1.523255814e+00 1.787292818e+00 
1.760316284e+00 1.605297158e+00 1.878704169e+00 
1.344112923e+00 1.615633075e+00 1.878704169e+00 
1.230911787e+00 1.711886305e+00 1.908588649e+00 
1.623177662e+00 1.753875969e+00 2.000000000e+00 
1.149524339e+00 1.541989664e+00 1.753892516e+00 
1.316314554e+00 1.376614987e+00 1.528377700e+00 
1.647732889e+00 1.750645995e+00 2.000000000e+00 
1.414689894e+00 1.588501292e+00 1.796082371e+00 
1.233382753e+00 1.669250646e+00 1.796082371e+00 
1.230911787e+00 1.688630491e+00 1.796082371e+00 
1.235544848e+00 1.691860465e+00 1.875188348e+00 
1.246973066e+00 1.659560724e+00 1.878704169e+00 
1.297319002e+00 1.631782946e+00 1.908588649e+00 
1.237243637e+00 1.698320413e+00 1.878704169e+00 
1.389671362e+00 1.768087855e+00 2.000000000e+00 
1.292222634e+00 1.650516796e+00 1.875188348e+00 
1.216580183e+00 1.753875969e+00 1.796082371e+00 
1.656381270e+00 1.747416021e+00 2.000000000e+00 

1.078947368e+00 1.146640827e+00 1.225514817e+00 
1.175315048e+00 1.056847545e+00 1.121295831e+00 
1.101278725e+00 1.489664083e+00 1.596685083e+00 
1.037188041e+00 1.108527132e+00 1.000000000e+00 
1.037188041e+00 1.125322997e+00 1.167252637e+00 
1.212379540e+00 1.000000000e+00 1.000000000e+00 
1.212379540e+00 1.027777778e+00 1.124811652e+00 
1.150605387e+00 1.083333333e+00 1.091411351e+00 
1.221645663e+00 1.255167959e+00 1.346810648e+00 
1.216085990e+00 1.041989664e+00 1.157207433e+00 
1.150605387e+00 1.069767442e+00 1.000000000e+00 
1.175315048e+00 1.032299742e+00 1.000000000e+00 
1.130837658e+00 1.249354005e+00 1.324460070e+00 
1.116629602e+00 1.264857881e+00 1.392767454e+00 
1.222881147e+00 1.237080103e+00 1.316926168e+00 
1.316160119e+00 1.159560724e+00 1.246107484e+00 
1.082190511e+00 1.209302326e+00 1.258663988e+00 
1.398319743e+00 1.322351421e+00 1.471622300e+00 
1.147825550e+00 1.273255814e+00 1.404570568e+00 
1.255621448e+00 1.213824289e+00 1.350326469e+00 
1.136397331e+00 1.305555556e+00 1.401054746e+00 
1.360019768e+00 1.407622739e+00 1.620040181e+00 
1.414381023e+00 1.315891473e+00 1.504018081e+00 
1.075858661e+00 1.222868217e+00 1.288548468e+00 
1.231529528e+00 1.388888889e+00 1.549974887e+00 
1.415616506e+00 1.297803618e+00 1.474133601e+00 
1.271312083e+00 1.292635659e+00 1.436966349e+00 
1.350135903e+00 1.175064599e+00 1.269713712e+00 
1.087286879e+00 1.190568475e+00 1.292064289e+00 
1.271682728e+00 1.207364341e+00 1.382722250e+00 
1.399555226e+00 1.304263566e+00 1.441737820e+00 
1.222572276e+00 1.288113695e+00 1.413360121e+00 
1.330615271e+00 1.325581395e+00 1.549974887e+00 
1.063256733e+00 1.401808786e+00 1.505273732e+00 
1.187978750e+00 1.330103359e+00 1.517579106e+00 
1.448356808e+00 1.274547804e+00 1.507533903e+00 
1.176550531e+00 1.362403101e+00 1.514063285e+00 
1.369285891e+00 1.423126615e+00 1.671270718e+00 
1.254385965e+00 1.456072351e+00 1.626569563e+00 
1.086823573e+00 1.208010336e+00 1.279758915e+00 
1.255621448e+00 1.437984496e+00 1.596685083e+00 
1.183345688e+00 1.340439276e+00 1.495228528e+00 
1.101927354e+00 1.499354005e+00 1.626569563e+00 
1.437237460e+00 1.579457364e+00 1.796082371e+00 
1.288361749e+00 1.414728682e+00 1.630085384e+00 
1.111687670e+00 1.347545220e+00 1.505273732e+00 
1.111687670e+00 1.324289406e+00 1.392767454e+00 
1.271991599e+00 1.479974160e+00 1.674786539e+00 
1.309982703e+00 1.390180879e+00 1.558262180e+00 
1.492834198e+00 1.534883721e+00 1.796082371e+00 
1.304423029e+00 1.408268734e+00 1.662481165e+00 
1.321410922e+00 1.357881137e+00 1.561778001e+00 
1.230911787e+00 1.711886305e+00 1.908588649e+00 
1.216394860e+00 1.314599483e+00 1.449271723e+00 
1.454843094e+00 1.540697674e+00 1.796082371e+00 
1.380714109e+00 1.390826873e+00 1.674786539e+00 
1.496386212e+00 1.512919897e+00 1.721496735e+00 
1.063256733e+00 1.378552972e+00 1.392767454e+00 
1.101927354e+00 1.476098191e+00 1.514063285e+00 
1.494316778e+00 1.519379845e+00 1.787292818e+00 
1.582406721e+00 1.380490956e+00 1.598945254e+00 
1.512447492e+00 1.506459948e+00 1.753892516e+00 
1.512910798e+00 1.489018088e+00 1.766197891e+00 
1.063256733e+00 1.361757106e+00 1.225514817e+00 
1.104521868e+00 1.458010336e+00 1.662481165e+00 
1.684334075e+00 1.525839793e+00 1.796082371e+00 
1.393068940e+00 1.588501292e+00 1.796082371e+00 
1.139949345e+00 1.587209302e+00 1.717980914e+00 
1.304423029e+00 1.385012920e+00 1.549974887e+00 
1.151377564e+00 1.554909561e+00 1.721496735e+00 
1.091425747e+00 1.481912145e+00 1.517579106e+00 
1.825179145e+00 1.620801034e+00 1.887493722e+00 
1.692982456e+00 1.522609819e+00 1.796082371e+00 
1.418241908e+00 1.765503876e+00 2.000000000e+00 
1.344112923e+00 1.615633075e+00 1.878704169e+00 
1.154620707e+00 1.523255814e+00 1.787292818e+00 
1.143192488e+00 1.555555556e+00 1.783776996e+00 
1.154620707e+00 1.500000000e+00 1.674786539e+00 
1.104521868e+00 1.434754522e+00 1.549974887e+00 
1.638930072e+00 1.744186047e+00 2.000000000e+00 
1.246973066e+00 1.659560724e+00 1.878704169e+00 
1.445576971e+00 1.573643411e+00 1.796082371e+00 
1.227668643e+00 1.743540052e+00 1.842792567e+00 
1.143192488e+00 1.532299742e+00 1.671270718e+00 
1.971583889e+00 1.729974160e+00 2.000000000e+00 
1.235544848e+00 1.691860465e+00 1.875188348e+00 
1.209908574e+00 1.408914729e+00 1.549974887e+00 
1.626266370e+00 1.499354005e+00 1.787292818e+00 
1.627501853e+00 1.762919897e+00 2.000000000e+00 
1.319866568e+00 1.622739018e+00 1.908588649e+00 
1.408975785e+00 1.798449612e+00 2.000000000e+00 
1.316623425e+00 1.654392765e+00 1.842792567e+00 
1.316314554e+00 1.376614987e+00 1.528377700e+00 

1.150605387e+00 1.069767442e+00 1.000000000e+00 
1.037188041e+00 1.108527132e+00 1.000000000e+00 
1.212379540e+00 1.000000000e+00 1.000000000e+00 
1.212379540e+00 1.027777778e+00 1.124811652e+00 
1.175315048e+00 1.032299742e+00 1.000000000e+00 
1.216085990e+00 1.041989664e+00 1.157207433e+00 
1.350135903e+00 1.175064599e+00 1.269713712e+00 
1.150605387e+00 1.083333333e+00 1.091411351e+00 
1.271682728e+00 1.207364341e+00 1.382722250e+00 
1.255621448e+00 1.213824289e+00 1.350326469e+00 
1.078947368e+00 1.146640827e+00 1.225514817e+00 
1.082190511e+00 1.209302326e+00 1.258663988e+00 
1.175315048e+00 1.056847545e+00 1.121295831e+00 
1.399555226e+00 1.304263566e+00 1.441737820e+00 
1.316160119e+00 1.159560724e+00 1.246107484e+00 
1.398319743e+00 1.322351421e+00 1.471622300e+00 
1.130837658e+00 1.249354005e+00 1.324460070e+00 
1.222881147e+00 1.237080103e+00 1.316926168e+00 
1.183345688e+00 1.340439276e+00 1.495228528e+00 
1.037188041e+00 1.125322997e+00 1.167252637e+00 
1.147825550e+00 1.273255814e+00 1.404570568e+00 
1.116629602e+00 1.264857881e+00 1.392767454e+00 
1.221645663e+00 1.255167959e+00 1.346810648e+00 
1.075858661e+00 1.222868217e+00 1.288548468e+00 
1.360019768e+00 1.407622739e+00 1.620040181e+00 
1.448356808e+00 1.274547804e+00 1.507533903e+00 
1.426735854e+00 1.607881137e+00 1.796082371e+00 
1.330615271e+00 1.325581395e+00 1.549974887e+00 
1.415616506e+00 1.297803618e+00 1.474133601e+00 
1.414381023e+00 1.315891473e+00 1.504018081e+00 
1.086823573e+00 1.208010336e+00 1.279758915e+00 
1.087286879e+00 1.190568475e+00 1.292064289e+00 
1.271312083e+00 1.292635659e+00 1.436966349e+00 
1.136397331e+00 1.305555556e+00 1.401054746e+00 
1.369285891e+00 1.423126615e+00 1.671270718e+00 
1.309982703e+00 1.390180879e+00 1.558262180e+00 
1.111687670e+00 1.324289406e+00 1.392767454e+00 
1.063256733e+00 1.378552972e+00 1.392767454e+00 
1.063256733e+00 1.361757106e+00 1.225514817e+00 
1.187978750e+00 1.330103359e+00 1.517579106e+00 
1.101927354e+00 1.476098191e+00 1.514063285e+00 
1.231529528e+00 1.388888889e+00 1.549974887e+00 
1.582406721e+00 1.380490956e+00 1.598945254e+00 
1.437237460e+00 1.579457364e+00 1.796082371e+00 
1.216394860e+00 1.314599483e+00 1.449271723e+00 
1.176550531e+00 1.362403101e+00 1.514063285e+00 
1.255621448e+00 1.437984496e+00 1.596685083e+00 
1.492834198e+00 1.534883721e+00 1.796082371e+00 
1.380714109e+00 1.390826873e+00 1.674786539e+00 
1.111687670e+00 1.347545220e+00 1.505273732e+00 
1.288361749e+00 1.414728682e+00 1.630085384e+00 
1.494069681e+00 1.513565891e+00 1.711451532e+00 
1.304423029e+00 1.385012920e+00 1.549974887e+00 
1.692982456e+00 1.522609819e+00 1.796082371e+00 
1.304423029e+00 1.408268734e+00 1.662481165e+00 
1.101927354e+00 1.499354005e+00 1.626569563e+00 
1.496386212e+00 1.512919897e+00 1.721496735e+00 
1.143192488e+00 1.555555556e+00 1.783776996e+00 
1.422411663e+00 1.520671835e+00 1.721496735e+00 
1.319866568e+00 1.622739018e+00 1.908588649e+00 
1.091425747e+00 1.481912145e+00 1.517579106e+00 
1.321410922e+00 1.357881137e+00 1.561778001e+00 
1.316314554e+00 1.376614987e+00 1.528377700e+00 
1.063256733e+00 1.401808786e+00 1.505273732e+00 
1.143192488e+00 1.532299742e+00 1.671270718e+00 
1.287126266e+00 1.645994832e+00 1.875188348e+00 
1.222572276e+00 1.288113695e+00 1.413360121e+00 
1.271991599e+00 1.479974160e+00 1.674786539e+00 
1.684334075e+00 1.525839793e+00 1.796082371e+00 
1.104521868e+00 1.434754522e+00 1.549974887e+00 
1.512447492e+00 1.506459948e+00 1.753892516e+00 
1.104521868e+00 1.458010336e+00 1.662481165e+00 
1.825179145e+00 1.620801034e+00 1.887493722e+00 
1.512910798e+00 1.489018088e+00 1.766197891e+00 
1.494316778e+00 1.519379845e+00 1.787292818e+00 
1.209908574e+00 1.408914729e+00 1.549974887e+00 
1.151377564e+00 1.554909561e+00 1.721496735e+00 
1.579318013e+00 1.791989664e+00 2.000000000e+00 
1.531381270e+00 1.499354005e+00 1.787292818e+00 
1.139949345e+00 1.587209302e+00 1.717980914e+00 
1.101278725e+00 1.489664083e+00 1.596685083e+00 
1.227668643e+00 1.743540052e+00 1.842792567e+00 
1.154620707e+00 1.523255814e+00 1.787292818e+00 
1.374845565e+00 1.802325581e+00 2.000000000e+00 
1.610822832e+00 1.745478036e+00 2.000000000e+00 
1.154620707e+00 1.500000000e+00 1.674786539e+00 
1.230911787e+00 1.688630491e+00 1.796082371e+00 
1.298554485e+00 1.613695090e+00 1.878704169e+00 
1.230911787e+00 1.711886305e+00 1.908588649e+00 
1.665431184e+00 1.605297158e+00 1.878704169e+00 
1.461638251e+00 1.547157623e+00 1.796082371e+00 
1.659006672e+00 1.718346253e+00 2.000000000e+00 

1.175315048e+00 1.032299742e+00 1.000000000e+00 
1.075858661e+00 1.222868217e+00 1.288548468e+00 
1.087286879e+00 1.190568475e+00 1.292064289e+00 
1.037188041e+00 1.108527132e+00 1.000000000e+00 
1.212379540e+00 1.027777778e+00 1.124811652e+00 
1.078947368e+00 1.146640827e+00 1.225514817e+00 
1.415616506e+00 1.297803618e+00 1.474133601e+00 
1.175315048e+00 1.056847545e+00 1.121295831e+00 
1.037188041e+00 1.125322997e+00 1.167252637e+00 
1.212379540e+00 1.000000000e+00 1.000000000e+00 
1.316160119e+00 1.159560724e+00 1.246107484e+00 
1.216085990e+00 1.041989664e+00 1.157207433e+00 
1.150605387e+00 1.069767442e+00 1.000000000e+00 
1.150605387e+00 1.083333333e+00 1.091411351e+00 
1.255621448e+00 1.213824289e+00 1.350326469e+00 
1.221645663e+00 1.255167959e+00 1.346810648e+00 
1.222881147e+00 1.237080103e+00 1.316926168e+00 
1.271682728e+00 1.207364341e+00 1.382722250e+00 
1.414381023e+00 1.315891473e+00 1.504018081e+00 
1.448356808e+00 1.274547804e+00 1.507533903e+00 
1.063256733e+00 1.401808786e+00 1.505273732e+00 
1.330615271e+00 1.325581395e+00 1.549974887e+00 
1.360019768e+00 1.407622739e+00 1.620040181e+00 
1.398319743e+00 1.322351421e+00 1.471622300e+00 
1.350135903e+00 1.175064599e+00 1.269713712e+00 
1.130837658e+00 1.249354005e+00 1.324460070e+00 
1.271312083e+00 1.292635659e+00 1.436966349e+00 
1.255621448e+00 1.437984496e+00 1.596685083e+00 
1.183345688e+00 1.340439276e+00 1.495228528e+00 
1.399555226e+00 1.304263566e+00 1.441737820e+00 
1.216394860e+00 1.314599483e+00 1.449271723e+00 
1.111687670e+00 1.324289406e+00 1.392767454e+00 
1.222572276e+00 1.288113695e+00 1.413360121e+00 
1.111687670e+00 1.347545220e+00 1.505273732e+00 
1.582406721e+00 1.380490956e+00 1.598945254e+00 
1.271991599e+00 1.479974160e+00 1.674786539e+00 
1.231529528e+00 1.388888889e+00 1.549974887e+00 
1.187978750e+00 1.330103359e+00 1.517579106e+00 
1.116629602e+00 1.264857881e+00 1.392767454e+00 
1.512447492e+00 1.506459948e+00 1.753892516e+00 
1.147825550e+00 1.273255814e+00 1.404570568e+00 
1.304423029e+00 1.408268734e+00 1.662481165e+00 
1.380714109e+00 1.390826873e+00 1.674786539e+00 
1.369285891e+00 1.423126615e+00 1.671270718e+00 
1.288361749e+00 1.414728682e+00 1.630085384e+00 
1.104521868e+00 1.458010336e+00 1.662481165e+00 
1.176550531e+00 1.362403101e+00 1.514063285e+00 
1.321410922e+00 1.357881137e+00 1.561778001e+00 
1.304423029e+00 1.385012920e+00 1.549974887e+00 
1.512910798e+00 1.489018088e+00 1.766197891e+00 
1.254385965e+00 1.456072351e+00 1.626569563e+00 
1.531381270e+00 1.499354005e+00 1.787292818e+00 
1.445576971e+00 1.573643411e+00 1.796082371e+00 
1.086823573e+00 1.208010336e+00 1.279758915e+00 
1.309982703e+00 1.390180879e+00 1.558262180e+00 
1.082190511e+00 1.209302326e+00 1.258663988e+00 
1.063256733e+00 1.361757106e+00 1.225514817e+00 
1.494316778e+00 1.519379845e+00 1.787292818e+00 
1.344112923e+00 1.615633075e+00 1.878704169e+00 
1.393068940e+00 1.588501292e+00 1.796082371e+00 
1.136397331e+00 1.305555556e+00 1.401054746e+00 
1.091425747e+00 1.481912145e+00 1.517579106e+00 
1.063256733e+00 1.378552972e+00 1.392767454e+00 
1.297319002e+00 1.631782946e+00 1.908588649e+00 
1.154620707e+00 1.523255814e+00 1.787292818e+00 
1.692982456e+00 1.522609819e+00 1.796082371e+00 
1.101927354e+00 1.476098191e+00 1.514063285e+00 
1.496386212e+00 1.512919897e+00 1.721496735e+00 
1.104521868e+00 1.434754522e+00 1.549974887e+00 
1.101927354e+00 1.499354005e+00 1.626569563e+00 
1.825179145e+00 1.620801034e+00 1.887493722e+00 
1.316314554e+00 1.376614987e+00 1.528377700e+00 
1.154620707e+00 1.500000000e+00 1.674786539e+00 
1.408975785e+00 1.798449612e+00 2.000000000e+00 
1.492834198e+00 1.534883721e+00 1.796082371e+00 
1.684334075e+00 1.525839793e+00 1.796082371e+00 
1.816530764e+00 1.624031008e+00 1.887493722e+00 
1.437237460e+00 1.579457364e+00 1.796082371e+00 
1.151377564e+00 1.554909561e+00 1.721496735e+00 
1.209908574e+00 1.408914729e+00 1.549974887e+00 
1.143192488e+00 1.532299742e+00 1.671270718e+00 
1.454843094e+00 1.540697674e+00 1.796082371e+00 
1.139949345e+00 1.587209302e+00 1.717980914e+00 
1.143192488e+00 1.555555556e+00 1.783776996e+00 
1.614838152e+00 1.769379845e+00 2.000000000e+00 
1.647732889e+00 1.750645995e+00 2.000000000e+00 
1.101278725e+00 1.489664083e+00 1.596685083e+00 
1.531288609e+00 1.784883721e+00 2.000000000e+00 

1.271682728e+00 1.207364341e+00 1.382722250e+00 
1.212379540e+00 1.000000000e+00 1.000000000e+00 
1.037188041e+00 1.125322997e+00 1.167252637e+00 
1.150605387e+00 1.069767442e+00 1.000000000e+00 
1.175315048e+00 1.056847545e+00 1.121295831e+00 
1.037188041e+00 1.108527132e+00 1.000000000e+00 
1.175315048e+00 1.032299742e+00 1.000000000e+00 
1.116629602e+00 1.264857881e+00 1.392767454e+00 
1.216085990e+00 1.041989664e+00 1.157207433e+00 
1.150605387e+00 1.083333333e+00 1.091411351e+00 
1.255621448e+00 1.213824289e+00 1.350326469e+00 
1.222881147e+00 1.237080103e+00 1.316926168e+00 
1.082190511e+00 1.209302326e+00 1.258663988e+00 
1.078947368e+00 1.146640827e+00 1.225514817e+00 
1.212379540e+00 1.027777778e+00 1.124811652e+00 
1.398319743e+00 1.322351421e+00 1.471622300e+00 
1.380714109e+00 1.390826873e+00 1.674786539e+00 
1.130837658e+00 1.249354005e+00 1.324460070e+00 
1.316160119e+00 1.159560724e+00 1.246107484e+00 
1.350135903e+00 1.175064599e+00 1.269713712e+00 
1.448356808e+00 1.274547804e+00 1.507533903e+00 
1.231529528e+00 1.388888889e+00 1.549974887e+00 
1.330615271e+00 1.325581395e+00 1.549974887e+00 
1.221645663e+00 1.255167959e+00 1.346810648e+00 
1.399555226e+00 1.304263566e+00 1.441737820e+00 
1.087286879e+00 1.190568475e+00 1.292064289e+00 
1.415616506e+00 1.297803618e+00 1.474133601e+00 
1.414381023e+00 1.315891473e+00 1.504018081e+00 
1.086823573e+00 1.208010336e+00 1.279758915e+00 
1.187978750e+00 1.330103359e+00 1.517579106e+00 
1.222572276e+00 1.288113695e+00 1.413360121e+00 
1.111687670e+00 1.347545220e+00 1.505273732e+00 
1.271312083e+00 1.292635659e+00 1.436966349e+00 
1.183345688e+00 1.340439276e+00 1.495228528e+00 
1.075858661e+00 1.222868217e+00 1.288548468e+00 
1.309982703e+00 1.390180879e+00 1.558262180e+00 
1.582406721e+00 1.380490956e+00 1.598945254e+00 
1.254385965e+00 1.456072351e+00 1.626569563e+00 
1.369285891e+00 1.423126615e+00 1.671270718e+00 
1.304423029e+00 1.408268734e+00 1.662481165e+00 
1.255621448e+00 1.437984496e+00 1.596685083e+00 
1.321410922e+00 1.357881137e+00 1.561778001e+00 
1.136397331e+00 1.305555556e+00 1.401054746e+00 
1.176550531e+00 1.362403101e+00 1.514063285e+00 
1.104521868e+00 1.458010336e+00 1.662481165e+00 
1.227668643e+00 1.743540052e+00 1.842792567e+00 
1.316314554e+00 1.376614987e+00 1.528377700e+00 
1.063256733e+00 1.378552972e+00 1.392767454e+00 
1.101927354e+00 1.499354005e+00 1.626569563e+00 
1.216394860e+00 1.314599483e+00 1.449271723e+00 
1.492834198e+00 1.534883721e+00 1.796082371e+00 
1.063256733e+00 1.401808786e+00 1.505273732e+00 
1.063256733e+00 1.361757106e+00 1.225514817e+00 
1.101927354e+00 1.476098191e+00 1.514063285e+00 
1.101278725e+00 1.489664083e+00 1.596685083e+00 
1.139949345e+00 1.587209302e+00 1.717980914e+00 
1.104521868e+00 1.434754522e+00 1.549974887e+00 
1.271991599e+00 1.479974160e+00 1.674786539e+00 
1.499166049e+00 1.521317829e+00 1.766197891e+00 
1.149524339e+00 1.541989664e+00 1.753892516e+00 
1.230911787e+00 1.711886305e+00 1.908588649e+00 
1.143192488e+00 1.555555556e+00 1.783776996e+00 
1.304423029e+00 1.385012920e+00 1.549974887e+00 
1.692982456e+00 1.522609819e+00 1.796082371e+00 
1.512910798e+00 1.489018088e+00 1.766197891e+00 
1.147825550e+00 1.273255814e+00 1.404570568e+00 
1.503799110e+00 1.520025840e+00 1.787292818e+00 
1.512447492e+00 1.506459948e+00 1.753892516e+00 
1.154620707e+00 1.523255814e+00 1.787292818e+00 
1.496386212e+00 1.512919897e+00 1.721496735e+00 
1.498640969e+00 1.522609819e+00 1.753892516e+00 
1.111687670e+00 1.324289406e+00 1.392767454e+00 
1.154620707e+00 1.500000000e+00 1.674786539e+00 
1.235544848e+00 1.691860465e+00 1.875188348e+00 
1.143192488e+00 1.532299742e+00 1.671270718e+00 
1.684334075e+00 1.525839793e+00 1.796082371e+00 
1.393068940e+00 1.588501292e+00 1.796082371e+00 
1.319866568e+00 1.599483204e+00 1.796082371e+00 
1.877069434e+00 1.597545220e+00 1.878704169e+00 
1.326198419e+00 1.609173127e+00 1.878704169e+00 
1.237243637e+00 1.698320413e+00 1.878704169e+00 
1.246973066e+00 1.659560724e+00 1.878704169e+00 
1.360019768e+00 1.407622739e+00 1.620040181e+00 
1.292222634e+00 1.650516796e+00 1.875188348e+00 
1.319866568e+00 1.622739018e+00 1.908588649e+00 
1.445576971e+00 1.573643411e+00 1.796082371e+00 
1.091425747e+00 1.481912145e+00 1.517579106e+00 
1.437237460e+00 1.579457364e+00 1.796082371e+00 
1.412218928e+00 1.759043928e+00 2.000000000e+00 
1.209908574e+00 1.408914729e+00 1.549974887e+00 
1.659006672e+00 1.718346253e+00 2.000000000e+00 
1.453916481e+00 1.728682171e+00 2.000000000e+00 
1.494069681e+00 1.513565891e+00 1.711451532e+00 
1.297319002e+00 1.631782946e+00 1.908588649e+00 
1.825179145e+00 1.620801034e+00 1.887493722e+00 
1.422411663e+00 1.520671835e+00 1.721496735e+00 
1.454843094e+00 1.540697674e+00 1.796082371e+00 
1.531381270e+00 1.499354005e+00 1.787292818e+00 
1.288361749e+00 1.414728682e+00 1.630085384e+00 
1.230911787e+00 1.688630491e+00 1.796082371e+00 
1.216580183e+00 1.753875969e+00 1.796082371e+00 

1.212379540e+00 1.000000000e+00 1.000000000e+00 
1.037188041e+00 1.108527132e+00 1.000000000e+00 
1.175315048e+00 1.056847545e+00 1.121295831e+00 
1.271682728e+00 1.207364341e+00 1.382722250e+00 
1.150605387e+00 1.069767442e+00 1.000000000e+00 
1.150605387e+00 1.083333333e+00 1.091411351e+00 
1.350135903e+00 1.175064599e+00 1.269713712e+00 
1.212379540e+00 1.027777778e+00 1.124811652e+00 
1.037188041e+00 1.125322997e+00 1.167252637e+00 
1.078947368e+00 1.146640827e+00 1.225514817e+00 
1.216085990e+00 1.041989664e+00 1.157207433e+00 
1.087286879e+00 1.190568475e+00 1.292064289e+00 
1.222572276e+00 1.288113695e+00 1.413360121e+00 
1.175315048e+00 1.032299742e+00 1.000000000e+00 
1.075858661e+00 1.222868217e+00 1.288548468e+00 
1.221645663e+00 1.255167959e+00 1.346810648e+00 
1.399555226e+00 1.304263566e+00 1.441737820e+00 
1.414381023e+00 1.315891473e+00 1.504018081e+00 
1.063256733e+00 1.361757106e+00 1.225514817e+00 
1.380714109e+00 1.390826873e+00 1.674786539e+00 
1.082190511e+00 1.209302326e+00 1.258663988e+00 
1.216394860e+00 1.314599483e+00 1.449271723e+00 
1.063256733e+00 1.378552972e+00 1.392767454e+00 
1.086823573e+00 1.208010336e+00 1.279758915e+00 
1.222881147e+00 1.237080103e+00 1.316926168e+00 
1.330615271e+00 1.325581395e+00 1.549974887e+00 
1.255621448e+00 1.213824289e+00 1.350326469e+00 
1.130837658e+00 1.249354005e+00 1.324460070e+00 
1.316160119e+00 1.159560724e+00 1.246107484e+00 
1.147825550e+00 1.273255814e+00 1.404570568e+00 
1.187978750e+00 1.330103359e+00 1.517579106e+00 
1.116629602e+00 1.264857881e+00 1.392767454e+00 
1.398319743e+00 1.322351421e+00 1.471622300e+00 
1.304423029e+00 1.408268734e+00 1.662481165e+00 
1.255621448e+00 1.437984496e+00 1.596685083e+00 
1.448356808e+00 1.274547804e+00 1.507533903e+00 
1.183345688e+00 1.340439276e+00 1.495228528e+00 
1.321410922e+00 1.357881137e+00 1.561778001e+00 
1.415616506e+00 1.297803618e+00 1.474133601e+00 
1.136397331e+00 1.305555556e+00 1.401054746e+00 
1.271312083e+00 1.292635659e+00 1.436966349e+00 
1.531381270e+00 1.499354005e+00 1.787292818e+00 
1.176550531e+00 1.362403101e+00 1.514063285e+00 
1.111687670e+00 1.347545220e+00 1.505273732e+00 
1.231529528e+00 1.388888889e+00 1.549974887e+00 
1.445576971e+00 1.573643411e+00 1.796082371e+00 
1.271991599e+00 1.479974160e+00 1.674786539e+00 
1.369285891e+00 1.423126615e+00 1.671270718e+00 
1.063256733e+00 1.401808786e+00 1.505273732e+00 
1.209908574e+00 1.408914729e+00 1.549974887e+00 
1.101927354e+00 1.476098191e+00 1.514063285e+00 
1.309982703e+00 1.390180879e+00 1.558262180e+00 
1.288361749e+00 1.414728682e+00 1.630085384e+00 
1.101927354e+00 1.499354005e+00 1.626569563e+00 
1.316314554e+00 1.376614987e+00 1.528377700e+00 
1.111687670e+00 1.324289406e+00 1.392767454e+00 
1.393068940e+00 1.588501292e+00 1.796082371e+00 
1.154620707e+00 1.523255814e+00 1.787292818e+00 
1.437237460e+00 1.579457364e+00 1.796082371e+00 
1.360019768e+00 1.407622739e+00 1.620040181e+00 
1.492834198e+00 1.534883721e+00 1.796082371e+00 
1.582406721e+00 1.380490956e+00 1.598945254e+00 
1.344112923e+00 1.615633075e+00 1.878704169e+00 
1.494069681e+00 1.513565891e+00 1.711451532e+00 
1.143192488e+00 1.555555556e+00 1.783776996e+00 
1.104521868e+00 1.458010336e+00 1.662481165e+00 
1.319866568e+00 1.622739018e+00 1.908588649e+00 
1.139949345e+00 1.587209302e+00 1.717980914e+00 
1.235544848e+00 1.691860465e+00 1.875188348e+00 
1.684334075e+00 1.525839793e+00 1.796082371e+00 
1.494316778e+00 1.519379845e+00 1.787292818e+00 
1.304423029e+00 1.385012920e+00 1.549974887e+00 
1.422411663e+00 1.520671835e+00 1.721496735e+00 
1.254385965e+00 1.456072351e+00 1.626569563e+00 
1.101278725e+00 1.489664083e+00 1.596685083e+00 
1.149524339e+00 1.541989664e+00 1.753892516e+00 
1.104521868e+00 1.434754522e+00 1.549974887e+00 
1.227668643e+00 1.743540052e+00 1.842792567e+00 
1.362954040e+00 1.966408269e+00 2.000000000e+00 
1.454843094e+00 1.540697674e+00 1.796082371e+00 
1.692982456e+00 1.522609819e+00 1.796082371e+00 
1.143192488e+00 1.532299742e+00 1.671270718e+00 
1.246973066e+00 1.659560724e+00 1.878704169e+00 
1.512447492e+00 1.506459948e+00 1.753892516e+00 
1.154620707e+00 1.500000000e+00 1.674786539e+00 
1.091425747e+00 1.481912145e+00 1.517579106e+00 
1.512910798e+00 1.489018088e+00 1.766197891e+00 
1.233382753e+00 1.669250646e+00 1.796082371e+00 
1.216580183e+00 1.753875969e+00 1.796082371e+00 
1.825179145e+00 1.620801034e+00 1.887493722e+00 
1.319866568e+00 1.599483204e+00 1.796082371e+00 
1.453916481e+00 1.728682171e+00 2.000000000e+00 

1.150605387e+00 1.069767442e+00 1.000000000e+00 
1.175315048e+00 1.056847545e+00 1.121295831e+00 
1.037188041e+00 1.125322997e+00 1.167252637e+00 
1.037188041e+00 1.108527132e+00 1.000000000e+00 
1.150605387e+00 1.083333333e+00 1.091411351e+00 
1.175315048e+00 1.032299742e+00 1.000000000e+00 
1.212379540e+00 1.027777778e+00 1.124811652e+00 
1.116629602e+00 1.264857881e+00 1.392767454e+00 
1.216085990e+00 1.041989664e+00 1.157207433e+00 
1.075858661e+00 1.222868217e+00 1.288548468e+00 
1.399555226e+00 1.304263566e+00 1.441737820e+00 
1.216394860e+00 1.314599483e+00 1.449271723e+00 
1.078947368e+00 1.146640827e+00 1.225514817e+00 
1.212379540e+00 1.000000000e+00 1.000000000e+00 
1.380714109e+00 1.390826873e+00 1.674786539e+00 
1.086823573e+00 1.208010336e+00 1.279758915e+00 
1.316160119e+00 1.159560724e+00 1.246107484e+00 
1.111687670e+00 1.324289406e+00 1.392767454e+00 
1.221645663e+00 1.255167959e+00 1.346810648e+00 
1.255621448e+00 1.213824289e+00 1.350326469e+00 
1.222572276e+00 1.288113695e+00 1.413360121e+00 
1.448356808e+00 1.274547804e+00 1.507533903e+00 
1.222881147e+00 1.237080103e+00 1.316926168e+00 
1.271682728e+00 1.207364341e+00 1.382722250e+00 
1.111687670e+00 1.347545220e+00 1.505273732e+00 
1.288361749e+00 1.414728682e+00 1.630085384e+00 
1.414381023e+00 1.315891473e+00 1.504018081e+00 
1.415616506e+00 1.297803618e+00 1.474133601e+00 
1.130837658e+00 1.249354005e+00 1.324460070e+00 
1.231529528e+00 1.388888889e+00 1.549974887e+00 
1.254385965e+00 1.456072351e+00 1.626569563e+00 
1.304423029e+00 1.408268734e+00 1.662481165e+00 
1.398319743e+00 1.322351421e+00 1.471622300e+00 
1.082190511e+00 1.209302326e+00 1.258663988e+00 
1.087286879e+00 1.190568475e+00 1.292064289e+00 
1.187978750e+00 1.330103359e+00 1.517579106e+00 
1.360019768e+00 1.407622739e+00 1.620040181e+00 
1.330615271e+00 1.325581395e+00 1.549974887e+00 
1.255621448e+00 1.437984496e+00 1.596685083e+00 
1.063256733e+00 1.401808786e+00 1.505273732e+00 
1.350135903e+00 1.175064599e+00 1.269713712e+00 
1.136397331e+00 1.305555556e+00 1.401054746e+00 
1.492834198e+00 1.534883721e+00 1.796082371e+00 
1.369285891e+00 1.423126615e+00 1.671270718e+00 
1.101927354e+00 1.499354005e+00 1.626569563e+00 
1.183345688e+00 1.340439276e+00 1.495228528e+00 
1.176550531e+00 1.362403101e+00 1.514063285e+00 
1.271312083e+00 1.292635659e+00 1.436966349e+00 
1.309982703e+00 1.390180879e+00 1.558262180e+00 
1.063256733e+00 1.378552972e+00 1.392767454e+00 
1.091425747e+00 1.481912145e+00 1.517579106e+00 
1.582406721e+00 1.380490956e+00 1.598945254e+00 
1.494316778e+00 1.519379845e+00 1.787292818e+00 
1.139949345e+00 1.587209302e+00 1.717980914e+00 
1.437237460e+00 1.579457364e+00 1.796082371e+00 
1.422411663e+00 1.520671835e+00 1.721496735e+00 
1.321410922e+00 1.357881137e+00 1.561778001e+00 
1.494069681e+00 1.513565891e+00 1.711451532e+00 
1.104521868e+00 1.458010336e+00 1.662481165e+00 
1.304423029e+00 1.385012920e+00 1.549974887e+00 
1.271991599e+00 1.479974160e+00 1.674786539e+00 
1.316314554e+00 1.376614987e+00 1.528377700e+00 
1.684334075e+00 1.525839793e+00 1.796082371e+00 
1.512447492e+00 1.506459948e+00 1.753892516e+00 
1.512910798e+00 1.489018088e+00 1.766197891e+00 
1.496386212e+00 1.512919897e+00 1.721496735e+00 
1.393068940e+00 1.588501292e+00 1.796082371e+00 
1.101927354e+00 1.476098191e+00 1.514063285e+00 
1.147825550e+00 1.273255814e+00 1.404570568e+00 
1.149524339e+00 1.541989664e+00 1.753892516e+00 
1.143192488e+00 1.532299742e+00 1.671270718e+00 
1.665431184e+00 1.605297158e+00 1.878704169e+00 
1.227668643e+00 1.743540052e+00 1.842792567e+00 
1.531381270e+00 1.499354005e+00 1.787292818e+00 
1.445576971e+00 1.573643411e+00 1.796082371e+00 
1.362954040e+00 1.966408269e+00 2.000000000e+00 
1.154620707e+00 1.500000000e+00 1.674786539e+00 
1.319866568e+00 1.622739018e+00 1.908588649e+00 
1.298554485e+00 1.613695090e+00 1.878704169e+00 
1.104521868e+00 1.434754522e+00 1.549974887e+00 
1.216580183e+00 1.753875969e+00 1.796082371e+00 
1.233382753e+00 1.669250646e+00 1.796082371e+00 
1.143192488e+00 1.555555556e+00 1.783776996e+00 
1.209908574e+00 1.408914729e+00 1.549974887e+00 
1.246973066e+00 1.659560724e+00 1.878704169e+00 
1.287126266e+00 1.645994832e+00 1.875188348e+00 
1.154620707e+00 1.523255814e+00 1.787292818e+00 
1.230911787e+00 1.688630491e+00 1.796082371e+00 
1.063256733e+00 1.361757106e+00 1.225514817e+00 
1.692982456e+00 1.522609819e+00 1.796082371e+00 
1.230911787e+00 1.711886305e+00 1.908588649e+00 
1.235544848e+00 1.691860465e+00 1.875188348e+00 
1.101278725e+00 1.489664083e+00 1.596685083e+00 
1.374845565e+00 1.802325581e+00 2.000000000e+00 
1.454843094e+00 1.540697674e+00 1.796082371e+00 
1.424882629e+00 1.760981912e+00 2.000000000e+00 
1.825179145e+00 1.620801034e+00 1.887493722e+00 
1.319866568e+00 1.599483204e+00 1.796082371e+00 
1.453916481e+00 1.728682171e+00 2.000000000e+00 

1.150605387e+00 1.083333333e+00 1.091411351e+00 
1.087286879e+00 1.190568475e+00 1.292064289e+00 
1.078947368e+00 1.146640827e+00 1.225514817e+00 
1.222572276e+00 1.288113695e+00 1.413360121e+00 
1.212379540e+00 1.000000000e+00 1.000000000e+00 
1.175315048e+00 1.032299742e+00 1.000000000e+00 
1.037188041e+00 1.108527132e+00 1.000000000e+00 
1.216085990e+00 1.041989664e+00 1.157207433e+00 
1.075858661e+00 1.222868217e+00 1.288548468e+00 
1.212379540e+00 1.027777778e+00 1.124811652e+00 
1.221645663e+00 1.255167959e+00 1.346810648e+00 
1.037188041e+00 1.125322997e+00 1.167252637e+00 
1.150605387e+00 1.069767442e+00 1.000000000e+00 
1.175315048e+00 1.056847545e+00 1.121295831e+00 
1.111687670e+00 1.347545220e+00 1.505273732e+00 
1.255621448e+00 1.213824289e+00 1.350326469e+00 
1.316160119e+00 1.159560724e+00 1.246107484e+00 
1.398319743e+00 1.322351421e+00 1.471622300e+00 
1.130837658e+00 1.249354005e+00 1.324460070e+00 
1.147825550e+00 1.273255814e+00 1.404570568e+00 
1.082190511e+00 1.209302326e+00 1.258663988e+00 
1.399555226e+00 1.304263566e+00 1.441737820e+00 
1.288361749e+00 1.414728682e+00 1.630085384e+00 
1.116629602e+00 1.264857881e+00 1.392767454e+00 
1.222881147e+00 1.237080103e+00 1.316926168e+00 
1.415616506e+00 1.297803618e+00 1.474133601e+00 
1.271682728e+00 1.207364341e+00 1.382722250e+00 
1.448356808e+00 1.274547804e+00 1.507533903e+00 
1.231529528e+00 1.388888889e+00 1.549974887e+00 
1.414381023e+00 1.315891473e+00 1.504018081e+00 
1.187978750e+00 1.330103359e+00 1.517579106e+00 
1.369285891e+00 1.423126615e+00 1.671270718e+00 
1.350135903e+00 1.175064599e+00 1.269713712e+00 
1.531381270e+00 1.499354005e+00 1.787292818e+00 
1.216394860e+00 1.314599483e+00 1.449271723e+00 
1.063256733e+00 1.401808786e+00 1.505273732e+00 
1.330615271e+00 1.325581395e+00 1.549974887e+00 
1.271991599e+00 1.479974160e+00 1.674786539e+00 
1.454843094e+00 1.540697674e+00 1.796082371e+00 
1.086823573e+00 1.208010336e+00 1.279758915e+00 
1.209908574e+00 1.408914729e+00 1.549974887e+00 
1.380714109e+00 1.390826873e+00 1.674786539e+00 
1.063256733e+00 1.378552972e+00 1.392767454e+00 
1.111687670e+00 1.324289406e+00 1.392767454e+00 
1.437237460e+00 1.579457364e+00 1.796082371e+00 
1.063256733e+00 1.361757106e+00 1.225514817e+00 
1.151377564e+00 1.554909561e+00 1.721496735e+00 
1.321410922e+00 1.357881137e+00 1.561778001e+00 
1.183345688e+00 1.340439276e+00 1.495228528e+00 
1.176550531e+00 1.362403101e+00 1.514063285e+00 
1.309982703e+00 1.390180879e+00 1.558262180e+00 
1.139949345e+00 1.587209302e+00 1.717980914e+00 
1.271312083e+00 1.292635659e+00 1.436966349e+00 
1.101927354e+00 1.499354005e+00 1.626569563e+00 
1.582406721e+00 1.380490956e+00 1.598945254e+00 
1.512910798e+00 1.489018088e+00 1.766197891e+00 
1.101927354e+00 1.476098191e+00 1.514063285e+00 
1.494316778e+00 1.519379845e+00 1.787292818e+00 
1.304423029e+00 1.408268734e+00 1.662481165e+00 
1.360019768e+00 1.407622739e+00 1.620040181e+00 
1.304423029e+00 1.385012920e+00 1.549974887e+00 
1.255621448e+00 1.437984496e+00 1.596685083e+00 
1.104521868e+00 1.434754522e+00 1.549974887e+00 
1.136397331e+00 1.305555556e+00 1.401054746e+00 
1.877069434e+00 1.597545220e+00 1.878704169e+00 
1.496386212e+00 1.512919897e+00 1.721496735e+00 
1.104521868e+00 1.458010336e+00 1.662481165e+00 
1.512447492e+00 1.506459948e+00 1.753892516e+00 
1.254385965e+00 1.456072351e+00 1.626569563e+00 
1.143192488e+00 1.532299742e+00 1.671270718e+00 
1.393068940e+00 1.588501292e+00 1.796082371e+00 
1.319866568e+00 1.622739018e+00 1.908588649e+00 
1.154620707e+00 1.523255814e+00 1.787292818e+00 
1.154620707e+00 1.500000000e+00 1.674786539e+00 
1.101278725e+00 1.489664083e+00 1.596685083e+00 
1.422411663e+00 1.520671835e+00 1.721496735e+00 
1.091425747e+00 1.481912145e+00 1.517579106e+00 
1.316314554e+00 1.376614987e+00 1.528377700e+00 
1.418241908e+00 1.765503876e+00 2.000000000e+00 
1.143192488e+00 1.555555556e+00 1.783776996e+00 
1.453916481e+00 1.728682171e+00 2.000000000e+00 
1.494069681e+00 1.513565891e+00 1.711451532e+00 
1.227668643e+00 1.743540052e+00 1.842792567e+00 
1.692982456e+00 1.522609819e+00 1.796082371e+00 
1.298554485e+00 1.613695090e+00 1.878704169e+00 
1.390134668e+00 1.832687339e+00 2.000000000e+00 
1.287126266e+00 1.645994832e+00 1.875188348e+00 
1.445576971e+00 1.573643411e+00 1.796082371e+00 

1.271682728e+00 1.207364341e+00 1.382722250e+00 
1.037188041e+00 1.108527132e+00 1.000000000e+00 
1.082190511e+00 1.209302326e+00 1.258663988e+00 
1.316160119e+00 1.159560724e+00 1.246107484e+00 
1.037188041e+00 1.125322997e+00 1.167252637e+00 
1.150605387e+00 1.069767442e+00 1.000000000e+00 
1.212379540e+00 1.000000000e+00 1.000000000e+00 
1.150605387e+00 1.083333333e+00 1.091411351e+00 
1.078947368e+00 1.146640827e+00 1.225514817e+00 
1.175315048e+00 1.056847545e+00 1.121295831e+00 
1.175315048e+00 1.032299742e+00 1.000000000e+00 
1.221645663e+00 1.255167959e+00 1.346810648e+00 
1.212379540e+00 1.027777778e+00 1.124811652e+00 
1.116629602e+00 1.264857881e+00 1.392767454e+00 
1.255621448e+00 1.213824289e+00 1.350326469e+00 
1.216085990e+00 1.041989664e+00 1.157207433e+00 
1.415616506e+00 1.297803618e+00 1.474133601e+00 
1.216394860e+00 1.314599483e+00 1.449271723e+00 
1.187978750e+00 1.330103359e+00 1.517579106e+00 
1.075858661e+00 1.222868217e+00 1.288548468e+00 
1.350135903e+00 1.175064599e+00 1.269713712e+00 
1.130837658e+00 1.249354005e+00 1.324460070e+00 
1.222881147e+00 1.237080103e+00 1.316926168e+00 
1.414381023e+00 1.315891473e+00 1.504018081e+00 
1.448356808e+00 1.274547804e+00 1.507533903e+00 
1.398319743e+00 1.322351421e+00 1.471622300e+00 
1.086823573e+00 1.208010336e+00 1.279758915e+00 
1.111687670e+00 1.324289406e+00 1.392767454e+00 
1.063256733e+00 1.401808786e+00 1.505273732e+00 
1.087286879e+00 1.190568475e+00 1.292064289e+00 
1.101927354e+00 1.499354005e+00 1.626569563e+00 
1.399555226e+00 1.304263566e+00 1.441737820e+00 
1.176550531e+00 1.362403101e+00 1.514063285e+00 
1.330615271e+00 1.325581395e+00 1.549974887e+00 
1.271312083e+00 1.292635659e+00 1.436966349e+00 
1.111687670e+00 1.347545220e+00 1.505273732e+00 
1.288361749e+00 1.414728682e+00 1.630085384e+00 
1.209908574e+00 1.408914729e+00 1.549974887e+00 
1.063256733e+00 1.361757106e+00 1.225514817e+00 
1.582406721e+00 1.380490956e+00 1.598945254e+00 
1.369285891e+00 1.423126615e+00 1.671270718e+00 
1.422411663e+00 1.520671835e+00 1.721496735e+00 
1.231529528e+00 1.388888889e+00 1.549974887e+00 
1.063256733e+00 1.378552972e+00 1.392767454e+00 
1.360019768e+00 1.407622739e+00 1.620040181e+00 
1.222572276e+00 1.288113695e+00 1.413360121e+00 
1.254385965e+00 1.456072351e+00 1.626569563e+00 
1.304423029e+00 1.408268734e+00 1.662481165e+00 
1.380714109e+00 1.390826873e+00 1.674786539e+00 
1.255621448e+00 1.437984496e+00 1.596685083e+00 
1.494069681e+00 1.513565891e+00 1.711451532e+00 
1.271991599e+00 1.479974160e+00 1.674786539e+00 
1.183345688e+00 1.340439276e+00 1.495228528e+00 
1.665431184e+00 1.605297158e+00 1.878704169e+00 
1.437237460e+00 1.579457364e+00 1.796082371e+00 
1.147825550e+00 1.273255814e+00 1.404570568e+00 
1.316314554e+00 1.376614987e+00 1.528377700e+00 
1.309982703e+00 1.390180879e+00 1.558262180e+00 
1.492834198e+00 1.534883721e+00 1.796082371e+00 
1.321410922e+00 1.357881137e+00 1.561778001e+00 
1.101927354e+00 1.476098191e+00 1.514063285e+00 
1.139949345e+00 1.587209302e+00 1.717980914e+00 
1.136397331e+00 1.305555556e+00 1.401054746e+00 
1.149524339e+00 1.541989664e+00 1.753892516e+00 
1.393068940e+00 1.588501292e+00 1.796082371e+00 
1.531381270e+00 1.499354005e+00 1.787292818e+00 
1.298554485e+00 1.613695090e+00 1.878704169e+00 
1.091425747e+00 1.481912145e+00 1.517579106e+00 
1.154620707e+00 1.523255814e+00 1.787292818e+00 
1.104521868e+00 1.458010336e+00 1.662481165e+00 
1.104521868e+00 1.434754522e+00 1.549974887e+00 
1.326198419e+00 1.609173127e+00 1.878704169e+00 
1.304423029e+00 1.385012920e+00 1.549974887e+00 
1.319866568e+00 1.622739018e+00 1.908588649e+00 
1.692982456e+00 1.522609819e+00 1.796082371e+00 
1.101278725e+00 1.489664083e+00 1.596685083e+00 
1.684334075e+00 1.525839793e+00 1.796082371e+00 
1.494316778e+00 1.519379845e+00 1.787292818e+00 
1.453916481e+00 1.728682171e+00 2.000000000e+00 
1.287126266e+00 1.645994832e+00 1.875188348e+00 
1.143192488e+00 1.555555556e+00 1.783776996e+00 
1.154620707e+00 1.500000000e+00 1.674786539e+00 
1.143192488e+00 1.532299742e+00 1.671270718e+00 
1.445576971e+00 1.573643411e+00 1.796082371e+00 
1.454843094e+00 1.540697674e+00 1.796082371e+00 
1.512910798e+00 1.489018088e+00 1.766197891e+00 
1.512447492e+00 1.506459948e+00 1.753892516e+00 
1.659006672e+00 1.718346253e+00 2.000000000e+00 
1.825179145e+00 1.620801034e+00 1.887493722e+00 
1.412218928e+00 1.759043928e+00 2.000000000e+00 
