1.086978008e+00 1.385012920e+00 1.549974887e+00 
1.161446751e+00 1.714470284e+00 1.796082371e+00 
1.716703731e+00 1.682170543e+00 1.908588649e+00 
1.041265135e+00 1.434754522e+00 1.549974887e+00 
1.267512973e+00 1.722222222e+00 1.842792567e+00 
1.779466271e+00 1.672480620e+00 1.887493722e+00 
1.038547072e+00 1.462532300e+00 1.662481165e+00 
1.809735607e+00 1.642118863e+00 1.887493722e+00 
1.587348653e+00 1.654392765e+00 1.875188348e+00 
1.322708179e+00 1.631782946e+00 1.796082371e+00 
1.155423771e+00 1.407622739e+00 1.620040181e+00 
1.041265135e+00 1.458010336e+00 1.662481165e+00 
1.115270571e+00 1.598191214e+00 1.787292818e+00 
1.439090684e+00 1.587209302e+00 1.796082371e+00 
1.700395355e+00 1.649870801e+00 1.842792567e+00 
1.440449716e+00 1.737080103e+00 1.908588649e+00 
1.475537435e+00 1.522609819e+00 1.796082371e+00 
1.254756610e+00 1.697028424e+00 1.796082371e+00 
1.287331974e+00 1.579457364e+00 1.783776996e+00 
1.455151964e+00 1.556201550e+00 1.783776996e+00 
1.284037559e+00 1.521317829e+00 1.762682069e+00 
1.369285891e+00 1.696382429e+00 1.875188348e+00 
1.035334816e+00 1.468992248e+00 1.630085384e+00 
1.028169014e+00 1.481912145e+00 1.517579106e+00 
1.719545342e+00 1.645348837e+00 1.878704169e+00 
1.321410922e+00 1.357881137e+00 1.561778001e+00 
1.361872992e+00 1.593023256e+00 1.787292818e+00 
1.196936002e+00 1.315891473e+00 1.504018081e+00 
1.347788485e+00 1.567829457e+00 1.766197891e+00 
1.600938967e+00 1.506459948e+00 1.753892516e+00 
1.113170250e+00 1.325581395e+00 1.549974887e+00 
1.000000000e+00 1.401808786e+00 1.505273732e+00 
1.109957994e+00 1.332041344e+00 1.517579106e+00 
1.362552508e+00 1.565891473e+00 1.766197891e+00 
1.163269088e+00 1.390826873e+00 1.674786539e+00 
1.154960465e+00 1.416020672e+00 1.608990457e+00 
1.222572276e+00 1.288113695e+00 1.413360121e+00 
1.264475537e+00 1.586563307e+00 1.753892516e+00 
1.136397331e+00 1.305555556e+00 1.401054746e+00 
1.048430936e+00 1.347545220e+00 1.505273732e+00 
1.035334816e+00 1.445736434e+00 1.517579106e+00 
1.000000000e+00 1.361757106e+00 1.225514817e+00 
1.000000000e+00 1.378552972e+00 1.392767454e+00 
1.000000000e+00 1.346899225e+00 1.000000000e+00 
1.193723746e+00 1.322351421e+00 1.471622300e+00 
1.087286879e+00 1.190568475e+00 1.292064289e+00 
1.054237707e+00 1.207364341e+00 1.382722250e+00 
1.506424512e+00 1.684754522e+00 1.908588649e+00 
1.198171485e+00 1.297803618e+00 1.474133601e+00 
1.230911787e+00 1.274547804e+00 1.507533903e+00 
1.022320855e+00 1.264857881e+00 1.392767454e+00 
1.147825550e+00 1.273255814e+00 1.404570568e+00 
1.248054114e+00 1.576873385e+00 1.707935711e+00 
1.051025451e+00 1.213824289e+00 1.350326469e+00 
1.350135903e+00 1.175064599e+00 1.269713712e+00 
1.008308624e+00 1.233204134e+00 1.000000000e+00 
1.037188041e+00 1.125322997e+00 1.167252637e+00 
1.316160119e+00 1.159560724e+00 1.246107484e+00 
1.015690635e+00 1.131782946e+00 1.000000000e+00 
1.194959229e+00 1.304263566e+00 1.441737820e+00 
1.212379540e+00 1.027777778e+00 1.124811652e+00 
1.175315048e+00 1.032299742e+00 1.000000000e+00 
1.175315048e+00 1.056847545e+00 1.121295831e+00 
1.015690635e+00 1.146640827e+00 1.225514817e+00 
1.008308624e+00 1.248062016e+00 1.225514817e+00 
1.150605387e+00 1.083333333e+00 1.091411351e+00 
1.037188041e+00 1.108527132e+00 1.000000000e+00 
1.216085990e+00 1.041989664e+00 1.157207433e+00 
1.150605387e+00 1.069767442e+00 1.000000000e+00 
1.212379540e+00 1.000000000e+00 1.000000000e+00 

1.163269088e+00 1.390826873e+00 1.674786539e+00 
1.421793921e+00 1.636304910e+00 1.887493722e+00 
1.380219916e+00 1.677648579e+00 1.908588649e+00 
1.364961700e+00 1.380490956e+00 1.598945254e+00 
1.041265135e+00 1.434754522e+00 1.549974887e+00 
1.468742278e+00 1.512273902e+00 1.720241085e+00 
1.091363973e+00 1.523255814e+00 1.787292818e+00 
1.028169014e+00 1.481912145e+00 1.517579106e+00 
1.148628614e+00 1.429586563e+00 1.638874937e+00 
1.154960465e+00 1.416020672e+00 1.608990457e+00 
1.083765752e+00 1.391472868e+00 1.517579106e+00 
1.086267606e+00 1.541989664e+00 1.753892516e+00 
1.038547072e+00 1.462532300e+00 1.662481165e+00 
1.839387200e+00 1.624031008e+00 1.887493722e+00 
1.321410922e+00 1.357881137e+00 1.561778001e+00 
1.374752903e+00 1.701550388e+00 1.842792567e+00 
1.654064739e+00 1.573643411e+00 1.796082371e+00 
1.692364715e+00 1.521317829e+00 1.766197891e+00 
1.041265135e+00 1.458010336e+00 1.662481165e+00 
1.377100321e+00 1.798449612e+00 1.887493722e+00 
1.074005436e+00 1.566537468e+00 1.751381215e+00 
1.035334816e+00 1.468992248e+00 1.630085384e+00 
1.136397331e+00 1.305555556e+00 1.401054746e+00 
1.329812207e+00 1.588501292e+00 1.796082371e+00 
1.309982703e+00 1.390180879e+00 1.558262180e+00 
1.363633556e+00 1.775193798e+00 1.875188348e+00 
1.105386706e+00 1.640180879e+00 1.796082371e+00 
1.230911787e+00 1.274547804e+00 1.507533903e+00 
1.147825550e+00 1.273255814e+00 1.404570568e+00 
1.198171485e+00 1.297803618e+00 1.474133601e+00 
1.193723746e+00 1.322351421e+00 1.471622300e+00 
1.196936002e+00 1.315891473e+00 1.504018081e+00 
1.113170250e+00 1.325581395e+00 1.549974887e+00 
1.194959229e+00 1.304263566e+00 1.441737820e+00 
1.586730912e+00 1.520671835e+00 1.721496735e+00 
1.721398567e+00 1.617571059e+00 1.878704169e+00 
1.222572276e+00 1.288113695e+00 1.413360121e+00 
1.087286879e+00 1.190568475e+00 1.292064289e+00 
1.038547072e+00 1.439276486e+00 1.549974887e+00 
1.109957994e+00 1.332041344e+00 1.517579106e+00 
1.350135903e+00 1.175064599e+00 1.269713712e+00 
1.000000000e+00 1.378552972e+00 1.392767454e+00 
1.086978008e+00 1.385012920e+00 1.549974887e+00 
1.022320855e+00 1.264857881e+00 1.392767454e+00 
1.324715839e+00 1.767441860e+00 1.842792567e+00 
1.000000000e+00 1.361757106e+00 1.225514817e+00 
1.000000000e+00 1.401808786e+00 1.505273732e+00 
1.051025451e+00 1.213824289e+00 1.350326469e+00 
1.008308624e+00 1.233204134e+00 1.000000000e+00 
1.000000000e+00 1.346899225e+00 1.000000000e+00 
1.212379540e+00 1.000000000e+00 1.000000000e+00 
1.048430936e+00 1.347545220e+00 1.505273732e+00 
1.054237707e+00 1.207364341e+00 1.382722250e+00 
1.216085990e+00 1.041989664e+00 1.157207433e+00 
1.150605387e+00 1.083333333e+00 1.091411351e+00 
1.037188041e+00 1.125322997e+00 1.167252637e+00 
1.212379540e+00 1.027777778e+00 1.124811652e+00 
1.008308624e+00 1.248062016e+00 1.225514817e+00 
1.015690635e+00 1.146640827e+00 1.225514817e+00 
1.175315048e+00 1.056847545e+00 1.121295831e+00 
1.316160119e+00 1.159560724e+00 1.246107484e+00 
1.150605387e+00 1.069767442e+00 1.000000000e+00 
1.175315048e+00 1.032299742e+00 1.000000000e+00 
1.037188041e+00 1.108527132e+00 1.000000000e+00 
1.015690635e+00 1.131782946e+00 1.000000000e+00 

1.362552508e+00 1.565891473e+00 1.766197891e+00 
1.136582654e+00 1.618217054e+00 1.674786539e+00 
1.364961700e+00 1.380490956e+00 1.598945254e+00 
1.247899679e+00 1.605943152e+00 1.783776996e+00 
1.245119842e+00 1.594315245e+00 1.717980914e+00 
1.328514949e+00 1.601421189e+00 1.753892516e+00 
1.534469978e+00 1.862403101e+00 1.908588649e+00 
1.161446751e+00 1.714470284e+00 1.796082371e+00 
1.345193971e+00 1.743540052e+00 1.875188348e+00 
1.549419323e+00 1.787467700e+00 1.908588649e+00 
1.568445762e+00 1.669250646e+00 1.908588649e+00 
1.551982950e+00 1.696382429e+00 1.908588649e+00 
1.083765752e+00 1.414728682e+00 1.630085384e+00 
1.414844329e+00 1.659560724e+00 1.832747363e+00 
1.101556709e+00 1.631136951e+00 1.730286288e+00 
1.392760069e+00 1.715762274e+00 1.878704169e+00 
1.587348653e+00 1.654392765e+00 1.875188348e+00 
1.038547072e+00 1.462532300e+00 1.662481165e+00 
1.532987398e+00 1.662144703e+00 1.842792567e+00 
1.086978008e+00 1.408268734e+00 1.662481165e+00 
1.395231035e+00 1.547157623e+00 1.717980914e+00 
1.151840870e+00 1.423126615e+00 1.671270718e+00 
1.378552014e+00 1.558139535e+00 1.783776996e+00 
1.367710650e+00 1.724806202e+00 1.875188348e+00 
1.475537435e+00 1.522609819e+00 1.796082371e+00 
1.083765752e+00 1.391472868e+00 1.517579106e+00 
1.378263529e+00 1.651162791e+00 1.787292818e+00 
1.163269088e+00 1.390826873e+00 1.674786539e+00 
1.379633062e+00 1.675710594e+00 1.832747363e+00 
1.278261675e+00 1.549095607e+00 1.721496735e+00 
1.377100321e+00 1.798449612e+00 1.887493722e+00 
1.155423771e+00 1.407622739e+00 1.620040181e+00 
1.375123548e+00 1.696382429e+00 1.875188348e+00 
1.385038300e+00 1.624677003e+00 1.796082371e+00 
1.164411910e+00 1.743540052e+00 1.842792567e+00 
1.719545342e+00 1.645348837e+00 1.878704169e+00 
1.194959229e+00 1.304263566e+00 1.441737820e+00 
1.337163331e+00 1.708010336e+00 1.796082371e+00 
1.041265135e+00 1.458010336e+00 1.662481165e+00 
1.321410922e+00 1.357881137e+00 1.561778001e+00 
1.528354337e+00 1.696382429e+00 1.887493722e+00 
1.600938967e+00 1.506459948e+00 1.753892516e+00 
1.119872745e+00 1.629198966e+00 1.707935711e+00 
1.086978008e+00 1.385012920e+00 1.549974887e+00 
1.127347418e+00 1.666666667e+00 1.751381215e+00 
1.028169014e+00 1.481912145e+00 1.517579106e+00 
1.168921423e+00 1.681524548e+00 1.766197891e+00 
1.000000000e+00 1.401808786e+00 1.505273732e+00 
1.193723746e+00 1.322351421e+00 1.471622300e+00 
1.000000000e+00 1.361757106e+00 1.225514817e+00 
1.592290586e+00 1.520025840e+00 1.787292818e+00 
1.000000000e+00 1.378552972e+00 1.392767454e+00 
1.035334816e+00 1.445736434e+00 1.517579106e+00 
1.487490734e+00 1.702842377e+00 1.878704169e+00 
1.468742278e+00 1.512273902e+00 1.720241085e+00 
1.136397331e+00 1.305555556e+00 1.401054746e+00 
1.109957994e+00 1.332041344e+00 1.517579106e+00 
1.610081542e+00 1.633720930e+00 1.842792567e+00 
1.000000000e+00 1.346899225e+00 1.000000000e+00 
1.147825550e+00 1.273255814e+00 1.404570568e+00 
1.022320855e+00 1.264857881e+00 1.392767454e+00 
1.412620460e+00 1.666666667e+00 1.842792567e+00 
1.198171485e+00 1.297803618e+00 1.474133601e+00 
1.222572276e+00 1.288113695e+00 1.413360121e+00 
1.048430936e+00 1.347545220e+00 1.505273732e+00 
1.051025451e+00 1.213824289e+00 1.350326469e+00 
1.054237707e+00 1.207364341e+00 1.382722250e+00 
1.316160119e+00 1.159560724e+00 1.246107484e+00 
1.008308624e+00 1.233204134e+00 1.000000000e+00 
1.041265135e+00 1.434754522e+00 1.549974887e+00 
1.230911787e+00 1.274547804e+00 1.507533903e+00 
1.113170250e+00 1.325581395e+00 1.549974887e+00 
1.150605387e+00 1.069767442e+00 1.000000000e+00 
1.015690635e+00 1.131782946e+00 1.000000000e+00 
1.175315048e+00 1.032299742e+00 1.000000000e+00 
1.037188041e+00 1.108527132e+00 1.000000000e+00 
1.350135903e+00 1.175064599e+00 1.269713712e+00 
1.087286879e+00 1.190568475e+00 1.292064289e+00 
1.212379540e+00 1.000000000e+00 1.000000000e+00 
1.196936002e+00 1.315891473e+00 1.504018081e+00 
1.008308624e+00 1.248062016e+00 1.225514817e+00 
1.037188041e+00 1.125322997e+00 1.167252637e+00 
1.212379540e+00 1.027777778e+00 1.124811652e+00 
1.150605387e+00 1.083333333e+00 1.091411351e+00 
1.175315048e+00 1.056847545e+00 1.121295831e+00 
1.216085990e+00 1.041989664e+00 1.157207433e+00 
1.015690635e+00 1.146640827e+00 1.225514817e+00 

1.086978008e+00 1.408268734e+00 1.662481165e+00 
1.295002471e+00 1.506459948e+00 1.753892516e+00 
1.364961700e+00 1.380490956e+00 1.598945254e+00 
1.117401779e+00 1.585917313e+00 1.753892516e+00 
1.133277737e+00 1.634366925e+00 1.783776996e+00 
1.050098839e+00 1.443798450e+00 1.517579106e+00 
1.365579442e+00 1.582041344e+00 1.783776996e+00 
1.329070917e+00 1.702196382e+00 1.878704169e+00 
1.038547072e+00 1.462532300e+00 1.662481165e+00 
1.287744008e+00 1.549741602e+00 1.721496735e+00 
1.490980974e+00 1.518733850e+00 1.762682069e+00 
1.438472943e+00 1.588501292e+00 1.787292818e+00 
1.305658512e+00 1.772609819e+00 1.878704169e+00 
1.083765752e+00 1.414728682e+00 1.630085384e+00 
1.112027428e+00 1.637596899e+00 1.675539930e+00 
1.267512973e+00 1.722222222e+00 1.842792567e+00 
1.331449222e+00 1.609173127e+00 1.796082371e+00 
1.400914257e+00 1.659560724e+00 1.908588649e+00 
1.839387200e+00 1.624031008e+00 1.887493722e+00 
1.115239684e+00 1.623385013e+00 1.753892516e+00 
1.455151964e+00 1.556201550e+00 1.783776996e+00 
1.048430936e+00 1.347545220e+00 1.505273732e+00 
1.369285891e+00 1.696382429e+00 1.875188348e+00 
1.556461576e+00 1.564599483e+00 1.787292818e+00 
1.163269088e+00 1.390826873e+00 1.674786539e+00 
1.605880899e+00 1.587209302e+00 1.796082371e+00 
1.035334816e+00 1.445736434e+00 1.517579106e+00 
1.309982703e+00 1.390180879e+00 1.558262180e+00 
1.210649864e+00 1.745478036e+00 1.796082371e+00 
1.147825550e+00 1.273255814e+00 1.404570568e+00 
1.684334075e+00 1.525839793e+00 1.796082371e+00 
1.369749197e+00 1.678940568e+00 1.887493722e+00 
1.000000000e+00 1.378552972e+00 1.392767454e+00 
1.362552508e+00 1.565891473e+00 1.766197891e+00 
1.328020756e+00 1.695736434e+00 1.787292818e+00 
1.230911787e+00 1.274547804e+00 1.507533903e+00 
1.321410922e+00 1.357881137e+00 1.561778001e+00 
1.196936002e+00 1.315891473e+00 1.504018081e+00 
1.136397331e+00 1.305555556e+00 1.401054746e+00 
1.113170250e+00 1.325581395e+00 1.549974887e+00 
1.086978008e+00 1.385012920e+00 1.549974887e+00 
1.194959229e+00 1.304263566e+00 1.441737820e+00 
1.000000000e+00 1.401808786e+00 1.505273732e+00 
1.421793921e+00 1.636304910e+00 1.887493722e+00 
1.193723746e+00 1.322351421e+00 1.471622300e+00 
1.000000000e+00 1.361757106e+00 1.225514817e+00 
1.035334816e+00 1.468992248e+00 1.630085384e+00 
1.000000000e+00 1.346899225e+00 1.000000000e+00 
1.054237707e+00 1.207364341e+00 1.382722250e+00 
1.051025451e+00 1.213824289e+00 1.350326469e+00 
1.028169014e+00 1.481912145e+00 1.517579106e+00 
1.008308624e+00 1.233204134e+00 1.000000000e+00 
1.198171485e+00 1.297803618e+00 1.474133601e+00 
1.008308624e+00 1.248062016e+00 1.225514817e+00 
1.022320855e+00 1.264857881e+00 1.392767454e+00 
1.316160119e+00 1.159560724e+00 1.246107484e+00 
1.109957994e+00 1.332041344e+00 1.517579106e+00 
1.222572276e+00 1.288113695e+00 1.413360121e+00 
1.087286879e+00 1.190568475e+00 1.292064289e+00 
1.216085990e+00 1.041989664e+00 1.157207433e+00 
1.212379540e+00 1.027777778e+00 1.124811652e+00 
1.350135903e+00 1.175064599e+00 1.269713712e+00 
1.150605387e+00 1.083333333e+00 1.091411351e+00 
1.175315048e+00 1.056847545e+00 1.121295831e+00 
1.037188041e+00 1.108527132e+00 1.000000000e+00 
1.212379540e+00 1.000000000e+00 1.000000000e+00 
1.150605387e+00 1.069767442e+00 1.000000000e+00 
1.015690635e+00 1.146640827e+00 1.225514817e+00 
1.175315048e+00 1.032299742e+00 1.000000000e+00 
1.015690635e+00 1.131782946e+00 1.000000000e+00 
1.037188041e+00 1.125322997e+00 1.167252637e+00 

1.112027428e+00 1.637596899e+00 1.675539930e+00 
1.412064492e+00 1.654392765e+00 1.832747363e+00 
1.041265135e+00 1.434754522e+00 1.549974887e+00 
1.038547072e+00 1.462532300e+00 1.662481165e+00 
1.400914257e+00 1.659560724e+00 1.908588649e+00 
1.155423771e+00 1.407622739e+00 1.620040181e+00 
1.839387200e+00 1.624031008e+00 1.887493722e+00 
1.377100321e+00 1.798449612e+00 1.887493722e+00 
1.275543613e+00 1.671834625e+00 1.875188348e+00 
1.238973314e+00 1.565891473e+00 1.766197891e+00 
1.276871757e+00 1.519379845e+00 1.787292818e+00 
1.077217692e+00 1.536821705e+00 1.671270718e+00 
1.315048184e+00 1.590439276e+00 1.796082371e+00 
1.692982456e+00 1.522609819e+00 1.796082371e+00 
1.086978008e+00 1.385012920e+00 1.549974887e+00 
1.194959229e+00 1.304263566e+00 1.441737820e+00 
1.602792192e+00 1.390180879e+00 1.558262180e+00 
1.035334816e+00 1.445736434e+00 1.517579106e+00 
1.028169014e+00 1.481912145e+00 1.517579106e+00 
1.809735607e+00 1.651162791e+00 1.832747363e+00 
1.648505065e+00 1.357881137e+00 1.561778001e+00 
1.193723746e+00 1.322351421e+00 1.471622300e+00 
1.344082036e+00 1.889534884e+00 1.908588649e+00 
1.113170250e+00 1.325581395e+00 1.549974887e+00 
1.163269088e+00 1.390826873e+00 1.674786539e+00 
1.663330862e+00 1.540697674e+00 1.796082371e+00 
1.086978008e+00 1.408268734e+00 1.662481165e+00 
1.222572276e+00 1.288113695e+00 1.413360121e+00 
1.000000000e+00 1.401808786e+00 1.505273732e+00 
1.131671609e+00 1.613695090e+00 1.753892516e+00 
1.161446751e+00 1.714470284e+00 1.796082371e+00 
1.000000000e+00 1.346899225e+00 1.000000000e+00 
1.048430936e+00 1.347545220e+00 1.505273732e+00 
1.136397331e+00 1.305555556e+00 1.401054746e+00 
1.000000000e+00 1.378552972e+00 1.392767454e+00 
1.054237707e+00 1.207364341e+00 1.382722250e+00 
1.087286879e+00 1.190568475e+00 1.292064289e+00 
1.198171485e+00 1.297803618e+00 1.474133601e+00 
1.109957994e+00 1.332041344e+00 1.517579106e+00 
1.147825550e+00 1.273255814e+00 1.404570568e+00 
1.196936002e+00 1.315891473e+00 1.504018081e+00 
1.051025451e+00 1.213824289e+00 1.350326469e+00 
1.230911787e+00 1.274547804e+00 1.507533903e+00 
1.000000000e+00 1.361757106e+00 1.225514817e+00 
1.008308624e+00 1.248062016e+00 1.225514817e+00 
1.008308624e+00 1.233204134e+00 1.000000000e+00 
1.216085990e+00 1.041989664e+00 1.157207433e+00 
1.022320855e+00 1.264857881e+00 1.392767454e+00 
1.212379540e+00 1.000000000e+00 1.000000000e+00 
1.212379540e+00 1.027777778e+00 1.124811652e+00 
1.175315048e+00 1.032299742e+00 1.000000000e+00 
1.037188041e+00 1.125322997e+00 1.167252637e+00 
1.150605387e+00 1.083333333e+00 1.091411351e+00 
1.015690635e+00 1.131782946e+00 1.000000000e+00 
1.150605387e+00 1.069767442e+00 1.000000000e+00 
1.350135903e+00 1.175064599e+00 1.269713712e+00 
1.316160119e+00 1.159560724e+00 1.246107484e+00 
1.175315048e+00 1.056847545e+00 1.121295831e+00 
1.015690635e+00 1.146640827e+00 1.225514817e+00 
1.037188041e+00 1.108527132e+00 1.000000000e+00 

1.077464789e+00 1.495478036e+00 1.662481165e+00 
1.035334816e+00 1.445736434e+00 1.517579106e+00 
1.309982703e+00 1.390180879e+00 1.558262180e+00 
1.041265135e+00 1.434754522e+00 1.549974887e+00 
1.038021992e+00 1.489664083e+00 1.596685083e+00 
1.595379293e+00 1.605943152e+00 1.796082371e+00 
1.322893501e+00 1.724160207e+00 1.875188348e+00 
1.597232518e+00 1.590439276e+00 1.796082371e+00 
1.151840870e+00 1.423126615e+00 1.671270718e+00 
1.066098344e+00 1.527131783e+00 1.641386238e+00 
1.038547072e+00 1.439276486e+00 1.549974887e+00 
1.077217692e+00 1.535529716e+00 1.662481165e+00 
1.692364715e+00 1.521317829e+00 1.766197891e+00 
1.603255498e+00 1.656976744e+00 1.842792567e+00 
1.158172721e+00 1.409560724e+00 1.641386238e+00 
1.593526069e+00 1.522609819e+00 1.753892516e+00 
1.794909810e+00 1.664728682e+00 1.887493722e+00 
1.385038300e+00 1.624677003e+00 1.796082371e+00 
1.163269088e+00 1.390826873e+00 1.674786539e+00 
1.028169014e+00 1.481912145e+00 1.517579106e+00 
1.164411910e+00 1.743540052e+00 1.842792567e+00 
1.154960465e+00 1.416020672e+00 1.608990457e+00 
1.337163331e+00 1.708010336e+00 1.796082371e+00 
1.478626143e+00 1.509689922e+00 1.720241085e+00 
1.193723746e+00 1.322351421e+00 1.471622300e+00 
1.086978008e+00 1.385012920e+00 1.549974887e+00 
1.380219916e+00 1.677648579e+00 1.908588649e+00 
1.038670620e+00 1.499354005e+00 1.626569563e+00 
1.619780084e+00 1.640180879e+00 1.878704169e+00 
1.364961700e+00 1.380490956e+00 1.598945254e+00 
1.000000000e+00 1.378552972e+00 1.392767454e+00 
1.426735854e+00 1.607881137e+00 1.796082371e+00 
1.344082036e+00 1.889534884e+00 1.908588649e+00 
1.412620460e+00 1.666666667e+00 1.842792567e+00 
1.321410922e+00 1.357881137e+00 1.561778001e+00 
1.198171485e+00 1.297803618e+00 1.474133601e+00 
1.091363973e+00 1.523255814e+00 1.787292818e+00 
1.048430936e+00 1.347545220e+00 1.505273732e+00 
1.113170250e+00 1.325581395e+00 1.549974887e+00 
1.136397331e+00 1.305555556e+00 1.401054746e+00 
1.088367927e+00 1.437984496e+00 1.596685083e+00 
1.316160119e+00 1.719638243e+00 1.796082371e+00 
1.109957994e+00 1.332041344e+00 1.517579106e+00 
1.000000000e+00 1.346899225e+00 1.000000000e+00 
1.194959229e+00 1.304263566e+00 1.441737820e+00 
1.000000000e+00 1.361757106e+00 1.225514817e+00 
1.087286879e+00 1.190568475e+00 1.292064289e+00 
1.000000000e+00 1.401808786e+00 1.505273732e+00 
1.222572276e+00 1.288113695e+00 1.413360121e+00 
1.230911787e+00 1.274547804e+00 1.507533903e+00 
1.054237707e+00 1.207364341e+00 1.382722250e+00 
1.051025451e+00 1.213824289e+00 1.350326469e+00 
1.196936002e+00 1.315891473e+00 1.504018081e+00 
1.147825550e+00 1.273255814e+00 1.404570568e+00 
1.008308624e+00 1.248062016e+00 1.225514817e+00 
1.008308624e+00 1.233204134e+00 1.000000000e+00 
1.216085990e+00 1.041989664e+00 1.157207433e+00 
1.037188041e+00 1.108527132e+00 1.000000000e+00 
1.022320855e+00 1.264857881e+00 1.392767454e+00 
1.212379540e+00 1.000000000e+00 1.000000000e+00 
1.212379540e+00 1.027777778e+00 1.124811652e+00 
1.175315048e+00 1.032299742e+00 1.000000000e+00 
1.037188041e+00 1.125322997e+00 1.167252637e+00 
1.150605387e+00 1.083333333e+00 1.091411351e+00 
1.015690635e+00 1.131782946e+00 1.000000000e+00 
1.150605387e+00 1.069767442e+00 1.000000000e+00 
1.350135903e+00 1.175064599e+00 1.269713712e+00 
1.316160119e+00 1.159560724e+00 1.246107484e+00 
1.175315048e+00 1.056847545e+00 1.121295831e+00 
1.015690635e+00 1.146640827e+00 1.225514817e+00 

1.636397331e+00 1.637596899e+00 1.878704169e+00 
1.153323449e+00 1.753875969e+00 1.796082371e+00 
1.276871757e+00 1.519379845e+00 1.787292818e+00 
1.164411910e+00 1.743540052e+00 1.842792567e+00 
1.366320731e+00 1.695736434e+00 1.875188348e+00 
1.648505065e+00 1.357881137e+00 1.561778001e+00 
1.380219916e+00 1.677648579e+00 1.908588649e+00 
1.154960465e+00 1.416020672e+00 1.608990457e+00 
1.468742278e+00 1.512273902e+00 1.720241085e+00 
1.267482085e+00 1.637596899e+00 1.766197891e+00 
1.350043242e+00 1.733204134e+00 1.842792567e+00 
1.846800099e+00 1.631782946e+00 1.908588649e+00 
1.163269088e+00 1.390826873e+00 1.674786539e+00 
1.035334816e+00 1.445736434e+00 1.517579106e+00 
1.439090684e+00 1.587209302e+00 1.796082371e+00 
1.161446751e+00 1.714470284e+00 1.796082371e+00 
1.115239684e+00 1.617571059e+00 1.717980914e+00 
1.113170250e+00 1.325581395e+00 1.549974887e+00 
1.086978008e+00 1.385012920e+00 1.549974887e+00 
1.041265135e+00 1.434754522e+00 1.549974887e+00 
1.273134421e+00 1.680232558e+00 1.783776996e+00 
1.028169014e+00 1.481912145e+00 1.517579106e+00 
1.038547072e+00 1.462532300e+00 1.662481165e+00 
1.194959229e+00 1.304263566e+00 1.441737820e+00 
1.322708179e+00 1.631782946e+00 1.796082371e+00 
1.151840870e+00 1.423126615e+00 1.671270718e+00 
1.196936002e+00 1.315891473e+00 1.504018081e+00 
1.158172721e+00 1.409560724e+00 1.641386238e+00 
1.198171485e+00 1.297803618e+00 1.474133601e+00 
1.000000000e+00 1.378552972e+00 1.392767454e+00 
1.602792192e+00 1.390180879e+00 1.558262180e+00 
1.490980974e+00 1.518733850e+00 1.762682069e+00 
1.316160119e+00 1.742894057e+00 1.908588649e+00 
1.088367927e+00 1.437984496e+00 1.596685083e+00 
1.048430936e+00 1.347545220e+00 1.505273732e+00 
1.000000000e+00 1.401808786e+00 1.505273732e+00 
1.147825550e+00 1.273255814e+00 1.404570568e+00 
1.109957994e+00 1.332041344e+00 1.517579106e+00 
1.000000000e+00 1.361757106e+00 1.225514817e+00 
1.222572276e+00 1.288113695e+00 1.413360121e+00 
1.000000000e+00 1.346899225e+00 1.000000000e+00 
1.235884606e+00 1.572351421e+00 1.730286288e+00 
1.087286879e+00 1.190568475e+00 1.292064289e+00 
1.022320855e+00 1.264857881e+00 1.392767454e+00 
1.035334816e+00 1.468992248e+00 1.630085384e+00 
1.193723746e+00 1.322351421e+00 1.471622300e+00 
1.051025451e+00 1.213824289e+00 1.350326469e+00 
1.008308624e+00 1.248062016e+00 1.225514817e+00 
1.230911787e+00 1.274547804e+00 1.507533903e+00 
1.054237707e+00 1.207364341e+00 1.382722250e+00 
1.350135903e+00 1.175064599e+00 1.269713712e+00 
1.136397331e+00 1.305555556e+00 1.401054746e+00 
1.316160119e+00 1.159560724e+00 1.246107484e+00 
1.037188041e+00 1.125322997e+00 1.167252637e+00 
1.160829009e+00 1.698966408e+00 1.762682069e+00 
1.175315048e+00 1.056847545e+00 1.121295831e+00 
1.037188041e+00 1.108527132e+00 1.000000000e+00 
1.150605387e+00 1.083333333e+00 1.091411351e+00 
1.015690635e+00 1.146640827e+00 1.225514817e+00 
1.212379540e+00 1.000000000e+00 1.000000000e+00 
1.216085990e+00 1.041989664e+00 1.157207433e+00 
1.015690635e+00 1.131782946e+00 1.000000000e+00 
1.008308624e+00 1.233204134e+00 1.000000000e+00 
1.175315048e+00 1.032299742e+00 1.000000000e+00 
1.212379540e+00 1.027777778e+00 1.124811652e+00 
1.150605387e+00 1.069767442e+00 1.000000000e+00 

1.324715839e+00 1.767441860e+00 1.842792567e+00 
1.041265135e+00 1.434754522e+00 1.549974887e+00 
1.350043242e+00 1.733204134e+00 1.842792567e+00 
1.412620460e+00 1.666666667e+00 1.842792567e+00 
1.365795651e+00 1.722222222e+00 1.875188348e+00 
1.455151964e+00 1.748708010e+00 1.878704169e+00 
1.482044107e+00 1.782945736e+00 1.908588649e+00 
1.163269088e+00 1.390826873e+00 1.674786539e+00 
1.238973314e+00 1.565891473e+00 1.766197891e+00 
1.081202125e+00 1.525193798e+00 1.641386238e+00 
1.115239684e+00 1.617571059e+00 1.717980914e+00 
1.116660489e+00 1.638888889e+00 1.721496735e+00 
1.412064492e+00 1.654392765e+00 1.832747363e+00 
1.035334816e+00 1.445736434e+00 1.517579106e+00 
1.648505065e+00 1.357881137e+00 1.561778001e+00 
1.551982950e+00 1.696382429e+00 1.908588649e+00 
1.038021992e+00 1.489664083e+00 1.596685083e+00 
1.148628614e+00 1.429586563e+00 1.638874937e+00 
1.083765752e+00 1.391472868e+00 1.517579106e+00 
1.551148999e+00 1.686692506e+00 1.878704169e+00 
1.158172721e+00 1.409560724e+00 1.641386238e+00 
1.700395355e+00 1.649870801e+00 1.842792567e+00 
1.445576971e+00 1.573643411e+00 1.796082371e+00 
1.475537435e+00 1.522609819e+00 1.796082371e+00 
1.603409933e+00 1.673126615e+00 1.875188348e+00 
1.236996541e+00 1.611111111e+00 1.717980914e+00 
1.369285891e+00 1.696382429e+00 1.875188348e+00 
1.584877687e+00 1.512919897e+00 1.721496735e+00 
1.532987398e+00 1.755167959e+00 1.887493722e+00 
1.088059056e+00 1.456072351e+00 1.626569563e+00 
1.276871757e+00 1.519379845e+00 1.787292818e+00 
1.569743020e+00 1.676356589e+00 1.887493722e+00 
1.445144552e+00 1.783591731e+00 1.878704169e+00 
1.105386706e+00 1.640180879e+00 1.796082371e+00 
1.222572276e+00 1.288113695e+00 1.413360121e+00 
1.086978008e+00 1.385012920e+00 1.549974887e+00 
1.038670620e+00 1.499354005e+00 1.626569563e+00 
1.113170250e+00 1.325581395e+00 1.549974887e+00 
1.230911787e+00 1.274547804e+00 1.507533903e+00 
1.109957994e+00 1.332041344e+00 1.517579106e+00 
1.479243884e+00 1.710594315e+00 1.878704169e+00 
1.000000000e+00 1.346899225e+00 1.000000000e+00 
1.393655794e+00 1.692506460e+00 1.842792567e+00 
1.000000000e+00 1.401808786e+00 1.505273732e+00 
1.045002471e+00 1.485788114e+00 1.596685083e+00 
1.600938967e+00 1.506459948e+00 1.753892516e+00 
1.147825550e+00 1.273255814e+00 1.404570568e+00 
1.194959229e+00 1.304263566e+00 1.441737820e+00 
1.196936002e+00 1.315891473e+00 1.504018081e+00 
1.364961700e+00 1.380490956e+00 1.598945254e+00 
1.000000000e+00 1.361757106e+00 1.225514817e+00 
1.198171485e+00 1.297803618e+00 1.474133601e+00 
1.000000000e+00 1.378552972e+00 1.392767454e+00 
1.487490734e+00 1.702842377e+00 1.878704169e+00 
1.093649617e+00 1.525839793e+00 1.662481165e+00 
1.048430936e+00 1.347545220e+00 1.505273732e+00 
1.193723746e+00 1.322351421e+00 1.471622300e+00 
1.008308624e+00 1.233204134e+00 1.000000000e+00 
1.350135903e+00 1.175064599e+00 1.269713712e+00 
1.028169014e+00 1.481912145e+00 1.517579106e+00 
1.087286879e+00 1.190568475e+00 1.292064289e+00 
1.136397331e+00 1.305555556e+00 1.401054746e+00 
1.051025451e+00 1.213824289e+00 1.350326469e+00 
1.008308624e+00 1.248062016e+00 1.225514817e+00 
1.022320855e+00 1.264857881e+00 1.392767454e+00 
1.316160119e+00 1.159560724e+00 1.246107484e+00 
1.216085990e+00 1.041989664e+00 1.157207433e+00 
1.054237707e+00 1.207364341e+00 1.382722250e+00 
1.037188041e+00 1.125322997e+00 1.167252637e+00 
1.015690635e+00 1.131782946e+00 1.000000000e+00 
1.150605387e+00 1.069767442e+00 1.000000000e+00 
1.212379540e+00 1.000000000e+00 1.000000000e+00 
1.037188041e+00 1.108527132e+00 1.000000000e+00 
1.150605387e+00 1.083333333e+00 1.091411351e+00 
1.015690635e+00 1.146640827e+00 1.225514817e+00 
1.212379540e+00 1.027777778e+00 1.124811652e+00 
1.175315048e+00 1.056847545e+00 1.121295831e+00 
1.175315048e+00 1.032299742e+00 1.000000000e+00 

1.602792192e+00 1.390180879e+00 1.558262180e+00 
1.151840870e+00 1.423126615e+00 1.671270718e+00 
1.158172721e+00 1.409560724e+00 1.641386238e+00 
1.531751915e+00 1.437338501e+00 1.674786539e+00 
1.035334816e+00 1.468992248e+00 1.630085384e+00 
1.368668149e+00 1.804263566e+00 1.878704169e+00 
1.479449592e+00 1.578165375e+00 1.796082371e+00 
1.412064492e+00 1.654392765e+00 1.832747363e+00 
1.083765752e+00 1.391472868e+00 1.517579106e+00 
1.074005436e+00 1.566537468e+00 1.751381215e+00 
1.263374104e+00 1.560077519e+00 1.675539930e+00 
1.587348653e+00 1.654392765e+00 1.875188348e+00 
1.243606375e+00 1.564599483e+00 1.787292818e+00 
1.322893501e+00 1.724160207e+00 1.875188348e+00 
1.322708179e+00 1.631782946e+00 1.796082371e+00 
1.521250309e+00 1.456072351e+00 1.674786539e+00 
1.083765752e+00 1.414728682e+00 1.630085384e+00 
1.468742278e+00 1.408268734e+00 1.662481165e+00 
1.276871757e+00 1.519379845e+00 1.787292818e+00 
1.369749197e+00 1.678940568e+00 1.887493722e+00 
1.155423771e+00 1.407622739e+00 1.620040181e+00 
1.366320731e+00 1.695736434e+00 1.875188348e+00 
1.416234248e+00 1.797157623e+00 1.908588649e+00 
1.105386706e+00 1.640180879e+00 1.796082371e+00 
1.663330862e+00 1.540697674e+00 1.796082371e+00 
1.038547072e+00 1.462532300e+00 1.662481165e+00 
1.238973314e+00 1.565891473e+00 1.766197891e+00 
1.600938967e+00 1.506459948e+00 1.753892516e+00 
1.193723746e+00 1.322351421e+00 1.471622300e+00 
1.193970843e+00 1.481912145e+00 1.674786539e+00 
1.540400297e+00 1.748708010e+00 1.908588649e+00 
1.625030887e+00 1.492894057e+00 1.683073832e+00 
1.619780084e+00 1.640180879e+00 1.878704169e+00 
1.684334075e+00 1.525839793e+00 1.796082371e+00 
1.000000000e+00 1.361757106e+00 1.225514817e+00 
1.076599951e+00 1.501937984e+00 1.674786539e+00 
1.648505065e+00 1.357881137e+00 1.561778001e+00 
1.552137386e+00 1.406330749e+00 1.628829734e+00 
1.038547072e+00 1.439276486e+00 1.549974887e+00 
1.035334816e+00 1.445736434e+00 1.517579106e+00 
1.480479367e+00 1.479974160e+00 1.674786539e+00 
1.000000000e+00 1.401808786e+00 1.505273732e+00 
1.412620460e+00 1.666666667e+00 1.842792567e+00 
1.136397331e+00 1.305555556e+00 1.401054746e+00 
1.196936002e+00 1.315891473e+00 1.504018081e+00 
1.222572276e+00 1.288113695e+00 1.413360121e+00 
1.198171485e+00 1.297803618e+00 1.474133601e+00 
1.589201878e+00 1.390826873e+00 1.674786539e+00 
1.702619224e+00 1.693798450e+00 1.908588649e+00 
1.048430936e+00 1.347545220e+00 1.505273732e+00 
1.194959229e+00 1.304263566e+00 1.441737820e+00 
1.087286879e+00 1.190568475e+00 1.292064289e+00 
1.147825550e+00 1.273255814e+00 1.404570568e+00 
1.439090684e+00 1.587209302e+00 1.796082371e+00 
1.000000000e+00 1.378552972e+00 1.392767454e+00 
1.022320855e+00 1.264857881e+00 1.392767454e+00 
1.008308624e+00 1.233204134e+00 1.000000000e+00 
1.000000000e+00 1.346899225e+00 1.000000000e+00 
1.109957994e+00 1.332041344e+00 1.517579106e+00 
1.051025451e+00 1.213824289e+00 1.350326469e+00 
1.008308624e+00 1.248062016e+00 1.225514817e+00 
1.113170250e+00 1.325581395e+00 1.549974887e+00 
1.350135903e+00 1.175064599e+00 1.269713712e+00 
1.230911787e+00 1.274547804e+00 1.507533903e+00 
1.037188041e+00 1.125322997e+00 1.167252637e+00 
1.316160119e+00 1.159560724e+00 1.246107484e+00 
1.212379540e+00 1.000000000e+00 1.000000000e+00 
1.054237707e+00 1.207364341e+00 1.382722250e+00 
1.150605387e+00 1.069767442e+00 1.000000000e+00 
1.015690635e+00 1.146640827e+00 1.225514817e+00 
1.150605387e+00 1.083333333e+00 1.091411351e+00 
1.037188041e+00 1.108527132e+00 1.000000000e+00 
1.175315048e+00 1.056847545e+00 1.121295831e+00 
1.175315048e+00 1.032299742e+00 1.000000000e+00 
1.212379540e+00 1.027777778e+00 1.124811652e+00 
1.216085990e+00 1.041989664e+00 1.157207433e+00 
1.015690635e+00 1.131782946e+00 1.000000000e+00 

1.083765752e+00 1.414728682e+00 1.630085384e+00 
1.329812207e+00 1.588501292e+00 1.796082371e+00 
1.041265135e+00 1.434754522e+00 1.549974887e+00 
1.268377811e+00 1.717700258e+00 1.875188348e+00 
1.041265135e+00 1.458010336e+00 1.662481165e+00 
1.322708179e+00 1.631782946e+00 1.796082371e+00 
1.400914257e+00 1.659560724e+00 1.908588649e+00 
1.115270571e+00 1.598191214e+00 1.787292818e+00 
1.735606622e+00 1.492248062e+00 1.766197891e+00 
1.227328886e+00 1.594315245e+00 1.751381215e+00 
1.077217692e+00 1.536821705e+00 1.671270718e+00 
1.086978008e+00 1.408268734e+00 1.662481165e+00 
1.621942179e+00 1.624031008e+00 1.887493722e+00 
1.321410922e+00 1.357881137e+00 1.561778001e+00 
1.035334816e+00 1.468992248e+00 1.630085384e+00 
1.153323449e+00 1.753875969e+00 1.796082371e+00 
1.276871757e+00 1.519379845e+00 1.787292818e+00 
1.369749197e+00 1.678940568e+00 1.887493722e+00 
1.163269088e+00 1.390826873e+00 1.674786539e+00 
1.083765752e+00 1.391472868e+00 1.517579106e+00 
1.264475537e+00 1.586563307e+00 1.753892516e+00 
1.109957994e+00 1.332041344e+00 1.517579106e+00 
1.193723746e+00 1.322351421e+00 1.471622300e+00 
1.028169014e+00 1.481912145e+00 1.517579106e+00 
1.086978008e+00 1.385012920e+00 1.549974887e+00 
1.684334075e+00 1.525839793e+00 1.796082371e+00 
1.222572276e+00 1.288113695e+00 1.413360121e+00 
1.000000000e+00 1.361757106e+00 1.225514817e+00 
1.035334816e+00 1.445736434e+00 1.517579106e+00 
1.073356808e+00 1.556847545e+00 1.721496735e+00 
1.161446751e+00 1.714470284e+00 1.796082371e+00 
1.000000000e+00 1.346899225e+00 1.000000000e+00 
1.196936002e+00 1.315891473e+00 1.504018081e+00 
1.136397331e+00 1.305555556e+00 1.401054746e+00 
1.000000000e+00 1.378552972e+00 1.392767454e+00 
1.230911787e+00 1.274547804e+00 1.507533903e+00 
1.198171485e+00 1.297803618e+00 1.474133601e+00 
1.113170250e+00 1.325581395e+00 1.549974887e+00 
1.147825550e+00 1.273255814e+00 1.404570568e+00 
1.194959229e+00 1.304263566e+00 1.441737820e+00 
1.000000000e+00 1.401808786e+00 1.505273732e+00 
1.054237707e+00 1.207364341e+00 1.382722250e+00 
1.022320855e+00 1.264857881e+00 1.392767454e+00 
1.350135903e+00 1.175064599e+00 1.269713712e+00 
1.316160119e+00 1.159560724e+00 1.246107484e+00 
1.087286879e+00 1.190568475e+00 1.292064289e+00 
1.008308624e+00 1.248062016e+00 1.225514817e+00 
1.037188041e+00 1.108527132e+00 1.000000000e+00 
1.008308624e+00 1.233204134e+00 1.000000000e+00 
1.048430936e+00 1.347545220e+00 1.505273732e+00 
1.216085990e+00 1.041989664e+00 1.157207433e+00 
1.212379540e+00 1.027777778e+00 1.124811652e+00 
1.015690635e+00 1.146640827e+00 1.225514817e+00 
1.051025451e+00 1.213824289e+00 1.350326469e+00 
1.175315048e+00 1.056847545e+00 1.121295831e+00 
1.150605387e+00 1.083333333e+00 1.091411351e+00 
1.015690635e+00 1.131782946e+00 1.000000000e+00 
1.175315048e+00 1.032299742e+00 1.000000000e+00 
1.150605387e+00 1.069767442e+00 1.000000000e+00 
1.212379540e+00 1.000000000e+00 1.000000000e+00 
1.037188041e+00 1.125322997e+00 1.167252637e+00 

1.600938967e+00 1.506459948e+00 1.753892516e+00 
1.721398567e+00 1.617571059e+00 1.878704169e+00 
1.543489004e+00 1.423126615e+00 1.671270718e+00 
1.421793921e+00 1.636304910e+00 1.887493722e+00 
1.684334075e+00 1.525839793e+00 1.796082371e+00 
1.373362985e+00 1.807493540e+00 1.908588649e+00 
1.236718557e+00 1.437338501e+00 1.674786539e+00 
1.377934272e+00 1.726744186e+00 1.908588649e+00 
1.083765752e+00 1.391472868e+00 1.517579106e+00 
1.155423771e+00 1.407622739e+00 1.620040181e+00 
1.412064492e+00 1.654392765e+00 1.832747363e+00 
1.086978008e+00 1.385012920e+00 1.549974887e+00 
1.038670620e+00 1.476098191e+00 1.514063285e+00 
1.028169014e+00 1.481912145e+00 1.517579106e+00 
1.321410922e+00 1.357881137e+00 1.561778001e+00 
1.331449222e+00 1.609173127e+00 1.796082371e+00 
1.158172721e+00 1.409560724e+00 1.641386238e+00 
1.083765752e+00 1.414728682e+00 1.630085384e+00 
1.364961700e+00 1.380490956e+00 1.598945254e+00 
1.578700272e+00 1.667958656e+00 1.908588649e+00 
1.148628614e+00 1.429586563e+00 1.638874937e+00 
1.180998270e+00 1.664082687e+00 1.878704169e+00 
1.589201878e+00 1.390826873e+00 1.674786539e+00 
1.039936990e+00 1.492248062e+00 1.596685083e+00 
1.153323449e+00 1.753875969e+00 1.796082371e+00 
1.041265135e+00 1.458010336e+00 1.662481165e+00 
1.194094391e+00 1.481912145e+00 1.671270718e+00 
1.136397331e+00 1.305555556e+00 1.401054746e+00 
1.147825550e+00 1.273255814e+00 1.404570568e+00 
1.309982703e+00 1.390180879e+00 1.558262180e+00 
1.291450457e+00 1.432170543e+00 1.662481165e+00 
1.313534717e+00 1.753229974e+00 1.887493722e+00 
1.193723746e+00 1.322351421e+00 1.471622300e+00 
1.000000000e+00 1.401808786e+00 1.505273732e+00 
1.230911787e+00 1.274547804e+00 1.507533903e+00 
1.091363973e+00 1.523255814e+00 1.787292818e+00 
1.048430936e+00 1.347545220e+00 1.505273732e+00 
1.196936002e+00 1.315891473e+00 1.504018081e+00 
1.000000000e+00 1.346899225e+00 1.000000000e+00 
1.038670620e+00 1.499354005e+00 1.626569563e+00 
1.198171485e+00 1.297803618e+00 1.474133601e+00 
1.113170250e+00 1.325581395e+00 1.549974887e+00 
1.000000000e+00 1.361757106e+00 1.225514817e+00 
1.194959229e+00 1.304263566e+00 1.441737820e+00 
1.109957994e+00 1.332041344e+00 1.517579106e+00 
1.000000000e+00 1.378552972e+00 1.392767454e+00 
1.208734865e+00 1.479974160e+00 1.674786539e+00 
1.380219916e+00 1.677648579e+00 1.908588649e+00 
1.022320855e+00 1.264857881e+00 1.392767454e+00 
1.334692365e+00 1.406330749e+00 1.628829734e+00 
1.051025451e+00 1.213824289e+00 1.350326469e+00 
1.087286879e+00 1.190568475e+00 1.292064289e+00 
1.222572276e+00 1.288113695e+00 1.413360121e+00 
1.592290586e+00 1.520025840e+00 1.787292818e+00 
1.008308624e+00 1.248062016e+00 1.225514817e+00 
1.008308624e+00 1.233204134e+00 1.000000000e+00 
1.350135903e+00 1.175064599e+00 1.269713712e+00 
1.054237707e+00 1.207364341e+00 1.382722250e+00 
1.316160119e+00 1.159560724e+00 1.246107484e+00 
1.150605387e+00 1.083333333e+00 1.091411351e+00 
1.175315048e+00 1.056847545e+00 1.121295831e+00 
1.037188041e+00 1.125322997e+00 1.167252637e+00 
1.015690635e+00 1.146640827e+00 1.225514817e+00 
1.150605387e+00 1.069767442e+00 1.000000000e+00 
1.212379540e+00 1.000000000e+00 1.000000000e+00 
1.037188041e+00 1.108527132e+00 1.000000000e+00 
1.015690635e+00 1.131782946e+00 1.000000000e+00 
1.175315048e+00 1.032299742e+00 1.000000000e+00 
1.212379540e+00 1.027777778e+00 1.124811652e+00 
1.216085990e+00 1.041989664e+00 1.157207433e+00 

1.364961700e+00 1.380490956e+00 1.598945254e+00 
1.690511490e+00 1.652454780e+00 1.842792567e+00 
1.083765752e+00 1.414728682e+00 1.630085384e+00 
1.296598097e+00 1.569767442e+00 1.787292818e+00 
1.038547072e+00 1.462532300e+00 1.662481165e+00 
1.148628614e+00 1.429586563e+00 1.638874937e+00 
1.074005436e+00 1.566537468e+00 1.751381215e+00 
1.104768965e+00 1.624677003e+00 1.762682069e+00 
1.721398567e+00 1.489018088e+00 1.766197891e+00 
1.155423771e+00 1.407622739e+00 1.620040181e+00 
1.839387200e+00 1.624031008e+00 1.887493722e+00 
1.115270571e+00 1.598191214e+00 1.787292818e+00 
1.364683716e+00 1.649870801e+00 1.796082371e+00 
1.663330862e+00 1.669250646e+00 1.908588649e+00 
1.168612553e+00 1.699612403e+00 1.796082371e+00 
1.153323449e+00 1.753875969e+00 1.796082371e+00 
1.180998270e+00 1.664082687e+00 1.878704169e+00 
1.158172721e+00 1.409560724e+00 1.641386238e+00 
1.296546825e+00 1.536821705e+00 1.730286288e+00 
1.455151964e+00 1.556201550e+00 1.783776996e+00 
1.276779096e+00 1.564599483e+00 1.730286288e+00 
1.369749197e+00 1.678940568e+00 1.887493722e+00 
1.077217692e+00 1.536821705e+00 1.671270718e+00 
1.108722511e+00 1.632428941e+00 1.783776996e+00 
1.028169014e+00 1.481912145e+00 1.517579106e+00 
1.066716086e+00 1.542635659e+00 1.674786539e+00 
1.038547072e+00 1.439276486e+00 1.549974887e+00 
1.151840870e+00 1.423126615e+00 1.671270718e+00 
1.321410922e+00 1.357881137e+00 1.561778001e+00 
1.136397331e+00 1.305555556e+00 1.401054746e+00 
1.561897702e+00 1.685400517e+00 1.908588649e+00 
1.198171485e+00 1.297803618e+00 1.474133601e+00 
1.086978008e+00 1.385012920e+00 1.549974887e+00 
1.475537435e+00 1.522609819e+00 1.796082371e+00 
1.524339017e+00 1.728036176e+00 1.908588649e+00 
1.035334816e+00 1.445736434e+00 1.517579106e+00 
1.000000000e+00 1.361757106e+00 1.225514817e+00 
1.000000000e+00 1.378552972e+00 1.392767454e+00 
1.809735607e+00 1.651162791e+00 1.832747363e+00 
1.426735854e+00 1.607881137e+00 1.796082371e+00 
1.765258216e+00 1.665374677e+00 1.887493722e+00 
1.708425995e+00 1.518733850e+00 1.762682069e+00 
1.287744008e+00 1.549741602e+00 1.721496735e+00 
1.000000000e+00 1.401808786e+00 1.505273732e+00 
1.147825550e+00 1.273255814e+00 1.404570568e+00 
1.163269088e+00 1.390826873e+00 1.674786539e+00 
1.193723746e+00 1.322351421e+00 1.471622300e+00 
1.113170250e+00 1.325581395e+00 1.549974887e+00 
1.194959229e+00 1.304263566e+00 1.441737820e+00 
1.048430936e+00 1.347545220e+00 1.505273732e+00 
1.161446751e+00 1.714470284e+00 1.796082371e+00 
1.238973314e+00 1.565891473e+00 1.766197891e+00 
1.000000000e+00 1.346899225e+00 1.000000000e+00 
1.087286879e+00 1.190568475e+00 1.292064289e+00 
1.022320855e+00 1.264857881e+00 1.392767454e+00 
1.008308624e+00 1.248062016e+00 1.225514817e+00 
1.041265135e+00 1.434754522e+00 1.549974887e+00 
1.222572276e+00 1.288113695e+00 1.413360121e+00 
1.051025451e+00 1.213824289e+00 1.350326469e+00 
1.008308624e+00 1.233204134e+00 1.000000000e+00 
1.054237707e+00 1.207364341e+00 1.382722250e+00 
1.316160119e+00 1.159560724e+00 1.246107484e+00 
1.037188041e+00 1.125322997e+00 1.167252637e+00 
1.196936002e+00 1.315891473e+00 1.504018081e+00 
1.230911787e+00 1.274547804e+00 1.507533903e+00 
1.015690635e+00 1.146640827e+00 1.225514817e+00 
1.175315048e+00 1.056847545e+00 1.121295831e+00 
1.015690635e+00 1.131782946e+00 1.000000000e+00 
1.212379540e+00 1.000000000e+00 1.000000000e+00 
1.350135903e+00 1.175064599e+00 1.269713712e+00 
1.037188041e+00 1.108527132e+00 1.000000000e+00 
1.175315048e+00 1.032299742e+00 1.000000000e+00 
1.150605387e+00 1.069767442e+00 1.000000000e+00 
1.109957994e+00 1.332041344e+00 1.517579106e+00 
1.212379540e+00 1.027777778e+00 1.124811652e+00 
1.150605387e+00 1.083333333e+00 1.091411351e+00 
1.216085990e+00 1.041989664e+00 1.157207433e+00 

1.621942179e+00 1.624031008e+00 1.887493722e+00 
1.276871757e+00 1.519379845e+00 1.787292818e+00 
1.369749197e+00 1.678940568e+00 1.887493722e+00 
1.321410922e+00 1.357881137e+00 1.561778001e+00 
1.041265135e+00 1.458010336e+00 1.662481165e+00 
1.721398567e+00 1.617571059e+00 1.878704169e+00 
1.041265135e+00 1.434754522e+00 1.549974887e+00 
1.035334816e+00 1.445736434e+00 1.517579106e+00 
1.684334075e+00 1.525839793e+00 1.796082371e+00 
1.158172721e+00 1.409560724e+00 1.641386238e+00 
1.329070917e+00 1.702196382e+00 1.878704169e+00 
1.528292562e+00 1.587209302e+00 1.796082371e+00 
1.329812207e+00 1.588501292e+00 1.796082371e+00 
1.582406721e+00 1.380490956e+00 1.598945254e+00 
1.241536941e+00 1.542635659e+00 1.721496735e+00 
1.172288115e+00 1.691860465e+00 1.875188348e+00 
1.235884606e+00 1.572351421e+00 1.730286288e+00 
1.400914257e+00 1.659560724e+00 1.908588649e+00 
1.000000000e+00 1.346899225e+00 1.000000000e+00 
1.048430936e+00 1.347545220e+00 1.505273732e+00 
1.115270571e+00 1.598191214e+00 1.787292818e+00 
1.151840870e+00 1.423126615e+00 1.671270718e+00 
1.136397331e+00 1.305555556e+00 1.401054746e+00 
1.083765752e+00 1.414728682e+00 1.630085384e+00 
1.193723746e+00 1.322351421e+00 1.471622300e+00 
1.000000000e+00 1.361757106e+00 1.225514817e+00 
1.194959229e+00 1.304263566e+00 1.441737820e+00 
1.203607611e+00 1.456072351e+00 1.674786539e+00 
1.112027428e+00 1.637596899e+00 1.675539930e+00 
1.337781072e+00 1.406976744e+00 1.595429432e+00 
1.128984433e+00 1.591085271e+00 1.674786539e+00 
1.196936002e+00 1.315891473e+00 1.504018081e+00 
1.198171485e+00 1.297803618e+00 1.474133601e+00 
1.113170250e+00 1.325581395e+00 1.549974887e+00 
1.083765752e+00 1.391472868e+00 1.517579106e+00 
1.222572276e+00 1.288113695e+00 1.413360121e+00 
1.230911787e+00 1.274547804e+00 1.507533903e+00 
1.035334816e+00 1.468992248e+00 1.630085384e+00 
1.147825550e+00 1.273255814e+00 1.404570568e+00 
1.148628614e+00 1.429586563e+00 1.638874937e+00 
1.000000000e+00 1.378552972e+00 1.392767454e+00 
1.022320855e+00 1.264857881e+00 1.392767454e+00 
1.109957994e+00 1.332041344e+00 1.517579106e+00 
1.008308624e+00 1.233204134e+00 1.000000000e+00 
1.051025451e+00 1.213824289e+00 1.350326469e+00 
1.054237707e+00 1.207364341e+00 1.382722250e+00 
1.087286879e+00 1.190568475e+00 1.292064289e+00 
1.000000000e+00 1.401808786e+00 1.505273732e+00 
1.316160119e+00 1.159560724e+00 1.246107484e+00 
1.350135903e+00 1.175064599e+00 1.269713712e+00 
1.212379540e+00 1.027777778e+00 1.124811652e+00 
1.212379540e+00 1.000000000e+00 1.000000000e+00 
1.008308624e+00 1.248062016e+00 1.225514817e+00 
1.150605387e+00 1.083333333e+00 1.091411351e+00 
1.216085990e+00 1.041989664e+00 1.157207433e+00 
1.175315048e+00 1.032299742e+00 1.000000000e+00 
1.175315048e+00 1.056847545e+00 1.121295831e+00 
1.037188041e+00 1.125322997e+00 1.167252637e+00 
1.015690635e+00 1.131782946e+00 1.000000000e+00 
1.037188041e+00 1.108527132e+00 1.000000000e+00 
1.150605387e+00 1.069767442e+00 1.000000000e+00 
1.015690635e+00 1.146640827e+00 1.225514817e+00 

1.161446751e+00 1.714470284e+00 1.796082371e+00 
1.028169014e+00 1.481912145e+00 1.517579106e+00 
1.551982950e+00 1.696382429e+00 1.908588649e+00 
1.086978008e+00 1.385012920e+00 1.549974887e+00 
1.041265135e+00 1.434754522e+00 1.549974887e+00 
1.104768965e+00 1.624677003e+00 1.762682069e+00 
1.155423771e+00 1.407622739e+00 1.620040181e+00 
1.158172721e+00 1.409560724e+00 1.641386238e+00 
1.466889054e+00 1.525839793e+00 1.796082371e+00 
1.159068446e+00 1.678940568e+00 1.766197891e+00 
1.621942179e+00 1.624031008e+00 1.887493722e+00 
1.276871757e+00 1.519379845e+00 1.787292818e+00 
1.244193230e+00 1.547157623e+00 1.796082371e+00 
1.326785273e+00 1.499354005e+00 1.787292818e+00 
1.321410922e+00 1.357881137e+00 1.561778001e+00 
1.038670620e+00 1.499354005e+00 1.626569563e+00 
1.109957994e+00 1.332041344e+00 1.517579106e+00 
1.363849765e+00 1.668604651e+00 1.878704169e+00 
1.552137386e+00 1.667312661e+00 1.832747363e+00 
1.113170250e+00 1.325581395e+00 1.549974887e+00 
1.194959229e+00 1.304263566e+00 1.441737820e+00 
1.196936002e+00 1.315891473e+00 1.504018081e+00 
1.076599951e+00 1.501937984e+00 1.674786539e+00 
1.619780084e+00 1.640180879e+00 1.878704169e+00 
1.000000000e+00 1.378552972e+00 1.392767454e+00 
1.147825550e+00 1.273255814e+00 1.404570568e+00 
1.329070917e+00 1.702196382e+00 1.878704169e+00 
1.582406721e+00 1.380490956e+00 1.598945254e+00 
1.482044107e+00 1.782945736e+00 1.908588649e+00 
1.163269088e+00 1.390826873e+00 1.674786539e+00 
1.048430936e+00 1.347545220e+00 1.505273732e+00 
1.000000000e+00 1.346899225e+00 1.000000000e+00 
1.133586607e+00 1.616279070e+00 1.753892516e+00 
1.000000000e+00 1.361757106e+00 1.225514817e+00 
1.076599951e+00 1.497416021e+00 1.662481165e+00 
1.083765752e+00 1.414728682e+00 1.630085384e+00 
1.222572276e+00 1.288113695e+00 1.413360121e+00 
1.000000000e+00 1.401808786e+00 1.505273732e+00 
1.193723746e+00 1.322351421e+00 1.471622300e+00 
1.087286879e+00 1.190568475e+00 1.292064289e+00 
1.230911787e+00 1.274547804e+00 1.507533903e+00 
1.198171485e+00 1.297803618e+00 1.474133601e+00 
1.038021992e+00 1.489664083e+00 1.596685083e+00 
1.050098839e+00 1.467054264e+00 1.630085384e+00 
1.008308624e+00 1.233204134e+00 1.000000000e+00 
1.316160119e+00 1.159560724e+00 1.246107484e+00 
1.054237707e+00 1.207364341e+00 1.382722250e+00 
1.136397331e+00 1.305555556e+00 1.401054746e+00 
1.051025451e+00 1.213824289e+00 1.350326469e+00 
1.037188041e+00 1.125322997e+00 1.167252637e+00 
1.350135903e+00 1.175064599e+00 1.269713712e+00 
1.212379540e+00 1.027777778e+00 1.124811652e+00 
1.015690635e+00 1.131782946e+00 1.000000000e+00 
1.216085990e+00 1.041989664e+00 1.157207433e+00 
1.212379540e+00 1.000000000e+00 1.000000000e+00 
1.022320855e+00 1.264857881e+00 1.392767454e+00 
1.150605387e+00 1.083333333e+00 1.091411351e+00 
1.175315048e+00 1.056847545e+00 1.121295831e+00 
1.037188041e+00 1.108527132e+00 1.000000000e+00 
1.015690635e+00 1.146640827e+00 1.225514817e+00 
1.008308624e+00 1.248062016e+00 1.225514817e+00 
1.175315048e+00 1.032299742e+00 1.000000000e+00 
1.150605387e+00 1.069767442e+00 1.000000000e+00 

1.050098839e+00 1.467054264e+00 1.630085384e+00 
1.083765752e+00 1.391472868e+00 1.517579106e+00 
1.035334816e+00 1.445736434e+00 1.517579106e+00 
1.344082036e+00 1.889534884e+00 1.908588649e+00 
1.490980974e+00 1.518733850e+00 1.762682069e+00 
1.561897702e+00 1.709948320e+00 1.908588649e+00 
1.077464789e+00 1.495478036e+00 1.662481165e+00 
1.378552014e+00 1.558139535e+00 1.783776996e+00 
1.066098344e+00 1.536821705e+00 1.662481165e+00 
1.282956511e+00 1.727390181e+00 1.878704169e+00 
1.329812207e+00 1.588501292e+00 1.796082371e+00 
1.312824314e+00 1.629844961e+00 1.753892516e+00 
1.412064492e+00 1.654392765e+00 1.832747363e+00 
1.600938967e+00 1.653746770e+00 1.878704169e+00 
1.268377811e+00 1.717700258e+00 1.875188348e+00 
1.035334816e+00 1.468992248e+00 1.630085384e+00 
1.779466271e+00 1.672480620e+00 1.887493722e+00 
1.074005436e+00 1.566537468e+00 1.751381215e+00 
1.839387200e+00 1.624031008e+00 1.887493722e+00 
1.066098344e+00 1.527131783e+00 1.641386238e+00 
1.528292562e+00 1.587209302e+00 1.796082371e+00 
1.322708179e+00 1.631782946e+00 1.796082371e+00 
1.633185075e+00 1.552325581e+00 1.787292818e+00 
1.163269088e+00 1.390826873e+00 1.674786539e+00 
1.086978008e+00 1.408268734e+00 1.662481165e+00 
1.296546825e+00 1.536821705e+00 1.730286288e+00 
1.455151964e+00 1.556201550e+00 1.783776996e+00 
1.438472943e+00 1.834625323e+00 1.908588649e+00 
1.369749197e+00 1.678940568e+00 1.887493722e+00 
1.569743020e+00 1.676356589e+00 1.887493722e+00 
1.194959229e+00 1.304263566e+00 1.441737820e+00 
1.366320731e+00 1.695736434e+00 1.875188348e+00 
1.000000000e+00 1.401808786e+00 1.505273732e+00 
1.321410922e+00 1.357881137e+00 1.561778001e+00 
1.000000000e+00 1.346899225e+00 1.000000000e+00 
1.364961700e+00 1.380490956e+00 1.598945254e+00 
1.198171485e+00 1.297803618e+00 1.474133601e+00 
1.230911787e+00 1.274547804e+00 1.507533903e+00 
1.136397331e+00 1.305555556e+00 1.401054746e+00 
1.028169014e+00 1.481912145e+00 1.517579106e+00 
1.147825550e+00 1.273255814e+00 1.404570568e+00 
1.678156659e+00 1.538759690e+00 1.766197891e+00 
1.022320855e+00 1.264857881e+00 1.392767454e+00 
1.193723746e+00 1.322351421e+00 1.471622300e+00 
1.538547072e+00 1.572351421e+00 1.787292818e+00 
1.113170250e+00 1.325581395e+00 1.549974887e+00 
1.054237707e+00 1.207364341e+00 1.382722250e+00 
1.222572276e+00 1.288113695e+00 1.413360121e+00 
1.196936002e+00 1.315891473e+00 1.504018081e+00 
1.076599951e+00 1.501937984e+00 1.674786539e+00 
1.048430936e+00 1.347545220e+00 1.505273732e+00 
1.643563133e+00 1.708656331e+00 1.908588649e+00 
1.619780084e+00 1.640180879e+00 1.878704169e+00 
1.008308624e+00 1.233204134e+00 1.000000000e+00 
1.109957994e+00 1.332041344e+00 1.517579106e+00 
1.008308624e+00 1.248062016e+00 1.225514817e+00 
1.316160119e+00 1.159560724e+00 1.246107484e+00 
1.350135903e+00 1.175064599e+00 1.269713712e+00 
1.280825303e+00 1.695090439e+00 1.783776996e+00 
1.000000000e+00 1.378552972e+00 1.392767454e+00 
1.000000000e+00 1.361757106e+00 1.225514817e+00 
1.087286879e+00 1.190568475e+00 1.292064289e+00 
1.050098839e+00 1.443798450e+00 1.517579106e+00 
1.212379540e+00 1.000000000e+00 1.000000000e+00 
1.175315048e+00 1.056847545e+00 1.121295831e+00 
1.262632814e+00 1.866279070e+00 1.796082371e+00 
1.015690635e+00 1.131782946e+00 1.000000000e+00 
1.150605387e+00 1.069767442e+00 1.000000000e+00 
1.150605387e+00 1.083333333e+00 1.091411351e+00 
1.212379540e+00 1.027777778e+00 1.124811652e+00 
1.037188041e+00 1.125322997e+00 1.167252637e+00 
1.015690635e+00 1.146640827e+00 1.225514817e+00 
1.175315048e+00 1.032299742e+00 1.000000000e+00 
1.051025451e+00 1.213824289e+00 1.350326469e+00 
1.216085990e+00 1.041989664e+00 1.157207433e+00 
1.037188041e+00 1.108527132e+00 1.000000000e+00 

1.276871757e+00 1.519379845e+00 1.787292818e+00 
1.077217692e+00 1.536821705e+00 1.671270718e+00 
1.028169014e+00 1.481912145e+00 1.517579106e+00 
1.309982703e+00 1.390180879e+00 1.558262180e+00 
1.151840870e+00 1.423126615e+00 1.671270718e+00 
1.708425995e+00 1.518733850e+00 1.762682069e+00 
1.035334816e+00 1.468992248e+00 1.630085384e+00 
1.600938967e+00 1.506459948e+00 1.753892516e+00 
1.552137386e+00 1.667312661e+00 1.832747363e+00 
1.380219916e+00 1.677648579e+00 1.908588649e+00 
1.364961700e+00 1.380490956e+00 1.598945254e+00 
1.684334075e+00 1.525839793e+00 1.796082371e+00 
1.041265135e+00 1.458010336e+00 1.662481165e+00 
1.350043242e+00 1.733204134e+00 1.842792567e+00 
1.038547072e+00 1.462532300e+00 1.662481165e+00 
1.086978008e+00 1.408268734e+00 1.662481165e+00 
1.439090684e+00 1.587209302e+00 1.796082371e+00 
1.161446751e+00 1.714470284e+00 1.796082371e+00 
1.345193971e+00 1.743540052e+00 1.875188348e+00 
1.568445762e+00 1.669250646e+00 1.908588649e+00 
1.083765752e+00 1.414728682e+00 1.630085384e+00 
1.000000000e+00 1.378552972e+00 1.392767454e+00 
1.163269088e+00 1.390826873e+00 1.674786539e+00 
1.104768965e+00 1.624677003e+00 1.762682069e+00 
1.721398567e+00 1.489018088e+00 1.766197891e+00 
1.402180628e+00 1.660852713e+00 1.796082371e+00 
1.038547072e+00 1.439276486e+00 1.549974887e+00 
1.173986904e+00 1.684754522e+00 1.787292818e+00 
1.367710650e+00 1.724806202e+00 1.875188348e+00 
1.086978008e+00 1.385012920e+00 1.549974887e+00 
1.083765752e+00 1.391472868e+00 1.517579106e+00 
1.227328886e+00 1.594315245e+00 1.751381215e+00 
1.000000000e+00 1.346899225e+00 1.000000000e+00 
1.113170250e+00 1.325581395e+00 1.549974887e+00 
1.636397331e+00 1.637596899e+00 1.878704169e+00 
1.000000000e+00 1.401808786e+00 1.505273732e+00 
1.155423771e+00 1.407622739e+00 1.620040181e+00 
1.375123548e+00 1.696382429e+00 1.875188348e+00 
1.198171485e+00 1.297803618e+00 1.474133601e+00 
1.088645911e+00 1.504521964e+00 1.674786539e+00 
1.109957994e+00 1.332041344e+00 1.517579106e+00 
1.136397331e+00 1.305555556e+00 1.401054746e+00 
1.048430936e+00 1.347545220e+00 1.505273732e+00 
1.164411910e+00 1.743540052e+00 1.842792567e+00 
1.268995552e+00 1.558785530e+00 1.717980914e+00 
1.230911787e+00 1.274547804e+00 1.507533903e+00 
1.196936002e+00 1.315891473e+00 1.504018081e+00 
1.022320855e+00 1.264857881e+00 1.392767454e+00 
1.222572276e+00 1.288113695e+00 1.413360121e+00 
1.193723746e+00 1.322351421e+00 1.471622300e+00 
1.321410922e+00 1.357881137e+00 1.561778001e+00 
1.000000000e+00 1.361757106e+00 1.225514817e+00 
1.008308624e+00 1.233204134e+00 1.000000000e+00 
1.054237707e+00 1.207364341e+00 1.382722250e+00 
1.316160119e+00 1.159560724e+00 1.246107484e+00 
1.147825550e+00 1.273255814e+00 1.404570568e+00 
1.051025451e+00 1.213824289e+00 1.350326469e+00 
1.008308624e+00 1.248062016e+00 1.225514817e+00 
1.194959229e+00 1.304263566e+00 1.441737820e+00 
1.350135903e+00 1.175064599e+00 1.269713712e+00 
1.015690635e+00 1.146640827e+00 1.225514817e+00 
1.037188041e+00 1.108527132e+00 1.000000000e+00 
1.175315048e+00 1.056847545e+00 1.121295831e+00 
1.037188041e+00 1.125322997e+00 1.167252637e+00 
1.015690635e+00 1.131782946e+00 1.000000000e+00 
1.087286879e+00 1.190568475e+00 1.292064289e+00 
1.212379540e+00 1.027777778e+00 1.124811652e+00 
1.175315048e+00 1.032299742e+00 1.000000000e+00 
1.150605387e+00 1.083333333e+00 1.091411351e+00 
1.150605387e+00 1.069767442e+00 1.000000000e+00 
1.216085990e+00 1.041989664e+00 1.157207433e+00 
1.212379540e+00 1.000000000e+00 1.000000000e+00 

1.083765752e+00 1.391472868e+00 1.517579106e+00 
1.309982703e+00 1.390180879e+00 1.558262180e+00 
1.440449716e+00 1.737080103e+00 1.908588649e+00 
1.475537435e+00 1.522609819e+00 1.796082371e+00 
1.076599951e+00 1.525193798e+00 1.787292818e+00 
1.163269088e+00 1.390826873e+00 1.674786539e+00 
1.276871757e+00 1.519379845e+00 1.787292818e+00 
1.166326909e+00 1.746124031e+00 1.842792567e+00 
1.155423771e+00 1.407622739e+00 1.620040181e+00 
1.035334816e+00 1.468992248e+00 1.630085384e+00 
1.365857425e+00 1.729328165e+00 1.875188348e+00 
1.366320731e+00 1.695736434e+00 1.875188348e+00 
1.364961700e+00 1.380490956e+00 1.598945254e+00 
1.421793921e+00 1.636304910e+00 1.887493722e+00 
1.524339017e+00 1.728036176e+00 1.908588649e+00 
1.041265135e+00 1.458010336e+00 1.662481165e+00 
1.048430936e+00 1.347545220e+00 1.505273732e+00 
1.161446751e+00 1.714470284e+00 1.796082371e+00 
1.086978008e+00 1.408268734e+00 1.662481165e+00 
1.345193971e+00 1.743540052e+00 1.875188348e+00 
1.412064492e+00 1.654392765e+00 1.832747363e+00 
1.074005436e+00 1.566537468e+00 1.751381215e+00 
1.147825550e+00 1.273255814e+00 1.404570568e+00 
1.041265135e+00 1.434754522e+00 1.549974887e+00 
1.193723746e+00 1.322351421e+00 1.471622300e+00 
1.000000000e+00 1.346899225e+00 1.000000000e+00 
1.194959229e+00 1.304263566e+00 1.441737820e+00 
1.136397331e+00 1.305555556e+00 1.401054746e+00 
1.000000000e+00 1.361757106e+00 1.225514817e+00 
1.222572276e+00 1.288113695e+00 1.413360121e+00 
1.196936002e+00 1.315891473e+00 1.504018081e+00 
1.198171485e+00 1.297803618e+00 1.474133601e+00 
1.331449222e+00 1.609173127e+00 1.796082371e+00 
1.054237707e+00 1.207364341e+00 1.382722250e+00 
1.109957994e+00 1.332041344e+00 1.517579106e+00 
1.000000000e+00 1.378552972e+00 1.392767454e+00 
1.839387200e+00 1.624031008e+00 1.887493722e+00 
1.022320855e+00 1.264857881e+00 1.392767454e+00 
1.008308624e+00 1.248062016e+00 1.225514817e+00 
1.008308624e+00 1.233204134e+00 1.000000000e+00 
1.230911787e+00 1.274547804e+00 1.507533903e+00 
1.000000000e+00 1.401808786e+00 1.505273732e+00 
1.350135903e+00 1.175064599e+00 1.269713712e+00 
1.051025451e+00 1.213824289e+00 1.350326469e+00 
1.113170250e+00 1.325581395e+00 1.549974887e+00 
1.150605387e+00 1.069767442e+00 1.000000000e+00 
1.316160119e+00 1.159560724e+00 1.246107484e+00 
1.216085990e+00 1.041989664e+00 1.157207433e+00 
1.087286879e+00 1.190568475e+00 1.292064289e+00 
1.015690635e+00 1.131782946e+00 1.000000000e+00 
1.175315048e+00 1.032299742e+00 1.000000000e+00 
1.150605387e+00 1.083333333e+00 1.091411351e+00 
1.037188041e+00 1.108527132e+00 1.000000000e+00 
1.037188041e+00 1.125322997e+00 1.167252637e+00 
1.015690635e+00 1.146640827e+00 1.225514817e+00 
1.175315048e+00 1.056847545e+00 1.121295831e+00 
1.212379540e+00 1.000000000e+00 1.000000000e+00 
1.212379540e+00 1.027777778e+00 1.124811652e+00 

1.155423771e+00 1.407622739e+00 1.620040181e+00 
1.512601927e+00 1.836563307e+00 1.908588649e+00 
1.367710650e+00 1.724806202e+00 1.875188348e+00 
1.076569064e+00 1.550387597e+00 1.753892516e+00 
1.244193230e+00 1.547157623e+00 1.796082371e+00 
1.391740796e+00 1.689922481e+00 1.842792567e+00 
1.276871757e+00 1.519379845e+00 1.787292818e+00 
1.076599951e+00 1.525193798e+00 1.787292818e+00 
1.321410922e+00 1.357881137e+00 1.561778001e+00 
1.318847294e+00 1.782945736e+00 1.875188348e+00 
1.083765752e+00 1.414728682e+00 1.630085384e+00 
1.421793921e+00 1.636304910e+00 1.887493722e+00 
1.647269582e+00 1.693798450e+00 1.908588649e+00 
1.291790215e+00 1.512919897e+00 1.721496735e+00 
1.050098839e+00 1.443798450e+00 1.517579106e+00 
1.151840870e+00 1.423126615e+00 1.671270718e+00 
1.708425995e+00 1.518733850e+00 1.762682069e+00 
1.035334816e+00 1.445736434e+00 1.517579106e+00 
1.000000000e+00 1.361757106e+00 1.225514817e+00 
1.309982703e+00 1.390180879e+00 1.558262180e+00 
1.000000000e+00 1.401808786e+00 1.505273732e+00 
1.113170250e+00 1.325581395e+00 1.549974887e+00 
1.382968866e+00 1.705426357e+00 1.842792567e+00 
1.707190511e+00 1.655684755e+00 1.908588649e+00 
1.345193971e+00 1.743540052e+00 1.875188348e+00 
1.038021992e+00 1.489664083e+00 1.596685083e+00 
1.163269088e+00 1.390826873e+00 1.674786539e+00 
1.136397331e+00 1.305555556e+00 1.401054746e+00 
1.086978008e+00 1.408268734e+00 1.662481165e+00 
1.578545836e+00 1.742248062e+00 1.908588649e+00 
1.230911787e+00 1.274547804e+00 1.507533903e+00 
1.038547072e+00 1.462532300e+00 1.662481165e+00 
1.000000000e+00 1.346899225e+00 1.000000000e+00 
1.041265135e+00 1.458010336e+00 1.662481165e+00 
1.048430936e+00 1.347545220e+00 1.505273732e+00 
1.147825550e+00 1.273255814e+00 1.404570568e+00 
1.721398567e+00 1.489018088e+00 1.766197891e+00 
1.198171485e+00 1.297803618e+00 1.474133601e+00 
1.839387200e+00 1.624031008e+00 1.887493722e+00 
1.000000000e+00 1.378552972e+00 1.392767454e+00 
1.196936002e+00 1.315891473e+00 1.504018081e+00 
1.109957994e+00 1.332041344e+00 1.517579106e+00 
1.087286879e+00 1.190568475e+00 1.292064289e+00 
1.222572276e+00 1.288113695e+00 1.413360121e+00 
1.054237707e+00 1.207364341e+00 1.382722250e+00 
1.663330862e+00 1.669250646e+00 1.908588649e+00 
1.051025451e+00 1.213824289e+00 1.350326469e+00 
1.194959229e+00 1.304263566e+00 1.441737820e+00 
1.193723746e+00 1.322351421e+00 1.471622300e+00 
1.168612553e+00 1.699612403e+00 1.796082371e+00 
1.316160119e+00 1.159560724e+00 1.246107484e+00 
1.015690635e+00 1.146640827e+00 1.225514817e+00 
1.022320855e+00 1.264857881e+00 1.392767454e+00 
1.350135903e+00 1.175064599e+00 1.269713712e+00 
1.008308624e+00 1.233204134e+00 1.000000000e+00 
1.150605387e+00 1.083333333e+00 1.091411351e+00 
1.008308624e+00 1.248062016e+00 1.225514817e+00 
1.037188041e+00 1.108527132e+00 1.000000000e+00 
1.212379540e+00 1.027777778e+00 1.124811652e+00 
1.150605387e+00 1.069767442e+00 1.000000000e+00 
1.216085990e+00 1.041989664e+00 1.157207433e+00 
1.037188041e+00 1.125322997e+00 1.167252637e+00 
1.175315048e+00 1.032299742e+00 1.000000000e+00 
1.175315048e+00 1.056847545e+00 1.121295831e+00 
1.212379540e+00 1.000000000e+00 1.000000000e+00 
1.015690635e+00 1.131782946e+00 1.000000000e+00 

1.314523104e+00 1.777777778e+00 1.878704169e+00 
1.640474426e+00 1.696382429e+00 1.908588649e+00 
1.091363973e+00 1.523255814e+00 1.787292818e+00 
1.549203113e+00 1.705426357e+00 1.887493722e+00 
1.163269088e+00 1.390826873e+00 1.674786539e+00 
1.086978008e+00 1.408268734e+00 1.662481165e+00 
1.620088955e+00 1.651808786e+00 1.875188348e+00 
1.275543613e+00 1.671834625e+00 1.875188348e+00 
1.083765752e+00 1.414728682e+00 1.630085384e+00 
1.375216210e+00 1.731266150e+00 1.908588649e+00 
1.268377811e+00 1.717700258e+00 1.875188348e+00 
1.041265135e+00 1.434754522e+00 1.549974887e+00 
1.587348653e+00 1.654392765e+00 1.875188348e+00 
1.331449222e+00 1.609173127e+00 1.796082371e+00 
1.322708179e+00 1.631782946e+00 1.796082371e+00 
1.038547072e+00 1.439276486e+00 1.549974887e+00 
1.439090684e+00 1.587209302e+00 1.796082371e+00 
1.445576971e+00 1.573643411e+00 1.796082371e+00 
1.617772424e+00 1.674418605e+00 1.878704169e+00 
1.762540153e+00 1.649870801e+00 1.878704169e+00 
1.794909810e+00 1.664728682e+00 1.887493722e+00 
1.153323449e+00 1.753875969e+00 1.796082371e+00 
1.276871757e+00 1.519379845e+00 1.787292818e+00 
1.039628120e+00 1.510335917e+00 1.626569563e+00 
1.567889795e+00 1.700258398e+00 1.887493722e+00 
1.164411910e+00 1.743540052e+00 1.842792567e+00 
1.569743020e+00 1.676356589e+00 1.887493722e+00 
1.560940203e+00 1.702196382e+00 1.887493722e+00 
1.028169014e+00 1.481912145e+00 1.517579106e+00 
1.000000000e+00 1.401808786e+00 1.505273732e+00 
1.086978008e+00 1.385012920e+00 1.549974887e+00 
1.155423771e+00 1.407622739e+00 1.620040181e+00 
1.602792192e+00 1.390180879e+00 1.558262180e+00 
1.038021992e+00 1.489664083e+00 1.596685083e+00 
1.222572276e+00 1.288113695e+00 1.413360121e+00 
1.193723746e+00 1.322351421e+00 1.471622300e+00 
1.648505065e+00 1.357881137e+00 1.561778001e+00 
1.524339017e+00 1.728036176e+00 1.908588649e+00 
1.109957994e+00 1.332041344e+00 1.517579106e+00 
1.230911787e+00 1.274547804e+00 1.507533903e+00 
1.000000000e+00 1.378552972e+00 1.392767454e+00 
1.198171485e+00 1.297803618e+00 1.474133601e+00 
1.041265135e+00 1.458010336e+00 1.662481165e+00 
1.048430936e+00 1.347545220e+00 1.505273732e+00 
1.000000000e+00 1.346899225e+00 1.000000000e+00 
1.147825550e+00 1.273255814e+00 1.404570568e+00 
1.113170250e+00 1.325581395e+00 1.549974887e+00 
1.000000000e+00 1.361757106e+00 1.225514817e+00 
1.196936002e+00 1.315891473e+00 1.504018081e+00 
1.561897702e+00 1.709948320e+00 1.908588649e+00 
1.136397331e+00 1.305555556e+00 1.401054746e+00 
1.087286879e+00 1.190568475e+00 1.292064289e+00 
1.022320855e+00 1.264857881e+00 1.392767454e+00 
1.051025451e+00 1.213824289e+00 1.350326469e+00 
1.008308624e+00 1.233204134e+00 1.000000000e+00 
1.037188041e+00 1.125322997e+00 1.167252637e+00 
1.316160119e+00 1.159560724e+00 1.246107484e+00 
1.194959229e+00 1.304263566e+00 1.441737820e+00 
1.175315048e+00 1.056847545e+00 1.121295831e+00 
1.015690635e+00 1.146640827e+00 1.225514817e+00 
1.008308624e+00 1.248062016e+00 1.225514817e+00 
1.054237707e+00 1.207364341e+00 1.382722250e+00 
1.350135903e+00 1.175064599e+00 1.269713712e+00 
1.015690635e+00 1.131782946e+00 1.000000000e+00 
1.037188041e+00 1.108527132e+00 1.000000000e+00 
1.216085990e+00 1.041989664e+00 1.157207433e+00 
1.212379540e+00 1.000000000e+00 1.000000000e+00 
1.175315048e+00 1.032299742e+00 1.000000000e+00 
1.150605387e+00 1.083333333e+00 1.091411351e+00 
1.150605387e+00 1.069767442e+00 1.000000000e+00 
1.212379540e+00 1.027777778e+00 1.124811652e+00 

1.846800099e+00 1.631782946e+00 1.908588649e+00 
1.275543613e+00 1.671834625e+00 1.875188348e+00 
1.083765752e+00 1.414728682e+00 1.630085384e+00 
1.707190511e+00 1.655684755e+00 1.908588649e+00 
1.225722758e+00 1.631782946e+00 1.783776996e+00 
1.743637262e+00 1.492894057e+00 1.683073832e+00 
1.074005436e+00 1.566537468e+00 1.751381215e+00 
1.321410922e+00 1.357881137e+00 1.561778001e+00 
1.133277737e+00 1.634366925e+00 1.783776996e+00 
1.038547072e+00 1.462532300e+00 1.662481165e+00 
1.331449222e+00 1.609173127e+00 1.796082371e+00 
1.158172721e+00 1.409560724e+00 1.641386238e+00 
1.364961700e+00 1.380490956e+00 1.598945254e+00 
1.038547072e+00 1.439276486e+00 1.549974887e+00 
1.440449716e+00 1.737080103e+00 1.908588649e+00 
1.475537435e+00 1.522609819e+00 1.796082371e+00 
1.316160119e+00 1.742894057e+00 1.908588649e+00 
1.041265135e+00 1.434754522e+00 1.549974887e+00 
1.163269088e+00 1.390826873e+00 1.674786539e+00 
1.621942179e+00 1.624031008e+00 1.887493722e+00 
1.222572276e+00 1.288113695e+00 1.413360121e+00 
1.153323449e+00 1.753875969e+00 1.796082371e+00 
1.276871757e+00 1.519379845e+00 1.787292818e+00 
1.369749197e+00 1.678940568e+00 1.887493722e+00 
1.221336793e+00 1.715762274e+00 1.787292818e+00 
1.164411910e+00 1.743540052e+00 1.842792567e+00 
1.077217692e+00 1.536821705e+00 1.671270718e+00 
1.086978008e+00 1.385012920e+00 1.549974887e+00 
1.028169014e+00 1.481912145e+00 1.517579106e+00 
1.264475537e+00 1.586563307e+00 1.753892516e+00 
1.619780084e+00 1.640180879e+00 1.878704169e+00 
1.326785273e+00 1.499354005e+00 1.787292818e+00 
1.048430936e+00 1.347545220e+00 1.505273732e+00 
1.000000000e+00 1.378552972e+00 1.392767454e+00 
1.230911787e+00 1.274547804e+00 1.507533903e+00 
1.035334816e+00 1.445736434e+00 1.517579106e+00 
1.198171485e+00 1.297803618e+00 1.474133601e+00 
1.000000000e+00 1.401808786e+00 1.505273732e+00 
1.561897702e+00 1.709948320e+00 1.908588649e+00 
1.193723746e+00 1.322351421e+00 1.471622300e+00 
1.194959229e+00 1.304263566e+00 1.441737820e+00 
1.087286879e+00 1.190568475e+00 1.292064289e+00 
1.113170250e+00 1.325581395e+00 1.549974887e+00 
1.022320855e+00 1.264857881e+00 1.392767454e+00 
1.136397331e+00 1.305555556e+00 1.401054746e+00 
1.000000000e+00 1.361757106e+00 1.225514817e+00 
1.000000000e+00 1.346899225e+00 1.000000000e+00 
1.196936002e+00 1.315891473e+00 1.504018081e+00 
1.109957994e+00 1.332041344e+00 1.517579106e+00 
1.254756610e+00 1.697028424e+00 1.796082371e+00 
1.147825550e+00 1.273255814e+00 1.404570568e+00 
1.316160119e+00 1.159560724e+00 1.246107484e+00 
1.051025451e+00 1.213824289e+00 1.350326469e+00 
1.054237707e+00 1.207364341e+00 1.382722250e+00 
1.015690635e+00 1.131782946e+00 1.000000000e+00 
1.350135903e+00 1.175064599e+00 1.269713712e+00 
1.008308624e+00 1.233204134e+00 1.000000000e+00 
1.037188041e+00 1.125322997e+00 1.167252637e+00 
1.150605387e+00 1.083333333e+00 1.091411351e+00 
1.008308624e+00 1.248062016e+00 1.225514817e+00 
1.015690635e+00 1.146640827e+00 1.225514817e+00 
1.212379540e+00 1.000000000e+00 1.000000000e+00 
1.150605387e+00 1.069767442e+00 1.000000000e+00 
1.175315048e+00 1.032299742e+00 1.000000000e+00 
1.212379540e+00 1.027777778e+00 1.124811652e+00 
1.037188041e+00 1.108527132e+00 1.000000000e+00 
1.216085990e+00 1.041989664e+00 1.157207433e+00 
1.175315048e+00 1.056847545e+00 1.121295831e+00 
