1.408088235e+00 2.000000000e+00 2.000000000e+00 
1.423113811e+00 1.587049481e+00 1.922946860e+00 
1.408088235e+00 1.679902260e+00 1.922946860e+00 
1.383312020e+00 1.750763592e+00 1.923671498e+00 
1.671994885e+00 1.717776420e+00 2.000000000e+00 
1.077099105e+00 1.481368357e+00 1.628502415e+00 
1.216911765e+00 1.557116677e+00 1.846618357e+00 
1.080296036e+00 1.431276726e+00 1.657004831e+00 
1.476982097e+00 1.788637752e+00 2.000000000e+00 
1.209931586e+00 1.558949297e+00 1.846618357e+00 
1.573529412e+00 1.787416005e+00 2.000000000e+00 
1.353900256e+00 1.803298717e+00 1.923671498e+00 
1.427429668e+00 1.700671961e+00 1.923671498e+00 
1.497122762e+00 1.480757483e+00 1.768357488e+00 
1.125639386e+00 1.427611484e+00 1.657004831e+00 
1.428708440e+00 1.683567502e+00 1.923671498e+00 
1.361093350e+00 1.784361637e+00 1.923671498e+00 
1.176470588e+00 1.449602932e+00 1.741787440e+00 
1.134324169e+00 1.458766035e+00 1.663526570e+00 
1.633951407e+00 1.742822236e+00 2.000000000e+00 
1.396739130e+00 1.711056811e+00 1.923671498e+00 
1.158141304e+00 1.586438607e+00 1.846618357e+00 
1.229060102e+00 1.441050703e+00 1.664251208e+00 
1.084771739e+00 1.582773366e+00 1.664251208e+00 
1.364290281e+00 1.390348198e+00 1.664251208e+00 
1.752557545e+00 1.480146610e+00 1.765458937e+00 
1.374253836e+00 1.765424557e+00 1.922946860e+00 
1.056905371e+00 1.419670128e+00 1.587198068e+00 
1.271579284e+00 1.500916310e+00 1.846618357e+00 
1.269501279e+00 1.546731827e+00 1.818115942e+00 
1.139226343e+00 1.389126451e+00 1.657004831e+00 
1.243446292e+00 1.394624313e+00 1.663526570e+00 
1.205083120e+00 1.287721442e+00 1.429710145e+00 
1.122602302e+00 1.425778864e+00 1.629227053e+00 
1.230978261e+00 1.406230910e+00 1.741787440e+00 
1.119565217e+00 1.417837508e+00 1.606521739e+00 
1.376012148e+00 1.703726329e+00 1.895169082e+00 
1.088448210e+00 1.575442883e+00 1.663526570e+00 
1.040601023e+00 1.266951741e+00 1.416908213e+00 
1.074701407e+00 1.437996335e+00 1.606521739e+00 
1.035166240e+00 1.264508247e+00 1.397584541e+00 
1.215952685e+00 1.443494197e+00 1.741787440e+00 
1.023976982e+00 1.303604154e+00 1.389130435e+00 
1.316176471e+00 1.486255345e+00 1.818115942e+00 
1.119298593e+00 1.491142334e+00 1.741787440e+00 
1.132725703e+00 1.465485644e+00 1.741787440e+00 
1.169330563e+00 1.464263897e+00 1.741787440e+00 
1.075820332e+00 1.433720220e+00 1.606521739e+00 
1.079177110e+00 1.435552841e+00 1.657004831e+00 
1.576726343e+00 1.388515577e+00 1.610869565e+00 
1.085198210e+00 1.320097740e+00 1.552173913e+00 
1.384590793e+00 1.640806353e+00 1.895169082e+00 
1.456042199e+00 1.937690898e+00 2.000000000e+00 
1.181585678e+00 1.447159438e+00 1.664251208e+00 
1.017263427e+00 1.321319487e+00 1.344202899e+00 
1.116421355e+00 1.496029322e+00 1.741787440e+00 
1.095960997e+00 1.373854612e+00 1.587198068e+00 
1.034100384e+00 1.343310935e+00 1.501690821e+00 
1.139066496e+00 1.401954795e+00 1.657004831e+00 
1.077845269e+00 1.327428222e+00 1.501690821e+00 
1.040441176e+00 1.279780086e+00 1.416908213e+00 
1.277813299e+00 1.401343922e+00 1.741787440e+00 
1.312020460e+00 1.283445327e+00 1.474637681e+00 
1.093829923e+00 1.293830177e+00 1.429710145e+00 
1.205083120e+00 1.309712889e+00 1.587198068e+00 
1.217231458e+00 1.284667074e+00 1.423429952e+00 
1.041719949e+00 1.262675626e+00 1.416908213e+00 
1.161125320e+00 1.202199145e+00 1.394685990e+00 
1.110773657e+00 1.141722663e+00 1.262318841e+00 
1.038576087e+00 1.340867440e+00 1.552173913e+00 
1.025415601e+00 1.290164936e+00 1.397584541e+00 
1.000000000e+00 1.142333537e+00 1.157487923e+00 
1.098625320e+00 1.294441051e+00 1.552173913e+00 
1.126918159e+00 1.410507025e+00 1.657004831e+00 
1.448689258e+00 1.646304215e+00 1.923671498e+00 
1.020620205e+00 1.318875993e+00 1.394685990e+00 
1.097826087e+00 1.312767257e+00 1.451932367e+00 
1.057384910e+00 1.205253513e+00 1.347101449e+00 
1.157608696e+00 1.315821625e+00 1.587198068e+00 
1.336796675e+00 1.282834453e+00 1.471739130e+00 
1.095748082e+00 1.290164936e+00 1.423429952e+00 
1.198049872e+00 1.291386683e+00 1.424154589e+00 
1.237212276e+00 1.223579719e+00 1.429710145e+00 
1.094309463e+00 1.165546732e+00 1.234541063e+00 
1.264066496e+00 1.191203421e+00 1.317149758e+00 
1.070332481e+00 1.012217471e+00 1.000000000e+00 
1.089514066e+00 1.119120342e+00 1.189613527e+00 
1.218670077e+00 1.000000000e+00 1.000000000e+00 
1.108908568e+00 1.202810018e+00 1.397584541e+00 
1.000000000e+00 1.120342089e+00 1.000000000e+00 
1.218670077e+00 1.028100183e+00 1.104830918e+00 
1.070332481e+00 1.034208919e+00 1.157487923e+00 
1.000000000e+00 1.172266341e+00 1.312077295e+00 
1.104859335e+00 1.110568112e+00 1.240096618e+00 

1.119565217e+00 1.417837508e+00 1.606521739e+00 
1.271579284e+00 1.500916310e+00 1.846618357e+00 
1.512787724e+00 1.639584606e+00 1.923671498e+00 
1.080882353e+00 1.551007941e+00 1.664251208e+00 
1.611572890e+00 1.750763592e+00 2.000000000e+00 
1.126918159e+00 1.410507025e+00 1.657004831e+00 
1.510549872e+00 1.627367135e+00 1.922946860e+00 
1.271419437e+00 1.513744655e+00 1.846618357e+00 
1.161018542e+00 1.581551619e+00 1.846618357e+00 
1.477141944e+00 1.689065363e+00 1.923671498e+00 
1.318414322e+00 1.496029322e+00 1.846618357e+00 
1.669757033e+00 1.708002443e+00 2.000000000e+00 
1.243446292e+00 1.394624313e+00 1.663526570e+00 
1.310634910e+00 1.776420281e+00 1.922946860e+00 
1.546035806e+00 1.390348198e+00 1.664251208e+00 
1.298007033e+00 1.759926695e+00 1.895169082e+00 
1.125639386e+00 1.427611484e+00 1.657004831e+00 
1.254315857e+00 1.528405620e+00 1.818115942e+00 
1.417039642e+00 1.848503360e+00 2.000000000e+00 
1.230978261e+00 1.406230910e+00 1.741787440e+00 
1.351235934e+00 1.651191203e+00 1.922946860e+00 
1.327418798e+00 1.740989615e+00 1.922946860e+00 
1.077099105e+00 1.481368357e+00 1.628502415e+00 
1.056905371e+00 1.419670128e+00 1.587198068e+00 
1.312020460e+00 1.283445327e+00 1.474637681e+00 
1.200447570e+00 1.580940745e+00 1.818840580e+00 
1.316176471e+00 1.486255345e+00 1.818115942e+00 
1.415920716e+00 1.733048259e+00 1.923671498e+00 
1.134324169e+00 1.458766035e+00 1.663526570e+00 
1.139066496e+00 1.401954795e+00 1.657004831e+00 
1.132725703e+00 1.465485644e+00 1.741787440e+00 
1.080296036e+00 1.431276726e+00 1.657004831e+00 
1.336796675e+00 1.282834453e+00 1.471739130e+00 
1.198049872e+00 1.423335370e+00 1.692028986e+00 
1.169330563e+00 1.464263897e+00 1.741787440e+00 
1.097346547e+00 1.527183873e+00 1.692028986e+00 
1.119298593e+00 1.491142334e+00 1.741787440e+00 
1.217231458e+00 1.284667074e+00 1.423429952e+00 
1.122602302e+00 1.425778864e+00 1.629227053e+00 
1.445012788e+00 1.692730605e+00 1.923671498e+00 
1.516304348e+00 1.623091020e+00 1.923671498e+00 
1.346227621e+00 1.775809407e+00 1.923671498e+00 
1.532981458e+00 1.792913867e+00 2.000000000e+00 
1.277813299e+00 1.401343922e+00 1.741787440e+00 
1.116421355e+00 1.496029322e+00 1.741787440e+00 
1.198049872e+00 1.291386683e+00 1.424154589e+00 
1.095748082e+00 1.290164936e+00 1.423429952e+00 
1.040441176e+00 1.279780086e+00 1.416908213e+00 
1.181585678e+00 1.447159438e+00 1.664251208e+00 
1.093829923e+00 1.293830177e+00 1.429710145e+00 
1.075820332e+00 1.433720220e+00 1.606521739e+00 
1.157608696e+00 1.315821625e+00 1.587198068e+00 
1.176470588e+00 1.449602932e+00 1.741787440e+00 
1.097826087e+00 1.312767257e+00 1.451932367e+00 
1.215952685e+00 1.443494197e+00 1.741787440e+00 
1.074701407e+00 1.437996335e+00 1.606521739e+00 
1.205083120e+00 1.287721442e+00 1.429710145e+00 
1.576726343e+00 1.388515577e+00 1.610869565e+00 
1.035166240e+00 1.264508247e+00 1.397584541e+00 
1.020620205e+00 1.318875993e+00 1.394685990e+00 
1.077845269e+00 1.327428222e+00 1.501690821e+00 
1.017263427e+00 1.321319487e+00 1.344202899e+00 
1.041719949e+00 1.262675626e+00 1.416908213e+00 
1.034100384e+00 1.343310935e+00 1.501690821e+00 
1.023976982e+00 1.303604154e+00 1.389130435e+00 
1.205083120e+00 1.309712889e+00 1.587198068e+00 
1.038576087e+00 1.340867440e+00 1.552173913e+00 
1.025415601e+00 1.290164936e+00 1.397584541e+00 
1.095960997e+00 1.373854612e+00 1.587198068e+00 
1.085198210e+00 1.320097740e+00 1.552173913e+00 
1.098625320e+00 1.294441051e+00 1.552173913e+00 
1.040601023e+00 1.266951741e+00 1.416908213e+00 
1.000000000e+00 1.172266341e+00 1.312077295e+00 
1.108908568e+00 1.202810018e+00 1.397584541e+00 
1.079177110e+00 1.435552841e+00 1.657004831e+00 
1.139226343e+00 1.389126451e+00 1.657004831e+00 
1.110773657e+00 1.141722663e+00 1.262318841e+00 
1.000000000e+00 1.142333537e+00 1.157487923e+00 
1.057384910e+00 1.205253513e+00 1.347101449e+00 
1.161125320e+00 1.202199145e+00 1.394685990e+00 
1.000000000e+00 1.120342089e+00 1.000000000e+00 
1.237212276e+00 1.223579719e+00 1.429710145e+00 
1.070332481e+00 1.012217471e+00 1.000000000e+00 
1.094309463e+00 1.165546732e+00 1.234541063e+00 
1.089514066e+00 1.119120342e+00 1.189613527e+00 
1.264066496e+00 1.191203421e+00 1.317149758e+00 
1.218670077e+00 1.000000000e+00 1.000000000e+00 
1.218670077e+00 1.028100183e+00 1.104830918e+00 
1.070332481e+00 1.034208919e+00 1.157487923e+00 
1.104859335e+00 1.110568112e+00 1.240096618e+00 

1.516783887e+00 1.601710446e+00 1.922946860e+00 
1.139226343e+00 1.389126451e+00 1.657004831e+00 
1.497122762e+00 1.480757483e+00 1.768357488e+00 
1.979539642e+00 1.716554673e+00 2.000000000e+00 
1.405530691e+00 1.807574832e+00 1.923671498e+00 
1.755115090e+00 1.755650580e+00 2.000000000e+00 
1.595588235e+00 1.776420281e+00 2.000000000e+00 
1.125639386e+00 1.427611484e+00 1.657004831e+00 
1.209931586e+00 1.558949297e+00 1.846618357e+00 
1.301790281e+00 1.532681735e+00 1.818840580e+00 
1.503037084e+00 1.799633476e+00 2.000000000e+00 
1.364290281e+00 1.390348198e+00 1.664251208e+00 
1.097346547e+00 1.527183873e+00 1.692028986e+00 
1.079177110e+00 1.435552841e+00 1.657004831e+00 
1.230978261e+00 1.406230910e+00 1.741787440e+00 
1.309622762e+00 1.548564447e+00 1.846618357e+00 
1.216911765e+00 1.557116677e+00 1.846618357e+00 
1.538682864e+00 1.602932193e+00 1.923671498e+00 
1.422847187e+00 1.942577886e+00 2.000000000e+00 
1.384590793e+00 1.843616371e+00 1.923671498e+00 
1.173326726e+00 1.560171045e+00 1.846618357e+00 
1.723785166e+00 1.500916310e+00 1.846618357e+00 
1.440377238e+00 1.705558949e+00 1.923671498e+00 
1.277813299e+00 1.401343922e+00 1.741787440e+00 
1.348145780e+00 1.689065363e+00 1.922946860e+00 
1.077099105e+00 1.481368357e+00 1.628502415e+00 
1.649456522e+00 1.480146610e+00 1.765458937e+00 
1.074701407e+00 1.437996335e+00 1.606521739e+00 
1.080296036e+00 1.431276726e+00 1.657004831e+00 
1.116421355e+00 1.496029322e+00 1.741787440e+00 
1.316176471e+00 1.486255345e+00 1.818115942e+00 
1.181585678e+00 1.447159438e+00 1.664251208e+00 
1.139066496e+00 1.401954795e+00 1.657004831e+00 
1.939897698e+00 1.740989615e+00 2.000000000e+00 
1.318254476e+00 1.508857666e+00 1.846618357e+00 
1.923913043e+00 1.749541845e+00 2.000000000e+00 
1.038576087e+00 1.340867440e+00 1.552173913e+00 
1.075820332e+00 1.433720220e+00 1.606521739e+00 
1.126918159e+00 1.410507025e+00 1.657004831e+00 
1.161018542e+00 1.581551619e+00 1.846618357e+00 
1.243446292e+00 1.394624313e+00 1.663526570e+00 
1.356777494e+00 1.649358583e+00 1.922946860e+00 
1.134324169e+00 1.458766035e+00 1.663526570e+00 
1.119298593e+00 1.491142334e+00 1.741787440e+00 
1.215952685e+00 1.443494197e+00 1.741787440e+00 
1.040601023e+00 1.266951741e+00 1.416908213e+00 
1.198049872e+00 1.423335370e+00 1.692028986e+00 
1.132725703e+00 1.465485644e+00 1.741787440e+00 
1.093829923e+00 1.293830177e+00 1.429710145e+00 
1.157608696e+00 1.315821625e+00 1.587198068e+00 
1.205083120e+00 1.287721442e+00 1.429710145e+00 
1.041719949e+00 1.262675626e+00 1.416908213e+00 
1.122602302e+00 1.425778864e+00 1.629227053e+00 
1.119565217e+00 1.417837508e+00 1.606521739e+00 
1.254315857e+00 1.528405620e+00 1.818115942e+00 
1.095748082e+00 1.290164936e+00 1.423429952e+00 
1.198049872e+00 1.291386683e+00 1.424154589e+00 
1.169330563e+00 1.464263897e+00 1.741787440e+00 
1.020620205e+00 1.318875993e+00 1.394685990e+00 
1.098625320e+00 1.294441051e+00 1.552173913e+00 
1.025415601e+00 1.290164936e+00 1.397584541e+00 
1.176470588e+00 1.449602932e+00 1.741787440e+00 
1.040441176e+00 1.279780086e+00 1.416908213e+00 
1.576726343e+00 1.388515577e+00 1.610869565e+00 
1.035166240e+00 1.264508247e+00 1.397584541e+00 
1.077845269e+00 1.327428222e+00 1.501690821e+00 
1.034100384e+00 1.343310935e+00 1.501690821e+00 
1.097826087e+00 1.312767257e+00 1.451932367e+00 
1.217231458e+00 1.284667074e+00 1.423429952e+00 
1.017263427e+00 1.321319487e+00 1.344202899e+00 
1.336796675e+00 1.282834453e+00 1.471739130e+00 
1.056905371e+00 1.419670128e+00 1.587198068e+00 
1.085198210e+00 1.320097740e+00 1.552173913e+00 
1.000000000e+00 1.120342089e+00 1.000000000e+00 
1.000000000e+00 1.172266341e+00 1.312077295e+00 
1.205083120e+00 1.309712889e+00 1.587198068e+00 
1.023976982e+00 1.303604154e+00 1.389130435e+00 
1.000000000e+00 1.142333537e+00 1.157487923e+00 
1.108908568e+00 1.202810018e+00 1.397584541e+00 
1.094309463e+00 1.165546732e+00 1.234541063e+00 
1.057384910e+00 1.205253513e+00 1.347101449e+00 
1.312020460e+00 1.283445327e+00 1.474637681e+00 
1.161125320e+00 1.202199145e+00 1.394685990e+00 
1.264066496e+00 1.191203421e+00 1.317149758e+00 
1.110773657e+00 1.141722663e+00 1.262318841e+00 
1.218670077e+00 1.000000000e+00 1.000000000e+00 
1.237212276e+00 1.223579719e+00 1.429710145e+00 
1.070332481e+00 1.012217471e+00 1.000000000e+00 
1.070332481e+00 1.034208919e+00 1.157487923e+00 
1.218670077e+00 1.028100183e+00 1.104830918e+00 
1.089514066e+00 1.119120342e+00 1.189613527e+00 
1.095960997e+00 1.373854612e+00 1.587198068e+00 
1.104859335e+00 1.110568112e+00 1.240096618e+00 

1.646259591e+00 1.610262676e+00 1.895169082e+00 
1.303548593e+00 1.689676237e+00 1.895169082e+00 
1.181585678e+00 1.447159438e+00 1.664251208e+00 
1.209931586e+00 1.558949297e+00 1.846618357e+00 
1.848465473e+00 1.602932193e+00 1.923671498e+00 
1.254315857e+00 1.528405620e+00 1.818115942e+00 
1.501758312e+00 1.638973732e+00 1.922946860e+00 
1.511668798e+00 1.623091020e+00 1.922946860e+00 
1.735294118e+00 1.489309713e+00 1.766183575e+00 
1.114343350e+00 1.574221136e+00 1.682850242e+00 
1.198049872e+00 1.423335370e+00 1.692028986e+00 
1.074701407e+00 1.437996335e+00 1.606521739e+00 
1.132725703e+00 1.465485644e+00 1.741787440e+00 
1.382512788e+00 1.492364081e+00 1.818115942e+00 
1.416240409e+00 1.777031155e+00 2.000000000e+00 
1.386828645e+00 1.650580330e+00 1.923671498e+00 
1.139066496e+00 1.401954795e+00 1.657004831e+00 
1.077099105e+00 1.481368357e+00 1.628502415e+00 
1.375959079e+00 1.651802077e+00 1.922946860e+00 
1.576726343e+00 1.388515577e+00 1.610869565e+00 
1.502557545e+00 1.766646304e+00 2.000000000e+00 
1.116421355e+00 1.496029322e+00 1.741787440e+00 
1.271579284e+00 1.500916310e+00 1.846618357e+00 
1.079177110e+00 1.435552841e+00 1.657004831e+00 
1.097826087e+00 1.312767257e+00 1.451932367e+00 
1.119298593e+00 1.491142334e+00 1.741787440e+00 
1.126918159e+00 1.410507025e+00 1.657004831e+00 
1.971227621e+00 1.718387294e+00 2.000000000e+00 
1.979539642e+00 1.716554673e+00 2.000000000e+00 
1.122602302e+00 1.425778864e+00 1.629227053e+00 
1.095748082e+00 1.290164936e+00 1.423429952e+00 
1.312020460e+00 1.283445327e+00 1.474637681e+00 
1.161018542e+00 1.581551619e+00 1.846618357e+00 
1.336796675e+00 1.282834453e+00 1.471739130e+00 
1.139226343e+00 1.389126451e+00 1.657004831e+00 
1.075820332e+00 1.433720220e+00 1.606521739e+00 
1.792199488e+00 1.641417227e+00 1.923671498e+00 
1.364290281e+00 1.390348198e+00 1.664251208e+00 
1.318414322e+00 1.496029322e+00 1.846618357e+00 
1.215952685e+00 1.443494197e+00 1.741787440e+00 
1.243446292e+00 1.394624313e+00 1.663526570e+00 
1.169330563e+00 1.464263897e+00 1.741787440e+00 
1.125639386e+00 1.427611484e+00 1.657004831e+00 
1.254955243e+00 1.537568723e+00 1.818840580e+00 
1.085198210e+00 1.320097740e+00 1.552173913e+00 
1.056905371e+00 1.419670128e+00 1.587198068e+00 
1.040441176e+00 1.279780086e+00 1.416908213e+00 
1.198049872e+00 1.291386683e+00 1.424154589e+00 
1.025415601e+00 1.290164936e+00 1.397584541e+00 
1.119565217e+00 1.417837508e+00 1.606521739e+00 
1.093829923e+00 1.293830177e+00 1.429710145e+00 
1.017263427e+00 1.321319487e+00 1.344202899e+00 
1.230978261e+00 1.406230910e+00 1.741787440e+00 
1.034100384e+00 1.343310935e+00 1.501690821e+00 
1.020620205e+00 1.318875993e+00 1.394685990e+00 
1.098625320e+00 1.294441051e+00 1.552173913e+00 
1.205083120e+00 1.309712889e+00 1.587198068e+00 
1.095960997e+00 1.373854612e+00 1.587198068e+00 
1.157608696e+00 1.315821625e+00 1.587198068e+00 
1.176470588e+00 1.449602932e+00 1.741787440e+00 
1.038576087e+00 1.340867440e+00 1.552173913e+00 
1.035166240e+00 1.264508247e+00 1.397584541e+00 
1.077845269e+00 1.327428222e+00 1.501690821e+00 
1.112105499e+00 1.583995113e+00 1.660628019e+00 
1.277813299e+00 1.401343922e+00 1.741787440e+00 
1.916240409e+00 1.763591936e+00 2.000000000e+00 
1.094309463e+00 1.165546732e+00 1.234541063e+00 
1.205083120e+00 1.287721442e+00 1.429710145e+00 
1.108908568e+00 1.202810018e+00 1.397584541e+00 
1.000000000e+00 1.142333537e+00 1.157487923e+00 
1.041719949e+00 1.262675626e+00 1.416908213e+00 
1.057384910e+00 1.205253513e+00 1.347101449e+00 
1.161125320e+00 1.202199145e+00 1.394685990e+00 
1.040601023e+00 1.266951741e+00 1.416908213e+00 
1.023976982e+00 1.303604154e+00 1.389130435e+00 
1.217231458e+00 1.284667074e+00 1.423429952e+00 
1.110773657e+00 1.141722663e+00 1.262318841e+00 
1.264066496e+00 1.191203421e+00 1.317149758e+00 
1.237212276e+00 1.223579719e+00 1.429710145e+00 
1.218670077e+00 1.000000000e+00 1.000000000e+00 
1.218670077e+00 1.028100183e+00 1.104830918e+00 
1.089514066e+00 1.119120342e+00 1.189613527e+00 
1.000000000e+00 1.120342089e+00 1.000000000e+00 
1.070332481e+00 1.012217471e+00 1.000000000e+00 
1.070332481e+00 1.034208919e+00 1.157487923e+00 
1.000000000e+00 1.172266341e+00 1.312077295e+00 
1.104859335e+00 1.110568112e+00 1.240096618e+00 

1.161018542e+00 1.581551619e+00 1.846618357e+00 
1.343989770e+00 1.797189982e+00 2.000000000e+00 
1.114183504e+00 1.538179597e+00 1.689130435e+00 
1.248294757e+00 1.643860721e+00 1.922946860e+00 
1.381553708e+00 1.633475870e+00 1.895169082e+00 
1.383631714e+00 1.656078192e+00 1.923671498e+00 
1.497122762e+00 1.480757483e+00 1.768357488e+00 
1.074701407e+00 1.437996335e+00 1.606521739e+00 
1.254315857e+00 1.528405620e+00 1.818115942e+00 
1.271419437e+00 1.513744655e+00 1.846618357e+00 
1.080296036e+00 1.431276726e+00 1.657004831e+00 
1.254955243e+00 1.537568723e+00 1.818840580e+00 
1.662883632e+00 1.746487477e+00 2.000000000e+00 
1.089567136e+00 1.576053757e+00 1.663526570e+00 
1.209931586e+00 1.558949297e+00 1.846618357e+00 
1.361732737e+00 1.783139890e+00 1.923671498e+00 
1.215952685e+00 1.443494197e+00 1.741787440e+00 
1.423113811e+00 1.587049481e+00 1.922946860e+00 
1.576726343e+00 1.388515577e+00 1.610869565e+00 
1.563618926e+00 1.646304215e+00 1.923671498e+00 
1.271579284e+00 1.500916310e+00 1.846618357e+00 
1.198049872e+00 1.423335370e+00 1.692028986e+00 
1.139066496e+00 1.401954795e+00 1.657004831e+00 
1.176470588e+00 1.449602932e+00 1.741787440e+00 
1.075820332e+00 1.433720220e+00 1.606521739e+00 
1.126918159e+00 1.410507025e+00 1.657004831e+00 
1.040441176e+00 1.279780086e+00 1.416908213e+00 
1.077099105e+00 1.481368357e+00 1.628502415e+00 
1.119565217e+00 1.417837508e+00 1.606521739e+00 
1.230978261e+00 1.406230910e+00 1.741787440e+00 
1.243446292e+00 1.394624313e+00 1.663526570e+00 
1.139226343e+00 1.389126451e+00 1.657004831e+00 
1.038576087e+00 1.340867440e+00 1.552173913e+00 
1.169330563e+00 1.464263897e+00 1.741787440e+00 
1.181585678e+00 1.447159438e+00 1.664251208e+00 
1.116421355e+00 1.496029322e+00 1.741787440e+00 
1.277813299e+00 1.401343922e+00 1.741787440e+00 
1.079177110e+00 1.435552841e+00 1.657004831e+00 
1.085198210e+00 1.320097740e+00 1.552173913e+00 
1.095748082e+00 1.290164936e+00 1.423429952e+00 
1.364290281e+00 1.390348198e+00 1.664251208e+00 
1.375000000e+00 1.695784973e+00 1.923671498e+00 
1.025415601e+00 1.290164936e+00 1.397584541e+00 
1.205083120e+00 1.309712889e+00 1.587198068e+00 
1.132725703e+00 1.465485644e+00 1.741787440e+00 
1.041719949e+00 1.262675626e+00 1.416908213e+00 
1.122602302e+00 1.425778864e+00 1.629227053e+00 
1.093829923e+00 1.293830177e+00 1.429710145e+00 
1.198049872e+00 1.291386683e+00 1.424154589e+00 
1.056905371e+00 1.419670128e+00 1.587198068e+00 
1.119298593e+00 1.491142334e+00 1.741787440e+00 
1.157608696e+00 1.315821625e+00 1.587198068e+00 
1.000000000e+00 1.172266341e+00 1.312077295e+00 
1.098625320e+00 1.294441051e+00 1.552173913e+00 
1.040601023e+00 1.266951741e+00 1.416908213e+00 
1.035166240e+00 1.264508247e+00 1.397584541e+00 
1.134324169e+00 1.458766035e+00 1.663526570e+00 
1.017263427e+00 1.321319487e+00 1.344202899e+00 
1.095960997e+00 1.373854612e+00 1.587198068e+00 
1.217231458e+00 1.284667074e+00 1.423429952e+00 
1.316176471e+00 1.486255345e+00 1.818115942e+00 
1.034100384e+00 1.343310935e+00 1.501690821e+00 
1.205083120e+00 1.287721442e+00 1.429710145e+00 
1.077845269e+00 1.327428222e+00 1.501690821e+00 
1.020620205e+00 1.318875993e+00 1.394685990e+00 
1.057384910e+00 1.205253513e+00 1.347101449e+00 
1.336796675e+00 1.282834453e+00 1.471739130e+00 
1.023976982e+00 1.303604154e+00 1.389130435e+00 
1.108908568e+00 1.202810018e+00 1.397584541e+00 
1.942455243e+00 1.732437385e+00 2.000000000e+00 
1.237212276e+00 1.223579719e+00 1.429710145e+00 
1.094309463e+00 1.165546732e+00 1.234541063e+00 
1.097826087e+00 1.312767257e+00 1.451932367e+00 
1.000000000e+00 1.142333537e+00 1.157487923e+00 
1.110773657e+00 1.141722663e+00 1.262318841e+00 
1.312020460e+00 1.283445327e+00 1.474637681e+00 
1.264066496e+00 1.191203421e+00 1.317149758e+00 
1.161125320e+00 1.202199145e+00 1.394685990e+00 
1.000000000e+00 1.120342089e+00 1.000000000e+00 
1.089514066e+00 1.119120342e+00 1.189613527e+00 
1.070332481e+00 1.012217471e+00 1.000000000e+00 
1.104859335e+00 1.110568112e+00 1.240096618e+00 
1.218670077e+00 1.028100183e+00 1.104830918e+00 
1.070332481e+00 1.034208919e+00 1.157487923e+00 
1.218670077e+00 1.000000000e+00 1.000000000e+00 

1.229060102e+00 1.441050703e+00 1.664251208e+00 
1.552320972e+00 1.764813684e+00 2.000000000e+00 
1.757992327e+00 1.740378742e+00 2.000000000e+00 
1.637627877e+00 1.741600489e+00 2.000000000e+00 
1.649456522e+00 1.480146610e+00 1.765458937e+00 
1.080296036e+00 1.431276726e+00 1.657004831e+00 
1.101235934e+00 1.551618815e+00 1.692028986e+00 
1.496536445e+00 1.907758094e+00 2.000000000e+00 
1.484494885e+00 1.955406231e+00 2.000000000e+00 
1.295556266e+00 1.632254123e+00 1.923671498e+00 
1.207693734e+00 1.549175321e+00 1.818115942e+00 
1.515345269e+00 1.832009774e+00 2.000000000e+00 
1.181585678e+00 1.447159438e+00 1.664251208e+00 
1.125639386e+00 1.427611484e+00 1.657004831e+00 
1.254955243e+00 1.537568723e+00 1.818840580e+00 
1.089567136e+00 1.576053757e+00 1.663526570e+00 
1.134324169e+00 1.458766035e+00 1.663526570e+00 
1.139066496e+00 1.401954795e+00 1.657004831e+00 
1.209931586e+00 1.558949297e+00 1.846618357e+00 
1.132725703e+00 1.465485644e+00 1.741787440e+00 
1.277813299e+00 1.401343922e+00 1.741787440e+00 
1.576726343e+00 1.388515577e+00 1.610869565e+00 
1.516783887e+00 1.601710446e+00 1.922946860e+00 
1.122602302e+00 1.425778864e+00 1.629227053e+00 
1.139226343e+00 1.389126451e+00 1.657004831e+00 
1.316176471e+00 1.486255345e+00 1.818115942e+00 
1.949488491e+00 1.739767868e+00 2.000000000e+00 
1.077845269e+00 1.327428222e+00 1.501690821e+00 
1.961636829e+00 1.725106903e+00 2.000000000e+00 
1.205083120e+00 1.287721442e+00 1.429710145e+00 
1.499040921e+00 1.856444716e+00 2.000000000e+00 
1.020620205e+00 1.318875993e+00 1.394685990e+00 
1.161018542e+00 1.581551619e+00 1.846618357e+00 
1.116421355e+00 1.496029322e+00 1.741787440e+00 
1.256393862e+00 1.551007941e+00 1.846618357e+00 
1.126918159e+00 1.410507025e+00 1.657004831e+00 
1.095960997e+00 1.373854612e+00 1.587198068e+00 
1.025415601e+00 1.290164936e+00 1.397584541e+00 
1.525735294e+00 1.770311546e+00 2.000000000e+00 
1.038576087e+00 1.340867440e+00 1.552173913e+00 
1.077099105e+00 1.481368357e+00 1.628502415e+00 
1.074701407e+00 1.437996335e+00 1.606521739e+00 
1.254315857e+00 1.528405620e+00 1.818115942e+00 
1.312020460e+00 1.283445327e+00 1.474637681e+00 
1.035166240e+00 1.264508247e+00 1.397584541e+00 
1.215952685e+00 1.443494197e+00 1.741787440e+00 
1.169330563e+00 1.464263897e+00 1.741787440e+00 
1.217231458e+00 1.284667074e+00 1.423429952e+00 
1.230978261e+00 1.406230910e+00 1.741787440e+00 
1.079177110e+00 1.435552841e+00 1.657004831e+00 
1.040441176e+00 1.279780086e+00 1.416908213e+00 
1.844629156e+00 1.631643250e+00 1.923671498e+00 
1.093829923e+00 1.293830177e+00 1.429710145e+00 
1.198049872e+00 1.291386683e+00 1.424154589e+00 
1.271579284e+00 1.500916310e+00 1.846618357e+00 
1.176470588e+00 1.449602932e+00 1.741787440e+00 
1.364290281e+00 1.390348198e+00 1.664251208e+00 
1.243446292e+00 1.394624313e+00 1.663526570e+00 
1.119565217e+00 1.417837508e+00 1.606521739e+00 
1.017263427e+00 1.321319487e+00 1.344202899e+00 
1.056905371e+00 1.419670128e+00 1.587198068e+00 
1.119298593e+00 1.491142334e+00 1.741787440e+00 
1.040601023e+00 1.266951741e+00 1.416908213e+00 
1.041719949e+00 1.262675626e+00 1.416908213e+00 
1.085198210e+00 1.320097740e+00 1.552173913e+00 
1.157608696e+00 1.315821625e+00 1.587198068e+00 
1.336796675e+00 1.282834453e+00 1.471739130e+00 
1.097826087e+00 1.312767257e+00 1.451932367e+00 
1.095748082e+00 1.290164936e+00 1.423429952e+00 
1.098625320e+00 1.294441051e+00 1.552173913e+00 
1.075820332e+00 1.433720220e+00 1.606521739e+00 
1.000000000e+00 1.142333537e+00 1.157487923e+00 
1.000000000e+00 1.120342089e+00 1.000000000e+00 
1.034100384e+00 1.343310935e+00 1.501690821e+00 
1.023976982e+00 1.303604154e+00 1.389130435e+00 
1.094309463e+00 1.165546732e+00 1.234541063e+00 
1.000000000e+00 1.172266341e+00 1.312077295e+00 
1.161125320e+00 1.202199145e+00 1.394685990e+00 
1.205083120e+00 1.309712889e+00 1.587198068e+00 
1.057384910e+00 1.205253513e+00 1.347101449e+00 
1.264066496e+00 1.191203421e+00 1.317149758e+00 
1.237212276e+00 1.223579719e+00 1.429710145e+00 
1.110773657e+00 1.141722663e+00 1.262318841e+00 
1.108908568e+00 1.202810018e+00 1.397584541e+00 
1.218670077e+00 1.028100183e+00 1.104830918e+00 
1.104859335e+00 1.110568112e+00 1.240096618e+00 
1.070332481e+00 1.012217471e+00 1.000000000e+00 
1.070332481e+00 1.034208919e+00 1.157487923e+00 
1.218670077e+00 1.000000000e+00 1.000000000e+00 
1.089514066e+00 1.119120342e+00 1.189613527e+00 

1.089247442e+00 1.580329872e+00 1.663526570e+00 
1.513746803e+00 1.648747709e+00 1.923671498e+00 
1.598465473e+00 1.776420281e+00 2.000000000e+00 
1.576726343e+00 1.388515577e+00 1.610869565e+00 
1.097346547e+00 1.527183873e+00 1.692028986e+00 
1.216911765e+00 1.557116677e+00 1.846618357e+00 
1.676630435e+00 1.598045205e+00 1.922946860e+00 
1.161018542e+00 1.581551619e+00 1.846618357e+00 
1.198049872e+00 1.423335370e+00 1.692028986e+00 
1.169330563e+00 1.464263897e+00 1.741787440e+00 
1.646259591e+00 1.610262676e+00 1.895169082e+00 
1.254955243e+00 1.537568723e+00 1.818840580e+00 
1.510390026e+00 1.489309713e+00 1.765458937e+00 
1.122602302e+00 1.425778864e+00 1.629227053e+00 
1.080296036e+00 1.431276726e+00 1.657004831e+00 
1.712915601e+00 1.492364081e+00 1.818115942e+00 
1.248294757e+00 1.643860721e+00 1.922946860e+00 
1.271579284e+00 1.500916310e+00 1.846618357e+00 
1.492647059e+00 1.850946854e+00 2.000000000e+00 
1.364290281e+00 1.390348198e+00 1.664251208e+00 
1.056905371e+00 1.419670128e+00 1.587198068e+00 
1.320812020e+00 1.662186927e+00 1.923671498e+00 
1.132725703e+00 1.465485644e+00 1.741787440e+00 
1.540334399e+00 1.789248626e+00 2.000000000e+00 
1.447890026e+00 1.897373244e+00 2.000000000e+00 
1.134324169e+00 1.458766035e+00 1.663526570e+00 
1.207693734e+00 1.549175321e+00 1.818115942e+00 
1.079177110e+00 1.435552841e+00 1.657004831e+00 
1.243446292e+00 1.394624313e+00 1.663526570e+00 
1.181585678e+00 1.447159438e+00 1.664251208e+00 
1.176470588e+00 1.449602932e+00 1.741787440e+00 
1.025415601e+00 1.290164936e+00 1.397584541e+00 
1.020620205e+00 1.318875993e+00 1.394685990e+00 
1.095748082e+00 1.290164936e+00 1.423429952e+00 
1.119298593e+00 1.491142334e+00 1.741787440e+00 
1.040441176e+00 1.279780086e+00 1.416908213e+00 
1.318414322e+00 1.496029322e+00 1.846618357e+00 
1.126918159e+00 1.410507025e+00 1.657004831e+00 
1.215952685e+00 1.443494197e+00 1.741787440e+00 
1.829283887e+00 1.609651802e+00 1.923671498e+00 
1.093829923e+00 1.293830177e+00 1.429710145e+00 
1.116421355e+00 1.496029322e+00 1.741787440e+00 
1.684782609e+00 1.768478925e+00 2.000000000e+00 
1.097826087e+00 1.312767257e+00 1.451932367e+00 
1.139066496e+00 1.401954795e+00 1.657004831e+00 
1.205083120e+00 1.309712889e+00 1.587198068e+00 
1.139226343e+00 1.389126451e+00 1.657004831e+00 
1.230978261e+00 1.406230910e+00 1.741787440e+00 
1.157608696e+00 1.315821625e+00 1.587198068e+00 
1.782768542e+00 1.708002443e+00 2.000000000e+00 
1.200447570e+00 1.580940745e+00 1.818840580e+00 
1.074701407e+00 1.437996335e+00 1.606521739e+00 
1.038576087e+00 1.340867440e+00 1.552173913e+00 
1.085198210e+00 1.320097740e+00 1.552173913e+00 
1.040601023e+00 1.266951741e+00 1.416908213e+00 
1.035166240e+00 1.264508247e+00 1.397584541e+00 
1.041719949e+00 1.262675626e+00 1.416908213e+00 
1.119565217e+00 1.417837508e+00 1.606521739e+00 
1.271419437e+00 1.513744655e+00 1.846618357e+00 
1.077845269e+00 1.327428222e+00 1.501690821e+00 
1.205083120e+00 1.287721442e+00 1.429710145e+00 
1.075820332e+00 1.433720220e+00 1.606521739e+00 
1.017263427e+00 1.321319487e+00 1.344202899e+00 
1.419170716e+00 1.960904093e+00 2.000000000e+00 
1.217231458e+00 1.284667074e+00 1.423429952e+00 
1.277813299e+00 1.401343922e+00 1.741787440e+00 
1.023976982e+00 1.303604154e+00 1.389130435e+00 
1.000000000e+00 1.120342089e+00 1.000000000e+00 
1.095960997e+00 1.373854612e+00 1.587198068e+00 
1.034100384e+00 1.343310935e+00 1.501690821e+00 
1.108908568e+00 1.202810018e+00 1.397584541e+00 
1.094309463e+00 1.165546732e+00 1.234541063e+00 
1.336796675e+00 1.282834453e+00 1.471739130e+00 
1.198049872e+00 1.291386683e+00 1.424154589e+00 
1.312020460e+00 1.283445327e+00 1.474637681e+00 
1.110773657e+00 1.141722663e+00 1.262318841e+00 
1.000000000e+00 1.142333537e+00 1.157487923e+00 
1.000000000e+00 1.172266341e+00 1.312077295e+00 
1.098625320e+00 1.294441051e+00 1.552173913e+00 
1.264066496e+00 1.191203421e+00 1.317149758e+00 
1.104859335e+00 1.110568112e+00 1.240096618e+00 
1.237212276e+00 1.223579719e+00 1.429710145e+00 
1.057384910e+00 1.205253513e+00 1.347101449e+00 
1.089514066e+00 1.119120342e+00 1.189613527e+00 
1.070332481e+00 1.012217471e+00 1.000000000e+00 
1.218670077e+00 1.028100183e+00 1.104830918e+00 
1.070332481e+00 1.034208919e+00 1.157487923e+00 
1.218670077e+00 1.000000000e+00 1.000000000e+00 
1.161125320e+00 1.202199145e+00 1.394685990e+00 

1.520620205e+00 1.618814905e+00 1.923671498e+00 
1.097346547e+00 1.527183873e+00 1.692028986e+00 
1.080882353e+00 1.551007941e+00 1.664251208e+00 
1.419277494e+00 1.645693341e+00 1.923671498e+00 
1.161018542e+00 1.581551619e+00 1.846618357e+00 
1.272858056e+00 1.752596213e+00 1.922946860e+00 
1.125639386e+00 1.427611484e+00 1.657004831e+00 
1.386828645e+00 1.650580330e+00 1.923671498e+00 
1.356777494e+00 1.580940745e+00 1.922946860e+00 
1.271419437e+00 1.513744655e+00 1.846618357e+00 
1.322090793e+00 1.875992670e+00 1.923671498e+00 
1.254315857e+00 1.528405620e+00 1.818115942e+00 
1.576726343e+00 1.388515577e+00 1.610869565e+00 
1.497122762e+00 1.480757483e+00 1.768357488e+00 
1.181585678e+00 1.447159438e+00 1.664251208e+00 
1.372122762e+00 1.820403177e+00 2.000000000e+00 
1.316176471e+00 1.486255345e+00 1.818115942e+00 
1.424445652e+00 1.803298717e+00 2.000000000e+00 
1.496962916e+00 1.512522908e+00 1.818840580e+00 
1.778772379e+00 1.720830788e+00 2.000000000e+00 
1.243446292e+00 1.394624313e+00 1.663526570e+00 
1.116421355e+00 1.496029322e+00 1.741787440e+00 
1.056905371e+00 1.419670128e+00 1.587198068e+00 
1.336796675e+00 1.660965180e+00 1.923671498e+00 
1.611093350e+00 1.770922419e+00 2.000000000e+00 
1.169330563e+00 1.464263897e+00 1.741787440e+00 
1.075820332e+00 1.433720220e+00 1.606521739e+00 
1.020620205e+00 1.318875993e+00 1.394685990e+00 
1.119565217e+00 1.417837508e+00 1.606521739e+00 
1.093829923e+00 1.293830177e+00 1.429710145e+00 
1.277813299e+00 1.401343922e+00 1.741787440e+00 
1.336796675e+00 1.282834453e+00 1.471739130e+00 
1.216911765e+00 1.557116677e+00 1.846618357e+00 
1.017263427e+00 1.321319487e+00 1.344202899e+00 
1.122602302e+00 1.425778864e+00 1.629227053e+00 
1.119298593e+00 1.491142334e+00 1.741787440e+00 
1.139226343e+00 1.389126451e+00 1.657004831e+00 
1.079177110e+00 1.435552841e+00 1.657004831e+00 
1.080296036e+00 1.431276726e+00 1.657004831e+00 
1.077099105e+00 1.481368357e+00 1.628502415e+00 
1.230978261e+00 1.406230910e+00 1.741787440e+00 
1.215952685e+00 1.443494197e+00 1.741787440e+00 
1.364290281e+00 1.390348198e+00 1.664251208e+00 
1.041719949e+00 1.262675626e+00 1.416908213e+00 
1.095748082e+00 1.290164936e+00 1.423429952e+00 
1.256393862e+00 1.551007941e+00 1.846618357e+00 
1.173326726e+00 1.560171045e+00 1.846618357e+00 
1.126918159e+00 1.410507025e+00 1.657004831e+00 
1.205083120e+00 1.309712889e+00 1.587198068e+00 
1.732896419e+00 1.759926695e+00 2.000000000e+00 
1.176470588e+00 1.449602932e+00 1.741787440e+00 
1.132725703e+00 1.465485644e+00 1.741787440e+00 
1.205083120e+00 1.287721442e+00 1.429710145e+00 
1.198049872e+00 1.423335370e+00 1.692028986e+00 
1.134324169e+00 1.458766035e+00 1.663526570e+00 
1.312020460e+00 1.283445327e+00 1.474637681e+00 
1.095960997e+00 1.373854612e+00 1.587198068e+00 
1.157608696e+00 1.315821625e+00 1.587198068e+00 
1.038576087e+00 1.340867440e+00 1.552173913e+00 
1.025415601e+00 1.290164936e+00 1.397584541e+00 
1.040601023e+00 1.266951741e+00 1.416908213e+00 
1.085198210e+00 1.320097740e+00 1.552173913e+00 
1.034100384e+00 1.343310935e+00 1.501690821e+00 
1.198049872e+00 1.291386683e+00 1.424154589e+00 
1.035166240e+00 1.264508247e+00 1.397584541e+00 
1.000000000e+00 1.142333537e+00 1.157487923e+00 
1.139066496e+00 1.401954795e+00 1.657004831e+00 
1.023976982e+00 1.303604154e+00 1.389130435e+00 
1.000000000e+00 1.172266341e+00 1.312077295e+00 
1.098625320e+00 1.294441051e+00 1.552173913e+00 
1.097826087e+00 1.312767257e+00 1.451932367e+00 
1.000000000e+00 1.120342089e+00 1.000000000e+00 
1.217231458e+00 1.284667074e+00 1.423429952e+00 
1.264066496e+00 1.191203421e+00 1.317149758e+00 
1.237212276e+00 1.223579719e+00 1.429710145e+00 
1.108908568e+00 1.202810018e+00 1.397584541e+00 
1.057384910e+00 1.205253513e+00 1.347101449e+00 
1.161125320e+00 1.202199145e+00 1.394685990e+00 
1.552269821e+00 1.789248626e+00 2.000000000e+00 
1.040441176e+00 1.279780086e+00 1.416908213e+00 
1.094309463e+00 1.165546732e+00 1.234541063e+00 
1.110773657e+00 1.141722663e+00 1.262318841e+00 
1.070332481e+00 1.034208919e+00 1.157487923e+00 
1.218670077e+00 1.028100183e+00 1.104830918e+00 
1.089514066e+00 1.119120342e+00 1.189613527e+00 
1.070332481e+00 1.012217471e+00 1.000000000e+00 
1.077845269e+00 1.327428222e+00 1.501690821e+00 
1.218670077e+00 1.000000000e+00 1.000000000e+00 
1.104859335e+00 1.110568112e+00 1.240096618e+00 

1.158141304e+00 1.586438607e+00 1.846618357e+00 
1.318414322e+00 1.496029322e+00 1.846618357e+00 
1.074701407e+00 1.437996335e+00 1.606521739e+00 
1.510549872e+00 1.627367135e+00 1.922946860e+00 
1.357789642e+00 1.715943800e+00 1.922946860e+00 
1.075820332e+00 1.433720220e+00 1.606521739e+00 
1.402014066e+00 1.662797801e+00 1.922946860e+00 
1.502557545e+00 1.766646304e+00 2.000000000e+00 
1.271579284e+00 1.500916310e+00 1.846618357e+00 
1.089726982e+00 1.574832010e+00 1.663526570e+00 
1.329177110e+00 1.708613317e+00 1.895169082e+00 
1.576726343e+00 1.388515577e+00 1.610869565e+00 
1.748561381e+00 1.618814905e+00 1.923671498e+00 
1.056905371e+00 1.419670128e+00 1.587198068e+00 
1.109867647e+00 1.530238241e+00 1.692028986e+00 
1.406489770e+00 1.908368968e+00 2.000000000e+00 
1.419437340e+00 1.632864997e+00 1.923671498e+00 
1.207693734e+00 1.549175321e+00 1.818115942e+00 
1.432065217e+00 1.811240073e+00 2.000000000e+00 
1.088448210e+00 1.575442883e+00 1.663526570e+00 
1.403452685e+00 1.653634698e+00 1.923671498e+00 
1.134324169e+00 1.458766035e+00 1.663526570e+00 
1.497122762e+00 1.480757483e+00 1.768357488e+00 
1.364290281e+00 1.390348198e+00 1.664251208e+00 
1.209931586e+00 1.558949297e+00 1.846618357e+00 
1.944373402e+00 1.734270006e+00 2.000000000e+00 
1.215952685e+00 1.443494197e+00 1.741787440e+00 
1.319586317e+00 1.747709224e+00 1.923671498e+00 
1.243446292e+00 1.394624313e+00 1.663526570e+00 
1.269501279e+00 1.546731827e+00 1.818115942e+00 
1.139226343e+00 1.389126451e+00 1.657004831e+00 
1.125639386e+00 1.427611484e+00 1.657004831e+00 
1.119565217e+00 1.417837508e+00 1.606521739e+00 
1.080296036e+00 1.431276726e+00 1.657004831e+00 
1.312020460e+00 1.283445327e+00 1.474637681e+00 
1.077099105e+00 1.481368357e+00 1.628502415e+00 
1.271419437e+00 1.513744655e+00 1.846618357e+00 
1.396739130e+00 1.678680513e+00 1.922946860e+00 
1.230978261e+00 1.406230910e+00 1.741787440e+00 
1.122602302e+00 1.425778864e+00 1.629227053e+00 
1.752557545e+00 1.480146610e+00 1.765458937e+00 
1.169330563e+00 1.464263897e+00 1.741787440e+00 
1.217231458e+00 1.284667074e+00 1.423429952e+00 
1.093829923e+00 1.293830177e+00 1.429710145e+00 
1.126918159e+00 1.410507025e+00 1.657004831e+00 
1.095960997e+00 1.373854612e+00 1.587198068e+00 
1.139066496e+00 1.401954795e+00 1.657004831e+00 
1.040441176e+00 1.279780086e+00 1.416908213e+00 
1.336796675e+00 1.282834453e+00 1.471739130e+00 
1.429400895e+00 1.864386072e+00 2.000000000e+00 
1.360986573e+00 1.709835064e+00 1.922946860e+00 
1.041719949e+00 1.262675626e+00 1.416908213e+00 
1.205083120e+00 1.287721442e+00 1.429710145e+00 
1.025415601e+00 1.290164936e+00 1.397584541e+00 
1.277813299e+00 1.401343922e+00 1.741787440e+00 
1.176470588e+00 1.449602932e+00 1.741787440e+00 
1.132725703e+00 1.465485644e+00 1.741787440e+00 
1.095748082e+00 1.290164936e+00 1.423429952e+00 
1.198049872e+00 1.291386683e+00 1.424154589e+00 
1.035166240e+00 1.264508247e+00 1.397584541e+00 
1.017263427e+00 1.321319487e+00 1.344202899e+00 
1.116421355e+00 1.496029322e+00 1.741787440e+00 
1.119298593e+00 1.491142334e+00 1.741787440e+00 
1.000000000e+00 1.142333537e+00 1.157487923e+00 
1.038576087e+00 1.340867440e+00 1.552173913e+00 
1.198049872e+00 1.423335370e+00 1.692028986e+00 
1.181585678e+00 1.447159438e+00 1.664251208e+00 
1.079177110e+00 1.435552841e+00 1.657004831e+00 
1.020620205e+00 1.318875993e+00 1.394685990e+00 
1.094309463e+00 1.165546732e+00 1.234541063e+00 
1.161125320e+00 1.202199145e+00 1.394685990e+00 
1.057384910e+00 1.205253513e+00 1.347101449e+00 
1.205083120e+00 1.309712889e+00 1.587198068e+00 
1.034100384e+00 1.343310935e+00 1.501690821e+00 
1.077845269e+00 1.327428222e+00 1.501690821e+00 
1.237212276e+00 1.223579719e+00 1.429710145e+00 
1.097826087e+00 1.312767257e+00 1.451932367e+00 
1.264066496e+00 1.191203421e+00 1.317149758e+00 
1.023976982e+00 1.303604154e+00 1.389130435e+00 
1.000000000e+00 1.172266341e+00 1.312077295e+00 
1.000000000e+00 1.120342089e+00 1.000000000e+00 
1.157608696e+00 1.315821625e+00 1.587198068e+00 
1.040601023e+00 1.266951741e+00 1.416908213e+00 
1.098625320e+00 1.294441051e+00 1.552173913e+00 
1.108908568e+00 1.202810018e+00 1.397584541e+00 
1.104859335e+00 1.110568112e+00 1.240096618e+00 
1.070332481e+00 1.034208919e+00 1.157487923e+00 
1.085198210e+00 1.320097740e+00 1.552173913e+00 
1.218670077e+00 1.028100183e+00 1.104830918e+00 
1.070332481e+00 1.012217471e+00 1.000000000e+00 
1.110773657e+00 1.141722663e+00 1.262318841e+00 
1.089514066e+00 1.119120342e+00 1.189613527e+00 
1.218670077e+00 1.000000000e+00 1.000000000e+00 

1.102035166e+00 1.556505803e+00 1.692028986e+00 
1.580882353e+00 1.621869273e+00 1.895169082e+00 
1.056905371e+00 1.419670128e+00 1.587198068e+00 
1.364290281e+00 1.390348198e+00 1.664251208e+00 
1.342391304e+00 1.627367135e+00 1.923671498e+00 
1.207853581e+00 1.604764814e+00 1.818115942e+00 
1.269501279e+00 1.546731827e+00 1.818115942e+00 
1.301843350e+00 1.817348809e+00 1.922946860e+00 
1.271579284e+00 1.500916310e+00 1.846618357e+00 
1.725063939e+00 1.496029322e+00 1.846618357e+00 
1.722346547e+00 1.752596213e+00 2.000000000e+00 
1.139226343e+00 1.389126451e+00 1.657004831e+00 
1.209931586e+00 1.558949297e+00 1.846618357e+00 
1.389386189e+00 1.843005498e+00 2.000000000e+00 
1.949488491e+00 1.739767868e+00 2.000000000e+00 
1.126918159e+00 1.410507025e+00 1.657004831e+00 
1.119298593e+00 1.491142334e+00 1.741787440e+00 
1.181585678e+00 1.447159438e+00 1.664251208e+00 
1.205455882e+00 1.605375687e+00 1.818115942e+00 
1.122602302e+00 1.425778864e+00 1.629227053e+00 
1.169330563e+00 1.464263897e+00 1.741787440e+00 
1.119565217e+00 1.417837508e+00 1.606521739e+00 
1.257086317e+00 1.766035431e+00 1.895169082e+00 
1.125639386e+00 1.427611484e+00 1.657004831e+00 
1.256393862e+00 1.551007941e+00 1.846618357e+00 
1.139066496e+00 1.401954795e+00 1.657004831e+00 
1.576726343e+00 1.388515577e+00 1.610869565e+00 
1.074701407e+00 1.437996335e+00 1.606521739e+00 
1.198049872e+00 1.423335370e+00 1.692028986e+00 
1.075820332e+00 1.433720220e+00 1.606521739e+00 
1.215952685e+00 1.443494197e+00 1.741787440e+00 
1.316176471e+00 1.486255345e+00 1.818115942e+00 
1.567774936e+00 1.816127062e+00 2.000000000e+00 
1.171248721e+00 1.605986561e+00 1.818115942e+00 
1.134324169e+00 1.458766035e+00 1.663526570e+00 
1.230978261e+00 1.406230910e+00 1.741787440e+00 
1.277813299e+00 1.401343922e+00 1.741787440e+00 
1.080296036e+00 1.431276726e+00 1.657004831e+00 
1.132725703e+00 1.465485644e+00 1.741787440e+00 
1.617007673e+00 1.754428833e+00 2.000000000e+00 
1.077099105e+00 1.481368357e+00 1.628502415e+00 
1.095748082e+00 1.290164936e+00 1.423429952e+00 
1.116421355e+00 1.496029322e+00 1.741787440e+00 
1.585997442e+00 1.772755040e+00 2.000000000e+00 
1.079177110e+00 1.435552841e+00 1.657004831e+00 
1.217231458e+00 1.284667074e+00 1.423429952e+00 
1.041719949e+00 1.262675626e+00 1.416908213e+00 
1.098625320e+00 1.294441051e+00 1.552173913e+00 
1.020620205e+00 1.318875993e+00 1.394685990e+00 
1.025415601e+00 1.290164936e+00 1.397584541e+00 
1.176470588e+00 1.449602932e+00 1.741787440e+00 
1.243446292e+00 1.394624313e+00 1.663526570e+00 
1.095960997e+00 1.373854612e+00 1.587198068e+00 
1.198049872e+00 1.291386683e+00 1.424154589e+00 
1.040441176e+00 1.279780086e+00 1.416908213e+00 
1.085198210e+00 1.320097740e+00 1.552173913e+00 
1.205083120e+00 1.309712889e+00 1.587198068e+00 
1.097826087e+00 1.312767257e+00 1.451932367e+00 
1.157608696e+00 1.315821625e+00 1.587198068e+00 
1.017263427e+00 1.321319487e+00 1.344202899e+00 
1.077845269e+00 1.327428222e+00 1.501690821e+00 
1.336796675e+00 1.282834453e+00 1.471739130e+00 
1.034100384e+00 1.343310935e+00 1.501690821e+00 
1.038576087e+00 1.340867440e+00 1.552173913e+00 
1.035166240e+00 1.264508247e+00 1.397584541e+00 
1.108908568e+00 1.202810018e+00 1.397584541e+00 
1.023976982e+00 1.303604154e+00 1.389130435e+00 
1.093829923e+00 1.293830177e+00 1.429710145e+00 
1.312020460e+00 1.283445327e+00 1.474637681e+00 
1.000000000e+00 1.172266341e+00 1.312077295e+00 
1.110773657e+00 1.141722663e+00 1.262318841e+00 
1.094309463e+00 1.165546732e+00 1.234541063e+00 
1.237212276e+00 1.223579719e+00 1.429710145e+00 
1.205083120e+00 1.287721442e+00 1.429710145e+00 
1.040601023e+00 1.266951741e+00 1.416908213e+00 
1.070332481e+00 1.034208919e+00 1.157487923e+00 
1.264066496e+00 1.191203421e+00 1.317149758e+00 
1.000000000e+00 1.120342089e+00 1.000000000e+00 
1.000000000e+00 1.142333537e+00 1.157487923e+00 
1.218670077e+00 1.000000000e+00 1.000000000e+00 
1.104859335e+00 1.110568112e+00 1.240096618e+00 
1.057384910e+00 1.205253513e+00 1.347101449e+00 
1.161125320e+00 1.202199145e+00 1.394685990e+00 
1.070332481e+00 1.012217471e+00 1.000000000e+00 
1.089514066e+00 1.119120342e+00 1.189613527e+00 
1.218670077e+00 1.028100183e+00 1.104830918e+00 

1.423113811e+00 1.587049481e+00 1.922946860e+00 
1.716112532e+00 1.486255345e+00 1.818115942e+00 
1.315750000e+00 1.864386072e+00 1.923671498e+00 
1.207693734e+00 1.549175321e+00 1.818115942e+00 
1.176470588e+00 1.449602932e+00 1.741787440e+00 
1.243446292e+00 1.394624313e+00 1.663526570e+00 
1.672154731e+00 1.704948076e+00 2.000000000e+00 
1.216911765e+00 1.557116677e+00 1.846618357e+00 
1.319586317e+00 1.747709224e+00 1.923671498e+00 
1.122602302e+00 1.425778864e+00 1.629227053e+00 
1.119565217e+00 1.417837508e+00 1.606521739e+00 
1.457480818e+00 1.677458766e+00 1.923671498e+00 
1.340153453e+00 1.617593158e+00 1.895169082e+00 
1.456202046e+00 1.685400122e+00 1.923671498e+00 
1.318414322e+00 1.496029322e+00 1.846618357e+00 
1.119298593e+00 1.491142334e+00 1.741787440e+00 
1.256393862e+00 1.551007941e+00 1.846618357e+00 
1.080296036e+00 1.431276726e+00 1.657004831e+00 
1.437180307e+00 1.723885156e+00 1.923671498e+00 
1.158141304e+00 1.586438607e+00 1.846618357e+00 
1.181585678e+00 1.447159438e+00 1.664251208e+00 
1.198049872e+00 1.423335370e+00 1.692028986e+00 
1.254315857e+00 1.528405620e+00 1.818115942e+00 
1.271579284e+00 1.500916310e+00 1.846618357e+00 
1.277813299e+00 1.401343922e+00 1.741787440e+00 
1.056905371e+00 1.419670128e+00 1.587198068e+00 
1.080882353e+00 1.551007941e+00 1.664251208e+00 
1.126918159e+00 1.410507025e+00 1.657004831e+00 
1.139226343e+00 1.389126451e+00 1.657004831e+00 
1.364290281e+00 1.390348198e+00 1.664251208e+00 
1.558983376e+00 1.781307269e+00 2.000000000e+00 
1.132725703e+00 1.465485644e+00 1.741787440e+00 
1.077099105e+00 1.481368357e+00 1.628502415e+00 
1.248294757e+00 1.643860721e+00 1.922946860e+00 
1.134324169e+00 1.458766035e+00 1.663526570e+00 
1.116421355e+00 1.496029322e+00 1.741787440e+00 
1.215952685e+00 1.443494197e+00 1.741787440e+00 
1.098625320e+00 1.294441051e+00 1.552173913e+00 
1.649456522e+00 1.480146610e+00 1.765458937e+00 
1.157608696e+00 1.315821625e+00 1.587198068e+00 
1.023976982e+00 1.303604154e+00 1.389130435e+00 
1.230978261e+00 1.406230910e+00 1.741787440e+00 
1.576726343e+00 1.388515577e+00 1.610869565e+00 
1.079177110e+00 1.435552841e+00 1.657004831e+00 
1.038576087e+00 1.340867440e+00 1.552173913e+00 
1.085198210e+00 1.320097740e+00 1.552173913e+00 
1.512787724e+00 1.639584606e+00 1.923671498e+00 
1.095748082e+00 1.290164936e+00 1.423429952e+00 
1.074701407e+00 1.437996335e+00 1.606521739e+00 
1.139066496e+00 1.401954795e+00 1.657004831e+00 
1.125639386e+00 1.427611484e+00 1.657004831e+00 
1.075820332e+00 1.433720220e+00 1.606521739e+00 
1.097346547e+00 1.527183873e+00 1.692028986e+00 
1.407928389e+00 1.637141112e+00 1.922946860e+00 
1.040601023e+00 1.266951741e+00 1.416908213e+00 
1.095960997e+00 1.373854612e+00 1.587198068e+00 
1.169330563e+00 1.464263897e+00 1.741787440e+00 
1.473945013e+00 1.819181429e+00 2.000000000e+00 
1.205083120e+00 1.287721442e+00 1.429710145e+00 
1.040441176e+00 1.279780086e+00 1.416908213e+00 
1.041719949e+00 1.262675626e+00 1.416908213e+00 
1.017263427e+00 1.321319487e+00 1.344202899e+00 
1.389226343e+00 1.855833842e+00 2.000000000e+00 
1.336796675e+00 1.282834453e+00 1.471739130e+00 
1.020620205e+00 1.318875993e+00 1.394685990e+00 
1.510390026e+00 1.489309713e+00 1.766183575e+00 
1.198049872e+00 1.291386683e+00 1.424154589e+00 
1.057384910e+00 1.205253513e+00 1.347101449e+00 
1.312020460e+00 1.283445327e+00 1.474637681e+00 
1.025415601e+00 1.290164936e+00 1.397584541e+00 
1.077845269e+00 1.327428222e+00 1.501690821e+00 
1.217231458e+00 1.284667074e+00 1.423429952e+00 
1.097826087e+00 1.312767257e+00 1.451932367e+00 
1.502717391e+00 1.494807575e+00 1.765458937e+00 
1.035166240e+00 1.264508247e+00 1.397584541e+00 
1.205083120e+00 1.309712889e+00 1.587198068e+00 
1.094309463e+00 1.165546732e+00 1.234541063e+00 
1.000000000e+00 1.120342089e+00 1.000000000e+00 
1.110773657e+00 1.141722663e+00 1.262318841e+00 
1.264066496e+00 1.191203421e+00 1.317149758e+00 
1.034100384e+00 1.343310935e+00 1.501690821e+00 
1.000000000e+00 1.172266341e+00 1.312077295e+00 
1.237212276e+00 1.223579719e+00 1.429710145e+00 
1.161125320e+00 1.202199145e+00 1.394685990e+00 
1.108908568e+00 1.202810018e+00 1.397584541e+00 
1.000000000e+00 1.142333537e+00 1.157487923e+00 
1.093829923e+00 1.293830177e+00 1.429710145e+00 
1.070332481e+00 1.034208919e+00 1.157487923e+00 
1.218670077e+00 1.000000000e+00 1.000000000e+00 
1.218670077e+00 1.028100183e+00 1.104830918e+00 
1.104859335e+00 1.110568112e+00 1.240096618e+00 
1.070332481e+00 1.012217471e+00 1.000000000e+00 
1.089514066e+00 1.119120342e+00 1.189613527e+00 

1.271579284e+00 1.500916310e+00 1.846618357e+00 
1.859814578e+00 1.737324374e+00 2.000000000e+00 
1.304400895e+00 1.656078192e+00 1.922946860e+00 
1.553439898e+00 1.773976787e+00 2.000000000e+00 
1.726822251e+00 1.755039707e+00 2.000000000e+00 
1.080882353e+00 1.551007941e+00 1.664251208e+00 
1.126918159e+00 1.410507025e+00 1.657004831e+00 
1.497122762e+00 1.480757483e+00 1.768357488e+00 
1.514865729e+00 1.888821014e+00 2.000000000e+00 
1.139226343e+00 1.389126451e+00 1.657004831e+00 
1.209931586e+00 1.558949297e+00 1.846618357e+00 
1.515345269e+00 1.832009774e+00 2.000000000e+00 
1.364290281e+00 1.390348198e+00 1.664251208e+00 
1.119565217e+00 1.417837508e+00 1.606521739e+00 
1.477354859e+00 1.930971289e+00 2.000000000e+00 
1.134324169e+00 1.458766035e+00 1.663526570e+00 
1.243446292e+00 1.394624313e+00 1.663526570e+00 
1.207853581e+00 1.604764814e+00 1.818115942e+00 
1.518861893e+00 1.815516188e+00 2.000000000e+00 
1.198049872e+00 1.423335370e+00 1.692028986e+00 
1.132725703e+00 1.465485644e+00 1.741787440e+00 
1.202578645e+00 1.610262676e+00 1.818115942e+00 
1.181585678e+00 1.447159438e+00 1.664251208e+00 
1.974424552e+00 1.712278558e+00 2.000000000e+00 
1.877877238e+00 1.593769090e+00 1.922946860e+00 
1.125639386e+00 1.427611484e+00 1.657004831e+00 
1.215952685e+00 1.443494197e+00 1.741787440e+00 
1.056905371e+00 1.419670128e+00 1.587198068e+00 
1.649456522e+00 1.480146610e+00 1.765458937e+00 
1.080296036e+00 1.431276726e+00 1.657004831e+00 
1.576726343e+00 1.388515577e+00 1.610869565e+00 
1.957161125e+00 1.729383018e+00 2.000000000e+00 
1.316176471e+00 1.486255345e+00 1.818115942e+00 
1.017263427e+00 1.321319487e+00 1.344202899e+00 
1.077099105e+00 1.481368357e+00 1.628502415e+00 
1.256393862e+00 1.551007941e+00 1.846618357e+00 
1.277813299e+00 1.401343922e+00 1.741787440e+00 
1.254955243e+00 1.537568723e+00 1.818840580e+00 
1.040601023e+00 1.266951741e+00 1.416908213e+00 
1.079177110e+00 1.435552841e+00 1.657004831e+00 
1.169330563e+00 1.464263897e+00 1.741787440e+00 
1.101235934e+00 1.551618815e+00 1.692028986e+00 
1.176470588e+00 1.449602932e+00 1.741787440e+00 
1.230978261e+00 1.406230910e+00 1.741787440e+00 
1.074701407e+00 1.437996335e+00 1.606521739e+00 
1.205083120e+00 1.287721442e+00 1.429710145e+00 
1.040441176e+00 1.279780086e+00 1.416908213e+00 
1.342391304e+00 1.627367135e+00 1.923671498e+00 
1.312020460e+00 1.283445327e+00 1.474637681e+00 
1.198049872e+00 1.291386683e+00 1.424154589e+00 
1.041719949e+00 1.262675626e+00 1.416908213e+00 
1.336796675e+00 1.282834453e+00 1.471739130e+00 
1.119298593e+00 1.491142334e+00 1.741787440e+00 
1.122602302e+00 1.425778864e+00 1.629227053e+00 
1.139066496e+00 1.401954795e+00 1.657004831e+00 
1.095960997e+00 1.373854612e+00 1.587198068e+00 
1.097826087e+00 1.312767257e+00 1.451932367e+00 
1.034100384e+00 1.343310935e+00 1.501690821e+00 
1.205083120e+00 1.309712889e+00 1.587198068e+00 
1.217231458e+00 1.284667074e+00 1.423429952e+00 
1.094309463e+00 1.165546732e+00 1.234541063e+00 
1.077845269e+00 1.327428222e+00 1.501690821e+00 
1.093829923e+00 1.293830177e+00 1.429710145e+00 
1.000000000e+00 1.142333537e+00 1.157487923e+00 
1.085198210e+00 1.320097740e+00 1.552173913e+00 
1.035166240e+00 1.264508247e+00 1.397584541e+00 
1.108908568e+00 1.202810018e+00 1.397584541e+00 
1.023976982e+00 1.303604154e+00 1.389130435e+00 
1.038576087e+00 1.340867440e+00 1.552173913e+00 
1.000000000e+00 1.120342089e+00 1.000000000e+00 
1.057384910e+00 1.205253513e+00 1.347101449e+00 
1.095748082e+00 1.290164936e+00 1.423429952e+00 
1.000000000e+00 1.172266341e+00 1.312077295e+00 
1.157608696e+00 1.315821625e+00 1.587198068e+00 
1.432065217e+00 1.613317043e+00 1.895169082e+00 
1.020620205e+00 1.318875993e+00 1.394685990e+00 
1.110773657e+00 1.141722663e+00 1.262318841e+00 
1.161125320e+00 1.202199145e+00 1.394685990e+00 
1.070332481e+00 1.012217471e+00 1.000000000e+00 
1.098625320e+00 1.294441051e+00 1.552173913e+00 
1.237212276e+00 1.223579719e+00 1.429710145e+00 
1.264066496e+00 1.191203421e+00 1.317149758e+00 
1.025415601e+00 1.290164936e+00 1.397584541e+00 
1.218670077e+00 1.028100183e+00 1.104830918e+00 
1.089514066e+00 1.119120342e+00 1.189613527e+00 
1.218670077e+00 1.000000000e+00 1.000000000e+00 
1.104859335e+00 1.110568112e+00 1.240096618e+00 
1.070332481e+00 1.034208919e+00 1.157487923e+00 

1.209931586e+00 1.558949297e+00 1.846618357e+00 
1.295556266e+00 1.632254123e+00 1.923671498e+00 
1.994884910e+00 1.706169823e+00 2.000000000e+00 
1.426843350e+00 1.973121564e+00 2.000000000e+00 
1.775575448e+00 1.736713500e+00 2.000000000e+00 
1.511828645e+00 1.829566280e+00 2.000000000e+00 
1.318414322e+00 1.496029322e+00 1.846618357e+00 
1.254955243e+00 1.537568723e+00 1.818840580e+00 
1.502557545e+00 1.843005498e+00 2.000000000e+00 
1.056905371e+00 1.419670128e+00 1.587198068e+00 
1.161018542e+00 1.581551619e+00 1.846618357e+00 
1.198049872e+00 1.423335370e+00 1.692028986e+00 
1.169330563e+00 1.464263897e+00 1.741787440e+00 
1.125639386e+00 1.427611484e+00 1.657004831e+00 
1.079177110e+00 1.435552841e+00 1.657004831e+00 
1.017263427e+00 1.321319487e+00 1.344202899e+00 
1.116421355e+00 1.496029322e+00 1.741787440e+00 
1.122602302e+00 1.425778864e+00 1.629227053e+00 
1.735294118e+00 1.489309713e+00 1.765458937e+00 
1.176470588e+00 1.449602932e+00 1.741787440e+00 
1.139066496e+00 1.401954795e+00 1.657004831e+00 
1.430519821e+00 1.954795357e+00 2.000000000e+00 
1.077099105e+00 1.481368357e+00 1.628502415e+00 
1.364290281e+00 1.390348198e+00 1.664251208e+00 
1.248294757e+00 1.643860721e+00 1.922946860e+00 
1.080296036e+00 1.431276726e+00 1.657004831e+00 
1.119565217e+00 1.417837508e+00 1.606521739e+00 
1.075820332e+00 1.433720220e+00 1.606521739e+00 
1.181585678e+00 1.447159438e+00 1.664251208e+00 
1.382512788e+00 1.492364081e+00 1.818115942e+00 
1.215952685e+00 1.443494197e+00 1.741787440e+00 
1.336796675e+00 1.282834453e+00 1.471739130e+00 
1.119298593e+00 1.491142334e+00 1.741787440e+00 
1.230978261e+00 1.406230910e+00 1.741787440e+00 
1.158141304e+00 1.586438607e+00 1.846618357e+00 
1.277813299e+00 1.401343922e+00 1.741787440e+00 
1.085198210e+00 1.320097740e+00 1.552173913e+00 
1.198049872e+00 1.291386683e+00 1.424154589e+00 
1.216911765e+00 1.557116677e+00 1.846618357e+00 
1.132725703e+00 1.465485644e+00 1.741787440e+00 
1.271579284e+00 1.500916310e+00 1.846618357e+00 
1.126918159e+00 1.410507025e+00 1.657004831e+00 
1.095960997e+00 1.373854612e+00 1.587198068e+00 
1.443254476e+00 1.907147221e+00 2.000000000e+00 
1.513267263e+00 1.770311546e+00 2.000000000e+00 
1.034100384e+00 1.343310935e+00 1.501690821e+00 
1.089726982e+00 1.574832010e+00 1.663526570e+00 
1.139226343e+00 1.389126451e+00 1.657004831e+00 
1.097826087e+00 1.312767257e+00 1.451932367e+00 
1.095748082e+00 1.290164936e+00 1.423429952e+00 
1.074701407e+00 1.437996335e+00 1.606521739e+00 
1.217231458e+00 1.284667074e+00 1.423429952e+00 
1.025415601e+00 1.290164936e+00 1.397584541e+00 
1.040441176e+00 1.279780086e+00 1.416908213e+00 
1.035166240e+00 1.264508247e+00 1.397584541e+00 
1.243446292e+00 1.394624313e+00 1.663526570e+00 
1.020620205e+00 1.318875993e+00 1.394685990e+00 
1.000000000e+00 1.172266341e+00 1.312077295e+00 
1.038576087e+00 1.340867440e+00 1.552173913e+00 
1.041719949e+00 1.262675626e+00 1.416908213e+00 
1.093829923e+00 1.293830177e+00 1.429710145e+00 
1.134324169e+00 1.458766035e+00 1.663526570e+00 
1.205083120e+00 1.287721442e+00 1.429710145e+00 
1.077845269e+00 1.327428222e+00 1.501690821e+00 
1.157608696e+00 1.315821625e+00 1.587198068e+00 
1.468989770e+00 1.852168601e+00 2.000000000e+00 
1.040601023e+00 1.266951741e+00 1.416908213e+00 
1.110773657e+00 1.141722663e+00 1.262318841e+00 
1.000000000e+00 1.120342089e+00 1.000000000e+00 
1.023976982e+00 1.303604154e+00 1.389130435e+00 
1.237212276e+00 1.223579719e+00 1.429710145e+00 
1.094309463e+00 1.165546732e+00 1.234541063e+00 
1.161125320e+00 1.202199145e+00 1.394685990e+00 
1.098625320e+00 1.294441051e+00 1.552173913e+00 
1.205083120e+00 1.309712889e+00 1.587198068e+00 
1.000000000e+00 1.142333537e+00 1.157487923e+00 
1.218670077e+00 1.028100183e+00 1.104830918e+00 
1.312020460e+00 1.283445327e+00 1.474637681e+00 
1.070332481e+00 1.034208919e+00 1.157487923e+00 
1.104859335e+00 1.110568112e+00 1.240096618e+00 
1.264066496e+00 1.191203421e+00 1.317149758e+00 
1.108908568e+00 1.202810018e+00 1.397584541e+00 
1.057384910e+00 1.205253513e+00 1.347101449e+00 
1.218670077e+00 1.000000000e+00 1.000000000e+00 
1.070332481e+00 1.012217471e+00 1.000000000e+00 
1.089514066e+00 1.119120342e+00 1.189613527e+00 

1.403452685e+00 1.653634698e+00 1.923671498e+00 
1.339034527e+00 1.738546121e+00 1.923671498e+00 
1.286338235e+00 1.691508858e+00 1.922946860e+00 
1.513746803e+00 1.648747709e+00 1.923671498e+00 
1.421515345e+00 1.871105681e+00 2.000000000e+00 
1.493606138e+00 1.791692120e+00 2.000000000e+00 
1.207693734e+00 1.549175321e+00 1.818115942e+00 
1.243446292e+00 1.394624313e+00 1.663526570e+00 
1.256926471e+00 1.710445938e+00 1.895169082e+00 
1.375000000e+00 1.695784973e+00 1.923671498e+00 
1.476342711e+00 1.823457544e+00 2.000000000e+00 
1.254955243e+00 1.537568723e+00 1.818840580e+00 
1.089247442e+00 1.580329872e+00 1.663526570e+00 
1.669757033e+00 1.708002443e+00 2.000000000e+00 
1.576726343e+00 1.388515577e+00 1.610869565e+00 
1.125639386e+00 1.427611484e+00 1.657004831e+00 
1.158141304e+00 1.586438607e+00 1.846618357e+00 
1.077099105e+00 1.481368357e+00 1.628502415e+00 
1.097346547e+00 1.527183873e+00 1.692028986e+00 
1.209931586e+00 1.558949297e+00 1.846618357e+00 
1.364290281e+00 1.390348198e+00 1.664251208e+00 
1.126918159e+00 1.410507025e+00 1.657004831e+00 
1.116421355e+00 1.496029322e+00 1.741787440e+00 
1.176470588e+00 1.449602932e+00 1.741787440e+00 
1.161018542e+00 1.581551619e+00 1.846618357e+00 
1.271419437e+00 1.513744655e+00 1.846618357e+00 
1.134324169e+00 1.458766035e+00 1.663526570e+00 
1.496962916e+00 1.512522908e+00 1.818840580e+00 
1.316176471e+00 1.486255345e+00 1.818115942e+00 
1.402813299e+00 1.654856445e+00 1.923671498e+00 
1.075820332e+00 1.433720220e+00 1.606521739e+00 
1.017263427e+00 1.321319487e+00 1.344202899e+00 
1.119298593e+00 1.491142334e+00 1.741787440e+00 
1.552109974e+00 1.733659133e+00 2.000000000e+00 
1.132725703e+00 1.465485644e+00 1.741787440e+00 
1.139066496e+00 1.401954795e+00 1.657004831e+00 
1.309942455e+00 1.654245571e+00 1.922946860e+00 
1.122602302e+00 1.425778864e+00 1.629227053e+00 
1.080296036e+00 1.431276726e+00 1.657004831e+00 
1.198049872e+00 1.423335370e+00 1.692028986e+00 
1.074701407e+00 1.437996335e+00 1.606521739e+00 
1.097826087e+00 1.312767257e+00 1.451932367e+00 
1.056905371e+00 1.419670128e+00 1.587198068e+00 
1.040441176e+00 1.279780086e+00 1.416908213e+00 
1.181585678e+00 1.447159438e+00 1.664251208e+00 
1.139226343e+00 1.389126451e+00 1.657004831e+00 
1.277813299e+00 1.401343922e+00 1.741787440e+00 
1.205083120e+00 1.309712889e+00 1.587198068e+00 
1.169330563e+00 1.464263897e+00 1.741787440e+00 
1.215952685e+00 1.443494197e+00 1.741787440e+00 
1.230978261e+00 1.406230910e+00 1.741787440e+00 
1.098625320e+00 1.294441051e+00 1.552173913e+00 
1.406489770e+00 1.623701894e+00 1.895169082e+00 
1.205083120e+00 1.287721442e+00 1.429710145e+00 
1.095748082e+00 1.290164936e+00 1.423429952e+00 
1.336796675e+00 1.282834453e+00 1.471739130e+00 
1.079177110e+00 1.435552841e+00 1.657004831e+00 
1.041719949e+00 1.262675626e+00 1.416908213e+00 
1.198049872e+00 1.291386683e+00 1.424154589e+00 
1.476822251e+00 1.801466097e+00 2.000000000e+00 
1.077845269e+00 1.327428222e+00 1.501690821e+00 
1.312020460e+00 1.283445327e+00 1.474637681e+00 
1.023976982e+00 1.303604154e+00 1.389130435e+00 
1.217231458e+00 1.284667074e+00 1.423429952e+00 
1.085198210e+00 1.320097740e+00 1.552173913e+00 
1.093829923e+00 1.293830177e+00 1.429710145e+00 
1.157608696e+00 1.315821625e+00 1.587198068e+00 
1.025415601e+00 1.290164936e+00 1.397584541e+00 
1.000000000e+00 1.172266341e+00 1.312077295e+00 
1.035166240e+00 1.264508247e+00 1.397584541e+00 
1.034100384e+00 1.343310935e+00 1.501690821e+00 
1.237212276e+00 1.223579719e+00 1.429710145e+00 
1.161125320e+00 1.202199145e+00 1.394685990e+00 
1.038576087e+00 1.340867440e+00 1.552173913e+00 
1.095960997e+00 1.373854612e+00 1.587198068e+00 
1.040601023e+00 1.266951741e+00 1.416908213e+00 
1.000000000e+00 1.120342089e+00 1.000000000e+00 
1.108908568e+00 1.202810018e+00 1.397584541e+00 
1.020620205e+00 1.318875993e+00 1.394685990e+00 
1.089567136e+00 1.576053757e+00 1.663526570e+00 
1.057384910e+00 1.205253513e+00 1.347101449e+00 
1.000000000e+00 1.142333537e+00 1.157487923e+00 
1.104859335e+00 1.110568112e+00 1.240096618e+00 
1.089514066e+00 1.119120342e+00 1.189613527e+00 
1.264066496e+00 1.191203421e+00 1.317149758e+00 
1.218670077e+00 1.028100183e+00 1.104830918e+00 
1.218670077e+00 1.000000000e+00 1.000000000e+00 
1.094309463e+00 1.165546732e+00 1.234541063e+00 
1.110773657e+00 1.141722663e+00 1.262318841e+00 
1.070332481e+00 1.012217471e+00 1.000000000e+00 
1.070332481e+00 1.034208919e+00 1.157487923e+00 

1.089247442e+00 1.580329872e+00 1.663526570e+00 
1.097346547e+00 1.527183873e+00 1.692028986e+00 
1.248294757e+00 1.643860721e+00 1.922946860e+00 
1.384590793e+00 1.640806353e+00 1.895169082e+00 
1.271579284e+00 1.500916310e+00 1.846618357e+00 
1.424445652e+00 1.803298717e+00 2.000000000e+00 
1.516144501e+00 1.623701894e+00 1.922946860e+00 
1.968670077e+00 1.719609041e+00 2.000000000e+00 
1.089726982e+00 1.574832010e+00 1.663526570e+00 
1.181585678e+00 1.447159438e+00 1.664251208e+00 
1.649456522e+00 1.480146610e+00 1.765458937e+00 
1.056905371e+00 1.419670128e+00 1.587198068e+00 
1.417199488e+00 1.623091020e+00 1.895169082e+00 
1.386828645e+00 1.650580330e+00 1.923671498e+00 
1.374893223e+00 1.836285889e+00 2.000000000e+00 
1.316176471e+00 1.486255345e+00 1.818115942e+00 
1.074701407e+00 1.437996335e+00 1.606521739e+00 
1.497122762e+00 1.480757483e+00 1.768357488e+00 
1.516783887e+00 1.601710446e+00 1.922946860e+00 
1.119565217e+00 1.417837508e+00 1.606521739e+00 
1.207693734e+00 1.549175321e+00 1.818115942e+00 
1.169330563e+00 1.464263897e+00 1.741787440e+00 
1.254955243e+00 1.537568723e+00 1.818840580e+00 
1.745364450e+00 1.738546121e+00 2.000000000e+00 
1.116421355e+00 1.496029322e+00 1.741787440e+00 
1.134324169e+00 1.458766035e+00 1.663526570e+00 
1.125639386e+00 1.427611484e+00 1.657004831e+00 
1.075820332e+00 1.433720220e+00 1.606521739e+00 
1.077099105e+00 1.481368357e+00 1.628502415e+00 
1.122602302e+00 1.425778864e+00 1.629227053e+00 
1.176470588e+00 1.449602932e+00 1.741787440e+00 
1.496962916e+00 1.630421503e+00 1.923671498e+00 
1.097826087e+00 1.312767257e+00 1.451932367e+00 
1.198049872e+00 1.423335370e+00 1.692028986e+00 
1.476023018e+00 1.794135614e+00 2.000000000e+00 
1.020620205e+00 1.318875993e+00 1.394685990e+00 
1.161018542e+00 1.581551619e+00 1.846618357e+00 
1.364290281e+00 1.390348198e+00 1.664251208e+00 
1.336796675e+00 1.282834453e+00 1.471739130e+00 
1.139226343e+00 1.389126451e+00 1.657004831e+00 
1.139066496e+00 1.401954795e+00 1.657004831e+00 
1.025415601e+00 1.290164936e+00 1.397584541e+00 
1.035166240e+00 1.264508247e+00 1.397584541e+00 
1.040601023e+00 1.266951741e+00 1.416908213e+00 
1.040441176e+00 1.279780086e+00 1.416908213e+00 
1.119298593e+00 1.491142334e+00 1.741787440e+00 
1.243446292e+00 1.394624313e+00 1.663526570e+00 
1.080296036e+00 1.431276726e+00 1.657004831e+00 
1.085198210e+00 1.320097740e+00 1.552173913e+00 
1.126918159e+00 1.410507025e+00 1.657004831e+00 
1.095748082e+00 1.290164936e+00 1.423429952e+00 
1.230978261e+00 1.406230910e+00 1.741787440e+00 
1.041719949e+00 1.262675626e+00 1.416908213e+00 
1.217231458e+00 1.284667074e+00 1.423429952e+00 
1.525735294e+00 1.770311546e+00 2.000000000e+00 
1.576726343e+00 1.388515577e+00 1.610869565e+00 
1.215952685e+00 1.443494197e+00 1.741787440e+00 
1.593670077e+00 1.764202810e+00 2.000000000e+00 
1.277813299e+00 1.401343922e+00 1.741787440e+00 
1.095960997e+00 1.373854612e+00 1.587198068e+00 
1.205083120e+00 1.309712889e+00 1.587198068e+00 
1.038576087e+00 1.340867440e+00 1.552173913e+00 
1.034100384e+00 1.343310935e+00 1.501690821e+00 
1.023976982e+00 1.303604154e+00 1.389130435e+00 
1.098625320e+00 1.294441051e+00 1.552173913e+00 
1.077845269e+00 1.327428222e+00 1.501690821e+00 
1.312020460e+00 1.283445327e+00 1.474637681e+00 
1.093829923e+00 1.293830177e+00 1.429710145e+00 
1.057384910e+00 1.205253513e+00 1.347101449e+00 
1.132725703e+00 1.465485644e+00 1.741787440e+00 
1.161125320e+00 1.202199145e+00 1.394685990e+00 
1.017263427e+00 1.321319487e+00 1.344202899e+00 
1.108908568e+00 1.202810018e+00 1.397584541e+00 
1.000000000e+00 1.172266341e+00 1.312077295e+00 
1.000000000e+00 1.142333537e+00 1.157487923e+00 
1.205083120e+00 1.287721442e+00 1.429710145e+00 
1.198049872e+00 1.291386683e+00 1.424154589e+00 
1.157608696e+00 1.315821625e+00 1.587198068e+00 
1.110773657e+00 1.141722663e+00 1.262318841e+00 
1.094309463e+00 1.165546732e+00 1.234541063e+00 
1.070332481e+00 1.012217471e+00 1.000000000e+00 
1.104859335e+00 1.110568112e+00 1.240096618e+00 
1.218670077e+00 1.028100183e+00 1.104830918e+00 
1.264066496e+00 1.191203421e+00 1.317149758e+00 
1.070332481e+00 1.034208919e+00 1.157487923e+00 
1.000000000e+00 1.120342089e+00 1.000000000e+00 
1.237212276e+00 1.223579719e+00 1.429710145e+00 
1.089514066e+00 1.119120342e+00 1.189613527e+00 
1.218670077e+00 1.000000000e+00 1.000000000e+00 

1.271419437e+00 1.513744655e+00 1.846618357e+00 
1.161018542e+00 1.581551619e+00 1.846618357e+00 
1.216911765e+00 1.557116677e+00 1.846618357e+00 
1.097346547e+00 1.527183873e+00 1.692028986e+00 
1.200447570e+00 1.580940745e+00 1.818840580e+00 
1.716112532e+00 1.486255345e+00 1.818115942e+00 
1.254955243e+00 1.537568723e+00 1.818840580e+00 
1.425031969e+00 1.748320098e+00 2.000000000e+00 
1.056905371e+00 1.419670128e+00 1.587198068e+00 
1.132725703e+00 1.465485644e+00 1.741787440e+00 
1.295556266e+00 1.632254123e+00 1.923671498e+00 
1.119565217e+00 1.417837508e+00 1.606521739e+00 
1.243446292e+00 1.394624313e+00 1.663526570e+00 
1.271579284e+00 1.500916310e+00 1.846618357e+00 
1.122602302e+00 1.425778864e+00 1.629227053e+00 
1.419117647e+00 1.895540623e+00 2.000000000e+00 
1.079177110e+00 1.435552841e+00 1.657004831e+00 
1.181585678e+00 1.447159438e+00 1.664251208e+00 
1.080882353e+00 1.551007941e+00 1.664251208e+00 
1.562659847e+00 1.734270006e+00 2.000000000e+00 
1.134324169e+00 1.458766035e+00 1.663526570e+00 
1.176470588e+00 1.449602932e+00 1.741787440e+00 
1.169330563e+00 1.464263897e+00 1.741787440e+00 
1.139226343e+00 1.389126451e+00 1.657004831e+00 
1.277813299e+00 1.401343922e+00 1.741787440e+00 
1.198049872e+00 1.423335370e+00 1.692028986e+00 
1.364290281e+00 1.390348198e+00 1.664251208e+00 
1.712915601e+00 1.492364081e+00 1.818115942e+00 
1.207693734e+00 1.549175321e+00 1.818115942e+00 
1.097826087e+00 1.312767257e+00 1.451932367e+00 
1.230978261e+00 1.406230910e+00 1.741787440e+00 
1.035166240e+00 1.264508247e+00 1.397584541e+00 
1.217231458e+00 1.284667074e+00 1.423429952e+00 
1.116421355e+00 1.496029322e+00 1.741787440e+00 
1.098625320e+00 1.294441051e+00 1.552173913e+00 
1.077845269e+00 1.327428222e+00 1.501690821e+00 
1.023976982e+00 1.303604154e+00 1.389130435e+00 
1.077099105e+00 1.481368357e+00 1.628502415e+00 
1.095748082e+00 1.290164936e+00 1.423429952e+00 
1.576726343e+00 1.388515577e+00 1.610869565e+00 
1.040601023e+00 1.266951741e+00 1.416908213e+00 
1.126918159e+00 1.410507025e+00 1.657004831e+00 
1.080296036e+00 1.431276726e+00 1.657004831e+00 
1.074701407e+00 1.437996335e+00 1.606521739e+00 
1.040441176e+00 1.279780086e+00 1.416908213e+00 
1.020620205e+00 1.318875993e+00 1.394685990e+00 
1.119298593e+00 1.491142334e+00 1.741787440e+00 
1.057384910e+00 1.205253513e+00 1.347101449e+00 
1.312020460e+00 1.283445327e+00 1.474637681e+00 
1.034100384e+00 1.343310935e+00 1.501690821e+00 
1.157608696e+00 1.315821625e+00 1.587198068e+00 
1.093829923e+00 1.293830177e+00 1.429710145e+00 
1.139066496e+00 1.401954795e+00 1.657004831e+00 
1.095960997e+00 1.373854612e+00 1.587198068e+00 
1.038576087e+00 1.340867440e+00 1.552173913e+00 
1.017263427e+00 1.321319487e+00 1.344202899e+00 
1.025415601e+00 1.290164936e+00 1.397584541e+00 
1.110773657e+00 1.141722663e+00 1.262318841e+00 
1.000000000e+00 1.172266341e+00 1.312077295e+00 
1.000000000e+00 1.142333537e+00 1.157487923e+00 
1.085198210e+00 1.320097740e+00 1.552173913e+00 
1.336796675e+00 1.282834453e+00 1.471739130e+00 
1.075820332e+00 1.433720220e+00 1.606521739e+00 
1.205083120e+00 1.287721442e+00 1.429710145e+00 
1.094309463e+00 1.165546732e+00 1.234541063e+00 
1.041719949e+00 1.262675626e+00 1.416908213e+00 
1.205083120e+00 1.309712889e+00 1.587198068e+00 
1.161125320e+00 1.202199145e+00 1.394685990e+00 
1.198049872e+00 1.291386683e+00 1.424154589e+00 
1.237212276e+00 1.223579719e+00 1.429710145e+00 
1.264066496e+00 1.191203421e+00 1.317149758e+00 
1.070332481e+00 1.012217471e+00 1.000000000e+00 
1.108908568e+00 1.202810018e+00 1.397584541e+00 
1.000000000e+00 1.120342089e+00 1.000000000e+00 
1.104859335e+00 1.110568112e+00 1.240096618e+00 
1.218670077e+00 1.000000000e+00 1.000000000e+00 
1.218670077e+00 1.028100183e+00 1.104830918e+00 
1.070332481e+00 1.034208919e+00 1.157487923e+00 
1.089514066e+00 1.119120342e+00 1.189613527e+00 

1.340313299e+00 1.913866830e+00 1.923671498e+00 
1.173326726e+00 1.560171045e+00 1.846618357e+00 
1.381553708e+00 1.633475870e+00 1.895169082e+00 
1.271579284e+00 1.500916310e+00 1.846618357e+00 
1.348785166e+00 1.748320098e+00 1.895169082e+00 
1.119565217e+00 1.417837508e+00 1.606521739e+00 
1.158141304e+00 1.586438607e+00 1.846618357e+00 
1.097346547e+00 1.527183873e+00 1.692028986e+00 
1.458120205e+00 1.679291387e+00 1.923671498e+00 
1.707800512e+00 1.497861943e+00 1.769082126e+00 
1.215952685e+00 1.443494197e+00 1.741787440e+00 
1.198049872e+00 1.423335370e+00 1.692028986e+00 
1.479219949e+00 1.676237019e+00 1.923671498e+00 
1.502717391e+00 1.494807575e+00 1.765458937e+00 
1.510390026e+00 1.489309713e+00 1.766183575e+00 
1.725063939e+00 1.496029322e+00 1.846618357e+00 
1.364290281e+00 1.390348198e+00 1.664251208e+00 
1.256393862e+00 1.551007941e+00 1.846618357e+00 
1.454283887e+00 1.817959682e+00 2.000000000e+00 
1.119298593e+00 1.491142334e+00 1.741787440e+00 
1.116421355e+00 1.496029322e+00 1.741787440e+00 
1.075820332e+00 1.433720220e+00 1.606521739e+00 
1.277813299e+00 1.401343922e+00 1.741787440e+00 
1.125639386e+00 1.427611484e+00 1.657004831e+00 
1.207693734e+00 1.549175321e+00 1.818115942e+00 
1.378356777e+00 1.718387294e+00 1.923671498e+00 
1.134324169e+00 1.458766035e+00 1.663526570e+00 
1.230978261e+00 1.406230910e+00 1.741787440e+00 
1.056905371e+00 1.419670128e+00 1.587198068e+00 
1.132725703e+00 1.465485644e+00 1.741787440e+00 
1.176470588e+00 1.449602932e+00 1.741787440e+00 
1.122602302e+00 1.425778864e+00 1.629227053e+00 
1.074701407e+00 1.437996335e+00 1.606521739e+00 
1.459718670e+00 1.663408674e+00 1.922946860e+00 
1.097826087e+00 1.312767257e+00 1.451932367e+00 
1.374893223e+00 1.836285889e+00 2.000000000e+00 
1.077845269e+00 1.327428222e+00 1.501690821e+00 
1.034100384e+00 1.343310935e+00 1.501690821e+00 
1.079177110e+00 1.435552841e+00 1.657004831e+00 
1.217231458e+00 1.284667074e+00 1.423429952e+00 
1.139226343e+00 1.389126451e+00 1.657004831e+00 
1.205083120e+00 1.309712889e+00 1.587198068e+00 
1.080296036e+00 1.431276726e+00 1.657004831e+00 
1.205083120e+00 1.287721442e+00 1.429710145e+00 
1.126918159e+00 1.410507025e+00 1.657004831e+00 
1.161018542e+00 1.581551619e+00 1.846618357e+00 
1.312020460e+00 1.283445327e+00 1.474637681e+00 
1.077099105e+00 1.481368357e+00 1.628502415e+00 
1.017263427e+00 1.321319487e+00 1.344202899e+00 
1.139066496e+00 1.401954795e+00 1.657004831e+00 
1.040601023e+00 1.266951741e+00 1.416908213e+00 
1.023976982e+00 1.303604154e+00 1.389130435e+00 
1.157608696e+00 1.315821625e+00 1.587198068e+00 
1.080882353e+00 1.551007941e+00 1.664251208e+00 
1.576726343e+00 1.388515577e+00 1.610869565e+00 
1.038576087e+00 1.340867440e+00 1.552173913e+00 
1.169330563e+00 1.464263897e+00 1.741787440e+00 
1.025415601e+00 1.290164936e+00 1.397584541e+00 
1.041719949e+00 1.262675626e+00 1.416908213e+00 
1.098625320e+00 1.294441051e+00 1.552173913e+00 
1.457640665e+00 1.730604765e+00 2.000000000e+00 
1.020620205e+00 1.318875993e+00 1.394685990e+00 
1.040441176e+00 1.279780086e+00 1.416908213e+00 
1.243446292e+00 1.394624313e+00 1.663526570e+00 
1.095960997e+00 1.373854612e+00 1.587198068e+00 
1.095748082e+00 1.290164936e+00 1.423429952e+00 
1.035166240e+00 1.264508247e+00 1.397584541e+00 
1.093829923e+00 1.293830177e+00 1.429710145e+00 
1.181585678e+00 1.447159438e+00 1.664251208e+00 
1.108908568e+00 1.202810018e+00 1.397584541e+00 
1.537404092e+00 1.620036652e+00 1.923671498e+00 
1.085198210e+00 1.320097740e+00 1.552173913e+00 
1.237212276e+00 1.223579719e+00 1.429710145e+00 
1.161125320e+00 1.202199145e+00 1.394685990e+00 
1.336796675e+00 1.282834453e+00 1.471739130e+00 
1.198049872e+00 1.291386683e+00 1.424154589e+00 
1.000000000e+00 1.172266341e+00 1.312077295e+00 
1.264066496e+00 1.191203421e+00 1.317149758e+00 
1.000000000e+00 1.120342089e+00 1.000000000e+00 
1.057384910e+00 1.205253513e+00 1.347101449e+00 
1.070332481e+00 1.034208919e+00 1.157487923e+00 
1.110773657e+00 1.141722663e+00 1.262318841e+00 
1.104859335e+00 1.110568112e+00 1.240096618e+00 
1.089514066e+00 1.119120342e+00 1.189613527e+00 
1.000000000e+00 1.142333537e+00 1.157487923e+00 
1.070332481e+00 1.012217471e+00 1.000000000e+00 
1.218670077e+00 1.000000000e+00 1.000000000e+00 
1.094309463e+00 1.165546732e+00 1.234541063e+00 
1.218670077e+00 1.028100183e+00 1.104830918e+00 

1.209931586e+00 1.558949297e+00 1.846618357e+00 
1.181585678e+00 1.447159438e+00 1.664251208e+00 
1.489130435e+00 1.651802077e+00 1.922946860e+00 
1.316176471e+00 1.486255345e+00 1.818115942e+00 
1.408088235e+00 1.679902260e+00 1.922946860e+00 
1.056905371e+00 1.419670128e+00 1.587198068e+00 
1.358216113e+00 1.538179597e+00 1.846618357e+00 
1.457480818e+00 1.677458766e+00 1.923671498e+00 
1.724424552e+00 1.508857666e+00 1.846618357e+00 
1.593829923e+00 1.652412951e+00 1.923671498e+00 
1.089726982e+00 1.574832010e+00 1.663526570e+00 
1.158141304e+00 1.586438607e+00 1.846618357e+00 
1.125639386e+00 1.427611484e+00 1.657004831e+00 
1.423593350e+00 1.685400122e+00 1.923671498e+00 
1.114183504e+00 1.538179597e+00 1.689130435e+00 
1.482416880e+00 1.852779475e+00 2.000000000e+00 
1.122602302e+00 1.425778864e+00 1.629227053e+00 
1.089567136e+00 1.576053757e+00 1.663526570e+00 
1.243446292e+00 1.394624313e+00 1.663526570e+00 
1.479219949e+00 1.914477703e+00 2.000000000e+00 
1.546195652e+00 1.791692120e+00 2.000000000e+00 
1.077099105e+00 1.481368357e+00 1.628502415e+00 
1.126918159e+00 1.410507025e+00 1.657004831e+00 
1.378836317e+00 1.523518632e+00 1.846618357e+00 
1.075820332e+00 1.433720220e+00 1.606521739e+00 
1.778772379e+00 1.720830788e+00 2.000000000e+00 
1.830562660e+00 1.637141112e+00 1.922946860e+00 
1.215952685e+00 1.443494197e+00 1.741787440e+00 
1.455562660e+00 1.660965180e+00 1.922946860e+00 
1.301790281e+00 1.532681735e+00 1.818840580e+00 
1.618446292e+00 1.648136836e+00 1.922946860e+00 
1.119565217e+00 1.417837508e+00 1.606521739e+00 
1.441336317e+00 1.662797801e+00 1.922946860e+00 
1.356297954e+00 1.544288332e+00 1.846618357e+00 
1.568893862e+00 1.769089798e+00 2.000000000e+00 
1.269501279e+00 1.546731827e+00 1.818115942e+00 
1.116421355e+00 1.496029322e+00 1.741787440e+00 
1.593510230e+00 1.635308491e+00 1.895169082e+00 
1.576726343e+00 1.388515577e+00 1.610869565e+00 
1.277813299e+00 1.401343922e+00 1.741787440e+00 
1.217231458e+00 1.284667074e+00 1.423429952e+00 
1.405530691e+00 1.807574832e+00 1.923671498e+00 
1.447890026e+00 1.639584606e+00 1.895169082e+00 
1.038576087e+00 1.340867440e+00 1.552173913e+00 
1.825447570e+00 1.638362859e+00 1.923671498e+00 
1.074701407e+00 1.437996335e+00 1.606521739e+00 
1.309622762e+00 1.548564447e+00 1.846618357e+00 
1.139226343e+00 1.389126451e+00 1.657004831e+00 
1.364290281e+00 1.390348198e+00 1.664251208e+00 
1.312020460e+00 1.283445327e+00 1.474637681e+00 
1.357097187e+00 1.542455712e+00 1.846618357e+00 
1.079177110e+00 1.435552841e+00 1.657004831e+00 
1.477781330e+00 1.519242517e+00 1.818840580e+00 
1.017263427e+00 1.321319487e+00 1.344202899e+00 
1.041719949e+00 1.262675626e+00 1.416908213e+00 
1.080296036e+00 1.431276726e+00 1.657004831e+00 
1.097826087e+00 1.312767257e+00 1.451932367e+00 
1.119298593e+00 1.491142334e+00 1.741787440e+00 
1.198049872e+00 1.423335370e+00 1.692028986e+00 
1.139066496e+00 1.401954795e+00 1.657004831e+00 
1.169330563e+00 1.464263897e+00 1.741787440e+00 
1.611093350e+00 1.629199756e+00 1.895169082e+00 
1.034100384e+00 1.343310935e+00 1.501690821e+00 
1.095960997e+00 1.373854612e+00 1.587198068e+00 
1.040441176e+00 1.279780086e+00 1.416908213e+00 
1.874680307e+00 1.599877825e+00 1.922946860e+00 
1.132725703e+00 1.465485644e+00 1.741787440e+00 
1.401374680e+00 1.712889432e+00 1.922946860e+00 
1.205083120e+00 1.309712889e+00 1.587198068e+00 
1.479859335e+00 1.660354307e+00 1.923671498e+00 
1.176470588e+00 1.449602932e+00 1.741787440e+00 
1.205083120e+00 1.287721442e+00 1.429710145e+00 
1.098625320e+00 1.294441051e+00 1.552173913e+00 
1.025415601e+00 1.290164936e+00 1.397584541e+00 
1.336796675e+00 1.282834453e+00 1.471739130e+00 
1.085198210e+00 1.320097740e+00 1.552173913e+00 
1.230978261e+00 1.406230910e+00 1.741787440e+00 
1.157608696e+00 1.315821625e+00 1.587198068e+00 
1.000000000e+00 1.172266341e+00 1.312077295e+00 
1.040601023e+00 1.266951741e+00 1.416908213e+00 
1.198049872e+00 1.291386683e+00 1.424154589e+00 
1.077845269e+00 1.327428222e+00 1.501690821e+00 
1.094309463e+00 1.165546732e+00 1.234541063e+00 
1.173326726e+00 1.560171045e+00 1.846618357e+00 
1.035166240e+00 1.264508247e+00 1.397584541e+00 
1.023976982e+00 1.303604154e+00 1.389130435e+00 
1.095748082e+00 1.290164936e+00 1.423429952e+00 
1.161125320e+00 1.202199145e+00 1.394685990e+00 
1.108908568e+00 1.202810018e+00 1.397584541e+00 
1.093829923e+00 1.293830177e+00 1.429710145e+00 
1.110773657e+00 1.141722663e+00 1.262318841e+00 
1.020620205e+00 1.318875993e+00 1.394685990e+00 
1.057384910e+00 1.205253513e+00 1.347101449e+00 
1.104859335e+00 1.110568112e+00 1.240096618e+00 
1.237212276e+00 1.223579719e+00 1.429710145e+00 
1.264066496e+00 1.191203421e+00 1.317149758e+00 
1.070332481e+00 1.034208919e+00 1.157487923e+00 
1.218670077e+00 1.000000000e+00 1.000000000e+00 
1.070332481e+00 1.012217471e+00 1.000000000e+00 
1.000000000e+00 1.142333537e+00 1.157487923e+00 
1.089514066e+00 1.119120342e+00 1.189613527e+00 
1.218670077e+00 1.028100183e+00 1.104830918e+00 
1.000000000e+00 1.120342089e+00 1.000000000e+00 

1.114343350e+00 1.574221136e+00 1.682850242e+00 
1.649456522e+00 1.480146610e+00 1.765458937e+00 
1.198102941e+00 1.612706170e+00 1.818840580e+00 
1.654092072e+00 1.618814905e+00 1.922946860e+00 
1.320812020e+00 1.662186927e+00 1.923671498e+00 
1.259164322e+00 1.720219914e+00 1.923671498e+00 
1.488491049e+00 1.854612095e+00 2.000000000e+00 
1.888107417e+00 1.783750764e+00 2.000000000e+00 
1.510390026e+00 1.489309713e+00 1.766183575e+00 
1.271419437e+00 1.513744655e+00 1.846618357e+00 
1.080296036e+00 1.431276726e+00 1.657004831e+00 
1.576726343e+00 1.388515577e+00 1.610869565e+00 
1.878516624e+00 1.580940745e+00 1.922946860e+00 
1.640185422e+00 1.791081246e+00 2.000000000e+00 
1.320652174e+00 1.675015272e+00 1.923671498e+00 
1.254315857e+00 1.528405620e+00 1.818115942e+00 
1.318414322e+00 1.496029322e+00 1.846618357e+00 
1.207693734e+00 1.549175321e+00 1.818115942e+00 
1.903452685e+00 1.782529016e+00 2.000000000e+00 
1.502717391e+00 1.494807575e+00 1.765458937e+00 
1.075820332e+00 1.433720220e+00 1.606521739e+00 
1.119565217e+00 1.417837508e+00 1.606521739e+00 
1.139066496e+00 1.401954795e+00 1.657004831e+00 
1.340153453e+00 1.617593158e+00 1.895169082e+00 
1.543957801e+00 1.848503360e+00 2.000000000e+00 
1.516304348e+00 1.623091020e+00 1.923671498e+00 
1.080882353e+00 1.551007941e+00 1.664251208e+00 
1.243446292e+00 1.394624313e+00 1.663526570e+00 
1.176470588e+00 1.449602932e+00 1.741787440e+00 
1.025415601e+00 1.290164936e+00 1.397584541e+00 
1.277813299e+00 1.401343922e+00 1.741787440e+00 
1.684942455e+00 1.787416005e+00 2.000000000e+00 
1.171248721e+00 1.605986561e+00 1.818115942e+00 
1.116421355e+00 1.496029322e+00 1.741787440e+00 
1.209931586e+00 1.558949297e+00 1.846618357e+00 
1.125639386e+00 1.427611484e+00 1.657004831e+00 
1.215952685e+00 1.443494197e+00 1.741787440e+00 
1.139226343e+00 1.389126451e+00 1.657004831e+00 
1.079177110e+00 1.435552841e+00 1.657004831e+00 
1.069266624e+00 1.435552841e+00 1.587198068e+00 
1.126918159e+00 1.410507025e+00 1.657004831e+00 
1.364290281e+00 1.390348198e+00 1.664251208e+00 
1.230978261e+00 1.406230910e+00 1.741787440e+00 
1.198049872e+00 1.423335370e+00 1.692028986e+00 
1.283887468e+00 1.502138057e+00 1.768357488e+00 
1.095748082e+00 1.290164936e+00 1.423429952e+00 
1.023976982e+00 1.303604154e+00 1.389130435e+00 
1.093829923e+00 1.293830177e+00 1.429710145e+00 
1.217231458e+00 1.284667074e+00 1.423429952e+00 
1.077845269e+00 1.327428222e+00 1.501690821e+00 
1.312020460e+00 1.283445327e+00 1.474637681e+00 
1.077099105e+00 1.481368357e+00 1.628502415e+00 
1.040601023e+00 1.266951741e+00 1.416908213e+00 
1.119298593e+00 1.491142334e+00 1.741787440e+00 
1.074701407e+00 1.437996335e+00 1.606521739e+00 
1.017263427e+00 1.321319487e+00 1.344202899e+00 
1.336796675e+00 1.282834453e+00 1.471739130e+00 
1.169330563e+00 1.464263897e+00 1.741787440e+00 
1.487851662e+00 1.944410507e+00 2.000000000e+00 
1.095960997e+00 1.373854612e+00 1.587198068e+00 
1.035166240e+00 1.264508247e+00 1.397584541e+00 
1.157608696e+00 1.315821625e+00 1.587198068e+00 
1.134324169e+00 1.458766035e+00 1.663526570e+00 
1.132725703e+00 1.465485644e+00 1.741787440e+00 
1.038576087e+00 1.340867440e+00 1.552173913e+00 
1.041719949e+00 1.262675626e+00 1.416908213e+00 
1.512787724e+00 1.639584606e+00 1.923671498e+00 
1.294757033e+00 1.635919365e+00 1.922946860e+00 
1.205083120e+00 1.287721442e+00 1.429710145e+00 
1.097826087e+00 1.312767257e+00 1.451932367e+00 
1.000000000e+00 1.142333537e+00 1.157487923e+00 
1.576406650e+00 1.829566280e+00 2.000000000e+00 
1.098625320e+00 1.294441051e+00 1.552173913e+00 
1.108908568e+00 1.202810018e+00 1.397584541e+00 
1.205083120e+00 1.309712889e+00 1.587198068e+00 
1.085198210e+00 1.320097740e+00 1.552173913e+00 
1.034100384e+00 1.343310935e+00 1.501690821e+00 
1.198049872e+00 1.291386683e+00 1.424154589e+00 
1.059515985e+00 1.461209530e+00 1.587198068e+00 
1.161125320e+00 1.202199145e+00 1.394685990e+00 
1.020620205e+00 1.318875993e+00 1.394685990e+00 
1.000000000e+00 1.120342089e+00 1.000000000e+00 
1.040441176e+00 1.279780086e+00 1.416908213e+00 
1.000000000e+00 1.172266341e+00 1.312077295e+00 
1.094309463e+00 1.165546732e+00 1.234541063e+00 
1.264066496e+00 1.191203421e+00 1.317149758e+00 
1.110773657e+00 1.141722663e+00 1.262318841e+00 
1.070332481e+00 1.034208919e+00 1.157487923e+00 
1.057384910e+00 1.205253513e+00 1.347101449e+00 
1.104859335e+00 1.110568112e+00 1.240096618e+00 
1.089514066e+00 1.119120342e+00 1.189613527e+00 
1.237212276e+00 1.223579719e+00 1.429710145e+00 
1.218670077e+00 1.000000000e+00 1.000000000e+00 
1.070332481e+00 1.012217471e+00 1.000000000e+00 
1.218670077e+00 1.028100183e+00 1.104830918e+00 

1.056905371e+00 1.419670128e+00 1.587198068e+00 
1.507992327e+00 1.678069640e+00 1.923671498e+00 
1.216911765e+00 1.557116677e+00 1.846618357e+00 
1.513746803e+00 1.648747709e+00 1.923671498e+00 
1.254955243e+00 1.537568723e+00 1.818840580e+00 
1.372602302e+00 1.779474649e+00 1.923671498e+00 
1.125639386e+00 1.427611484e+00 1.657004831e+00 
1.318414322e+00 1.496029322e+00 1.846618357e+00 
1.427429668e+00 1.700671961e+00 1.923671498e+00 
1.537404092e+00 1.620036652e+00 1.923671498e+00 
1.254315857e+00 1.528405620e+00 1.818115942e+00 
1.649456522e+00 1.480146610e+00 1.765458937e+00 
1.535166240e+00 1.631643250e+00 1.923671498e+00 
1.271579284e+00 1.500916310e+00 1.846618357e+00 
1.361466113e+00 1.645082468e+00 1.922946860e+00 
1.181585678e+00 1.447159438e+00 1.664251208e+00 
1.169330563e+00 1.464263897e+00 1.741787440e+00 
1.425191816e+00 1.718387294e+00 1.923671498e+00 
1.389386189e+00 1.843005498e+00 2.000000000e+00 
1.119298593e+00 1.491142334e+00 1.741787440e+00 
1.471067775e+00 1.782529016e+00 2.000000000e+00 
1.428708440e+00 1.683567502e+00 1.923671498e+00 
1.217231458e+00 1.284667074e+00 1.423429952e+00 
1.277813299e+00 1.401343922e+00 1.741787440e+00 
1.497122762e+00 1.480757483e+00 1.768357488e+00 
1.132725703e+00 1.465485644e+00 1.741787440e+00 
1.243446292e+00 1.394624313e+00 1.663526570e+00 
1.171248721e+00 1.605986561e+00 1.818115942e+00 
1.020620205e+00 1.318875993e+00 1.394685990e+00 
1.215952685e+00 1.443494197e+00 1.741787440e+00 
1.075820332e+00 1.433720220e+00 1.606521739e+00 
1.119565217e+00 1.417837508e+00 1.606521739e+00 
1.122602302e+00 1.425778864e+00 1.629227053e+00 
1.139066496e+00 1.401954795e+00 1.657004831e+00 
1.134324169e+00 1.458766035e+00 1.663526570e+00 
1.316176471e+00 1.706169823e+00 1.922946860e+00 
1.176470588e+00 1.449602932e+00 1.741787440e+00 
1.576726343e+00 1.388515577e+00 1.610869565e+00 
1.080296036e+00 1.431276726e+00 1.657004831e+00 
1.139226343e+00 1.389126451e+00 1.657004831e+00 
1.230978261e+00 1.406230910e+00 1.741787440e+00 
1.652173913e+00 1.745876604e+00 2.000000000e+00 
1.074701407e+00 1.437996335e+00 1.606521739e+00 
1.173326726e+00 1.560171045e+00 1.846618357e+00 
1.458120205e+00 1.679291387e+00 1.923671498e+00 
1.976342711e+00 1.732437385e+00 2.000000000e+00 
1.095748082e+00 1.290164936e+00 1.423429952e+00 
1.023976982e+00 1.303604154e+00 1.389130435e+00 
1.126918159e+00 1.410507025e+00 1.657004831e+00 
1.315750000e+00 1.853390348e+00 1.895169082e+00 
1.364290281e+00 1.390348198e+00 1.664251208e+00 
1.157608696e+00 1.315821625e+00 1.587198068e+00 
1.035166240e+00 1.264508247e+00 1.397584541e+00 
1.079177110e+00 1.435552841e+00 1.657004831e+00 
1.034100384e+00 1.343310935e+00 1.501690821e+00 
1.085198210e+00 1.320097740e+00 1.552173913e+00 
1.229060102e+00 1.441050703e+00 1.664251208e+00 
1.205083120e+00 1.287721442e+00 1.429710145e+00 
1.098625320e+00 1.294441051e+00 1.552173913e+00 
1.040601023e+00 1.266951741e+00 1.416908213e+00 
1.198049872e+00 1.291386683e+00 1.424154589e+00 
1.336796675e+00 1.282834453e+00 1.471739130e+00 
1.017263427e+00 1.321319487e+00 1.344202899e+00 
1.077845269e+00 1.327428222e+00 1.501690821e+00 
1.362531969e+00 1.913866830e+00 1.923671498e+00 
1.000000000e+00 1.142333537e+00 1.157487923e+00 
1.038576087e+00 1.340867440e+00 1.552173913e+00 
1.040441176e+00 1.279780086e+00 1.416908213e+00 
1.116421355e+00 1.496029322e+00 1.741787440e+00 
1.093829923e+00 1.293830177e+00 1.429710145e+00 
1.094309463e+00 1.165546732e+00 1.234541063e+00 
1.095960997e+00 1.373854612e+00 1.587198068e+00 
1.041719949e+00 1.262675626e+00 1.416908213e+00 
1.000000000e+00 1.172266341e+00 1.312077295e+00 
1.057384910e+00 1.205253513e+00 1.347101449e+00 
1.108908568e+00 1.202810018e+00 1.397584541e+00 
1.025415601e+00 1.290164936e+00 1.397584541e+00 
1.000000000e+00 1.120342089e+00 1.000000000e+00 
1.097826087e+00 1.312767257e+00 1.451932367e+00 
1.312020460e+00 1.283445327e+00 1.474637681e+00 
1.205083120e+00 1.309712889e+00 1.587198068e+00 
1.218670077e+00 1.028100183e+00 1.104830918e+00 
1.070332481e+00 1.034208919e+00 1.157487923e+00 
1.264066496e+00 1.191203421e+00 1.317149758e+00 
1.161125320e+00 1.202199145e+00 1.394685990e+00 
1.237212276e+00 1.223579719e+00 1.429710145e+00 
1.070332481e+00 1.012217471e+00 1.000000000e+00 
1.218670077e+00 1.000000000e+00 1.000000000e+00 
1.110773657e+00 1.141722663e+00 1.262318841e+00 
1.077099105e+00 1.481368357e+00 1.628502415e+00 
1.104859335e+00 1.110568112e+00 1.240096618e+00 
1.089514066e+00 1.119120342e+00 1.189613527e+00 
