1487.67 3461 11709
213 336 901
214 540 1280
236 643 2233
1999.17 4084 13065
2527 5911 17149
152 281 0
199.667 490 1271
2370.67 6269 16601
216 486 976
237 578 1837
237 621 2247
199.667 447 861
216 529 1386
225 418 1418
351 456 1754
2088.5 6182 16101
262 516 1862
279.5 503 1854
152 324 410
283.667 649 2815
237 270 0
720.5 2214 9200
237 295 953
363.667 865 3791
249 695 2256
261.333 678 2339
329.667 922 4007
648.5 1996 8720
773 2228 9346
461 1018 4872
237 611 2072
308.5 602 2529
977.5 2721 10267
376.167 1066 4883
246 473 1702
231.667 585 1702
2921.67 7239 17201
4071.5 8608 20907
302.5 615 2655
243.5 462 1587
385 911 4547
313.667 940 3758
343 436 1628
352.667 1074 4734
2095.5 3191 11575
516 611 2790
233 636 2213
413.5 917 4567
233 593 1803
250.667 686 2305
237 568 1662
397.5 880 3916
272 770 3189
251 678 2328
228.667 621 1997
231.667 628 2112
437.5 1052 5222
2500 5232 16188
400 477 1814
224.667 597 1903
369 373 984
266.667 777 3054
355.667 873 3791
272 760 3014
275 625 2755
572.167 1826 7656
531.667 1347 6513
275.667 828 3198
296.667 758 3708
341.667 1055 4642
618.167 1835 8135
224.667 554 1493
492 552 1960
503.667 1339 6450
3657.83 6737 18520
453 519 1929
422.667 1101 5537
315.333 930 3956
501.167 1325 6401
628 701 2913
304.667 696 2821
259.667 746 2845
488.167 1279 6022
516 601 2615
376.667 965 4652
555 644 2821
604.833 1931 8258
2159.83 4239 13870
280.667 837 3204
275 563 2087
342.667 935 4578
464.5 1412 6581
1953.17 4256 13580
289.333 751 3481
331.667 899 4383
228.667 578 1587
359.667 951 4592
961.667 2299 9679
1279 3139 11415
527 641 2807
479 587 2446
257 460 1570
461 588 2498
701.5 1709 7917
317.667 805 3714
616 776 3732
649 1671 7656
1932.67 3013 11525
739.5 1907 8721
565.333 1587 7343
263.333 607 2456
245 478 1627
258 737 2572
2141 2801 10946
1229.17 3568 11403
272 717 2604
1719.83 4607 14479
1679 4351 13979
293 886 3514
394.667 1100 5534
3342.33 6407 18136
1602.5 2709 10431
526.5 1226 5907
1627.67 2746 10631
553 684 2871
2272 4220 14574
1356.5 2908 11306
450.667 1524 6556
3663.67 7866 20202
901 1690 7999
272 727 2779
1669.17 3907 12782
247 265 0
525 1616 7317
1488.83 4297 13113
259.667 703 2435
3330.67 6531 17871
266.667 734 2644
457 1051 4852
1677.5 4149 13494
1446.17 3583 12083
3077.5 5000 15933
532 829 3791
516.5 1573 6979
2108.5 3325 12389
264.833 598 2296
5350 7930 21530
1320.83 3622 12280
389 1038 4733
1581.5 4426 13778
398.333 1307 5922
355.667 977 4667
566.667 1443 6987
642.167 1595 7449
508 817 3749
1117 2447 10025
4268.5 6695 19467
412 1199 5580
1647.83 4591 14260
631.167 2040 8736
2086.5 3201 11781
462.333 1364 6458
3646.17 5417 16797
1741 2962 11504
593.667 1963 8224
586.5 1858 7753
570 866 3832
562.167 1461 6940
2648.33 4400 14663
519.833 1609 7022
465.333 1548 6858
607.5 1902 7872
399 1202 5842
677.167 1736 8124
2352.17 3528 12422
1872.5 3338 11572
1709.83 3141 11536
1523.83 4438 13788
668 1771 7716
1498.83 4289 13318
2924.5 5152 16470
847.167 2172 9521
463.333 1289 6103
4716 7385 20492
457.667 1309 6321
1440.5 4191 12694
523.167 1653 7298
1764 2416 9810
1488.17 4231 12919
386 892 3910
679 892 4057
414.667 1064 4742
1653.5 2821 11232
1123 2552 10094
4284.83 8427 20796
2150.33 3602 13081
2156.83 3098 11929
2222 2950 11418
4398 7725 20480
297 756 3556
368.667 982 4684
4826.5 6380 18514
334.667 898 4509
381 1065 5379
4479.83 8077 20732
1847.67 4435 14231
1701.5 2769 10782
327.667 963 4082
991.833 2705 9881
2376.17 6211 16776
1624.17 3623 12291
1654.17 3917 13000
375.667 1243 5893
638.833 2087 8983
3261.83 7931 19750
642 1831 8221
338.167 844 3774
715 1264 6332
415 514 1912
324 444 1476
596.167 1916 7987
4654.5 8870 22609
437 586 2429
885.167 2137 9161
739 1484 7316
4978 7999 21530
834.667 2365 9603
290.5 595 2256
4823.5 7878 21247
340 748 3548
367.333 1136 5038
318.667 1009 4157
283.5 606 2595
313 951 4076
592.5 1920 8113
330.667 1003 4145
2219.17 4804 15698
304 943 4062
1015.33 2248 9745
565.333 1637 7580
566.667 1488 7188
3034 4610 15339
4823.5 7846 20843
457.667 1458 6700
5015 7643 20678
402.5 869 4042
447.667 1404 6525
644.5 1504 7223
574.667 1451 7004
276.5 560 2219
1742.83 2563 10773
3355 4982 16223
534.833 1709 7613
1513.5 4357 13639
572.5 1837 7724
5633 7533 21247
3506 5053 16238
606.667 1944 8677
1477.5 4156 12807
5236.5 7807 21386
3221 4723 15353
662.5 2165 9147
4166 7497 20459
329 736 2894
1476.33 4331 13277
5484 7367 20775
385.5 878 3847
4390.17 7843 20707
282.5 510 1885
375.5 781 3722
333 702 3172
3169 4764 15431
537.333 1507 7084
5902.17 7818 21643
588 1844 7735
412 838 3814
1070 2965 10688
1105.17 2852 10309
418.333 1284 5939
4689 6399 17553
415.667 1014 4775
344 689 2861
744 1473 7365
1363.17 3910 12618
3436.5 6799 20051
459.667 1426 6755
1551.5 4274 13088
447 1327 6226
785 1401 7268
1233.83 3280 11468
365.667 1152 5087
1674 4773 15611
426.833 1268 6014
5382 8090 21965
4605.17 8109 22491
2864.17 4118 13728
5304 8019 21897
3335.5 5194 16697
5006.5 7730 21303
5765 7583 21553
327.333 1080 4998
370.333 1078 5284
544 1269 6209
382.333 1100 5514
2572.67 5170 16636
523 1275 6382
1759.5 3536 11934
2731 4433 15205
2266.33 6237 16536
5353 7251 20498
644.5 1459 7022
259.333 757 2759
5389.5 8036 22081
417.667 1063 4868
259.333 800 3169
3207 4024 13364
1414.17 2482 10135
1605.67 3638 12300
5673 7441 21276
1267 2439 9874
3138 6635 18043
3252.83 5778 17394
437.667 1298 6154
345 1128 5004
503.5 1517 6956
494 633 2759
2160.17 4443 14265
1057.67 2634 10120
301 342 959
1734.5 2471 10707
5375.5 7536 21156
380.667 1214 5471
1507.67 4481 13345
516 1163 5620
5261 7602 21247
2104.5 3618 12291
423.833 1186 5580
459 1350 6456
2359 3848 13097
710.667 1965 8685
1353.17 3586 11607
3984.33 6704 19031
2670 4132 13411
4203.17 6653 18514
632 1521 7358
407 897 4047
508.167 1308 6175
4722.5 8320 22747
471.167 1440 6907
5372.5 7538 20571
4964.67 7108 20234
1313.17 3699 12599


152 281 0
225 418 1418
152 324 410
262 516 1862
193.333 466 952
283.667 649 2815
247 265 0
199.667 447 861
308.333 680 2846
249 695 2256
237 270 0
275 563 2087
231 607 1905
257 460 1570
273 648 2379
329 408 1010
296.667 758 3708
275 625 2755
233 636 2213
276.5 560 2219
333 702 3172
340 748 3548
237 295 953
193.333 423 542
231 564 1495
283.5 606 2595
351 456 1754
342.5 741 3289
297.333 925 3734
385 446 1495
334.667 898 4509
199.667 490 1271
273.5 609 2405
286 600 2336
233 593 1803
250.667 686 2305
2752.5 4768 15722
228.667 621 1997
399.5 897 4090
418 691 2904
348.5 527 1920
318.667 1009 4157
275.667 828 3198
381 660 2873
262.667 805 2856
216 486 976
400 477 1814
367.333 1070 5235
3545.33 7929 17863
297 756 3556
329.667 928 4282
289.333 751 3481
321.333 789 3739
499 642 2756
216 529 1386
237 578 1837
353 412 1254
261.333 678 2339
547.5 1019 4833
264.833 598 2296
301 342 959
228.667 578 1587
453 519 1929
427 1219 5643
306.667 940 3751
342.667 868 3774
304.667 696 2821
396 496 1760
355.667 977 4667
2988 6422 17036
1818 3726 13236
4232.5 9281 19973
415 514 1912
231.667 585 1702
231.667 628 2112
317.667 805 3714
3695.83 6203 17126
345 459 1685
479 587 2446
3871.33 8122 19832
677 837 3766
3956.33 6496 17650
224.667 554 1493
237 621 2247
357 454 1495
516 611 2790
694 830 3749
313 951 4076
254.667 754 2623
251 678 2328
272 770 3189
327.667 963 4082
1399 3313 11785
224.667 597 1903
280.667 837 3204
1537.67 4058 13853
4325.17 8247 20332
3922.83 7665 19211
266.667 777 3054
514.667 1354 6544
511 962 4741
272 727 2779
266.667 734 2644
259.667 703 2435
378 996 4692
397.667 1342 5845
259.667 746 2845
335.333 1081 4535
350 1133 4958
5440.5 8055 19572
616 776 3732
295.333 954 3930
352.667 1100 4618
332.333 922 4440
1400.67 3279 12296
349.333 859 3822
564.667 1412 6555
489.333 1480 6736
3557.83 7463 18609
214 540 1280
343 1163 4817
4408 8957 21944
633.167 1686 7597
236 643 2233
5295 8843 20588
3938.67 6554 18241
458.333 1324 6352
419 1157 5626
2984.5 7574 17367
458.333 1343 6444
1420.67 3386 12586
734 865 3830
2476.17 4851 15213
3521.33 6386 17090
2916.33 5793 16816
3718.5 6417 17265
1065.5 2739 11202
1378.33 3211 11710
3374.5 6591 17729
416.667 1179 5632
477.5 1341 6410
433.333 1268 6338
370.333 951 4683
953.333 2363 9925
626 1201 5683
361 948 4669
402.5 869 4042
213 336 901
246 473 1702
3037.33 6423 17531
3120.5 5448 16545
2317.5 5909 15400
503 1527 7136
504 1468 6981
279.5 503 1854
353.333 1111 4869
243.5 462 1587
302.5 615 2655
1012.5 2244 9754
304 943 4062
555 1835 7469
565 1640 7477
413.667 1237 6105
335.667 1131 4731
369 373 984
2814.67 6925 17190
538.667 1415 6561
686.667 2055 8949
492.667 1458 6647
555 644 2821
527 641 2807
3677.67 7054 18908
628 701 2913
245 478 1627
1062.83 2642 10461
592 1725 8146
2623.33 5212 15486
343.667 1097 4604
492 552 1960
365.667 1139 5066
1644.17 4160 14509
1306 3502 12129
415.5 932 4573
1444.67 3441 12655
342.667 935 4578
450 837 3743
294 915 3493
1536.33 3749 13312
511 1525 7178
308.667 937 3740
554 1521 7270
396.333 1300 5828
3076.17 4601 14677
434 1267 6260
1105.83 2833 11420
2899.67 6442 17173
543 1600 7428
334 1109 4480
356.333 1136 5052
2497 4631 14728
282.5 510 1885
6628 9626 21969
591.167 1802 8071
533.333 1533 7253
425.333 1297 6160
1845 4698 15042
394.667 1008 4775
432.667 1271 6288
497 959 4727
797.667 2230 9412
374 1057 5562
546.333 1597 7339
383.333 1060 5576
551 1578 7307
443 1218 5643
1938.33 5007 15221
370.333 1078 5284
514.333 1522 7089
2820.83 5216 15753
686 1165 5686
354 939 4600
803.5 1419 6576
4284 6587 18450
1567.33 3658 12769
497 1476 7047
1642.83 3767 13570
520 1468 7213
3245.67 6502 17612
464.667 1346 6538
4438 8881 21031
375.5 781 3722
3824.17 6354 17541
344 689 2861
412 838 3814
758.667 2084 9059
2987.33 5681 16054
2373.5 5872 16506
527 1432 6830
328 933 3749
1030.83 2555 10369
1332.17 2962 11615
622.5 1913 8783


247 265 0
321.5 437 961
1853.5 4137 13436
237 270 0
279.5 503 1854
213 336 901
245 478 1627
273.5 564 2313
231.667 628 2112
246 473 1702
302.5 615 2655
216 529 1386
266 752 2973
237 621 2247
237 578 1837
273.5 609 2405
266 709 2563
231.667 585 1702
301 342 959
237 295 953
152 281 0
400 477 1814
357.667 1152 4669
329 996 4099
487 608 2540
228.667 578 1587
228.667 621 1997
793.667 2161 8814
415 514 1912
199.667 490 1271
312.333 956 4053
199.667 447 861
6078 8396 20512
341 885 3832
4043.5 6793 18849
234.5 484 1311
261.333 678 2339
694 830 3749
338.5 727 3062
152 324 410
603 742 3516
1782.83 4097 12447
516 611 2790
346.5 720 3197
453 519 1929
345 459 1685
2800.83 5194 15221
5494.5 9478 21945
604 707 2888
390 851 3923
516 601 2615
3723 5203 15738
1568.33 3295 11655
1893.83 4059 13190
262 767 2939
214 540 1280
233 636 2213
1222.83 3250 11434
2238.5 3477 11917
4571 9240 21398
252.333 717 2339
237 611 2072
252.333 760 2749
2433.17 5509 17652
428 943 4615
237 568 1662
599.833 1878 7875
298.667 964 3829
223.333 629 2023
308.333 971 4019
236 643 2233
2187.17 5179 14263
3536.5 6975 18309
2553.5 3541 12432
280.667 837 3204
558 746 3292
272 770 3189
243.5 462 1587
223.333 586 1613
251 678 2328
1936.5 3215 11819
250.667 686 2305
266.667 777 3054
282.5 510 1885
289.333 751 3481
275.667 828 3198
301 901 3915
262 724 2529
233 593 1803
375.5 781 3722
275 625 2755
1918.5 2644 10366
296.667 758 3708
344 689 2861
2008.67 4607 13485
358.667 1115 4667
2566.5 3155 11662
2664.5 4263 14311
272 760 3014
419 912 4448
5556 9482 22474
991.5 2005 8218
272 717 2604
272 727 2779
412 838 3814
354 939 4600
746.667 2100 8156
283.667 649 2815
365.667 1041 5094
1259.5 2820 10064
262 516 1862
266.667 734 2644
325 1011 4065
879.5 2023 8417
317.667 805 3714
370.333 951 4683
308.333 680 2846
336.667 910 4368
353.667 1155 4768
1708.33 3569 12421
3517.67 8677 18994
369 373 984
1179 1437 6747
555 644 2821
324 444 1476
3158.17 5483 15836
304.667 696 2821
348.667 946 4465
344.333 1108 4584
630 1429 6469
808 1746 7958
437 586 2429
628 701 2913
383 1070 5326
329 959 4070
353.667 929 4425
321.333 789 3739
346.5 710 3022
492 552 1960
432.333 1178 5553
4711.17 8745 20509
3543.67 6818 18174
5538.83 8894 21236
3888.5 7478 19529
600 1834 7665
2091.5 2718 10985
716 902 4266
1511 1784 7966
270.5 499 1751
403.667 1209 6047
413 880 4150
1281.5 1685 7881
632.667 1649 7714
998.5 1927 8650
639 1335 6443
489.667 1360 6403
351 940 4569
1000.5 2294 9471
2275 3703 12483
389.667 1074 5545
1864.33 4761 14082
887.5 2117 8560
2358 3140 11454
343 1094 4572
236 600 1823
1724.5 2395 9704
1339.83 2815 11106
4515 6687 18236
2956 4473 14634
333.333 947 4308
1283.5 2723 9685
412.333 1191 6302
485 1447 7031
214.5 454 1268
2300.17 5389 15322
1850.33 4674 13680
498.833 1189 5584
1628.5 3141 11358
789 2174 8244
394.667 1270 5792
520.667 1558 7380
1279.5 1789 7962
1490.67 4341 11858
467 1516 6444
1254.5 1841 8062
194.667 532 845
364 1145 5041
348.5 527 1920
326 746 2881
884.833 2269 8887
394.667 1008 4775
241.5 455 1486
194.667 489 435
503.667 1482 7255
2831.5 3501 12643
4679.33 9213 19904
351 456 1754
2871.83 5035 14956
380 1071 5295
1373.5 1908 8751
5482.67 9678 22070
349.333 859 3822
251.5 448 1305
1823.5 2403 9920
6040.17 8729 20448
1830.67 4761 13761
1091.17 2092 9652
390.5 884 3926
381 660 2873
2117.17 5558 14271
2754 3699 12853
4003.83 9362 19559
2476.17 5259 15322
1348.33 3107 11303
446 1335 6396
1815.83 4099 12713
1336.5 1811 8139
4668.33 7388 19604
1401 2708 10268
347.333 1062 4585
2237.17 3975 12758
1145.5 2997 10402
362.333 968 4715
4472.83 8886 19757
1963.17 4695 13699
328.333 1046 4091
2768.5 3708 13204
5758.67 9318 22471
1184.33 2982 11203
3048.33 5368 15655
1840.83 3284 11654
1138.83 2792 9932
513.5 1156 5574
479 587 2446
382 1127 5514
2242.17 4839 14786
1128.17 3212 9901
832.333 2025 8171
761.333 1839 7990
1537 4328 12920
614 1295 6397
572.667 1746 7433
5556 9450 22070
1605.33 3607 12007
5636 9608 22933
3556 6694 18532
1289.5 1999 8682
875.5 2101 8187
1884.67 4059 13175
5758.67 9295 21487
738.833 2289 8517
305.333 977 4045
357.667 1137 4644
1438.67 2658 10130
1777.5 2310 9774
328 696 2853
703.5 2014 7901
2141.5 3823 12540
1509.17 2598 10176
1775.5 2400 9874
259.667 746 2845
725.167 2060 8037
224.667 554 1493
245.833 617 2161
396 496 1760
4814 6462 18187
2294.5 3951 12601
5868 9077 21544
2468.33 4128 13498
5868 9123 22072
5356 9179 20957
2683 4093 14186
1642.33 4442 13154
2673.67 4258 13859
4441.67 6938 19220


152 281 0
152 324 410
216 486 976
250.667 686 2305
237 270 0
237 295 953
275.667 828 3198
522.5 711 2890
400.5 566 1903
261.333 678 2339
237 578 1837
453 519 1929
216 529 1386
231 607 1905
604 690 2871
237 568 1662
272 760 3014
251 678 2328
237 621 2247
237 611 2072
272 770 3189
272 717 2604
516 611 2790
516 601 2615
199.667 490 1271
2775 5918 17158
3613.17 6042 17963
249 695 2256
213 336 901
1798 3607 12375
527 641 2807
233 636 2213
282.5 510 1885
243.5 462 1587
279.5 503 1854
193.333 423 542
2301 3553 13259
193.333 466 952
231 564 1495
290.5 595 2256
308.5 602 2529
315.333 930 3956
236 643 2233
214 540 1280
272 727 2779
400 477 1814
262 516 1862
199.667 447 861
604 707 2888
321.667 975 4068
334.333 1016 4596
555 644 2821
359.5 746 3126
492 552 1960
304.667 696 2821
322.667 952 3967
283.667 649 2815
628 701 2913
1323.83 3322 12282
370.333 951 4683
233 593 1803
308.333 680 2846
394.667 1008 4775
324.667 960 3998
349.333 859 3822
1049.83 2924 10194
342.667 935 4578
275 625 2755
361 948 4669
3610.17 7798 19811
296.667 758 3708
2735.5 5946 16972
2817.33 5763 16983
343 436 1628
280.667 837 3204
317.667 805 3714
3928.17 9129 21152
461 588 2498
334 1111 4651
308.667 937 3740
331.667 899 4383
375.5 781 3722
592 875 3874
321.333 789 3739
412 838 3814
445.333 1279 6529
354.667 1082 4826
344 689 2861
765.667 1967 8670
563 1001 4724
354 939 4600
4037.67 5706 17521
1262.5 3189 11639
5269.33 8384 20072
371 1051 5253
5857.67 8919 20950
447.333 1491 6797
362.333 968 4715
539 1218 6045
341.667 1055 4642
412.667 1156 5674
907 2030 8795
342.667 868 3774
426.667 1220 6343
337.667 1111 4832
1050.5 1793 8032
318.667 1009 4157
1197 3031 10970
365.667 1134 4926
266.667 777 3054
377 1263 5702
407.667 1117 5668
289.333 751 3481
3563.83 6005 17799
3535.33 4881 16659
231.667 585 1702
2468 4344 14551
231.667 628 2112
1980.83 5121 15352
373.333 1263 5521
415 514 1912
2603.5 5825 16501
2788.67 5837 17113
245 478 1627
228.667 621 1997
332.333 922 4440
355.667 977 4667
414 1231 6212
2286 3151 11813
316 983 4013
1956 2389 10357
352.333 1140 4860
1729.5 4122 13867
295.333 954 3930
1712.33 3047 11201
2583.67 6516 16082
376 1269 5830
566 1912 7918
383.333 1060 5576
2120 3993 13389
2051 2976 11804
694 830 3749
3215 5995 17583
356 1151 4868
357.333 1110 4859
374 1057 5562
846 1914 8444
2859.67 5302 16528
377.333 1228 5821
2323.33 5184 16014
334.667 1144 4708
356.333 1136 5052
4015.67 5491 16985
671 2077 8332
1490.5 3084 10984
546.667 1491 7408
266.667 734 2644
247 265 0
224.667 554 1493
1543.5 3295 12235
345 459 1685
1743.67 2910 10777
499 1515 7882
479 587 2446
688.333 2052 8826
466 1372 7213
1026.5 2426 10118
342.333 1079 4699
228.667 578 1587
369 373 984
793 1828 8177
982.167 2197 9225
598.333 1810 8102
2511.67 3850 13425
281 569 2104
259.667 746 2845
2594.67 3956 13659
2164.5 4105 14365
5130.33 8660 20046
325.333 907 4231
1418 2605 10724
607 1878 8280
2179.67 3428 12370
1263 2299 9615
458 597 2429
712.333 2029 8632
297 756 3556
1487.5 3643 13045
224.667 597 1903
309 938 3804
2035.33 4516 15251
1297.5 2562 10652
312.333 991 4005
283.5 606 2595
1170 2097 9225
829.833 2207 9262
225 418 1418
259.667 703 2435
3867.17 6785 20021
241.5 455 1486
2691.67 4075 13987
407.333 1221 5949
1829.5 2898 11157
351 456 1754
3578.17 5769 17736
2710.67 5015 16075
3081.17 5904 17560
2594.83 5991 16370
2006.5 2858 10885
450.667 1328 6627
779.333 2285 9397
708.833 2070 9127
457.333 1535 6806
329 736 2894
772.333 2419 9983
4663 6513 18966
1063 1875 8258
2936.17 5944 17201
1539 2251 9741
397.5 880 3916
327.667 1119 4499
331.333 1119 4680
2043.67 3337 12322
3151.67 6033 17595
3426.33 5618 17468
396.5 851 3754
2611.33 6146 17831
338.5 728 3046
2226.67 3534 12805
1790 3780 13378
414 940 4601
2081.17 4349 15314
371 1036 5232
2196.67 5489 15490
661.333 2084 8556
1709.83 3099 11091
2394 3716 13281
673.833 2022 8553
3374.67 5710 17173
3537.67 7131 19176
2887 6208 18496
1459.17 4595 12667
2668.67 4057 13847
428.667 1432 6611
2690.5 5620 16903
5128.5 8706 20539
2209.67 3607 12660
246 473 1702
4197.67 5775 18450
302.5 615 2655
301 342 959
2025 2954 11177
1814.83 3261 11984
1371.83 3112 11785
571.5 1902 8323
1724 4286 14510
437.667 1219 5734
359.667 1132 4877


369 373 984
329 408 1010
152 281 0
237 295 953
152 324 410
225 418 1418
236 643 2233
214 540 1280
273 648 2379
237 270 0
193.333 466 952
231 564 1495
193.333 423 542
231 607 1905
527 641 2807
276.5 560 2219
287.333 774 3105
304.667 696 2821
628 701 2913
3437.33 5939 17736
333 702 3172
262 516 1862
283.667 649 2815
308.333 680 2846
555 644 2821
400 477 1814
199.667 490 1271
3995.83 8837 20607
413 892 4148
351 456 1754
3385.5 7154 20026
199.667 447 861
1543 4237 12306
1265.33 3321 11810
277.333 833 3120
415 514 1912
2116 3990 14035
338.167 844 3774
506.333 1523 7060
228.667 621 1997
329 736 2894
313 1028 3852
264.667 792 2756
264.667 749 2346
228.667 578 1587
1252.5 3220 11357
363.667 865 3791
2072.67 4665 14625
3228.67 5817 17186
316.667 974 3843
385.5 878 3847
326.333 1017 3993
302.333 934 3709
2196.33 4472 14737
371.667 872 3799
2921.17 4602 14838
2798 3536 13143
3232.5 4947 16009
1993.83 4395 13982
1397.67 3403 12006
3735 4309 14419
3667.67 9342 20311
1507.5 2803 11259
1391 3064 11038
2793.17 5992 17928
247 265 0
4656 9132 21160
1364.83 3220 11364
576 1354 6688
451 1365 6463
432 547 1993
3282.67 6435 18462
1005.67 2725 9990
319.333 956 3820
381 660 2873
516.333 1514 7221
348.5 527 1920
249 695 2256
375.5 781 3722
344 689 2861
362.833 875 3805
1116.5 2310 10005
643 1447 7052
282.5 510 1885
409 473 1803
1712.5 2890 11261
280.333 811 3057
574 1823 7777
503 609 2604
2770 4141 14332
412 838 3814
558 719 3238
274.333 804 3034
445 577 2285
1624.17 3500 13051
415.667 1014 4775
543.167 1394 7015
1886 3582 13068
418 691 2904
296 923 3616
470.833 1433 6767
394 841 3748
1381 3071 11096
3376.5 5791 17379
453 519 1929
697 886 4108
450 837 3743
334.667 898 4509
479 587 2446
596.833 1833 8145
318 972 3918
275 625 2755
251.667 764 2335
480.5 1422 6816
283.5 606 2595
1973 2732 10986
407 1135 5507
770.667 2227 9216
296.667 758 3708
340 748 3548
317.667 805 3714
329.667 928 4282
261.333 678 2339
2983.67 5958 17531
231.667 585 1702
375 619 2764
306.667 940 3751
1696.5 3765 13685
342.5 486 1811
297 756 3556
216 486 976
487.167 1509 7040
397.5 880 3916
321.333 789 3739
532.333 1438 7015
289.333 751 3481
355.667 977 4667
506.167 1336 6438
582 734 3307
2016.5 3913 13796
342.667 935 4578
216 529 1386
320.667 927 3914
326 971 3949
332.333 922 4440
224.667 597 1903
231.667 628 2112
582.167 1859 7976
266 752 2973
237 621 2247
1040.67 2537 9690
717 1011 4724
224.667 554 1493
555.5 1522 7247
468.833 1391 6656
384 1084 5318
1722 3282 12645
237 578 1837
384 1008 4684
3088.5 4441 14654
4677.83 8518 20635
617 1723 8000
385.333 1076 5359
213 336 901
516 611 2790
359.667 1155 4802
358 1164 4730
245 478 1627
686.5 1618 7889
352 954 4609
979 2195 9509
581.667 1838 7952
1681.5 3170 12201
1373.5 2455 10312
420.333 1239 6277
387 1101 5468
1104.33 2514 9830
595.667 1468 7156
373.667 1066 5290
302.5 615 2655
1594.83 3423 12295
246 473 1702
408.333 1241 6070
279.5 503 1854
522.667 1328 6412
365.667 1071 5111
431.667 1230 6168
2551.5 3308 12649
1373.17 2957 10987
1653.67 4683 14420
1994.33 4873 15201
4827.83 8725 21436
393.333 1092 5428
4697.33 8304 20573
453.667 1154 5576
989.667 2330 9657
1744 4473 13809
1515 3353 11966
672.5 1632 7611
331.667 899 4383
540.833 1636 7758
518.167 1564 7598
399.167 1099 5468
1084.5 2868 10240
1729 3689 13113
2023 5042 17157
318.667 976 3932
504.333 1332 6426
286 600 2336
703.333 2033 9085
3695.83 9280 20743
266 709 2563
306.333 982 3849
418.667 1233 6168
1513.33 2990 11744
824 1065 4917
766.333 2213 9156
531 1446 6974
4343.5 9127 20624
280.333 781 3014
4367.83 9597 21293
626.667 1785 8272
503 1340 6385
4906.33 8810 22297
301 342 959
361.167 959 4667
621.333 1834 8692
314 995 3867
345 459 1685
472.667 1340 6368
343 436 1628
461 588 2498
554 1497 7163
448.333 1279 6357
806.333 2153 9337
538.667 1426 6857
638.5 2040 9102
328 929 4158
370.667 1099 5117
401.667 1144 5537
416.5 1155 5568
254 704 2262
363.667 1094 4735
1884 4148 13807
403.667 1186 5993
436.667 1061 4781
385.833 990 4698
437 586 2429
717.667 1805 8344
402.5 869 4042
1086.17 2555 10917
324 444 1476
680.667 2000 8919
311.667 931 3815
407.167 1136 5537
2585.83 6331 17254


369 373 984
152 281 0
237 295 953
216 529 1386
237 270 0
282.5 510 1885
152 324 410
213 336 901
261.333 678 2339
216 486 976
453 519 1929
231 564 1495
193.333 423 542
224.667 597 1903
279.5 503 1854
263.333 607 2456
214 540 1280
270.5 499 1751
749 893 3855
340 748 3548
237 578 1837
344 689 2861
193.333 466 952
236 643 2233
492 552 1960
283.5 606 2595
400 477 1814
394 841 3748
628 701 2913
224.667 554 1493
245 478 1627
257 610 2304
237 621 2247
231 607 1905
553 684 2871
199.667 447 861
275 625 2755
499 642 2756
302.5 615 2655
278.333 802 3065
231.667 628 2112
516 611 2790
246 473 1702
272 805 2913
479 587 2446
351 456 1754
297 756 3556
296.667 758 3708
262 516 1862
334.667 898 4509
308.333 680 2846
321.333 789 3739
199.667 490 1271
555 644 2821
677 837 3766
283.667 649 2815
309.667 947 3866
231.667 585 1702
329.667 928 4282
289.333 751 3481
412 838 3814
228.667 578 1587
225 418 1418
228.667 621 1997
269 798 2798
375.5 781 3722
276.5 560 2219
275.333 795 2950
333 702 3172
763.667 2215 9615
274.333 804 3034
320.667 1007 3892
281 834 3071
412.667 1251 5840
332.333 922 4440
372.667 1099 5241
528 1689 7842
271.667 838 2965
317.667 805 3714
355.333 1063 4990
1599.5 3753 13398
414 1243 6091
223.333 586 1613
355.667 977 4667
328 929 4158
1255 3462 12134
1203.67 3340 11540
304.667 696 2821
245.833 617 2161
1989.83 4853 15323
373.667 1066 5290
1943.5 5409 15407
385.333 1076 5359
387 1101 5468
373.333 1068 5059
412.333 1293 6019
1502.5 4466 13073
475.667 1442 7247
326.333 1017 3993
1662.33 3997 13881
342.667 868 3774
362.333 968 4715
1170 2857 10822
1648 3457 13402
306.667 940 3751
395.667 1240 5791
367.333 1070 5235
929.5 1759 8155
583.333 1879 8605
1894.5 4680 14944
1492.17 3450 12968
3794.83 6768 20883
1747 2266 10305
1662.67 3822 14838
1633.67 3692 13543
1150.5 2485 10262
1595.67 4408 13297
1445.5 3166 12817
1117.17 2903 10773
4328.17 6911 21531
1190 2553 10401
3888.33 7643 22336
2209.67 4967 16318
1387.5 2446 10378
2127 3637 13694
1223.17 2849 11277
252.333 760 2749
1390.5 2430 10479
526.333 1560 7302
1243.5 2730 11512
1243.5 2595 10594
468.667 1440 7044
1663.67 3179 12888
2333 4934 17381
2522.5 3306 13784
396.5 851 3754
223.333 629 2023
3829.17 5441 18701
2105.83 5558 16847
2383.17 3874 15118
852.5 2077 9432
3416.67 4769 17984
964.5 2909 11533
619.167 2036 8665
1999.17 4406 16049
566 1783 8568
495.667 1607 7368
3023.67 4443 16481
1339.5 3008 12776
701.667 1937 8979
4970.67 6763 21183
3034.17 5497 18443
4783.33 6814 20898
4999.67 6785 21663
3335.67 5974 20034
879.5 2012 8990
2490.83 6026 19184
2808.67 4072 15711
2622.5 5740 18872
3786.83 7483 21932
267 842 2847
1443 2655 11949
889.5 2200 10192
505.333 1625 7701
460 1305 6401
415 514 1912
2734.67 3943 15448
2550.83 4382 15704
2587.17 4341 15637
247 265 0
428.333 1245 6318
2628.17 5732 19282
2437.83 5312 18075
2588.67 4168 15654
418.667 1161 5551
252.333 717 2339
349.333 859 3822
2224.67 3513 13624
1966 2528 10932
292.667 937 3550
1809 4206 14925
411.5 930 4595
882.5 2147 9962
3242.17 5782 19537
3153.67 7205 21843
342.667 935 4578
508 817 3749
425.5 933 4609
2312.5 5761 17378
411.333 1217 5743
2421.17 6088 19006
3424.67 5268 18283
498.333 1490 7271
2538.67 5074 18104
1858 2311 10327
1880.67 3383 13496
359.667 951 4592
2192.5 5321 16389
3830.67 5221 18386
426.667 1295 6246
1673.33 2865 12390
2657.17 5059 18104
402.667 1099 5442
3366.67 5534 18779
487.5 1389 6593
2150 2827 12459
444.667 1329 6452
4840.83 7047 21861
2073.67 3343 13109
444 1442 6630
397 1121 5517
2316.17 5312 16748
3118.67 4409 16690
2495 5664 18783
2673.67 3889 15229
529.667 1617 8132
2523.67 3673 13997
353 412 1254
1201.5 2682 11012
2957.33 4165 16325
2379 3377 13313
484.333 1362 6493
1957.17 3721 14067
2377.5 5753 18742
401.667 1144 5537
1980 2514 11354
277.333 779 2775
2577.67 4462 17488
1276 2841 12306
2446.5 4910 17044
2803.67 4098 16094
2306.67 3371 13253
2609.33 5837 19940
1886 2398 10553
2659.67 4398 16271
2499.5 6230 20136
474 1433 7179
616 776 3732
3458.67 5510 18779
3087.67 7111 21725
2176.17 3761 14647
2607.67 6009 20852
2331.17 5857 18737
879 2091 9466
2306.67 3419 13786
4165.33 7589 22393
530.333 1534 7363
441.667 600 2238
842.5 2055 9391
2338.67 3412 13688
4812.67 6600 21033
1271 2889 11932
885.5 2123 9828
527 641 2807
2212.67 3324 12979
1791.17 3735 13713
622.167 2049 9270
619.333 1776 8232
2192.67 3709 14329
3019 6878 21042
4758.67 7692 22450
835.5 2031 9161
2607.67 5988 20002
2425.5 6065 19184
362.667 1061 4859
370.333 951 4683
2489 5887 19029
1342 2558 10843
840 2031 9176
394.667 1008 4775
2383 3119 12863
4770 7181 23185
4134.67 5488 18836
2613.67 3729 14690
361 948 4669
443 1288 6387
832 1922 8798
2377.5 5725 18283
2321 5417 18009
2658.17 4377 16247
1957.17 3679 13505
2502.67 3689 14351
2951.5 5537 18578
1822 2365 10496
2688.67 3878 15233
3380.17 5324 18283
2105.83 5586 17306
414.667 1195 5901
393.333 1092 5428
4139 7805 23369
326.833 929 3972
403.667 1265 5829
858.5 2048 9293
3547.67 5725 19738
2388.67 3706 13992
2173.83 5327 16826
2100.67 3985 15583
2154.5 5550 16629
897 2187 10037
2761 5664 19306
2823.67 4844 17670


6192 9490 24722
301 342 959
213 336 901
257 460 1570
2362.5 5061 15295
152 324 410
216 529 1386
266.333 717 2345
152 281 0
262 516 1862
214 540 1280
225 418 1418
270.5 499 1751
304.667 696 2821
283.667 649 2815
345 459 1685
275 563 2087
348.5 527 1920
231.667 628 2112
250.667 686 2305
262.333 738 2589
228.667 578 1587
268.667 764 2741
245 478 1627
261.333 678 2339
273 648 2379
199.667 490 1271
264.833 598 2296
199.667 447 861
246 473 1702
396 496 1760
279.5 503 1854
236 643 2233
280.333 781 3014
237 270 0
329 736 2894
276.5 560 2219
224.667 597 1903
216 486 976
228.667 621 1997
224.667 554 1493
269.333 802 3046
278.333 802 3065
295.333 954 3930
237 295 953
415 514 1912
231.667 585 1702
275.667 828 3198
351 456 1754
275.333 795 2950
381 660 2873
468 599 2535
194.667 489 435
241.5 455 1486
342.667 868 3774
282.5 510 1885
280.667 837 3204
302.5 615 2655
1444.5 2840 11033
237 621 2247
308.5 602 2529
396.333 1360 5736
290.5 595 2256
273.333 735 2388
312.333 991 4005
334.667 1144 4708
287.333 774 3105
233 636 2213
343 436 1628
1216 2526 10270
334 1111 4651
295.333 911 3520
327.667 1119 4499
1581.67 3531 12091
318.667 1009 4157
400 477 1814
1188.33 2856 10448
334 956 4468
362.667 1105 4991
996.5 2358 9000
237 578 1837
323.333 930 3855
2238.5 5651 15851
1160.17 2208 9014
337.667 1111 4832
326.667 949 4241
405.667 1013 4698
283.5 606 2595
428 1301 6125
348.667 1019 4511
369 373 984
259 739 2704
2313.5 5716 16549
1686.5 2307 9796
275 625 2755
361.167 959 4667
289.333 751 3481
296.667 758 3708
369.667 1120 5200
382 1260 5452
307 944 3999
331.667 899 4383
297 756 3556
2511.83 6357 17497
365 1091 5009
2615.83 6249 16767
317.667 805 3714
1614.17 3435 12402
332.333 922 4440
355.667 977 4667
480.833 1237 5976
349.333 959 4515
373.667 1066 5290
1001.33 2999 10478
371.333 1083 5161
428.667 1256 6011
405.667 1285 5950
461 1425 6869
354 940 4558
262 767 2939
2643.17 5974 17191
325.333 907 4231
359 949 4564
368.667 982 4684
2786.5 5559 16767
487.5 1361 6459
368.333 1087 5190
331.333 1119 4680
1641 2244 9753
2494.5 5662 16458
2415.67 5349 15998
447.667 1445 6779
870.5 2046 8993
868.5 2069 8617
529.667 1671 7629
2120.17 5327 15374
1781.67 4052 13780
194.667 532 845
2729.17 6155 17593
516.333 1648 7450
536.667 1814 8271
1033.33 2612 9665
377.333 1292 5610
2872 7263 18483
397 1121 5517
430.333 1263 6326
409.333 1314 5978
1109.67 2387 9272
3143.17 5437 16676
374.667 1079 5342
352 1151 4966
329 408 1010
372 1096 5269
957 2805 9585
1111.33 3149 11046
1054.5 2990 10135
352.667 964 4517
503.667 1519 7078
355.667 873 3791
1580.83 3676 12188
308.333 680 2846
1658.67 3875 12844
4755 7329 21438
288.667 812 3106
453 519 1929
1236.67 3020 11049
409 473 1803
311.667 931 3815
385.333 1076 5359
334.667 898 4509
233 593 1803
321.333 789 3739
3160.17 5780 17425
247 265 0
1397.83 3283 11524
479 587 2446
2796.67 4615 15313
333 702 3172
948.333 2413 9367
426 1164 5534
1245.33 2816 10538
1655.67 3320 11789
3385.33 7174 20914
389 1119 5476
385.5 878 3847
418 691 2904
3426.5 6883 19808
411 1264 6050
1564.17 3333 11528
427.667 1201 5643
371.333 1062 5005
2080.5 3412 11937
3171.83 6014 17816
1411.67 2935 11041
4346.17 7954 22799
393 1042 4692
1059.17 2427 9373
2492.17 4339 14753
2680.33 5576 16703
2205.5 5366 15714
249 695 2256
387 1101 5468
2165 4523 15037
408.667 1281 5921
315.333 996 4007
2123 2657 11070
1887.17 3870 14021
2266.17 6269 17463
2349.17 4168 14242
3069.33 6205 19453
2255.67 5302 15233
3689.67 7628 21898
2016.67 3726 12974
614.667 1938 8304
2499.33 5860 16761
331.333 1076 4270
1599.17 3413 12116
340 748 3548
2523.33 3653 14406
1738.83 3944 13246
414.333 1260 6120
1772.5 4086 14035
933 2699 9048
3442.17 6105 18346
2731.67 5619 17256
437 586 2429
5690.5 8094 23680
1659.67 3293 11583
953.333 2939 9935
324 444 1476
1769.67 4435 13367
1680.5 3831 12810
3505.17 7442 21723
2055.17 3823 13585
516 611 2790
350 1090 4548
1141.17 2335 9582
1439.83 3414 11601
408.667 1260 5765
1586.67 3277 11432
2557.67 4363 14911
2121 4474 14994
489 884 3849
1363.5 2198 9223
3089.83 5557 17203
4080.5 7981 23459
2057.33 4758 15020
2291.83 6144 16452
3696.83 6714 20195
1803.5 4061 14079
2294.67 5671 15958
361 1072 4808
1419.83 2657 10720
2026 2497 10051
3337.67 5222 16908
1324.5 3366 11063
2724.5 4989 16455
3450.5 6903 20950
1752.5 3653 12799
1151.17 2289 9088
350 1133 4958
940.5 2663 9084
3070.5 6091 17410
3655.67 5620 18089
3072.17 5430 16670
3608.5 5237 16914
4495.67 7411 21898
1699.33 4221 12999
3731.67 7767 22707
1767.67 3212 11908
2471.67 5369 16406
443.667 1415 6440
1056 2653 10202
3776.17 7527 22475
730 1748 8080
3255.17 5328 16854
1779.5 3795 13149
1320 2408 9969
3206.67 6624 19738
2339.5 3714 13068
1784.5 3729 13227
2668.5 4171 14514
1637.67 3253 11408
2896.67 6126 18056
1494.33 2841 11158
1736.17 3568 12776
1772.17 4260 14242
1699.17 3743 12943
2175 2832 12206
3962 4631 15686
3987.17 5986 18347
484.5 1378 6410
3341.17 5274 17178
1091.67 2547 10019
3826.83 6449 19710
1351.83 3611 11928
1963.83 4920 15130
1699.33 4291 13294
3609.5 5278 17363
1590.5 4273 13194
2339.5 3709 12842
1106.5 2514 9518
426.333 1317 6236
2522.17 4382 14994
2165 2634 11446
1055.5 2981 10259
1493.5 3703 12799
2857.5 4381 15011
409.667 1214 5962
1876.5 3114 11829
3227.83 5428 17410
3105.83 6111 18582
268.667 821 2988
3361.17 5401 17695
3425.5 5570 17997
1610.5 2597 10301
323.333 1000 4016
3330.17 5196 16636
2386 4724 15795
3176.67 5623 18217
1671.5 2950 11573
1414.67 3164 11249
3972.5 6244 19710
2490.5 3416 12365
3396.17 5397 17425
2290 2827 11529
549.333 1650 7458
523.333 1665 7617
2330 3741 13384
1575.83 3938 12973
251 678 2328
3029.5 4524 15103
3491 5109 16677
371.667 872 3799
3421.5 4963 16581
712.833 2081 8557
1414.17 2768 10835
1232 2790 10489
3762.17 7285 21321
4068.17 6171 19486
3351.5 5758 18329
4056.5 5744 18576
3437.67 6819 19970
2867.67 5141 16590
1325.67 2625 10549
590.333 1810 7756
503 609 2604
1433.83 3535 11963
1000.17 2633 9388
2033.33 4612 14511
493.667 1543 6903
1146.17 2227 8996
4972 6106 19120
4009.67 5996 18969
4162.17 6228 19812
2418.5 3807 13459
3364.67 6284 19569
1361.17 2308 9180
567.667 1719 7696
2646.17 4550 15161
3479.5 6612 19859
2786 3347 13159


152 281 0
262 516 1862
304.667 696 2821
275 625 2755
308.333 680 2846
270.5 499 1751
5275.33 9539 21392
6646 9422 21507
152 324 410
283.667 649 2815
2235.17 5875 16512
2437.17 5552 16137
406 893 4139
214 540 1280
237 270 0
2012.67 3990 13939
237 295 953
236 643 2233
301 342 959
351 456 1754
283.5 606 2595
340 748 3548
415 514 1912
527 641 2807
199.667 447 861
361 948 4669
247 265 0
216 529 1386
193.333 466 952
261.333 678 2339
231 607 1905
453 519 1929
231.667 585 1702
231.667 628 2112
397 932 4553
228.667 578 1587
199.667 490 1271
220.333 622 1707
237 621 2247
219.333 622 1632
213 336 901
228.667 621 1997
237 578 1837
338.167 844 3774
1278.17 2779 10475
231 564 1495
400 477 1814
266 752 2973
345 459 1685
193.333 423 542
516 611 2790
279.5 503 1854
302.5 615 2655
246 473 1702
369 373 984
214.5 454 1268
282.5 510 1885
6646 9447 21833
266.5 596 2069
224.667 597 1903
259.333 757 2759
225 418 1418
1326.17 2907 10495
276.5 560 2219
333 702 3172
402.5 869 4042
6155.67 9654 22843
1616.67 4060 14024
2623.5 5135 15270
297 928 4030
458.333 1283 6364
532 829 3791
259.333 800 3169
2070.17 3979 13798
334.333 1059 5006
1082.17 3147 11571
1610.67 4449 14432
2772.5 5917 16645
245 478 1627
390.333 1238 5597
312.667 926 3926
243.5 462 1587
224.667 554 1493
2461.17 5328 15568
297 756 3556
334.333 1016 4596
479 587 2446
323 738 3022
814.167 2247 9690
296.667 758 3708
2669.67 4886 16393
342.667 935 4578
334.667 898 4509
3087 4867 16166
1433.33 4047 13297
3179 5887 18050
317.667 805 3714
5735.33 9185 21260
266 709 2563
375.667 1243 5893
4033.83 8419 20483
1526.83 2917 11234
289.333 751 3481
3247.17 5387 17044
1042.5 2946 10635
1554 3428 13153
342.5 486 1811
2382.33 3517 13590
1715.67 4761 14732
1188.33 3136 11340
374 1057 5562
553.167 1454 7251
1361 2489 10341
1573.83 2693 11079
2533 6091 18685
375 619 2764
2125.83 2858 12044
321.333 789 3739
421.667 1268 6240
367.333 1070 5235
433 1287 6364
449 1022 5026
355.667 1124 5032
447.667 1300 6498
329.667 928 4282
415.5 1143 5628
1923.83 4882 15260
5839.33 10233 22493
1203.33 3091 11244
1831.83 2918 11243
473 1432 7089
477.167 1271 6401
2520.5 3266 12684
707.333 1791 8850
2795 5334 16509
426.667 1265 6219
553 1740 8650
832.833 2042 9390
431.667 1243 6229
7188.5 9867 23405
2020.83 3611 13283
300.667 970 4056
1257.33 2285 10261
1162 2409 10244
890.167 2199 9586
3115.17 6001 17151
5755.5 9928 21851
834.833 2048 9525
801.833 2158 9571
252.333 760 2749
2070 3684 13495
1425.17 2885 10963
432.667 1271 6288
223.333 629 2023
4808.17 9746 21039
1361 3779 12006
292.667 937 3550
1663.33 3317 13005
1721.67 3275 12277
1382.17 3115 11301
463.333 1483 6716
1390.17 3456 12558
324.333 1014 4153
370.333 951 4683
383.333 1060 5576
490.833 1261 6290
1356 3253 11915
1784 2483 10439
1877.5 4223 14854
1966.5 3152 12577
1778.17 3825 13201
263.333 607 2456
3212.33 5861 16583
251 678 2328
399.333 1230 5580
250.667 686 2305
1082.33 2981 10806
424.833 1146 5642
422.333 1458 6611
1508.5 2783 11142
772.667 2146 9349
354 939 4600
328 976 4159
789.667 2218 9632
1546.83 3114 11528
1005.67 2606 10176
257 610 2304
320.667 1067 4782
1495.33 3845 13630
1899.17 3194 12070
576.333 1543 7405
784.667 2044 9416
2948.5 3963 13653
410.667 1222 6189
1350.5 2833 10688
362 1251 5669
6198 7750 19926
375.5 781 3722
481 1463 7224
1892.5 2636 11227
757.667 2012 9292
1493.33 2498 10465
2415.83 4165 15082
3146.33 4765 15970
344 689 2861
579.833 1593 8193
1476.67 2884 10963
412 838 3814
349.333 859 3822
484.5 1380 7127
233 636 2213
888 2512 10120
331.667 899 4383
463 1025 5040
3150.5 4500 15470
582.333 1456 7385
526.333 1614 8016
1779 2282 10162
1704 2876 11207
2769.83 5983 16686
624.167 1859 9234
543.167 1577 8069
1896.5 2682 11647
567.833 1700 8082
1100 2268 10068
503 1284 6507
581.667 1819 8699
521.667 1592 7931
553 684 2871
1475.33 3013 11406
272 770 3189
371 1051 5253
1305.33 3070 11228
1066.67 2399 10111
1818.5 2476 10286
363 1049 5184
489.333 1444 7172
362.333 968 4715
1493 2561 11013
5086.33 9858 21222
1433 2951 11329
3563.5 8183 18985
459 1558 6651
3673.33 6675 19884
485 1498 7258
1336.17 3017 10979
496.333 1481 7340
343 436 1628


369 373 984
2444.67 5203 14585
1250.67 2683 9545
152 281 0
3485.33 6912 17653
152 324 410
492 552 1960
282.5 510 1885
216 529 1386
237 295 953
216 486 976
214 540 1280
2826 4132 14004
224.667 554 1493
237 568 1662
344 689 2861
257 460 1570
237 611 2072
275 563 2087
261.333 678 2339
224.667 597 1903
237 621 2247
264.833 598 2296
266 709 2563
412 838 3814
237 578 1837
231.667 628 2112
400 477 1814
375.5 781 3722
555 644 2821
231.667 585 1702
247 265 0
272 760 3014
259.667 746 2845
237 270 0
1018.83 2779 9661
251 678 2328
225 418 1418
266.667 777 3054
453 519 1929
318.667 915 3858
603 742 3516
193.333 466 952
516 611 2790
199.667 490 1271
516 601 2615
2612.83 3764 12324
199.667 447 861
228.667 621 1997
983.667 2959 9943
272 770 3189
479 587 2446
1506 2632 9616
228.667 578 1587
233 636 2213
263.333 607 2456
233 593 1803
315.333 930 3956
384.667 966 4692
516.667 1669 7174
272 717 2604
236 643 2233
259.667 703 2435
231 607 1905
266.667 734 2644
349.333 859 3822
343 436 1628
193.333 423 542
272 727 2779
308.333 680 2846
315 933 3774
1474.17 2744 10167
250.667 686 2305
348.667 1092 4682
262 516 1862
1414.5 2289 9517
283.667 649 2815
762 897 4134
1175.5 3264 10256
1303.17 2891 10444
1441.17 3078 11170
313.333 951 4007
4318.17 7266 18502
3173.17 8267 17679
231 564 1495
1126.67 1986 8630
275.667 828 3198
5068 9571 21045
2551 6616 16931
254.667 754 2623
1897.33 4759 13458
370.333 951 4683
4037.33 7568 18294
396.667 1284 5546
2372.17 4694 13589
5800.17 9043 20372
1869.83 4837 13744
394.667 1008 4775
837.667 1892 8166
911.833 1629 7362
499 642 2756
1244.33 2792 10423
301 342 959
3555.17 9396 18142
1938.5 4656 13250
616 776 3732
437.333 1198 5625
1009.5 2213 9310
1718.33 4889 13069
1863.17 4761 13248
348.5 527 1920
345 459 1685
3676 6410 17166
1429.17 2005 8665
392 1052 4951
3491.67 6560 16629
2632.5 6467 16577
304.667 696 2821
2434.17 5763 15806
2623.83 5850 16050
415 514 1912
3776.83 8388 18162
4831.5 6283 16437
2206 5457 15252
2484.17 6778 15869
351 456 1754
333 702 3172
4296.67 6940 17723
817.667 2609 9106
307 944 3999
1047.17 1595 7331
1717.33 4585 13015
2673.5 3784 13826
320.5 915 3996
276.5 560 2219
309 938 3804
374 1064 4825
381 660 2873
2524.17 4768 13597
333 883 3938
694 830 3749
344.667 1096 4808
1317.83 2745 11159
834.667 1498 7190
947.5 1669 7744
2335.83 5895 15411
1533.83 4447 12507
306.667 940 3751
342.333 1100 4530
5087.83 9428 20805
426 1144 5576
2121.83 5281 14915
2548.5 7088 16264
1703.17 4533 12590
1242.67 2572 9326
345.333 897 4107
1251.67 3140 10616
1661.83 4685 12708
321.333 789 3739
399.667 1047 4781
371.333 1066 5109
1821.83 4875 13449
415.5 1311 5953
213 336 901
249 695 2256
1769 2574 9861
503.5 1140 5557
245 478 1627
257 610 2304
275 625 2755
2146.33 4351 13049
1728.83 4814 13118
4639.17 6845 18074
4260.67 6554 17313
1754.17 4581 13207
529.333 1453 7187
289.333 751 3481
418 691 2904
308.5 602 2529
296.667 758 3708
4244.67 6851 17202
3955.83 7838 20275
1913.17 4970 14504
374 1010 4692
279.5 503 1854
325.333 907 4231
334.667 898 4509
332 395 1435
331.667 899 4383
365 1074 4957
512.667 1459 7031
359.667 951 4592
2310.83 4203 12998
460 579 2296
351 940 4569
297 756 3556
387.667 1065 4895
546.333 1723 7880
365 1085 5149
495 859 3941
3905.83 6280 16424
1891.67 3932 12759
4918 6193 16264
329 736 2894
302.5 615 2655
246 473 1702
706 874 4039
539 690 2928
576 714 3272
370.333 1068 5109
1102.5 1914 8342
3474.33 6958 18023
3373 7386 16953
385.5 878 3847
396 496 1760
2598.5 4210 13575
340 748 3548
442 1204 5636
389.667 1074 5545
368.667 982 4684
400.333 1212 5659
378 996 4692
367.333 1070 5235
417 1223 5953
3253.83 5177 15662
358.333 1140 4915
283.5 606 2595
429 1241 6271
370.333 1078 5284
3460.5 6881 17073
2105.33 4592 13518
329.667 928 4282
316 983 4013
5530.83 10120 21585
317.667 805 3714
471 1564 6603
499 1549 7079
499.333 1484 6541
1670 2626 10259
332.333 922 4440
2626.5 5274 15573
1392.17 2357 9372
479.5 1064 5385
1671.5 2616 10097
647 1940 8038
724.167 2085 9076
387 1101 5468
4048.5 7291 19139
418.667 1161 5551
580.167 1523 7322
700 895 4090
652.333 2095 8294
1082.5 3307 12308
482.667 1308 6518
1990.33 4315 12975
448.667 1293 6504
349.333 959 4515
872 2033 8657
681.833 2062 8390
552.333 1663 7713
355.667 977 4667
478 1044 4883
437 586 2429
5318 9589 21168
241.5 455 1486
324 444 1476
6038.83 9395 21694
432.5 948 4584
528 1002 4699
6123 9188 21197
374.667 1079 5342
2394.83 4522 13247
4676 7640 19158
4048.5 7270 18289
5319.33 9058 20882
1869.17 4465 13073
930.5 2444 9177
989.5 2285 9093
456.667 1190 5668


247 265 0
152 324 410
237 270 0
219.333 622 1632
152 281 0
237 295 953
4580.33 8897 19511
199.667 490 1271
5405.67 9299 20810
228.667 621 1997
223.333 629 2023
233 636 2213
499 642 2756
250.667 686 2305
1942.5 2955 10367
199.667 447 861
270.5 499 1751
4273.67 6782 18821
400 477 1814
249 695 2256
233 593 1803
220.333 622 1707
223.333 586 1613
4124 8333 18979
275.667 828 3198
293 569 2336
4862 9044 20696
1238.17 2997 10657
3762 6150 16243
351 456 1754
358 1161 5069
4311 5877 16704
325 981 4084
258 764 2660
3801.83 8378 18588
4615.5 8104 19338
4483 9801 19413
279.5 503 1854
228.667 578 1587
406 893 4139
3776.17 5677 15884
280.667 837 3204
302.5 615 2655
193.333 466 952
6133.83 9537 21832
4105.67 8377 19230
231 607 1905
2319.83 5872 16163
246 473 1702
4805.83 8949 19835
318.667 1009 4157
415 514 1912
345 1099 5046
1639.5 3500 11480
251 678 2328
236 643 2233
266.667 777 3054
216 486 976
2559.67 4317 14315
214 540 1280
237 578 1837
1649.5 3071 11032
327.667 963 4082
272 770 3189
304 943 4062
438 1396 6005
216 529 1386
261.333 678 2339
237 621 2247
304.667 696 2821
283.667 649 2815
262 516 1862
340 748 3548
231.667 628 2112
231.667 585 1702
2577.33 4067 13460
1891.67 2558 9886
308.333 680 2846
6582.33 8959 20682
2582 4352 14808
4107.67 5595 16486
1143.67 3049 10848
193.333 423 542
1414.33 2987 10406
361 948 4669
1490.67 3510 12562
295.333 954 3930
4550.67 8979 19864
437.667 1219 5734
5486.67 9205 21145
231 564 1495
394.667 1008 4775
426 1144 5576
349.333 859 3822
553 684 2871
374 1010 4692
283.5 606 2595
405.333 1126 5493
661.5 1959 8082
420 1157 5562
417 1329 5911
423.333 1353 5936
414 940 4601
470.333 1496 6663
463 1358 6521
266.667 734 2644
3782.67 8544 19358
4491.17 6693 18752
1676.5 4882 13748
370.333 951 4683
272 727 2779
1025.17 2648 10087
448.333 1315 6452
416.667 1176 5542
379 1019 4698
2136 4408 14167
266 827 2856
1256.17 3125 10968
4962.33 7514 19141
768.333 2466 9322
440.667 1180 5645
399.667 1047 4781
472.333 1311 6446
450 1293 6302
3809.17 8445 19396
417 1191 5651
328 976 4159
354 1098 4768
259.667 703 2435
1458.83 3550 11089
788 1851 8839
1639.83 3729 12958
2698 3252 11517
867.833 2110 8883
1479.17 2563 10270
397 1258 5727
272 760 3014
1731 2304 9569
453 519 1929
2371.33 3400 12449
463 1514 6620
469 1343 6535
1434.5 2767 10302
436.333 1496 5981
2514.33 6372 17037
1470.33 3505 11632
2401.67 4106 13420
259.667 746 2845
1996.33 2872 10413
272 717 2604
224.667 597 1903
224.667 554 1493
363 1170 5075
342 1078 4716
237 611 2072
516 611 2790
2444.67 4117 13953
300.667 927 3732
301 342 959
556.333 1707 7880
2045.5 2985 10802
345 459 1685
464.5 1000 4707
479 587 2446
2524.67 4287 14307
4435.33 8114 19323
3582.83 5789 16154
354.333 1102 5060
328 933 3749
296 923 3616
396 496 1760
798 1842 8317
1531.67 3117 11412
451.667 1293 6363
213 336 901
1808.17 3301 11628
616 776 3732
551.333 1646 7721
1741.17 4505 15880
381 840 3731
345 1056 4636
313 941 3901
243.5 462 1587
245 478 1627
4962 8860 19709
428 943 4615
483.667 1386 6604
2693.33 6327 17648
313 951 4076
1276.33 2412 9873
2327 2905 10673
380.333 1289 5684
225 418 1418
389.333 1277 5870
4534.67 8527 19509
443.333 1425 6597
237 568 1662
333 702 3172
402.5 869 4042
276.5 560 2219
896 2115 9510
567.333 1683 7946
516 601 2615
482.333 1564 6829
2409.67 4157 13571
369 373 984
469.667 1520 6806
507.667 1741 7477
3403.83 7809 18487
2445.83 3602 12700
354.333 1092 4885
628 701 2913
1235.33 3440 10888
1266.67 3722 11812
338.167 844 3774
2093 2655 10337
527 641 2807
354.333 1059 4650
1219.83 2587 9536
492 552 1960
813.5 1790 8031
555 644 2821
5585.67 8972 20338
1781.33 3910 13198
507 1475 7270
1635.83 2743 10296
510 1482 7290
495.333 1439 7221
692.833 1847 8383
475.5 1060 5009
1606.83 3710 12564
2328.33 3442 12284
4874.67 8895 20107
803.333 2197 9035
414.333 1164 5507
324 923 3742
323 996 4093
1924.67 3395 12029
712.167 1975 8442
4500.33 9355 20791
509 1244 6103
332 395 1435
539.333 1575 7302
282.5 510 1885
3895.17 6837 18767
5443.67 8774 20117
2817.17 6474 18460
3878.33 7598 18947
452.333 1279 6262
645.833 1987 8332
3015.33 6116 16237
697.833 1989 8442
375.5 781 3722
440.667 1260 6193
297 756 3556
682 878 4082
554 1618 7371
689.167 2086 8619
289.333 751 3481
4748 9274 20705
343 436 1628
334.667 898 4509
344 689 2861
1940.17 3024 10836
1432.17 3028 10984
3885 7371 18754
381 1065 5379
275 625 2755
461 588 2498
412 838 3814
332.333 922 4440
355.667 977 4667
359.667 951 4592
342.667 935 4578
374.333 1086 5235
296.667 758 3708
525.333 1438 6698
387 1101 5468
549 710 3258
3961.33 6114 16886
686.167 1666 7839


369 373 984
492 552 1960
213 336 901
214 540 1280
152 281 0
243.5 462 1587
418 691 2904
282.5 510 1885
348.5 527 1920
280.333 878 3175
304.667 696 2821
308.333 680 2846
152 324 410
257 460 1570
237 270 0
241.5 455 1486
262 516 1862
237 295 953
400 477 1814
199.667 447 861
275 563 2087
247 265 0
275 625 2755
199.667 490 1271
273.5 609 2405
193.333 423 542
366 1177 5052
225 418 1418
6566.33 9444 21908
273 648 2379
193.333 466 952
293 569 2336
4605.5 9311 21578
699 839 3749
283.667 649 2815
270.5 499 1751
286 600 2336
326.333 885 3814
328.333 862 4190
321.333 789 3739
4712.33 9164 21281
555 644 2821
250.667 686 2305
1055.17 2753 9645
361 948 4669
231 607 1905
446.5 1258 5784
351 456 1754
297 756 3556
296.667 758 3708
3219.5 5342 15829
236 643 2233
233 636 2213
259.333 800 3169
269 763 2706
342.667 935 4578
334.667 898 4509
491.167 1422 6804
383 1015 4698
451.5 1261 5934
317.667 805 3714
378 996 4692
596.167 1669 7605
276.5 560 2219
2045.5 4021 14363
233 593 1803
231 564 1495
443.5 1259 5667
301 342 959
381 660 2873
340 748 3548
395 1135 5568
283.5 606 2595
279.5 503 1854
628 701 2913
415 514 1912
304 943 4062
374 1057 5562
385.833 990 4698
214.5 454 1268
357 454 1495
396 496 1760
385 446 1495
5113.17 9549 22012
354 939 4600
261.333 678 2339
237 621 2247
246 473 1702
333 702 3172
2734.5 6564 16979
450 837 3743
467 841 3765
302.5 615 2655
216 529 1386
1811.5 3572 12943
224.667 597 1903
2840.5 5478 16187
614.167 1917 8668
527 641 2807
276.667 764 2821
266.333 717 2345
693 2120 9319
325 981 4084
6783.17 9707 22177
1197.83 2422 9831
345 1099 5046
1689.67 2776 10767
602.333 1844 8387
1949.5 4397 14563
1479 3115 11531
559.167 1670 7981
4085 7652 20578
1616 3374 12418
477.833 1432 6997
392.333 1251 5572
327.333 1037 4588
2006.5 5507 15482
4266.33 9429 21490
231.667 628 2112
264.833 598 2296
2815.17 6862 17056
345 459 1685
4558.67 7254 20496
1128.17 2588 10211
1255 3078 11131
228.667 621 1997
274 758 2445
266.5 596 2069
433 1270 6340
1640.5 3577 12768
289.333 751 3481
1182.5 2786 11020
323 738 3022
2896 6164 17739
499.667 1472 7172
1738.5 2472 10867
2223.17 4382 14527
228.667 578 1587
2344 5710 16907
1348.33 3407 11947
3737.5 5091 16574
3753.67 5467 16898
741.5 1812 8442
237 578 1837
2318 2879 11365
1408.33 3144 11314
262 767 2939
497 959 4727
1948.5 3831 13830
626.167 1911 9047
2729.33 4636 15742
245 478 1627
452.5 1054 5069
3286.83 6438 18527
1071.83 2527 10134
414 940 4601
1723.5 2636 10479
1668.5 4340 14220
231.667 585 1702
948.5 2675 9555
1831.5 3703 13003
1124.5 2861 10547
1462.17 3645 12107
3341 5295 16277
586.333 1872 8587
3891.83 6670 19067
1662.5 3137 12259
1847 3650 13480
3988.17 7371 20235
474 1434 6726
330.333 1074 4972
3431.5 5867 17025
1214 3179 11920
4787 8211 21115
324.333 1014 4153
992 2787 10072
2298.67 6309 15934
951.5 2526 9538
2044.83 5157 15640
4528.5 6821 19394
564.167 1673 8131
3369.83 5280 16067
224.667 554 1493
1016.67 2819 10103
1737.33 4293 14381
442.5 1197 5651
1904.5 2706 10955
1864 3730 13528
3978.83 7197 20143
562 1249 5670
1671.17 3926 13792
636 1764 8360
3737.33 6920 19096
789.667 2079 9437
1635.5 3691 12554
1494.33 4049 13703
287.333 774 3105
4159.33 7369 20801
1912.5 3564 13333
395.333 1288 5956
3929.17 7141 20084
2900.67 6012 17890
1336.67 3752 12573
1029 2862 10447
1195.17 2574 10378
2276 2822 11202
3675.17 6646 18818
3215.17 5129 15760
290.5 595 2256
372 1080 5186
3116.67 5907 18170
1374 3689 12512
3848.83 6845 19458
3440.17 5268 16857
2006 4073 14120
2141 2691 10917
1659 2986 12163
1731 2939 12884
1543.67 4681 14261
1388.67 4233 13206
4087.83 6447 18550
4664.17 6724 19569
1017 2926 10151
1805.83 4469 15199
4056.33 6842 20344
3144.33 6806 18550
1574.33 4408 14854
1198 2455 10156
3810 6753 19096
2324 5351 15710
3272 7133 19129
547.333 1776 7615
1298 2384 10478
4071.33 6437 18262
664.667 2131 9474
3252 6616 18197
1049.33 2969 10964
3657 7016 19232
3914.33 6686 19383
328 976 4159
1400.5 2271 9961
1270.83 3405 11936
4624.67 6804 19569
4092.5 7094 20366
2892.33 6875 18940
1526.17 3100 11376
1758.83 4304 14447
596.333 1806 8168
1392.83 3746 13360
3780 5351 17208
1481 4549 14200
534.5 1253 5800
3813.83 6853 19825
3765.67 7082 19825
3455 6457 18817
3800 5381 17491
4411.17 6378 18430
1274 3349 11927
342.5 741 3289
425 1271 6473
490 1522 7457
1685.33 4135 14052
4209.5 7859 21089


301 342 959
152 281 0
237 295 953
152 324 410
415 514 1912
275 625 2755
237 270 0
331.667 899 4383
296.667 758 3708
343 436 1628
199.667 490 1271
199.667 447 861
381 660 2873
348.5 527 1920
400 477 1814
420.5 856 3774
321.333 789 3739
213 336 901
374 1057 5562
328.667 879 4022
342.667 935 4578
279.5 503 1854
282.5 510 1885
241.5 455 1486
4811.67 7779 20379
317.667 805 3714
4869.67 9475 21843
450 837 3743
236 643 2233
527 641 2807
243.5 462 1587
418 691 2904
214 540 1280
355.667 977 4667
262 516 1862
3549.83 6473 18716
250.667 686 2305
451.333 1161 5568
461 588 2498
283.667 649 2815
308.333 680 2846
271 784 2908
271 741 2498
308.5 602 2529
2724.33 6968 19127
304 943 4062
633.833 1737 8415
2282.5 4572 15613
266.333 717 2345
261.333 678 2339
304.667 696 2821
360 1013 5071
216 529 1386
516.833 1519 7632
396 496 1760
2215.67 4362 15386
280.333 781 3014
896.333 2274 10327
400.333 1208 5803
409.333 1190 5880
3316.5 5023 16709
399 1178 5621
2822.83 6755 19694
371 1051 5253
433.333 1268 6338
259.333 757 2759
341 720 3217
3004.33 5057 16663
259.333 800 3169
1962.67 4954 15790
292.333 831 3223
297 756 3556
1630.17 4196 14139
421 1187 5651
246 473 1702
4448.5 6809 19844
393.5 861 3892
1846.5 4426 15333
2144.17 5222 17157
302.5 615 2655
327.333 1080 4998
3448.83 7110 20254
294.333 941 3844
2579 5152 16644
2479.17 4541 15689
1050.5 2942 12132
1251.67 3831 13609
247 265 0
461.667 1380 6905
2335.5 5065 16434
2690.5 5610 18377
3297 7240 19695
266.5 596 2069
1564 3789 13754
447.667 1300 6498
257 460 1570
214.5 454 1268
264.667 749 2346
5531 8168 20842
1262.17 3251 12708
447 1382 7040
2486 4520 15880
367.5 754 3399
275.667 828 3198
249 695 2256
2724.17 4750 16483
472.667 1464 7274
427 536 2316
339 1070 4561
2070.67 3997 14885
458 597 2429
297 928 4030
734.833 2052 9800
436.333 1251 6237
327.333 885 3765
351 456 1754
1025 2550 11306
1344.5 2433 11573
292 876 3215
321.667 975 4068
405 1241 6064
525.667 1585 7805
494 633 2759
345 1128 5004
440.667 1333 6597
361 948 4669
1652.33 3797 14191
224.667 597 1903
5264.33 9212 21889
6149.67 9772 22358
225 418 1418
409.333 1216 6054
342.667 868 3774
275 563 2087
2203.17 4589 16104
1271.83 3615 12963
1358.67 2970 12748
224.667 554 1493
2724.33 7012 19445
440 1379 6739
273 648 2379
2436.17 4205 15151
1827.33 3809 14341
2197.5 4766 15526
6632 10072 22745
318.667 1009 4157
1765 3139 13110
283.5 606 2595
325.333 907 4231
276.5 560 2219
486 1622 7326
2571 3688 14450
1443.5 2624 11806
2233.67 3531 14338
318.5 748 2896
511.833 1444 7366
368.333 1087 5190
544.333 1752 8091
602 1866 8800
318.333 1050 4128
839 2031 9543
329 736 2894
425 1271 6473
2334.67 4185 15120
354.667 1064 4781
397 932 4553
838.5 2014 9475
1345.5 2486 11647
5113.83 8896 21844
2541.17 4290 15291
2484.67 3792 14981
647.5 1760 8824
277.333 779 2775
661.5 1732 8726
717.167 1971 9383
1168 3424 12830
1660 2956 12685
1450.67 3233 13034
4772.17 9147 20509
470 1250 6243
927.5 2223 10143
414 1231 6212
657.833 2002 9270
545 1805 8165
288 949 3692
1464.33 3535 13242
1960.67 3795 13767
691.833 1928 9362
280.667 837 3204
534.167 1472 7391
1391.33 3678 13637
617.833 1834 9017
1718.33 3083 12895
294.333 883 3268
1893 2911 12782
1672.33 3719 13669
412 1162 5580
731.5 2045 9650
1957.5 3459 13521
245 478 1627
487.5 1362 7082
403 1202 5728
1029.33 2314 10439
576 749 3299
270.5 499 1751
1767.33 3285 13437
417 1246 6219
921 2416 10855
592.333 1876 8927
410.667 1222 6189
1322 2311 10363
370.333 1269 5655
602.167 1799 8878
402.5 869 4042
504.333 1586 7724
233 636 2213
1977.83 3472 14287
520.667 1619 8090
2567 4155 15568
333 702 3172
2197 3358 13604
1109.17 2697 12549
388 1317 5661
737.833 2127 9956
453.667 1402 7148
237 621 2247
908.5 2179 10045
288 906 3282
657 2183 9529
1144 3608 12556
515.333 1626 7985
362.333 968 4715
498.333 1531 7647
564.667 1808 8794
973.167 2330 11013
583.5 1650 8200
1530.83 3466 13533
2585.83 4303 15763
1717.17 3321 13135
1160 3615 12731
455.333 1351 6688
549.667 1776 8640
4942.17 9340 20583
388 874 4110
2419.67 4651 16197
490.333 1481 7457
791.5 1958 9449
479.333 1441 7196
481 1427 7154
474.333 1462 7282
369 373 984
494.333 1332 6527
1355 3373 13234
561.167 1635 8175
354 939 4600
667 2172 9529
1749 2264 10278
193.333 423 542
530.5 1542 8041
193.333 466 952
513 1430 7202
391.333 1228 5740
231 607 1905
567 1729 8399
1198.67 3742 13532
2039.5 3706 14499


237 270 0
453 519 1929
400 477 1814
279.5 503 1854
152 281 0
237 295 953
193.333 423 542
152 324 410
1529.17 4456 13252
1274.17 3659 11308
2815 4542 15034
1584.5 3954 12701
231 607 1905
369 373 984
193.333 466 952
283.667 649 2815
262 516 1862
270.5 499 1751
250.667 686 2305
2498 4949 14983
2943.33 6353 16741
2724.67 5510 16308
231 564 1495
2099.83 5662 14505
304.667 696 2821
3437.17 6523 18160
351 456 1754
335.167 793 3665
1624 3005 11305
233 636 2213
1237.33 3603 10936
1986.33 4527 13633
516 611 2790
369 947 4291
199.667 490 1271
199.667 447 861
2599.83 5133 15279
308.333 680 2846
1289 2504 9738
3104.83 8451 17629
688 2101 8653
261.333 678 2339
516 601 2615
1491.33 3903 12581
1266.17 3607 11271
2128.83 5588 14543
932 2076 8514
237 621 2247
213 336 901
216 486 976
1527.33 3738 12150
216 529 1386
3479.83 6714 18370
237 568 1662
349.333 859 3822
282.5 510 1885
275 625 2755
324 444 1476
681.667 2105 8501
1922.67 4763 13670
437 586 2429
2194.5 2854 11126
479 587 2446
499 642 2756
1863.33 3442 12249
3764.83 8404 19572
5415.5 8352 19466
2211.17 4104 13376
237 611 2072
4363.83 9131 20977
1041.33 2391 9520
415 514 1912
370.333 951 4683
237 578 1837
228.667 621 1997
1361 3116 10989
338.167 844 3774
2069.33 5128 14290
2251.33 5300 15719
233 593 1803
266 752 2973
694 830 3749
1874.5 2990 11463
1559.5 2290 9419
3092.83 5156 15424
272 770 3189
3044.17 5997 17211
301 901 3915
296.333 827 3281
2199 4881 13817
1511.83 4010 13098
815 1809 7845
981.333 2826 10428
616 776 3732
231.667 585 1702
603 742 3516
251 678 2328
1055 3058 10796
2535.5 5225 15297
266 709 2563
224.667 554 1493
410 1130 5594
436.167 1186 5600
262 767 2939
231.667 628 2112
5228.33 8645 20130
2490.83 3527 12496
3198.33 5920 17065
1561.5 2859 10588
259.667 746 2845
224.667 597 1903
492 552 1960
555 644 2821
272 760 3014
283.5 606 2595
375.5 781 3722
357.333 1110 4859
422.667 1125 5491
4933.5 8700 20135
228.667 578 1587
266.667 777 3054
709.333 1593 7167
494.333 1348 6444
564.667 1918 7681
344 689 2861
313.333 951 4007
2509.67 5576 15789
266.667 734 2644
245 478 1627
272 727 2779
2525.67 4815 13822
628 701 2913
2194 2831 10510
1290.17 2519 10440
1768.67 3588 12722
897.167 2342 9275
794 995 4691
412 838 3814
582.833 1729 7574
312.667 926 3926
259.667 703 2435
616 766 3557
272 717 2604
301 858 3505
225 418 1418
3087.5 6954 17284
262 724 2529
1802.5 4576 13537
1404.17 4167 12527
3313.33 4302 14982
2272.67 4899 14192
243.5 462 1587
301 342 959
2055.33 5374 14454
1116.33 2817 10183
396 496 1760
1630.5 2331 9670
3491.67 6799 19351
413.333 1068 4741
661 808 3738
2303 3350 12102
345 459 1685
2058 3434 12072
2293 5663 16139
1785 2924 10901
389 1038 4733
1879.33 3578 12923
361.167 930 4107
703 907 4458
316.667 819 3389
492.333 1498 6572
1207.5 2616 10417
1618.5 2525 10462
472.5 1302 6217
321.667 789 3616
290.5 595 2256
447 1190 5625
2687.67 6547 16784
327.667 963 4082
684.333 2147 8557
543.667 1646 7235
936.5 2097 9106
6267.5 9380 22391
357 454 1495
679.667 2226 8532
822.5 1836 7980
1728.5 2916 10882
979.833 2441 9469
531.667 1810 7191
5745.5 9351 21806
1292 2371 10024
415.5 932 4573
385 446 1495
348.5 527 1920
491.667 1530 6570
302.5 615 2655
465.667 1317 6300
381 660 2873
246 473 1702
1297 3364 11979
771.167 2072 8413
2160 2842 10568
294 888 3646
624 1423 6651
741 1823 7745
2928.17 5490 16261
624.5 1873 7900
1926 2319 9608
419 912 4448
2385.67 4824 13716
778.667 2070 8488
294 845 3236
515.5 1464 7026
595.333 1894 7615
259 739 2704
1830.83 5042 13597
4585 8275 19418
528 1002 4699
2630.33 3266 12013
408.5 899 4179
1260 2551 10026
1989.67 5197 13996
3964.33 6381 17843
333 702 3172
746.167 2169 9253
2322.83 4848 14002
273 648 2379
6162 8615 21277
379 1177 5259
423.667 1280 5967
329.667 1000 4090
276.5 560 2219
3408.33 6146 17374
527.833 1436 6567
2366 3812 13072
340 1086 4693
344.667 1096 4808
489 1086 5401
447.667 1269 6093
582 729 3247
369 1151 4908
1490 2999 10640
1188.17 2769 9800
1091 2752 9534
750 1742 7661
1368 3019 11954
462.667 1318 6228
1427.33 2986 10609
1585 3543 12693
537.333 1432 6719
468.667 1479 6519
296.667 881 3657
334 989 4142
344.667 1053 4398
621 1438 7011
5218.83 9280 21443
560.833 1642 7512
376 1113 4991
600.167 1797 7683
612.167 1877 8332
513 1484 7078
653.167 1737 7601
446.667 1260 5962
536 1231 6202
411.833 1085 5132
696.333 2116 8810
675.5 1519 7144
630 772 3591
682 894 4189
257 460 1570
628 1869 8040
372 1150 4943
368 956 4486
373.167 933 4466
347 982 4265
339 1008 4148
321.333 817 3417
913.5 2110 9023
547 1642 7382
3467.67 6405 17620
907 2069 8394
437.833 1217 5609
264.833 598 2296
326.5 705 2888
407 897 4047
481 1010 4684
342.333 999 4151
353.833 952 4440
275 563 2087
293 886 3514
322.5 758 3479
495.667 1477 6596
357.5 813 3706
291.667 884 3399
6643.5 9093 22024
383 847 3841
258 737 2572
384 1113 5241
450 837 3743
340 748 3548
2661.5 5183 15382
496 1471 6655
480.667 1382 6487
292.333 879 3373
361.5 778 3708
6273.5 9381 22635
568.833 1662 7513
399.5 920 4357
679 892 4057
361.5 957 4515
549.167 1627 7443
5512.5 9256 21582
329.667 826 3685
339.5 826 3714
4468.5 9047 21278
405.333 1277 5752
316.833 796 3257
433.667 1255 5818
2105.33 5102 13676
404.5 937 4507
536.667 1704 7243
361.167 959 4667
441.333 1474 6363
361 1120 4891
439.5 1077 5233
2196.33 5318 14544
482.5 1074 4866
390.667 1077 5100
402.5 869 4042
717 903 4317
2953 4486 13652
616 1342 6418
247 265 0
392.5 932 4432
371.167 943 4285
4229.5 8772 20652
330.667 1018 4375
352.667 962 4218
359.667 1132 4877
527 641 2807
480.5 1107 5532
341 885 3832
399.167 1099 5468
344 1071 4727
478 1076 4899
315 820 3265
837 1056 4924
692 859 3976
515.5 1520 7136
4204 9170 19832
374 1130 4952
431.833 1271 6194
381.833 917 4050
455.5 1326 6277
497.667 1457 6995
342.333 1079 4699
379 1220 5669
6634.5 9182 21785
353 935 4147
558.5 1267 6271


247 265 0
243.5 462 1587
152 281 0
351 456 1754
385 446 1495
237 270 0
453 519 1929
516 601 2615
152 324 410
237 295 953
194.667 532 845
283.667 649 2815
308.333 680 2846
262 516 1862
236 643 2233
1324 2640 10666
214 540 1280
6202 8765 21081
270.5 499 1751
603 742 3516
5956.67 7386 20430
516 611 2790
275 625 2755
199.667 490 1271
527 641 2807
259.333 800 3169
349.333 859 3822
199.667 447 861
340 748 3548
283.5 606 2595
301 342 959
361 948 4669
381 660 2873
348.5 527 1920
3692.5 7198 20230
415 514 1912
418 691 2904
450 837 3743
3436.5 6553 18249
1057 2707 10570
497 959 4727
259.333 757 2759
1576.5 3258 12448
3381 6674 18884
375 619 2764
342.5 486 1811
334.667 898 4509
296.667 758 3708
3885.67 6148 18653
318.333 989 4104
228.667 621 1997
289.333 751 3481
473.5 829 3771
345 459 1685
271 741 2498
2389.5 3739 13922
1640.5 3006 11811
1330.5 3399 12053
1260.67 2977 10729
384 1084 5318
342.667 935 4578
554.5 1120 5528
213 336 901
3258.5 6716 18383
302.5 615 2655
321.333 789 3739
297 756 3556
279.5 503 1854
464 856 3774
431.667 1253 6229
503 609 2604
246 473 1702
250.667 686 2305
2980.83 4609 15749
396.5 851 3754
245 478 1627
356.667 1150 4905
2573 4573 15398
385.333 1076 5359
216 529 1386
393.333 1092 5428
1575.67 3014 11986
414 940 4601
548.5 1079 5419
381 1096 5379
264.667 749 2346
748 2224 9504
491 918 4618
261.333 678 2339
2453.5 4281 15125
1420.17 2734 11429
2737.33 4704 15660
216 486 976
1469.83 3163 11912
1532 3091 11855
231.667 628 2112
237 611 2072
467 841 3765
231.667 585 1702
362.333 968 4715
1323 2900 11644
2877.5 4419 15283
571 1170 5536
5222.33 8619 20682
237 568 1662
1341 3275 11962
237 578 1837
367.333 1070 5235
459 1535 6448
1215.5 3102 11293
399 1320 5714
3530.67 5590 17941
470.167 1416 6788
762.5 1901 8820
382.333 1100 5514
2707.33 4773 15878
297 928 4030
237 621 2247
2779.5 4409 15240
635 1651 7836
335.333 1089 4831
1223.83 2637 10637
329.667 928 4282
3611 5494 17554
1363.17 3787 12877
411.667 1159 5524
2540.33 4507 15365
1418.5 3961 14047
397 932 4553
225 418 1418
5689 7078 20255
2903.33 5222 16922
544 1660 7779
3282.5 6861 18609
2786 6416 18177
1354.67 3399 12122
410.667 1218 5979
228.667 578 1587
662.167 2064 9366
2429 5587 16608
1360.83 2570 10681
607.5 1202 5663
1065 1857 8591
1769.17 3173 12236
1825.17 4002 14542
1226.17 3091 11336
3172.5 4639 16036
637.5 1626 7846
269 755 2388
3359 4085 15235
495 1673 7292
1321.5 2398 10109
461 1524 6582
2988.83 5275 16997
2428.33 5818 16609
2937 4094 14827
2728.5 4440 15318
601.5 1161 5554
317.667 805 3714
241.5 455 1486
2825.17 4663 16108
344 689 2861
488.5 1395 6612
1469.5 3294 13108
282.5 510 1885
300.667 970 4056
420.667 1261 6315
510.833 1341 6447
257 460 1570
568.333 1730 7906
339 1131 4857
612.167 1827 8329
6321.17 9650 21788
506.5 1402 6912
516.333 1609 7572
233 636 2213
1523.5 3257 12321
2143 3958 14637
377.667 1259 5640
251 678 2328
3005 4103 15104
397.5 880 3916
1758.17 4058 14809
1335.5 2664 11378
1262.5 2121 9403
2986.67 4988 16798
371 1051 5253
2094.83 5010 16552
612 1249 6228
601 1171 5554
626.833 1982 9107
333 702 3172
3559 9448 19301
400 477 1814
1452.33 3828 13908
3005 4065 14827
1554.5 3111 11941
276.5 560 2219
1977.5 4655 15421
1495 3002 11771
4790 9408 21353
3295.5 5188 16977
780 2201 9972
385.5 878 3847
599.833 1850 8298
1882 3664 13753
331.667 899 4383
1087.83 2418 10577
2838 4661 15929
2093.33 4889 15701
1608 3179 12193
461 588 2498
3459.5 6180 17884
762.5 1527 7176
1536.83 3829 14311
599.667 1877 8384
1578 3009 11955
2397.33 4939 15929
668.667 1901 8505
766.5 1898 8788
2052.67 4522 15283
2454 5288 17339
2140 3303 13400
363 1049 5184
5293.67 9250 21756
1768.5 4386 15056
1492 3014 11832
922.5 1722 8071
458 1538 6407
332 1069 4705
3096.17 4733 16358
760.833 1543 7372
329 736 2894
463 1431 6702
2957.83 4887 16700
402.5 869 4042
745.5 1898 8772
607 1212 5663
759.5 1539 7237
524.5 1183 5537
4130.83 6584 19323
2607.5 4454 15601
3568 4317 15587
2815.5 4394 15240
2937 4132 15104
1409.83 2923 11715
625.833 1941 8591
2509.67 5113 16724
2175 4732 15527
1089.5 1889 8788
2775 5896 17717
266.333 717 2345
1295.83 2732 11220
325.333 907 4231
272 760 3014
4403.5 6018 18600
1325.5 2720 10847
1691.83 3951 14435
556.5 1684 7856
266.667 777 3054
3073.5 4387 16026
593.167 1670 7980
696.333 1922 8518
3001.83 5001 16973
434.667 1191 5605
1378 3388 13037
504.333 1587 7552
1540.83 3141 12136
433 1287 6364
3465.5 5853 18214
410.667 1222 6189
1922.17 2787 11499
1506.33 3244 11993
455 1041 4717
414.667 1142 5523
1365.33 3362 12136
3890.83 7783 20628
476.333 1408 6996
1484.33 3736 13671
480 1351 6507
630 1835 8475
264.833 598 2296
304.667 696 2821
439 1172 5531
815.5 2228 10043
466.333 1436 7173
530.333 1620 7649
2878.67 4277 15037
193.333 423 542
729.167 1984 9163
1124.33 3202 10656
2167.5 4737 15702
3246.5 5242 17423
3520.33 5761 18368
1282.33 2783 10944
280.333 878 3175
753.167 1976 8915
326.5 705 2888
3179 4342 15449
325.667 1077 4553
1457.33 3616 13587
1619.33 3604 13524
2866.83 5272 16956
2858 3892 14509
1431.83 3046 11770
1615.5 3174 12811
1734.33 3805 14313
275 563 2087
1401.5 1950 8855
3041 4044 14786
224.667 597 1903
4907.5 6477 18782
1914.17 2750 11430
3302.17 4950 16854
552 1737 8135
1705 3688 13763
1334.17 2693 11378
1478 3127 11971
2732.17 4995 16881


152 324 410
353 412 1254
3164.17 6180 17034
152 281 0
220.333 622 1707
233 636 2213
237 295 953
216 486 976
251 678 2328
301 342 959
348.5 527 1920
453 519 1929
193.333 466 952
516 611 2790
247 265 0
272 770 3189
237 270 0
400 477 1814
199.667 490 1271
418 691 2904
237 578 1837
199.667 447 861
259.667 746 2845
272 727 2779
396 496 1760
224.667 554 1493
237 621 2247
325 981 4084
294 888 3646
216 529 1386
2584.17 6066 15728
337.333 979 4173
592 728 3132
193.333 423 542
479 587 2446
2269.33 6099 15518
749 925 4516
224.667 597 1903
4942.83 9072 20205
313 951 4076
616 776 3732
259.667 703 2435
228.667 621 1997
2791.5 4059 13126
266.667 777 3054
381 660 2873
275.667 828 3198
2010.33 4602 13088
213 336 901
2461.83 4729 14181
627.667 871 4075
1062.33 2874 10167
361.5 749 3080
228.667 578 1587
282.5 510 1885
261.333 678 2339
417.667 1325 5867
231.667 585 1702
511 962 4741
231.667 628 2112
2746.5 5083 14748
370.333 951 4683
333.333 1010 4199
351 456 1754
259 739 2704
334 989 4142
301 901 3915
1439 2127 9264
993.333 2232 8972
632.5 1436 6466
308.333 680 2846
1162.67 3227 11511
250.667 686 2305
219.333 622 1632
703 907 4458
2744 6273 17075
349.333 859 3822
262 516 1862
231 564 1495
233 593 1803
276.5 560 2219
266.667 734 2644
344 689 2861
3584.83 8857 18924
415 514 1912
628 701 2913
943.5 1256 5887
363 833 3739
555 644 2821
345 459 1685
2122.67 4502 13588
1937 2715 10000
283.667 649 2815
225 418 1418
603 742 3516
266 752 2973
1236.5 1597 7302
2590 4130 13348
666.167 1849 7937
582 729 3247
262.333 738 2589
695.667 1844 7888
231 607 1905
492 552 1960
354.333 1102 5060
275 625 2755
447 1190 5625
1260.5 1628 7323
1013.67 2911 10812
2063.67 4060 13301
576 725 3000
245 478 1627
356.5 750 3195
279.5 503 1854
561.5 744 2921
424.667 1382 5893
375.5 781 3722
246 473 1702
2035.33 5136 14860
2700.83 7009 18555
688 1687 7378
656.5 1665 7264
369 373 984
273 648 2379
1168.5 1545 7221
283.5 606 2595
870.667 2905 9489
594.833 1774 7851
5358.17 9547 22525
308.5 602 2529
717.333 2101 8639
2991.67 4641 14391
1058 1690 7538
3812.5 9310 19669
488 1140 5576
419 912 4448
3199.17 5795 16491
3415.67 6648 17651
1170 2950 10817
396.5 851 3754
408.5 899 4179
903.5 1226 5709
2464.33 4355 13867
266 709 2563
1247.17 2360 9581
5881.17 9753 22709
1524.17 2794 11364
983 2561 9466
412 838 3814
262 767 2939
914 1511 7161
682.667 1864 8072
522 1213 5657
413.5 898 4064
302.5 615 2655
1450 2649 9936
1481 2979 10928
4639.5 8903 20015
905.5 1185 5628
587 1332 6358
534.167 1480 6828
504 1126 5465
1111.17 2607 9827
419.667 1142 5492
889.5 2002 8724
376.333 1220 5517
777 1326 6318
1572.67 3493 12691
1211.17 3196 11038
595.833 1701 7416
469 1308 6082
745 1307 6215
1358.5 2749 9876
1298 2751 9967
1078.83 2824 10726
441.667 1260 5949
1158 1855 8480
257 460 1570
1759.5 3098 11621
3756 6503 18086
2819.67 5034 14756
2505.5 6978 16786
275 563 2087
4087.17 8993 20011
262 724 2529
3905.67 6179 17512
557.5 1335 6374
1305 3294 12100
264.833 598 2296
794 1321 6429
432.333 1306 5936
777 1300 6122
326.5 705 2888
1003.5 2751 9849
714 1635 7365
499 1678 6976
214 540 1280
538.167 1414 6458
349 1109 4925
1869.17 3179 12342
1406.17 3741 12421
1225.5 1692 7545
1253 3056 11033
1494 2671 9942
2039.33 4779 14019
3331 4839 15448
3295.67 5031 15256
428 943 4615
1621 2526 9645
1421.67 3327 12592
392.333 1069 5140
1410.5 2687 9945
2457.67 6083 15835
420.333 1134 5492
486.667 1400 6428
1044.5 1961 8551
415.5 932 4573
386.667 1095 5034
342 1082 4802
1061.5 1982 8858
1262 1911 8829
887.667 2278 9374
300.667 927 3732
810.5 1135 5586
1525.67 3136 12203
407.5 939 4438
781 1344 6510
1591.67 3459 12648
570 866 3832
664 1465 6811
3060 5426 15788
658.333 1885 8204
1402 1740 7868
438 1450 6429
475 1043 5017
368 1214 5069
1553 3127 11888
3638.33 6411 17879
497.667 1353 6325
399.333 1082 5409
236 643 2233
1576 2748 10358
546 1645 6969
749.5 2089 8715
4019.5 6552 18772
358 927 4339
584 1321 6199
710 1734 7614
451.667 1326 5976
877.5 2022 8210
729.833 2169 8884
451.333 1477 6676
418.333 1273 5835
481.667 1392 6325
1208.83 3375 11643
1235.67 2781 10389
339 845 3716
1716.17 3703 13049
1091 1705 7673
325.667 1077 4119
477.333 1415 6088
394.667 1008 4775
1471.17 3633 13009
665.167 1824 7856
5147.83 9193 20398
395.667 1068 5025
5766 8837 20944
1474.67 3260 11798
5061.67 9329 20541
418 1300 5835
550.667 1539 6969
2490 5406 14869
554.167 1709 7390
361 948 4669
2562 6815 16845
458.667 1306 6033
547.5 1019 4833
665 1285 6085
498.333 1653 6895
3398.33 6183 17353
487.333 1404 6441
304 943 4062
3536.17 6427 18001
1180.67 2427 9636
2371.33 5082 14625
546 1624 6876
461 1061 5072
5313 8901 20946
4010.17 6826 19169
1769.67 3105 12009
599.667 868 4061
334.333 938 4110
342 1078 4716
416 889 4105
6420.83 9814 23532
4077.83 9256 20457
439.667 1437 6460
1889 4783 13861
1730.33 4795 13145
2762.33 5046 14404
378.667 1159 5152
423 899 4220
3726.17 6329 18001
464.5 1000 4707
2600.5 5156 15529
411 1131 5478
337.667 962 4291
409.5 919 4271
2694.17 4880 14311
237 611 2072
424.667 1162 5600
584.5 1441 6486
684 1580 7095
397.667 1364 5695
2803.67 5530 16404
461 1040 5003
427.667 1380 5996
272 717 2604
272 760 3014
508 1497 6842
412.5 868 4011
2773 5565 16062
497 1373 6434
590 1282 5959
561.333 1615 7198
443.667 1229 5619
384.667 966 4692
516 601 2615
524.333 1533 6868
3933.5 7979 19445
431 892 4355
428.667 1261 5726
359.667 951 4592
237 568 1662
296.667 758 3708
370.333 941 4508
289.333 751 3481
4413.5 7493 19403
4949.83 9452 21784
3323.83 5486 15970
2133.67 5088 14123
410.333 1139 5478
508 817 3749
327.333 1037 4588


301 342 959
237 295 953
152 324 410
216 486 976
247 265 0
216 529 1386
2455 5411 16056
261.333 678 2339
237 611 2072
199.667 490 1271
152 281 0
2778.5 5410 16190
2851.33 5471 16564
237 568 1662
415 514 1912
199.667 447 861
3908.67 5841 17370
2504.83 5343 14702
400 477 1814
481 812 3682
348.5 527 1920
237 578 1837
237 621 2247
394 1303 5618
604 707 2888
237 270 0
516 611 2790
381 660 2873
453 519 1929
2835 5124 16017
516 601 2615
578 757 3497
1865.33 2802 10757
338.167 844 3774
940.167 2544 9227
3974.17 5934 17385
376.167 984 4575
1550.5 2261 9250
396 496 1760
1425 2325 9306
1872.5 4304 13272
304.667 696 2821
355.333 978 4297
250.667 686 2305
262 516 1862
438 800 3674
284 647 2663
1002.5 2066 8819
292 540 1877
351 456 1754
507 907 4458
360 689 2830
283.667 649 2815
321.667 789 3616
312.333 798 3338
2519.67 5183 14909
369 373 984
1041.5 2512 9799
2948 6820 18404
323.5 632 2738
302.5 615 2655
318.667 790 3490
343 436 1628
1619.5 2769 10756
653 2129 8422
492 552 1960
246 473 1702
363.667 865 3791
4213 6206 17571
350 940 4291
450.5 765 3505
2011.67 4720 13294
373.167 933 4466
2279 3775 13650
522.667 1328 6412
687 2127 8454
194.667 532 845
450 767 3657
1416 2276 8950
430.833 1277 6122
555 644 2821
722 837 3714
453 1531 6511
628 701 2913
335.167 793 3665
374 992 4575
2213 2743 10801
3494.67 6367 16675
4268.33 6731 18320
437 586 2429
487 1518 6653
324 444 1476
2326 4172 14167
586.167 1750 7580
943.333 2393 9364
3382.67 6596 17297
1444.5 3847 11913
1485.5 3824 12929
412.667 1327 5965
3822 7993 18742
450.667 1365 6186
429.833 927 4466
1976.67 4721 13394
968.833 2151 8945
194.667 489 435
2228 3661 13363
1397.33 2491 10420
370.167 934 4340
361.667 970 4449
727 841 3738
1575.83 2884 11060
5232.67 9700 21728
2869.5 5242 16398
3900 5580 16800
502.167 1509 7036
3344.33 4490 15230
2189 3628 13332
324 987 4093
370.667 1017 4612
376 1010 4583
233 636 2213
1027.83 2739 9480
709.5 1025 4699
502.5 908 4332
466 1556 6571
1037.33 2036 8327
675.333 1727 8240
1447.5 3202 11509
249 695 2256
1131.5 2494 9437
2035.67 4757 13454
1405.67 3224 11819
3558.83 5688 16759
1829.17 3612 12562
530.667 1581 7162
2209 5832 14694
355.5 752 3330
1215.5 2534 10193
869.333 2284 8518
423 511 1823
2896.83 6676 18210
442.667 1433 6415
3396.33 5048 15640
423.5 944 4558
4075.17 7312 19660
2148 3622 13214
1855.5 4631 13127
493.333 1620 7000
3934.33 8339 19584
424 510 1823
2080.5 4393 14532
813.833 2287 9134
407.333 1130 5384
651 1017 4675
1344.5 2791 10499
517.5 1360 6409
494.833 1151 5528
592.167 1715 8012
1827 2961 11318
1385.83 3241 11128
1294.5 3197 10551
468.667 1518 6639
764.5 2095 8325
458.833 1274 6234
409.667 1290 5746
422.167 1161 5462
1865 2943 11094
233 593 1803
3737 5687 17169
381.333 1193 5095
803.833 2427 8972
460.5 1243 5692
2428 3991 14600
1971 3331 12952
913.833 2249 8536
1737 3156 11984
3799.17 6517 18153
308.5 602 2529
351 1056 4544
428.5 953 4564
319.333 813 3547
1634.33 3521 12370
353.667 772 3381
487 608 2540
228.667 578 1587
292 876 3215
599.667 1850 8139
401.333 915 4133
809.5 1999 8251
491 1703 7464
2440 3927 14190
3028 6395 17261
275.667 828 3198
3741 9095 21314
231.667 628 2112
1261.33 3256 10729
367 763 3464
631.167 1662 7873
231.667 585 1702
587 1338 6456
266 709 2563
266 752 2973
406.667 1293 5769
465.167 1064 5141
327.833 786 3438
387.667 1245 5351
4703 6449 18464
228.667 621 1997
361.5 910 4107
276.333 642 2588
273.5 564 2313
436.167 1186 5600
4653 8987 19767
331 1127 4315
334.333 1030 4328
373.333 1165 5029
280.667 837 3204
384 1235 5328
345 459 1685
307 944 3999
586.5 1453 6920
295 962 3565
439 760 3430
595.333 1622 7505
6202.33 9116 22108
295.333 954 3930
379.667 1278 5575
395 1275 5703
410.5 876 4124
615.833 1594 7406
373.667 1201 5264
420.667 1178 5476
393.333 1247 5606
315.333 996 4007
417.333 1154 5433
355.667 873 3791
309.667 846 3423
309.333 848 3575
347.333 988 4376
371.333 972 4517
454.667 1062 5009
259 739 2704
415.333 1136 5425
318.667 1009 4157
445 1246 5775
520 1646 7495
346.5 720 3197
541.833 1574 7389
302 841 3348
344.333 989 4250
346.5 710 3022
469.667 1318 6286
224.667 597 1903
296.667 881 3657
329.667 826 3685
381 1177 5057
321.667 975 4068
387.333 1169 5209
355.333 1025 4445
366 999 4558
603 742 3516
498.833 1374 6361
334.333 1059 5006
5911.33 9015 21963
383.667 1141 5120
376.667 965 4652
375.667 1139 5051
224.667 554 1493
345 1012 4307
490.667 1436 6710
367 962 4402
331.333 1119 4680
360.667 957 4397
479 587 2446
544.5 1467 6970
344.833 783 3272
433 1329 6144
378.167 730 3229
401.167 1037 4658
272 770 3189
346.667 842 3699
266.667 777 3054
259.667 746 2845
251 678 2328
296.333 827 3281
272 760 3014
236 643 2233
563.167 1390 6567
390.333 1227 5480
522.833 1434 6444
214 540 1280
538.833 1537 7170
358 942 4360
465.333 1264 6065
331.667 1047 4409
295.667 869 3433
458.167 1070 5092
312.333 991 4005
262 767 2939
469.5 1070 5497
258 737 2572
328 696 2853
316 983 4013
315.333 930 3956
291.667 884 3399
363.5 782 3625
466.167 1069 5189
5841.67 9684 22064
390 851 3923
272 727 2779
5269.67 8776 19904
428.167 1109 5502
461 588 2498
469.167 1090 5519
364.333 941 4308
482.167 1152 5542
593 748 3247
259.667 703 2435
456.5 1334 6171
408.333 1266 5631
473.167 1066 5210
409.667 1042 4661
416.5 822 3696
2261.67 6447 15340
257 610 2304
513.667 1214 5879
301 901 3915
458.333 1323 6168
309.333 784 3326
333 716 3183
294.667 752 3257
326.667 949 4241
263.333 607 2456
262 724 2529
400 839 3717
371.667 875 3898
272 717 2604
293 886 3514
266.667 734 2644
345 758 3281
484.833 1223 6358
364.667 1176 5027
461.5 1086 5422
587.5 1511 7139
363.5 772 3450
407 913 4351
501.833 1393 6438
527 641 2807
371 1008 4564
399.667 1191 5335
225 383 901
709 883 4191
429.667 1036 4793
385.5 857 3858
419.5 1100 5336
372.667 1180 5049
318.667 788 3340
400.333 1080 5316
368 956 4486
479.667 1364 6314
341 919 4127
717 903 4317
301 858 3505
225 418 1418
390.333 1077 5066
401.667 1209 5343
335 1040 4369
320 1002 4059


152 324 410
216 529 1386
270.5 499 1751
1412 4592 12518
4016.67 8415 19324
152 281 0
224 632 1504
193.333 423 542
213 336 901
282.5 510 1885
261.333 678 2339
331.5 647 2704
243.5 462 1587
224.667 597 1903
279.5 503 1854
216 486 976
231 564 1495
342.5 486 1811
237 270 0
409 473 1803
237 295 953
237 611 2072
344 689 2861
237 568 1662
453 519 1929
262 516 1862
375 619 2764
401 888 3892
283.667 649 2815
329.667 826 3685
479 587 2446
335.167 793 3665
375.5 771 3547
359.833 824 3696
516 601 2615
6172.5 8385 20885
304.667 696 2821
412 838 3814
361.5 778 3708
250.667 686 2305
224.667 554 1493
235.667 631 1971
357 757 3378
272 760 3014
5163.33 10073 21682
193.333 466 952
480.167 1195 5734
270.667 780 2913
293 569 2336
6273.83 9083 21331
251 678 2328
259.667 746 2845
235.667 588 1561
415.667 1014 4775
236 643 2233
328 976 4159
338.167 844 3774
292.333 831 3223
241.5 455 1486
214 540 1280
309.333 848 3575
2078 3746 12783
432 759 3565
355.333 1025 4445
304 943 4062
304 900 3652
1482.67 3124 11103
292 859 3215
3173.5 7684 18195
231 607 1905
350 770 3309
412.5 1092 5519
308.333 680 2846
225 418 1418
1512.17 4121 11757
394 841 3748
400 477 1814
361 948 4669
199.667 447 861
3954.33 9222 19236
5509.67 9985 21466
4414.83 6585 18984
5606.17 9328 20650
1402.5 2433 9888
327.667 963 4082
284 647 2663
475.167 1181 5553
273 648 2379
2289.17 5119 14762
276.5 560 2219
420 1198 5628
411.5 930 4595
246 473 1702
327.333 1080 4998
347 904 4178
302.5 615 2655
199.667 490 1271
349.333 859 3822
416.5 903 4067
867.167 2023 8702
486.167 1335 6455
500 1180 5554
259.333 800 3169
294.667 781 3332
4643.17 8708 20623
2422.33 3742 12657
382 1045 4853
308.5 602 2529
1218.17 2604 10635
401.5 930 4394
329.667 968 4137
280.333 878 3175
402.5 869 4042
309.667 846 3423
4391.67 7839 18828
327.333 1037 4588
1689.83 4695 12763
377.333 1228 5821
514.667 1430 6570
1357.83 2657 10954
3879.5 5134 15119
434.667 1191 5605
1780.33 4060 13132
333 702 3172
259.667 703 2435
367.5 754 3399
477.667 1499 7091
580.5 1343 6579
6492.67 7709 19192
345 1099 5046
503 609 2604
343 436 1628
365.667 1152 5087
297 885 3620
295 779 3180
1093.17 2722 9976
382 1026 4675
1622.33 3236 11639
627 1739 7541
6788.5 9584 22364
340.667 958 4202
300.667 970 4056
3606.5 5017 14935
351 456 1754
522 1781 7997
372 1080 5186
851 2169 9320
3918.83 6174 16890
386.667 1147 5429
3627.67 7937 18792
1610.17 3838 11792
3095.83 6318 17634
680.167 1692 7780
461 588 2498
1078.5 3042 9629
2055 3842 12481
329.667 922 4007
2409.83 4554 14229
1077.5 3106 9800
1846.33 3168 11673
370.333 941 4508
415 514 1912
324.333 1014 4153
272 717 2604
270.667 737 2503
299 610 2377
623 808 3718
1500.5 3518 11672
421.833 1085 5358
414 919 4383
427.5 760 3439
370.167 934 4340
423.833 1186 5580
400.833 1003 4672
318.667 790 3490
348 757 3215
476.167 1296 6275
488.833 1400 6564
312.333 798 3338
2344 4617 13526
321.667 789 3616
486.5 912 4309
358 942 4360
449 1022 5026
426.333 1262 6047
5822.5 9166 21445
381 660 2873
294.333 941 3844
344.333 989 4250
1214.5 2894 9993
450 837 3743
464 1071 5270
348.5 527 1920
3453.67 5547 16603
2307.33 3581 11856
332.667 921 4133
1320.5 3187 10839
501.5 1163 5701
2284 3597 12653
607.333 1892 8066
301 342 959
418 691 2904
651.833 2115 8380
1891.5 5389 16561
433.833 914 4340
430.667 1366 6071
1216.67 3487 11414
4345.5 6625 18300
2191.67 3128 11613
445.667 1323 6122
378.167 730 3229
318.333 1050 4128
347.333 988 4376
355.5 752 3330
497 959 4727
370.167 648 2712
530 1218 6062
1156.67 2948 10511
4131.83 9533 19746
4853 6917 19175
491 918 4618
332 1026 4295
2218 3994 12976
1492.17 3684 11509
453 1313 6365
425.5 923 4434
259.333 757 2759
480 1066 5175
527 641 2807
1301 3260 10995
1692.67 2411 10118
2543.17 4348 14367
462 990 4701
429.833 927 4466
2512 4145 13353
566 1315 6507
297 928 4030
294.333 898 3434
606 1420 7193
333.333 1010 4199
4884.33 5953 16740
744.667 2051 8958
345 459 1685
4337 6817 18397
362.333 1221 5673
1800.33 5091 14423
531 1162 5571
392.333 1294 5982
4659.83 6224 17399
463 1015 4865
500.5 1363 6542
1116.67 2328 9832
452.333 1444 6923
1545.67 3896 12623
1534.5 3856 12483
473.5 829 3771
1240.5 3409 11334
415.333 1130 5530
1784 3724 12339
373.167 933 4466
457.5 1001 4672
341.667 1012 4232
447.5 1233 6194
503 1571 7324
437 586 2429
2433.5 4306 13559
622 742 3290
400.333 1070 5141
601.5 1161 5554
463.5 1306 6430
583 776 3608
665.667 1739 8521
1752.33 2937 11597
543.5 1285 6380
4250.5 8014 19975
2623.5 4589 14721
582.333 1909 8039
324 444 1476
341.667 1055 4642
3201.33 6684 18235
1918.5 4420 13483
268.167 629 2178
2128 5157 16133
3292 7465 18517
2599 4191 13820
407 1221 5861
1254.5 2999 10679
306.667 906 3700
630.667 1602 7585
1647.17 3603 11860
407 909 4265
2488 4129 13284
1711.67 2909 11047
306.5 771 3255
3919.33 8487 18917
543.5 1059 5293
245 478 1627
512 1152 5537
1292.5 3197 10960
501.167 1455 7057
369 373 984
2194 4336 13325
350 940 4291
492 552 1960
628 701 2913
505 911 4457
396 1089 5344
1605.33 4712 13910
2519.17 6979 17119
381.333 1073 5025
337.333 1008 4168
548.333 1751 7821
469.167 1090 5519
535.833 1505 7111
300.667 927 3732
4205.67 6964 18282
2017.83 4630 14353
409.5 1071 5189
486.5 897 4288
294.167 757 3086
532.167 1512 7420
451.667 1550 6252
5672.33 9680 20806
1475.17 4165 12530
455 1010 4717
5080.33 9842 20922
349.833 941 4197
3826.83 7102 18522


369 373 984
237 270 0
492 552 1960
214 540 1280
152 324 410
152 281 0
628 701 2913
216 529 1386
236 643 2233
237 295 953
279.5 503 1854
216 486 976
453 519 1929
231.667 585 1702
261.333 678 2339
231.667 628 2112
343 436 1628
522.5 711 2890
345 459 1685
586.5 891 3849
496 679 2830
592 875 3874
317.667 805 3714
604 707 2888
400 477 1814
275 625 2755
283.5 606 2595
6042.5 9629 22193
351 456 1754
321.333 789 3739
296.667 758 3708
331.667 899 4383
283.667 649 2815
308.333 680 2846
289.333 751 3481
332.333 922 4440
308.5 602 2529
304.667 696 2821
516 611 2790
262 516 1862
5375.67 9555 21866
237 621 2247
1899.5 4820 14216
266.667 777 3054
297 756 3556
251 678 2328
193.333 423 542
272 770 3189
250.667 686 2305
199.667 490 1271
633.5 1807 8366
351 940 4569
377.333 1050 5201
233 636 2213
555 644 2821
193.333 466 952
479 587 2446
5472.5 9243 21800
237 578 1837
247 265 0
224.667 554 1493
228.667 621 1997
233 593 1803
231 607 1905
224.667 597 1903
213 336 901
231 564 1495
362.333 968 4715
246 473 1702
355.333 1063 4990
792.167 1584 7322
199.667 447 861
282.5 510 1885
335 919 4509
316 983 4013
2712.5 6747 18948
2025.17 3577 13168
225 418 1418
245 478 1627
276.5 560 2219
259.667 703 2435
349.333 859 3822
259.667 746 2845
228.667 578 1587
241.5 455 1486
315.333 930 3956
1443.83 4192 13256
266.667 734 2644
302.5 615 2655
338.5 728 3046
272 727 2779
2410 3252 12320
373.667 1066 5290
967 2738 10418
1779.17 3300 12232
384.667 966 4692
671.667 1925 8634
1703.67 3471 12782
361 1056 4933
383.333 1060 5576
396 889 3847
428 943 4615
354 939 4600
720.667 2181 8697
1849 3937 14053
338.167 844 3774
3535.67 8369 20470
273 648 2379
2108.5 5399 15455
2612.67 4826 15534
839.667 2034 8809
329 736 2894
1516.83 3849 13013
412.667 1156 5674
988.833 2653 10695
1794 2664 10728
1881.83 5423 14930
1913.67 3587 13168
1248.17 2881 10801
344 689 2861
2943.5 4781 15818
426.667 1220 6343
4809.33 7498 21717
1915.5 2662 10823
1585.17 3750 13480
2342 5089 16777
2922.5 6215 19602
2069 2982 11848
2693.17 5389 17273
884.833 2431 9547
2123.17 5711 16396
2296.83 4250 14818
1909 4894 15057
3064 5654 18213
598 1849 7819
3564.83 8297 20886
2507.17 6032 18432
385.333 1315 5620
566.333 1654 7431
257 460 1570
2148.5 4954 16772
3675.5 6551 21025
1922 2826 11537
2040.67 4018 14589
1686.67 3495 12728
621 1594 7302
464 1530 6539
559.667 1704 7579
437 586 2429
324 444 1476
492 1431 6945
2012.83 4270 14205
1374.83 2371 9939
295.333 954 3930
921.833 2423 9753
1869.17 3456 12834
1180.67 3051 11625
3518.67 8257 20390
280.667 837 3204
264.833 598 2296
375.5 781 3722
527.333 1629 7356
1030.5 2562 9859
1678.17 3240 12168
275 563 2087
1781.17 4306 13897
626 1614 7362
1663.17 3251 12010
3575.83 6912 21427
3257.33 8130 20318
3561.67 8204 20440
2959 4737 15442
500 1477 7279
3255.83 6036 20016
275.667 828 3198
2375.17 5559 17370
4301.33 7482 21450
482.333 1431 6713
4110.5 6748 21427
2369 5746 17148
1407.67 3325 12097
412 838 3814
541 1471 7230
405.333 1290 5646
1939.5 3308 12336
2075.17 5649 15953
896 2223 9638
944.5 2401 9836
3100.5 5181 17286
2905.17 5368 17144
3150 4881 15924
2274.5 3112 11996
1707.5 2493 10331
2407.17 4115 15050
358 750 3198
1317.33 3022 11741
532.333 1622 7330
1153.67 2746 10739
1800 2693 11045
1287.67 2642 10304
2013.67 3922 14154
2044.83 4843 15331
2469.5 3682 13563
1975.5 4273 14230
3037.5 4763 15479
2038.5 4468 14314
3097.5 5554 18978
2323.67 4270 15439
1369.33 2481 9905
1562.83 2858 11840
3059.17 5231 16999
493.667 1463 7018
2198.17 3639 13371
2394.17 5410 17971
447 1531 6648
1782.17 3696 13542
766.5 1938 8679
1748 3740 13886
2952.17 6347 20164
818 2052 9529
1381.83 2351 9643
1922.33 3437 12877
434.667 1118 5579
1608 2465 10086
2344.17 4139 14595
1393.67 3312 12024
336 1089 4530
353.667 1091 4757
6047.17 9423 22290
1659.5 2850 11733
1258.83 3403 12189
643 1707 8091
415.667 1014 4775
3724.5 4713 15657
1336.67 3155 11892
1911.83 3124 11898
779.667 2171 9229
368.667 1045 4957
1218.5 2902 10962
715.5 1916 8656
1290.33 2504 10359
1250.33 2695 11450
1938.83 4542 15243
446.667 1279 6512
404 1350 5689
361.667 1014 4748
411.667 1192 6002
2437.5 3233 12149
1564.5 2310 9861
597.5 1639 7700
1244.33 3463 12253
1622 3114 11872
478.667 1435 6969
2253.5 4937 16395
1407.67 3329 12693
314 989 3999
2050.17 4483 14850
2264.83 3605 13336
1731.17 4854 14012
2103.67 3802 13928


237 295 953
237 270 0
279.5 503 1854
225 418 1418
245 478 1627
276.5 560 2219
351 456 1754
262 516 1862
283.667 649 2815
381 660 2873
453 519 1929
348.5 527 1920
282.5 510 1885
304.667 696 2821
349.333 859 3822
213 336 901
344 689 2861
308.333 680 2846
328 934 4141
384.667 966 4692
246 473 1702
270.5 499 1751
297 756 3556
479.5 870 3880
296.667 758 3708
275 625 2755
338.167 844 3774
385 446 1495
263.333 607 2456
450 837 3743
321.333 789 3739
342.5 741 3289
418 691 2904
362.333 968 4715
516.5 1021 4750
286 600 2336
283.5 606 2595
152 281 0
193.333 423 542
361 948 4669
193.333 466 952
334.333 926 4310
301 342 959
152 324 410
231 564 1495
231 607 1905
357 454 1495
275 563 2087
1686.67 4399 13531
257 460 1570
257 610 2304
403.833 1054 4781
415 514 1912
396 496 1760
450.667 1306 6504
249 695 2256
2758 3335 12770
236 643 2233
497 959 4727
2011.5 3083 12326
1440.17 2525 10949
214 540 1280
2453.83 5000 16276
302.5 615 2655
372 1080 5186
342.667 935 4578
494.667 1485 7365
2454.67 4829 16076
216 486 976
414 940 4601
469.667 1430 6699
1729.67 4260 14117
4037.67 9261 21679
397 932 4553
428.5 1205 5651
317.667 805 3714
415.5 1143 5628
199.667 490 1271
527 641 2807
1126.83 2952 10498
2408.33 6026 18929
607.5 1202 5663
944.667 2761 10095
1100.5 2589 10393
400 477 1814
199.667 447 861
374 1057 5562
467 841 3765
1168.17 3355 10975
259.333 757 2759
499.667 1495 7480
369 373 984
216 529 1386
1761.67 5208 17687
2308.83 4874 15769
2846.33 4672 15440
392.5 876 3852
261.333 678 2339
333 716 3183
503.667 1290 6449
237 578 1837
354 939 4600
224.667 554 1493
556.333 1706 7723
494 1529 7624
567.333 1708 7882
340 748 3548
345 1099 5046
494 633 2759
565.667 1717 8341
465.5 1295 6437
237 621 2247
1842.5 3065 11862
2198 5111 15891
530.333 1429 7391
2989.67 5998 17922
328 976 4159
325 981 4084
2252.5 3355 12854
1505 2295 10032
777.833 2201 9619
389 1299 5865
224.667 597 1903
2231.67 5094 15616
233 593 1803
1409.67 2766 11136
492 552 1960
2238 3525 13329
259.667 784 2781
304 943 4062
1603.5 2287 10058
324 987 4093
1560.5 2812 11204
468.833 1273 6407
1957.83 3444 12959
601.333 1871 8970
628 701 2913
1610.5 2799 11202
1515 4152 13527
509 1383 7041
484 1261 6430
1927 3048 11827
642 2103 9429
555 644 2821
3154.67 4820 16020
1792.67 3633 13472
412 1218 6363
2276.67 3424 13191
345 1056 4636
394 841 3748
1289.33 2866 11702
2467.17 5023 16382
1989.5 4843 15236
494.5 1434 6756
1586.5 2253 9938
880 1137 5595
334.667 898 4509
479 587 2446
2210.33 3383 13131
1263 2292 10022
332.667 937 4262
275.667 828 3198
2328.17 4055 15422
2041.67 4739 14968
512.833 1340 6544
1797.67 3661 13542
3924.67 7358 21520
4065 7355 21924
327.333 1080 4998
411.5 930 4595
1763 2690 11234
321.667 975 4068
2827.5 6863 19055
3189.33 5165 16680
481 1438 6747
453.667 1469 6883
4499 7924 22762
1695 4843 14215
1538 2169 9665
881.5 2214 9880
1753.5 2968 11711
2016.67 3073 12009
3769.67 5603 17832
318.333 989 4104
1802.33 4677 14680
1719.17 3384 12769
2198.5 3100 12572
259.333 800 3169
3329.67 5130 16680
1049.67 2736 10178
2417.33 5198 16186
3122.67 4955 16406
231.667 628 2112
2363 2971 11984
1103.5 2994 10693
1172.33 2674 11096
264.833 598 2296
1978.17 3574 13738
1824.5 4013 14838
356.333 1136 5052
389.333 1277 5907
1441 2318 10477
280.667 837 3204
254 704 2262
1925.67 3248 12714
324.333 1014 4153
477.167 1271 6401
3568.67 6761 19070
516 611 2790
289.333 751 3481
490.333 1465 7144
3604.17 6994 20792
447.667 1300 6498
382 1225 5766
247 265 0
364.333 1206 5718
1209.17 2552 10183
2154.67 4984 15476
555.333 1729 8576
1886 2393 10692
1034.17 2432 9913
2155 3836 14529
1188.33 2856 11543
637.5 1331 6556
436 1450 6835
1262.67 2634 10476
1703.5 3591 13471
2151.83 3716 13792
2041.17 3432 13022
1442.17 3330 12327
1916.17 2922 11762
593.667 1622 8367
1375.67 3170 12103
2063 4337 15388
424 1196 5632
1556.33 3249 12561
4381.67 7524 22125
621 1777 8826
543.667 1707 7876
1819.5 2659 11260
231.667 585 1702
551.667 1671 7672
4129.67 7196 21314
2214 3201 12724
3413.33 5588 17779
442.667 1436 6708
3120.83 6794 18990
826 1983 9245
3007 3681 14069
515.5 1217 5944
297 928 4030
228.667 578 1587
637.167 1922 9127
399.5 897 4090
334.333 1059 5006
453 1348 6690
3799.67 7049 20830
410 1342 5988
1898.83 3116 12097
228.667 621 1997
1435 3513 12887
2837.33 4987 16189
2176 2775 11820
579.333 1618 8077
2145.5 3035 11796
3748.5 6824 20420
2540 3496 13574
2952.33 4339 15512
3043 5188 16870
2053.17 3179 12717
2559.33 3741 13828
2964.33 4961 16484
266 752 2973
1288 2417 10526
2848.33 5083 16553
3068 6975 20653
1281.67 2665 10703
1679 2146 9774
2449 3514 13265
3304.33 5491 17707
1678.67 3518 13307
1757.33 5142 15306
1925.33 3096 12164
2274.83 3903 15078
1489.17 3184 12121
698.667 2071 9345
719.667 2030 9236
729.667 2089 9595
2916.33 5082 16635


213 336 901
247 265 0
243.5 462 1587
237 270 0
351 456 1754
279.5 503 1854
237 295 953
273.5 564 2313
282.5 510 1885
263.333 607 2456
344 689 2861
301 342 959
308.5 602 2529
343 436 1628
412 838 3814
333 716 3183
415 514 1912
152 281 0
342.5 741 3289
411.5 880 3964
231 564 1495
152 324 410
262 724 2529
236 600 1823
286 600 2336
231.667 628 2112
251 678 2328
193.333 423 542
250.667 686 2305
261.333 678 2339
216 529 1386
233 593 1803
1574.17 4319 12738
315.333 930 3956
236 643 2233
272 770 3189
266.667 777 3054
214 540 1280
461 588 2498
375.5 781 3722
216 486 976
245 478 1627
313.333 951 4007
409 473 1803
193.333 466 952
430.667 1143 5562
231 607 1905
321.333 789 3739
249 695 2256
385.5 857 3858
453 519 1929
384.667 966 4692
199.667 490 1271
231.667 585 1702
228.667 621 1997
237 621 2247
296.667 758 3708
361.167 959 4667
257 610 2304
342.667 935 4578
275 625 2755
233 636 2213
516 611 2790
4928.33 8740 21719
283.667 649 2815
338.167 844 3774
308.667 937 3740
381 660 2873
348.5 527 1920
400 477 1814
262 516 1862
275.667 828 3198
1171.33 2699 10042
199.667 447 861
413 1192 5603
2196.5 4331 14173
318.667 1009 4157
297 756 3556
331.667 899 4383
450 837 3743
237 578 1837
345 459 1685
1537.5 4450 12418
1809.83 4873 13576
1373.17 3719 11923
1868.33 4393 14072
1737.33 4275 13262
346.5 720 3197
283.5 606 2595
355.667 977 4667
415.667 1014 4775
289.333 751 3481
368.667 982 4684
317.667 805 3714
246 473 1702
430 1180 5554
2314.5 3778 12798
302.5 615 2655
1404.33 3026 11371
383.667 1126 5505
418 691 2904
228.667 578 1587
678.833 2101 9113
1298.83 3068 10934
2142.5 3864 13388
371.667 872 3799
304.667 696 2821
1258.33 3080 10719
2878.83 5935 18148
1472.33 3104 11962
355 1114 4734
371.333 1083 5161
582 734 3307
414.333 1260 6120
379 1096 5393
334 1111 4651
362.667 1196 4995
763.167 1909 8208
308.333 680 2846
576 1783 8051
687 875 3982
374.667 1079 5342
335 919 4509
369 373 984
458 597 2429
332.333 922 4440
280.667 837 3204
402 1376 5773
492 552 1960
489 1390 6513
2918.83 4809 15347
1207.17 2082 8999
321.667 975 4068
1637.17 4098 12328
1353 2656 10398
2267.83 4050 13536
628 701 2913
532 829 3791
555 644 2821
1329.33 2890 10984
594 877 3874
355.667 873 3791
2199 4187 13470
1834.5 3513 12684
2466.33 4847 15576
423 1273 6139
372 1116 5218
640.167 1645 7480
1095.67 3380 11661
2756.83 4534 14844
1929.33 3394 12568
328 929 4158
562.167 1511 7288
554.667 1628 7449
1848 2611 10272
359.667 951 4592
225 418 1418
418.667 1161 5551
2091.67 5563 14930
295.333 954 3930
270.5 499 1751
425 1271 6473
447.667 1159 5576
4000 6357 18802
2498 4392 14253
2954.83 5162 16305
1919 3790 13132
375 619 2764
1851.5 5009 14452
342.5 486 1811
368.667 1144 5035
1387.17 2710 10992
503 609 2604
4398.83 7791 19825
3470.17 7077 19210
2535.67 5424 16301
369.667 1120 5200
446.333 1426 7075
295.333 911 3520
2875.17 4848 15811
334 956 4468
316 983 4013
1453.33 3070 11781
1426.17 3015 11380
1363.33 2909 11003
4008.67 6804 19169
358 1199 4935
2102.5 4976 16189
1632 3379 12071
2771 4829 15394
334.667 1144 4708
3018.5 6395 19142
2697 6243 16984
456.667 1190 5668
276.5 560 2219
2694.33 5383 16350
3071.17 4653 15255
1258.17 2530 10033
326.667 949 4241
1532 2586 10119
405.667 1013 4698
1642.5 4163 12981
369 1097 5143
1641 3952 12460
373.667 1066 5290
516 1163 5620
362.833 875 3805
519 1584 7089
365.667 1152 5087
1260.5 3670 11907
1728.17 3034 11422
411.667 1201 6062
2869 5628 17138
1737.33 3315 12336
2153.67 4663 15055
4920.17 7494 19665
527 641 2807
1534.17 2886 11379
272 727 2779
4293.67 8011 20267
2720.83 4329 14739
1615.5 2786 11081
1776.17 3039 11577
2317.33 3608 12691
834.5 1918 8533
6305.5 9215 22759
1578.83 2999 11396
1807.5 3229 12470
1286.33 2617 10267
1362.17 3206 11137
669 1960 8725
640.167 1920 8343
1304.67 2595 10218
554 1698 7236
645.5 1904 8089
378 996 4692
697 895 4108
529.667 1702 7784
701.667 2107 9121
557.667 1539 7257
5744.67 9524 23589
421 1324 6265
1721.33 3891 12284
365.667 1109 4677
331 725 3114
2335.67 4647 14448
3755.67 8507 19556
1368.5 2625 10888
372.333 1117 5269
1169.67 2618 9959
2635.67 5431 16789
1623.17 2614 10793
367.667 1029 4870
4374.17 8388 20518
266.667 734 2644
352.333 1140 4860
2292.5 4513 14340
2474.17 4484 14514
2464.67 4169 13952
1237.17 2638 10178
961.167 2744 10679
1291.83 2979 10709
677.5 2118 9103
2024 2548 10327
526.167 1448 7154
470.333 1308 6498
2043.33 4854 14848
704.167 2090 9302
2746.5 4013 13962
742.667 2216 9958
389.667 1074 5545
576 749 3299
259.333 757 2759
728.167 2128 9327


