5549.33 9335 21406
174.667 348 864
253 621 1943
229.333 524 1837
199.667 473 1702
266.833 645 2675
840.5 2215 8873
346.833 847 3780
228.667 559 1811
468 532 1943
3393 5947 16807
610 722 2925
2098 5116 15967
248.667 578 1860
503 826 3749
580 735 2925
253 665 2807
1905.5 3637 12670
3263 5413 16377
417.833 1037 4762
1487.67 4219 12699
2778.67 6088 17387
3326.5 6744 17788
240 282 571
543 684 2853
300.333 855 3789
317.333 963 4480
336.667 801 3241
2289 3466 12343
285.333 832 3631
950 1206 5637
297 825 3688
414 839 3749
2513.83 5348 16303
663 869 3849
2754.17 5244 15978
325.667 948 4489
2517.5 4439 14916
693 865 3849
168.667 296 298
7460.33 9848 21923
260 331 838
1839.17 3709 12949
341 972 4647
280 306 649
732 839 3783
2095.33 4331 14006
331.333 956 4546
240 251 0
478.833 1154 5620
460 550 1929
1564.33 3662 12533
301.333 766 3085
446.667 1468 6474
4981.33 9565 21758
343 464 1762
316 932 4388
1420.83 4191 12678
269.667 780 2849
352.333 1134 5069
1188 1830 8429
1926 3526 11831
320.333 966 4538
378.333 1172 5528
447.667 1477 6650
1869.67 4067 13717
274 805 3273
324.333 959 4613
778 954 4592
355.333 1099 5370
168.667 274 0
291.667 750 2984
365 1115 5471
210.333 469 1136
385 1131 5528
345 428 1160
234.667 644 2291
449.333 1463 6540
795 1029 4730
263 609 1943
402.333 1257 5826
339 910 3966
721 939 4549
1495.67 2910 11044
480 1559 7210
357.667 1126 5419
720 1008 4687
408 1302 6378
246.667 639 1860
3143.67 7640 18271
398.333 1286 6277
334.667 770 3149
344.333 985 4670
507.5 761 3209
1414.5 2310 9325
3668.83 9031 20202
1463 3611 11966
402.667 1295 6352
1760.5 4376 14491
268 314 924
2515.17 4732 15249
4423.83 7846 19537
4285.5 8015 20473
4395.5 7754 19210
692 923 4448
589 746 3257
709.5 1218 5666
297.333 822 3550
384.833 907 3822
357.667 794 3307
731 906 4239
433 1379 6435
2492.17 5101 15970
461 748 2899
415 810 3611
1003.5 3064 10872
459.667 1430 6615
514.333 1636 7522
697.833 1887 8364
449 794 3402
354 654 2753
448 635 2351
250 314 614
213.667 458 973
430 605 2041
290.667 826 3617
609 790 3524
5186.33 9994 22407
1565 3924 12899
582 793 3381
2104.67 3574 13146
251.667 606 1920
1235.5 3602 11882
703 909 4239
4262.33 8286 19168
263 631 2241
392.667 1202 5577
325 434 1452
618 762 3358
325.333 1017 4627
4968.83 7747 19523
531.5 1130 5488
2354.83 4556 14768
993.667 2403 9374
475 760 3000
3663.83 7026 18305
494 630 2735
674 893 4138
1895.33 4754 15013
586 969 4673
300.667 792 3051
489.5 731 2899
405 1322 6401
355.333 1042 4696
616 790 3593
702 852 3783
437 798 3677
636 790 3717
647 1125 5531
307 791 3122
285 804 3007
1369.5 3315 11347
433.333 1362 6435
632.5 1109 5430
1996.5 4010 13278
449 621 2267
534.833 1354 6501
341.333 922 3980
271 811 2941
483.833 1223 5643
2058.17 4668 14648
456 1450 6558
758 936 4575
434.833 1297 6444
5220.83 9338 21464
1477.5 2635 10437
498 954 4535
394.167 1141 5586
425.167 1281 6343
483.5 938 4434
309 947 3831
1232.33 2405 9634
578.5 1067 5083
401.667 776 3195
323 461 1196
755 1227 5694
4384.5 6795 18838
531.167 1453 6707
564.5 1620 7513
500.333 1224 5669
593 1083 5184
560.833 1374 6527
543.667 1711 7824
877.833 2659 8940
246.667 664 2675
1812.33 4148 13494
446.333 1434 6457
241 660 2517
544.5 758 3235
1045.5 2291 9284
547 1759 7859
3031.83 6886 17741
3961 7435 18911
352 1134 4738
672 899 3882
3936.33 7259 18735
551 675 2867
553.333 1860 8004
556.333 1384 6550
311.333 968 3880
496.667 905 3844
2087 4728 14897
756 975 4713
367.667 1162 5520
532 927 4326
2599.67 5570 16769
448.333 1481 7109
1039.17 3085 11198
419 768 3367
2784.17 6887 17473
678 1794 8120
708.167 2036 8768
546.5 1448 7033
334.333 925 4047
492.333 1529 7267
251.667 628 2218
703 1229 5970
469.833 1472 7033
1816.67 3720 13219
1404.17 2847 10965
641.833 1854 8162
688.833 1949 8312
2489.67 6273 16736
625.5 2012 8635
443.333 908 3824
906.833 2755 9896
5152.83 8380 20933
1411.5 3493 11823
404.5 584 2018
480 924 4225
455.667 1437 6540
2106.33 4644 14648
461.167 1344 6493
368.667 1073 4816
1480.33 2667 10505
427.5 1308 6392
2459.33 5540 16153
1026.5 2235 8903
1346.17 2921 11340
525 923 4231
3364.67 7065 18632
392 1257 5567
581 1083 5112
653.667 1748 7982
465.5 908 4124
551 1892 7961
4463.5 7517 19305
1015.5 2692 10727
1509.83 3655 12253
382 470 1854
520.667 1476 7075
292 803 3214
383.667 746 2885
901.5 2403 9272
406 1233 5697
1589.5 2893 11307
3860.17 6709 17546
323.667 928 3863
918.667 2868 9965
497 983 4673
285.667 805 3298
647 1069 5089
1890.5 4811 14737
1400.83 3241 11814
1174 2674 10302
363.333 1097 5020
431 805 3602
990 2456 9572
352.667 1139 5362
504 1669 7631
582 1094 5132
4421.33 9825 21289
404 1253 5878
968.667 2483 9687
498.5 1504 7374
451.5 632 2371
394.333 1237 5777
470.833 1413 6516
3911.83 6011 16834
477 595 2503
985.667 2476 10241
640.167 2110 8690
1311 2679 10804
444.5 612 2096
1065.5 2316 9485
271 352 973
658.167 1624 7782
979.5 2446 9350
577.5 1056 5063
4109 8431 19439
1576.5 2681 11083
387.667 1272 6194
348 661 2678
581.667 1878 8303
385 500 1920
1436 2280 8939
1946.67 4872 15450
684 871 3906
404 821 3559
779 2037 8849
460.167 1456 6932
440 806 3726
306.333 978 4097
495.667 894 3824
435 804 3368
667.5 2149 8719
623.5 1119 5511
390 1299 6243
2566.17 4792 15740
547 692 2902
724.5 1316 6461
638.5 1677 7839
703 1286 6412
1642 2862 11714
643 1254 5990


268 314 924
199.667 473 1702
271 352 973
228.667 559 1811
174.667 348 864
168.667 274 0
6620 9444 21379
260 331 838
213.667 458 973
168.667 296 298
240 251 0
266.833 645 2675
346 473 1811
229.333 524 1837
343 464 1762
280 306 649
461 602 2327
238.667 601 2109
253 665 2807
248.667 578 1860
385 500 1920
460 650 2758
346.833 847 3780
523 643 2514
448 635 2351
317.333 963 4480
401.667 776 3195
190 461 1176
224.667 637 1765
506 675 2916
234.667 644 2291
451 644 2400
331.333 956 4546
240 282 571
238.333 636 2351
2514.33 5315 15650
1882.67 4772 12886
306.333 925 3862
483.5 938 4434
589 746 3257
307 791 3122
1864.83 4276 12576
621 774 3432
345 428 1160
315.667 957 4244
584 909 3901
712 907 4259
245.5 629 2328
692 923 4448
461 748 2899
271 821 3014
507.5 761 3209
2054 3731 12261
527.5 745 3020
1426.17 3927 11846
457 635 2367
1954.17 4993 13549
1013.67 2360 9578
284 457 1464
269 827 2961
404.5 584 2018
6443.17 8459 20247
477 599 2163
4969 6675 18418
316 932 4388
2284 2865 11706
334.667 770 3149
2549.17 6808 17597
1396.67 3160 11037
624.5 1515 7310
3421.83 8550 18102
1883.17 4638 12835
598 921 4002
2194 2813 11379
563 753 3188
1006.67 2656 9667
291.667 750 2984
2263 2888 11749
974 1252 6237
533.5 1540 7356
4280.33 8994 19537
1265.5 2703 9975
404.667 1308 6458
2068.5 3211 11216
4284.17 8493 20050
3744.67 6459 17388
2308 3110 11886
541.333 1768 8180
367 1164 5577
1714.83 3363 11592
472 644 2491
3506.67 6257 16182
1870.67 4834 12625
338.667 1004 4604
370.333 1094 4953
4060.17 5918 17260
3905.17 6038 17327
475 760 3000
971.333 2574 9651
1249 1611 7683
2770.67 5166 15172
3583.17 5902 16664
1852.67 4490 12502
1936.67 3307 11493
246.667 664 2675
300.333 855 3789
2824.17 4182 14414
2204 5623 14593
344.333 985 4670
341 972 4647
4158.5 9115 20716
327 979 4581
854 1067 5241
618 762 3358
1566.17 3442 11387
1757.17 5221 14436
531.5 904 3881
339 910 3966
325.667 948 4489
281.667 811 3105
1958 5161 13859
2048 2943 11045
215 456 972
378.667 1116 5528
2253 3892 13942
3696.17 6790 19172
2259 3292 13359
1105 1439 6868
312.667 959 3886
2236 3192 12705
1817.83 3501 11691
1857.67 3178 11149
1771 3267 11419
2022.33 3855 12791
241 660 2517
2301 2748 11109
564 925 4090
770.667 1658 7513
4761 6404 17581
498 954 4535
834 1083 5430
731 906 4239
3452.5 4462 14507
1740 2113 9557
1320 1654 7792
341.333 922 3980
1955.33 3995 13596
417.833 1037 4762
1613 2033 9161
1432 2243 9583
2140.67 3527 12411
1524.5 2136 9551
1647.83 3190 11201
3299.67 6319 16931
573 911 3971
2904.67 6395 16493
1098.67 2494 9844
3455 7172 18413
2090.5 3189 11743
2348.83 5062 14305
1029.67 3237 11197
1015.67 2740 11005
1949.5 3239 11335
2389.83 4582 14973
1005 1725 7927
1392.5 2407 10404
574.833 1409 6524
2090 2568 10762
722 922 4348
587 787 3832
2143 5904 15247
2123 3309 12183
2454 5597 15817
577 785 3474
2191 3602 12420
1213.5 1745 8357
1858.33 3593 11912
648 865 3898
1883 3227 11229
1400.83 3974 12426
309.333 972 3957
707 972 4828
797.833 2001 8943
664 896 4095
700.167 2027 8738
2195 3768 12978
1714 3243 11255
856 1065 5171
1928.67 3953 12214
638 903 4026
451 1435 6641
1464 3710 12166
1694 2205 9801
787 1057 5097
388.333 1290 5889
504.667 1701 7594
286.333 823 3723
388.667 1082 4962
310.667 1000 4308
677.667 1871 8222
3507.83 5656 16385
821 1104 5571
364.667 1123 5462
693 912 4196
250 314 614
274.333 792 3079
397.333 1304 6225
615.167 1253 5843
634.5 1081 5072
1614 2610 10777
496 616 2500
1208.33 2361 9642
4873.33 8725 20070
450.667 1485 7029
4600.33 6787 17859
387.333 959 4696
365.667 1133 5485
325.333 1005 4627
1133 1830 8820
1401 1700 7818
2086.67 3016 11281
325 434 1452
1053 1638 7430
493.333 1600 7365
210 472 1389
321.333 791 3582
2112.5 3115 11662
4969 6642 18106
2165.5 3030 11847
950.5 1413 6833
512.667 1694 7651
4963.5 9596 20790
276.667 778 3056
5340.5 6612 18418
4707.33 9829 23287
500 991 4722
446 1498 7092
837 1092 5479
288.333 795 3332
1047 2419 9621
352 1129 5419
3502.5 6667 17730
311.833 801 3356
504.167 1410 6550
326.333 1008 4719
311.333 973 4561
449 621 2267
1707 3745 12208
2970.33 5268 16153
1429.5 2552 10513
578.833 1405 6501
1832 3431 11820
316.667 900 3822
929 1217 6079
488 641 2399
792 2076 8773
440 806 3726
829 1128 5686
662 937 4670
709 943 4690
477.5 956 4564
496.167 1463 7132
235.333 623 2227
715 1071 4953
511.333 1663 7559
341 1091 4801
848.5 1257 5875
2188.17 3856 13517
2943.17 5348 15819
1063 1398 6744
748 969 4713
495.5 765 3350
278 815 3645
356.333 1106 5384
342.333 1113 5318
516.333 1304 6458
885 1081 5272
1529 2328 9925
957 1277 6475
443.333 1481 6796
366.333 1072 4818
697.167 2101 8851
563.167 1058 4940
2698.83 5467 15839
797 1072 5186
1060 1404 6710
1838 2373 10616
5477.83 9048 21294
2668.83 5486 15687
2100.5 3355 11757
816 1073 5198
364 1060 4804
379 1095 4962
438.333 1441 6598
1021 1658 7760
233.667 607 1880
827 1124 5577
1030 1377 6518
759.5 2329 8908
313.333 945 4170
650 902 4082
447.333 1144 5692
413.667 1232 5800
403.667 1266 6366
695.833 1864 8355
870 2130 9431
802 1943 8926
444.667 1467 7000
282 794 3200
581 825 3754
538.333 1875 8291
1650 3534 11648
366 1122 5485
784 1093 5528
424.833 1109 5534
2447 2986 12355
306.667 961 3943
680 927 4589
847.5 2095 9273
319 893 3832
1123 2428 9912
1512.5 2062 9471
868 1154 5709
2425.33 5533 15633
954 1268 6426
1391 1719 7973
4405.17 8786 20454


168.667 274 0
174.667 348 864
228.667 559 1811
199.667 473 1702
248.667 578 1860
236.667 610 2376
271 352 973
168.667 296 298
253 665 2807
460 650 2758
229.333 524 1837
385 500 1920
238.667 601 2109
346 473 1811
213.667 458 973
266.833 645 2675
468 532 1943
278 815 3645
300.333 855 3789
3935.67 7758 21806
503 826 3749
1176 3087 11568
286.333 823 3723
236 665 2383
648 865 3898
311.333 973 4561
325.333 1005 4627
452 606 2336
268 314 924
723 1015 4736
506 675 2916
343 464 1762
581 825 3754
277.333 779 3392
578.5 1119 5560
541 969 4722
302.333 929 4230
338 449 1415
346 425 1096
349.333 1109 5451
813 1052 4805
380.667 1306 6231
623.5 1156 5629
324.333 959 4613
320.333 966 4538
494.5 1493 7213
393.333 1295 6332
339.667 1089 5111
240 251 0
607 1155 5603
274 805 3273
638 835 3797
451 644 2400
276 767 3366
425.333 1426 6696
234.667 644 2291
4860.33 9517 23470
610 722 2925
301 917 4204
368.333 1145 5494
314.667 939 4273
362 1099 5255
344.333 985 4670
418.667 1442 7121
323.333 927 4348
323 461 1196
273 769 3008
1146.5 2450 10949
369.333 1135 5508
780 995 4779
382.667 1276 6257
2917.83 5212 18231
497.667 1708 7703
190 461 1176
4818.67 7236 21736
2599 5166 18101
241 660 2517
2273 5237 18132
1807.67 5041 17249
1382.17 3911 13849
2999.17 4805 17605
345.333 1116 5376
1200.17 3271 12317
269 827 2961
1996 3915 14923
2659.67 5513 19315
4899.17 7419 22617
435.667 1483 7138
2444.67 4875 17605
2656.33 4352 16500
2208.33 5544 19591
2124.33 5569 19055
5187.17 9397 23479
985.667 2318 9589
382 470 1854
662.5 2078 8926
240 282 571
1509.17 3389 13563
1491.17 3976 14572
1105.17 2228 9209
2359.83 6266 20712
496 616 2500
717 1466 7348
503.167 1503 7282
2284.33 5994 20485
2033.83 5365 18014
916.833 2238 9326
945 1182 5686
2105.33 5255 17846
855 1145 5617
1477 4222 15034
330 1051 4729
569 780 3573
505.5 1526 7388
352.333 1061 4873
1185.5 3469 13051
341 972 4647
1265 2986 11873
345 428 1160
468 1376 6550
404.667 1299 6458
1464 2888 12140
888.833 2542 11271
1212.83 3037 12820
305 901 3891
494 630 2735
636 790 3717
326.333 1008 4719
370.333 1168 5600
571 766 3338
351.333 1158 5557
529.5 1669 8212
457 620 2692
1403.5 3586 14050
265.667 744 2901
2225.67 4615 17267
1786.5 2690 11297
1136.83 2395 9826
770 982 4756
544.667 1418 6560
2072.33 5276 18796
2069.83 5219 17803
1941.17 3980 15479
4089 7848 22187
679.5 1316 6510
496.833 1536 7319
393.667 1292 6283
493.667 1207 5731
316 932 4388
468.333 1500 7141
563 753 3188
2154.33 5742 19831
381.333 1199 5626
395.333 1318 6438
638 903 4026
2588.83 4509 17071
1417 4027 14153
1440.5 3560 13760
741 966 4655
1271.83 3526 13625
711 940 4555
1370.17 2932 11482
320 1007 4587
224.667 637 1765
1762.5 3881 14655
422 1346 6484
4902.67 7383 22068
1902.33 4839 17353
2681.17 5246 18150
325.667 948 4489
306.333 913 3917
1498.5 3418 13529
2004.17 3905 14923
2212.33 5653 19817
2029.17 4142 15732
1328 2973 11729
2051.33 5256 18480
1686.33 4393 16246
3101 5422 19069
3516 6760 21668
246.667 664 2675
1164.83 3162 12008
402.333 1276 6352
2365.67 4102 15570
280 306 649
1974.5 5363 17966
556.5 804 3416
2496.17 4867 17605
1600.17 4446 15521
1855.67 3868 14857
5099.67 9293 22979
2167 3450 13822
356.333 1106 5384
1580.83 3537 13715
1529.5 4454 15803
1899.33 4782 16360
1627.67 4127 15418
536.833 1643 8088
331.333 956 4546
1306.83 2282 9695
2550.83 4335 16395
948 2420 9905
1918.5 3922 14894
1857.17 4065 15479
589 746 3257
2496.17 3773 14923
1851.33 4669 16311
1875.5 4033 15422
933.833 2425 9959
883 1126 5637
1752.17 3814 14549
469 588 1975
365 1115 5471
1855.17 3869 14857
1629.33 3679 14513
343 446 1236
2292 2802 11746
2159.5 4826 16882
2607.67 4851 17605
549.5 1685 8269
664 896 4095
2098.5 2854 11534
2195.83 4036 15536
731 906 4239
1966.5 2828 11370
450.167 1073 5206
1257.17 3391 12842
2348.33 5921 20612
1744.5 3844 14549
2854 6348 21506
1501 3393 13563
1906.5 4088 15483
2376.83 3572 14292
434.5 1339 6530
2263.33 3879 14965
500 991 4722
418.667 1359 6507
817.667 2282 9385
1581 3074 13136
1998.67 4120 15666
1831.67 4882 16413
346.833 847 3780
440 806 3726
1782 3889 14874
1568.5 3582 14292
291.667 750 2984
2218.67 3902 15071
1145.33 2256 9356
339 910 3966
1744.17 3864 14549
1662.67 3511 13715
1798.17 3790 14711
563 1881 8294
316.667 900 3822
343.667 1073 4798
413.167 1232 5702
1784 3813 14817
2422.67 3857 15479
1576.5 2258 9556
1985.5 4105 15499
417.833 1037 4762
1355.67 3354 13332
2074.5 2865 11566
649 832 3760
1788 2206 9238
566.167 1768 8719
1797.5 2438 10448
414.5 1244 5728
1438 3578 13734
568.167 1817 8825
1925.17 4145 15881
857 2450 10275
432.5 1290 6424
1559.5 3546 13993
1781.67 3909 14874
494.667 1249 5757
1521.17 3900 14655
1385.5 3460 13562
1795.33 4050 15210
331.333 1063 4755
242.333 655 2609
2455.33 3847 15479
1919.5 2594 11306
414 839 3749
1919 2368 9926
477.5 956 4564
1951.17 4176 15973
2184.33 3578 14483
2387.83 4004 16050
2830.33 4775 17571
1504.17 3993 15098
2033.5 2882 11401
1767.67 3768 14645
618 762 3358
1574.5 2146 9048
2225.33 3604 14549
1848.83 3728 14549
475 760 3000
2813.83 5147 18188
693 912 4196
1859.5 3980 15408
827 1059 5028
2148.83 5634 19644
384.167 1098 5177
2247 2889 12302
1777 4063 15295
833.167 2309 9451
317.333 963 4480
695 932 4497
301.333 766 3085
2446.33 4324 16326
551.5 1157 5560
1171 2236 9391
1836.17 3753 14549
1790.17 3878 14874
2061.33 3579 14196
1823 3933 15325
2119.33 3493 13933
820.667 2340 9485
1338.5 3340 13106
1713 2380 9956
394.5 1154 5534
326.333 916 3923
1204 3179 12044
724 948 4598
746.167 2152 9200
2200.67 3623 14655
1351.5 3396 13438
2309.33 3729 14863
1436.83 4166 14573
825.833 2334 9810
2297.83 5766 19883
4781 9166 22686
684 871 3906
1942 4187 16255
2202.33 3857 14899
2211.67 3924 15479
2203.5 3954 15479
378.667 1116 5528
1363 3255 13388
1301.33 3489 13404
353.833 895 3866
1052.83 2277 9396
1073.83 2270 9462
1654.5 3943 14931
2017.17 4354 16860
2119.67 4881 17881
1719.5 2333 9696
1506 3610 14461
1457.5 3348 13468


168.667 274 0
229.333 524 1837
240 251 0
266.833 645 2675
174.667 348 864
248.667 578 1860
253 665 2807
246.667 664 2675
228.667 559 1811
199.667 473 1702
268 314 924
346.833 847 3780
242.333 655 2609
494 612 2270
343 464 1762
321.333 791 3582
671.333 2143 8540
223 460 947
341.333 922 3980
168.667 296 298
417.833 1037 4762
506 675 2916
363 439 1573
952.667 2644 9981
300.333 855 3789
595 749 3318
278 815 3645
398 1220 5643
648 865 3898
331.333 956 4546
271 352 973
460 650 2758
240 282 571
344.333 985 4670
316 932 4388
638 835 3797
2952.17 5984 17912
385 500 1920
286.333 823 3723
5188.17 9482 21725
346 473 1811
727 917 4432
987.167 2377 9850
1989.33 5241 15372
387.333 959 4696
364.333 1140 5462
695 932 4497
341 972 4647
573 911 3971
1954.17 4246 14361
603 832 3740
1457.67 3110 11782
712 907 4259
2389.83 5028 15157
4679.5 7859 21359
284 457 1464
780 995 4779
882 1182 5637
770 982 4756
1227 2937 11203
317.333 963 4480
602 927 4072
496 616 2500
4371.17 7018 20312
231 634 2534
325.667 948 4489
855 1177 5617
723 1017 4736
1086 1423 6561
1078 3024 10678
231.667 593 2187
4119.17 6618 19790
1229.33 3091 11466
2927 6071 18092
724 948 4598
433.833 1099 5453
324.333 959 4613
291.667 750 2984
326.333 1008 4719
820 1057 5189
541 969 4722
1903.67 3661 13777
3085.67 6959 18860
958 1308 6475
355.333 1099 5370
849 1073 5290
339 910 3966
365 1115 5471
440 806 3726
636 794 3610
448.333 1115 5554
1908 2374 10082
746 1210 5646
684.5 1272 6303
2999.67 6659 18676
692 923 4448
384.833 907 3822
245.5 629 2328
1324.33 3489 13493
2361.33 4559 14440
721 939 4549
681 1098 5322
322 941 4449
1608.5 3990 13724
2346.83 5177 17697
1588 2868 10930
832.667 2127 8919
727.5 1238 6079
325 434 1452
1092 1422 6567
459.833 1079 4818
449 621 2267
353 1081 5206
589 746 3257
1679.5 2325 9763
1362 2354 9786
587.5 1109 5479
394.167 1141 5586
1250.67 3253 12497
674 893 4138
703.667 2085 8576
3111.5 4346 14757
404.667 1299 6458
731 906 4239
703 909 4239
1093.33 2616 10183
1872.67 4799 14091
1818.5 2533 10825
362.667 1097 5307
693 920 4357
250 314 614
425.167 1281 6343
4866.5 8092 21691
812 1396 6527
483.5 938 4434
602 1125 5580
981 1259 6171
1700 2606 9978
509 1753 7726
943.833 2653 10509
1897.5 3484 12795
654.167 2150 9362
2702 3877 13789
498 954 4535
3238.5 4576 15966
190 461 1176
2213.33 4792 14666
2895.5 4116 13882
511 1694 7439
863 1527 7385
3405.67 5830 17756
1716.5 2376 10030
437 798 3677
500 991 4722
517.667 1644 7913
837.167 2036 8846
550.167 1512 7374
224.667 637 1765
3093.5 4393 14771
786 1060 5114
306.333 925 3862
1769.5 2633 10185
442 1406 6524
2286.33 4779 14660
945.5 1717 8292
815 1076 5215
1890.83 5017 14176
507.5 761 3209
3118.5 4351 14837
1198 2992 10729
1053.83 3058 11008
461 748 2899
561 752 3243
768.5 1627 8036
601.5 898 3875
566 1151 5603
636 1967 8452
1047 1372 6544
370.333 1168 5600
404.5 584 2018
320 1007 4587
902 1168 5637
389.333 1249 6119
428.667 1442 7282
345 428 1160
3089 6391 18281
635.5 895 3950
813 1052 4805
618 762 3358
2529.5 4859 17478
349.667 1096 5289
489.5 731 2899
2414.5 4249 14518
359.333 1112 5390
1446 1858 8679
390.167 919 3967
925 1212 5686
2428.5 4737 14888
271.667 776 3550
280 306 649
493 1663 7433
1044.5 3041 10764
381.333 1199 5626
438.167 1327 6467
3181 4395 15036
733 2038 8811
2507.5 4821 16820
1309 3658 13714
1619.5 4351 14044
206.667 451 912
639.833 1594 7431
895.5 1883 8837
385 1158 5528
1983.17 5015 14598
334.667 770 3149
309 936 4431
3346.67 7246 20877
390.167 1148 5511
685 1237 5646
2549.5 4731 14559
463.333 1535 7296
1175.5 2020 8911
1623.5 2489 9959
537.667 1799 8120
2246.5 3383 12540
510.5 770 3258
527.167 1670 8062
231 615 2008
788.5 1713 8160
468 589 2162
645.667 1076 4840
404 1324 6424
451.5 632 2371
839.833 2112 8914
2909.33 4097 13925
1843.83 2889 11272
475.667 1542 7348
5431.5 7717 21458
699.5 1502 7368
3019 4447 15130
475 760 3000
527.5 745 3020
308 955 4022
534.833 1354 6501
638.5 1342 6510
1318.5 2065 9061
851.833 2110 8971
582.5 1182 5629
347.333 1148 5185
752.833 1892 8690
1982 2424 10530
992 2213 9592
814.5 1304 6461
2443.5 4167 14430
2038 5134 15619
1842 2838 11269
538 1824 8406
1890.83 5063 14606
792 1425 6986
1870.5 2830 10885
2915 4092 14683
364 1145 5428
453 1407 6550
945 1182 5686
1894 2934 11749
2275.33 5026 14998
307.333 969 4189
935 1169 5663
388.667 1263 6286
929.667 2493 9473
1105 3135 12256
388 1284 6033
2030 2566 10836
1014 1260 6197
3176.5 6715 19969
652 1296 6386
1967 2445 10530
2213.33 4797 14942
2215 2807 10905
1001.5 2164 9480
486.5 946 4483
1015.33 2828 10672
668 1311 6461
936.5 2216 9672
723.5 2156 9425


174.667 348 864
260 331 838
268 314 924
168.667 296 298
248.667 578 1860
240 251 0
2823.83 6365 18055
500 642 2620
240 282 571
4327.33 9026 20234
2530.33 4660 15872
345 428 1160
168.667 274 0
231.667 593 2187
457 586 1980
5113 8886 21088
278 815 3645
229.333 524 1837
253 665 2807
231 634 2534
523.167 1406 6527
300.333 855 3789
519.833 1438 6527
331.333 956 4546
356.333 1106 5384
2284 3313 12241
847.5 2107 9322
557.5 1582 7408
271 352 973
461 602 2327
676 907 3927
266.833 645 2675
3213.83 6206 17520
3110 4623 15935
852 2161 9666
325.333 1005 4627
346 473 1811
520 652 2859
2712.5 4482 14748
199.667 473 1702
389.333 1290 6300
460 650 2758
366 1122 5485
385 500 1920
1872.5 3582 13562
1835 2827 11088
1914 2526 11196
446.167 1201 5634
341 972 4647
213.667 458 973
842.333 2338 9672
496 585 1929
343 464 1762
538.5 1548 7365
344.333 985 4670
364.333 1140 5462
284 457 1464
387.333 959 4696
516.833 1456 6550
662 937 4670
324.333 959 4613
365.667 1133 5485
276.667 778 3056
228.667 559 1811
1732.83 4633 14174
577 785 3474
1875.5 4946 16375
2120.83 5409 16419
587 787 3832
386.333 1329 6146
701.833 1834 8266
581 825 3754
648 865 3898
346.833 847 3780
506 675 2916
640 837 3855
782.5 2120 9262
453.667 1465 6997
274 805 3273
4172.67 9428 20439
494 1675 7452
782 1122 5666
417.833 1037 4762
707 972 4828
696 924 4270
288 781 3079
705.167 2163 9298
498.167 1432 6507
629.167 1973 9035
853 2256 9873
319 915 4130
378.667 1116 5528
621 774 3432
503 1667 7861
325.667 948 4489
1569 2564 10549
1326.83 3385 13021
1115.83 2934 11177
2282.5 3765 14280
577 745 2976
351 1104 5029
355.667 1131 5350
1976 2464 10315
571 766 3338
496 616 2500
378 1141 5494
316 932 4388
364.667 1123 5462
342.333 1113 5318
2000 2944 11268
483.333 1650 7409
5690.83 9150 21341
694.833 1857 8381
4766.83 7226 19929
334.667 770 3149
317.333 963 4480
1113.83 2927 10830
2128.5 3834 13728
1851.83 4634 14207
6260.5 9575 22307
1970 4706 14436
3382 4126 14670
839 1132 5709
582.167 1736 7996
1427 3335 12604
3779.5 7026 19916
3711.83 6980 19767
250 314 614
409.667 1293 6366
272.667 759 2934
237.667 609 2345
4006.5 9831 22023
2401 4085 14563
1667 2639 10831
2603 6720 17706
592.833 1819 8010
454.667 1418 6458
2187.17 4943 15301
928 1614 8094
2778.33 6792 18570
284.667 790 3456
2243 2780 11300
468 589 2162
1154.33 2707 10903
1137.33 2630 10239
424 1466 6855
1526.5 2642 10364
639 783 3502
307.333 969 4189
286.333 823 3723
3488 4733 16377
480 625 2569
2324.83 4528 15321
363 439 1573
3581 5793 17963
1898 4029 14010
2763.33 7056 19196
597.833 1754 8232
2039.83 4624 14551
852 2367 10126
914 1282 6547
326.333 1008 4719
510.5 1427 6501
325 434 1452
271.667 787 3109
3356 3984 14292
4827 6624 19636
805.5 1288 6017
919.833 2774 10677
2101.83 4111 14400
2456.33 5306 17352
311.333 973 4561
1253.83 2864 11215
2227.5 4856 14721
498.833 1422 6472
872.5 2147 9850
1237.17 2816 10988
703 1240 5975
1304.33 3364 12394
1110 2952 12111
3362 4475 15462
190 461 1176
322 941 4449
580.5 914 3898
3900.33 6916 19373
692.167 1842 8266
1437.17 4126 13843
269 827 2961
601.5 1730 8039
704.5 1849 8381
2661.5 4461 14583
351.333 1158 5557
2044.17 4818 14605
499.667 1762 7520
2115.33 3227 12197
2234.5 4082 14102
4019.33 5001 16406
455.5 762 2966
2180.83 5756 16731
826.833 2103 9156
1341.33 2934 11218
283.333 753 2867
446.667 1377 6452
363.333 1092 5370
3540.17 6258 19044
280 306 649
2242 2844 11287
370.333 1168 5600
1148 2656 10679
591 741 3149
569.667 1875 8142
656 1068 5238
366.667 1086 5071
2316 2924 11318
224.667 637 1765
363 1101 5011
977.833 2381 10163
573.333 1876 8619
391.667 1236 5909
6417 9903 22596
2831.67 5162 16947
388.333 1240 5926
315.667 957 4244
3711.83 6939 19363
384 1250 5964
598.833 1742 8246
2179.83 5530 16603
395.333 1318 6438
763.333 1859 8435
429 1474 7262
2017 2922 11235
535.5 1576 7388
2038 3366 12959
910.5 1638 7738
615 1368 6573
449.333 1467 6857
4030.83 5753 18595
3952.33 9539 20758
454.333 1419 6458
340.667 1107 5082
789 1438 7371
344 1065 4968
2961.67 4384 15123
312.667 959 3886
1132 2498 10200


174.667 348 864
168.667 296 298
229.333 524 1837
228 620 2307
280 306 649
346 473 1811
168.667 274 0
250 314 614
266.833 645 2675
325 434 1452
284.667 790 3456
260 331 838
346.833 847 3780
253 665 2807
199.667 473 1702
248.667 578 1860
340.333 760 2833
293.667 630 2316
223 460 947
246.667 664 2675
587 787 3832
333.667 973 4555
594.5 955 4191
300.333 855 3789
707 972 4828
278 815 3645
343 464 1762
460 650 2758
780 1119 5436
417.833 1037 4762
519.833 1268 5686
592.5 969 4358
241 660 2517
301.5 472 1196
385 500 1920
455 619 2718
1882 4209 14462
263 609 1943
3810.17 8064 21475
228.667 559 1811
685.5 2154 9324
3141.83 6121 18919
2555.5 3709 13705
1806.67 4670 15056
506 675 2916
475.333 1186 5577
648 865 3898
1691.5 2431 10390
277.333 845 3326
382 470 1854
688 971 4696
940 1226 5752
268 314 924
338.667 1004 4604
1025 2913 10820
1103.67 2945 11946
355.333 1042 4696
760 2360 9907
1832.5 2571 10697
1999 2561 10607
306 962 3931
940 2106 9270
373.667 1158 5551
2218.5 3363 12633
571 1208 5692
288.667 782 2973
1073 1385 6633
1875.5 2536 10602
1047.33 2761 11421
595 1333 6481
1119.17 2900 11495
1007.33 2572 10425
1535.17 3589 12744
889.5 2141 9198
2511.5 5936 17855
2686.67 7058 19480
2053.5 4481 15569
2235.67 6207 17337
1653 3547 12912
1759.5 2466 10416
663.5 1454 6616
1751 2903 11801
367.333 1157 5419
1614.5 4304 13993
3100.83 4115 15199
710 1559 7480
2590 4072 15073
760 2393 10219
1018.33 2595 10701
748 969 4713
1925.67 3453 13124
1263.5 2707 11035
1490.33 3852 12853
2953.5 7141 19761
2972.83 4015 14986
2074.17 3759 13804
721.333 2230 9404
1656.83 3953 13626
399.333 1232 5577
2598.5 3679 13997
687.333 1931 8716
540.333 1827 8162
3254.67 5993 18479
712.333 2136 8848
520 652 2859
2307.5 3192 13139
2498 4761 16415
2168.5 2868 11460
1049.33 2725 11157
2903.67 6671 19430
2065.17 3835 14464
2539.33 5935 17937
4020.17 6831 20666
1200.33 3345 11981
5117.5 6906 20910
2079.5 3414 12741
1549.83 4568 15011
398 1305 6159
3374.17 7124 20609
546.333 1821 8197
2597.5 3978 14948
451.333 1412 6475
1222.83 3539 12403
839 1132 5709
1908 3239 12324
2377.67 4158 15377
637.5 1398 6573
2762 4811 16730
4100.83 6778 20824
2236 3561 13679
2610.83 5161 17165
1598.33 3533 12552
1037.5 2372 9996
688.5 1529 7431
2902.5 4333 15400
1678.17 3927 14177
1081.83 3448 11583
2159 3146 12630
585 1306 6248
319.333 1002 4460
3370.67 6283 18972
2457 5341 17636
821 1104 5571
2161.83 5013 17028
1218 1546 7540
709 943 4690
467.333 1516 7264
3446 5879 18631
388.833 960 4052
2227.5 3156 12975
640 837 3855
1113 2494 10246
424 932 3832
815 1800 8355
632 1385 6550
2429.17 4005 14911
311 933 3997
367.167 969 4038
1781.5 3710 13682
358.667 1123 5393
240 282 571
1648.33 3959 14099
271 352 973
1480.33 3362 12532
297 781 2824
3141.17 4661 16685
403 1306 6225
456 1448 6529
297 825 3688
511.667 1710 7901
1779 4180 14208
2382.5 4983 16690
1133.17 3611 12274
3433 5771 18479
2607.5 4473 16007
358.333 1093 4979
1201.5 3852 12845
2277.67 3407 13646
1544 2641 11104
1627.5 4240 14682
3196.5 5994 18642
2752.67 5267 18163
344.333 985 4670
822 1087 5571
901 1298 6432
2499.5 3338 13248
1110.17 2498 10301
1076.83 3458 11517
1976.5 3236 12508
3338 4692 16730
4066.83 6662 20486
2114.5 2901 11627
709.333 1855 8265
676 1089 5046
548 752 3122
3780.17 8415 21982
1740 4694 16361
2567.5 3914 14471
2143 3344 12554
2994 4326 15935
3894.83 6433 20145
1522 4151 13720
2195.5 2897 11529
458 1407 6374
2571.67 5182 17072
483.833 1167 5643
494 630 2735
1335.5 3216 12228
2658 3767 14654
2775.5 4865 17252
3805.5 6108 18988
2501 4941 16625
3012.17 4325 15856
496 616 2500
1923.5 2665 11297
2562.67 6554 18003
2374.83 4212 15124
2585 4849 16625
2613.5 4466 15958
4457.83 7125 21547
347 1138 4996
3211.83 7349 20286
2903.67 6648 18908
1753.5 2394 10249
1614 3993 13301
680 927 4589
240 251 0
3488.83 7881 21135
893.667 2207 9618
2217.5 3042 12258
2631.5 4563 16529
2392 4520 15968
3348 8029 21135
3020 4281 16008
276 804 3106
3740.17 6632 20485
874 1249 6193
3419.5 6202 19270
2588 3877 14654
2880.17 4155 15225
2572 6475 18625
473 602 2284
3788.67 5766 18257
755 1077 5427
3644.67 6771 20062
1124.83 3630 12332
651.333 1867 8231
2324 5277 17550
1175 1516 7491
3926.67 6006 18843
1831 2626 10802
872 1163 5735
2947.83 6660 19315
496 585 1929
1859 4349 15411
3339 4678 16730
2160.5 3062 11964
2388.5 3120 12367
2028 3903 13937
312.333 942 4023
4046.33 7061 21347
3366.33 8150 21333
1499.83 4443 13736
237.333 644 2316
1951.5 2596 10771
2134.5 3369 12581
3689.33 6673 20220
2265.5 5516 17297
2681.17 6422 18654
2758.67 6414 18897
2176.5 2864 11486
662.5 2194 9003
1164.5 3770 12377
2777 5065 17440
3770 6467 19649
2466.5 5300 17636
542.333 1466 7204
1867.5 3853 13885
2105.5 3773 14009
784 1093 5528
780.333 1892 8834
2975.17 6786 19871
1791.5 3704 13682
320 973 4220
1033 1454 7313
487 966 4167
806 1508 7431
563 753 3188
634.333 1740 8177
2588 4377 15669
3517.5 6274 19286
206.667 451 912
662 937 4670
1709.5 3668 13004
1511.33 3758 13162
2594.67 5950 18326
1671.5 2231 9947
782 1122 5666
1404.17 4073 13300
620 1710 8128
455 1121 5226
693 1364 6550
2421.67 6766 18319
906.5 2146 9689
375.667 1255 5601
870 1270 6340
673.667 1914 8584
322 975 4526
4181.5 5869 18600
433.667 774 3062
506.333 1592 7382
2161 4302 14691
426 1320 6343
1689 3465 12758
1738.5 3566 13004
705 913 4170
699.5 1717 8180
1059 1449 7187
829 1128 5686
2975.17 6822 20143
325.333 1005 4627
859.833 2073 9057
2554 5418 17687
4009.5 5640 18259
3117.67 6580 19940
942 1272 6567
896 1254 6409
581 825 3754
469 588 1975
402.667 1309 6274
897 1237 6409
914 1282 6547
550.667 1845 8208
586 1579 7270
317.667 991 4411
4879.5 6636 20623
3896.5 5457 18216
1527 4690 14916
210.333 469 1136
1015 1419 7175
638 903 4026
571 766 3338
1403 2379 10033
862 1941 8926
780 1071 5295
730.333 1820 8263
3212.17 7316 21066
965.5 2122 9623
535 1794 8159
345 428 1160
820 1606 7987
923 1271 6435
569 780 3573
817.333 2114 9023
421.667 1330 6366
428 1456 7063
855 2076 9023
973.5 1443 6865
988.5 1444 6931
561.333 1881 8567
4212.5 5873 18988
4046.33 7020 20943
577.333 1412 6520
1300 1997 8960
4442.5 6178 19789
501 1680 7780
706.5 1638 7480
369.333 1135 5508
1046 1856 8869
780 1063 5008
4220.5 5941 19181
1526.5 2040 9040
827.5 1269 6097
319 1016 4495
371 1065 4762
555.833 1368 6458
5074.5 7107 21432
3528.33 6468 19339
722 1117 5195
1332 2731 11278
336 1083 4835
342.333 788 3079
641.167 1427 6599
830 1633 8220
837 1274 6142
682 1936 8699
2044.5 4031 14506
560.667 1812 8171
690 1101 5147
335.333 971 4061
1030 1587 7746
254.667 607 1894
323 461 1196
4545.5 6026 19956
799 1871 8909
619.5 925 4165
451 1470 7181
746.5 1245 6028
712.5 1640 8220
4007 5961 19605
717 1489 7339
392 1277 5843
1120 1576 7764
734 1670 8269
661.5 1509 7362
508.333 789 3125
4197.17 9127 22540
676.5 1597 7411
502.333 1281 6208
1110 1486 7399
502 1298 6208
813 1463 7238
4223.67 9319 22658
3904 6191 20298
692 1943 8777
4338 8979 22540
740.5 1801 8791
504.667 1273 5686
903 1452 6865
918 1453 6931
911 1233 5752
775.5 1545 7457
984 1323 6616
589 1654 7935
521 1718 8145
799.5 1666 8246
354.667 1165 5301
433.667 1438 6385
653.5 1389 6599
2034.5 4037 14506
542.333 1417 6567
1734 3574 13329
1061 1440 7316


250 314 614
210 472 1389
174.667 348 864
265.667 744 2901
235.333 623 2227
3225 6278 16576
325 434 1452
228.667 559 1811
3911.67 9142 19091
199.667 473 1702
1392 2301 9408
270.667 825 3312
240 251 0
229.333 524 1837
305.667 602 2227
266.833 645 2675
168.667 296 298
253 665 2807
241 660 2517
4359.33 9156 19506
1630.67 4197 13327
2869.83 7093 18981
449 621 2267
248.667 578 1860
595 802 3697
4043.17 5802 17188
520 652 2859
240 282 571
278 815 3645
260 331 838
1590 4381 13056
805 1028 4762
640 837 3855
302.167 769 3200
6703 9447 21182
264.667 648 2362
346.833 847 3780
990.333 2421 9895
384 944 4170
325.333 1005 4627
346 473 1811
417.833 1037 4762
664.5 2123 8378
300.333 855 3789
343 464 1762
460 650 2758
581 825 3754
385 500 1920
213.667 458 973
268 314 924
571 766 3338
1130 2025 8697
246.667 664 2675
306.333 913 3917
506 675 2916
496 616 2500
3493.67 6467 18169
493 588 1969
877 1387 6559
168.667 274 0
349.333 1109 5451
313.333 945 4170
642 808 3717
324.333 959 4613
387.333 959 4696
3135.83 6074 16357
648 865 3898
3385 5923 17650
723 1015 4736
1230.33 2868 11655
717 958 4555
434 813 3651
367.667 1162 5520
288.333 795 3332
320.333 966 4538
282 794 3200
1134.67 1769 8042
645 1102 5227
355.333 1042 4696
540 1794 7847
4701.17 8903 20762
310.667 1000 4308
238.667 601 2109
288 781 3079
552 944 4245
263 631 2241
3830 7024 18210
276.667 778 3056
355.667 1096 5063
525 923 4231
461.167 1344 6493
316 961 4259
683.667 1969 8507
1853 4889 13921
394.167 1141 5586
669 1138 5586
413 775 3292
600.333 1720 8031
424.833 1109 5534
3909.5 9597 22657
346 425 1096
2528.17 5565 16327
1473.5 3601 12397
459.833 1447 7282
450.5 925 4130
558 937 4320
330.333 932 3972
215 456 972
392.667 1200 5537
334.333 925 4047
430.667 1266 6427
628.833 1610 7388
366 1122 5485
868.5 2347 9569
425.333 1395 6834
602 759 3025
431 805 3602
656.5 1243 6016
341 972 4647
2190.67 5297 15710
1905.17 4787 14590
535.5 1104 5373
619 1093 5178
325.667 941 3949
390 1265 6309
1457.67 3715 11983
498 954 4535
1276 2326 9425
359.333 1075 4885
419.167 1291 6424
517.5 1074 5063
480 924 4225
541 969 4722
513.5 1630 7773
693 912 4196
595.5 1087 5158
524 1726 7776
430.333 1088 5138
496 1512 7354
271 352 973
460 550 1929
578.5 1119 5560
401.333 1252 6010
376.333 1102 5172
237.333 644 2316
1029.33 2647 10292
4407 8762 20720
610 818 3757
496 1394 6834
329.667 934 4024
618 762 3358
4201.67 9263 19277
813 1097 5192
1221.33 2759 10857
310.333 983 4078
2730 5285 16114
2438.17 3582 13351
5288.5 8119 19077
1406.67 2052 8854
224.667 624 2149
354.667 1084 4862
1928.83 3922 13169
623.833 1649 7801
1357.17 3303 11979
5275 8350 19415
2903 3547 13187
1918.83 4635 14711
738 947 4354
455.333 1238 5976
359.667 1089 5138
2726 3378 12335
701.667 1446 6946
1327.33 2669 10582
698 2097 9247
321.333 791 3582
484.833 1294 6530
483.667 1623 7419
1720.67 4361 13553
365 1115 5471
482.667 1624 7752
471 1244 5996
914.5 2526 10031
2145 3832 13895
433.667 1303 6435
1870.83 5132 14539
458.333 1506 7233
351 938 4081
715.833 1799 8243
400.333 1245 5996
649 832 3760
434.833 1297 6444
2563.5 6113 16445
403.667 1266 6366
325.667 948 4489
2216.5 5725 16002
767 1248 6085
331.333 956 4546
770 982 4756
1853 4936 14210
475.333 1665 7695
1026.5 2549 10203
647 1069 5089
581.333 1794 8220
2026 5008 14746
348.333 1173 4922
448.333 1115 5554
1178.67 3106 11919
511.167 1448 7308
356.333 1106 5384
1015.83 2714 10765
1010.33 2788 10395
378.667 1116 5528
1981 5039 15152
280 306 649
2548.17 4802 15007
371 1065 4762
1125.17 3147 10813
2616.5 3929 13964
344.333 985 4670
1976 5216 15606
724 948 4598
5832.33 8699 20550
514 1036 4722
384.667 1239 5976
2839.67 6328 17481
580 735 2925
2151.33 3800 13180
610 722 2925
775 1047 4828
845 1132 5594
503 826 3749
2518.5 4887 15572
1330 2453 10022
2139.17 4854 15016
357 1033 4696
1272.5 2573 10322
1208.83 2873 10837
286.333 823 3723
1481 3945 12426
311.333 973 4561
469.167 1438 6883
956.333 2864 10797
1751 4968 13884
414 839 3749
698.333 1694 7887
1233.33 2999 11810
590 1778 7830
428.333 1467 6837
1808.33 4284 13594
545.667 1792 8085
481 638 2534
445 1480 6871
1401 2338 10088
2031 4987 14831
799 1289 6487
2704.83 4543 15703
1722.83 4095 13097
485.833 1265 6392
523.667 1445 6906
2009 5015 14831
737.667 1910 8654
1132.33 2934 11253
1609 3286 12214
1946.83 5042 15219
1040.33 2376 9930
1854.67 3997 13738
1868 4017 14369
408.333 1279 6378
2468.67 4624 14840
1520.5 3399 13020
723.833 2098 9391
1311 3913 11990
638 835 3797
447.333 1144 5692
1172.33 3131 11621
774.667 2451 9511
369.333 1135 5508
556 788 3372
663.667 1945 8243
1398 3790 12267
411.667 1182 5620
469 935 4173
368.333 1145 5494


250 314 614
168.667 296 298
240 251 0
168.667 274 0
325 434 1452
468 532 1943
206.667 451 912
493 588 1969
240 282 571
238.667 601 2109
5030.5 9796 22420
213.667 458 973
638 835 3797
344 646 2460
506 675 2916
346 473 1811
581 825 3754
286 762 2826
741 966 4655
260 331 838
589 746 3257
291.667 750 2984
587.5 1109 5479
613 792 3616
513 900 3740
284 457 1464
263 631 2241
674 893 4138
174.667 348 864
5282.83 8743 22802
293.667 630 2316
350 1055 4887
734 1508 7333
199.667 473 1702
287.333 771 2852
228.667 559 1811
465 594 2126
486.5 946 4483
591 1136 5528
316 932 4388
465.5 908 4124
583 751 3116
535 976 4647
382 470 1854
652 1296 6386
4642.33 9686 22379
271 352 973
494 630 2735
385 500 1920
2730.17 5799 16899
306.333 925 3862
701 1053 4812
268 314 924
606 809 3731
633.667 1717 7975
616 790 3593
343 464 1762
2135.5 3593 13903
1099.83 3165 11415
460 650 2758
2856.33 5853 18435
1345 2486 10633
457 620 2692
712 907 4259
280 306 649
578.5 1067 5083
680 927 4589
2141.5 4965 15957
692 923 4448
434 813 3651
330.333 992 4437
535.333 1261 5975
483.5 938 4434
1353.5 3427 11861
667 2021 9184
2116.5 3640 13323
344.333 1079 4993
387.667 1272 6194
352.667 1139 5362
1096 2858 10971
2235 3744 14148
213 469 935
587 763 3142
629 774 3335
800.5 1671 7982
732 974 4615
286.333 823 3723
813 1052 4805
388.667 1263 6286
844 1134 5496
780 1051 4779
648 865 3898
353.667 1130 5454
1325.67 3185 11782
1802.5 4915 14467
224.667 624 2149
364.333 1140 5462
492.667 1253 5903
882 1182 5637
1533.5 2757 10965
235.333 623 2227
4964.17 8277 22349
271.667 776 3550
309 936 4431
349.667 1096 5289
925 1212 5686
210 472 1389
404 821 3559
950.167 2335 9682
1848 3187 12187
1342.67 2827 11066
233.667 607 1880
431 805 3602
812 1724 8214
1609.83 3869 14012
391 1290 6335
3528.67 7646 20360
1584 2820 11135
733 1332 6510
2535.67 4755 16016
363 439 1573
887 1884 8756
1094 2348 9849
575.333 1895 8395
1789.83 3761 13114
729.5 1305 6461
3710.5 7186 20225
1606.5 2930 11953
1900.5 3411 12295
1550.5 2980 12088
1761 2690 11379
677 1172 5629
1662.5 2480 10730
1186.17 2775 10850
4715 7451 21529
2108.5 3433 12417
2526.17 4757 16305
500 1628 7632
488.667 1613 7565
2392.33 6194 17159
490.667 1658 7724
2001.33 4533 14574
1177.33 2917 11445
954 2405 9959
777.333 2050 9227
366.667 1086 5071
582.667 1907 8403
1554.67 2814 11008
1587.67 2732 11199
1144 2307 9796
1846.33 4704 15428
3682.83 5770 17646
248.667 578 1860
404.667 1299 6458
499 1629 7807
238.333 636 2351
574.333 1904 8303
331.333 956 4546
3819.17 6490 19512
3650.83 7584 21316
4573 6810 20674
3447.67 7700 20822
527 1727 8189
1727.67 2644 11150
370.333 1168 5600
355.333 1099 5370
2553.17 4907 16372
253 665 2807
418.667 1359 6507
491.667 1649 7816
326.333 1008 4719
631.5 1919 9146
485.333 1633 7549
428.667 1442 7282
3159.5 5015 17123
3445.5 7132 20059
896.833 2437 9847
916.833 2532 10777
925 2004 9405
2325.5 5616 16870
824 1083 5140
3454.67 5740 17265
3774.33 7480 22255
4668.5 7173 21237
4612.5 6707 20235
1639.33 2694 11199
881 1095 5255
1637.83 2703 11107
321 910 3914
1586.17 2741 11107
381.333 1199 5626
1911 2919 11847
4190 7058 21165
494.333 1652 7931
3135.33 6353 18627
424.5 903 3740
1316.17 2844 11436
427.667 1451 7190
4075.5 6431 18976
1267.67 3444 12945
487 1565 7342
725.667 2070 9443
3591 7363 21155
2877.17 6496 19066
1244 2313 10155
421.333 1355 6693
1082 2369 10077
2765.83 5270 17253
486 1623 7551
2172.83 3474 13002
753.5 2190 9602
1087 3011 10982
404 1324 6424
4746.17 7282 22255
558.833 1769 8300
3569.83 7383 20360
3238.33 6639 19626
4574.67 6481 19573
753.5 1554 7457
1520.5 2298 9748
2028.17 3862 13978
3742.83 6912 20761
727.5 1238 6079
4019.5 6390 18953
396.667 1237 5835
503 1584 7365
583.5 1828 8647
616 1783 8611
4887 6684 20189
392.667 1318 6358
2711.83 4085 14282
3805.5 6542 19219
431 1469 7331
1354.33 3013 11567
494.333 1578 7350
3712.17 6672 19836
319 915 4130
1315.5 2510 10369
1916 3660 13132
3377 6123 18947
3300 6433 19112
2236.5 5145 16737
2141.17 4235 15445
330.667 981 4512
4159.5 5593 17338
2840.83 5771 17428
325.333 1017 4627
883 1890 9196
1862.67 3718 13039
4444.33 7021 20827
521.333 1744 7947
2852.33 5984 17877
4861.5 6818 20896
871.333 2589 10449
3252.83 5776 17667
397 1232 5869
3006.5 4306 15639
348 661 2678
902 1168 5637
3404.83 7727 20261
369.333 1177 5508
1638.67 2492 10812
348.667 1003 4572
4494 6874 21165
3571.5 6869 19971
1181 1550 7376
4613.5 6697 20235
2891.83 6268 18571
3030.5 6310 18578
894.5 1438 6822
635.167 1854 8703
2975.67 4537 15762
4097.33 6414 19432
4337.83 6843 20761
403.667 1308 6366
1490.17 2302 10063


168.667 274 0
3908.33 7278 18410
168.667 296 298
3597.5 7243 17815
3852.17 9049 18563
206.667 451 912
210 472 1389
3266.17 5923 16158
215 456 972
468 532 1943
382 470 1854
2977.67 6696 17243
3897.67 6257 18127
240.333 620 2063
263 609 1943
263 631 2241
477 595 2503
213.667 458 973
4130.83 7853 18979
2565.17 3663 13240
1653.83 4266 12898
1297.5 3443 11884
2374.33 4554 14044
2001.33 5160 15640
494 630 2735
575 738 3027
228.667 559 1811
1763.83 4398 13263
579 750 3053
235.333 623 2227
251.667 606 1920
305 901 3891
265.667 744 2901
253 665 2807
2353.33 4526 13795
2164.17 4995 16077
271 352 973
248.667 578 1860
2022 5122 13355
506 675 2916
638 835 3797
3021.5 6428 17337
6413 9864 23671
240 251 0
4087 7886 19804
306.333 913 3917
297 825 3688
457 620 2692
325.667 645 2382
276 767 3366
314.667 939 4273
273 769 3008
264.667 648 2362
616 790 3593
741 966 4655
385 500 1920
280 306 649
346.667 1102 5062
277.333 779 3392
2152.17 4046 13141
174.667 348 864
2599.33 4379 13370
2744.33 4362 14168
346 473 1811
696.5 1070 4792
2209 2805 10965
598 750 3366
2192 2830 10827
3687.33 6645 18165
291.667 750 2984
199.667 473 1702
457 581 2037
1678 2961 11008
240 282 571
589 746 3257
331.333 956 4546
460 650 2758
1433 3173 10810
1338.5 2780 10779
695 932 4497
345 428 1160
3997.83 8427 20072
1585 4275 12759
933.5 1419 6563
395.333 1264 5650
234.667 644 2291
392.667 1200 5537
2825.67 6093 16086
1895.17 4944 13308
1868 2416 10128
556.5 804 3416
636 790 3717
1441 3024 11567
447.667 1387 6444
590 793 3524
935 1169 5663
587.5 1109 5479
563 753 3188
1724.5 2854 10845
339 910 3966
780 995 4779
323.333 927 4348
3819.5 5600 16116
902 1168 5637
300.333 855 3789
882 1182 5637
1038.5 1584 7683
769 1017 4756
355.333 1042 4696
462 1533 7207
2128 2624 10736
2673.33 4249 13325
268 314 924
378.333 1172 5528
770 982 4756
343 464 1762
2006.5 4221 13206
341 972 4647
649 832 3760
1451.5 2588 10337
2088 3037 11631
1445.17 2511 10336
724 948 4598
344.333 985 4670
1718 3321 12337
2295 2906 11505
269.667 782 2941
648 865 3898
671 880 3991
2053.5 2864 11054
692 923 4448
3806 6673 18406
731 906 4239
448 635 2351
2388.5 3683 13315
246.667 664 2675
602 1125 5580
324.333 959 4613
1087.17 2501 10227
2099.5 4903 13716
2021 2586 10466
610 722 2925
345 439 1263
368.333 1145 5494
1052.67 2482 9714
343 446 1236
1348 2082 9209
396 1159 5554
465.333 1440 6931
721 939 4549
316 932 4388
1285.17 3748 11083
541 969 4722
1224.17 2554 10302
1008.17 2598 10084
705 913 4170
675 892 4017
1050.17 2747 10584
325.667 948 4489
1332.33 3235 10859
385 1158 5528
1497 3077 11998
1541.5 2576 10357
1051.5 1595 7757
1386.83 2727 10756
2107.33 4927 13741
3473.5 7025 17700
402.333 1276 6352
2028.67 4827 13588
3686.17 5746 16606
3276 7682 17638
1133 1819 8595
355.333 1099 5370
623.5 1156 5629
757 2088 9143
1204.5 2668 10664
1666.5 3265 12236
2732.33 4555 14251
821.5 1714 8157
1915.5 3586 12944
1910.5 3645 12921
485 1547 7325
748.667 1918 8857
1012.17 2670 10128
320.333 966 4538
379.333 1146 5520
2905 3688 13642
365 1115 5471
1381.83 3210 11051
1184.5 2399 9829
274 805 3273
3754.67 6602 18362
2729 3345 12612
479.333 1596 7637
3675.83 5719 16533
3425 7218 17419
2461.67 6537 16598
3349.33 5839 16422
1320 2378 9829
706 1458 7250
1376.33 3301 12277
399.333 1172 5577
3194.5 6725 17339
420 1302 6378
1347.67 3229 11635
553 723 3001
2484.33 4618 14068
1614.5 3797 12345
2701.67 4682 14251
772 1583 7648
867 1842 8708
851 1091 5235
237.333 644 2316
1195.67 2692 10690
1047 1619 7780
506.667 1626 7746
986 2104 9382
460 550 1929
584 1702 7812
1310.67 2321 9738
684.5 1312 6487
3714.67 5716 16422
1358.5 2266 9912
3091 6139 16960
451 644 2400
448.667 1469 7190
1791.5 3362 12654
389.667 1289 6208
773.333 2213 9688
2730.5 4985 15536
6312.5 9897 24578
916 1260 5986
433 1379 6435
416.667 1306 6401
706.667 1975 9001
497.667 1592 7611
507.5 761 3209
343.667 1073 4798
1354.67 2615 10334
3349.33 5900 16740
679.5 1316 6510
516 1754 7878
3091 6103 16688
500 991 4722
508.667 1652 7766
505.667 1657 7648
5160.83 8834 22478
241 660 2517
392.667 1202 5577
357.667 1126 5419
4609 8523 21922
4351.33 8669 21041
3858.5 8816 19503
440 806 3726
1047 1329 6544
470.667 1517 7276
2079.17 4197 13270
434.333 1448 7141
797.5 1653 8028
2704.33 4058 13664
581 1883 8765
433.333 1319 6435
658 1286 6461
740.5 1472 7368
4216.17 7716 18889
764.833 1661 7950
517 1710 8114
559.333 1845 8679
363 439 1573
787 1052 4898
1086 2623 10650
4668.33 7449 19388
2800.33 4773 14498
2203.17 4396 13385
4342.83 6528 18986
504.333 1668 7772
537.5 1141 5560
525.333 1761 8584
4939.83 7954 20129
561 1147 5580
345.333 1116 5376
686.5 1505 7299
260 331 838
4000 7833 18646
465.333 1482 7224
792 1048 4847
599.5 1427 7092
844 1133 5594
375.667 1236 5587
1731.33 4031 13023
582.5 1182 5629
759.833 2086 9367
5582.33 9266 22593
926.167 2119 9393
639.5 1275 6418
566 1151 5603
301 917 4204
7460.33 9687 23786
954.5 1959 8935
468 589 2162
723 1015 4736
1046 1389 6544
3525.5 4977 14524
3965.5 5999 17282
1342.5 2285 9823
3317.33 7573 17507
390 1265 6309
1583.67 4326 12783
348.333 1077 5186
369.333 1135 5508
581 825 3754
5583.5 9022 23484
780 1063 5008
638 903 4026
572.5 1126 5485
657.667 2034 9103
4672.33 8159 20942
638.5 1342 6510
749.333 1913 8814
278 815 3645
325.333 1005 4627
538.5 1112 5422
806 1056 5077
792.5 1212 5756
578.5 1119 5560
711 940 4555
477.5 956 4564


240 251 0
199.667 473 1702
317 957 4280
168.667 296 298
174.667 348 864
215 456 972
168.667 274 0
228.667 559 1811
240 282 571
236.667 610 2376
229.333 524 1837
266.833 645 2675
591 741 3149
460 650 2758
385 500 1920
270.667 825 3312
213.667 458 973
440 806 3726
547 692 2902
487.5 931 4375
1937.17 5360 15433
2030.33 5490 16657
2375.33 5560 16779
417.833 1037 4762
449.333 765 2990
346.833 847 3780
571 766 3338
394.167 1141 5586
248.667 578 1860
357 1144 5276
284.667 790 3456
300.333 855 3789
268 314 924
260 331 838
238.667 601 2109
3732.83 6382 20243
425.833 1266 6235
253 665 2807
437 798 3677
363 439 1573
460 550 1929
346 473 1811
283.333 753 2867
343 464 1762
278 815 3645
484.5 923 4326
3501.17 6075 19399
276 767 3366
388.667 1269 5925
355 1052 4997
307.667 892 4015
324.333 959 4613
483.833 1167 5643
376 1110 5319
2207 3361 13165
323.333 927 4348
250 314 614
345 428 1160
325 434 1452
2975 3702 13920
409.667 1266 6143
344.333 985 4670
423.667 1444 6514
274 805 3273
393.667 1224 5904
479.5 1448 7116
273 769 3008
447.833 1323 6467
235.333 623 2227
356 1084 5262
234.667 644 2291
468 589 2162
210 472 1389
464.167 1372 6516
1946.5 3084 12453
517.833 1554 7397
828 1063 5083
344.333 1073 4814
346.333 1064 4922
512.167 1544 7331
306.333 978 4097
588.833 1397 6573
591 778 3452
686 903 4101
549.5 1679 8046
2974.67 4896 17091
266.667 811 2940
451 644 2400
348.667 1090 4929
314.667 939 4273
495.833 1497 7165
309 904 4041
576 759 3092
1455.17 4097 13289
587 787 3832
387.333 959 4696
2497 4424 15808
2632 3170 13208
277.333 779 3392
682 912 4481
719 973 4713
748 969 4713
856.833 2623 10835
577 785 3474
290 748 2859
586.833 1845 8861
434.833 1084 5345
455.5 762 2966
1555.67 3430 12689
952.333 2761 11463
1373.17 3693 13185
3950.67 9361 20798
1387.67 3673 13032
573.333 1435 7133
2736.67 4603 15941
608.5 1258 6163
1327.5 3531 12957
1717.83 3254 12513
429.333 1417 6717
1283.83 3467 12488
210.333 469 1136
561 1133 5514
313 972 4205
1266.5 3254 12180
659.167 2126 10106
469.333 1596 7713
319 915 4130
1300.5 3100 12447
802 1072 5008
565.833 1726 8212
1420.67 3571 13084
382 1257 5735
3405.83 6284 19274
1489.5 3538 13063
525.833 1310 6484
1613.67 3360 12932
286.333 823 3723
436.667 1411 7050
935 2766 11027
350.667 1040 4779
1710.67 3516 13839
959 1263 6269
350.333 1132 5086
489.833 1515 7325
2370.17 5956 17515
1062.33 1555 7448
1824 3370 13125
394.333 1243 6077
318 948 4372
680 2066 9633
1909.83 3242 13039
344.667 1097 4854
2048.67 4308 15598
1190 2496 10875
405 1286 6401
358.667 1125 5353
2412.67 4921 16610
620.5 1953 9199
2572.83 5215 17165
320.333 966 4538
352 1091 5187
5882 9332 24448
362.667 1118 5428
748.333 1835 8786
520 652 2859
353 1151 5201
1463.83 3066 12288
5131.33 8263 22301
389.333 1251 6068
2658 5211 17012
615 777 3508
814 1098 5362
2793.67 5475 17753
357.667 1126 5419
384.667 1276 5850
475 1570 7865
506.5 1593 8023
603.833 1483 7199
390.333 1250 6002
816.667 2209 10454
1984.67 3783 14275
280 306 649
2412.33 5154 16823
1849.5 2934 12243
3957 6061 19015
2227 2987 13170
556.333 1358 6550
1333.17 2600 11202
4223.5 8282 21237
312.333 964 4088
1633.83 3394 13560
646.5 2066 9561
689.5 2053 9633
1311.67 2601 11202
437.333 1373 6450
2122.67 3720 14256
2819 5853 18691
532.333 1833 8302
752 974 4739
840.333 2104 9799
555.333 1822 8703
2681.5 5307 17406
1861 2419 10614
544 1796 8697
1535.5 3432 12585
4602 8435 23319
4620 8293 22071
1460 3871 14305
2760.5 5524 18244
1728.5 3301 12682
4909 9356 24912
4636.33 8124 21991
1280.67 2979 12017
1427 1817 8731
3481.5 6474 19343
1762.83 3181 12930
411 1271 6169
469.833 1146 5603
4237 8007 21895
404.333 1222 5660
797.333 1949 8967
595 749 3318
773.833 1921 8918
1263.5 3213 12065
443 1391 6567
3076.5 5947 18816
1221.5 2540 10898
382 470 1854
713.333 2203 10161
589 1560 7600
804 1068 5339
1545 3463 13515
246.667 664 2675
477 595 2503
1854.83 3257 13013
1658.83 2625 11359
505.667 1637 7882
523.667 1697 8054
2381 2907 12212
864 1134 5620
497.667 1198 5855
1816.67 4069 15345
2380.83 6504 18409
371 1115 5287
1549.67 3859 14014
450.167 1073 5206
457 620 2692
709 943 4690
969 1255 6246
3691.67 7643 19667
1081 1419 7127
466.5 1422 7093
341.333 1010 4630
241 660 2517
558 1125 5465
517.333 1271 6252
392.667 1176 5577
1206.5 2700 11900
874 1130 5597
4231 8019 20671
3691.67 7690 20640
2080 2696 11885
4626 8569 23908
917 1212 6220
4602.33 8178 21916
368 1138 5534
353.333 1140 5261
1158 2544 10993
4025.67 8360 22483
1061 2248 10606
1579.67 4144 14922
2437 3710 14326
784 2024 9791
271 352 973
605.5 1250 6114
1532.5 3382 12470
822 1087 5571
680 927 4589
2753.5 5427 17412
2188 4759 16234
1819 2713 12064
2705.5 5435 17521
416.5 1115 5370
1708.83 3865 14734


168.667 274 0
347 383 947
168.667 296 298
254.667 607 1894
215 456 972
213 469 935
260 331 838
419 768 3367
240 282 571
385 500 1920
417 1236 5611
415 810 3611
301.333 766 3085
3263.83 9160 18812
240 251 0
466.5 893 4016
468 532 1943
291.667 750 2984
206.667 451 912
280 306 649
581 825 3754
506 675 2916
3786.67 9091 20743
460 650 2758
452.5 960 4449
1668.33 4241 13130
174.667 348 864
228.667 559 1811
684 871 3906
592.5 1238 5893
456.5 918 4205
589 746 3257
199.667 473 1702
253 665 2807
278 815 3645
588.5 1280 6137
457 620 2692
382 470 1854
477 595 2503
1347.67 3728 11991
300.333 855 3789
248.667 578 1860
319.333 1002 4460
826 1031 4888
731 906 4239
297 825 3688
325.333 1005 4627
648 865 3898
723 1015 4736
664 896 4095
346 473 1811
2613 5395 16806
344.333 985 4670
1898.17 3192 12652
1681.5 2741 11134
322 975 4526
424.333 1322 6415
806 1056 5077
1689.83 3751 12738
471.5 954 4492
2523.67 3783 13651
236.667 610 2376
461 748 2899
355.333 1042 4696
971 1243 5984
1808 5413 14715
399.333 1172 5577
623 1362 6475
2819.83 5740 16919
991 1218 5795
477.333 1528 7089
369.333 1135 5508
846.333 2496 9792
486.333 1638 7694
431 1297 6226
2181.5 3826 13476
345 428 1160
589 755 3384
1884.17 3747 13045
569 780 3573
210 472 1389
4279.5 7938 20800
1588.83 3470 11990
389.667 1289 6090
613 1387 6664
235.333 623 2227
494 630 2735
1658.5 2751 11243
484.667 1601 7321
638 835 3797
479.333 1638 7536
1746.83 3183 12264
1259.17 2913 11034
460 550 1929
626 1514 7382
2815.33 4837 16698
4103.5 7716 20488
3654.67 7474 19759
3680.5 7441 20084
281 749 2826
616 1512 7026
610 722 2925
4341.67 7069 19085
3376.5 6638 18740
430 1452 6586
1302.83 2782 10884
575.5 1237 5826
620.5 1370 6449
1925.5 3753 13079
1251 2792 10876
618 1551 7597
433.667 1419 6971
2617.67 4280 14980
539.667 1782 8228
2032 4383 15278
469 588 1975
486.667 1625 7645
573 1245 5800
2545.67 3782 13967
744.5 1740 8142
636 790 3717
999 1340 6540
711 940 4555
2769.67 5960 17241
3860.5 7663 20396
2764.5 6137 18216
1375.33 2866 11593
3650.83 7201 19397
731 915 4366
2013 2991 11813
307.667 892 4015
3592.17 6498 18961
3785.5 7088 19273
486.333 1562 7247
886 1196 5659
1939.83 3990 13504
5891.17 10002 21861
834.333 2301 9692
924 1190 5702
553 1202 5668
1977.33 3455 13343
3877 7309 20002
301 917 4204
276 767 3366
268 314 924
246.667 664 2675
432.667 1478 6862
811 1046 4821
408.667 1269 6133
780 995 4779
2423.67 3689 13637
1839.5 3807 13062
343 464 1762
1752 2237 9865
1086.67 3342 11067
2182.83 3814 14566
5440.5 8086 21487
2366.5 4252 14595
885.5 2632 10460
878.333 2601 9894
1236.33 3346 11771
600 823 3691
499 1559 7150
920 1227 5682
910.5 2602 10544
273 769 3008
231 634 2534
2807.67 4151 15020
2248.17 5268 16033
1015 2297 9892
1738.5 2799 11585
520.333 1693 7904
735 2001 9393
1753 2236 9865
3683.67 5124 16927
1325.67 2536 10403
5369.83 9461 21117
2965.67 4246 15132
3002.83 6045 17441
756 975 4713
2323 5707 16361
2400.17 4093 14698
296.667 926 4388
2441.67 4241 14756
1631.33 2793 11175
477 1544 7138
3944.17 6091 18627
470.667 1523 6997
2937.67 4252 15121
1973.17 3610 13206
303.333 901 4199
271.667 776 3550
470.333 1524 6997
1569.83 3490 12173
2574.17 3614 13694
538.667 1744 8013
363 439 1573
1051.33 2083 9459
396.333 1264 5901
1568.83 2977 11690
3433.17 5851 18263
2311.17 4679 16159
1768.5 3995 13212
1663.5 3650 12416
340.667 1061 5080
415.333 1347 6231
1407.17 2463 10613
250 314 614
3533.17 6360 18396
628 1526 7408
2912.17 5702 16949
318.5 549 1748
1305.67 2666 11054
580 735 2925
440.333 1394 6782
325 434 1452
334 1086 5269
528.333 1791 8578
469.333 1652 7186
3641.17 7204 19109
830 2000 9134
613 743 3151
407.333 1306 6113
1936.17 3675 13249
1950 3682 13433
2924.67 5277 16878
309 936 4431
2242.5 5925 15811
1836.17 3467 12376
1652.83 3756 12948
3412 5399 17239
493.333 1600 7456
2269.5 3792 13476
541.667 1846 8736
1863.17 3042 11748
1019 1315 6351
1430.67 3715 12032
2537.33 6046 16995
3627.17 7407 19667
348.667 1049 4847
2995.5 6078 17441
1910 4748 13617
403.667 1240 5754
364.333 1084 5180
356.333 1096 5413
2140 3890 13476
1514.33 3643 12336
435 1417 6716
3183.17 5611 17500
2245.67 3813 13502
3645.5 7265 19355
3105.67 4550 16495
488 1579 7407
380 1245 5641
1009 1505 7381
397 1265 5943
3476 5572 17853
2357.67 5486 16694
2082.83 4359 14974
2843.83 6861 18691
1742 2258 9855
1217.17 2488 10231
1947.67 3905 13427
1414 3406 11911
385 1299 5858
1214.33 2459 10098
1241.67 3322 11766
2504.67 4391 15887
423 1470 6463
1964.5 4183 13995
2981 5500 17190
2529.67 6106 17523
1703.33 3513 12489
5134.83 9855 21857
1243.67 3225 11289
735.333 2135 9632
1972.17 3945 13921
3007.67 5753 17411
2065 2586 10888
1029.33 2927 10824
945.667 2553 10472
1739.67 3238 12197
1919.67 3818 13261
2560.83 6323 18285
1784.5 4895 14085
2428.5 6053 17015
236.333 617 1850
1652 3230 11875
404.667 1304 6093
2552.83 5179 16527
430 605 2041
3168.67 4606 16811
3355.67 5176 16927
764 2031 9410
2115.83 4356 14791
483.333 1609 7155
1962 3547 12868
1569.5 3347 11855
418.667 1341 6349
2036.5 4465 15508
2009 4207 14475
1272.5 3120 11208
2431.17 3686 13559
740 1973 8974
2049.17 3933 13759
363.667 1154 5442
3647.17 6430 18471
1876.67 5120 14382
237.667 609 2345
1539 3836 12827
1123.67 2561 10744
1767.67 3515 12549
852.167 2212 9698
865.167 2194 9729
1321.5 2280 10099
1628 3127 11766
2991.5 6472 18685
338.667 1004 4604
2448.17 4293 15829
392.667 1202 5577
391.333 1267 6002
3121.83 5936 18027
368 1138 5534
1453.17 2460 10130
332 424 1001
471.667 1547 7023
414.333 1315 6134
2282.83 6202 17731


271 352 973
260 331 838
284 457 1464
240 282 571
240 251 0
168.667 274 0
385 500 1920
168.667 296 298
506 675 2916
231.667 593 2187
271.667 776 3550
174.667 348 864
213.667 458 973
346 473 1811
250 314 614
229.333 524 1837
228.667 559 1811
253 665 2807
248.667 578 1860
346.833 847 3780
325 434 1452
199.667 473 1702
231 634 2534
266.833 645 2675
245.5 629 2328
362 1126 5445
460 650 2758
322 941 4449
343 464 1762
417.833 1037 4762
709 943 4690
618 762 3358
300.333 855 3789
483.833 1167 5643
345 428 1160
648 865 3898
356.333 1096 5413
397 1256 6271
285.333 832 3631
514.333 1684 8022
478.833 1154 5620
796 1070 4953
210 472 1389
822 1087 5571
731 906 4239
344.333 985 4670
386.667 1248 5987
297 825 3688
388.333 1259 6202
435.667 1399 6635
496 616 2500
680 927 4589
309 936 4431
1082 1451 6997
235.333 623 2227
349.667 1096 5289
489.5 1457 7103
439.333 1487 7054
1053.67 3065 11617
480.333 1527 7227
2420 5472 16844
938 1230 5935
589 746 3257
455.667 1484 7158
301.333 766 3085
1915.5 3442 12973
324.333 959 4613
535.333 1298 6501
419 768 3367
974.667 2763 10948
341 1099 5220
394.167 1141 5586
868 1154 5709
1122.33 2513 10702
290.667 826 3617
215 456 972
940 1226 5752
1717.83 3614 12940
883 1126 5637
587 787 3832
707 972 4828
325.333 1017 4627
2548.17 5784 17541
337.667 1012 4621
449.333 1517 7112
3190 6056 19327
2388 3807 14038
972.167 2331 9807
2195 4149 15141
1616.5 3794 13597
523.833 1510 7276
935 1453 7175
478.333 1189 5620
439 1384 6552
402.667 1259 6352
816 1053 5120
913.167 2411 9850
4914 8211 21902
908.333 2626 10220
440 806 3726
2478 3279 12806
1212.5 2348 10092
400.333 1241 6188
467.333 1559 7310
3556 4635 16640
832 1475 7164
353 1081 5206
500 991 4722
478 1606 7573
365 1115 5471
3240.83 5177 18011
339 910 3966
1478.67 3700 13513
268 314 924
2297.67 3543 13188
396.333 1281 6409
355.333 1099 5370
2122 4351 15277
674 893 4138
447.833 1323 6467
562.833 1402 6799
829 1128 5686
440.333 1430 6868
291.667 750 2984
942 1272 6567
317.333 963 4480
944.167 2424 10167
630.833 1868 8831
378 1141 5494
476.333 1612 7803
2125.67 3809 13692
911 1233 5752
441.333 1402 6716
703 909 4239
979.833 2614 10713
383.667 1163 5586
535 1779 8656
2611.5 4521 15598
1514.5 2249 10217
1795.67 3847 14124
426.667 1433 6983
433.667 1421 6813
2781 5137 16753
393.667 1236 5817
346.333 1076 4835
541 969 4722
2745.17 4607 16562
367 1164 5577
443.667 1531 7155
1056.5 2241 9691
364.667 1123 5462
356.667 1178 5459
2197 4205 15260
1447.17 3494 12925
658.5 1269 6461
316.667 993 4463
602 1125 5580
936 1238 6116
404.5 584 2018
455.333 1503 7141
991.167 2616 10951
643.5 2035 9190
495.5 765 3350
518 1670 8108
2574.5 4580 15850
970.167 2539 10276
404.667 1308 6458
489.5 731 2899
525.333 1766 8555
3374.67 6580 19608
1348.83 3042 11677
906.167 2488 10210
2278.33 3654 13759
2831.83 6130 17683
1388.83 2998 11841
587.5 1109 5479
552 929 4231
336.333 1094 4647
3665.17 6563 20992
441.667 1431 6876
491.667 1535 7259
949 2611 10282
537.333 1820 8771
914.833 2353 9912
475 760 3000
1153.83 2917 11618
921.833 2326 9803
980.167 2295 9729
1062 1382 6610
4998 7497 21886
668.667 2002 9681
2161.67 4774 16404
2128.5 3925 14499
1910.17 3310 12955
2742.67 5517 17405
1244 3064 11870
387 1232 5693
1647 3448 12881
306 938 4073
331.333 956 4546
1668.67 2912 11663
341 972 4647
5223 7951 22726
527.667 1807 8670
2900 4946 17231
461 748 2899
1234.83 2775 11230
1203.5 2366 10189
378.667 1116 5528
1819 2341 10221
1136 1497 7304
1016.5 2462 10418
3486 4445 15746
1082.33 3178 12582
1118.67 2658 11080
363.333 1092 5370
1411.5 2975 12058
3095.17 4919 17078
4886 7341 21626
2765.33 6446 17875
486 1623 7907
4872.17 7355 21517
316 932 4388
2144 3502 12979
2386.67 3890 14212
1029.5 2661 11192
1236 2697 11232
1166 1527 7362
1338.5 2779 11378
656.5 2085 9195
2292.33 3639 13024
2160.17 4316 15053
325.667 948 4489
1097.17 2302 10067
292.667 891 3800
5036 7702 22096
433.833 1099 5453
2878 6928 20737
475.333 1482 7026
332 424 1001
2473 3434 13489
3125 5866 18727
621.5 1151 5603
2777.5 6375 19400
2192.83 3659 12989
2760 4292 15439
3416.17 6057 19490
821 1104 5571
1662.67 3969 13610
1903 2432 10264
4523 7702 21498
2455 3824 14097
1994.33 4662 14928
2998.67 6970 21026
1532.5 2470 10681
489.667 1662 7953
365.667 1133 5485
3458.5 6838 20189
1405.5 3249 12631
3130 7047 21419
2433.5 4827 16704
3758.5 5795 18961
977.5 2736 10338
554 1904 8943
1642 3980 14626
563.167 1058 4940
2664.33 4617 16004
1351.17 3083 12152
885.5 2573 10045
1195 1541 7491
306.333 978 4097
3556.17 6850 20229
2970 5438 18576
2102 3974 14922
343 1056 4699
2899.5 5138 17715
2524.5 5183 17329
504.833 1259 6435
1891 2473 10859
5100 7611 22718
3606 4807 16741
508.333 1300 6550
266 805 3123
3535.5 4791 16701
1835.5 2891 11768
650 902 4082
4950 5832 19376
4318.33 6108 20112
334.667 770 3149
5517 6455 20690
3569 6467 20134
5498 6434 20204
1910.5 2898 12002
448.333 1115 5554
390.167 919 3967
3687 6149 20036
2188.5 4586 15652
1583.67 3056 12742
1206.67 2829 11492


174.667 348 864
168.667 296 298
213.667 458 973
210 472 1389
206.667 451 912
233.667 607 1880
199.667 473 1702
390 590 1989
168.667 274 0
345 428 1160
228.667 559 1811
241 660 2517
229.333 524 1837
517 680 2827
264.667 648 2362
290 770 3157
382 470 1854
457 620 2692
235.333 623 2227
190 461 1176
329.333 1018 4512
332 424 1001
240 251 0
431.667 1134 5014
324.667 1014 4397
268 314 924
494 630 2735
266.833 645 2675
245.5 629 2328
343 464 1762
569 780 3573
636 790 3717
452 606 2336
290 748 2859
281.667 811 3105
253 665 2807
655 862 3832
520 652 2859
346 425 1096
271 352 973
496 585 1929
547 692 2902
378.333 1172 5528
371 1065 4762
248.667 578 1860
300.333 855 3789
284 457 1464
240 282 571
469 588 1975
470.333 1269 5987
346 473 1811
246.667 664 2675
473 602 2284
385 500 1920
238.333 636 2351
563 753 3188
460 650 2758
663.833 1647 7554
392.667 1202 5577
250 314 614
787 1048 4713
387.333 959 4696
321 910 3914
355.333 1042 4696
382.333 1117 4945
325 434 1452
685 839 3766
363.333 1149 5370
330.667 926 4015
603 832 3740
616 790 3593
283 803 2872
331.333 956 4546
321.333 791 3582
325.667 948 4489
306.333 925 3862
595 802 3697
449 621 2267
3303.67 6385 18227
291.667 750 2984
530 785 3318
387.667 1272 6194
592 801 3665
260 331 838
5081.83 8939 21168
2104.5 6188 15412
568 727 2933
1128.5 3445 11393
477 595 2503
433.833 1099 5453
386 1163 5453
580 1881 8412
448.333 1115 5554
3438.33 6945 18581
1597 2022 9109
363 439 1573
1387.33 3297 11833
548 752 3122
589 746 3257
2328.5 4346 14168
731 906 4239
515.833 1306 6360
377.667 1179 5419
524.667 1464 6765
615 777 3508
716.167 2145 8523
1481.67 2997 12561
589 755 3384
674 893 4138
2208.17 5015 15798
2465.67 5262 18037
1460.67 3907 12541
316 932 4388
1312.5 3697 11791
4456 9052 21399
238.667 601 2109
416.667 1321 6343
280 306 649
390 1299 6243
2372.33 5998 16684
278 815 3645
2256 3633 13297
712 907 4259
341 972 4647
3179 6840 18545
1633.67 3737 12938
344.333 985 4670
338.667 1004 4604
703 909 4239
518.667 1654 7505
563 1828 8185
463.667 1444 6478
3140.67 6686 18456
765.5 2065 8885
2545.83 3631 13245
465 594 2126
2362.5 3165 12844
433 1379 6435
595.333 1891 8435
695 932 4497
1553.17 3868 13530
1064.17 2606 11218
1012.67 2498 10188
1913.17 3639 13245
724 948 4598
692 923 4448
2003.17 3999 13788
583 751 3116
1152.33 3257 11649
2752 4635 15573
493.667 1523 7058
2072.83 4475 13939
1920 4614 13555
540.333 1721 7668
1322.5 3711 12491
286.333 779 2859
2476.83 3827 13773
1031 1266 5812
463 1498 6612
339 910 3966
1276 2006 8635
2088.17 3890 13857
1414.5 2138 9631
3066.83 5242 16622
1049.67 2616 11046
1528.5 2386 10946
2132.67 4414 14668
1417 1826 8478
3313.83 7434 19345
1305 1656 7597
721 939 4549
473 1533 7215
1090.5 1609 7283
2463.17 3771 13544
2836.67 6722 18265
737.833 1877 8550
2894 3529 13215
816.5 2162 10088
1324.5 1942 9000
2771.67 4758 16273
1401.5 2145 9562
1773.67 3649 13464
791.167 2032 8734
562 1802 7846
2536.17 3979 14769
2294 4718 15162
2001.17 4520 14223
1720 2847 11990
352.667 1139 5362
1685 4635 13896
1881.83 4229 13546
2280.67 4627 14864
2417.67 4284 15373
1350.17 2398 10331
463.667 1484 6738
412.333 1246 5594
550.333 1377 6478
2031.33 5885 15080
2193 4256 14118
286.333 823 3723
738.167 1874 8412
2350 4946 16599
2784 3766 14405
937.5 1549 7234
428 1373 6409
5154.17 8687 20406
527.333 1336 6392
1728.5 4646 14934
3667 8853 20956
3788 6069 19684
284.667 790 3456
897 1211 5808
563.833 1459 7215
378.667 1170 5511
1167 1623 7412
2400 3333 13045
387.333 1225 5551
433.333 1362 6435
801 1065 5022
909.5 2747 10146
2429.67 4842 16273
351.667 1082 4913
586.833 1452 6481
517.833 1359 6458
987 1426 6781
1424.17 2580 11419
4401 6945 20176
535.833 1330 6377
3236.33 6405 18440
426 1252 5669
1886.5 3377 13140
677.333 1666 7965
5552.5 9209 22544
1518.5 2405 10719
2020.17 4473 13890
2596 3566 13610
1394.67 2579 10985
1528.17 2851 11892
2108.83 5277 16599
461.333 1459 6587
330.333 1009 4604
483.833 1167 5643
1507.17 3734 12846
1423.67 3445 12191
3295 4439 16011
1481.5 2287 10499
2314.83 4291 14138
610.333 1698 8088
720 2126 8984
830 1081 5123
238.333 598 1860
1461.17 2738 11866
1378.67 2460 10788
603.667 1717 7861
786.167 2042 9457


240 282 571
240 251 0
385 500 1920
332 424 1001
174.667 348 864
199.667 473 1702
229.333 524 1837
345 428 1160
404.5 584 2018
266.833 645 2675
334.667 770 3149
460 650 2758
224.667 624 2149
480 625 2569
260 331 838
242.333 655 2609
231 634 2534
311.333 973 4561
323.833 822 3622
286.333 823 3723
286.333 672 2784
477.5 956 4564
460 550 1929
358.333 1109 5362
253.667 709 2649
228.667 559 1811
330.333 1009 4604
285.333 832 3631
367.333 864 3766
455.5 762 2966
237.667 609 2345
618 762 3358
520 652 2859
440 806 3726
439.5 760 2836
547 692 2902
254 680 2649
2317 7012 17426
340 1005 4604
496 616 2500
595 802 3697
266.667 712 2793
271 352 973
343 464 1762
378.667 1170 5511
346 473 1811
341.333 1010 4630
571 766 3338
475 760 3000
495.667 894 3824
745.5 1920 8462
364.333 1140 5462
713 887 4007
589 746 3257
262.667 695 2718
325.667 948 4489
655 862 3832
591 741 3149
486.5 946 4483
271.667 776 3550
525 923 4231
343.667 978 4590
1499.33 3333 12368
341 1094 4702
327 979 4581
366.333 1160 5468
296.667 926 4388
419 1347 6369
1144 2864 10790
510.5 770 3258
309 936 4431
724 948 4598
1273.83 3462 12286
695 932 4497
566.333 1901 8341
401 1219 5577
449.5 1341 6441
1775.5 4061 14231
3522 5214 16794
394.5 1154 5534
1472.33 2941 10905
1002 2663 10140
292.667 891 3800
268 314 924
664 896 4095
250 314 614
731 906 4239
322 941 4449
325 434 1452
973.333 2717 9820
270.667 825 3312
603 832 3740
1677.67 3286 12248
2221.5 5623 15897
365 864 3726
461 748 2899
354 654 2753
430 605 2041
363 439 1573
391.5 804 3591
2401 4924 15594
385.5 769 3003
3441.83 5381 16414
684 871 3906
280 306 649
303.333 901 4199
343 1098 5212
1855.67 5005 14682
846.5 2612 9468
1679 4795 14063
2473.5 4502 15477
357 1033 4696
680.5 2013 8892
1486.5 3475 12288
1410.33 3518 12501
317.333 963 4480
1549.67 3686 12733
489.5 731 2899
389.333 1249 6119
419.333 1330 6369
1293.33 2843 10758
680.167 2065 9339
674 893 4138
349.667 1073 5023
820 1049 4739
703 909 4239
190 461 1176
412 1220 5603
269 827 2961
353 1081 5206
4551.17 7471 19801
1707.67 2903 11004
379.833 1107 5361
2042.83 6087 16264
339 1063 4624
666.5 1926 8435
577.5 1056 5063
1602.33 3552 13206
349.667 1096 5289
487.333 1579 7293
1689 3782 13362
362.667 1097 5307
391 1290 6335
432.333 1381 6386
359.333 1112 5390
388.667 1263 6286
507.5 761 3209
1351.33 2958 11056
353.667 1130 5454
441 1281 6401
721 939 4549
2086.83 6269 16808
692 923 4448
566.333 1888 8139
2455.83 4527 15212
780.833 1927 8688
588 755 2958
571 1077 5068
387.333 959 4696
453.333 1145 5577
433.833 1099 5453
468 589 2162
1201 2961 11020
469.833 1146 5603
2491.33 5343 16008
451.5 632 2371
512.5 1595 7316
301.5 472 1196
1139.5 3000 11403
1762 2225 9546
3287.67 5238 16339
3063 5915 17871
781.833 1913 8521
2709 5511 16124
922.167 2943 9760
448.333 1115 5554
525.833 1306 6484
3345.33 5366 16344
424.833 1109 5534
1584.17 3408 12515
649.333 1953 8479
849.167 2182 9348
2570.83 5133 15873
3349.67 6970 19459
1077 2027 9070
504.333 1276 6435
481.333 1561 7193
451.333 1524 7124
1560 3483 12673
5386.67 7455 20140
504.333 1691 8025
594.833 1496 7198
2052.5 2922 11379
2571 5638 17776
1377.5 2948 11044
2908 4883 15871
434.833 1084 5345
2270.67 3748 13712
1485.67 2853 10771
438.5 1340 6415
1235.67 3049 11744
3304.33 6039 18615
1153.83 3034 11452
712 907 4259
2507 3044 11801
1702.83 3884 13870
424 1415 7058
2001.83 4141 14466
636 794 3610
1607.67 3009 11629
869 2106 9523
1955.17 2960 11228
5435.17 9888 24056
382 1166 5488
2858.5 6925 17882
397.667 1189 5554
1222.33 2954 10814
606.333 1517 7359
168.667 274 0
1096.67 3206 12126
1031.33 2302 10043
3004.17 5404 16082
2318.83 5560 17344
5144.83 9641 23815
435.167 1310 6392
168.667 296 298
3146.83 5250 15877
534.5 1705 8097
2168 5042 15862
489.333 1220 5620
223 460 947
2920.83 7102 18181
352 1129 5419
3110.33 5439 16134
759.667 1940 8837
466.5 1440 7173
518 1546 7612
3621.5 6318 18836
1206.5 3472 12267
1428.5 3105 11927
3558 6606 19217
1835 2334 10404
1514.67 2794 10979
482.333 1617 7672
3374.17 5451 16735
4712.83 7696 21047
4842.83 7888 21695
2042.5 5280 15850
1051.5 3329 10957
3117 6609 18778
3059 6383 18756
997.167 3122 10010
3722 6623 19555
4577.83 8372 20987
4807 9106 23451
1260.5 3707 13196
3646.17 6809 19501
4166 9067 19911
4598.83 8296 20198
3865.67 5126 16758
2447.83 5522 17421
2075.33 4817 14896
1873 4208 14886
1491.67 3641 12512
4754 8911 23070
4131.33 7143 19617
1073.5 3279 11359
1354 3530 12304
368.667 1128 5428
1045.33 2382 10729
387.667 1164 5471
1428.83 3892 13962
632 818 3783
3490.33 6543 18876
2813.67 5466 17017
654.833 1631 7764
254.667 607 1894
1991.67 2961 11366
3741.67 5734 17782


347 383 947
168.667 274 0
168.667 296 298
250 314 614
325 434 1452
215 456 972
248.667 578 1860
240 282 571
3123.5 6235 17780
569 780 3573
246.667 664 2675
494 630 2735
253 665 2807
240 251 0
268 314 924
228 620 2307
589 755 3384
325 945 4319
213.667 458 973
343 464 1762
278 815 3645
260 331 838
363 439 1573
318.333 944 4187
274.667 780 2981
236.667 610 2376
266.833 645 2675
238.667 601 2109
710 910 4247
465 594 2126
229.333 524 1837
276.667 778 3056
199.667 473 1702
284.667 790 3456
1331.5 3771 12495
346 473 1811
947 1220 5711
346 426 973
241 660 2517
812.333 2212 9468
460 650 2758
385 500 1920
1270.33 3167 10989
1782.17 4597 13961
4109.17 5987 17522
3010.17 5323 16342
2140.5 2914 11674
3059.83 5278 16144
1201 2272 9706
1041.5 1605 7605
2217 4326 15217
849 1947 8598
2005.67 3781 13199
1569 2694 10716
979 1333 6458
876.667 2213 9614
387.333 959 4696
344.333 985 4670
300.333 855 3789
317 957 4280
269.333 807 3122
866.167 2164 9522
520 652 2859
468 532 1943
523.167 1422 7037
1480 1903 8725
506 675 2916
436.333 1415 6500
280 306 649
460 550 1929
275 747 3016
1295 2380 10355
827.667 2121 9295
2010 3513 14209
615 777 3508
480 625 2569
325.333 1005 4627
648 865 3898
493 588 1969
2507.67 6018 16986
610 722 2925
321.333 791 3582
1182.5 2538 10111
206.667 451 912
613.5 932 4371
1054 1417 7107
590 754 3234
398 1220 5643
368 1138 5534
1036 1345 6641
350.667 1040 4779
496 616 2500
346.833 847 3780
437.833 1143 5560
365 1115 5471
320 1007 4587
391 1195 5642
640 837 3855
319 915 4130
1767 2624 10486
524 1695 7869
591 741 3149
286.333 823 3723
692.667 1973 8774
1872 2663 10834
344 1065 4968
385.333 1252 5783
1604 3628 12585
581 825 3754
589.5 896 4012
473 1518 7233
1579.5 3712 12674
428.833 1071 5094
314 935 4121
1101.5 1612 7623
1591.83 3584 12343
1867.33 4141 14783
821 1065 5129
1116.5 1689 8254
501.167 1415 6707
242.333 655 2609
1691.83 3975 13945
338.667 1004 4604
1230 2001 9092
1209 2985 10781
434.833 1084 5345
424.833 1109 5534
571 766 3338
5731.17 9091 21555
2030 2500 10911
3512 8806 19341
447.333 1144 5692
1695.5 3850 13532
507.833 1388 6507
326.333 1008 4719
595 749 3318
1181.33 3176 11336
1434 2394 10412
311.333 973 4561
1367.33 2600 10403
1094 1409 6742
358.333 1103 5235
213 469 935
2074 3391 12420
417.833 1037 4762
810 1029 4830
427.667 1484 6773
386.333 1247 5791
855 1421 6974
947.333 2474 9753
318 948 4372
1974.5 2781 11203
556 1786 8085
613.167 1648 7668
386.333 1297 5958
3588.5 8392 19349
1487.17 3464 12227
535 1738 7939
587 787 3832
1134.5 2234 9672
454.5 1239 6208
1423 2782 11634
573.5 1731 8080
513.333 1292 6323
369.333 1135 5508
682 912 4481
775.833 2146 9465
1284 1635 7772
2932.83 5594 16821
1099.17 2717 10433
5540.67 9420 23117
339 1087 4809
662 937 4670
1572.33 4171 13927
174.667 348 864
772.667 2411 9605
3969.17 5980 17210
1362.17 2840 11132
512.667 1374 6530
680.5 1067 5344
1186 1565 7738
552.167 1486 7138
1929 3122 11792
228.667 559 1811
1086.33 2312 9956
1314 2260 10108
960.167 1855 8636
315 920 3995
661.667 1975 8501
277.667 767 3208
956 1230 5728
486.833 1296 6349
707 972 4828
1406 1792 8553
755.333 2144 9189
435 1346 6401
1650.33 3123 11835
478.667 1529 7265
507.333 1296 6441
590.833 1743 8111
1028.5 1555 7324
423 1370 6481
461 602 2327
594.833 1560 7345
439 1416 6549
5491 9659 23981
551.667 1773 8014
444.667 1426 6908
553 723 3001
621 774 3432
3516.33 7436 18936
545.667 1692 7829
410.667 1322 6323
4411.17 6836 19065
4920.5 7228 19853
4493 5825 17286
390 1265 6309
436 1428 6681
1490 1857 8754
477 599 2163
493.667 1602 7496
907.833 2653 10334
866.333 1694 7873
702.5 1963 8667
389 1298 6007
299.333 942 3917
5360 9360 22236
1104.5 2421 10076
2456.83 6245 18770
4058.33 6150 17729
930.667 1876 8645
671.667 2056 9132
489.667 1553 7308
1759 3178 12290
974 1215 5777
3636.17 5572 16349
5409.67 9165 22236
352 1091 5187
771.167 2155 9221
439 1483 7049
320.333 966 4538
396.667 1240 6120
2070.67 4056 14350
837 1054 4944
538.833 1653 7778
549.833 1655 7861
716 899 4081
443 1429 6800
4076.83 6912 19677
1272 2195 9907
380.333 1274 5624
564.5 1717 7930
1287.17 3510 11392
1951.83 4771 16062
462 1522 7141
1389 2726 11166
1021.17 2027 9618
349.333 1109 5451
1906 3815 13509
345.333 1116 5376
4745.83 7469 20344
675 892 4017
527 1656 7812
3297 4636 15449
958.5 2500 9980
482.667 1665 7680
394.333 1190 5543
593.5 1843 8492
433.667 1453 6940
564.667 1819 8177
1863.67 3520 12925
420 1302 6378
491.333 1596 7407
4920.5 7272 20717
4484.83 7527 21471
319 893 3832
500.333 1662 7703
4242.5 7694 21488
436.333 1454 6989
5830.17 9260 22783
4858.67 7381 20769
392.333 1246 6050
994.333 2542 10106
274.333 792 3079
399.333 1172 5577


240 251 0
280 306 649
250 314 614
168.667 296 298
168.667 274 0
238.667 601 2109
325 434 1452
213.667 458 973
686 942 4446
498.833 1086 5014
683 952 4452
350 1120 4894
213 469 935
351 1080 4750
440 806 3726
245.667 675 2474
587 787 3832
271 352 973
346 473 1811
319 915 4130
352 1070 4744
493 588 1969
380.667 1245 5568
300.333 855 3789
496 585 1929
174.667 348 864
349 1130 4900
199.667 473 1702
506 675 2916
240 282 571
415 810 3611
496 616 2500
317 965 4280
228.667 559 1811
248.667 578 1860
668 1067 5120
385 500 1920
253 665 2807
465 594 2126
752 974 4739
601 780 3432
616 1094 5563
460 650 2758
648 865 3898
236.667 610 2376
344.333 985 4670
277.333 779 3392
397.333 1318 5904
297 825 3688
357.333 1114 5227
392.667 1176 5577
324.333 959 4613
356.333 1124 5233
320.333 966 4538
314.667 939 4273
379.333 1146 5520
260 331 838
362 1099 5255
411.333 1262 5918
388 1239 5901
344 646 2460
366.667 1084 4779
355.333 1042 4696
368.333 1145 5494
471.667 1474 7150
1349.5 3775 13254
864 1134 5620
313 972 4205
409.333 1312 6068
813 1052 4805
1235.67 3679 12282
416.667 1306 6401
581.833 1466 6943
780 1051 4779
951.333 2473 10943
400 461 1512
668 2004 9130
431 1451 6900
412.667 1294 6168
583 751 3116
405 1322 6401
616 1058 4739
925 1212 5686
976.833 2781 11195
1551.17 4239 14625
1589 3095 12583
268 314 924
1047 3336 11676
1442.5 3944 13917
672 1254 6444
2729 6035 19861
3197.83 6485 20742
672 1218 5620
343 464 1762
1089.5 2904 11763
294 854 3648
408.667 1096 4887
276 767 3366
5946.83 8549 24251
473.833 1090 4899
323.333 927 4348
357.667 1126 5419
426.333 1421 6880
3051.67 4409 16271
3126.67 4903 17630
3251.67 4678 17358
927.333 2905 10905
1203 2864 11594
3285.5 5696 19621
754.5 1422 7193
3272.17 5801 19554
1636.67 3797 14778
1061.33 3184 11490
1665.33 2941 12130
579.833 1457 6917
2392.83 5139 17416
3900.5 7710 22919
3016.83 5022 17724
1504.33 3747 14126
411.333 1304 6151
642 1536 7308
1365.5 3362 13240
940.333 2866 10843
354.333 1106 4905
1088.33 2871 11346
350.333 1132 5086
319 893 3832
367.667 1162 5520
2384.83 5109 17327
2902.5 5769 19491
2681 5136 17940
1064.33 3061 11941
3266.67 5596 19300
2702.17 5293 18152
3534.67 6190 21296
667.5 1198 5580
2262 4650 16551
451.667 1475 7173
972 1924 9064
286 762 2826
1032 3094 11389
1091.33 3170 12174
1531.33 3724 14577
604.667 1376 6427
808.167 2597 10572
441 1215 5586
4023 7933 23490
489 1635 8054
1377.83 2710 11692
1772.33 3323 12885
4207.5 6177 20866
1791 3795 15224
633 1914 8955
403 1292 6045
540 1715 8074
2491 4814 17538
1284 3113 12583
731 959 4647
4281.67 7276 23342
1472.33 3819 14577
1710.17 3323 12861
434 813 3651
386.333 1222 5861
1959.33 3548 14213
2498.17 5636 18825
617.833 1761 8912
478.667 1550 7491
1615.5 3354 13187
3089.67 4479 16477
677 1172 5629
1711.5 4032 15757
2522.67 5486 18730
1068.67 2362 10154
423.667 1382 6742
3383 5320 18990
284 457 1464
3175.33 5128 18583
485 1547 7325
278 815 3645
444 1287 6309
2850.5 5587 18883
400 763 3209
1043.5 2903 11309
525 923 4231
1543 3655 13656
675.667 1459 7124
792 1513 7368
1396.83 2710 11698
581 1083 5112
2858.33 6449 20314
475.667 1542 7239
1424.83 2772 11715
1268.83 3651 13246
1555.83 3509 13950
455 619 2718
1128.17 2863 11280
873.833 2697 10816
1458 3782 14534
2078.17 4997 16772
890.667 1577 7729
2324.67 5836 17847
1510.5 3028 12240
2962.5 5839 19985
539.667 1736 8074
792.5 1506 7282
885.5 1600 7824
1126.33 3286 12213
2341.33 4475 15973
670 899 4230
1444.5 3670 13696
765.667 2363 10223
1194.67 2314 10286
4293.67 7359 23821
2402.83 4886 16993
2350.5 5295 18519
535 976 4647
4206 5529 19187
2264 5052 17056
973.167 2401 10243
1274.5 3126 12583
981 1975 9250
1720 3338 13157
3353 5783 19664
1214.5 3056 12089
1047 2731 11155
3312.67 6591 21087
2746.17 4601 16864
1087.67 2705 11106
830.5 1614 7910
1100.5 2141 9721
541 969 4722
488 1633 7962
1020 2534 11104
4302.67 7220 22852
3100.5 5527 18979
3244 5607 19064
541.333 1735 8080
1070 2326 10148
1002 2082 9609
1098.5 2260 10085
613.667 1249 6099
3368 5340 18677
756.5 1408 7026
815.5 1500 7259
1573.83 3886 14620
699.333 2201 10042
748 1446 7161
3193.17 5004 17788
1388.5 3361 13513
3282.5 6294 20019
3453.5 7038 22832
431 805 3602
1268.67 3151 12170
1832.17 4535 16402
725.667 1409 6980
733 1332 6510
674 1240 6277
351.333 1088 4880
544 1803 8803
3392.67 6792 21968
3614.33 7031 22722
1198.33 2838 11425
385.333 1278 5864
618 1080 5396
3350.5 6670 21172
573 757 3142
1205.5 2897 11745
1641 3870 15077
1803.33 3217 12994
1638.17 3489 13963
3366.5 5895 20502
824 2431 10573
617.5 1707 8212
915.333 2199 9770
1101.67 2233 10243
1004.33 1970 9362
1259.67 2438 10765
2571.5 5106 17851
624 1073 5471
591 1136 5528
1311 2328 10309
463.667 1581 7761
1241 3628 12370
820 1651 8206
1082 2332 10381
521.333 1793 8484
638 1981 9118
1299.33 3257 12840
1529 3104 12260
1583.67 3721 14655
1303.33 2669 11462
1583.67 4119 15134
283.667 763 2809
1666.67 4394 15713
2236.67 5114 17174
647 2175 9531
1230 2781 12034
709.667 2120 9707
1279.67 3173 12639
631 2014 9529
3205.83 4749 17311
1420.5 3701 13631
1855.5 4029 15781
1375.83 3620 13403
3224.67 4566 16520
1393.5 2496 11058
854 2177 9747


168.667 274 0
168.667 296 298
174.667 348 864
199.667 473 1702
206.667 451 912
1232 3709 11856
241 660 2517
228.667 559 1811
2984.17 6442 17369
431 805 3602
3376.17 7375 19512
498 954 4535
437 798 3677
483.5 938 4434
3618.83 5906 18103
316 932 4388
669.167 1810 8233
497 983 4673
515.5 1255 5679
554.5 1098 5416
558 1139 5531
488 1193 5646
572.333 1261 5883
520 652 2859
4782.33 9309 20810
253 665 2807
5946.17 9181 20904
640 837 3855
532 1353 6527
248.667 578 1860
213.667 458 973
319 1016 4495
452 606 2336
325.667 948 4489
300.333 855 3789
229.333 524 1837
297 825 3688
2092.83 4380 14049
907 1207 5709
478.667 1238 5643
266.833 645 2675
775 1047 4828
589.5 1242 6021
417.833 1037 4762
1041.67 2785 10673
385 500 1920
250 314 614
363.333 1092 5370
346 425 1096
638 835 3797
344.333 985 4670
246.667 664 2675
572.667 1509 7385
346.833 847 3780
460 650 2758
2579.5 4716 15718
506 675 2916
415 1251 5643
2357 3561 12715
528.667 1349 6504
1250.67 2821 11247
371 1065 4762
648 865 3898
396 1227 5600
238.667 601 2109
382 470 1854
493 588 1969
1104.5 2769 11055
325 434 1452
260 331 838
3343 6538 18023
715 987 4693
355.333 1042 4696
1834.5 4244 13126
240 251 0
325.333 1005 4627
5868.33 8821 20715
2674.67 5011 15795
496 585 1929
457 620 2692
494 630 2735
5146.17 9295 20101
2837.83 5824 16858
474.5 948 4515
2124.83 4235 14340
240 282 571
354.667 1109 5151
940 1238 5735
2220.5 3136 11967
1406.67 3685 12394
1488.17 3107 11910
1762.5 2997 11510
636 790 3717
602 759 3025
427.5 1308 6392
2633.83 5361 16120
534.5 1133 5511
458.333 1515 7273
271 352 973
1489.67 3071 11669
380.333 1208 5534
521 1088 5272
3290.5 6307 17987
403.667 1308 6366
581 825 3754
614.5 1274 6412
346 473 1811
756 975 4713
425.167 1281 6343
875 1128 5594
1183.67 2460 10926
278 815 3645
595.5 1289 6369
427.667 1323 6467
394.167 1141 5586
331.333 956 4546
711 940 4555
2307.33 5309 15986
595 802 3697
1538.67 3196 12458
891 1185 5686
831 1125 5551
535.5 1104 5373
280 306 649
671 1794 8292
569 780 3573
780 995 4779
464.333 1138 5519
496 616 2500
478.833 1154 5620
571 766 3338
3377 6629 18612
1010 1338 6567
4311.83 9204 19889
1039 1335 6501
291.667 750 2984
1492.33 3310 12146
616 790 3593
741 966 4655
686.5 2215 9014
476 1514 7374
1230.33 3109 11430
408.667 1313 6424
1455.33 3287 12077
1961.17 4202 13902
692.167 2186 9172
1173.5 2888 11170
409.667 1293 6366
1823.17 3298 12616
508.333 1752 7844
316.667 900 3822
3273 6403 17677
339 910 3966
5316.33 8615 20166
1748.17 4114 13106
342.333 1099 5108
3412 6571 19188
740.5 1645 7651
390.167 1148 5511
508 1510 7374
383.667 1163 5586
1918.83 3562 12789
365.667 1133 5485
405 1322 6401
4271.17 6875 19487
1981.67 4408 14740
1893.17 4222 13398
2631 5957 16264
3347 6458 18574
378.333 1172 5528
457.333 1502 7259
814 1296 6438
2131.67 3840 13125
1834.5 4286 13731
236.667 610 2376
402.667 1295 6352
642 1562 7411
500.667 1732 7809
508.667 1687 7988
365 1115 5471
395 1344 6297
482.667 1670 7600
1914 4222 13490
1974.5 3846 13578
341 972 4647
2636.83 5943 17052
711.5 1585 7597
2633.83 5406 16757
276 767 3366
324.333 959 4613
1607.67 4219 12736
695 932 4497
723 1015 4736
725 1298 6467
1658 4431 14098
314.667 939 4273
733 1636 7646
528.667 1871 8424
709 910 4049
320.333 966 4538
902 1168 5637
302.333 929 4230
277.333 779 3392
355.333 1099 5370
367.667 1162 5520
5569.83 8369 19996
2334 6427 16113
649.5 1919 8478
392.667 1306 5756
468.333 1619 7551
770 982 4756
960.5 3004 10276
2300.83 4586 15512
765.833 2110 9146
453.333 1490 7256
669 1138 5586
623.5 1936 8463
866.333 2318 9926
2244 3966 13670
645.833 2065 8896
6332.33 9305 22194
509 1652 7781
847.667 2198 9545
793.5 1792 8504
525 923 4231
724 948 4598
2056.67 4694 15604
362 1098 4729
2143 4367 14854
882 1182 5637
357.667 1126 5419
1880.17 4727 15063
438.667 1354 6493
562.5 1073 5069
301 917 4204
2366.17 4163 14410
640.5 1321 6438
401.667 1268 5861
687.167 2218 9156
470.667 1350 6493
1660.5 3745 13049
1115.5 2682 10793
1760 4483 14594
791.5 1803 8564
398.333 1286 6277
1434.67 2396 10278
464.833 1199 5600
2850.5 5014 16863
3635.67 6043 18229
506 1725 7795
395.333 1269 6009
417.667 1233 5620
1052 1398 6616
533.5 1082 5140
462 1454 7325
323.333 927 4348
758.833 1851 8734
721.5 1271 6418
577.5 1056 5063
430.333 1415 7101
1148.33 2303 9709
4962.33 9752 21809
349.667 1088 4686
767.5 1640 7775
516.667 1661 8232
393.333 1296 5975
628.667 2016 8662
1532.5 2868 11315
2841.33 5405 16432
5638.5 9200 20435
976 2304 9849
1221.33 2459 10110
1204 2965 11295
709.833 2119 9376
1233.17 3117 11887
591 1136 5528
572.5 1126 5485
1025.83 2502 10125
345.333 1116 5376
402.333 1257 5826
4382.67 9887 19986
683.833 2134 8957
565.833 1400 6550
2260.5 4073 13799
1046.5 2533 10678
715.5 1901 8509
502 1656 7657
2877.33 5587 16871
769.667 1949 8949
509.833 1240 5669
1585.83 3396 12692
461.667 1393 6501
667.5 1922 8840
403.333 1270 6194


240 282 571
240 251 0
174.667 348 864
460 550 1929
190 461 1176
260 331 838
248.667 578 1860
246.667 664 2675
253 665 2807
229.333 524 1837
321.333 791 3582
2479.67 5711 16846
5812 9448 22292
228.667 559 1811
468 532 1943
1742.17 4641 13678
268 314 924
1099.33 3124 10948
355.333 1042 4696
1597.67 3898 12570
210 472 1389
3600 5868 17459
271 352 973
168.667 296 298
168.667 274 0
2202.17 5277 15607
300.333 855 3789
1217 2830 10374
385 500 1920
2795.83 5023 15917
3632.67 5738 17485
461 602 2327
477 599 2163
294 854 3648
387.333 959 4696
367.667 1162 5520
1987.83 4264 13970
215 456 972
213.667 458 973
520 652 2859
553 723 3001
610 818 3757
199.667 473 1702
533 902 4139
434 813 3651
610 722 2925
320.333 966 4538
613.5 932 4371
527 909 4064
675 892 4017
503 826 3749
343 464 1762
460 650 2758
224.667 624 2149
324.333 959 4613
251.667 606 1920
469.833 1146 5603
265.667 744 2901
266.833 645 2675
235.333 623 2227
280 306 649
3421 4093 14128
346 473 1811
974.5 2647 10087
297 825 3688
306.333 913 3917
496 616 2500
344.333 985 4670
509.167 1602 7453
285.333 832 3631
440 806 3726
362.667 1118 5428
595 802 3697
266 811 2964
2558.5 5267 16375
2029.83 4569 14702
2889.5 5525 17081
621 774 3432
1680 3447 12475
3231.17 5217 16810
1990.33 5157 14812
3702.33 6113 18320
3676 6309 18007
1324.83 3370 11174
3656.17 6443 18465
1370.67 3969 12422
2998.67 4391 14633
3096 4318 14634
1125 2464 10123
493 588 1969
1371.5 2453 10146
1344.5 2730 10760
284 457 1464
1359 2680 10728
3509.67 7095 17954
4133.67 6742 20312
3044.67 4375 14986
506 675 2916
1213.5 3503 11566
290.667 826 3617
3322 4563 15472
650 1075 5163
1463 2889 11290
325 434 1452
648 865 3898
2294.83 3945 13880
3527.33 7501 18654
1811.83 4340 13508
411 1305 6211
895 1094 5295
700.667 2100 9106
3541 6500 18707
1974.17 4933 14654
1960 2916 11629
2025 3559 12833
406 1311 6335
352.333 1061 4873
400 461 1512
1301.33 2614 10668
305 901 3891
1916 2809 11102
405.333 1253 5596
3920.17 6226 18514
465 594 2126
1742.5 4483 14188
2440.33 4344 14408
483.833 1470 6707
1356.17 3013 11290
780 995 4779
2760 3642 13471
1589.33 3317 12085
599.833 1472 7388
236.667 610 2376
341 972 4647
1351.33 2942 11244
506.167 1453 7256
416.333 1300 6309
2218 5140 15307
1971 4289 13416
378 1141 5494
525 923 4231
420 1342 6378
587 763 3142
250 314 614
2471.67 3674 12909
431 805 3602
1192.67 2575 10229
656 1068 5238
705.333 1723 7979
533.833 1342 6507
2144 2739 10949
1461 2877 11260
484 1432 7118
638 835 3797
4065 6487 19474
553.833 1547 7423
1420.17 3372 12216
1435.17 3281 12003
669 1138 5586
2750 3612 13370
2444 3004 11962
431.667 1252 6260
1913.17 3155 12106
500 991 4722
541 969 4722
1919 5454 14914
323.333 927 4348
276 767 3366
405 1261 6159
435.667 1424 6444
2152.67 3925 13361
428.833 1071 5094
372.667 1154 5442
2361 3018 11654
393.333 1278 5536
476.333 1571 7302
394.167 1141 5586
422.333 1239 5594
2030.17 3258 12606
470.333 1424 6493
3509.67 7138 18286
479 1532 7081
1697 3215 11545
2337.67 4140 14285
659.5 2134 8773
352.667 1139 5362
543.333 1753 7930
472.167 1517 6923
398.667 1287 5694
417.833 1037 4762
477 1566 7135
671 880 3991
483.833 1167 5643
378.667 1116 5528
430.667 1266 6427
813 1040 4973
1158.33 2699 10166
346.833 847 3780
1646 3867 13313
2908.67 4033 14094
547.5 1761 8268
3281 3906 14036
489.333 1427 7216
331.333 956 4546
660 2017 8737
534.333 1733 7655
1103 2149 9549
572.333 1705 7879
353 1121 5195
481 1546 7099
3316.17 6751 17429
2568.33 5256 15376
1927 2498 10202
2230.17 4839 15155
774.667 2201 10051
4745.67 8666 21689
467 1541 6983
747.5 1318 6444
3527.33 7458 18322
1365 3049 11539
2535 3585 13257
864 1138 5620
1458.67 2564 10651
392.667 1318 6358
3170.33 5529 17341
380.333 1208 5534
588 1830 8527
2478.67 5390 16810
2961 4062 14107
2669 3522 12607
843 1217 5756
525 1705 7634
2687 3554 13048
1899 3627 12830
2189 3780 13740
2344 3729 13344
435.667 1245 6335
703.833 2002 8739
2746 4772 15070
465.667 1450 6484
1771.83 3104 11907
727.5 2151 9518
325.333 1017 4627
3513 4783 16428
439 605 2057
1245.33 2959 10888
1080.33 2861 10471
499.167 1371 6516
613.667 1896 8544
1898 3552 12793
651 1928 8545
566.667 1614 7712
1568 2653 10791
231 634 2534
640 837 3855
724.5 2029 8929
271.667 776 3550
2749 4413 15369
421 1355 6392
1276.5 2621 10510
447.833 1323 6467
784.167 2122 9184
541.833 1371 6573
461.333 1189 5692
1206.67 2692 10352
1262 2535 10189
2847.83 4904 15404
2715 3619 13313
270.667 825 3312
1772 2626 10731
3569 4930 16984
2798 3396 13167
2683.33 5229 15444
508 1677 7488
2626 3251 12351
364.333 1084 5180
437 798 3677
1280.33 3691 11926
1648 2776 10980
494.667 1703 7528
583 751 3116
446 1478 6822
2336.17 4215 14325
317 924 4198
1380.17 2940 10911
309 936 4431
473.333 1472 6684
356.333 1096 5413
3499 4777 16028
332 424 1001
3918 7378 19050
2270 2910 11629
1600 2420 10197
717.167 2035 8851
456.333 1458 6578
795.333 1951 8909
1875 3234 11926
1155.83 2789 10161
1695.67 2656 10806
318.333 932 4224
822 2198 9560
3039.67 7197 18318
2966 4110 14290
539 1758 7712
319 1016 4495
507.167 1351 6475
1763 2862 11195
1245.83 2948 11008
4084.17 9513 19883
469.333 1534 6940
1938.67 3030 11659
3240 4389 15054
644 2033 8588
553.333 1682 7864
2244 4437 14430
1955 2845 11515
656 1982 8653
772 997 4736
231 615 2008
3174 4373 15044
706.5 2017 8831
1766.5 3819 12701
1866 2500 10206
1665 2506 10206
452.667 1468 6550
1291.33 2757 10807
1843 2813 11129
685 2117 9101
474 1491 7049
725.5 2127 9212
1676.17 2866 11401
1946 2818 11293
1936 2525 10424
513.167 1595 7528
460.333 1451 6653
1176.17 2684 10125
263 609 1943
2577.33 4034 14065
510.167 1446 7331
473.333 1527 7015


268 314 924
240 251 0
240 282 571
228.667 559 1811
312 612 2221
168.667 296 298
168.667 274 0
335.333 653 2362
213.667 458 973
251.667 628 2218
1451.67 4118 13195
496 616 2500
204.667 473 1355
229.333 524 1837
238.333 636 2351
1459.83 4189 13716
543 684 2853
387.333 959 4696
215 456 972
248.667 578 1860
300.333 855 3789
286.333 823 3723
457 586 1980
253 665 2807
343 464 1762
271 352 973
547 692 2902
338 449 1415
1411.5 3683 12908
343 446 1236
246.667 664 2675
275 747 3016
324.333 959 4613
321.333 791 3582
174.667 348 864
468 532 1943
610 722 2925
385 500 1920
394.333 1190 5543
590 754 3234
260 331 838
276 767 3366
245.5 629 2328
203 496 1469
441.333 1229 5586
368 1138 5534
323.333 927 4348
363 439 1573
731.833 2013 8866
587 787 3832
284 457 1464
190 461 1176
206 483 1696
752 974 4739
595 749 3318
242.333 655 2609
353.667 1130 5454
423 1325 6441
231.667 593 2187
271.667 776 3550
309 936 4431
455 619 2718
793.667 1934 8831
469.833 1146 5603
320.333 966 4538
1219.67 3209 11444
453.333 1145 5577
3309.83 8389 19779
720.667 2119 9655
2524 3563 13033
577.5 1507 7423
356.333 1096 5413
3358.5 4723 15389
719 973 4713
1276 3507 12151
616 1094 5563
4040.33 8599 20384
495 1320 6516
1243 3402 11701
367.667 1162 5520
709 943 4690
408.667 1294 6392
680 927 4589
2772.33 6606 19178
2877 6116 17895
3119.67 6470 19352
3968.67 7152 20323
3478.67 7075 20198
2519.5 6193 17895
6982 9477 22272
397 1242 6271
3243.5 8196 19670
448.333 1115 5554
2728 3321 12506
721 2077 9322
5276.67 9638 21661
4075.17 7533 20760
1059 2454 10071
2482 6653 19522
350 1055 4887
965.333 2639 10903
1847 4812 15018
1713.5 4850 14003
618 762 3358
341 972 4647
481.333 1448 6742
2186 3664 13086
2205.67 5862 16458
433.833 1099 5453
745.667 2016 9301
674 2090 9052
682 912 4481
331.333 956 4546
1079 2432 10019
562.5 1453 7050
2396.33 4688 15098
564.667 1421 7109
2611.83 5944 17709
683.833 1877 8817
530.833 1302 6461
568.333 1594 7600
396 1159 5554
3130.17 4799 15385
901.667 2697 9998
1866.33 3303 12325
250 314 614
307.667 892 4015
2363.5 5740 16552
476 1502 7216
340.667 1061 5080
2277.67 3785 14862
970.833 2603 10225
4069 5920 18629
1253.33 2957 11067
434.833 1084 5345
4050.17 7539 21440
1492 2867 11445
349.667 1096 5289
498.167 1428 6911
2593.67 5760 17129
450.167 1073 5206
2211.33 3727 13478
392.333 1224 5537
1391.5 3637 12232
412 1324 6415
2295 2859 11316
1860.5 3049 12324
1234 2842 11043
1438 2904 11051
301.333 766 3085
365 1115 5471
1757 3476 12470
411 1203 5577
3367.83 6019 17944
408 1302 6378
357.667 1126 5419
443.667 1465 6981
1401 2400 10135
1442.33 2911 11639
1195.67 2874 10932
341 1099 5220
508 1629 8016
2251.17 3725 13256
466.667 1499 7201
467 1473 7201
422 1358 6467
3380.5 4871 16285
1261.5 2633 10561
1199.17 3325 11159
4394.33 7272 21641
355.333 1099 5370
820 1057 5189
1241 2582 10275
578.167 1507 7457
3597.17 6024 18537
442.333 1468 7132
2346.5 3535 12754
495.667 1320 6550
475.667 1225 5620
1630.67 3679 12456
804 1068 5339
280 306 649
1590.17 3301 12100
2172.5 3031 12431
1864.17 3417 12356
748.667 1976 9096
588.667 1766 8578
1510.67 3854 13824
2088.67 5071 15989
1470.33 3701 13000
1911.67 3418 12540
737 2023 9232
5743.83 9390 22099
1714.83 4021 14504
1859.33 3681 12600
516 678 2827
3847.67 6507 20198
4019.67 5821 18265
2410.83 6319 17090
1470.5 3988 13199
478.667 1529 7265
2481.5 5315 16515
2450.67 5336 16389
478 1533 7308
1120 2588 10291
387 1232 5693
3734.67 6300 19352
2636.33 5549 17097
2024.83 4797 14601
671.167 2145 8757
615.667 1684 8189
1233.5 2568 10220
303.333 901 4199
1473.5 2591 10815
317.333 963 4480
206.333 478 1513
2725.5 6392 18183
668.5 1227 6395
2675.67 4549 14888
3297.33 6081 18308
694.833 2156 9197
1301.17 3287 11454
1549.67 3285 11725
326.333 1008 4719
504.333 1276 6435
4270.17 6493 19583
1356.67 3685 12273
600 1786 8685
543 1597 8105
2972.67 5508 17735
1816.67 3740 13399
652.667 1755 8281
3613.17 5810 17925
2239.5 3228 12479
1388 2566 10308
346.833 847 3780
2688.5 5015 17377
794 2207 9981
1270 2696 10917
756.667 2076 9408
597.667 1581 7474
1304 2315 10105
2742.33 6294 18869
1912.67 3409 12554
558.333 1822 8189
821 1104 5571
829 1128 5686
586 1865 8312
1558.17 3488 11776
3014.33 6149 19179
713 887 4007
565 1877 8259
591 741 3149
417.833 1037 4762
478.833 1154 5620
210 472 1389
1579 3113 12018
2079.17 4802 14741
4590.67 6757 21070
4464.5 7066 21070
519.667 1463 7374
2021.5 4924 15339
435.667 1422 6681
521 1440 7003
1351.33 2728 10960
769 2181 9885
1846.67 3719 13024
504 1679 7605
541.5 1460 7273
489.5 1435 6842
388.667 1263 6286
399 1278 6291
712 907 4259


239 317 272
239 281 0
400 461 1512
240 282 571
580 735 2925
174.667 348 864
210 472 1389
235.333 623 2227
337 763 3059
199.667 473 1702
228.667 559 1811
346 473 1811
174.667 304 0
260 331 838
229.333 524 1837
250 314 614
253 665 2807
240 251 0
346.833 847 3780
266.833 645 2675
248.667 578 1860
231 634 2534
382 470 1854
305.667 602 2227
271.667 776 3550
457 620 2692
377.667 905 4075
348 661 2678
424 1077 4899
320.333 966 4538
367.667 1162 5520
300.333 855 3789
325 434 1452
355.333 1042 4696
2151 5728 16843
494 630 2735
404 821 3559
441 1215 5586
4345.67 7486 20313
309 936 4431
297 825 3688
280 306 649
344.333 985 4670
2556.5 4880 16049
399.333 1172 5577
2419.33 5725 16916
1900.5 3796 13636
2892.17 5973 18354
324.333 959 4613
520 652 2859
417.833 1037 4762
285.333 832 3631
712 873 3809
496 616 2500
428 1070 4974
371.667 1142 5445
322 941 4449
378 1141 5494
483.833 1167 5643
503 826 3749
353 1081 5206
294 854 3648
636 790 3717
610 722 2925
388.333 1259 6202
685 839 3766
2001.83 3883 14564
353.333 1140 5261
493 1583 7331
400.333 1241 6188
742 852 3806
487 1549 7282
368.333 1145 5494
357.667 1126 5419
539.667 1792 8496
553.667 1705 8163
1816.83 4336 15719
610 818 3757
341 1099 5220
393.667 1292 6283
1663 3703 13502
732 953 4506
5222.17 8998 22247
389.667 1289 6208
521.667 1542 7374
405 1286 6401
622.667 1930 8995
1210.5 3689 12808
960 1301 6409
356.333 1096 5413
1808.5 3936 14115
210.333 469 1136
2139 3029 12756
385 500 1920
1903.17 3765 14136
460 550 1929
1301.5 4035 14108
2135.17 4076 15026
2253.33 3845 14474
1385.83 3869 13763
341 972 4647
506.333 1664 7888
2236 3145 13035
2287.5 3385 13594
2234.33 3851 14480
1997.83 4175 15295
1620 4234 14782
2108.17 4024 14974
547 692 2902
465 1532 7239
1569.67 3251 13035
1373.33 2852 11856
1973.83 3629 13645
392.667 1176 5577
739 2089 9471
1263.83 2779 11789
583.333 1807 8555
1345.67 3495 12934
802.833 2155 9996
4282.33 10110 21271
749 2130 9603
1366.33 3038 12627
4943.5 8604 21610
581.333 1901 8513
378.667 1116 5528
1371.83 3035 12762
1397 2963 12421
4134.33 9393 20825
460 650 2758
2197.83 3882 14477
533 1596 7694
1273.83 3599 12486
1923 2773 11783
2411.17 4585 15949
672 1979 9445
2732.17 5711 16800
2423.5 3528 14334
331.333 956 4546
2812.5 5064 18114
519.333 1524 7210
2022.17 3936 14567
1301.17 3819 13150
1871 3318 13209
4812.17 8891 21665
715.167 2086 9465
3016.33 4882 16051
457.667 1228 5620
1101.33 3359 11653
3692.83 7309 19740
2013.33 4161 14861
630 1906 8814
1325.5 2853 12039
991 2689 10687
427.333 1396 6891
1237.5 2511 11098
1335.33 2879 12171
1313.83 2894 12162
487 1611 7884
271 352 973
977 2252 10260
4603.5 8277 21584
1820 3929 13974
627.667 1868 8690
3747.83 6434 18751
553.667 1833 8498
550 1579 7408
382 896 3891
1679.33 4497 14988
355.333 1108 5255
1381.33 3000 12495
611 1855 8656
1397.5 2871 12088
1632.33 2843 12183
305 901 3891
4533.5 8497 21028
306.333 913 3917
1092.17 2976 11275
864 1138 5620
265.667 744 2901
940 2655 10482
1239.5 2589 11156
240.333 620 2063
2766.83 6511 19382
2258 3191 13321
1279 3058 12312
1392 2806 11821
1891.17 3166 13046
1090.83 2437 10501
691.333 2208 10068
1310.83 3507 12569
1076 2246 10318
2271.17 4971 15893
708.667 2104 9546
428.667 1408 6917
354.667 1165 5301
1058.5 3080 11591
1282.83 2735 11706
848.5 2776 10953
433.333 1323 6435
352.333 1061 4873
1320 2856 11904
726.333 2158 10252
1168 2603 11701
4005.67 7159 20287
1092 2411 11075
437 1449 7190
1246.83 2395 10518
587 763 3142
1017.5 3155 11599
1895.33 3411 13425
342.667 739 2901
3034.33 4876 16045
528 1730 7904
1402.5 2910 12481
2680 3377 13660
551.333 1687 7999
3429 7379 19731
3721.33 7024 20013
703.333 2194 9560
628.667 2001 9043
1340.83 2876 12306
642.333 1755 8558
1449 3030 12937
1093 2329 10392
317 924 4198
387.333 1271 6044
1738.83 3834 13678
2188.5 3009 12598
1309.83 2900 12113
1489.67 3718 13130
2412 3475 14199
402.667 1268 6237
1516.5 4029 13862
2188 3222 13367
277.667 767 3208
2155 3090 12951
2326 3294 13600
582 1742 8197
669.167 2055 9072
2206 3216 13361
1243.5 2879 12079
1652.67 3419 13166
1991.83 3623 13639
228.667 588 1960
636 920 4198
434.667 1431 7026
429.333 1056 4873
2022 2566 11275
1081.33 2576 10825
1641.83 4108 14649
2409 4944 16723
1337.17 3726 13390
2213 2805 11803
1311.5 2759 11772
1148 3266 12420
2279.5 3135 13144
2500.33 5765 17082
2218.5 3269 13496
2608.17 6572 17695
2238 2810 11921
930.333 3016 11398
2405 3027 12647
4435 8471 20884
1535 3536 13086
1242.83 2537 11207
1471.83 3954 13774
831 2333 10318
1361.5 2938 12317
2618.5 6052 18165
778 1080 5180
1756.33 3349 13192
1308.5 2966 12394
1361.5 3146 12469


