1.247848598e+00 1.731600039e+00 2.000000000e+00 
1.302206031e+00 1.711269671e+00 1.990926684e+00 
1.315751272e+00 1.705600626e+00 1.989816313e+00 
1.277247003e+00 1.715472583e+00 1.987278322e+00 
1.440623139e+00 1.693089630e+00 1.981567844e+00 
1.286441869e+00 1.693187372e+00 1.980742997e+00 
1.315244879e+00 1.688788975e+00 1.977094635e+00 
1.168309630e+00 1.692014466e+00 1.972526252e+00 
1.294088401e+00 1.683315414e+00 1.971384157e+00 
1.390482577e+00 1.675789268e+00 1.970305511e+00 
1.312613171e+00 1.675984752e+00 1.970019987e+00 
1.361760897e+00 1.673834425e+00 1.968021319e+00 
1.220876274e+00 1.669631512e+00 1.967767520e+00 
1.246963178e+00 1.663180530e+00 1.960946670e+00 
1.268653670e+00 1.656925032e+00 1.957583833e+00 
1.339521044e+00 1.656827290e+00 1.951556105e+00 
1.224051204e+00 1.661812140e+00 1.951302306e+00 
1.239856798e+00 1.658684391e+00 1.950477459e+00 
1.189007286e+00 1.670413449e+00 1.950445735e+00 
1.244971366e+00 1.650474049e+00 1.950033311e+00 
1.229176513e+00 1.643534356e+00 1.949525713e+00 
1.296288908e+00 1.636203695e+00 1.948224993e+00 
1.267909426e+00 1.632684977e+00 1.938612354e+00 
1.327935390e+00 1.630925618e+00 1.937628882e+00 
1.249034785e+00 1.627406901e+00 1.937311634e+00 
1.327106748e+00 1.625354315e+00 1.936804035e+00 
1.288462837e+00 1.621151403e+00 1.933853621e+00 
1.221101849e+00 1.632196266e+00 1.933599822e+00 
1.241308458e+00 1.622813019e+00 1.931759779e+00 
1.171324969e+00 1.621640113e+00 1.926874147e+00 
1.259377474e+00 1.615482358e+00 1.926715523e+00 
1.189203705e+00 1.614993647e+00 1.925414803e+00 
1.366889275e+00 1.612941061e+00 1.924907205e+00 
1.303264853e+00 1.614211710e+00 1.920338822e+00 
1.230397994e+00 1.612941061e+00 1.920021573e+00 
1.414485597e+00 1.610595250e+00 1.914977317e+00 
1.350027928e+00 1.598963933e+00 1.913993845e+00 
1.320789113e+00 1.599061675e+00 1.911804829e+00 
1.317186052e+00 1.593588115e+00 1.908441991e+00 
1.229176513e+00 1.597595543e+00 1.907617144e+00 
1.183110111e+00 1.587039390e+00 1.902255639e+00 
1.231083926e+00 1.584009383e+00 1.900891469e+00 
1.346897500e+00 1.583911641e+00 1.899622474e+00 
1.253431195e+00 1.579317760e+00 1.897528632e+00 
1.201961735e+00 1.579415502e+00 1.895339615e+00 
1.169736737e+00 1.572475809e+00 1.889153263e+00 
1.179979683e+00 1.571987098e+00 1.887884268e+00 
1.360402843e+00 1.569054833e+00 1.887630469e+00 
1.271147271e+00 1.563776757e+00 1.884965579e+00 
1.229099787e+00 1.568566123e+00 1.884426256e+00 
1.207156098e+00 1.569543544e+00 1.883601409e+00 
1.228137641e+00 1.561724172e+00 1.875892262e+00 
1.143290755e+00 1.557032548e+00 1.874781891e+00 
1.239942732e+00 1.549408660e+00 1.871165255e+00 
1.203258408e+00 1.552927378e+00 1.870594207e+00 
1.203209303e+00 1.555957384e+00 1.869230037e+00 
1.198225170e+00 1.549310918e+00 1.867675518e+00 
1.242968812e+00 1.543250904e+00 1.861520891e+00 
1.170124972e+00 1.546769622e+00 1.858633927e+00 
1.143949066e+00 1.536702180e+00 1.853304146e+00 
1.142887176e+00 1.535431532e+00 1.846895720e+00 
1.190084522e+00 1.518424396e+00 1.845595000e+00 
1.177774572e+00 1.522627309e+00 1.845341201e+00 
1.175061534e+00 1.530739908e+00 1.838678976e+00 
1.191703444e+00 1.505913400e+00 1.830969830e+00 
1.165127028e+00 1.518913107e+00 1.826940770e+00 
1.262130410e+00 1.504642752e+00 1.825195901e+00 
1.157560291e+00 1.521845372e+00 1.823419308e+00 
1.188037467e+00 1.505522432e+00 1.822562736e+00 
1.176060509e+00 1.505033721e+00 1.819834396e+00 
1.183610366e+00 1.495064021e+00 1.814980489e+00 
1.147874378e+00 1.501808230e+00 1.814504616e+00 
1.281212212e+00 1.490079171e+00 1.810824530e+00 
1.125316879e+00 1.496627896e+00 1.807937565e+00 
1.196684508e+00 1.490470140e+00 1.806573396e+00 
1.161810922e+00 1.475222363e+00 1.798800799e+00 
1.199438978e+00 1.474733653e+00 1.791377177e+00 
1.152375136e+00 1.482943994e+00 1.786618445e+00 
1.180851292e+00 1.472681067e+00 1.782748009e+00 
1.140643702e+00 1.458410713e+00 1.782335586e+00 
1.115989584e+00 1.476102043e+00 1.781225215e+00 
1.112424271e+00 1.470530740e+00 1.776022334e+00 
1.119089322e+00 1.450982309e+00 1.765045525e+00 
1.289932911e+00 1.446290685e+00 1.763744805e+00 
1.170128041e+00 1.447854560e+00 1.762856508e+00 
1.199653811e+00 1.446877138e+00 1.761079915e+00 
1.108564944e+00 1.455380706e+00 1.760032994e+00 
1.167677406e+00 1.447170365e+00 1.759715745e+00 
1.185697318e+00 1.441208093e+00 1.755020463e+00 
1.160641615e+00 1.435832274e+00 1.747565115e+00 
1.129153188e+00 1.432900010e+00 1.746391295e+00 
1.206370422e+00 1.428794839e+00 1.742552584e+00 
1.248612791e+00 1.426058059e+00 1.735065512e+00 
1.186249747e+00 1.422441599e+00 1.730021256e+00 
1.115703088e+00 1.436711954e+00 1.729355033e+00 
1.126204294e+00 1.418434171e+00 1.728910885e+00 
1.272845989e+00 1.417065780e+00 1.724183877e+00 
1.138467747e+00 1.415697390e+00 1.723898353e+00 
1.193784258e+00 1.415501906e+00 1.723105231e+00 
1.254715591e+00 1.411592220e+00 1.711779449e+00 
1.265994341e+00 1.408073502e+00 1.711367025e+00 
1.160868725e+00 1.406509628e+00 1.709463532e+00 
1.192782214e+00 1.402013488e+00 1.707718664e+00 
1.169692236e+00 1.405043495e+00 1.706925542e+00 
1.186125450e+00 1.403675105e+00 1.706354494e+00 
1.113114807e+00 1.402111231e+00 1.705751721e+00 
1.276472069e+00 1.399472192e+00 1.701373687e+00 
1.228283420e+00 1.400645098e+00 1.698708797e+00 
1.087309335e+00 1.407584791e+00 1.697883950e+00 
1.159202232e+00 1.400254130e+00 1.696392881e+00 
1.142730654e+00 1.397712834e+00 1.695599759e+00 
1.149995090e+00 1.393803147e+00 1.691919673e+00 
1.166227281e+00 1.390577656e+00 1.690174804e+00 
1.125605830e+00 1.390088945e+00 1.688271311e+00 
1.221876784e+00 1.388525071e+00 1.685606421e+00 
1.136273378e+00 1.389600235e+00 1.682973256e+00 
1.231073185e+00 1.385592806e+00 1.682719457e+00 
1.129989504e+00 1.383246994e+00 1.680403540e+00 
1.173235451e+00 1.383051510e+00 1.679610418e+00 
1.162613478e+00 1.380607956e+00 1.675517909e+00 
1.100979333e+00 1.387743134e+00 1.674756512e+00 
1.132352670e+00 1.370247288e+00 1.671330224e+00 
1.118767072e+00 1.376698270e+00 1.666793566e+00 
1.091009993e+00 1.369660835e+00 1.662256908e+00 
1.215421043e+00 1.369172124e+00 1.661241712e+00 
1.119396226e+00 1.367021797e+00 1.657878874e+00 
1.088493374e+00 1.383246994e+00 1.656958853e+00 
1.170290700e+00 1.364675985e+00 1.650518702e+00 
1.130933236e+00 1.364480500e+00 1.649249707e+00 
1.105334772e+00 1.365848891e+00 1.647441388e+00 
1.107283617e+00 1.359202424e+00 1.646394467e+00 
1.102409049e+00 1.355292738e+00 1.644776498e+00 
1.151304038e+00 1.353142410e+00 1.639224644e+00 
1.092618787e+00 1.360766299e+00 1.634116938e+00 
1.092501090e+00 1.355292738e+00 1.631261699e+00 
1.122948649e+00 1.353240152e+00 1.630976175e+00 
1.087002431e+00 1.351578536e+00 1.629865804e+00 
1.120112235e+00 1.346104975e+00 1.628850608e+00 
1.093810499e+00 1.344345616e+00 1.627232639e+00 
1.098705629e+00 1.342488515e+00 1.623298753e+00 
1.090176286e+00 1.339263024e+00 1.623044954e+00 
1.128496412e+00 1.336721728e+00 1.617746899e+00 
1.148268750e+00 1.334180432e+00 1.612131595e+00 
1.078698049e+00 1.344834327e+00 1.610894324e+00 
1.115122578e+00 1.336819470e+00 1.609498430e+00 
1.111173634e+00 1.336721728e+00 1.609212906e+00 
1.125672428e+00 1.334962369e+00 1.608134260e+00 
1.103570069e+00 1.330661714e+00 1.607119063e+00 
1.093559911e+00 1.327924934e+00 1.605501095e+00 
1.080751702e+00 1.330173004e+00 1.600456838e+00 
1.083644279e+00 1.329782035e+00 1.598362996e+00 
1.133630929e+00 1.327045255e+00 1.597823673e+00 
1.078375799e+00 1.329684293e+00 1.594904984e+00 
1.121388498e+00 1.320594272e+00 1.589099331e+00 
1.105915435e+00 1.320789757e+00 1.587481362e+00 
1.075304143e+00 1.320594272e+00 1.586370991e+00 
1.090409073e+00 1.316782328e+00 1.585292345e+00 
1.125196726e+00 1.313654579e+00 1.584023350e+00 
1.085713431e+00 1.313654579e+00 1.582659180e+00 
1.074386037e+00 1.312677158e+00 1.578725294e+00 
1.073516422e+00 1.315218454e+00 1.577361124e+00 
1.108958856e+00 1.306128433e+00 1.567621586e+00 
1.147002768e+00 1.305346496e+00 1.566257416e+00 
1.098089365e+00 1.304369074e+00 1.566003617e+00 
1.119588042e+00 1.302023263e+00 1.564639447e+00 
1.087301663e+00 1.301827778e+00 1.563814600e+00 
1.104040708e+00 1.300068420e+00 1.559626915e+00 
1.085585451e+00 1.300654872e+00 1.559341391e+00 
1.121099548e+00 1.299481967e+00 1.558548269e+00 
1.069900164e+00 1.301339068e+00 1.554265410e+00 
1.083209548e+00 1.300166162e+00 1.553789537e+00 
1.183079421e+00 1.299090998e+00 1.551410171e+00 
1.112043249e+00 1.299775193e+00 1.548237683e+00 
1.145876428e+00 1.290978399e+00 1.545794867e+00 
1.103790120e+00 1.290098720e+00 1.544525872e+00 
1.072365530e+00 1.287752908e+00 1.543161702e+00 
1.106544590e+00 1.284136448e+00 1.542907903e+00 
1.079219787e+00 1.283159026e+00 1.537609847e+00 
1.078350172e+00 1.285700323e+00 1.536245677e+00 
1.075979333e+00 1.285993549e+00 1.529932426e+00 
1.065224930e+00 1.273971264e+00 1.524317122e+00 
1.104749197e+00 1.273482553e+00 1.522952952e+00 
1.061997367e+00 1.272211905e+00 1.522699153e+00 
1.096779802e+00 1.271038999e+00 1.521334983e+00 
1.087536905e+00 1.272114163e+00 1.520065988e+00 
1.138048822e+00 1.268008992e+00 1.519875638e+00 
1.075933297e+00 1.270550288e+00 1.518511469e+00 
1.067150758e+00 1.269670609e+00 1.513689287e+00 
1.091657101e+00 1.257550582e+00 1.501126233e+00 
1.059020391e+00 1.260091878e+00 1.499857238e+00 
1.088201814e+00 1.259016714e+00 1.499666889e+00 
1.095025381e+00 1.256182191e+00 1.495955078e+00 
1.082544639e+00 1.255595738e+00 1.493290187e+00 
1.058153385e+00 1.259700909e+00 1.492750865e+00 
1.054900195e+00 1.257648324e+00 1.491767393e+00 
1.192529018e+00 1.252761216e+00 1.489578376e+00 
1.054071552e+00 1.256866386e+00 1.489039053e+00 
1.080813083e+00 1.256475418e+00 1.488816979e+00 
1.074869412e+00 1.255986707e+00 1.484565845e+00 
1.063964012e+00 1.253836380e+00 1.479807113e+00 
1.075457595e+00 1.248656045e+00 1.478093969e+00 
1.121749112e+00 1.244453133e+00 1.475270455e+00 
1.113206878e+00 1.242693774e+00 1.473906285e+00 
1.081859168e+00 1.243377969e+00 1.473715935e+00 
1.076260765e+00 1.245821523e+00 1.471558643e+00 
1.112327136e+00 1.239859251e+00 1.470194474e+00 
1.078363062e+00 1.243768938e+00 1.468068906e+00 
1.094598323e+00 1.241325384e+00 1.465689540e+00 
1.062153274e+00 1.244159906e+00 1.464896418e+00 
1.076194166e+00 1.243377969e+00 1.462326703e+00 
1.073322152e+00 1.243573453e+00 1.458329368e+00 
1.182631340e+00 1.235949565e+00 1.454681006e+00 
1.109421822e+00 1.228618903e+00 1.453697535e+00 
1.087879564e+00 1.230866973e+00 1.452333365e+00 
1.076329818e+00 1.231942137e+00 1.451064370e+00 
1.073079083e+00 1.234287948e+00 1.449700200e+00 
1.058332310e+00 1.226859545e+00 1.448145681e+00 
1.079114979e+00 1.226468576e+00 1.443450398e+00 
1.058554816e+00 1.226077607e+00 1.440785508e+00 
1.053329763e+00 1.230182778e+00 1.440246185e+00 
1.054253086e+00 1.225882123e+00 1.436597824e+00 
1.095726198e+00 1.223634053e+00 1.436344025e+00 
1.053232628e+00 1.229303098e+00 1.435772977e+00 
1.069621341e+00 1.224904701e+00 1.429745249e+00 
1.083930775e+00 1.222558890e+00 1.428666603e+00 
1.106339885e+00 1.217280813e+00 1.427936931e+00 
1.069012595e+00 1.210634347e+00 1.426572761e+00 
1.049278620e+00 1.219528883e+00 1.426096888e+00 
1.107887298e+00 1.209656925e+00 1.425018242e+00 
1.203040505e+00 1.204867559e+00 1.419656737e+00 
1.051999945e+00 1.211123057e+00 1.409822023e+00 
1.067012651e+00 1.208484019e+00 1.408267504e+00 
1.064281198e+00 1.204769817e+00 1.403254973e+00 
1.097324558e+00 1.200566905e+00 1.401192856e+00 
1.068373313e+00 1.199784967e+00 1.399828686e+00 
1.060981972e+00 1.204769817e+00 1.397988642e+00 
1.065010097e+00 1.204476591e+00 1.397703119e+00 
1.062102175e+00 1.199784967e+00 1.395958250e+00 
1.047582972e+00 1.200175936e+00 1.395165128e+00 
1.040777359e+00 1.199784967e+00 1.394657530e+00 
1.039672502e+00 1.202033037e+00 1.390438121e+00 
1.085981972e+00 1.199393999e+00 1.388883601e+00 
1.052048436e+00 1.199589483e+00 1.388312554e+00 
1.039544676e+00 1.199784967e+00 1.387995305e+00 
1.050764653e+00 1.199198514e+00 1.387804955e+00 
1.117720987e+00 1.196950445e+00 1.387551156e+00 
1.075099591e+00 1.198905288e+00 1.382982773e+00 
1.064322170e+00 1.196852703e+00 1.377970242e+00 
1.133526581e+00 1.193138501e+00 1.377684718e+00 
1.099897494e+00 1.185416870e+00 1.375432252e+00 
1.043626509e+00 1.185807839e+00 1.374575680e+00 
1.071846400e+00 1.185416870e+00 1.374068082e+00 
1.103554724e+00 1.180138794e+00 1.372513562e+00 
1.050444858e+00 1.182093637e+00 1.370197646e+00 
1.086646882e+00 1.178574919e+00 1.367152057e+00 
1.055079120e+00 1.178281693e+00 1.354113131e+00 
1.038971838e+00 1.184537191e+00 1.351162717e+00 
1.101437081e+00 1.169191672e+00 1.349671647e+00 
1.036301767e+00 1.170951031e+00 1.348815076e+00 
1.080061166e+00 1.167921024e+00 1.348688176e+00 
1.044749320e+00 1.168898446e+00 1.345864662e+00 
1.034301669e+00 1.170755547e+00 1.340281082e+00 
1.075240306e+00 1.168116509e+00 1.338726563e+00 
1.099779796e+00 1.167334571e+00 1.337552743e+00 
1.117938429e+00 1.165966181e+00 1.334919577e+00 
1.099920512e+00 1.166454892e+00 1.328891850e+00 
1.041237716e+00 1.162545206e+00 1.322642048e+00 
1.099012534e+00 1.149447757e+00 1.322356524e+00 
1.039498640e+00 1.156289708e+00 1.322071000e+00 
1.097079034e+00 1.151109373e+00 1.318137115e+00 
1.103053549e+00 1.148470335e+00 1.316582596e+00 
1.070918013e+00 1.155800997e+00 1.311443165e+00 
1.035529288e+00 1.155019060e+00 1.310047270e+00 
1.068846406e+00 1.152380022e+00 1.308492751e+00 
1.055754310e+00 1.153846154e+00 1.297833191e+00 
1.094961391e+00 1.140162252e+00 1.295295200e+00 
1.064485750e+00 1.140162252e+00 1.294755877e+00 
1.036920641e+00 1.143876454e+00 1.293645506e+00 
1.062900127e+00 1.141628384e+00 1.293486882e+00 
1.062260691e+00 1.141726126e+00 1.290028870e+00 
1.059728727e+00 1.142117095e+00 1.284477015e+00 
1.057831135e+00 1.136741277e+00 1.278163764e+00 
1.034762026e+00 1.133515785e+00 1.268265601e+00 
1.033022950e+00 1.127260287e+00 1.267694553e+00 
1.051212120e+00 1.124621249e+00 1.266140034e+00 
1.054882241e+00 1.123546085e+00 1.255448748e+00 
1.052350277e+00 1.123937054e+00 1.249896894e+00 
1.054664799e+00 1.112696706e+00 1.240379430e+00 
1.026616314e+00 1.112794448e+00 1.239586308e+00 
1.052107361e+00 1.112598964e+00 1.239110434e+00 
1.125048337e+00 1.109959926e+00 1.237555915e+00 
1.045918013e+00 1.108396051e+00 1.235144824e+00 
1.079524083e+00 1.107320887e+00 1.231433013e+00 
1.045982003e+00 1.106832177e+00 1.230227467e+00 
1.030598403e+00 1.110644121e+00 1.222105898e+00 
1.045444920e+00 1.106832177e+00 1.219853431e+00 
1.046148192e+00 1.103802170e+00 1.211002189e+00 
1.043539502e+00 1.097546672e+00 1.210431141e+00 
1.037580486e+00 1.096276024e+00 1.202817170e+00 
1.038539563e+00 1.090216010e+00 1.200564703e+00 
1.072145632e+00 1.089140846e+00 1.196852892e+00 
1.025258260e+00 1.092464080e+00 1.187525776e+00 
1.093590601e+00 1.082983091e+00 1.181847023e+00 
1.017217356e+00 1.082103411e+00 1.178864884e+00 
1.027503729e+00 1.079464373e+00 1.177310365e+00 
1.046992180e+00 1.078780178e+00 1.172266108e+00 
1.031250575e+00 1.078877920e+00 1.171060563e+00 
1.030202035e+00 1.078095983e+00 1.168237048e+00 
1.083923102e+00 1.072622422e+00 1.152755306e+00 
1.083616197e+00 1.069005962e+00 1.152628406e+00 
1.078705721e+00 1.066366924e+00 1.152184258e+00 
1.028398970e+00 1.067442088e+00 1.150280765e+00 
1.077631555e+00 1.064803050e+00 1.148726246e+00 
1.026787720e+00 1.067246603e+00 1.148440722e+00 
1.074409055e+00 1.064607565e+00 1.146886203e+00 
1.022273612e+00 1.061675301e+00 1.141397798e+00 
1.039613730e+00 1.060600137e+00 1.137685987e+00 
1.064127746e+00 1.055028834e+00 1.122680118e+00 
1.019831110e+00 1.052389796e+00 1.121601472e+00 
1.037171228e+00 1.051314632e+00 1.117889661e+00 
1.036762124e+00 1.050923663e+00 1.115066146e+00 
1.050700664e+00 1.047307204e+00 1.111544684e+00 
1.049473045e+00 1.048773336e+00 1.110973637e+00 
1.028092065e+00 1.049946242e+00 1.099013356e+00 
1.023565220e+00 1.047013977e+00 1.098505758e+00 
1.046173819e+00 1.037826214e+00 1.093017354e+00 
1.043104771e+00 1.037923957e+00 1.091177310e+00 
1.042490962e+00 1.034698465e+00 1.078994956e+00 
1.040649533e+00 1.036360082e+00 1.076901114e+00 
1.040189176e+00 1.036751051e+00 1.074838996e+00 
1.032286379e+00 1.034405239e+00 1.069350592e+00 
1.030751855e+00 1.033623302e+00 1.068811269e+00 
1.030598403e+00 1.032548138e+00 1.065099458e+00 
1.036352867e+00 1.022773922e+00 1.062815266e+00 
1.032516558e+00 1.024533281e+00 1.061514546e+00 
1.029447510e+00 1.023653602e+00 1.060975223e+00 
1.028066439e+00 1.021210048e+00 1.057802735e+00 
1.023616320e+00 1.020525853e+00 1.056153041e+00 
1.015099713e+00 1.017104877e+00 1.049173567e+00 
1.007964178e+00 1.005864529e+00 1.031312458e+00 
