1079.17 1829 7117
896 1167 4748
473.333 1274 5449
1105.17 1857 7316
737 977 3813
614.167 1991 7027
558.167 1818 6346
611.167 1677 6254
1050.17 1887 7250
611.167 1698 6649
647.667 2046 7245
876 1106 4659
364 1164 3763
851 1109 4659
397.333 1278 4188
684.5 2015 7320
848.833 1625 6671
1158.67 2070 7688
540 686 2843
446.167 1439 4746
320.833 738 2478
822.167 1592 6519
807.667 1797 6942
1287.83 2013 7887
445.667 1490 5141
668.333 2026 7236
550.833 1484 6203
445.667 1518 5299
991 1323 5701
531.333 979 3751
1175 1852 7224
1205.17 2060 7821
304.667 852 3238
404.833 1113 4479
485.5 1052 4142
714.667 1877 6792
2048.67 3489 9268
557.333 1000 3883
274.5 598 1745
566 1713 6346
1931.5 3473 8694
507.667 1711 5980
641.833 1371 5515
506 1723 6140
507.333 1524 5895
1244.5 1852 7316
640.5 1638 6320
1288 1623 6611
750 1016 4300
806.167 1849 7066
2507.67 3423 9014
610.167 1921 6792
1246.17 2044 7620
1053.5 1714 6697
324 933 3351
963 1467 6009
346.5 582 1615
1278.5 2102 7887
1611 3644 8685
530.667 1669 6096
457.833 1189 4588
1129 1765 6848
575 799 3439
1098.67 1853 7242
397.333 1306 4346
245 607 1865
2015.5 3568 10591
689.167 1696 6341
1003.33 2040 7561
550.667 794 3123
347.5 933 3610
912 1200 5255
378 821 3074
445.667 1539 5694
248.667 568 1373
1059.5 1583 6269
499.333 1720 5745
646.667 2075 7762
412 1376 4716
526.167 1738 6273
1290.67 1773 7023
789.167 2152 8157
921 1164 4748
390 1031 3958
657.5 1100 4409
420.5 1094 4368
340.667 917 3296
651 864 3747
936 1196 5255
1114 1787 6848
742 982 3943
977.667 1394 5541
370 1016 3834
472.667 1185 4806
300.5 590 1508
450.167 1208 4964
440 549 1865
415.5 1102 4210
477.667 1177 4964
520.5 1396 5966
621 1878 7187
2814.67 3471 9157
563 1041 4159
446 1042 4052
2405.33 3499 9858
1164.5 1751 6764
1047.17 1823 7023
500.667 1231 5005
259.667 498 1066
405.5 756 2610
484 1069 4208
2032 3109 8881
218.333 484 974
566 1734 6741
722 985 4144
630.5 909 3563
1068.33 1880 7242
2107.17 3449 9059
687.667 992 4159
1102.67 1938 7293
687.5 1176 5071
440.5 839 3206
475 636 2461
509.333 1753 6316
549.5 928 3563
1240.5 3671 10273
245 628 2260
407 515 1574
942.167 2469 8443
309.333 764 2343
791 1013 4409
501 668 2527
280 721 2326
400 472 999
602 746 2901
638 829 3497
1990.67 3364 8650
514 665 2711
1840.17 3192 8493
401 506 1549
1033.5 1588 6269
508 593 1948
466 555 1931
275.333 559 1417
311 816 2881
766 1020 4302
309.5 493 1258
493.5 711 2527
222 236 0
2226.33 3482 9609
439 537 1799
367 475 1448
216 298 953
372 402 978
222 273 495
216 258 0
172 293 395
172 272 0
220.333 505 1348
357 485 1149


488 1385 4905
501 668 2527
624.5 1057 4475
1024 2184 8517
624.5 1017 3522
794 2000 7887
1069 1408 5900
834.667 1978 7755
488 1368 4655
589.167 1776 6588
383.5 704 2078
320.833 738 2478
676 877 3813
526 1555 5966
959.667 1416 5875
557 1033 3472
582.5 862 3189
919.5 1268 5071
1174 1531 6346
800.833 2094 8250
508 593 1948
395.833 981 3390
1973.17 2996 9066
838.833 1906 7887
719.333 1921 7712
625.5 1632 6720
340.667 934 3230
802.5 1914 7342
719.5 1040 4093
1326.17 1944 7895
493 658 2412
862.5 1474 6058
568.5 1541 6562
488 1407 5567
670 835 3289
391.333 841 3015
1263.67 1684 6741
729 2001 7755
832.667 1689 7008
270.667 642 1886
859.5 1588 6654
926 1165 4659
501 1449 5625
865.5 1998 7938
815.667 1696 7115
505.667 1345 5294
666 865 3365
624.5 1011 3497
917 1211 4922
704.833 1982 7404
587.667 1811 6808
1250.33 2528 8694
537.167 1521 5706
492.167 1271 4647
431.5 936 3456
631.667 2053 7342
551 804 3080
1067.33 2565 9004
803.167 1746 7316
791.667 1779 7184
825.333 1807 7628
666.667 1749 7133
601.167 1693 7032
416.5 1076 4018
526 1578 6537
1054 1388 5857
495.5 1261 4640
604.5 1285 4939
1016.67 1535 6370
1203 1743 7184
507 1337 5031
599.667 1906 7056
372.833 912 3082
266 663 1435
764.667 1407 5650
1169.83 2564 8604
414 825 2623
298.667 603 1524
895.667 1724 7133
953 2245 8408
439 537 1799
300.5 590 1508
556.5 1062 3785
2242 3383 9902
466.333 1034 3478
567.167 1558 6155
248.667 568 1373
481.167 1111 4368
522.5 1293 5054
893 1421 5750
300 596 1549
739.667 1272 5304
532 1217 4729
547.5 1422 5966
664.667 999 3747
2174.83 3507 9202
359.667 615 1653
528 1369 5584
704.667 1218 4922
898 1364 5317
955 1242 5304
350.5 852 3074
503 1240 4672
789.667 1536 6562
651 881 3681
1011 1319 5750
756.167 2444 8536
390.5 1196 4040
2684.83 3843 10088
924.333 1721 7141
2198.67 3643 9970
418.5 582 1615
400 472 999
2200.5 3380 9531
220.333 505 1348
1070 1378 5900
332.667 907 2589
1159.67 1531 6295
832 1057 4567
819 1051 4334
1933.83 3324 9159
322 856 2510
472 877 3106
309.5 493 1258
1895.17 3659 9005
718.833 2223 7419
410.833 1225 4091
465 1172 4185
412.833 1065 3702
495 663 2444
411.333 1187 4223
437.5 1195 4614
768.667 1271 5304
441.667 1040 3737
466 555 1931
412 905 3365
453 609 2070
377.5 846 2807
544 676 2544
338.5 711 1961
324.667 559 1417
658 877 3414
367 475 1448
1414.67 2517 8668
429.167 1202 4407
387.5 1024 3429
676.5 1238 4964
436.333 1261 4447
463 1093 4119
368.333 1040 3469
440 549 1865
806.5 1399 5718
670 847 3597
418.5 1073 4052
303.667 762 2326
540 686 2843
375.667 717 2171
322.833 1049 3144
374 734 2395
668 858 3097
995 1241 5039
218.333 484 974
401 506 1549
409 883 3149
329.5 713 1944
266.667 675 1532
407 515 1574
513 872 3240
172 272 0
602 746 2901
488.5 709 2236
233.667 485 1149
372 402 978
426 641 1732
222 273 495
172 293 395
222 236 0
216 258 0
216 298 953


627.667 1478 6045
1071.17 2129 8425
698 1714 6716
1195.5 1919 7438
610.333 1576 6198
979.667 1947 7398
604.833 1583 6163
367.667 1343 4397
300.5 590 1508
218.333 484 974
710.667 1979 7597
1039 2137 7598
651.167 1362 5541
245 607 1865
309.5 493 1258
483.167 1587 6203
1256 1634 6628
380 1362 5050
519.333 1906 7169
787.667 1336 5627
1345.67 2006 7864
675.333 1476 6137
932.667 1506 6195
297.5 1026 3518
490 1798 7062
523.667 936 3406
481.667 1798 6932
599 1039 4343
657.333 1967 7287
801.167 1546 6381
2521.33 3587 10466
1854 3283 9158
337.833 1220 4089
465.5 1469 5358
434.333 1346 5001
533.667 999 3834
493.833 1514 6112
576.5 1432 5785
1043.17 2091 7957
320.333 998 3123
654.667 1416 5734
911.667 1959 7429
1110.67 1949 7438
382 1152 3817
367.667 1364 5042
641.333 1759 6952
815.667 1153 4939
859 1204 5163
423.667 1182 4027
400.333 1487 5449
651.5 1247 5321
2064.33 3013 8838
663.5 1310 5558
2012.5 3257 9878
398.667 1436 5067
627.667 1152 4787
764.333 2223 8084
306.667 820 3014
354.667 1088 3719
408.167 1203 4101
297.5 988 2672
432 1016 3696
570 829 3281
482.833 1423 5449
1327 2074 7628
640 983 3567
857 1089 4567
598.333 1599 6229
340.667 934 3230
429.833 1166 4053
916.167 2216 7932
1148.67 3134 8619
380 1339 4479
889.667 1915 7312
473.5 1065 4208
459.5 1398 5054
519 1365 5358
501 668 2527
297.5 1005 3123
400.333 1510 6020
532 1015 4053
705 1385 5627
297.5 1004 2856
1162.17 1792 7000
398.667 1450 5268
478.333 1402 5228
848.167 2230 8150
865.667 1201 5071
804.5 1223 5163
469.667 946 3452
242.833 667 1720
512.667 1924 7169
432.667 1009 3679
377.167 1259 4114
377.667 806 2726
380.667 1147 3723
380 1324 4204
528.667 1410 5375
430 1624 6616
245 628 2260
297.5 981 2548
698.667 1005 3877
454.5 1410 5075
723 1013 4193
423.333 1184 4061
654 852 3439
548.333 1982 7370
423.333 1167 4010
487 1219 4649
309.333 764 2343
817.167 1332 5825
400.333 1489 5625
430 1225 4649
798.667 1171 4855
1530 3308 9026
721.5 1917 7250
967.667 1321 5566
401 506 1549
428.333 1361 4967
514 665 2711
541.5 927 3215
638 846 3431
343.833 1212 4097
533.667 1325 5092
799.667 1147 4781
1225.5 2241 8491
390.667 1061 3654
791 1013 4409
557 1072 4384
475 636 2461
438.833 1148 4053
637 864 3391
687.667 1009 4093
389.833 1201 4097
423.333 1207 4632
407 515 1574
501.5 867 3083
466 555 1931
732 954 4259
729.667 1010 4101
400 472 999
470 607 2311
498.5 1222 5031
409.667 1226 4405
486.667 1429 5602
568.5 891 3373
233.667 485 1149
781.667 1548 6295
470 1164 4430
651 881 3681
300 596 1549
550.667 794 3123
866.667 1171 5071
557.5 1033 4185
451.5 1069 4078
2499.33 3906 10317
275.333 559 1417
637.667 1563 6155
678.5 1207 4970
564.833 1418 5493
1611.17 2660 8681
702 899 3813
761 1023 4369
364.667 920 3116
624.5 1057 4475
574.5 921 3497
515.667 867 3098
345.667 965 3435
220.333 505 1348
508 593 1948
428 1036 3642
344.333 780 2664
1469.33 3636 8817
441 608 2360
540 686 2843
440 549 1865
1011.83 2186 7666
415 1024 3587
1039.67 2924 8184
2030 2897 8715
355 998 3452
439 537 1799
248.667 568 1373
603.333 1192 4571
417.5 1079 3995
549.5 928 3563
1585.5 3470 9904
384 711 2527
346.5 582 1615
392.5 895 3083
372 402 978
222 236 0
216 258 0
216 298 953
172 293 395
172 272 0
367 475 1448
222 273 495


726.5 1575 6539
613.5 1046 4159
644.833 1705 6650
967.167 2048 7938
700.833 1637 6514
877.333 1702 6680
794.5 1796 7026
494.333 864 3282
297.333 754 1993
611.167 1987 7363
755.167 2492 8849
574.5 921 3497
619.5 1562 6122
1006.67 1354 5449
606.5 1972 7230
579.167 1924 6946
964.833 2139 7913
807.167 2551 8950
654.167 2176 7858
2028.67 3664 10474
388.333 1240 4496
827.833 1786 6697
450.5 1557 5459
654 852 3439
605.5 1564 6255
428.167 1032 3728
1095.67 2225 8509
715.167 2350 8354
342.667 620 1662
1222.67 2415 8533
597.667 1117 4591
540 1670 6071
531.5 1360 4990
944 1576 6671
540.5 1034 3995
482 949 3472
300.5 590 1508
465.333 982 3702
1440.33 2973 9219
628 1362 5892
707.167 2157 8333
827.833 1781 6671
966 1229 5281
729.5 1457 6075
671.5 1380 5943
842.167 2121 7470
301 713 1944
947.167 1915 7316
550.667 794 3123
458.5 1406 4892
725 995 4659
866.667 1171 5071
540.833 1049 4343
2535.83 3652 9992
1022.67 1511 6363
656 845 3215
901.833 1968 7470
577.667 984 3969
413.5 1413 5054
218.333 484 974
582 1221 5230
658.167 2150 7801
519.667 1214 4963
493.5 711 2527
357.5 1183 3569
748.167 2418 8380
608.833 1270 5321
638 846 3431
999.833 2847 8975
309.5 493 1258
242.667 526 1040
458.833 1321 4672
893.667 1361 5917
258.667 642 1886
568.5 891 3373
1418.83 2480 8901
330 865 2856
520.5 901 3373
827.833 1821 7293
345.5 1192 4076
461.667 1058 3986
420.5 1094 4368
475 636 2461
450.5 1552 5408
651 881 3681
1185.83 3055 9501
440.5 839 3206
574.5 1987 6841
553 1233 4980
412 905 3365
408.167 899 3106
632.667 914 3422
521.833 1555 5738
536.167 1735 6451
247.667 542 1241
751.833 1927 7342
784.833 1921 7291
624.5 1057 4475
738.5 1801 7092
781.333 1359 5650
614.167 1573 6272
566.833 1579 6247
582.5 1711 6625
297.5 1026 3518
702 894 3747
401.667 663 2444
539.167 1245 5054
354.833 1141 3526
1200.5 2872 9215
664.667 1020 4392
543.833 1862 6608
812.833 1914 7268
651.5 1247 5321
591.5 2066 7236
485.833 1695 6005
775.167 2438 8711
390.5 964 2991
421.167 1047 3587
517.167 1287 4698
874.833 2135 7664
559.167 1378 5676
507.833 1551 5554
357 485 1149
317 505 1348
599.167 1545 6054
548.5 1877 6741
591.167 1854 6741
1150.67 2915 9042
485.833 1716 6400
798.167 1583 6562
595.5 2040 7179
541.333 1478 5133
448.5 1593 5346
422.167 937 3373
407.333 848 3016
297.5 1005 3123
602 746 2901
1012 1288 5413
701.333 1694 6646
439 537 1799
407 515 1574
599.5 1916 7115
405.5 1404 4851
1003.5 1713 6697
400 472 999
702 899 3813
247 566 1307
431.5 936 3456
395.833 980 3390
246 532 1057
277.167 857 2153
549.5 928 3563
2006.33 3312 9602
514 665 2711
365.5 1226 4101
576.5 1119 4409
1661.83 2756 9442
1656 2943 9322
270.667 621 1491
440 549 1865
1026.5 1754 6720
309.333 764 2343
408.167 1203 4101
540 686 2843
378.667 1020 3219
346.5 582 1615
473.5 1625 5829
401 506 1549
399.167 907 2973
350.167 765 2420
431.167 975 3390
516.167 1602 5829
408.167 1224 4496
331.667 708 2036
300 596 1549
1090.17 3074 8991
293.667 793 2622
512.833 1605 5745
508 593 1948
275.333 559 1417
367 475 1448
172 272 0
466 555 1931
383 718 2145
421 889 3115
405.5 756 2610
294.5 653 1903
222 273 495
216 258 0
172 293 395
372 402 978
222 236 0
216 298 953


980 2679 9391
1152.5 1820 7034
670 1868 6776
469.5 1237 4921
509.5 1384 5192
2194.33 4037 10596
1227.17 1928 7293
1268.5 1761 7041
384 711 2527
725 995 4659
1088.5 1661 6539
455.333 1089 4142
748.833 1797 6356
782.833 2120 7597
1138 2357 8280
298.667 603 1524
922 2541 8765
562.333 1591 5855
545.333 1582 5377
1297.5 2064 7562
683 1812 6776
638.5 1615 5947
1143.33 2397 8387
707 2096 7554
549.333 1586 5484
1057 1328 5413
942.667 2595 9058
383.5 1018 4052
725 957 3813
549.333 1601 5759
913.167 2585 8887
645.333 1857 6400
895.5 2637 8329
1327 1877 7291
580.5 1540 5734
1143 2476 8688
1274.5 1758 7242
1402.5 2095 7821
692.333 2187 7045
583 1279 5321
979.667 2757 9173
357 485 1149
1566.5 2056 7778
2379.17 3580 9781
662.667 1893 6975
640.667 1360 5917
805.333 2489 8261
837.833 1849 6952
556 1387 5321
645.667 1919 6477
584.667 1687 5982
654.167 1884 6952
575.667 1558 5377
778 2266 7799
760 2276 7639
473.667 1172 4896
559 1589 5738
512 1414 5360
575.667 1588 5755
593 1624 6330
591.5 1440 5569
995.167 2819 9619
637 853 3289
1187.5 2066 7620
717.667 2088 7353
708.333 1997 7154
403.333 1225 4672
936.5 1669 6563
896.333 2409 8479
926.333 2082 7398
1044.83 2180 7776
855 2238 7975
779.333 2400 8120
407 515 1574
790.667 1681 6537
466.5 1231 4746
583.667 905 3365
2327.33 3739 10172
625.5 1433 5366
751.5 2267 7616
701 1582 6312
539.5 847 2905
895.833 2294 8242
585.667 1705 6005
629.5 1413 5699
1026.83 2190 7616
483.5 1071 4142
1439 2422 8746
690.333 2007 6994
460.833 1289 4939
769.5 2257 7776
837.833 2315 7975
1302.67 2426 8746
824.833 2364 7834
901.167 2216 7975
1056 1335 5413
816.833 1865 6794
388.833 959 3456
636.833 1848 6377
367 475 1448
982 1274 5304
686 2533 8265
409 883 3149
1287.17 2035 7436
885 1247 5097
448.5 1012 4101
376 1174 3706
1245.5 1846 7268
648 1819 6708
1312.17 2023 7746
309.5 493 1258
778.5 1477 5984
2115.33 3671 9688
542.333 1077 4318
1328.17 2089 7772
406 888 2966
1084.5 1487 6075
628.5 1439 5541
383.5 983 3456
698 2161 7330
709.167 2079 7330
1221.17 1908 7150
418.5 582 1615
984.5 2002 7330
640.5 1399 5716
979 2214 7834
314.333 896 2790
602 746 2901
420.5 1095 4368
400 472 999
577.333 1226 5072
280 721 2326
1077.67 2179 7834
800.167 2032 7212
443.5 1148 4409
520.5 1194 5054
368 894 3049
768.5 1525 5966
651 864 3747
511 924 3365
320.833 738 2478
583.5 1277 5321
355.5 620 1632
530.667 880 3057
540 686 2843
248.667 568 1373
349.5 590 1508
300 596 1549
509.667 931 3340
489.333 871 2983
466 555 1931
371 1071 3694
439 537 1799
348.167 1092 3694
364.167 860 2856
1211.5 1639 6646
317.333 877 2728
284.667 802 2439
401.667 663 2444
245 628 2260
508 593 1948
334.333 916 3255
222 273 495
317.333 898 3123
401 506 1549
416.667 994 3628
544 676 2544
305.333 836 2706
275.333 559 1417
440 549 1865
222 236 0
218.333 484 974
172 272 0
259.667 498 1066
220.333 505 1348
372 402 978
216 298 953
172 293 395
573 823 2997
216 258 0


1065.67 1432 5875
512 870 3022
605.333 1946 7312
798.333 1467 5875
537.5 1561 5716
571.667 1997 7225
427.667 1353 5027
503 1564 5300
245 628 2260
921.667 1623 6488
517.333 1788 6650
503.167 1623 5804
371.167 928 2881
475.833 1714 6071
433.667 1348 4877
720.5 1789 7225
365.667 979 3223
702.833 1898 7686
962.5 2551 8838
683.167 2206 8282
824.333 1833 7242
536.833 1824 7024
1063.5 2616 9442
791 1040 4409
1139.33 2300 8492
941.833 2716 9196
523.5 1541 5309
602 2131 7353
832.833 2483 8551
1043.5 2541 8996
338.333 949 3014
738 1374 5321
2402.5 3116 9627
866 2757 8929
1237 1573 6412
259.667 498 1066
571.5 2019 7295
649.333 2147 7694
555.833 1693 6180
1183 2454 8869
1042 1348 5859
1049 1334 5425
1006 2463 8829
1155.33 2165 7913
893.333 1433 5917
596.667 1951 7291
602 2148 7603
831 1539 6321
609.833 2216 7694
801.667 1460 5826
821 1024 4092
470.667 1106 4208
480.333 1611 5483
1201 1580 6344
730 1632 6537
1109 1433 5966
290 805 2566
869 1166 4855
498.333 1222 4475
1248 1591 6504
257 624 1753
1121.67 1783 7233
849.833 2763 9265
506.333 1794 6607
576.167 1728 6181
425 1062 4168
960 1835 7276
767 1786 7133
363.333 1116 4431
667.333 1836 7041
401 506 1549
726 1768 6654
647.333 2254 7870
755.167 1993 7712
1210.5 1746 7008
671 2320 8282
1068.17 1771 7207
609.333 2112 7686
1010.5 1761 6876
1220.5 1754 7100
525 1608 5391
763.667 2491 8728
662 2310 8265
591 1725 6629
566 1560 5783
702.5 1795 7133
407 515 1574
466.167 1469 5208
300 596 1549
1081.5 1596 6562
615 872 3106
1036.5 1528 6162
614 2003 7686
775.167 2560 8818
470 607 2311
832.833 2535 8769
845.5 2039 7887
512.5 1793 6178
748.667 2185 7728
568.333 1771 6321
480.333 1634 6054
515.5 1894 6900
768.333 2173 7917
817.5 1456 5852
1169.5 1710 6807
405.5 756 2610
309.5 493 1258
720.5 1787 6654
643.667 1925 7050
1304.5 2522 9019
570 831 2843
1171.17 1761 7100
220.333 505 1348
514 665 2711
777.5 1386 5676
896.833 2228 8426
1254 2535 9019
275.333 559 1417
898.333 2214 8466
400 472 999
616 865 3106
376.167 944 3057
550 742 2806
541.5 1556 5401
619 853 3106
875 1077 4443
720.667 2192 8374
774.5 2256 8466
541.5 1559 5651
617.833 1423 5734
773.167 2008 7804
762.333 1530 5800
480.333 1601 5300
730 1583 5984
1042.17 1611 6654
748 1647 6629
418.5 582 1615
1157 1480 6075
723 1482 5783
489.5 1018 3813
787.333 1679 6646
1069.67 1448 6058
2359.5 3410 9618
670 847 3597
337.5 925 2831
568.333 1792 6716
610.667 1193 4659
684.667 1593 6145
441 608 2360
894.333 1652 6646
397.667 925 3273
848.333 1365 5517
303.667 762 2326
824 1776 7199
881 1107 4659
423.333 1083 3480
568.333 1474 5321
495.333 1355 5229
484 1398 5230
632.667 1236 5230
834.667 1464 5892
367 475 1448
602 746 2901
338.333 951 3190
311 484 974
671.5 1898 7242
1293.67 1696 6720
769.667 2186 8241
562.333 909 3115
2870.5 3816 9996
642 1616 6445
972 1895 7291
2121.83 3350 9477
452.5 926 3497
1001 1270 5321
2148.83 3650 9760
391 607 1865
554.5 1147 4475
573.333 1609 6048
559.333 925 3365
676 877 3813
441.667 867 2989
569.5 1202 4921
507.5 1035 3836
508 593 1948
355.5 620 1632
380 738 2478
2161.67 3293 9526
300.5 590 1508
323.667 726 2436
607.667 1092 4384
327.667 854 2772
466 555 1931
454 924 3206
752 998 3828
439 537 1799
248.667 568 1373
357 485 1149
216 298 953
440 549 1865
222 273 495
222 236 0
372 402 978
216 258 0
172 293 395
172 272 0


735.333 1926 7225
784 2334 8886
649 2181 6934
405.5 756 2610
347.5 876 3032
825.333 1840 7242
1296 1642 6562
630.667 1782 6550
425 1062 4168
819.667 2408 9062
907 1183 5413
450 1206 5014
664 1895 6957
2370.67 3454 9769
889.667 2563 9281
681 1952 7225
638 1735 6404
654 817 2843
737 2621 9281
556.667 1186 4567
622 1758 6270
1185.17 2687 9390
697 1943 7316
785 2330 9019
674.833 1683 6537
675 2332 7887
463 1200 4384
1169 2699 9390
602 763 2835
414.667 1066 4119
1121 1414 6009
690 806 2843
638 1723 6379
745 2168 8290
315 605 1593
296 725 2194
1120.5 1623 6295
820.333 1304 5146
659 1851 6932
298.667 603 1524
367.333 830 2444
414.667 1033 3365
631.5 1642 6129
743.333 1743 6654
463 1233 5138
655.833 2114 6891
784 1013 4193
670 814 2843
417.667 1050 3869
352.667 925 3097
512 994 3439
646.833 1826 6616
667 2300 7062
1270 1648 6562
677 886 3681
440 549 1865
538 1470 5984
672.667 1843 6975
390 928 3273
670 847 3597
1664.33 3694 9623
653.667 1407 5317
391 607 1865
438 1110 4226
812.167 1591 6221
517.333 1107 4318
932.333 2719 9508
748.333 2139 8440
673 1795 7041
837.667 2556 9172
629.833 1421 5668
643 1689 6580
635.5 1119 4409
1146 1411 6009
389.5 650 1640
1257 1708 6654
466 555 1931
832 1060 4567
652 2078 6629
1113 2585 9381
687.333 1982 7887
218.333 484 974
483.333 1043 3531
614.333 1875 6313
334.333 858 2899
1051 1566 6058
426.5 687 2237
581.667 1023 3794
994.667 2313 8828
368.667 1114 3238
470 1019 3296
739 2375 8081
660.333 1679 6313
674 837 3298
1088 1391 5859
352 757 2303
324.333 830 2318
1083.5 1653 6295
694 967 4010
598.833 1422 5984
908 2666 9381
692 1594 6221
663.667 1830 6909
1231 1714 6654
620.833 1414 5460
733 1973 7487
1175 1553 6096
731.833 2284 8040
1239 1583 6387
958.833 2628 9381
1000 1738 6654
728 1937 7225
638 846 3431
602 758 2769
458.833 853 2614
273.333 672 1418
309.5 493 1258
376.667 895 3149
764.5 1359 5163
446 626 2151
418.5 582 1615
1071 1400 5650
300.5 590 1508
500 624 2012
642.5 1175 4479
294 704 2010
847 1044 4251
517.333 1481 5668
556.667 1028 3693
514 665 2711
832 1055 4501
584.667 1692 6221
300 596 1549
589 835 2723
248.667 568 1373
400 472 999
355.5 620 1632
2728.33 3753 10005
627 835 2956
2145.5 3692 9518
2213.67 3495 9828
220.333 505 1348
439 537 1799
407 515 1574
475 636 2461
328.5 895 2856
401 506 1549
275.333 559 1417
508 593 1948
634 849 3023
216 258 0
266.667 696 1927
367 475 1448
259.667 498 1066
222 236 0
216 298 953
172 293 395
325.667 808 2260
172 272 0
372 402 978
222 273 495


576.667 2015 6573
477.667 1447 4781
953.667 2558 9181
990.667 1353 5624
665.5 1124 4539
1074 2294 8291
597.5 1391 5369
713.833 2096 7056
252.667 530 991
877.667 2052 7539
1631 2431 8587
801.333 2227 7647
856.833 2125 7685
645.5 2177 6962
485.167 1621 5479
673.167 2233 7056
1002 1327 5609
822.833 1838 7159
748.667 1784 6800
905.167 2300 8057
644.167 2141 6829
730 1711 6588
953.833 2439 8687
706.5 1823 7001
795.333 2509 8363
772 1678 6461
980 2235 7859
514 665 2711
506.5 1367 4870
1469.67 2317 8492
697.333 2275 7592
1046.67 1577 6188
1785 2281 8233
999 2041 7379
538.667 1637 5807
1099.17 2501 8837
561.167 1846 6325
1139.17 2229 8175
635.833 2245 7451
734.667 1533 5917
833.5 2419 8269
562.333 1293 4482
1259 1855 7184
1129.67 2337 8492
554 1050 4168
635 1536 5966
690.667 2036 6694
723.333 1875 7342
376.833 1258 3377
745.333 2269 7647
650 2068 6970
612.333 1459 5460
648.333 1632 6430
1287.83 2139 7830
1137.67 1690 6671
717.5 2124 7289
624.5 1266 5071
575 799 3439
897.667 2483 8418
648.333 1706 6206
798.667 1171 4855
723 1013 4193
627.5 1213 4855
777.5 2492 8269
887.5 2247 7688
877.833 2581 8519
527 1524 5211
839 2165 7570
702.5 1267 5229
545.667 1720 6203
370.833 1199 3286
609 1282 5138
888.167 2236 7698
678.167 1604 6075
1216 2834 9935
804.5 1223 5163
1245.17 2025 7530
839 2170 7596
888.833 1723 6680
1194.33 2776 9313
824.667 2189 7686
578 1483 5584
916.333 2470 8763
706.667 1792 6522
970.167 2373 8330
906 2162 7847
1019.67 1374 5917
1362 2054 7855
713.333 1786 6720
888 1164 5013
858 1109 4567
1440.33 2796 9491
555.5 1788 6272
913.833 2297 8192
663.5 1386 5825
1226.67 2127 7738
767 1572 6075
904 1471 6009
880.167 1381 5825
654.5 1329 5163
612.833 2085 6729
398.667 596 1549
2721.33 3596 9996
936.667 1650 6562
530.667 1014 4010
710.833 2218 7053
367 475 1448
472.167 1639 5548
639.167 1360 5163
804.833 1669 6539
636.333 2176 6961
1016 1250 5255
465.333 1191 4057
717.5 2141 7398
751.667 1603 6075
803.333 2178 7606
820.333 1665 6588
1297.33 2630 9290
515.167 1351 4514
566.667 880 3414
893.833 2259 7734
758.333 2215 7419
474.167 1731 5732
548.167 1864 6394
961.333 2413 8233
870 1136 4855
745.833 1746 6720
1471.83 2183 7938
586.833 2013 6667
1219.33 2420 8536
1094.83 1696 6680
882 1132 4659
472.167 1618 5153
274.5 563 1149
1106.33 2884 9491
357 485 1149
539.167 1200 4084
428.167 1548 5110
309.333 764 2343
248.667 568 1373
296.667 566 1233
617.833 2109 6797
631.5 1010 3969
565 1042 4076
580.667 1264 4654
534.833 1812 5928
522.5 1275 4392
331.667 493 1258
973.667 2073 7579
628 1161 4672
818.5 2372 7793
544.667 870 3282
924 2578 9181
488.5 947 3106
626.167 1960 6684
218.333 484 974
606.333 1217 5046
729.667 1010 4101
608.5 951 3505
866.667 1171 5071
685.333 1359 5693
693.5 1240 5097
672.5 934 3505
298.667 603 1524
732 954 4259
502.167 1681 5772
602 746 2901
306.667 820 3014
418.5 582 1615
581 958 3505
259.667 498 1066
400 472 999
483.833 1245 4207
359.667 615 1653
439 537 1799
426.167 1456 4926
520.667 884 3190
840.167 1531 5917
864.5 1486 5917
469.833 1536 5110
670 1276 5097
613.5 1046 4159
519 901 3414
883 1108 4567
420.167 1378 4527
1004 1468 5877
660.5 981 3943
557 1072 4384
355.5 620 1632
324.667 559 1417
401 506 1549
737 1012 4409
515 1028 3883
702 899 3813
990 1261 5255
365.833 1091 3188
398 625 1802
677 886 3681
405.5 974 3693
466 555 1931
426.167 1435 4531
290 562 1124
483.667 770 2833
687.5 1176 5071
554 759 2907
624.5 1057 4475
317 505 1348
248.667 547 978
699.167 1939 6483
703.167 2004 6758
407 515 1574
392.667 1072 3811
497.333 848 3032
493.5 711 2527
493.5 1227 4255
491.167 1398 4545
470 607 2311
637.5 1040 4093
391.5 1092 3892
474.667 1253 4115
540 686 2843
245 628 2260
550.667 794 3123
539.667 1136 4027
552.167 1456 4960
300.5 590 1508
574.5 921 3497
475 636 2461
519 871 3098
506 1294 4479
216 298 953
323.667 726 2436
440 549 1865
172 293 395
172 272 0
222 236 0
372 402 978
216 258 0
222 273 495


368 1179 4189
631.833 1671 7026
881 1261 5413
2483.17 3504 9494
412 1223 4822
864.333 2110 8066
646 1057 4475
489.333 1023 4392
836 1202 5163
421 1324 5377
455 1461 5872
771 1358 5475
871.667 1536 6654
2779.83 3945 9938
893 1341 5502
894.5 1832 7762
565.833 1749 7177
475.333 836 2706
372.667 741 2370
478.833 1436 5654
494.333 864 3282
407 515 1574
991 1316 5701
844 2046 8049
441 608 2360
1010 1411 5859
714.167 2232 8038
1088 1391 5859
1203.5 1794 7671
905.5 1810 7722
725 995 4659
647.333 1746 7075
945.167 2012 8333
886.5 1835 7739
245 628 2260
1274 1795 7679
661.333 2049 7882
527 1642 6641
873.5 1884 7762
583 2212 7992
743.833 2012 7556
657 2045 7773
1030.17 1684 7077
406 1350 5159
1012 1329 5750
640.667 1272 5083
546 1667 6842
676 877 3813
997 1427 5997
623 1887 7487
501 668 2527
550.5 1997 7355
554.167 1584 6379
887.167 1499 6124
866.5 1702 7117
577.5 1862 7286
551 804 3080
688 1857 7378
776.5 1453 6053
474 1486 6073
257 624 1753
284.5 845 2698
515.167 1910 6821
846 1507 6321
516.833 1607 6624
540 686 2843
622.333 1632 6825
311 484 974
388.667 1144 4119
274.5 598 1745
248.667 568 1373
691.667 2281 8038
621.5 1005 3759
1041 1452 6254
350.667 973 3149
1731 3315 8894
570 829 3281
489.333 969 3472
1010 1420 6009
1116 1603 7100
345 1016 3668
470 607 2311
350.667 1008 3745
2120 2839 8824
1769.17 2817 8711
554.333 1234 5054
402.667 1306 5067
414.667 1066 4119
496.667 1532 6180
560.667 949 3472
447.333 1550 5712
776.667 1508 6404
1960.5 3734 9728
917 1292 5502
654 852 3439
331.667 960 2973
734.167 2354 8545
313 842 2789
445 1403 5426
839 1161 5255
290 805 2566
514 665 2711
567.667 2175 7592
464 1428 5627
1093 1385 5808
1100.17 2406 8613
974 1434 5718
704.333 2394 8171
537.333 905 3365
806 1168 5097
465.5 906 3083
364 1041 3869
2119.83 3797 9806
514 1582 6313
720.333 1407 5676
613 817 3264
606.667 920 3472
642 960 3943
1015.67 1408 5799
1060 1477 6455
369.667 1131 3943
1946.17 3336 9226
517.333 887 3348
687.5 1354 5428
388.667 1179 4715
331.667 983 3544
863.333 2217 8150
610 2086 7592
664.333 1210 4871
398.833 1384 4902
706.667 1307 5230
708.667 2414 8504
309.5 493 1258
760 1137 4697
485.5 1052 4142
469 924 3365
484.167 1743 6443
558.167 1994 6947
1937.33 3119 8724
631.167 1192 4766
369.667 1154 4514
438.833 1562 5473
612 867 3298
661 985 4144
278.833 820 2457
480.333 1111 4142
300.5 590 1508
346.167 1153 3723
220.333 505 1348
247.333 604 1407
410.5 960 2988
630.5 909 3563
651 864 3747
535 1999 7039
401 506 1549
564.833 1534 6229
677.5 1233 5031
1751.5 3319 9168
325 856 2856
447.833 1526 5455
713.167 2333 8171
658 830 3347
440 549 1865
500.667 815 2997
508 593 1948
726.5 1375 5584
602 746 2901
313 774 2298
233.667 485 1149
323.667 742 2370
466 555 1931
346.5 582 1615
439 537 1799
331.333 749 2502
367 475 1448
531.667 795 2856
453.667 970 3014
222 273 495
1549.33 3415 9450
222 236 0
216 298 953
216 258 0
300 596 1549
372 402 978
172 293 395
172 272 0
275.333 559 1417


481.333 1663 5978
673.5 1267 5321
670.333 2095 7438
744.333 1839 6952
990 2478 9066
670 847 3597
1249.17 2193 8443
247.333 604 1407
1036.17 1738 6765
881 1205 5413
715.667 2443 8000
953.333 1828 7124
1118.17 1997 7703
700 1609 6580
618 1340 5633
1019 2566 9124
292.333 746 2211
540 1054 4252
847.167 1580 6171
1148 2413 8838
651 864 3747
489 1105 4259
752.167 1830 6952
478.667 1484 5159
885.167 1561 6270
404.667 1297 5014
287.667 725 2119
464 1014 4050
855 2181 7992
323 935 3992
807.833 2049 7597
323 914 3597
630.5 909 3563
407.333 1204 4555
491.333 1691 6549
603 1167 5014
576.667 1412 5150
1024 1322 5457
575 799 3439
875.667 2070 7715
745.167 2111 7833
956.167 1787 6733
872.5 2030 7597
715.667 2426 7949
916 1554 6479
478.667 1485 5225
730.667 2373 7975
765 1377 5984
732 961 4259
1063.67 2145 7926
1179.5 2392 9088
885.333 1367 5676
831.667 1566 6154
759.333 2282 8176
876 1172 5154
607.5 1559 6119
993.167 2460 9075
542.167 1857 7102
455 1462 5150
285 590 1993
2410 3711 10008
1166 1824 7141
1176.5 2532 9483
380 1195 4497
275.333 559 1417
1050.5 2514 9124
1009 1774 6816
704.5 1040 4475
442.333 1495 5300
725 995 4659
826.333 1958 7531
834.167 1949 7531
1137.17 1734 6949
986.833 2326 8729
1027 1826 7124
455 1495 5904
665.333 1440 5659
897 2352 8365
529 1679 6171
595.667 1230 5014
732.667 1441 5984
491.333 1670 6154
501 1145 4962
929 2270 8571
675.5 1891 7211
954.5 2149 8176
649.167 1700 6566
1081.5 2421 9088
645.333 2142 7395
346 741 2211
295.333 768 2260
931.5 2339 8680
725.667 2166 7580
571.333 1958 7128
304.667 852 3238
483.5 1048 4208
2491.67 3553 9702
853.5 1800 6777
494.333 864 3282
665.667 1925 7211
591.333 1018 4260
705.333 1189 5230
492.667 1668 6054
725.667 2161 7554
441 608 2360
614.833 1955 7211
298.333 804 3080
905.333 1932 7412
1026.5 2533 9483
947.5 2373 8729
402.167 1332 4817
889.833 2168 8176
792.333 1597 6479
295.333 805 2755
905 1169 5105
495.5 1112 4487
352.333 681 2013
959 2217 8334
348 738 2186
420.333 1193 4329
1487 1821 7016
829.667 2240 8181
295.333 784 2360
661 1488 5717
293.667 793 2622
233.667 485 1149
676 877 3813
539.5 1368 5149
964 1784 6764
1227 1552 5995
407 515 1574
346.5 582 1615
441 1331 5142
602 746 2901
390.667 1189 4014
278.833 820 2457
278.833 799 2062
990.333 1813 6816
443.5 1148 4409
517.333 887 3348
501 668 2527
309.5 493 1258
2694.5 3574 10133
466 555 1931
248.667 568 1373
290 784 2171
529 1036 4102
245 607 1865
372.667 741 2370
533 1430 5149
218.333 484 974
401 506 1549
401.667 663 2444
540 686 2843
270.667 642 1886
367 475 1448
220.333 505 1348
2252.83 3333 9605
440 549 1865
317.333 703 2169
2636 3489 9751
514 665 2711
222 273 495
400 472 999
172 272 0
439 537 1799
216 258 0
222 236 0
172 293 395
372 402 978
216 298 953


1584 2061 7696
606 829 2956
644.333 1378 4951
882 2204 7846
474.333 1412 4605
879 2731 9057
878.667 2812 8996
1252.5 2112 7670
1913 2617 9114
473.5 1435 5176
1195 2335 8241
495.833 1122 3636
664.833 1516 5416
936 1786 6338
1550.33 3270 10591
407.667 673 2044
518.333 1216 4539
653 1532 5276
773.833 2502 7775
661 849 2981
671.5 1820 6447
834 2277 7951
1041.33 2350 8443
944.333 2383 8400
2016 3081 10289
907.833 2778 9258
995 2476 8530
437.667 1334 3939
636.833 2268 6971
946.5 2521 8863
537.167 1690 5796
1107 1971 7250
996.833 2409 8425
648 1417 5202
730.833 2354 7500
930.5 2161 7579
1508.17 2932 9837
1596.83 3250 10324
304.667 852 3238
1712 2689 9315
541 1149 4010
1999.17 3462 10727
487 1542 5671
1041.17 2472 8596
1615.17 2403 8744
982.667 2503 8863
830.167 2110 7039
948.167 2920 9753
1392.83 2994 9946
931.667 1712 6287
985.333 2491 8417
458.833 1371 3984
1234.5 2817 9500
978 1894 6866
799.667 2299 8084
851 1493 5675
1143.67 2702 9442
843.5 2490 8216
1654.5 3582 10893
392.333 1112 3295
784.667 2158 7517
843.333 2598 8412
793.333 2489 8058
589.5 1827 6400
533.667 1725 6049
709.5 2078 7014
882.833 2295 8150
1107.5 2720 9442
696.5 2376 7633
1228 1693 6295
776.667 2362 7531
1059.33 3206 10215
1458.5 1969 7143
985.333 2525 8996
851.667 1626 5779
948.5 2850 9391
846 2620 8545
949.167 2543 8996
1227.33 2120 7670
433.667 1031 3414
1950 3050 10180
975.333 1923 6800
778.833 2585 7790
1026.33 3027 9837
490 1011 3497
603 1913 6500
1133 1421 5416
1204 1508 5816
2122.17 3180 10398
493.5 711 2527
643.5 1395 5071
2200.83 3510 11464
470 607 2311
1777 2850 9894
550.667 1797 6291
1138.83 3302 10482
781.167 2097 7022
1133 1524 6013
296 725 2194
784.333 2580 8079
869 1933 6774
1564.17 3260 10441
529.333 1153 4050
801 1686 5954
581.5 1304 4632
1007 1588 5987
366.333 898 3256
1126 1463 5518
1936 2990 9911
630 1055 4010
968 2503 8530
560.167 1257 4555
1565.17 2653 9022
266.667 696 1927
508 593 1948
233.667 485 1149
603 1934 6895
356 787 2320
970 1738 6583
1431 3509 10531
1084 1727 6320
1320.5 2234 8298
1257.33 2114 7696
428 822 2585
775.333 1339 5071
1638.33 2621 9272
715 1336 4970
882 2508 8241
810.5 1772 6264
1257.33 2163 8249
549.5 928 3563
1062 1653 6188
482 1028 3391
898 1565 5804
1304 1636 6188
1572.5 2869 9820
1221.33 2128 7628
499.5 792 2585
1177.17 2075 7379
1074.67 2466 8820
1361 1761 6991
922 1734 6293
958.667 2225 7983
2220.5 3380 10601
1221.33 2147 7803
883 1287 5071
454.5 1045 3553
1491 1928 7250
300 596 1549
1155 1441 5549
843 1579 5737
709 1091 4159
1047 1390 5391
557.667 1121 4505
1245 1725 6412
439 537 1799
839.833 2686 8732
543.5 1141 4036
861.333 2077 7517
350.667 796 2294
889 1609 6137
1200.33 3008 9886
769.5 2340 7517
394.333 1198 3639
1072.5 3396 10441
557 1064 4010
649.667 2117 7273
1318.67 2748 9491
248.667 568 1373
466 555 1931
1526.33 2456 8627
407 515 1574
503 983 3414
822.167 2083 7030
884 1571 5697
512 1090 3909
401 506 1549
2187.5 3381 10893
1014 1480 5566
746 1447 5234
1331 1747 6634
891.5 2192 7583
994.5 1930 6921
723 1013 4193
496.5 1230 4531
1443.33 3221 10315
274.5 598 1745
932 1864 6466
1600 2071 7745
584.167 1365 4719
1869 2390 8569
475 636 2461
959 1971 6961
1005 2001 7361
1041.5 1850 6632
467.5 1301 3948
419.833 841 2478
588 1191 4896
671 848 2982
747.333 1489 5425
531 1080 3909
412.5 1069 3584
844.5 1432 5517
424.5 1221 3738
641 1266 4921
418.5 582 1615
220.333 505 1348
519 901 3414
1753.33 3046 10011
654 852 3439
546 1008 3909
814 1465 5492
1470.33 3212 10315
494.333 864 3282
1348.67 2463 8488
540 686 2843
478.667 803 2931
1999.17 3196 10248
803.333 1604 5772
311 484 974
533.667 1162 4097
257 624 1753
875.667 2418 8111
300.5 590 1508
645.333 1380 5150
2304.33 3268 10515
400 472 999
275.333 559 1417
580 1192 4606
535 847 2971
1069.17 2161 7874
1147.33 1789 6724
1177 1479 5607
854.333 1632 5821
574 1260 4580
309.5 493 1258
861.333 2042 6921
524.667 1085 3602
441 608 2360
722.333 1476 5377
943 1776 6609
678.333 1377 4952
1096 1873 6716
440 549 1865
469.667 726 2436
410.333 745 2303
430.667 1051 3273
1037 1373 5101
588.667 1111 4059
550.5 1063 3984
642.167 1620 5755
1217 1581 6038
504 1214 4531
367 475 1448
552 1414 4777
267.333 788 2040
216 258 0
276.333 689 1995
651.833 1533 5260
770 926 3465
358.333 681 2013
799 999 3597
372 402 978
391 607 1865
783 972 3589
216 298 953
222 273 495
172 293 395
222 236 0
172 272 0


531 1639 5383
620.833 2022 7628
955.167 2589 9133
593.833 2200 7657
613.5 1962 7403
768.167 1425 6030
532 1276 4762
1145.67 2531 9377
470 1054 3892
493.167 1008 3645
1054.33 2530 9206
531.167 1614 5513
892 1163 4904
571.333 1053 3733
565 1894 6466
736.833 2401 9022
643 1856 6653
839.333 2316 8602
630.833 1884 6682
815.833 2344 8973
473.333 852 2983
480 1392 4868
627 1640 5905
696.167 1624 6488
668.667 1646 6008
832 1113 4622
989.667 1516 6088
1204.33 2395 9114
420.333 1289 4074
627 1677 6400
613.5 1947 7128
676.5 1260 4914
587.5 1860 6550
665.5 1364 5245
607.5 1299 4969
1454.67 2139 8469
632 1502 5562
627.167 1997 7628
1036.67 2614 9334
970.667 1742 7096
618.667 2185 8023
596.333 1557 5309
705.167 1875 6866
528.333 1750 6020
837.667 1606 6476
606.333 1712 6207
589 1796 6359
600.167 1887 7045
897.167 1698 6609
661.333 1271 4703
767.667 1276 5184
948 1267 5350
313.333 692 1921
560.167 1672 6010
647.667 1844 6606
647.667 1882 7452
868.167 1546 6451
596.667 1828 6581
576.667 1783 6336
717 1228 4703
574.167 1815 6359
941 1286 5376
1244.67 2210 8828
702.333 2344 8755
618.667 2190 8074
2157.17 3711 10082
380 738 2478
1054 2573 9206
1007 1322 5600
300 596 1549
1094.5 1909 7605
613.5 1950 7378
634.667 2164 8074
596.833 1816 6456
470 607 2311
275.333 710 1868
456 696 1927
1244.17 2119 8207
729.167 1835 6846
746.5 1822 7378
627.167 2018 8023
746 1673 6532
550 742 2806
1221.17 2130 8452
618.667 2174 7974
613.5 1964 7579
783.167 1966 7824
732 954 4259
442 1342 4456
643 815 3157
663.833 2162 8469
989.667 1527 6137
1144.5 1987 8051
921.167 1590 6934
1120 1505 6222
325 842 2939
355.5 620 1632
666.833 1268 4649
920.5 1700 6652
748.5 1171 4705
419 1207 3412
532.333 1619 5714
989.667 1553 6583
1135.67 2194 8497
1072.17 1741 6983
359.667 615 1653
1181 2126 8121
1198.67 1763 7228
545.667 1173 4318
492 808 2683
1158.83 2090 8100
377.333 687 1843
913 1965 7852
501.667 1536 5118
906 1172 5105
624 818 3039
921.167 1564 6488
886 1194 4873
705.667 1365 5535
532.333 1598 5319
346.5 582 1615
772.833 1731 6652
724.167 1340 5052
430 799 2619
546 1700 5740
727.833 1868 6897
1072.17 1767 7429
1174.67 1963 8074
365.667 1024 3149
602 746 2901
302 763 2211
492.667 1547 4917
724.167 1329 5003
1030.67 1783 7121
826.667 1562 6143
521 1309 4250
483.5 1021 3456
673 1013 4193
557 711 2794
593.167 1144 4623
323.667 891 2426
758.5 1951 7493
367 475 1448
768 1313 5218
702 894 3747
474.333 1466 4614
494.5 837 3298
791 1013 4409
550.167 1098 4540
679.167 1248 4986
301 759 1882
954 1913 7852
1017 1416 5748
845.667 1373 5630
592.667 995 3777
594 1085 4210
723.667 1217 4652
688 933 3669
950.5 1755 7098
298.667 603 1524
1035.83 1822 7455
956.667 2842 9221
518.833 1397 5245
833 1104 4754
1154.33 2796 9779
276.167 971 2724
387.833 1009 3096
739 951 3801
638 829 3497
756.833 1705 6578
321 952 2947
1163.83 2771 9580
496.667 1555 5078
233.667 485 1149
331 804 2228
400 472 999
466 555 1931
475 636 2461
625.667 983 3593
384 711 2527
919.833 1672 6502
220.333 505 1348
544 676 2544
428.667 1060 4118
248.5 688 1628
508 593 1948
626 813 2956
242.333 605 1593
711.833 1549 5674
505 977 3522
447.167 1003 3273
275.333 559 1417
2153.83 3575 9965
467.5 1399 4562
218.333 484 974
484 939 3505
363.167 1162 2969
305.333 815 2311
262 744 1728
1765.67 3027 9819
401 506 1549
439 537 1799
321.333 704 2079
2227.5 3532 9887
407 515 1574
248.667 568 1373
440 549 1865
372 402 978
374.833 711 2119
216 298 953
172 293 395
216 258 0
222 236 0
405 946 3123
531.667 1330 4404
437 786 2552
305.667 643 1728
222 273 495
477 928 3047
172 272 0


480.333 1100 3969
514.833 1853 6375
1219.67 1871 7762
1125.67 1762 6792
508.833 1266 4965
1176.67 1697 7117
1024 1721 6539
791.5 1784 6700
504.833 1161 4343
1332 1677 6588
982 1271 5304
702.5 1570 5808
891.167 2634 9063
738 1065 4119
1446.33 2443 8963
478.167 1177 4338
605.833 2190 7616
956 1203 5105
643.5 1446 5451
663.5 2027 7401
637 2175 7616
649 1467 5602
777.5 1848 7316
593.333 1967 6936
447.5 1532 5046
537.333 882 2794
602 763 2835
672 874 3390
709.5 1722 6562
781.5 1824 6975
1097.17 3087 9283
418 1176 4002
855.5 1919 7711
564 1697 6132
1226 1588 6504
493 1035 3742
350 975 3018
678.167 2428 8085
742 2379 8212
765.5 1339 5230
550.833 1449 5220
568.833 1970 6678
980.333 2491 8436
275.333 559 1417
531.667 1247 4598
738.333 2409 8085
1148.33 1845 7008
453 1029 3390
502.5 1764 6016
321 749 2387
617 1580 5759
1266 2190 8517
440.833 1513 4984
600.5 1624 6132
337.833 1102 3335
591.5 1837 6448
1064 2343 8912
643 815 3157
412.333 1282 4288
800.167 2544 8707
624.667 1402 5228
709.333 2413 8085
1032.67 1682 6539
692.667 1590 5808
434.833 1547 5046
805 1184 4507
596 1530 5262
1303 2297 8843
500.667 1248 4939
470 607 2311
457 1275 4565
772.167 1427 5536
572 1210 4649
850 2046 7605
506.5 1684 5796
735 1542 6075
1109.67 2101 8333
673.667 1050 4052
871 2832 9072
551 1028 4027
656 2189 7906
988 1586 6145
1020 1361 5877
821 1012 3784
2043.67 2868 9290
414 1213 3844
898.667 1259 5014
615.333 1484 5510
398.667 596 1549
1925 3075 9878
1181.67 2066 8333
702.5 1605 6404
1333 2171 8341
916 1334 5097
1146 1910 7762
478.333 1131 3986
825.5 1499 5943
969 2242 8176
1041.5 3190 9568
447.833 1543 5546
816.5 2658 8905
942 1335 5146
763.833 1955 6720
961 1232 5255
722 1436 5826
791 2660 8773
446.667 778 2502
1043 1802 6850
596.667 852 3074
613.833 2166 7028
854 2438 8269
575.167 2000 6928
489.167 1736 5621
410.167 1385 4450
523.833 1986 6852
947 1220 5031
309.333 841 2548
367.5 1216 3931
1074 1949 7895
538.833 1940 6511
300.5 590 1508
350.167 1071 3677
415.5 1398 4884
586 890 2930
1714.17 2834 9282
497.5 1031 3472
512.667 767 2519
740.667 1024 4027
556.333 1597 5592
408.5 1378 4093
608.667 1203 4649
742.5 1420 5352
463 966 3398
410.833 1311 4313
331.667 493 1258
771.833 2377 8085
1090 1908 7378
452.667 806 2519
710.333 1349 5230
1251.33 3613 9888
641 2131 7357
947.333 1674 6430
662.667 1238 4940
764.667 1409 5435
744.667 2529 8401
706.833 2155 7423
440 549 1865
512.667 1095 4094
423.333 734 2395
843.5 1489 5852
1049 1820 6983
1915.67 3223 9878
655.5 1307 5031
259.667 498 1066
428 822 2585
517.333 1107 4318
926 1145 4659
682.5 1161 4409
778 1017 3911
634.167 2166 7173
832 1084 4501
248.667 568 1373
2378.67 3795 10071
410 891 3373
547.167 1916 6511
245 628 2260
513.333 1159 4226
670 835 3289
573.833 2084 6870
632.667 2119 7028
689.667 1388 5097
466 555 1931
687 1286 5072
653 795 2901
761 1023 4369
1167 1475 6035
560.667 949 3472
635.667 1098 4318
658 884 3414
426 676 2328
283.167 598 1745
702 894 3747
557 711 2794
687 872 3548
508 593 1948
353 833 2494
401 506 1549
3122.67 3927 10191
2111.5 3050 9307
222 273 495
420 1105 3944
422 773 2461
372.333 921 2991
414 1065 3778
418.5 582 1615
418 1136 3961
474.333 1345 4914
216 298 953
220.333 505 1348
439 537 1799
172 293 395
514 665 2711
665 842 3206
367 475 1448
247.333 625 1802
218.333 484 974
222 236 0
372 402 978
407 515 1574
320.667 896 2897
216 258 0
172 272 0
400 472 999


517.5 1023 3834
457.333 1325 4581
320 983 2775
599.833 2025 7801
641 1405 5558
691.333 2161 8405
422.167 937 3373
406 1305 4189
562.333 1924 7246
617.333 1940 7775
836 2535 9543
375 1113 3353
625.5 2115 7934
414 1227 4247
825 2388 9257
615.667 2216 8004
526.667 1776 6667
687.5 1822 6752
767.333 1319 5230
676 877 3813
453 1489 5152
853.5 2534 9543
639 2183 8044
550 661 2204
753 1069 4208
731 2503 8666
609.667 1065 4018
407 515 1574
828.167 1385 5875
620 828 3338
891 1104 4409
1034.5 2484 9426
593.167 2089 7758
720 2135 8187
1484.5 2755 9711
615 1525 5558
627 2178 7985
470.167 1643 6234
406 1329 4764
432.167 1231 4347
862.667 1231 5304
825.667 2304 8875
454.667 1459 5426
568 843 2965
788.667 1117 4326
1242 1536 6035
385.667 1046 3381
602 746 2901
325.667 680 2019
523.333 1826 7179
586.5 1244 4781
895 1105 4443
581.667 1985 7603
570 852 3238
471.667 1294 5083
578.5 1181 4646
495 663 2444
774.5 2327 9048
461.167 1126 4514
280.333 703 2285
471.333 1182 4672
480.333 1554 5610
552.667 1958 7363
642.5 1889 7230
521 662 2253
712.5 2155 8362
593.167 1506 5551
745.5 2181 8762
392 1176 4056
454.667 1464 5477
528.167 1248 4746
727 1265 4855
727 1270 4906
354 911 2469
719.667 2481 8590
406 1317 4405
638.333 2207 8087
1008 1661 6301
508 593 1948
851 1109 4659
699 1487 5693
381 824 2807
673.5 1998 7809
828 1059 4285
278.833 820 2457
381.333 1212 3536
407.333 1246 4247
485 1411 5408
774 2371 9048
381.5 800 2478
356 808 2715
596.333 1872 7187
804.167 2656 9093
738.333 2424 8599
385.667 1067 3776
436 1328 4580
432.167 1489 4777
446 1386 5026
280 721 2326
381.333 1233 4181
382 1118 3610
593.167 1527 5946
457.333 1346 4976
1175 1496 5877
787 1148 4962
342.333 961 3296
300 596 1549
350 936 2724
428 1242 4272
713 1014 4050
614.167 1578 6079
433 1154 4304
726 2238 8469
659 2293 8095
406 1312 4313
636 1114 4043
308 700 2019
491 1681 6517
406.667 1256 4456
442.333 1404 5035
453 1510 5547
447.333 1288 4530
476.333 1118 4084
1103.5 1651 6323
412.333 977 3760
550 1690 6608
798 1345 5408
801.5 1591 6139
443 1452 5101
903.5 1786 6963
837.167 1739 6718
483 1436 5109
702 2144 8095
876 1106 4659
309.5 493 1258
778.333 1256 4787
511.333 1550 5829
482.5 700 2211
1001.67 2059 8049
478.667 1600 5680
258.667 642 1886
497.333 1384 5216
516.667 1771 6650
558.667 895 3039
540 686 2843
481 1623 6071
277.667 653 1903
935 1215 5281
583.167 1469 5500
540 1632 6162
989.333 1505 5987
829 1049 4176
671.333 1126 4571
391 607 1865
404.667 954 3694
323.667 726 2436
467.667 903 3238
575.667 1780 6741
409.5 795 2856
514 665 2711
861 1084 4369
466 555 1931
488 898 2881
359 801 2461
1089 1624 6161
248.667 568 1373
637 864 3391
492.667 749 2502
300.5 590 1508
298.667 603 1524
400 472 999
2560.33 3520 10441
311 484 974
2091.67 3308 9997
440 549 1865
2016.33 3333 9997
220.333 505 1348
439 537 1799
401 506 1549
270.667 621 1491
233.667 485 1149
172 293 395
216 298 953
222 236 0
216 258 0
346.5 582 1615
222 273 495
372 402 978
172 272 0
367 475 1448


819.667 2135 7409
773.5 1530 5650
374 734 2395
725.667 1490 5564
389 861 2905
1357.17 2204 8321
826.167 2245 8388
1227.17 2718 9361
732 961 4259
512.667 1554 5422
232.333 569 1598
580.667 1210 5230
546.667 959 3472
1179.17 1933 7544
1308.83 2527 9361
935 1215 5281
812.5 1489 5535
1146 1440 6009
1224.33 2255 8479
1083.33 2162 8163
1093 1403 5508
1224.33 2293 8983
648.167 2417 8717
1556.33 2688 9936
1144.33 1887 7452
411.167 1092 3819
575 799 3439
540.667 1726 6361
1001 1297 5350
960.167 1994 7259
543.667 1000 3618
378.667 697 2102
648.5 2002 7168
1439.83 2181 8321
648.5 1981 6773
540.667 1688 5765
1260.67 2243 8321
477 806 2614
896.333 1506 6252
329.5 898 2598
762.667 1586 6147
340.667 917 3296
819.667 2161 7855
896.333 1457 5699
869.667 1867 7164
949.667 2002 7659
820.333 1510 5658
514 665 2711
549.833 1982 6391
1033.17 2500 8983
648.5 1976 6722
840 1158 5255
1027.17 1734 7049
623.667 1826 6680
346.667 858 2899
1191.33 1847 7242
446 538 1575
964.333 1713 7006
395.167 997 3368
443.667 834 2640
1877 3647 10110
869.833 2023 7264
861.5 1477 5675
820.333 1531 6053
583.167 2169 7764
1197.33 2380 8966
1236.17 2556 9554
736.333 1746 6708
842.667 1742 7037
684.833 2202 8095
427 1312 4497
720.667 1909 7233
1057 1326 5413
1224.33 2267 8537
1224.33 2244 8430
762.167 1623 5846
361.667 905 3365
411.167 1113 4214
530.833 1886 6220
701.833 1660 5913
883.167 1552 6096
762.667 1607 6542
676 877 3813
499.5 894 3074
920.333 1489 5808
452.667 806 2519
701.833 1693 6667
346.5 582 1615
560 1840 6664
541.833 2007 7260
1091.5 2412 8408
540 686 2843
447 547 1598
400 472 999
792.167 2672 8979
435.667 1336 4777
1346.5 2200 8195
1474.33 2614 9562
401 506 1549
350.667 843 2808
1102 1382 5609
809.5 2140 7326
275.333 559 1417
503.667 1557 5755
814.5 2123 7337
489.333 1023 4392
291.667 794 2439
588.833 1184 5146
613.667 1814 6624
1178 2787 9287
420 1355 5013
967.167 1858 7046
602.333 1522 5627
701.833 1663 6289
780.833 1814 6715
427 1317 4715
404 1130 3803
432.333 1241 4496
937.667 1437 5500
1351 1661 6628
1188.33 1978 7585
1315.83 2033 7817
1063.83 2131 7717
309.333 764 2343
609.167 1593 5763
512 1224 4746
947.167 1859 7095
218.333 484 974
388.333 1219 4101
975.667 2638 8792
385.333 1137 3737
1020 1277 5321
815.333 1867 6756
492.5 980 3390
481.667 1437 5408
667.333 1691 6046
1282.17 2084 7901
963.333 2063 7668
1198.33 2095 7717
441 608 2360
440 549 1865
292.333 746 2211
725 995 4659
651.833 1512 5517
332.333 874 2874
381.667 725 2120
233.667 485 1149
260 675 1820
563.5 947 3456
493.5 711 2527
517 1007 3456
466 555 1931
896 1530 5716
781 1907 6733
493 658 2412
366.333 898 3256
717.333 1608 5780
630.5 909 3563
309.5 493 1258
335 745 2303
626 1131 4409
285 590 1993
331.333 749 2502
321.333 704 2079
380 738 2478
651 864 3747
602 746 2901
220.333 505 1348
367 475 1448
437.667 1183 4407
248.667 568 1373
216 298 953
407 515 1574
222 236 0
216 258 0
402.667 1034 3653
172 293 395
172 272 0
222 273 495
372 402 978


485.333 1175 4781
1016.17 2197 7795
424.833 1153 4323
384.167 971 3345
1497.17 2455 8489
927.167 2207 7746
1064.33 1801 7293
1079.17 2496 8138
1227.33 2169 7864
737 977 3813
457.5 720 2320
1857.5 2503 8938
901.833 2633 7674
1060.17 2359 7852
487.5 992 4159
566.5 1596 6488
976.833 2176 7490
515.667 1425 5228
819.167 2491 7490
1455.5 2258 8466
328.667 656 1820
502.167 1230 4964
589.5 1230 5071
490.667 1309 4894
788 2123 7406
642.667 1590 6312
1113 1790 6958
912 1200 5255
537.333 1583 6075
521.833 1388 5352
549.167 1348 5321
677.667 1816 7242
660.667 1882 6791
759.167 2238 7406
651.5 1039 4251
425.5 1094 3986
840.667 2011 7406
443.167 1056 3969
615 1290 5517
800 1036 4285
1427.5 2284 8443
440 1045 3877
1200.5 1980 7406
594.667 1817 6580
1014.33 2309 7807
1397.5 2241 8374
463 1437 5668
537.333 1573 5701
587.5 1544 6081
283.667 715 1679
549.167 1383 5917
912 1165 4659
790.667 2067 7250
233.667 485 1149
439 1436 4777
1394.5 2235 8199
291.667 715 1811
987.833 2379 7910
1083.67 2765 9065
844.5 1286 5163
913.833 2696 8507
1146.17 2657 8867
1348.5 2099 7821
1617 2003 7605
1242.5 2140 7490
456 1028 3834
1156.67 2591 8867
495.5 1360 5136
998.667 2514 8311
314.333 770 2833
286.667 687 1728
412.333 977 3760
475.667 1253 4822
1860.5 2481 8938
317.333 678 1880
321 853 3106
788 2122 7389
626.167 1593 6671
380.667 1058 3429
248.667 568 1373
412 1211 4382
544 676 2544
1168 1500 6271
1011.83 2003 7389
837 1077 4409
751 1287 5163
355.5 620 1632
542 1501 5734
383.833 1001 3518
428.333 1030 3811
275.333 559 1417
871 1067 4302
1304.5 2213 7985
440.5 839 3206
327 673 2044
1129 2387 8245
602 746 2901
1310.5 2202 8115
787.333 1804 6744
468.333 1240 4616
300 596 1549
1358 1702 6767
3043 3806 9979
2070.83 3285 9175
638 829 3497
426.833 1080 4240
466 555 1931
298.667 603 1524
661 1876 7041
1012.33 1780 6835
570 829 3281
257.667 637 1575
2852.83 3880 10150
947.5 1435 6009
218.333 484 974
978.5 1430 6009
945.167 2404 8112
727.333 1530 5939
494.5 984 3969
254.333 699 1461
1146 1429 6009
280 721 2326
628.5 1170 4573
389.5 650 1640
492.833 1234 4855
483.5 947 3569
1740 2092 7781
897 1220 5039
1100.17 2448 8245
579.5 1110 4556
300.5 590 1508
1612.5 3381 9667
1110 1795 6942
834.333 1801 6744
895 1205 5031
391 628 2260
1062.67 2263 8115
881.167 1743 6744
407 515 1574
575 799 3439
320.833 749 2375
468 1247 4496
391 607 1865
501 668 2527
493.167 1270 4872
952.833 2387 7750
2974 3915 10419
1260 2689 8890
453 609 2070
409.5 795 2856
978.833 2500 8288
309.5 493 1258
404.667 954 3694
440 549 1865
220.333 505 1348
540 686 2843
475 636 2461
346.5 582 1615
1157 2475 8619
1228.5 2456 8619
1038.67 2898 9018
411.5 1106 3973
1274.33 2586 8640
614.167 1991 6642
367 475 1448
2090.33 3624 9797
1378.5 1909 7323
419 759 2527
439 537 1799
401 506 1549
381.5 665 2211
417.833 1105 4240
419 794 3123
294.5 632 1508
222 273 495
172 293 395
400 472 999
508 593 1948
309 891 2527
216 258 0
216 298 953
372 402 978
172 272 0
222 236 0


656.333 1697 6081
931.667 2051 7865
881.5 1681 6720
1008.33 2261 8109
607.833 1999 6447
868.167 2393 7807
677.667 1436 5111
1060 2474 8470
535.5 1573 5220
691.833 2242 6733
679.833 2296 6714
1142 2332 8359
930 1197 5039
617.833 1465 5321
651.333 1237 4762
826.833 1681 6093
1554.17 2513 9005
1424.67 2532 8884
421.333 1216 4168
718.167 2074 6693
453 1231 4181
483 1099 4020
279.333 681 1969
2481 3497 9864
529 1592 5399
661.333 1912 6576
753.5 1429 5321
1118.67 1731 6985
580.167 1271 4715
867.833 2436 8220
452.667 1136 4076
731.333 1965 6660
518 999 3522
307 824 2303
371.167 1198 3369
927 1136 4659
611 1392 5031
677.333 2166 6631
453.667 1378 4273
978.667 2486 8380
1234 1525 5908
1511.33 2248 8360
835 1971 7538
643.167 2147 6500
785 1480 5718
2384.17 3875 9827
564.833 1514 5027
1083.67 1487 5750
432 1016 3696
1476.83 2268 8360
1039.67 2586 8955
572.333 1487 5627
812.167 2018 7429
275.333 559 1417
346.5 582 1615
865.167 2034 7613
480.5 1061 3702
1007 1296 5071
584.833 1752 6064
345 995 3273
298.667 603 1524
465.667 1370 4429
1242.83 2288 8619
1250.67 2502 8666
693.667 1183 4674
663.833 1688 6539
515.5 1409 5021
1062.67 1637 6539
890.833 2487 8380
1288.33 1924 7041
893.667 1428 5586
391.667 1180 3651
598 1246 4939
1277 2563 8875
2239.67 3696 9751
596.667 1746 6377
467.833 1336 4313
701.333 2147 6818
1288.33 1950 7487
446.333 837 2755
554.5 1283 4973
545.333 915 3238
2578.33 3781 10048
489.5 994 3497
489.5 1018 3813
530.5 1223 4680
1349.67 2548 8875
320 865 3106
921.167 2092 7788
857.5 1656 6697
656.5 993 4101
874.667 1401 5569
534.5 1150 4351
1200.83 1958 7312
546.333 1530 5984
1396.83 2211 8151
767.5 1428 5122
890.667 2344 7784
468.5 1248 4680
938.167 2314 8002
1268 1550 6009
405.5 953 3298
377.667 806 2726
454.333 1076 3704
1146.67 1478 5825
816.5 1420 5163
982.167 2466 8380
832 2295 7758
300 596 1549
327 643 1728
550.667 794 3123
676 877 3813
714.333 1428 5103
508.5 970 3505
581 958 3505
646 1415 5094
1262 1514 5859
575 799 3439
331.667 493 1258
602 746 2901
782 1367 5122
749.167 1620 6064
475 636 2461
853.5 1551 6075
748.333 1981 7231
812.5 1842 7034
570 852 3238
466 555 1931
599 996 3522
826.5 1360 5229
280.333 703 2285
878.333 2239 7758
1293 2586 9333
1043 1308 5097
1082 1326 5413
233.667 485 1149
540 686 2843
609.5 1478 5569
514 665 2711
608 1149 4351
780 1029 4285
1149 2370 8380
781.5 1427 5229
495.5 1186 4144
1250 2562 8666
400 472 999
407 515 1574
670.5 1180 4475
717.5 1599 6047
505.5 1001 3522
573.5 965 3347
568.667 1201 4384
1218.67 2355 8380
530.667 1030 3944
975.5 2391 8047
893 1182 4501
804.167 1815 6660
905 1148 4415
1024 1331 5097
902 1153 4366
300.5 590 1508
590 1210 4475
407 1085 3676
346.667 858 2899
412.333 1038 3390
1247 1565 6231
1046 1309 5321
380 738 2478
508 593 1948
440 549 1865
419 869 3206
422 1102 4052
220.333 505 1348
324.5 743 2328
311 484 974
367 475 1448
297 660 1574
248.667 568 1373
372 402 978
495.5 989 3456
222 236 0
439 537 1799
216 258 0
401 506 1549
282 697 2102
222 273 495
355.5 620 1632
172 272 0
405.5 756 2610
216 298 953
172 293 395
242.833 667 1720


1381.5 2241 7977
1321.33 2517 9391
528.333 1099 4208
644.333 2062 7017
1179.5 1909 7381
693.833 2245 8170
1105.5 2396 9017
701.5 1365 5535
868.167 1953 7551
668 901 3877
821.833 1892 6864
935 1214 5238
867.667 1394 5917
873.333 1906 7022
475.667 1541 4428
813.167 1567 6090
909.167 2432 8421
638.833 1590 5601
591.667 1488 5579
499.667 1574 5093
623 837 2925
572 1824 6639
731.333 1638 6539
1134.33 2277 8421
501 668 2527
668.833 2086 7617
530.667 1683 6135
1462.5 2152 8351
762.333 1318 5425
1029.33 2661 8799
334.333 916 3255
564.5 1213 4547
342.667 620 1662
653.333 2106 7551
2489.5 3829 9779
521.333 1637 5366
1020 2359 8188
1066.33 1605 6396
1439.5 2104 7977
1248 1541 6139
1265.33 2595 9391
668.833 2046 6664
950 1728 6784
825.167 2043 6938
540 686 2843
407 1132 3518
585.5 1036 3587
934.667 2738 8548
331.333 749 2502
947.5 2665 9017
496 1603 4627
560.5 1013 3439
650.5 1201 4747
474.5 1039 4101
969.5 1826 7201
565 1186 4351
755.167 2227 7759
279.333 681 1969
790.167 2406 8371
790.667 2403 8371
608.5 928 3563
400 472 999
593.667 839 3206
401.667 663 2444
653.667 1575 5780
506 1347 4851
529.667 1124 4272
983.167 2179 7776
884 1153 4754
329 908 2456
342 918 3319
794.167 1943 6906
466 555 1931
646 1057 4475
310.667 789 2407
668.833 2041 6647
1134.33 2237 7799
566.333 1372 5163
663.5 1249 5054
862 1455 5943
725 995 4659
658 1045 4119
658 1248 4913
437 1151 4259
1134.33 2239 7917
409 1199 3680
957 1196 5105
417.667 1078 3801
384 711 2527
917 2729 8508
853 1422 5767
466 1073 4050
676 877 3813
838.5 1775 7000
709 1467 5825
302.333 636 1912
662.5 1335 5321
905.167 2494 8421
1307.5 2057 7776
367 475 1448
1089.33 2931 9061
971.333 1723 6588
383.5 704 2078
569 1446 5255
275.333 559 1417
829 1458 6075
620.667 1030 4052
786.5 1425 5601
788.5 2015 6705
749 1447 5816
498.333 1222 4475
1613.17 3354 9619
1085.33 1679 6588
638.833 1628 6447
498.333 1238 4659
412.5 828 2741
274.5 808 1720
1308.5 2055 7776
639 1309 4874
415.333 1082 4068
294 704 2010
630 1354 4914
673 1248 5321
813.5 1616 6447
751.5 1475 5943
1217 1598 6379
595 1366 5409
826 1235 4921
301 780 2277
379.333 1244 4071
635.5 1119 4409
2011.67 2970 9469
518 1667 5387
633.5 1319 5142
410 891 3373
625 825 3123
732 954 4259
743.667 1456 5917
475 636 2461
962 1230 5255
966 1229 5281
349.5 590 1508
401 506 1549
443.333 1356 4331
220.333 505 1348
1013.67 3039 9460
1108.33 3037 9460
1331 1648 6631
917 1162 4855
418.5 582 1615
563.5 947 3456
2550.33 3734 9729
568.333 1250 4687
514 665 2711
300 596 1549
653 795 2901
296 725 2194
407 515 1574
1504.5 3006 9527
337.333 897 2706
233.667 485 1149
335.333 899 3189
311 484 974
439 537 1799
508 593 1948
222 236 0
440 549 1865
363.667 885 2748
470 607 2311
298.667 603 1524
172 293 395
340.333 889 2570
2795.83 3837 10281
216 298 953
258.333 637 1394
172 272 0
264.333 661 1527
254.333 699 1461
276.333 668 1600
309.5 493 1258
372 402 978
216 258 0
222 273 495
248.667 568 1373


921.167 1824 7041
769.667 2414 8295
934.333 2720 8741
506.667 1014 4010
902.167 2388 8346
826.667 1645 6488
1015.83 2328 8637
879.333 1832 6975
776 1335 5434
500 1555 5309
557.333 1442 5492
917.833 2459 8527
987.667 2200 8133
415.333 1082 4068
571.5 1438 5475
702 1394 5584
505.667 1577 6113
2620.33 3329 9677
497 1154 4497
1693.5 3619 9086
2129.5 3173 9110
726.333 2162 7498
1010.67 2559 8654
588.5 1849 7024
1126.33 2058 7620
1242.67 2088 7715
790.5 2128 7765
797.667 2419 8387
702 2170 7742
679 1362 5292
760 2067 7229
859.333 2402 8168
478.667 803 2931
509.333 1268 4965
928.333 2090 7689
1102.67 1923 7220
903.667 1715 6833
456 1512 4794
556 1283 5119
1013 1672 6626
839 1161 5255
634.5 1432 5475
294.5 632 1508
378.667 676 1707
557.167 1444 5301
405.167 1030 3587
678.667 993 4101
745 2247 7808
739 1722 6948
2522.67 3702 9904
950.167 2082 7689
942.167 2111 8075
652 1916 7120
1025.33 2339 8729
693.5 1561 6097
536.167 1449 5602
1258.67 2066 7724
444.5 1171 4624
719.833 1575 6280
727 2137 7461
2042.67 3496 9110
707.667 1145 4456
442.667 786 2640
1014.33 2358 8887
575.667 957 3909
1259.67 1869 7118
272.667 677 1843
852.667 1328 5409
356.167 845 2657
951.833 2213 8225
742.5 2113 7515
717 1375 5567
950.167 2103 8084
956 1558 6412
521 1350 5167
706 992 3934
298.667 603 1524
2145.67 3480 9769
933.667 1951 7278
391 628 2260
642.5 1581 6221
366.5 843 2856
233.667 485 1149
441 1028 3696
884.5 2307 7956
887.667 1968 7580
900.5 2589 8545
911.833 2500 8545
831 1104 4389
574.667 1226 5072
898.833 2660 8673
330 874 2988
847.667 2255 7900
1259.67 2326 8242
1120.67 2190 8167
803 1155 4688
832 1055 4501
570.833 1561 5854
982 2669 8677
692.333 1393 5576
431.667 1263 4448
277 673 1468
587.5 1758 6129
300 596 1549
668.333 1439 5816
997.667 1932 7219
828.5 2364 7974
645.833 1322 5163
2083.17 3470 9041
475 636 2461
699 1576 6194
766.167 2102 7603
799.667 1969 7294
682.333 1736 6379
443.333 1228 4397
360 1134 3456
436.667 1257 4364
938.667 1786 6958
726 976 3934
582 796 2981
721 2043 7162
607.667 1745 6807
350.5 852 3074
428.167 1035 3610
490.333 1217 4789
702.167 1627 6254
309.5 493 1258
542.5 1415 5243
416 1176 4343
685.167 1570 5946
825 1386 5917
218.333 484 974
452.667 820 3014
640.333 1515 5668
512.167 1253 4806
607.667 1708 6312
902.167 2349 8109
888.667 1989 7614
314.333 896 2790
836.333 1900 7162
296.333 874 2655
292 729 2127
430.333 1001 3497
368.333 1040 3469
474 1441 5201
430.333 1017 3681
657.167 1436 5759
519 1438 5250
508 593 1948
441 608 2360
480.167 1394 4855
737.667 1491 6071
716.833 1665 6412
2533.67 3614 10247
478.167 1436 4826
708 1678 6580
328.333 893 3238
706 1340 5301
367 475 1448
553.667 1141 4405
666.167 1399 5321
851 1523 6254
423.5 1047 3809
870.167 1866 7041
503.167 1453 5401
799.667 1599 6379
220.333 505 1348
966 1360 5592
650.5 1417 5500
452.5 909 3563
378 821 3074
625 1158 4939
500.333 1286 5097
514 665 2711
1216.33 1914 7294
431.5 936 3456
1664.17 2706 8974
695.5 1675 6470
1240.67 1763 6965
461 1176 4721
576.5 1119 4409
2335.83 3236 9371
391 607 1865
410.667 1054 3676
495.5 1035 4027
735.5 1817 6965
401 506 1549
591 1225 5005
373 867 3098
575 799 3439
320.833 738 2478
430.333 1039 4343
744.667 1488 6145
392.833 910 3431
440 549 1865
497.833 1520 5258
523 1004 4027
651 881 3681
275.333 559 1417
466 555 1931
917.667 1903 7170
740 995 4277
782 1362 5500
1627 2720 8997
400 472 999
383 718 2145
540 686 2843
216 258 0
405.333 887 3348
299.5 704 2079
222 273 495
439 537 1799
346.5 582 1615
501 668 2527
374 734 2395
172 272 0
248.667 568 1373
216 298 953
222 236 0
172 293 395
407 515 1574
372 402 978


1138.33 1812 7233
986.667 1684 6807
718.5 2528 7877
808.333 1372 5809
729.333 2108 7479
1189.67 1730 7316
522.5 1844 5958
720 1482 5718
1017.33 1765 7175
970.333 1725 6807
280 721 2326
818 1381 5877
687 1568 6264
2520.5 3559 9711
798.667 1171 4855
794.667 1932 7242
557.167 1871 6375
536.667 1441 5625
922.333 1538 6405
810.333 1997 7804
763.667 2494 8384
847 2093 7821
512.5 1370 5146
711.833 2499 7660
1202.33 1998 7820
714 1748 7159
987.833 1895 7338
667.5 2367 7532
842.333 1968 7804
375 1247 4471
740.167 2490 7686
1344.67 1877 7788
884 1371 6009
1235.67 1849 7452
735.167 2373 7673
676 877 3813
1148.33 2115 7949
914.667 1319 5917
540 1031 3681
970 1319 6009
1096.67 2273 8688
489.167 1494 5225
413 1209 4392
868 1960 7488
908 1322 6009
1475.5 3840 9977
643.5 2182 7162
531.333 1372 5233
672 2018 6759
582.667 1924 6625
892.333 2299 8970
832.667 1907 7221
413 1230 4787
892 1580 6570
1182 1877 7250
834 1205 5031
1059.33 2138 8066
1134.67 1657 7166
668 901 3877
564.833 1584 5786
719 2331 7532
708.5 2547 8053
712 960 4409
520 1388 5159
769.833 2318 7889
727.5 1356 5602
565.5 1984 6650
1448.67 1947 7803
2665.33 3527 10394
388.333 1240 4496
519 901 3414
847.333 2142 8325
275.333 559 1417
1149.33 1908 7461
651 864 3747
492.667 749 2502
681 936 4127
575 799 3439
983.667 1480 6671
725 995 4659
840 1158 5255
1019 2137 7983
600.167 1957 6650
325.333 870 2839
465.333 1423 5032
1175.33 1957 7754
741 1403 6075
1006.67 1932 7571
739.667 1740 6843
501 668 2527
580.667 1210 5230
472 877 3106
672 2017 6742
470.167 1651 5713
585.667 1207 4848
1059.5 1716 7175
1191 2138 8175
686.667 1584 6563
547.167 1938 6365
533.333 1630 5786
792.333 1946 7338
409.667 1226 4405
1027.33 1708 6867
474.5 1037 3650
470.167 1630 5318
906 1207 5413
839 1161 5255
658.5 2340 7431
605.5 972 3676
1196.17 2656 9465
686.833 1484 5816
762.833 2340 7558
469.667 726 2436
647 1357 5575
557 1072 4384
784.667 1986 7387
540.833 1049 4343
540 1054 4252
664 1582 6181
659.167 1837 6365
588.333 1206 4392
400.333 1172 3993
605.833 2134 6936
2067.83 3742 9856
714.167 1488 6075
638 829 3497
733.167 2470 7660
890.667 1917 7338
1052.67 1866 7225
555.333 1830 6116
461.667 749 2387
367 1203 3694
586.167 1812 6188
557.5 886 3298
1131.33 2940 9041
923.333 1555 6421
724.167 2443 7559
233.667 485 1149
497.333 848 3032
800.5 2472 7984
634.167 2019 6800
408.167 1203 4101
320 844 2711
320.333 998 3123
951.667 1736 6584
430 913 2897
610.667 1857 6519
747.5 1392 5825
482 1075 3809
346.5 582 1615
555.833 1686 6028
1207.33 2199 8374
395.667 930 2963
684.833 2311 7431
320.333 1019 3518
760.833 2262 7489
393 506 1399
610.333 1564 5812
693.833 2307 7397
705.167 2166 6953
474.333 1624 5621
427.667 1439 5050
475 636 2461
602 746 2901
839 1147 4830
599 1001 3497
2375.83 3544 9494
1127.17 1711 6899
379.667 1084 3809
591.167 1886 6624
232.333 590 1993
401 506 1549
619.833 2195 6953
651.5 1247 5321
324.5 987 2856
305.333 836 2706
659 1341 5384
632.167 2105 6936
340.667 934 3230
630.333 1184 4414
732 954 4259
565 1042 4076
584 1011 3835
550.5 1758 5979
589.833 1191 4896
591.167 1865 6229
248.667 568 1373
514 665 2711
2446 3689 9597
325 835 2461
309.5 493 1258
332.667 810 2360
568.5 891 3373
470 607 2311
608.5 951 3505
857 1138 4945
542.5 853 3080
400 472 999
397 1010 3417
245 628 2260
419.833 1485 5026
540 686 2843
285 569 1598
222 273 495
522.5 1614 5357
466 555 1931
439 537 1799
376 510 1350
386 482 1042
220.333 505 1348
222 236 0
346.667 782 2747
440 549 1865
172 293 395
496 1088 4076
407 515 1574
216 298 953
218.333 484 974
216 258 0
372 402 978
172 272 0


