1.024959795e+00 1.000000000e+00 1.000000000e+00 
1.022312638e+00 1.071669072e+00 1.094499520e+00 
1.079984797e+00 1.051226551e+00 1.079229293e+00 
1.022407089e+00 1.058682059e+00 1.079229293e+00 
1.021839821e+00 1.056758057e+00 1.067236968e+00 
1.000000000e+00 1.010101010e+00 1.055244643e+00 
1.024959795e+00 1.006493506e+00 1.061960345e+00 
1.027228867e+00 1.021645022e+00 1.069315638e+00 
1.019003480e+00 1.058201058e+00 1.069315638e+00 
1.053701282e+00 1.115440115e+00 1.123201151e+00 
1.045381445e+00 1.132515633e+00 1.103054045e+00 
1.068355802e+00 1.058441558e+00 1.131275983e+00 
1.185496657e+00 1.154401154e+00 1.156379917e+00 
1.154864182e+00 1.126984127e+00 1.145746722e+00 
1.055214186e+00 1.173160173e+00 1.168292293e+00 
1.091235708e+00 1.136604137e+00 1.143108411e+00 
1.072799496e+00 1.164983165e+00 1.168292293e+00 
1.087359282e+00 1.156806157e+00 1.168292293e+00 
1.072232228e+00 1.168350168e+00 1.168292293e+00 
1.104424691e+00 1.266474266e+00 1.221458267e+00 
1.158315157e+00 1.332371332e+00 1.389350815e+00 
1.218350838e+00 1.334054834e+00 1.411336744e+00 
1.197692921e+00 1.335738336e+00 1.411336744e+00 
1.126831779e+00 1.350168350e+00 1.411336744e+00 
1.219201740e+00 1.315055315e+00 1.389350815e+00 
1.136900788e+00 1.324915825e+00 1.349376399e+00 
1.138744409e+00 1.313612314e+00 1.358090822e+00 
1.151980475e+00 1.312409812e+00 1.356092101e+00 
1.146969796e+00 1.315295815e+00 1.364806524e+00 
1.212441890e+00 1.295093795e+00 1.356092101e+00 
1.199205541e+00 1.296296296e+00 1.358090822e+00 
1.184031120e+00 1.291245791e+00 1.333466581e+00 
1.275125012e+00 1.250601251e+00 1.259513911e+00 
1.119693562e+00 1.206589707e+00 1.250239846e+00 
1.231398004e+00 1.428090428e+00 1.621442277e+00 
1.252244254e+00 1.423761424e+00 1.621442277e+00 
1.148576866e+00 1.443482443e+00 1.621442277e+00 
1.212536341e+00 1.370370370e+00 1.596258395e+00 
1.142242467e+00 1.406926407e+00 1.596258395e+00 
1.203223784e+00 1.334535835e+00 1.499040614e+00 
1.292049454e+00 1.369648870e+00 1.539015030e+00 
1.214049245e+00 1.367965368e+00 1.524384394e+00 
1.178594990e+00 1.370851371e+00 1.529661017e+00 
1.167958714e+00 1.383597884e+00 1.516309562e+00 
1.194762130e+00 1.400192400e+00 1.546370323e+00 
1.207289111e+00 1.392496392e+00 1.571634154e+00 
1.191121971e+00 1.386002886e+00 1.542212984e+00 
1.227238227e+00 1.527176527e+00 1.753197953e+00 
1.211685439e+00 1.544492544e+00 1.753197953e+00 
1.217169219e+00 1.543771044e+00 1.753197953e+00 
1.216649034e+00 1.544252044e+00 1.753197953e+00 
1.292945738e+00 1.515392015e+00 1.753197953e+00 
1.271911438e+00 1.475949976e+00 1.687959706e+00 
1.353598040e+00 1.475468975e+00 1.687959706e+00 
1.186253109e+00 1.458633959e+00 1.681483850e+00 
1.174245746e+00 1.429052429e+00 1.650143908e+00 
1.268836845e+00 1.479797980e+00 1.703389831e+00 
1.193060326e+00 1.485329485e+00 1.728014071e+00 
1.251583387e+00 1.484607985e+00 1.728014071e+00 
1.302163844e+00 1.476430976e+00 1.728014071e+00 
1.272240454e+00 1.477633478e+00 1.703389831e+00 

1.286093140e+00 1.420153920e+00 1.604653022e+00 
1.202420249e+00 1.423520924e+00 1.604653022e+00 
1.195187581e+00 1.423761424e+00 1.604653022e+00 
1.138366041e+00 1.393939394e+00 1.593700032e+00 
1.140540663e+00 1.391053391e+00 1.593700032e+00 
1.189561984e+00 1.379749880e+00 1.593700032e+00 
1.191736606e+00 1.376863877e+00 1.593700032e+00 
1.137798773e+00 1.409571910e+00 1.593700032e+00 
1.178547624e+00 1.478354978e+00 1.640230253e+00 
1.165547825e+00 1.455266955e+00 1.623361049e+00 
1.195329398e+00 1.454785955e+00 1.623361049e+00 
1.185118573e+00 1.428811929e+00 1.621282379e+00 
1.143282553e+00 1.368927369e+00 1.556044132e+00 
1.132551543e+00 1.377104377e+00 1.561800448e+00 
1.145787893e+00 1.330687831e+00 1.561800448e+00 
1.143613271e+00 1.333573834e+00 1.561800448e+00 
1.181573148e+00 1.477392977e+00 1.640230253e+00 
1.182802134e+00 1.470418470e+00 1.640230253e+00 
1.176704002e+00 1.490139490e+00 1.646706108e+00 
1.180391245e+00 1.511784512e+00 1.669891270e+00 
1.195896666e+00 1.470418470e+00 1.669891270e+00 
1.194336679e+00 1.461760462e+00 1.646706108e+00 
1.332325487e+00 1.466570467e+00 1.669891270e+00 
1.295263028e+00 1.453583454e+00 1.637991685e+00 
1.299517539e+00 1.699615200e+00 1.709146146e+00 
1.543442807e+00 1.662818663e+00 1.715302207e+00 
1.437080044e+00 1.740500241e+00 1.715302207e+00 
1.459912584e+00 1.719576720e+00 1.715302207e+00 
1.482886941e+00 1.690476190e+00 1.715302207e+00 
1.490922293e+00 1.688552189e+00 1.715302207e+00 
1.493948668e+00 1.677729678e+00 1.715302207e+00 
1.482696906e+00 1.715488215e+00 1.715302207e+00 
1.488275987e+00 1.688792689e+00 1.715302207e+00 
1.507231250e+00 1.675324675e+00 1.715302207e+00 
1.482745124e+00 1.701779702e+00 1.715302207e+00 
1.329676345e+00 1.663059163e+00 1.709146146e+00 
1.352131652e+00 1.661856662e+00 1.709146146e+00 
1.365462451e+00 1.605820106e+00 1.709146146e+00 
1.027228867e+00 1.021645022e+00 1.069315638e+00 
1.079984797e+00 1.051226551e+00 1.079229293e+00 
1.023825259e+00 1.078884079e+00 1.101774864e+00 
1.024959795e+00 1.006493506e+00 1.061960345e+00 
1.000000000e+00 1.010101010e+00 1.055244643e+00 
1.104377324e+00 1.087061087e+00 1.146466262e+00 
1.030065207e+00 1.020442520e+00 1.067236968e+00 
1.018247028e+00 1.050024050e+00 1.061960345e+00 
1.000000000e+00 1.000000000e+00 1.000000000e+00 
1.022407089e+00 1.058682059e+00 1.079229293e+00 
1.019003480e+00 1.058201058e+00 1.069315638e+00 
1.021839821e+00 1.056758057e+00 1.067236968e+00 
1.225772690e+00 1.318181818e+00 1.279581068e+00 
1.247989744e+00 1.325396825e+00 1.461224816e+00 
1.126453412e+00 1.371332371e+00 1.541893188e+00 
1.127493498e+00 1.352092352e+00 1.545091142e+00 
1.126926230e+00 1.367724868e+00 1.545091142e+00 
1.127020680e+00 1.355699856e+00 1.541893188e+00 
1.087359282e+00 1.171957672e+00 1.202350496e+00 
1.146449611e+00 1.207070707e+00 1.203789575e+00 
1.073272031e+00 1.220298220e+00 1.224176527e+00 
1.074595751e+00 1.215728716e+00 1.224176527e+00 
1.090621073e+00 1.209956710e+00 1.238167573e+00 
1.107922749e+00 1.255411255e+00 1.260153502e+00 
1.177838538e+00 1.169552670e+00 1.238167573e+00 
1.073083130e+00 1.181577682e+00 1.172929325e+00 
1.075115652e+00 1.166426166e+00 1.186360729e+00 
1.051195943e+00 1.142857143e+00 1.170930604e+00 

1.198827457e+00 1.610149110e+00 1.856491845e+00 
1.200623711e+00 1.608946609e+00 1.856491845e+00 
1.283727632e+00 1.584415584e+00 1.856491845e+00 
1.277204049e+00 1.587301587e+00 1.856491845e+00 
1.285525872e+00 1.583213083e+00 1.856491845e+00 
1.215561865e+00 1.595238095e+00 1.856491845e+00 
1.279002289e+00 1.586099086e+00 1.856491845e+00 
1.317196448e+00 1.543049543e+00 1.831307963e+00 
1.269358732e+00 1.581289081e+00 1.817236968e+00 
1.246384375e+00 1.544252044e+00 1.807882955e+00 
1.237307235e+00 1.533910534e+00 1.778621682e+00 
1.180202061e+00 1.553631554e+00 1.807882955e+00 
1.200151177e+00 1.599807600e+00 1.824592261e+00 
1.216885585e+00 1.584896585e+00 1.824592261e+00 
1.267940562e+00 1.536556037e+00 1.806683722e+00 
1.286847606e+00 1.572871573e+00 1.824592261e+00 
1.277394084e+00 1.566378066e+00 1.817236968e+00 
1.322585494e+00 1.541847042e+00 1.831307963e+00 
1.212158256e+00 1.549783550e+00 1.778621682e+00 
1.244586986e+00 1.545454545e+00 1.807882955e+00 
1.404555730e+00 1.531505532e+00 1.641029741e+00 
1.330859099e+00 1.447089947e+00 1.586184842e+00 
1.318994688e+00 1.460557961e+00 1.586184842e+00 
1.030065207e+00 1.020442520e+00 1.067236968e+00 
1.079984797e+00 1.051226551e+00 1.079229293e+00 
1.031105293e+00 1.094757095e+00 1.133754397e+00 
1.027228867e+00 1.021645022e+00 1.069315638e+00 
1.114020881e+00 1.081289081e+00 1.110569236e+00 
1.000000000e+00 1.000000000e+00 1.000000000e+00 
1.000000000e+00 1.010101010e+00 1.055244643e+00 
1.021839821e+00 1.056758057e+00 1.067236968e+00 
1.024959795e+00 1.006493506e+00 1.061960345e+00 
1.019003480e+00 1.058201058e+00 1.069315638e+00 
1.022407089e+00 1.058682059e+00 1.079229293e+00 
1.018247028e+00 1.050024050e+00 1.061960345e+00 
1.139122493e+00 1.149110149e+00 1.222337704e+00 
1.193438410e+00 1.234247234e+00 1.228493764e+00 
1.074973835e+00 1.243386243e+00 1.315957787e+00 
1.097853741e+00 1.240019240e+00 1.315957787e+00 
1.073508581e+00 1.248436748e+00 1.315957787e+00 
1.252527888e+00 1.371091871e+00 1.368004477e+00 
1.284768569e+00 1.406685907e+00 1.520946594e+00 
1.304764768e+00 1.407888408e+00 1.561000959e+00 
1.329299112e+00 1.431216931e+00 1.562999680e+00 
1.302495696e+00 1.412938913e+00 1.532299328e+00 
1.282641314e+00 1.398027898e+00 1.508314679e+00 

1.092464695e+00 1.067821068e+00 1.078509754e+00 
1.071192142e+00 1.069985570e+00 1.115845859e+00 
1.000000000e+00 1.010101010e+00 1.055244643e+00 
1.080835699e+00 1.071909572e+00 1.119123761e+00 
1.027228867e+00 1.021645022e+00 1.069315638e+00 
1.018247028e+00 1.050024050e+00 1.061960345e+00 
1.000000000e+00 1.000000000e+00 1.000000000e+00 
1.019003480e+00 1.058201058e+00 1.069315638e+00 
1.024959795e+00 1.006493506e+00 1.061960345e+00 
1.031105293e+00 1.084656085e+00 1.078509754e+00 
1.224496337e+00 1.290043290e+00 1.364406780e+00 
1.122482535e+00 1.303751804e+00 1.341221618e+00 
1.136238786e+00 1.293891294e+00 1.364406780e+00 
1.124751607e+00 1.314574315e+00 1.364406780e+00 
1.224354520e+00 1.247234247e+00 1.339222897e+00 
1.222936350e+00 1.281385281e+00 1.341221618e+00 
1.204783772e+00 1.233766234e+00 1.276143268e+00 
1.284768569e+00 1.242664743e+00 1.276223217e+00 
1.110002638e+00 1.250120250e+00 1.310521266e+00 
1.112271710e+00 1.247955748e+00 1.312599936e+00 
1.129620753e+00 1.116402116e+00 1.166853214e+00 
1.115722685e+00 1.101250601e+00 1.131275983e+00 
1.148624233e+00 1.243145743e+00 1.176926767e+00 
1.069112254e+00 1.157046657e+00 1.175727534e+00 
1.127918949e+00 1.110149110e+00 1.136552606e+00 
1.320648274e+00 1.412457912e+00 1.591461465e+00 
1.308642045e+00 1.428090428e+00 1.591461465e+00 
1.240048842e+00 1.402837903e+00 1.569475536e+00 
1.274367709e+00 1.437710438e+00 1.591461465e+00 
1.286328556e+00 1.377585378e+00 1.569475536e+00 
1.281223143e+00 1.371572872e+00 1.539654621e+00 
1.155525900e+00 1.452140452e+00 1.569475536e+00 
1.247660728e+00 1.541847042e+00 1.683962264e+00 
1.217783570e+00 1.570947571e+00 1.683962264e+00 
1.246052523e+00 1.545214045e+00 1.683962264e+00 
1.220667277e+00 1.570707071e+00 1.683962264e+00 
1.197692921e+00 1.568783069e+00 1.674608251e+00 
1.258390604e+00 1.524531025e+00 1.683962264e+00 
1.279047670e+00 1.507696008e+00 1.683962264e+00 
1.233288992e+00 1.550986051e+00 1.683962264e+00 
1.278905853e+00 1.512506013e+00 1.683962264e+00 
1.264678770e+00 1.516835017e+00 1.683962264e+00 
1.212158256e+00 1.572631073e+00 1.683962264e+00 
1.227663678e+00 1.552669553e+00 1.683962264e+00 
1.381062323e+00 1.485329485e+00 1.674608251e+00 
1.356669796e+00 1.465367965e+00 1.671410297e+00 
1.354117090e+00 1.468013468e+00 1.655980173e+00 
1.297957551e+00 1.506493506e+00 1.683962264e+00 
1.362909745e+00 1.456950457e+00 1.645346978e+00 
1.390989514e+00 1.495430495e+00 1.676686920e+00 
1.344331716e+00 1.466329966e+00 1.645346978e+00 
1.340738072e+00 1.498556999e+00 1.683962264e+00 
1.366313353e+00 1.473063973e+00 1.673409018e+00 
1.356102528e+00 1.468975469e+00 1.669971218e+00 
1.426585585e+00 1.476190476e+00 1.683962264e+00 
1.324760967e+00 1.491101491e+00 1.674608251e+00 
1.234707162e+00 1.548100048e+00 1.669331628e+00 
1.227427127e+00 1.532948533e+00 1.661976335e+00 
1.213056525e+00 1.542087542e+00 1.661976335e+00 
1.274322327e+00 1.478835979e+00 1.661976335e+00 
1.242932549e+00 1.512987013e+00 1.661976335e+00 
1.232863541e+00 1.488696489e+00 1.635353374e+00 
1.181478414e+00 1.483886484e+00 1.595538855e+00 
1.271673186e+00 1.487253487e+00 1.637432043e+00 
1.238725405e+00 1.487253487e+00 1.635353374e+00 
1.243074366e+00 1.468734969e+00 1.635353374e+00 
1.317196448e+00 1.455026455e+00 1.635353374e+00 
1.261984247e+00 1.467532468e+00 1.635353374e+00 
1.172402125e+00 1.493025493e+00 1.647345699e+00 
1.156613353e+00 1.521885522e+00 1.647345699e+00 
1.390422246e+00 1.505050505e+00 1.723217141e+00 
1.387018638e+00 1.506253006e+00 1.723217141e+00 
1.328731844e+00 1.514430014e+00 1.723217141e+00 
1.326037321e+00 1.518278018e+00 1.723217141e+00 
1.323958283e+00 1.538720539e+00 1.723217141e+00 
1.392691318e+00 1.487974988e+00 1.701231212e+00 
1.321357359e+00 1.592111592e+00 1.723217141e+00 
1.212347440e+00 1.613997114e+00 1.723217141e+00 
1.223314434e+00 1.595719096e+00 1.723217141e+00 

1.035737888e+00 1.017797018e+00 1.065238248e+00 
1.079984797e+00 1.051226551e+00 1.079229293e+00 
1.000000000e+00 1.000000000e+00 1.000000000e+00 
1.018247028e+00 1.060125060e+00 1.117204989e+00 
1.024959795e+00 1.006493506e+00 1.061960345e+00 
1.000000000e+00 1.010101010e+00 1.055244643e+00 
1.022407089e+00 1.058682059e+00 1.079229293e+00 
1.018247028e+00 1.050024050e+00 1.061960345e+00 
1.121773450e+00 1.452140452e+00 1.592900544e+00 
1.196369201e+00 1.443963444e+00 1.592900544e+00 
1.141675199e+00 1.445165945e+00 1.610809082e+00 
1.202987517e+00 1.421356421e+00 1.592900544e+00 
1.132267909e+00 1.474025974e+00 1.610809082e+00 
1.136569787e+00 1.468734969e+00 1.610809082e+00 
1.129715203e+00 1.474987975e+00 1.610809082e+00 
1.281648594e+00 1.401394901e+00 1.585625200e+00 
1.286754007e+00 1.391774892e+00 1.585625200e+00 
1.258342386e+00 1.413419913e+00 1.585625200e+00 
1.259193288e+00 1.408609909e+00 1.585625200e+00 
1.230783652e+00 1.417508418e+00 1.585625200e+00 
1.316016530e+00 1.485569986e+00 1.642708666e+00 
1.274132293e+00 1.455747956e+00 1.611608571e+00 
1.270776902e+00 1.440596441e+00 1.608810361e+00 
1.319420139e+00 1.473544974e+00 1.643508155e+00 
1.279853191e+00 1.438431938e+00 1.608810361e+00 
1.323816466e+00 1.448532949e+00 1.617524784e+00 
1.319465520e+00 1.449735450e+00 1.650863447e+00 
1.260517859e+00 1.462962963e+00 1.617524784e+00 
1.295546662e+00 1.470177970e+00 1.632954909e+00 
1.121489816e+00 1.443482443e+00 1.564838503e+00 
1.186158376e+00 1.417267917e+00 1.577630317e+00 
1.141864383e+00 1.435545936e+00 1.564278862e+00 
1.106835580e+00 1.408369408e+00 1.561000959e+00 
1.133922630e+00 1.417027417e+00 1.562200192e+00 
1.142715285e+00 1.470177970e+00 1.626239207e+00 
1.144653357e+00 1.518759019e+00 1.642708666e+00 
1.142573468e+00 1.506734007e+00 1.630076751e+00 
1.203743686e+00 1.463924964e+00 1.627438439e+00 
1.190696520e+00 1.473304473e+00 1.627438439e+00 
1.156613353e+00 1.488936989e+00 1.642708666e+00 
1.151507940e+00 1.512506013e+00 1.642708666e+00 
1.156755170e+00 1.482202982e+00 1.627438439e+00 
1.202892783e+00 1.468734969e+00 1.627438439e+00 
1.149427768e+00 1.500481000e+00 1.630076751e+00 
1.192681958e+00 1.496873497e+00 1.676047330e+00 
1.205445490e+00 1.491101491e+00 1.676047330e+00 
1.167769530e+00 1.552188552e+00 1.707946914e+00 
1.300084807e+00 1.496392496e+00 1.682763032e+00 
1.174624114e+00 1.545935546e+00 1.707946914e+00 
1.152831377e+00 1.508417508e+00 1.676047330e+00 
1.342252678e+00 1.531024531e+00 1.707946914e+00 
1.181998599e+00 1.539201539e+00 1.707946914e+00 
1.332796320e+00 1.537277537e+00 1.707946914e+00 
1.312848338e+00 1.490620491e+00 1.682763032e+00 
1.212631074e+00 1.499519000e+00 1.682763032e+00 
1.080315798e+00 1.321548822e+00 1.434521906e+00 
1.098799094e+00 1.371572872e+00 1.484330029e+00 
1.088068367e+00 1.349687350e+00 1.483130796e+00 
1.229034481e+00 1.331168831e+00 1.459146146e+00 
1.160064045e+00 1.340307840e+00 1.483130796e+00 
1.147678881e+00 1.337902838e+00 1.445075152e+00 
1.176845819e+00 1.416305916e+00 1.571554205e+00 
1.251867021e+00 1.352573353e+00 1.516309562e+00 
1.106551946e+00 1.399711400e+00 1.532938919e+00 
1.129573386e+00 1.404761905e+00 1.543572114e+00 
1.105889944e+00 1.406685907e+00 1.515030381e+00 
1.287321275e+00 1.382154882e+00 1.539094979e+00 
1.245249839e+00 1.395622896e+00 1.537655900e+00 
1.275692280e+00 1.365079365e+00 1.532379277e+00 
1.283066765e+00 1.368686869e+00 1.537016310e+00 
1.312848338e+00 1.362914863e+00 1.546370323e+00 
1.254655144e+00 1.382395382e+00 1.535817077e+00 
1.202703883e+00 1.398268398e+00 1.523584906e+00 
1.207856379e+00 1.367003367e+00 1.518388232e+00 
1.126784413e+00 1.121212121e+00 1.144467541e+00 
1.129053485e+00 1.155844156e+00 1.168931884e+00 
1.063723207e+00 1.172919673e+00 1.208826351e+00 
1.063628473e+00 1.174122174e+00 1.208826351e+00 
1.041599753e+00 1.112313612e+00 1.130316597e+00 
1.170747688e+00 1.145983646e+00 1.176926767e+00 
1.048312236e+00 1.126503127e+00 1.160217461e+00 
1.143566187e+00 1.308321308e+00 1.395267029e+00 
1.190838337e+00 1.291486291e+00 1.409338024e+00 
1.068213985e+00 1.281144781e+00 1.367284938e+00 
1.078235626e+00 1.287397787e+00 1.381275983e+00 
1.065850462e+00 1.268638769e+00 1.365206268e+00 
1.077951992e+00 1.297498797e+00 1.387991685e+00 
1.075966554e+00 1.309283309e+00 1.415893828e+00 

1.345182618e+00 1.437710438e+00 1.650223857e+00 
1.265481455e+00 1.438672439e+00 1.650223857e+00 
1.172685759e+00 1.439153439e+00 1.650223857e+00 
1.226812776e+00 1.408850409e+00 1.628237928e+00 
1.166067726e+00 1.409090909e+00 1.628237928e+00 
1.280420459e+00 1.541606542e+00 1.712184202e+00 
1.254229693e+00 1.516835017e+00 1.662376079e+00 
1.239245307e+00 1.528379028e+00 1.662376079e+00 
1.281790411e+00 1.537277537e+00 1.712184202e+00 
1.281980446e+00 1.536556037e+00 1.712184202e+00 
1.304339317e+00 1.532467532e+00 1.712184202e+00 
1.305709269e+00 1.528138528e+00 1.712184202e+00 
1.265433237e+00 1.553150553e+00 1.712184202e+00 
1.000000000e+00 1.000000000e+00 1.000000000e+00 
1.027228867e+00 1.021645022e+00 1.069315638e+00 
1.079984797e+00 1.051226551e+00 1.079229293e+00 
1.071192142e+00 1.069985570e+00 1.115845859e+00 
1.035737888e+00 1.017797018e+00 1.065238248e+00 
1.019003480e+00 1.058201058e+00 1.069315638e+00 
1.000000000e+00 1.010101010e+00 1.055244643e+00 
1.022407089e+00 1.058682059e+00 1.079229293e+00 
1.202325515e+00 1.270803271e+00 1.297489607e+00 
1.304812986e+00 1.318662819e+00 1.303645667e+00 
1.328448210e+00 1.313612314e+00 1.330588423e+00 
1.113548063e+00 1.324194324e+00 1.278701631e+00 
1.163278753e+00 1.274891775e+00 1.283498561e+00 
1.238063404e+00 1.355459355e+00 1.310601215e+00 
1.155573267e+00 1.373256373e+00 1.578429805e+00 
1.164649556e+00 1.407888408e+00 1.610968980e+00 
1.159118692e+00 1.390331890e+00 1.581707707e+00 
1.160300595e+00 1.386243386e+00 1.588983051e+00 
1.344331716e+00 1.366041366e+00 1.572993284e+00 
1.364186098e+00 1.395863396e+00 1.594979213e+00 
1.252907958e+00 1.379990380e+00 1.588983051e+00 
1.292803921e+00 1.396344396e+00 1.594979213e+00 
1.253001557e+00 1.366281866e+00 1.572993284e+00 
1.211165537e+00 1.359788360e+00 1.562999680e+00 
1.193580227e+00 1.359547860e+00 1.558922290e+00 
1.154344281e+00 1.363636364e+00 1.550367765e+00 
1.071002958e+00 1.138768639e+00 1.161736489e+00 
1.200529261e+00 1.172198172e+00 1.217460825e+00 
1.069773972e+00 1.131072631e+00 1.133114807e+00 
1.055497820e+00 1.134439634e+00 1.152382475e+00 
1.135718885e+00 1.155844156e+00 1.212424049e+00 
1.185638474e+00 1.208273208e+00 1.223616885e+00 
1.203365601e+00 1.181096681e+00 1.223616885e+00 

1.079984797e+00 1.051226551e+00 1.079229293e+00 
1.027228867e+00 1.021645022e+00 1.069315638e+00 
1.007799936e+00 1.053872054e+00 1.087144228e+00 
1.114020881e+00 1.097162097e+00 1.121122482e+00 
1.132173459e+00 1.104858105e+00 1.131755676e+00 
1.000000000e+00 1.010101010e+00 1.055244643e+00 
1.000000000e+00 1.000000000e+00 1.000000000e+00 
1.030065207e+00 1.020442520e+00 1.067236968e+00 
1.233099808e+00 1.482443482e+00 1.676686920e+00 
1.222605349e+00 1.468975469e+00 1.673409018e+00 
1.268553211e+00 1.470177970e+00 1.685401343e+00 
1.333553622e+00 1.436507937e+00 1.638871122e+00 
1.343858047e+00 1.438912939e+00 1.646146466e+00 
1.317196448e+00 1.458633959e+00 1.646146466e+00 
1.321167324e+00 1.457190957e+00 1.646146466e+00 
1.340738072e+00 1.462962963e+00 1.685401343e+00 
1.372127851e+00 1.417508418e+00 1.660217461e+00 
1.354117090e+00 1.424963925e+00 1.664854493e+00 
1.343999864e+00 1.429773930e+00 1.664854493e+00 
1.326936440e+00 1.440836941e+00 1.664854493e+00 
1.261368761e+00 1.443722944e+00 1.638871122e+00 
1.227285310e+00 1.462481962e+00 1.638871122e+00 
1.244019718e+00 1.460557961e+00 1.660777103e+00 
1.191216705e+00 1.542328042e+00 1.738647266e+00 
1.393258586e+00 1.463924964e+00 1.713463383e+00 
1.392974952e+00 1.466089466e+00 1.713463383e+00 
1.383141360e+00 1.468734969e+00 1.713463383e+00 
1.260327824e+00 1.509379509e+00 1.738647266e+00 
1.246146123e+00 1.514670515e+00 1.738647266e+00 
1.240899744e+00 1.517075517e+00 1.738647266e+00 
1.260044190e+00 1.511544012e+00 1.738647266e+00 
1.336625379e+00 1.501924002e+00 1.713463383e+00 
1.344283498e+00 1.476671477e+00 1.699392389e+00 
1.363145161e+00 1.483886484e+00 1.713463383e+00 
1.374774156e+00 1.472582973e+00 1.713463383e+00 
1.379076885e+00 1.469215969e+00 1.713463383e+00 
1.366077937e+00 1.479797980e+00 1.713463383e+00 
1.363477013e+00 1.481481481e+00 1.713463383e+00 
1.161813216e+00 1.554112554e+00 1.684761752e+00 
1.253143374e+00 1.482924483e+00 1.692117045e+00 
1.171645957e+00 1.503367003e+00 1.690038375e+00 
1.240757927e+00 1.470418470e+00 1.690038375e+00 
1.229743566e+00 1.482924483e+00 1.685401343e+00 
1.173631395e+00 1.496873497e+00 1.660777103e+00 
1.184031120e+00 1.515873016e+00 1.692117045e+00 
1.172449492e+00 1.501924002e+00 1.673409018e+00 
1.181951232e+00 1.438431938e+00 1.498480972e+00 
1.252717923e+00 1.445165945e+00 1.638871122e+00 
1.215420048e+00 1.442520443e+00 1.626878798e+00 
1.225914507e+00 1.455988456e+00 1.630156700e+00 
1.229176298e+00 1.431457431e+00 1.636792453e+00 
1.203034601e+00 1.430014430e+00 1.624800128e+00 
1.213529060e+00 1.443482443e+00 1.628078030e+00 
1.273800441e+00 1.375661376e+00 1.568276303e+00 
1.344615350e+00 1.372053872e+00 1.582347298e+00 
1.306134720e+00 1.398508899e+00 1.580908219e+00 
1.161387765e+00 1.508417508e+00 1.624800128e+00 
1.161624032e+00 1.468253968e+00 1.622801407e+00 
1.236361599e+00 1.418710919e+00 1.621522226e+00 
1.224448970e+00 1.421596922e+00 1.612168212e+00 
1.230830736e+00 1.429773930e+00 1.620163096e+00 
1.211685439e+00 1.417508418e+00 1.607531180e+00 
1.221990997e+00 1.405002405e+00 1.590262232e+00 
1.320883690e+00 1.408369408e+00 1.592260953e+00 
1.364753366e+00 1.397065897e+00 1.613687240e+00 
1.375247825e+00 1.393458393e+00 1.620962584e+00 
1.334404525e+00 1.377104377e+00 1.594979213e+00 
1.332986354e+00 1.378547379e+00 1.611608571e+00 
1.045334078e+00 1.120009620e+00 1.169091781e+00 
1.140540663e+00 1.314574315e+00 1.366645347e+00 
1.100406448e+00 1.317219817e+00 1.366645347e+00 
1.140966114e+00 1.313371813e+00 1.366645347e+00 
1.206107492e+00 1.232082732e+00 1.236008954e+00 
1.250165217e+00 1.226070226e+00 1.218979853e+00 
1.239387124e+00 1.226791727e+00 1.306923569e+00 
1.226056324e+00 1.276575277e+00 1.326750879e+00 
1.178405807e+00 1.283068783e+00 1.326750879e+00 
1.191736606e+00 1.156325156e+00 1.193076431e+00 
1.171031322e+00 1.224386724e+00 1.202830189e+00 
1.125366242e+00 1.209716210e+00 1.185001599e+00 
1.085657478e+00 1.262626263e+00 1.297329709e+00 

1.174434930e+00 1.533429533e+00 1.689398785e+00 
1.176514818e+00 1.525012025e+00 1.689398785e+00 
1.246384375e+00 1.469215969e+00 1.664214902e+00 
1.243547184e+00 1.472582973e+00 1.664214902e+00 
1.246242558e+00 1.471380471e+00 1.664214902e+00 
1.182282233e+00 1.493265993e+00 1.664214902e+00 
1.204122053e+00 1.504569505e+00 1.689398785e+00 
1.202041881e+00 1.512987013e+00 1.689398785e+00 
1.203980236e+00 1.506734007e+00 1.689398785e+00 
1.202420249e+00 1.508177008e+00 1.689398785e+00 
1.209889184e+00 1.472823473e+00 1.664214902e+00 
1.208187380e+00 1.476430976e+00 1.664214902e+00 
1.209747367e+00 1.474987975e+00 1.664214902e+00 
1.195140214e+00 1.521404521e+00 1.689398785e+00 
1.255080595e+00 1.592111592e+00 1.700671570e+00 
1.315117410e+00 1.488455988e+00 1.689398785e+00 
1.277771317e+00 1.500721501e+00 1.689398785e+00 
1.322114662e+00 1.461038961e+00 1.664214902e+00 
1.324383734e+00 1.436267436e+00 1.664214902e+00 
1.123333437e+00 1.428330928e+00 1.652222578e+00 
1.177744088e+00 1.399470899e+00 1.612967701e+00 
1.120780731e+00 1.407888408e+00 1.605692357e+00 
1.231587188e+00 1.407166907e+00 1.627038695e+00 
1.027228867e+00 1.021645022e+00 1.069315638e+00 
1.035737888e+00 1.017797018e+00 1.065238248e+00 
1.079984797e+00 1.051226551e+00 1.079229293e+00 
1.025101612e+00 1.098605099e+00 1.080508475e+00 
1.040086849e+00 1.086099086e+00 1.080508475e+00 
1.019003480e+00 1.058201058e+00 1.069315638e+00 
1.000000000e+00 1.000000000e+00 1.000000000e+00 
1.000000000e+00 1.010101010e+00 1.055244643e+00 
1.022407089e+00 1.058682059e+00 1.079229293e+00 
1.073035763e+00 1.241702742e+00 1.289494723e+00 
1.067126816e+00 1.262866763e+00 1.289494723e+00 
1.059137696e+00 1.196969697e+00 1.267508794e+00 
1.118984477e+00 1.191197691e+00 1.312280141e+00 
1.119031844e+00 1.188792689e+00 1.328829549e+00 
1.142384284e+00 1.170514671e+00 1.328829549e+00 
1.082159419e+00 1.146464646e+00 1.250319795e+00 
1.116289953e+00 1.169312169e+00 1.282299328e+00 
1.085563028e+00 1.144540645e+00 1.147825392e+00 
1.055025002e+00 1.125060125e+00 1.128877518e+00 
1.106646396e+00 1.101491101e+00 1.175567637e+00 
1.098421009e+00 1.082010582e+00 1.129037416e+00 
1.088210184e+00 1.070707071e+00 1.125759514e+00 
1.203932869e+00 1.213804714e+00 1.389430764e+00 
1.160395045e+00 1.233525734e+00 1.390789894e+00 
1.160631313e+00 1.220538721e+00 1.390789894e+00 
1.123380804e+00 1.385281385e+00 1.605692357e+00 
1.105748127e+00 1.382876383e+00 1.574352414e+00 
1.114162698e+00 1.392736893e+00 1.598337064e+00 
1.168053164e+00 1.349687350e+00 1.580508475e+00 
1.112082810e+00 1.302789803e+00 1.469859290e+00 
1.190460253e+00 1.277777778e+00 1.444675408e+00 
1.106693763e+00 1.343193843e+00 1.535097538e+00 
1.136427970e+00 1.366522367e+00 1.559082187e+00 
1.103195421e+00 1.362433862e+00 1.527822194e+00 
1.111609992e+00 1.372294372e+00 1.551806844e+00 
1.126169778e+00 1.367484367e+00 1.540454109e+00 
1.243499817e+00 1.360509861e+00 1.587783818e+00 
1.104235507e+00 1.273448773e+00 1.391349536e+00 
1.109908188e+00 1.282106782e+00 1.400543652e+00 
1.109530103e+00 1.282347282e+00 1.423329069e+00 
1.075163019e+00 1.271043771e+00 1.390629997e+00 
1.085751928e+00 1.285473785e+00 1.407898945e+00 
1.178594990e+00 1.280423280e+00 1.414614647e+00 
1.179729527e+00 1.279220779e+00 1.414614647e+00 

1.266899625e+00 1.436026936e+00 1.684681804e+00 
1.244492536e+00 1.413179413e+00 1.661496642e+00 
1.314833776e+00 1.408369408e+00 1.661496642e+00 
1.313699240e+00 1.408850409e+00 1.661496642e+00 
1.139500577e+00 1.477873978e+00 1.663335465e+00 
1.266048723e+00 1.387926888e+00 1.617444835e+00 
1.228041762e+00 1.394420394e+00 1.634873681e+00 
1.263212382e+00 1.412938913e+00 1.636072913e+00 
1.267750527e+00 1.359547860e+00 1.611688519e+00 
1.311146534e+00 1.385281385e+00 1.612887752e+00 
1.240805294e+00 1.390091390e+00 1.612887752e+00 
1.124515340e+00 1.433621934e+00 1.613527343e+00 
1.137987957e+00 1.432659933e+00 1.644787336e+00 
1.125318876e+00 1.439634440e+00 1.630796290e+00 
1.219249107e+00 1.373737374e+00 1.611688519e+00 
1.194478496e+00 1.427609428e+00 1.625599616e+00 
1.195140214e+00 1.424242424e+00 1.638151583e+00 
1.126878863e+00 1.435786436e+00 1.624080588e+00 
1.278860472e+00 1.480278980e+00 1.723936681e+00 
1.341211741e+00 1.451659452e+00 1.700751519e+00 
1.256453383e+00 1.457431457e+00 1.700751519e+00 
1.249739766e+00 1.542568543e+00 1.755836265e+00 
1.155856901e+00 1.501924002e+00 1.732651103e+00 
1.211307354e+00 1.500000000e+00 1.732651103e+00 
1.351138932e+00 1.516113516e+00 1.755836265e+00 
1.236692600e+00 1.498797499e+00 1.706028142e+00 
1.305473853e+00 1.475468975e+00 1.732651103e+00 
1.143235187e+00 1.459836460e+00 1.693396226e+00 
1.298856671e+00 1.482202982e+00 1.732651103e+00 
1.296587599e+00 1.532467532e+00 1.755836265e+00 
1.279569557e+00 1.487734488e+00 1.732651103e+00 
1.027228867e+00 1.021645022e+00 1.069315638e+00 
1.000000000e+00 1.000000000e+00 1.000000000e+00 
1.000000000e+00 1.010101010e+00 1.055244643e+00 
1.035737888e+00 1.017797018e+00 1.065238248e+00 
1.079984797e+00 1.051226551e+00 1.079229293e+00 
1.022407089e+00 1.058682059e+00 1.079229293e+00 
1.019003480e+00 1.058201058e+00 1.069315638e+00 
1.237401685e+00 1.217412217e+00 1.241045731e+00 
1.213434610e+00 1.218374218e+00 1.246162456e+00 
1.170747688e+00 1.234247234e+00 1.239526703e+00 
1.297248466e+00 1.300144300e+00 1.322353694e+00 
1.180249428e+00 1.310245310e+00 1.319235689e+00 
1.161009680e+00 1.315055315e+00 1.322833387e+00 
1.177554904e+00 1.265993266e+00 1.276862808e+00 
1.189940352e+00 1.253246753e+00 1.289334826e+00 
1.181525781e+00 1.270322270e+00 1.289334826e+00 
1.101540984e+00 1.098364598e+00 1.183082827e+00 
1.092181061e+00 1.071188071e+00 1.129197314e+00 
1.110333639e+00 1.082972583e+00 1.144467541e+00 
1.157984156e+00 1.153198653e+00 1.220738727e+00 
1.059326880e+00 1.163780664e+00 1.222097857e+00 
1.043632274e+00 1.115921116e+00 1.172289735e+00 
1.243641634e+00 1.365079365e+00 1.594259674e+00 
1.209605550e+00 1.375180375e+00 1.599536297e+00 

1.201190979e+00 1.498556999e+00 1.688199552e+00 
1.392265867e+00 1.462481962e+00 1.688199552e+00 
1.231067287e+00 1.500000000e+00 1.711384714e+00 
1.185969475e+00 1.460317460e+00 1.608970259e+00 
1.196652835e+00 1.466570467e+00 1.610329389e+00 
1.211921989e+00 1.452140452e+00 1.608970259e+00 
1.190980154e+00 1.471861472e+00 1.620962584e+00 
1.220856461e+00 1.473304473e+00 1.644147745e+00 
1.196842019e+00 1.474987975e+00 1.641669332e+00 
1.193438410e+00 1.470418470e+00 1.639590662e+00 
1.203932869e+00 1.487734488e+00 1.666213623e+00 
1.221801814e+00 1.468734969e+00 1.664854493e+00 
1.229507299e+00 1.491341991e+00 1.688199552e+00 
1.235179980e+00 1.489177489e+00 1.689398785e+00 
1.259289724e+00 1.473063973e+00 1.688199552e+00 
1.213860061e+00 1.434102934e+00 1.634953630e+00 
1.213765611e+00 1.455747956e+00 1.633514551e+00 
1.369007877e+00 1.434343434e+00 1.639590662e+00 
1.394534939e+00 1.432900433e+00 1.634953630e+00 
1.348302592e+00 1.414381914e+00 1.620962584e+00 
1.400491254e+00 1.451659452e+00 1.666213623e+00 
1.024959795e+00 1.006493506e+00 1.061960345e+00 
1.035737888e+00 1.017797018e+00 1.065238248e+00 
1.079984797e+00 1.051226551e+00 1.079229293e+00 
1.030065207e+00 1.020442520e+00 1.067236968e+00 
1.022407089e+00 1.058682059e+00 1.079229293e+00 
1.018247028e+00 1.050024050e+00 1.061960345e+00 
1.021839821e+00 1.056758057e+00 1.067236968e+00 
1.000000000e+00 1.000000000e+00 1.000000000e+00 
1.000000000e+00 1.010101010e+00 1.055244643e+00 
1.211165537e+00 1.371572872e+00 1.304045411e+00 
1.143991638e+00 1.453102453e+00 1.353133994e+00 
1.362484294e+00 1.359547860e+00 1.380636393e+00 
1.318047350e+00 1.375901876e+00 1.380636393e+00 
1.360215222e+00 1.366041366e+00 1.380636393e+00 
1.296916614e+00 1.390331890e+00 1.380636393e+00 
1.344189899e+00 1.366522367e+00 1.380636393e+00 
1.188427448e+00 1.392015392e+00 1.380636393e+00 
1.039803215e+00 1.113275613e+00 1.117204989e+00 
1.136711604e+00 1.124338624e+00 1.168292293e+00 
1.057199624e+00 1.156806157e+00 1.198992645e+00 
1.125933511e+00 1.103896104e+00 1.131755676e+00 
1.088210184e+00 1.070707071e+00 1.125759514e+00 
1.138413408e+00 1.115921116e+00 1.140470099e+00 
1.168525982e+00 1.397787398e+00 1.222097857e+00 
1.214332879e+00 1.244107744e+00 1.248800768e+00 
1.245910706e+00 1.223184223e+00 1.217460825e+00 
1.239292673e+00 1.275372775e+00 1.277502398e+00 
1.188616632e+00 1.276334776e+00 1.277502398e+00 
1.318521019e+00 1.303270803e+00 1.315558043e+00 
1.241278112e+00 1.324675325e+00 1.315558043e+00 
1.301693012e+00 1.323472823e+00 1.315558043e+00 
1.311713802e+00 1.310966811e+00 1.315558043e+00 
1.318237385e+00 1.308080808e+00 1.315558043e+00 
1.237118051e+00 1.328763829e+00 1.315558043e+00 

1.408149373e+00 1.563973064e+00 1.755996162e+00 
1.226339958e+00 1.479316979e+00 1.734010233e+00 
1.164696923e+00 1.495670996e+00 1.734010233e+00 
1.169235067e+00 1.488696489e+00 1.734010233e+00 
1.154674998e+00 1.539201539e+00 1.734010233e+00 
1.155384083e+00 1.531265031e+00 1.734010233e+00 
1.156140535e+00 1.512987013e+00 1.734010233e+00 
1.156849620e+00 1.505050505e+00 1.734010233e+00 
1.236503416e+00 1.658730159e+00 1.755996162e+00 
1.235227063e+00 1.691678692e+00 1.755996162e+00 
1.242885182e+00 1.569264069e+00 1.755996162e+00 
1.236503416e+00 1.662097162e+00 1.755996162e+00 
1.219816375e+00 1.693843194e+00 1.755996162e+00 
1.213576427e+00 1.447570948e+00 1.654780940e+00 
1.213954511e+00 1.438191438e+00 1.668771986e+00 
1.274464144e+00 1.460076960e+00 1.702110649e+00 
1.269926000e+00 1.467051467e+00 1.702110649e+00 
1.160064045e+00 1.476911977e+00 1.687480013e+00 
1.162002400e+00 1.470899471e+00 1.685401343e+00 
1.161576948e+00 1.473544974e+00 1.685401343e+00 
1.153635196e+00 1.455747956e+00 1.682203390e+00 
1.164602189e+00 1.469937470e+00 1.687480013e+00 
1.158173340e+00 1.454545455e+00 1.682203390e+00 
1.145787893e+00 1.470899471e+00 1.682203390e+00 
1.153020561e+00 1.490860991e+00 1.685401343e+00 
1.166115093e+00 1.466570467e+00 1.685401343e+00 
1.148907867e+00 1.506012506e+00 1.685401343e+00 
1.159685960e+00 1.454304954e+00 1.680124720e+00 
1.150042403e+00 1.520442520e+00 1.687480013e+00 
1.145220625e+00 1.502645503e+00 1.680124720e+00 
1.270964100e+00 1.436267436e+00 1.680764311e+00 
1.155809534e+00 1.451178451e+00 1.666773265e+00 
1.136806054e+00 1.497113997e+00 1.668771986e+00 
1.138271591e+00 1.470899471e+00 1.668771986e+00 
1.226907226e+00 1.469696970e+00 1.687480013e+00 
1.215278231e+00 1.445165945e+00 1.682203390e+00 
1.203081967e+00 1.451178451e+00 1.685401343e+00 
1.079984797e+00 1.051226551e+00 1.079229293e+00 
1.024959795e+00 1.006493506e+00 1.061960345e+00 
1.018247028e+00 1.050024050e+00 1.061960345e+00 
1.023825259e+00 1.078884079e+00 1.101774864e+00 
1.000000000e+00 1.000000000e+00 1.000000000e+00 
1.000000000e+00 1.010101010e+00 1.055244643e+00 
1.022407089e+00 1.058682059e+00 1.079229293e+00 
1.243452450e+00 1.348484848e+00 1.297409658e+00 
1.207667479e+00 1.380471380e+00 1.256795651e+00 
1.263969685e+00 1.339345839e+00 1.296770067e+00 
1.312848338e+00 1.282587783e+00 1.298129197e+00 
1.441760006e+00 1.429052429e+00 1.368644068e+00 
1.359647953e+00 1.344396344e+00 1.321154461e+00 
1.274557744e+00 1.329725830e+00 1.268867925e+00 
1.390280429e+00 1.366281866e+00 1.325551647e+00 
1.270680466e+00 1.400673401e+00 1.325871442e+00 
1.358513417e+00 1.321789322e+00 1.303405820e+00 
1.403611229e+00 1.386243386e+00 1.341461465e+00 
1.089344720e+00 1.141414141e+00 1.187719859e+00 
1.087926550e+00 1.104858105e+00 1.173169172e+00 
1.045617712e+00 1.119047619e+00 1.170291014e+00 
1.126500779e+00 1.102934103e+00 1.143108411e+00 
1.106693763e+00 1.328042328e+00 1.202030700e+00 
1.145882343e+00 1.232804233e+00 1.228813559e+00 
1.144275273e+00 1.267195767e+00 1.236328750e+00 
1.168194981e+00 1.162337662e+00 1.252238567e+00 
1.174434930e+00 1.146464646e+00 1.205708347e+00 
1.136427970e+00 1.119769120e+00 1.203629677e+00 
1.119977196e+00 1.113275613e+00 1.174368404e+00 

1.408149373e+00 1.563973064e+00 1.755996162e+00 
1.226339958e+00 1.479316979e+00 1.734010233e+00 
1.164696923e+00 1.495670996e+00 1.734010233e+00 
1.169235067e+00 1.488696489e+00 1.734010233e+00 
1.154674998e+00 1.539201539e+00 1.734010233e+00 
1.155384083e+00 1.531265031e+00 1.734010233e+00 
1.156140535e+00 1.512987013e+00 1.734010233e+00 
1.156849620e+00 1.505050505e+00 1.734010233e+00 
1.236503416e+00 1.658730159e+00 1.755996162e+00 
1.235227063e+00 1.691678692e+00 1.755996162e+00 
1.242885182e+00 1.569264069e+00 1.755996162e+00 
1.236503416e+00 1.662097162e+00 1.755996162e+00 
1.219816375e+00 1.693843194e+00 1.755996162e+00 
1.213576427e+00 1.447570948e+00 1.654780940e+00 
1.213954511e+00 1.438191438e+00 1.668771986e+00 
1.274464144e+00 1.460076960e+00 1.702110649e+00 
1.269926000e+00 1.467051467e+00 1.702110649e+00 
1.160064045e+00 1.476911977e+00 1.687480013e+00 
1.162002400e+00 1.470899471e+00 1.685401343e+00 
1.161576948e+00 1.473544974e+00 1.685401343e+00 
1.153635196e+00 1.455747956e+00 1.682203390e+00 
1.164602189e+00 1.469937470e+00 1.687480013e+00 
1.158173340e+00 1.454545455e+00 1.682203390e+00 
1.145787893e+00 1.470899471e+00 1.682203390e+00 
1.153020561e+00 1.490860991e+00 1.685401343e+00 
1.166115093e+00 1.466570467e+00 1.685401343e+00 
1.148907867e+00 1.506012506e+00 1.685401343e+00 
1.159685960e+00 1.454304954e+00 1.680124720e+00 
1.150042403e+00 1.520442520e+00 1.687480013e+00 
1.145220625e+00 1.502645503e+00 1.680124720e+00 
1.270964100e+00 1.436267436e+00 1.680764311e+00 
1.155809534e+00 1.451178451e+00 1.666773265e+00 
1.136806054e+00 1.497113997e+00 1.668771986e+00 
1.138271591e+00 1.470899471e+00 1.668771986e+00 
1.226907226e+00 1.469696970e+00 1.687480013e+00 
1.215278231e+00 1.445165945e+00 1.682203390e+00 
1.203081967e+00 1.451178451e+00 1.685401343e+00 
1.079984797e+00 1.051226551e+00 1.079229293e+00 
1.024959795e+00 1.006493506e+00 1.061960345e+00 
1.018247028e+00 1.050024050e+00 1.061960345e+00 
1.023825259e+00 1.078884079e+00 1.101774864e+00 
1.000000000e+00 1.000000000e+00 1.000000000e+00 
1.000000000e+00 1.010101010e+00 1.055244643e+00 
1.022407089e+00 1.058682059e+00 1.079229293e+00 
1.243452450e+00 1.348484848e+00 1.297409658e+00 
1.207667479e+00 1.380471380e+00 1.256795651e+00 
1.263969685e+00 1.339345839e+00 1.296770067e+00 
1.312848338e+00 1.282587783e+00 1.298129197e+00 
1.441760006e+00 1.429052429e+00 1.368644068e+00 
1.359647953e+00 1.344396344e+00 1.321154461e+00 
1.274557744e+00 1.329725830e+00 1.268867925e+00 
1.390280429e+00 1.366281866e+00 1.325551647e+00 
1.270680466e+00 1.400673401e+00 1.325871442e+00 
1.358513417e+00 1.321789322e+00 1.303405820e+00 
1.403611229e+00 1.386243386e+00 1.341461465e+00 
1.089344720e+00 1.141414141e+00 1.187719859e+00 
1.087926550e+00 1.104858105e+00 1.173169172e+00 
1.045617712e+00 1.119047619e+00 1.170291014e+00 
1.126500779e+00 1.102934103e+00 1.143108411e+00 
1.106693763e+00 1.328042328e+00 1.202030700e+00 
1.145882343e+00 1.232804233e+00 1.228813559e+00 
1.144275273e+00 1.267195767e+00 1.236328750e+00 
1.168194981e+00 1.162337662e+00 1.252238567e+00 
1.174434930e+00 1.146464646e+00 1.205708347e+00 
1.136427970e+00 1.119769120e+00 1.203629677e+00 
1.119977196e+00 1.113275613e+00 1.174368404e+00 

1.154722365e+00 1.470658971e+00 1.638231532e+00 
1.155147816e+00 1.445646946e+00 1.638231532e+00 
1.185780291e+00 1.393217893e+00 1.647105852e+00 
1.158645874e+00 1.400192400e+00 1.647105852e+00 
1.156755170e+00 1.401154401e+00 1.647105852e+00 
1.147820698e+00 1.437950938e+00 1.606331948e+00 
1.128249950e+00 1.446127946e+00 1.606331948e+00 
1.148624233e+00 1.408609909e+00 1.613047650e+00 
1.156234985e+00 1.438672439e+00 1.625759514e+00 
1.153209745e+00 1.440115440e+00 1.617045091e+00 
1.148056965e+00 1.360509861e+00 1.607850975e+00 
1.214663596e+00 1.455747956e+00 1.679005437e+00 
1.207052844e+00 1.456228956e+00 1.679005437e+00 
1.245720672e+00 1.455026455e+00 1.679005437e+00 
1.267231477e+00 1.423520924e+00 1.679005437e+00 
1.161245948e+00 1.463443963e+00 1.679005437e+00 
1.143377004e+00 1.380952381e+00 1.553086025e+00 
1.144180539e+00 1.411495911e+00 1.586424688e+00 
1.139216943e+00 1.420634921e+00 1.586424688e+00 
1.145220625e+00 1.406926407e+00 1.570994563e+00 
1.139075126e+00 1.396584897e+00 1.560361369e+00 
1.139831578e+00 1.389610390e+00 1.561240806e+00 
1.161104131e+00 1.355699856e+00 1.579868884e+00 
1.146496978e+00 1.357864358e+00 1.569235689e+00 
1.217263669e+00 1.346560847e+00 1.591861209e+00 
1.175285832e+00 1.354497354e+00 1.568596098e+00 
1.130897106e+00 1.400913901e+00 1.560361369e+00 
1.333601840e+00 1.512265512e+00 1.714182923e+00 
1.372034252e+00 1.511303511e+00 1.714182923e+00 
1.308403793e+00 1.470177970e+00 1.698912696e+00 
1.410370228e+00 1.510822511e+00 1.714182923e+00 
1.263544234e+00 1.495189995e+00 1.691557403e+00 
1.226387325e+00 1.518759019e+00 1.730812280e+00 
1.185354840e+00 1.520202020e+00 1.730812280e+00 
1.266142322e+00 1.513227513e+00 1.730812280e+00 
1.258438822e+00 1.542328042e+00 1.763991046e+00 
1.221376363e+00 1.613997114e+00 1.851135273e+00 
1.275218611e+00 1.605339105e+00 1.851135273e+00 
1.269262296e+00 1.606782107e+00 1.851135273e+00 
1.222558266e+00 1.607022607e+00 1.851135273e+00 
1.259666957e+00 1.585377585e+00 1.819235689e+00 
1.222132814e+00 1.610630111e+00 1.819235689e+00 
1.290347650e+00 1.562049062e+00 1.773265110e+00 
1.184220304e+00 1.578884079e+00 1.783898305e+00 
1.229649116e+00 1.568542569e+00 1.773265110e+00 
1.210787453e+00 1.575757576e+00 1.802526383e+00 
1.277394084e+00 1.582010582e+00 1.811880397e+00 
1.272762340e+00 1.584896585e+00 1.804605053e+00 
1.185118573e+00 1.578884079e+00 1.797889351e+00 
1.284674970e+00 1.564213564e+00 1.795890630e+00 
1.217689120e+00 1.593554594e+00 1.804605053e+00 
1.263779650e+00 1.570226070e+00 1.797889351e+00 
1.337334464e+00 1.562530063e+00 1.795890630e+00 
1.287653127e+00 1.595478595e+00 1.825951391e+00 
1.297013050e+00 1.584896585e+00 1.819235689e+00 
1.347403472e+00 1.574314574e+00 1.825951391e+00 
1.346410753e+00 1.578884079e+00 1.819235689e+00 
1.405122998e+00 1.631794132e+00 1.873121202e+00 
1.294128492e+00 1.639249639e+00 1.873121202e+00 
1.291859420e+00 1.646705147e+00 1.873121202e+00 
1.250922520e+00 1.662337662e+00 1.873121202e+00 
1.270209634e+00 1.651034151e+00 1.873121202e+00 
1.274983195e+00 1.647426647e+00 1.873121202e+00 
1.053275831e+00 1.119528620e+00 1.101774864e+00 
1.131038923e+00 1.095959596e+00 1.102414455e+00 
1.030065207e+00 1.020442520e+00 1.067236968e+00 
1.079984797e+00 1.051226551e+00 1.079229293e+00 
1.049494139e+00 1.126743627e+00 1.101774864e+00 
1.000000000e+00 1.000000000e+00 1.000000000e+00 
1.000000000e+00 1.010101010e+00 1.055244643e+00 
1.022407089e+00 1.058682059e+00 1.079229293e+00 
1.021839821e+00 1.056758057e+00 1.067236968e+00 
1.228041762e+00 1.313131313e+00 1.337304125e+00 
1.291008518e+00 1.288840789e+00 1.349296450e+00 
1.132740727e+00 1.356421356e+00 1.528461784e+00 
1.216696401e+00 1.353294853e+00 1.300207867e+00 
1.108159017e+00 1.152236652e+00 1.132315318e+00 
1.146544345e+00 1.144300144e+00 1.139031020e+00 
1.121489816e+00 1.237133237e+00 1.173089223e+00 
1.095395485e+00 1.257575758e+00 1.117204989e+00 
1.175853100e+00 1.141654642e+00 1.132475216e+00 
1.102581070e+00 1.153439153e+00 1.125039974e+00 
1.096151937e+00 1.159211159e+00 1.117204989e+00 
1.138035324e+00 1.145262145e+00 1.134553886e+00 
1.144605990e+00 1.192640693e+00 1.222177806e+00 
1.153446012e+00 1.144781145e+00 1.168931884e+00 
1.140824297e+00 1.162578163e+00 1.182922929e+00 
1.132126092e+00 1.158730159e+00 1.170370963e+00 

1.196180300e+00 1.450697451e+00 1.679565078e+00 
1.176893186e+00 1.457912458e+00 1.679565078e+00 
1.211780172e+00 1.568061568e+00 1.701551007e+00 
1.240001759e+00 1.521404521e+00 1.701551007e+00 
1.292143054e+00 1.493746994e+00 1.701551007e+00 
1.260327824e+00 1.518518519e+00 1.701551007e+00 
1.279095888e+00 1.516594517e+00 1.701551007e+00 
1.285667689e+00 1.501443001e+00 1.701551007e+00 
1.227947312e+00 1.545214045e+00 1.701551007e+00 
1.285052203e+00 1.513708514e+00 1.701551007e+00 
1.232957991e+00 1.538961039e+00 1.701551007e+00 
1.181998599e+00 1.405964406e+00 1.601694915e+00 
1.182282233e+00 1.400192400e+00 1.601694915e+00 
1.162995119e+00 1.407407407e+00 1.601694915e+00 
1.185402207e+00 1.409090909e+00 1.630956188e+00 
1.161387765e+00 1.407888408e+00 1.627758235e+00 
1.166115093e+00 1.416305916e+00 1.630956188e+00 
1.030065207e+00 1.020442520e+00 1.067236968e+00 
1.079984797e+00 1.051226551e+00 1.079229293e+00 
1.021839821e+00 1.056758057e+00 1.067236968e+00 
1.027228867e+00 1.021645022e+00 1.069315638e+00 
1.024959795e+00 1.006493506e+00 1.061960345e+00 
1.019003480e+00 1.058201058e+00 1.069315638e+00 
1.022407089e+00 1.058682059e+00 1.079229293e+00 
1.018247028e+00 1.050024050e+00 1.061960345e+00 
1.000000000e+00 1.000000000e+00 1.000000000e+00 
1.000000000e+00 1.010101010e+00 1.055244643e+00 
1.242885182e+00 1.359307359e+00 1.399344420e+00 
1.208660198e+00 1.379028379e+00 1.560521266e+00 
1.184551305e+00 1.371813372e+00 1.548448993e+00 
1.060035965e+00 1.149110149e+00 1.189638631e+00 
1.125649876e+00 1.112313612e+00 1.208426607e+00 
1.101257350e+00 1.076479076e+00 1.141189639e+00 
1.104377324e+00 1.087061087e+00 1.146466262e+00 
1.092181061e+00 1.071188071e+00 1.129197314e+00 
1.095962753e+00 1.208994709e+00 1.250959386e+00 
1.191169338e+00 1.277537278e+00 1.286136872e+00 
1.137278872e+00 1.283790284e+00 1.280060761e+00 
1.295546662e+00 1.278018278e+00 1.304844899e+00 
1.127493498e+00 1.288600289e+00 1.304844899e+00 

1.144558907e+00 1.477392977e+00 1.614086984e+00 
1.132788094e+00 1.483645984e+00 1.614086984e+00 
1.344708949e+00 1.475468975e+00 1.647985289e+00 
1.388436808e+00 1.470177970e+00 1.638631276e+00 
1.326888223e+00 1.434824435e+00 1.620003198e+00 
1.428571023e+00 1.468253968e+00 1.631995523e+00 
1.395244025e+00 1.469215969e+00 1.647985289e+00 
1.383615029e+00 1.471139971e+00 1.633354653e+00 
1.241845380e+00 1.491582492e+00 1.634553886e+00 
1.239954392e+00 1.494949495e+00 1.634553886e+00 
1.231161737e+00 1.455266955e+00 1.595299009e+00 
1.233052725e+00 1.451899952e+00 1.595299009e+00 
1.227758128e+00 1.473063973e+00 1.609929645e+00 
1.242601548e+00 1.477152477e+00 1.614086984e+00 
1.243405367e+00 1.468253968e+00 1.614086984e+00 
1.231823455e+00 1.458633959e+00 1.614007035e+00 
1.254938778e+00 1.442520443e+00 1.620003198e+00 
1.325328235e+00 1.496151996e+00 1.647185801e+00 
1.365037000e+00 1.490379990e+00 1.657179405e+00 
1.234848979e+00 1.581048581e+00 1.712424049e+00 
1.236030882e+00 1.566378066e+00 1.712424049e+00 
1.348679825e+00 1.499519000e+00 1.687240166e+00 
1.392124050e+00 1.493265993e+00 1.687240166e+00 
1.302589295e+00 1.500000000e+00 1.687240166e+00 
1.259431541e+00 1.537037037e+00 1.712424049e+00 
1.257539702e+00 1.540404040e+00 1.712424049e+00 
1.237921587e+00 1.563011063e+00 1.712424049e+00 
1.244586986e+00 1.496632997e+00 1.663815158e+00 
1.252244254e+00 1.510582011e+00 1.665893828e+00 
1.254326128e+00 1.502164502e+00 1.665893828e+00 
1.252434289e+00 1.505531506e+00 1.665893828e+00 
1.232012639e+00 1.501443001e+00 1.663815158e+00 
1.227380044e+00 1.543530544e+00 1.673169172e+00 
1.223834619e+00 1.529822030e+00 1.659178126e+00 
1.221896264e+00 1.537277537e+00 1.663815158e+00 
1.227616311e+00 1.532948533e+00 1.662615926e+00 
1.145646076e+00 1.390091390e+00 1.303965462e+00 
1.181573148e+00 1.383357383e+00 1.303965462e+00 
1.083577590e+00 1.160894661e+00 1.196514231e+00 
1.204500138e+00 1.200336700e+00 1.310281420e+00 
1.158267790e+00 1.148629149e+00 1.261672530e+00 
1.125649876e+00 1.112313612e+00 1.208426607e+00 
1.105795494e+00 1.146705147e+00 1.196514231e+00 
1.103242788e+00 1.097402597e+00 1.182443236e+00 
1.057483259e+00 1.128908129e+00 1.109769747e+00 
1.070057606e+00 1.125300625e+00 1.109769747e+00 
1.101257350e+00 1.076479076e+00 1.141189639e+00 
1.093031963e+00 1.070707071e+00 1.115206268e+00 
1.092181061e+00 1.071188071e+00 1.129197314e+00 
1.104377324e+00 1.087061087e+00 1.146466262e+00 
1.027228867e+00 1.021645022e+00 1.069315638e+00 
1.080173981e+00 1.086099086e+00 1.080508475e+00 
1.079984797e+00 1.051226551e+00 1.079229293e+00 
1.000000000e+00 1.000000000e+00 1.000000000e+00 
1.000000000e+00 1.010101010e+00 1.055244643e+00 
1.019003480e+00 1.058201058e+00 1.069315638e+00 
1.022407089e+00 1.058682059e+00 1.079229293e+00 
1.292852139e+00 1.431697932e+00 1.588903102e+00 
1.259289724e+00 1.429773930e+00 1.570115126e+00 
1.330008197e+00 1.405964406e+00 1.580748321e+00 
1.323200980e+00 1.411736412e+00 1.571394308e+00 
1.294270309e+00 1.393217893e+00 1.570195075e+00 
1.224685521e+00 1.436988937e+00 1.588903102e+00 
1.287888543e+00 1.408609909e+00 1.558762392e+00 
1.218209021e+00 1.411495911e+00 1.546690118e+00 
1.299375721e+00 1.389369889e+00 1.542133035e+00 
1.232816174e+00 1.393698894e+00 1.554764950e+00 
1.194762130e+00 1.464646465e+00 1.582107451e+00 
1.126264511e+00 1.435786436e+00 1.560201471e+00 
1.170653238e+00 1.419913420e+00 1.558842341e+00 
1.121253549e+00 1.419672920e+00 1.546850016e+00 
1.168005797e+00 1.476671477e+00 1.574832107e+00 
1.119835379e+00 1.439874940e+00 1.565478094e+00 
1.136427970e+00 1.436026936e+00 1.565478094e+00 
1.263686051e+00 1.316738817e+00 1.346658139e+00 
1.260469641e+00 1.367965368e+00 1.347377678e+00 
1.204027320e+00 1.395863396e+00 1.340821874e+00 

1.024959795e+00 1.006493506e+00 1.061960345e+00 
1.102675520e+00 1.082491582e+00 1.132475216e+00 
1.079984797e+00 1.051226551e+00 1.079229293e+00 
1.000000000e+00 1.010101010e+00 1.055244643e+00 
1.000000000e+00 1.000000000e+00 1.000000000e+00 
1.035170620e+00 1.115440115e+00 1.163735209e+00 
1.018247028e+00 1.060125060e+00 1.117204989e+00 
1.018247028e+00 1.050024050e+00 1.061960345e+00 
1.035737888e+00 1.017797018e+00 1.065238248e+00 
1.030065207e+00 1.020442520e+00 1.067236968e+00 
1.021839821e+00 1.056758057e+00 1.067236968e+00 
1.022407089e+00 1.058682059e+00 1.079229293e+00 
1.239670758e+00 1.303992304e+00 1.373920691e+00 
1.172024041e+00 1.310485810e+00 1.373920691e+00 
1.129006118e+00 1.319865320e+00 1.373920691e+00 
1.116006319e+00 1.262626263e+00 1.320035177e+00 
1.228325396e+00 1.280663781e+00 1.322113847e+00 
1.263496016e+00 1.274891775e+00 1.373920691e+00 
1.230878103e+00 1.283068783e+00 1.350735529e+00 
1.232390723e+00 1.271284271e+00 1.327390470e+00 
1.179114892e+00 1.220298220e+00 1.283578510e+00 
1.111751809e+00 1.187830688e+00 1.273425008e+00 
1.220100009e+00 1.199855700e+00 1.283578510e+00 
1.186631194e+00 1.217171717e+00 1.283578510e+00 
1.087028281e+00 1.241462241e+00 1.290054365e+00 
1.251299753e+00 1.240500241e+00 1.290054365e+00 
1.081213783e+00 1.200096200e+00 1.222817397e+00 
1.183511219e+00 1.177008177e+00 1.264870483e+00 
1.065094011e+00 1.173881674e+00 1.211544611e+00 
1.077479458e+00 1.200577201e+00 1.236168852e+00 
1.407865739e+00 1.457431457e+00 1.647425648e+00 
1.448992674e+00 1.456228956e+00 1.647425648e+00 
1.380636872e+00 1.482924483e+00 1.686680524e+00 
1.378935068e+00 1.484126984e+00 1.686680524e+00 
1.232296273e+00 1.525252525e+00 1.686680524e+00 
1.236077965e+00 1.523328523e+00 1.686680524e+00 
1.272146854e+00 1.509139009e+00 1.686680524e+00 
1.348869860e+00 1.487734488e+00 1.686680524e+00 
1.348586226e+00 1.489898990e+00 1.686680524e+00 
1.339084486e+00 1.493746994e+00 1.686680524e+00 
1.225867140e+00 1.507455507e+00 1.647425648e+00 
1.229459932e+00 1.496151996e+00 1.647425648e+00 
1.226339958e+00 1.516835017e+00 1.663495363e+00 
1.229932750e+00 1.505531506e+00 1.663495363e+00 
1.266806026e+00 1.485088985e+00 1.647425648e+00 
1.283727632e+00 1.476671477e+00 1.647425648e+00 
1.313038373e+00 1.466089466e+00 1.663495363e+00 
1.288549410e+00 1.489898990e+00 1.663495363e+00 
1.228798214e+00 1.505772006e+00 1.663495363e+00 
1.386309553e+00 1.398749399e+00 1.569555484e+00 
1.380636872e+00 1.399951900e+00 1.569555484e+00 
1.370142413e+00 1.419432419e+00 1.580188679e+00 
1.302260280e+00 1.439634440e+00 1.584985609e+00 
1.400774888e+00 1.462962963e+00 1.638071634e+00 
1.371844217e+00 1.446849447e+00 1.636872402e+00 
1.394818573e+00 1.439634440e+00 1.621442277e+00 
1.367022438e+00 1.448292448e+00 1.619443556e+00 
1.369858779e+00 1.450937951e+00 1.624720179e+00 
1.370993315e+00 1.451418951e+00 1.634873681e+00 
1.445589065e+00 1.445165945e+00 1.624240486e+00 
1.359080685e+00 1.458633959e+00 1.624720179e+00 
1.224827338e+00 1.464165464e+00 1.593540134e+00 
1.212347440e+00 1.474266474e+00 1.596258395e+00 
1.222369082e+00 1.487974988e+00 1.624240486e+00 
1.222369082e+00 1.480038480e+00 1.597617525e+00 
1.240238026e+00 1.482443482e+00 1.624720179e+00 
1.210929270e+00 1.480519481e+00 1.617364886e+00 
1.374113289e+00 1.422558923e+00 1.595618804e+00 
1.397938548e+00 1.410774411e+00 1.582187400e+00 
1.384607748e+00 1.428330928e+00 1.598816757e+00 
1.374964191e+00 1.417989418e+00 1.597617525e+00 
1.425734683e+00 1.427128427e+00 1.598816757e+00 
1.321640993e+00 1.438912939e+00 1.613687240e+00 
1.293277590e+00 1.465608466e+00 1.621442277e+00 
1.244965354e+00 1.466570467e+00 1.636872402e+00 
1.218398205e+00 1.493265993e+00 1.632795011e+00 
1.225110972e+00 1.450216450e+00 1.619443556e+00 
1.380872288e+00 1.649591150e+00 1.711864407e+00 
1.421763807e+00 1.640211640e+00 1.711864407e+00 
1.350713481e+00 1.723665224e+00 1.711864407e+00 
1.341730792e+00 1.749879750e+00 1.711864407e+00 
1.427436487e+00 1.597402597e+00 1.711864407e+00 
1.356150746e+00 1.650072150e+00 1.711864407e+00 
1.424883781e+00 1.606060606e+00 1.711864407e+00 
1.257823336e+00 1.352813853e+00 1.453149984e+00 
1.148718683e+00 1.364598365e+00 1.453149984e+00 
1.190176619e+00 1.359307359e+00 1.453149984e+00 
1.236267149e+00 1.318903319e+00 1.383834346e+00 
1.304622951e+00 1.317700818e+00 1.453149984e+00 

1.241372562e+00 1.367965368e+00 1.570434922e+00 
1.277677718e+00 1.358826359e+00 1.570434922e+00 
1.187765730e+00 1.317700818e+00 1.520626799e+00 
1.203838419e+00 1.396825397e+00 1.570434922e+00 
1.237968953e+00 1.343674844e+00 1.523904701e+00 
1.255177030e+00 1.333092833e+00 1.523904701e+00 
1.217169219e+00 1.371332371e+00 1.523904701e+00 
1.252340690e+00 1.340067340e+00 1.523904701e+00 
1.224921788e+00 1.345117845e+00 1.523904701e+00 
1.242979916e+00 1.584896585e+00 1.701950752e+00 
1.243263550e+00 1.581048581e+00 1.701950752e+00 
1.319890971e+00 1.532227032e+00 1.695954589e+00 
1.313605641e+00 1.537999038e+00 1.695954589e+00 
1.279379522e+00 1.545935546e+00 1.695954589e+00 
1.262077846e+00 1.556277056e+00 1.695954589e+00 
1.273990476e+00 1.554593555e+00 1.695954589e+00 
1.260186007e+00 1.557720058e+00 1.695954589e+00 
1.234092527e+00 1.549783550e+00 1.622721458e+00 
1.234943429e+00 1.544733045e+00 1.634713783e+00 
1.264253319e+00 1.536796537e+00 1.624080588e+00 
1.235227063e+00 1.540885041e+00 1.634713783e+00 
1.234376161e+00 1.545935546e+00 1.622721458e+00 
1.280987727e+00 1.496392496e+00 1.646146466e+00 
1.295214810e+00 1.494708995e+00 1.628717621e+00 
1.241372562e+00 1.559884560e+00 1.662695875e+00 
1.237449052e+00 1.556517557e+00 1.648704829e+00 
1.269926000e+00 1.549783550e+00 1.650143908e+00 
1.219721925e+00 1.556758057e+00 1.653341861e+00 
1.268127760e+00 1.552188552e+00 1.678765590e+00 
1.282876730e+00 1.601972102e+00 1.755836265e+00 
1.257349667e+00 1.619047619e+00 1.755836265e+00 
1.257066033e+00 1.628667629e+00 1.755836265e+00 
1.244586986e+00 1.577200577e+00 1.701950752e+00 
1.230027201e+00 1.595478595e+00 1.701950752e+00 
1.273706842e+00 1.567821068e+00 1.701950752e+00 
1.230310835e+00 1.591630592e+00 1.701950752e+00 
1.000000000e+00 1.000000000e+00 1.000000000e+00 
1.116857221e+00 1.088985089e+00 1.106491845e+00 
1.000000000e+00 1.010101010e+00 1.055244643e+00 
1.030065207e+00 1.020442520e+00 1.067236968e+00 
1.157133254e+00 1.192640693e+00 1.182922929e+00 
1.083482856e+00 1.198412698e+00 1.182922929e+00 
1.007799936e+00 1.053872054e+00 1.087144228e+00 
1.186063925e+00 1.147667148e+00 1.178925488e+00 
1.126217145e+00 1.097883598e+00 1.130316597e+00 
1.053701282e+00 1.109427609e+00 1.110329389e+00 
1.154013280e+00 1.138528139e+00 1.151503038e+00 
1.110900907e+00 1.096200096e+00 1.128317877e+00 
1.206485576e+00 1.185666186e+00 1.209705788e+00 
1.194005678e+00 1.177489177e+00 1.196194436e+00 
1.177649355e+00 1.245310245e+00 1.206188040e+00 
1.144417090e+00 1.265993266e+00 1.270786697e+00 
1.174293113e+00 1.291005291e+00 1.458666453e+00 
1.180816696e+00 1.298941799e+00 1.474096578e+00 
1.254986995e+00 1.291005291e+00 1.467380876e+00 
1.197409287e+00 1.277296777e+00 1.455388551e+00 
1.252434289e+00 1.258778259e+00 1.442756636e+00 
1.172733126e+00 1.284271284e+00 1.453389831e+00 
1.306041121e+00 1.309042809e+00 1.492564759e+00 

1.169896786e+00 1.569745070e+00 1.753997442e+00 
1.172733126e+00 1.566378066e+00 1.753997442e+00 
1.172827576e+00 1.564213564e+00 1.753997442e+00 
1.169991236e+00 1.567580568e+00 1.753997442e+00 
1.258532421e+00 1.519240019e+00 1.753997442e+00 
1.183274952e+00 1.532227032e+00 1.753997442e+00 
1.267940562e+00 1.500721501e+00 1.753997442e+00 
1.259099689e+00 1.609187109e+00 1.785897026e+00 
1.244917987e+00 1.615680616e+00 1.785897026e+00 
1.332512686e+00 1.614718615e+00 1.807882955e+00 
1.345466252e+00 1.598124098e+00 1.807882955e+00 
1.273755059e+00 1.559403559e+00 1.785897026e+00 
1.267466893e+00 1.591390091e+00 1.785897026e+00 
1.267656928e+00 1.584415584e+00 1.785897026e+00 
1.274322327e+00 1.545935546e+00 1.785897026e+00 
1.293751259e+00 1.536556037e+00 1.785897026e+00 
1.291669385e+00 1.539442039e+00 1.785897026e+00 
1.310956499e+00 1.523569024e+00 1.785897026e+00 
1.270680466e+00 1.633958634e+00 1.807882955e+00 
1.273942258e+00 1.633477633e+00 1.807882955e+00 
1.305380254e+00 1.619528620e+00 1.807882955e+00 
1.157416888e+00 1.527176527e+00 1.688759194e+00 
1.157794972e+00 1.520683021e+00 1.686760473e+00 
1.155242266e+00 1.523809524e+00 1.686760473e+00 
1.154958632e+00 1.524050024e+00 1.686760473e+00 
1.168951433e+00 1.497835498e+00 1.700111928e+00 
1.374206888e+00 1.499759500e+00 1.729453150e+00 
1.258816055e+00 1.500000000e+00 1.737288136e+00 
1.249597949e+00 1.442520443e+00 1.728813559e+00 
1.235321797e+00 1.459114959e+00 1.704189319e+00 
1.179020442e+00 1.527657528e+00 1.707467221e+00 
1.176184101e+00 1.531024531e+00 1.707467221e+00 
1.167344079e+00 1.549302549e+00 1.707467221e+00 
1.161955033e+00 1.511303511e+00 1.705388551e+00 
1.153446012e+00 1.527898028e+00 1.704189319e+00 
1.157842339e+00 1.506253006e+00 1.704189319e+00 
1.171362323e+00 1.496873497e+00 1.704189319e+00 
1.183558586e+00 1.522607023e+00 1.707467221e+00 
1.159591510e+00 1.533189033e+00 1.705388551e+00 
1.024486977e+00 1.077200577e+00 1.122481612e+00 
1.052424929e+00 1.125541126e+00 1.136552606e+00 
1.094166499e+00 1.081048581e+00 1.136552606e+00 
1.079984797e+00 1.051226551e+00 1.079229293e+00 
1.022407089e+00 1.058682059e+00 1.079229293e+00 
1.076297555e+00 1.056036556e+00 1.085145507e+00 
1.000000000e+00 1.000000000e+00 1.000000000e+00 
1.027228867e+00 1.021645022e+00 1.069315638e+00 
1.000000000e+00 1.010101010e+00 1.055244643e+00 
1.019003480e+00 1.058201058e+00 1.069315638e+00 
1.030065207e+00 1.020442520e+00 1.067236968e+00 
1.178831258e+00 1.394901395e+00 1.300207867e+00 
1.153918830e+00 1.407888408e+00 1.377998081e+00 
1.228609030e+00 1.312890813e+00 1.418532139e+00 
1.217689120e+00 1.314814815e+00 1.387831788e+00 
1.276826816e+00 1.287157287e+00 1.387831788e+00 
1.286754007e+00 1.298701299e+00 1.389910457e+00 
1.297532100e+00 1.300384800e+00 1.418532139e+00 
1.287604909e+00 1.290043290e+00 1.402462424e+00 
1.213150976e+00 1.331649832e+00 1.389910457e+00 
1.203223784e+00 1.320105820e+00 1.387831788e+00 
1.239812575e+00 1.362674363e+00 1.441717301e+00 
1.224354520e+00 1.363876864e+00 1.441717301e+00 
1.254277910e+00 1.357383357e+00 1.441717301e+00 
1.200198260e+00 1.388407888e+00 1.441717301e+00 
1.313415606e+00 1.329725830e+00 1.441717301e+00 
1.081402967e+00 1.151755652e+00 1.155020787e+00 
1.086508380e+00 1.291005291e+00 1.297489607e+00 
1.087075648e+00 1.286435786e+00 1.297489607e+00 
1.127162497e+00 1.267917268e+00 1.297489607e+00 
1.094402766e+00 1.272005772e+00 1.297489607e+00 
1.161955033e+00 1.151996152e+00 1.193716022e+00 
1.151744207e+00 1.133237133e+00 1.173808762e+00 
1.092559145e+00 1.188311688e+00 1.194355612e+00 
1.080457615e+00 1.187349687e+00 1.189638631e+00 
1.139547944e+00 1.123376623e+00 1.167013112e+00 
1.096151937e+00 1.265512266e+00 1.270626799e+00 
1.093457414e+00 1.277537278e+00 1.270626799e+00 
1.119835379e+00 1.210197210e+00 1.264790534e+00 
1.077290274e+00 1.208513709e+00 1.226894787e+00 

1.276069513e+00 1.460076960e+00 1.657419252e+00 
1.262455079e+00 1.462241462e+00 1.657419252e+00 
1.248037962e+00 1.462481962e+00 1.657419252e+00 
1.192303874e+00 1.466089466e+00 1.634234090e+00 
1.169660518e+00 1.471620972e+00 1.634234090e+00 
1.169802335e+00 1.470418470e+00 1.634234090e+00 
1.188994716e+00 1.469456469e+00 1.634234090e+00 
1.192445691e+00 1.464886965e+00 1.634234090e+00 
1.296397564e+00 1.407888408e+00 1.632235369e+00 
1.279095888e+00 1.410293410e+00 1.632235369e+00 
1.307836525e+00 1.449735450e+00 1.634234090e+00 
1.260753275e+00 1.451178451e+00 1.634234090e+00 
1.247328876e+00 1.416546417e+00 1.632235369e+00 
1.265481455e+00 1.412457912e+00 1.632235369e+00 
1.239812575e+00 1.421115921e+00 1.632235369e+00 
1.260849711e+00 1.415824916e+00 1.632235369e+00 
1.220052642e+00 1.443482443e+00 1.632235369e+00 
1.200340077e+00 1.457190957e+00 1.634234090e+00 
1.199347358e+00 1.462000962e+00 1.634234090e+00 
1.205351040e+00 1.451418951e+00 1.634234090e+00 
1.152500659e+00 1.499278499e+00 1.657419252e+00 
1.157038804e+00 1.497113997e+00 1.657419252e+00 
1.381110541e+00 1.685185185e+00 1.712983690e+00 
1.421480173e+00 1.664021164e+00 1.712983690e+00 
1.367825123e+00 1.685425685e+00 1.712983690e+00 
1.388343209e+00 1.664742665e+00 1.712983690e+00 
1.431500963e+00 1.624338624e+00 1.712983690e+00 
1.428571023e+00 1.611832612e+00 1.673728814e+00 
1.437789129e+00 1.594516595e+00 1.681084106e+00 
1.473243384e+00 1.622655123e+00 1.689798529e+00 
1.293277590e+00 1.664983165e+00 1.681084106e+00 
1.302022027e+00 1.717412217e+00 1.712983690e+00 
1.332844537e+00 1.696007696e+00 1.712983690e+00 
1.314408325e+00 1.714766715e+00 1.712983690e+00 
1.316583798e+00 1.708513709e+00 1.712983690e+00 
1.239907025e+00 1.482202982e+00 1.657419252e+00 
1.208423647e+00 1.482683983e+00 1.657419252e+00 
1.079984797e+00 1.051226551e+00 1.079229293e+00 
1.046515981e+00 1.103174603e+00 1.085785098e+00 
1.024959795e+00 1.006493506e+00 1.061960345e+00 
1.027228867e+00 1.021645022e+00 1.069315638e+00 
1.018247028e+00 1.050024050e+00 1.061960345e+00 
1.019003480e+00 1.058201058e+00 1.069315638e+00 
1.075541103e+00 1.118085618e+00 1.090422130e+00 
1.022407089e+00 1.058682059e+00 1.079229293e+00 
1.000000000e+00 1.000000000e+00 1.000000000e+00 
1.000000000e+00 1.010101010e+00 1.055244643e+00 
1.259950591e+00 1.309764310e+00 1.319475536e+00 
1.242979916e+00 1.264790765e+00 1.317636713e+00 
1.261226944e+00 1.323232323e+00 1.334665814e+00 
1.332419086e+00 1.303030303e+00 1.334665814e+00 
1.269735965e+00 1.303511304e+00 1.334665814e+00 
1.103810056e+00 1.217893218e+00 1.284937640e+00 
1.149097051e+00 1.484367484e+00 1.605612408e+00 
1.159213142e+00 1.475228475e+00 1.592181004e+00 
1.172780493e+00 1.455747956e+00 1.587703870e+00 
1.195329398e+00 1.416305916e+00 1.609050208e+00 
1.273139573e+00 1.379749880e+00 1.583626479e+00 
1.302637513e+00 1.392015392e+00 1.585705149e+00 
1.249597949e+00 1.363395863e+00 1.580428526e+00 
1.294695760e+00 1.396825397e+00 1.609050208e+00 
1.245627072e+00 1.405483405e+00 1.609050208e+00 
1.173253027e+00 1.398989899e+00 1.580428526e+00 
1.150940672e+00 1.429052429e+00 1.568995843e+00 
1.156187902e+00 1.443482443e+00 1.572273745e+00 
1.158031523e+00 1.443482443e+00 1.585625200e+00 
1.153587829e+00 1.422558923e+00 1.556363927e+00 
1.239103490e+00 1.397065897e+00 1.585705149e+00 
1.212300073e+00 1.415343915e+00 1.583626479e+00 
1.231870822e+00 1.379990380e+00 1.583626479e+00 
1.223929069e+00 1.372053872e+00 1.580428526e+00 
1.134726166e+00 1.127946128e+00 1.180444516e+00 
1.114020881e+00 1.097162097e+00 1.121122482e+00 
1.100690082e+00 1.074314574e+00 1.113767189e+00 
1.043727008e+00 1.167628668e+00 1.185481292e+00 
1.035406887e+00 1.134199134e+00 1.133674448e+00 
1.069490338e+00 1.131072631e+00 1.160297410e+00 
1.035217987e+00 1.129870130e+00 1.132235369e+00 

1.231918189e+00 1.372294372e+00 1.608890310e+00 
1.190980154e+00 1.406685907e+00 1.608890310e+00 
1.185496657e+00 1.403078403e+00 1.601535018e+00 
1.222747166e+00 1.373256373e+00 1.605612408e+00 
1.163515020e+00 1.407647908e+00 1.586824432e+00 
1.140635113e+00 1.427368927e+00 1.586824432e+00 
1.145409809e+00 1.416546417e+00 1.586824432e+00 
1.144889624e+00 1.426887927e+00 1.586824432e+00 
1.164271472e+00 1.420875421e+00 1.587543972e+00 
1.156944070e+00 1.421115921e+00 1.587543972e+00 
1.165831459e+00 1.414141414e+00 1.587543972e+00 
1.137940590e+00 1.453823954e+00 1.590182283e+00 
1.240805294e+00 1.367724868e+00 1.586824432e+00 
1.194667397e+00 1.359307359e+00 1.576191238e+00 
1.260376042e+00 1.352573353e+00 1.576990726e+00 
1.247896145e+00 1.356180856e+00 1.576990726e+00 
1.272949539e+00 1.368446368e+00 1.590182283e+00 
1.176042284e+00 1.478114478e+00 1.641429485e+00 
1.181242147e+00 1.457912458e+00 1.641429485e+00 
1.179067525e+00 1.467291967e+00 1.641429485e+00 
1.200245627e+00 1.438431938e+00 1.655420531e+00 
1.241183378e+00 1.404040404e+00 1.655420531e+00 
1.302070245e+00 1.388888889e+00 1.623520947e+00 
1.156660436e+00 1.455988456e+00 1.618724017e+00 
1.176940270e+00 1.472101972e+00 1.629437160e+00 
1.175238465e+00 1.512987013e+00 1.629437160e+00 
1.177649355e+00 1.453823954e+00 1.629437160e+00 
1.254087875e+00 1.577922078e+00 1.773105213e+00 
1.198638273e+00 1.582010582e+00 1.773105213e+00 
1.266142322e+00 1.570707071e+00 1.773105213e+00 
1.332229051e+00 1.525733526e+00 1.773105213e+00 
1.310769301e+00 1.527176527e+00 1.773105213e+00 
1.259525140e+00 1.576238576e+00 1.773105213e+00 
1.201663797e+00 1.546897547e+00 1.747921330e+00 
1.284533153e+00 1.568061568e+00 1.773105213e+00 
1.288739445e+00 1.553872054e+00 1.773105213e+00 
1.201190979e+00 1.547138047e+00 1.747921330e+00 
1.294602161e+00 1.549062049e+00 1.773105213e+00 
1.182612950e+00 1.553391053e+00 1.741205628e+00 
1.190318436e+00 1.549543050e+00 1.733850336e+00 
1.233761810e+00 1.523088023e+00 1.747921330e+00 
1.202467332e+00 1.528619529e+00 1.747921330e+00 
1.197692921e+00 1.543771044e+00 1.719219699e+00 
1.219958192e+00 1.511544012e+00 1.716021746e+00 
1.189561984e+00 1.548100048e+00 1.711144867e+00 
1.228041762e+00 1.512025012e+00 1.719859290e+00 
1.185732925e+00 1.497835498e+00 1.708666453e+00 
1.183369402e+00 1.498075998e+00 1.708666453e+00 
1.209038282e+00 1.474747475e+00 1.708666453e+00 
1.188758449e+00 1.487012987e+00 1.708666453e+00 
1.251676986e+00 1.458874459e+00 1.708666453e+00 
1.300274841e+00 1.448532949e+00 1.694675408e+00 
1.308403793e+00 1.490379990e+00 1.723297090e+00 
1.303298380e+00 1.504569505e+00 1.723297090e+00 
1.302260280e+00 1.517316017e+00 1.723297090e+00 
1.324003665e+00 1.506253006e+00 1.726574992e+00 
1.332609121e+00 1.491582492e+00 1.747921330e+00 
1.299894772e+00 1.482683983e+00 1.719859290e+00 
1.282215863e+00 1.510101010e+00 1.719859290e+00 
1.283727632e+00 1.504569505e+00 1.719859290e+00 
1.079984797e+00 1.051226551e+00 1.079229293e+00 
1.030065207e+00 1.020442520e+00 1.067236968e+00 
1.027228867e+00 1.021645022e+00 1.069315638e+00 
1.022407089e+00 1.058682059e+00 1.079229293e+00 
1.000000000e+00 1.000000000e+00 1.000000000e+00 
1.000000000e+00 1.010101010e+00 1.055244643e+00 
1.019003480e+00 1.058201058e+00 1.069315638e+00 
1.021839821e+00 1.056758057e+00 1.067236968e+00 
1.256972434e+00 1.232563733e+00 1.256156060e+00 
1.239670758e+00 1.236411736e+00 1.282139431e+00 
1.194478496e+00 1.291005291e+00 1.337384074e+00 
1.169518701e+00 1.258537759e+00 1.298129197e+00 
1.274841378e+00 1.274170274e+00 1.305484490e+00 
1.136758971e+00 1.399230399e+00 1.508314679e+00 
1.130188021e+00 1.422318422e+00 1.511672530e+00 
1.135293434e+00 1.432900433e+00 1.528221938e+00 
1.140162579e+00 1.389129389e+00 1.537016310e+00 
1.137893507e+00 1.376142376e+00 1.532938919e+00 
1.214994597e+00 1.328042328e+00 1.547569555e+00 
1.185402207e+00 1.327561328e+00 1.529661017e+00 
1.180769329e+00 1.327320827e+00 1.522305724e+00 
1.137184422e+00 1.440115440e+00 1.543652063e+00 
1.213481976e+00 1.341510342e+00 1.559082187e+00 
1.176231184e+00 1.371332371e+00 1.555004797e+00 
1.189561984e+00 1.392015392e+00 1.557083467e+00 
1.213009159e+00 1.297498797e+00 1.527182603e+00 
1.071050325e+00 1.177489177e+00 1.231052127e+00 
1.068355802e+00 1.058441558e+00 1.131275983e+00 
1.069490338e+00 1.178451178e+00 1.231052127e+00 
1.083388406e+00 1.170755171e+00 1.231052127e+00 
1.030065207e+00 1.111351611e+00 1.163815158e+00 
1.064668559e+00 1.127705628e+00 1.191797250e+00 
1.058428611e+00 1.135401635e+00 1.191797250e+00 
