1.328997810e+00 1.718427518e+00 2.000000000e+00 
1.446410895e+00 1.687714988e+00 1.977787091e+00 
1.376143624e+00 1.678624079e+00 1.975859179e+00 
1.374469808e+00 1.685995086e+00 1.972254820e+00 
1.444410115e+00 1.640540541e+00 1.953646270e+00 
1.325995141e+00 1.630712531e+00 1.948113998e+00 
1.484866665e+00 1.606142506e+00 1.927326069e+00 
1.385067643e+00 1.598280098e+00 1.925901090e+00 
1.498665147e+00 1.584275184e+00 1.907124895e+00 
1.408690044e+00 1.591154791e+00 1.904358759e+00 
1.426103129e+00 1.570761671e+00 1.899580889e+00 
1.321024687e+00 1.562653563e+00 1.893294216e+00 
1.376983532e+00 1.561425061e+00 1.885582565e+00 
1.446860845e+00 1.553071253e+00 1.884911987e+00 
1.451570327e+00 1.528746929e+00 1.866974015e+00 
1.316300207e+00 1.537346437e+00 1.852975692e+00 
1.362930078e+00 1.531203931e+00 1.852305113e+00 
1.333443321e+00 1.525307125e+00 1.844593462e+00 
1.471608123e+00 1.521867322e+00 1.841827326e+00 
1.255157933e+00 1.526781327e+00 1.836295054e+00 
1.379368269e+00 1.516707617e+00 1.832774518e+00 
1.265455800e+00 1.500000000e+00 1.826655490e+00 
1.457809641e+00 1.496068796e+00 1.823218776e+00 
1.353121157e+00 1.484029484e+00 1.815507125e+00 
1.238808831e+00 1.479361179e+00 1.790444258e+00 
1.328823829e+00 1.460687961e+00 1.782900251e+00 
1.324924258e+00 1.455528256e+00 1.769656329e+00 
1.332723400e+00 1.453808354e+00 1.768231350e+00 
1.315325314e+00 1.448157248e+00 1.758507963e+00 
1.184789573e+00 1.450859951e+00 1.744593462e+00 
1.403215646e+00 1.421867322e+00 1.741911148e+00 
1.297876234e+00 1.437837838e+00 1.738306790e+00 
1.222535621e+00 1.443488943e+00 1.733445096e+00 
1.292527822e+00 1.415970516e+00 1.725901090e+00 
1.269505354e+00 1.414496314e+00 1.705699916e+00 
1.189189189e+00 1.411302211e+00 1.700838223e+00 
1.190689024e+00 1.409336609e+00 1.692455993e+00 
1.372918979e+00 1.387960688e+00 1.684911987e+00 
1.260080391e+00 1.401965602e+00 1.681307628e+00 
1.221960584e+00 1.388697789e+00 1.666135792e+00 
1.358820530e+00 1.387714988e+00 1.657753562e+00 
1.249782524e+00 1.370270270e+00 1.651466890e+00 
1.164641989e+00 1.369778870e+00 1.648700754e+00 
1.263356031e+00 1.361179361e+00 1.630427494e+00 
1.330323664e+00 1.347911548e+00 1.618776194e+00 
1.246482887e+00 1.336363636e+00 1.605616094e+00 
1.240558539e+00 1.328992629e+00 1.597820620e+00 
1.185089540e+00 1.340049140e+00 1.582564962e+00 
1.228259891e+00 1.324815725e+00 1.578290025e+00 
1.213036566e+00 1.327272727e+00 1.560854987e+00 
1.172316045e+00 1.316707617e+00 1.556244761e+00 
1.291327954e+00 1.305159705e+00 1.554065381e+00 
1.281729010e+00 1.292628993e+00 1.545683152e+00 
1.279029307e+00 1.293120393e+00 1.540821459e+00 
1.190239074e+00 1.295085995e+00 1.528248114e+00 
1.266730660e+00 1.288943489e+00 1.521290863e+00 
1.260731320e+00 1.261670762e+00 1.501927913e+00 
1.243933167e+00 1.256756757e+00 1.488683990e+00 
1.172691004e+00 1.257002457e+00 1.462112322e+00 
1.241233464e+00 1.253071253e+00 1.448197821e+00 
1.240933497e+00 1.253808354e+00 1.447527242e+00 
1.230434652e+00 1.227764128e+00 1.444928751e+00 
1.225635180e+00 1.223587224e+00 1.435792121e+00 
1.222935477e+00 1.232678133e+00 1.422548198e+00 
1.218735939e+00 1.227764128e+00 1.420452640e+00 
1.210636830e+00 1.219901720e+00 1.411399832e+00 
1.114597294e+00 1.216707617e+00 1.393880972e+00 
1.205237424e+00 1.197542998e+00 1.381642917e+00 
1.187839338e+00 1.187714988e+00 1.378792959e+00 
1.035006149e+00 1.191646192e+00 1.351550712e+00 
1.184239734e+00 1.178378378e+00 1.346605197e+00 
1.034286229e+00 1.191400491e+00 1.336127410e+00 
1.178840328e+00 1.180835381e+00 1.326404023e+00 
1.176740559e+00 1.176658477e+00 1.322212909e+00 
1.171941086e+00 1.172481572e+00 1.313076278e+00 
1.161742208e+00 1.160442260e+00 1.310561609e+00 
1.034481207e+00 1.168550369e+00 1.292875105e+00 
1.153943066e+00 1.144471744e+00 1.289606035e+00 
1.149143594e+00 1.140294840e+00 1.280469405e+00 
1.136844947e+00 1.128992629e+00 1.265129925e+00 
1.131745508e+00 1.132432432e+00 1.251886002e+00 
1.019557849e+00 1.128992629e+00 1.249119866e+00 
1.127845937e+00 1.124324324e+00 1.236797988e+00 
1.125146234e+00 1.122113022e+00 1.231601006e+00 
1.118546960e+00 1.103931204e+00 1.223470243e+00 
1.114347422e+00 1.100000000e+00 1.212238055e+00 
1.099049105e+00 1.093120393e+00 1.208130763e+00 
1.087350391e+00 1.086240786e+00 1.174601844e+00 
1.084050754e+00 1.066093366e+00 1.155238894e+00 
1.072951975e+00 1.062162162e+00 1.114082146e+00 
1.072652008e+00 1.067321867e+00 1.109891031e+00 
1.038695743e+00 1.063882064e+00 1.107124895e+00 
1.050154483e+00 1.029975430e+00 1.081475272e+00 
1.029156793e+00 1.014742015e+00 1.073763621e+00 
1.017758047e+00 1.005896806e+00 1.032606873e+00 
