1.134831612e+00 1.359386013e+00 1.488013641e+00 
1.144068289e+00 1.146761688e+00 1.280484135e+00 
1.192880494e+00 1.098049965e+00 1.199371427e+00 
1.183194437e+00 1.117472003e+00 1.252933899e+00 
1.089772197e+00 1.110971885e+00 1.216222542e+00 
1.155414872e+00 1.083326807e+00 1.173793841e+00 
1.147683047e+00 1.246847835e+00 1.397271724e+00 
1.151055991e+00 1.086224450e+00 1.182353138e+00 
1.082818743e+00 1.065549377e+00 1.140225350e+00 
1.131163925e+00 1.335500039e+00 1.476010565e+00 
1.138186913e+00 1.067663873e+00 1.158514160e+00 
1.125144518e+00 1.317174407e+00 1.442709552e+00 
1.141178974e+00 1.352807581e+00 1.502557759e+00 
1.204400394e+00 1.106273005e+00 1.224180013e+00 
1.130541228e+00 1.341295325e+00 1.454779498e+00 
1.050715272e+00 1.110032109e+00 1.202848641e+00 
1.124176223e+00 1.058814316e+00 1.137918352e+00 
1.038953142e+00 1.107447725e+00 1.186298439e+00 
1.110269317e+00 1.072676012e+00 1.162660069e+00 
1.092504800e+00 1.182316548e+00 1.308703066e+00 
1.138428727e+00 1.355000392e+00 1.487478685e+00 
1.116755747e+00 1.090923330e+00 1.186499047e+00 
1.165741269e+00 1.113086381e+00 1.230900398e+00 
1.032138135e+00 1.092724567e+00 1.158581029e+00 
1.030615951e+00 1.068995223e+00 1.137751179e+00 
1.055783301e+00 1.019813611e+00 1.057407469e+00 
1.013803124e+00 1.042759809e+00 1.072419673e+00 
1.023212807e+00 1.054272065e+00 1.100872647e+00 
1.033054849e+00 1.006735061e+00 1.024908890e+00 
1.000000000e+00 1.011590571e+00 1.000000000e+00 
1.008769654e+00 1.023024512e+00 1.028753887e+00 
1.013336101e+00 1.017620800e+00 1.032699188e+00 
1.025167350e+00 1.009711019e+00 1.021632285e+00 
1.005569716e+00 1.030777665e+00 1.052325387e+00 
1.037206165e+00 1.002584384e+00 1.009930121e+00 
1.025374916e+00 1.010494166e+00 1.023838978e+00 
1.000000000e+00 1.013156864e+00 1.019626199e+00 
1.274453843e+00 1.189834756e+00 1.349493464e+00 
1.250531887e+00 1.469418122e+00 1.631916814e+00 
1.104491723e+00 1.192889028e+00 1.343709251e+00 
1.058101085e+00 1.154828099e+00 1.263833629e+00 
1.150156193e+00 1.287179889e+00 1.432010432e+00 
1.150295262e+00 1.323126322e+00 1.480357083e+00 
1.052808157e+00 1.137833816e+00 1.233341135e+00 
1.067683774e+00 1.185370820e+00 1.292253168e+00 
1.086676042e+00 1.207690500e+00 1.339295864e+00 
1.200387110e+00 1.214033989e+00 1.381791434e+00 
1.039869960e+00 1.135641006e+00 1.204520378e+00 
1.121096985e+00 1.238938053e+00 1.382861346e+00 
1.031947797e+00 1.063983084e+00 1.122137149e+00 
1.039368274e+00 1.108387501e+00 1.192015781e+00 
1.169252244e+00 1.370506696e+00 1.552275235e+00 
1.131267708e+00 1.324535986e+00 1.459092581e+00 
1.157265321e+00 1.278095387e+00 1.432211040e+00 
1.062581080e+00 1.113556269e+00 1.203985422e+00 
1.033556432e+00 1.091079959e+00 1.159316594e+00 
1.057893519e+00 1.165713838e+00 1.259253068e+00 
1.014685278e+00 1.064218028e+00 1.089839179e+00 
1.048103368e+00 1.155846190e+00 1.228660269e+00 
1.059934617e+00 1.016446080e+00 1.045103481e+00 
1.024181412e+00 1.052549142e+00 1.105988164e+00 
1.159669970e+00 1.093977602e+00 1.189575044e+00 
1.009132894e+00 1.023964289e+00 1.047042696e+00 
1.029111100e+00 1.009554390e+00 1.033301013e+00 
1.012453946e+00 1.046205654e+00 1.081681099e+00 
1.036168336e+00 1.003680789e+00 1.012337424e+00 
1.014892844e+00 1.036103062e+00 1.055434819e+00 
1.013128535e+00 1.016759339e+00 1.022702197e+00 
1.009513466e+00 1.025060694e+00 1.052927213e+00 
1.020808469e+00 1.011433942e+00 1.027115584e+00 
1.033262415e+00 1.001722923e+00 1.000000000e+00 
1.008769654e+00 1.020126870e+00 1.021832893e+00 
1.120526179e+00 1.189129924e+00 1.345815641e+00 
1.130524622e+00 1.360012530e+00 1.484603297e+00 
1.161434279e+00 1.202051844e+00 1.371226052e+00 
1.148253853e+00 1.204636228e+00 1.363636364e+00 
1.235898500e+00 1.160075182e+00 1.311043499e+00 
1.244201131e+00 1.472159135e+00 1.632451770e+00 
1.018335011e+00 1.058892631e+00 1.089270788e+00 
1.137996990e+00 1.371916360e+00 1.509879969e+00 
1.082663069e+00 1.028976427e+00 1.070346718e+00 
1.119090862e+00 1.063356567e+00 1.139088569e+00 
1.164859115e+00 1.088260631e+00 1.189274132e+00 
1.325930154e+00 1.190148015e+00 1.350697115e+00 
1.243578434e+00 1.514605686e+00 1.665752783e+00 
1.383685330e+00 1.525569739e+00 1.684977766e+00 
1.228495667e+00 1.492364320e+00 1.647564278e+00 
1.080016605e+00 1.126478189e+00 1.243906516e+00 
1.176690364e+00 1.109248962e+00 1.218128323e+00 
1.063826475e+00 1.113634584e+00 1.227189140e+00 
1.115787453e+00 1.170647662e+00 1.316961450e+00 
1.154895958e+00 1.095622210e+00 1.194489953e+00 
1.053344404e+00 1.108230872e+00 1.186967134e+00 
1.253956723e+00 1.498002976e+00 1.658831790e+00 
1.277878678e+00 1.159526979e+00 1.310174195e+00 
1.228616055e+00 1.492207691e+00 1.636096158e+00 
1.343607493e+00 1.516798496e+00 1.683138855e+00 
1.046650407e+00 1.026626987e+00 1.059380120e+00 
1.294743397e+00 1.501213877e+00 1.672907820e+00 
1.264594468e+00 1.491032970e+00 1.665752783e+00 
1.241779876e+00 1.484141280e+00 1.645357585e+00 
1.257191635e+00 1.480538805e+00 1.658831790e+00 
1.058274091e+00 1.017934059e+00 1.042629309e+00 
1.015048518e+00 1.043151382e+00 1.076966799e+00 
1.427931088e+00 1.553528076e+00 1.698050754e+00 
1.004618338e+00 1.021144960e+00 1.028018322e+00 
1.019563074e+00 1.023337771e+00 1.045504698e+00 
1.008683203e+00 1.024355862e+00 1.045705306e+00 
1.003027035e+00 1.033440363e+00 1.028018322e+00 
1.028073271e+00 1.008692928e+00 1.028854191e+00 
1.226402366e+00 1.134231342e+00 1.264769802e+00 
1.135851798e+00 1.244733339e+00 1.395299074e+00 
1.187224327e+00 1.195864986e+00 1.350095289e+00 
1.294968606e+00 1.295872817e+00 1.495837373e+00 
1.054693581e+00 1.063748140e+00 1.136112876e+00 
1.177278813e+00 1.243558619e+00 1.407502758e+00 
1.045180115e+00 1.124285379e+00 1.205122204e+00 
1.032484043e+00 1.066332524e+00 1.122939583e+00 
1.156590732e+00 1.240112773e+00 1.395900899e+00 
1.100496082e+00 1.143864046e+00 1.274566184e+00 
1.033262415e+00 1.005168768e+00 1.026079107e+00 
1.012402055e+00 1.002506069e+00 1.000000000e+00 
1.009392351e+00 1.018090688e+00 1.023270587e+00 
1.057703285e+00 1.096013783e+00 1.179878966e+00 
1.038209434e+00 1.044326102e+00 1.095155304e+00 
1.051943335e+00 1.074085676e+00 1.153799860e+00 
1.061768149e+00 1.071031404e+00 1.148015647e+00 
1.065884801e+00 1.108622445e+00 1.205189074e+00 
1.013855015e+00 1.035711489e+00 1.053428734e+00 
1.026360853e+00 1.040958572e+00 1.081982012e+00 
1.025790047e+00 1.009711019e+00 1.023003109e+00 
1.060868663e+00 1.016446080e+00 1.052860343e+00 
1.057703285e+00 1.085832876e+00 1.172122104e+00 
1.040752115e+00 1.078549612e+00 1.148517169e+00 
1.014944736e+00 1.043699585e+00 1.084757097e+00 
1.035044056e+00 1.086772653e+00 1.152930556e+00 
1.023109024e+00 1.055055212e+00 1.109064161e+00 
1.027675471e+00 1.073380844e+00 1.128957839e+00 
1.045595247e+00 1.101339181e+00 1.184793875e+00 
1.060695657e+00 1.133761454e+00 1.240362433e+00 
1.018300348e+00 1.062573420e+00 1.105620382e+00 
1.037361839e+00 1.109248962e+00 1.180046140e+00 
1.020549011e+00 1.058031169e+00 1.103313384e+00 
1.003666961e+00 1.034850027e+00 1.030592798e+00 
1.046079601e+00 1.123423917e+00 1.201945903e+00 
1.025807379e+00 1.075730284e+00 1.126884884e+00 
1.059104354e+00 1.134622915e+00 1.228025009e+00 
1.030373826e+00 1.096796930e+00 1.164432111e+00 
1.038814799e+00 1.108465816e+00 1.188872915e+00 
1.032138135e+00 1.121074477e+00 1.187234612e+00 
1.011969592e+00 1.073302530e+00 1.082717577e+00 
1.164132635e+00 1.093586029e+00 1.192751346e+00 
1.034940273e+00 1.088887149e+00 1.165033936e+00 
1.010101500e+00 1.023572715e+00 1.048480391e+00 
1.046148825e+00 1.096640301e+00 1.179076532e+00 
1.019787972e+00 1.061085441e+00 1.102878732e+00 
1.019891754e+00 1.112616493e+00 1.127486710e+00 
1.030650511e+00 1.066332524e+00 1.118392457e+00 
1.039351046e+00 1.104863341e+00 1.172857668e+00 
1.036791033e+00 1.004777195e+00 1.028553278e+00 
1.048933631e+00 1.022163051e+00 1.053194691e+00 
1.004843236e+00 1.031560811e+00 1.046741783e+00 
1.016570702e+00 1.037591041e+00 1.071048848e+00 
1.004704790e+00 1.033831937e+00 1.051456083e+00 
1.036168336e+00 1.000469888e+00 1.000000000e+00 
1.056198433e+00 1.019422038e+00 1.054933298e+00 
1.056475222e+00 1.131098755e+00 1.220335016e+00 
1.149274039e+00 1.244498395e+00 1.402654719e+00 
1.038555342e+00 1.080664108e+00 1.147982213e+00 
1.192205905e+00 1.380844232e+00 1.583168946e+00 
1.147769187e+00 1.301276529e+00 1.470493831e+00 
1.161624202e+00 1.269402459e+00 1.431241432e+00 
1.064449172e+00 1.149111129e+00 1.254471898e+00 
1.202791760e+00 1.341686898e+00 1.530977298e+00 
1.166571532e+00 1.308403164e+00 1.490153466e+00 
1.151938145e+00 1.290234161e+00 1.464074359e+00 
1.188296404e+00 1.323596210e+00 1.507974188e+00 
1.162005085e+00 1.328138460e+00 1.501788759e+00 
1.084980852e+00 1.099772887e+00 1.200708817e+00 
1.108349333e+00 1.252094917e+00 1.386672908e+00 
1.169598879e+00 1.396115592e+00 1.558761577e+00 
1.097054642e+00 1.214660506e+00 1.346751814e+00 
1.102831197e+00 1.131412013e+00 1.251997726e+00 
1.114783872e+00 1.172135641e+00 1.308669631e+00 
1.048847180e+00 1.057404652e+00 1.123976061e+00 
1.162921488e+00 1.275432689e+00 1.447490722e+00 
1.110459239e+00 1.227660741e+00 1.365642449e+00 
1.094234861e+00 1.228835461e+00 1.376976830e+00 
1.173075606e+00 1.323909468e+00 1.518907352e+00 
1.145261792e+00 1.285613595e+00 1.431241432e+00 
1.131579057e+00 1.240582661e+00 1.387575646e+00 
1.083597115e+00 1.185135876e+00 1.310408238e+00 
1.105616730e+00 1.202756676e+00 1.344177338e+00 
1.183903274e+00 1.305818780e+00 1.495904243e+00 
1.160085102e+00 1.311222492e+00 1.480791735e+00 
1.020860360e+00 1.020048555e+00 1.047243305e+00 
1.088699808e+00 1.291252252e+00 1.374937310e+00 
1.026879768e+00 1.074555564e+00 1.130596142e+00 
1.133758497e+00 1.235570522e+00 1.388946471e+00 
1.161209071e+00 1.274884486e+00 1.435955732e+00 
1.089287842e+00 1.185840708e+00 1.321675750e+00 
1.099130299e+00 1.188033519e+00 1.328797352e+00 
1.120250117e+00 1.241444122e+00 1.394396336e+00 
1.044090395e+00 1.080899052e+00 1.153967033e+00 
1.078321519e+00 1.179183961e+00 1.307332241e+00 
1.048933631e+00 1.118411779e+00 1.205991508e+00 
1.126251881e+00 1.258516720e+00 1.415727707e+00 
1.131233460e+00 1.248022555e+00 1.396502725e+00 
1.073599398e+00 1.165009006e+00 1.279313919e+00 
1.131441025e+00 1.247317723e+00 1.396502725e+00 
1.169858336e+00 1.284987078e+00 1.463071316e+00 
1.089184059e+00 1.213015898e+00 1.343675817e+00 
1.019787972e+00 1.060302295e+00 1.102042863e+00 
1.116963313e+00 1.246299632e+00 1.394396336e+00 
1.093560272e+00 1.294228209e+00 1.395332509e+00 
1.039178040e+00 1.064296343e+00 1.130696446e+00 
1.089512739e+00 1.202286788e+00 1.323280618e+00 
1.070658814e+00 1.088338946e+00 1.179778662e+00 
1.031913238e+00 1.090923330e+00 1.147781604e+00 
1.100773183e+00 1.216461743e+00 1.351298940e+00 
1.094771418e+00 1.290860678e+00 1.395332509e+00 
1.085101967e+00 1.193515545e+00 1.321675750e+00 
1.173576877e+00 1.085754562e+00 1.177438229e+00 
1.053292512e+00 1.137285614e+00 1.221973319e+00 
1.048207151e+00 1.117158744e+00 1.195426126e+00 
1.036410461e+00 1.113556269e+00 1.173292320e+00 
1.067337761e+00 1.168768110e+00 1.278244007e+00 
1.074291215e+00 1.176599577e+00 1.291684777e+00 
1.012402055e+00 1.004463936e+00 1.019826808e+00 
1.037206165e+00 1.000000000e+00 1.000000000e+00 
1.165014789e+00 1.239251312e+00 1.399277809e+00 
1.112067874e+00 1.239251312e+00 1.382526999e+00 
1.103713352e+00 1.221160623e+00 1.363569494e+00 
1.057097919e+00 1.109248962e+00 1.199037079e+00 
1.044764984e+00 1.064061399e+00 1.136213180e+00 
1.060453531e+00 1.101104237e+00 1.193754388e+00 
1.035839655e+00 1.045265878e+00 1.107659902e+00 
1.033158632e+00 1.043934529e+00 1.086796616e+00 
1.036791033e+00 1.136894040e+00 1.207027985e+00 
1.165188106e+00 1.285456966e+00 1.447758200e+00 
1.005500493e+00 1.029211371e+00 1.042896787e+00 
1.032501375e+00 1.117315373e+00 1.177438229e+00 
1.019511183e+00 1.023494401e+00 1.051656692e+00 
1.028903534e+00 1.007439893e+00 1.021264502e+00 
1.034784599e+00 1.167593390e+00 1.207328898e+00 
1.011883140e+00 1.042603180e+00 1.068006286e+00 
1.087713871e+00 1.206985668e+00 1.333946304e+00 
1.079134451e+00 1.250137051e+00 1.337590692e+00 
1.104387940e+00 1.209961626e+00 1.345414424e+00 
1.044055835e+00 1.025843841e+00 1.056538166e+00 
1.053084946e+00 1.160545070e+00 1.243572169e+00 
1.025565150e+00 1.031169238e+00 1.056839079e+00 
1.057651393e+00 1.070326572e+00 1.140626567e+00 
1.031878678e+00 1.118803352e+00 1.173192016e+00 
1.042118520e+00 1.182394863e+00 1.235079742e+00 
1.017902548e+00 1.013078550e+00 1.025410412e+00 
1.301610710e+00 1.290390790e+00 1.501755324e+00 
1.288031758e+00 1.317722609e+00 1.521481828e+00 
1.268278761e+00 1.332210823e+00 1.545621719e+00 
1.310120907e+00 1.443339337e+00 1.682403290e+00 
1.295020497e+00 1.298065628e+00 1.498579023e+00 
1.253714908e+00 1.336753074e+00 1.546390719e+00 
1.241295210e+00 1.341138695e+00 1.565214484e+00 
1.051424420e+00 1.146370115e+00 1.233341135e+00 
1.274453843e+00 1.324066098e+00 1.541174897e+00 
1.040700223e+00 1.078158039e+00 1.145742084e+00 
1.306280940e+00 1.309969457e+00 1.527433214e+00 
1.288654455e+00 1.370193437e+00 1.595640108e+00 
1.397574594e+00 1.346072519e+00 1.573606607e+00 
1.413453376e+00 1.291957084e+00 1.502022803e+00 
1.368325463e+00 1.395254131e+00 1.613828613e+00 
1.307318769e+00 1.334951836e+00 1.554849711e+00 
1.363343885e+00 1.369723549e+00 1.579658297e+00 
1.236295989e+00 1.364084893e+00 1.576883212e+00 
1.346704374e+00 1.409742345e+00 1.636530810e+00 
1.303201702e+00 1.429164382e+00 1.655287706e+00 
1.290090810e+00 1.466442165e+00 1.660035441e+00 
1.354608479e+00 1.403320542e+00 1.616904611e+00 
1.247903067e+00 1.417887070e+00 1.628673643e+00 
1.246899486e+00 1.325554076e+00 1.527433214e+00 
1.293947382e+00 1.381392435e+00 1.597846802e+00 
1.422396347e+00 1.370036808e+00 1.583737337e+00 
1.279591095e+00 1.461743285e+00 1.650907754e+00 
1.319270406e+00 1.415929204e+00 1.635661507e+00 
1.271340356e+00 1.299005404e+00 1.494165636e+00 
1.288170827e+00 1.473490485e+00 1.669965562e+00 
1.282081885e+00 1.395097502e+00 1.610953225e+00 
1.103177832e+00 1.153496750e+00 1.281620917e+00 
1.051458980e+00 1.088652205e+00 1.170650975e+00 
1.272689533e+00 1.380844232e+00 1.593433415e+00 
1.291422344e+00 1.408880883e+00 1.624527734e+00 
1.292027399e+00 1.449917770e+00 1.658698051e+00 
1.070831820e+00 1.190226329e+00 1.308636196e+00 
1.282271807e+00 1.419375049e+00 1.646427497e+00 
1.095428364e+00 1.185135876e+00 1.312213715e+00 
1.134069846e+00 1.280209883e+00 1.430071216e+00 
1.247556432e+00 1.390946824e+00 1.599485105e+00 
1.268728141e+00 1.406923017e+00 1.614597613e+00 
1.300122464e+00 1.360952306e+00 1.573807215e+00 
1.053984433e+00 1.140104942e+00 1.238055435e+00 
1.246034975e+00 1.324457671e+00 1.522919523e+00 
1.048691505e+00 1.175268228e+00 1.236316828e+00 
1.059692491e+00 1.158743833e+00 1.265171019e+00 
1.052220124e+00 1.112929752e+00 1.203383597e+00 
1.046200716e+00 1.130315608e+00 1.214684543e+00 
1.045405013e+00 1.129532461e+00 1.206894246e+00 
1.024354419e+00 1.034615083e+00 1.077033669e+00 
1.031048415e+00 1.073850732e+00 1.139389481e+00 
1.004531887e+00 1.031717441e+00 1.033969708e+00 
1.272360542e+00 1.397838515e+00 1.612758701e+00 
1.342086036e+00 1.364868040e+00 1.577618777e+00 
1.382353796e+00 1.307228444e+00 1.533150557e+00 
1.051389860e+00 1.057013079e+00 1.127821057e+00 
1.196028229e+00 1.258516720e+00 1.437828079e+00 
1.200179544e+00 1.244733339e+00 1.428700391e+00 
1.300884230e+00 1.305975409e+00 1.512521315e+00 
1.214830574e+00 1.318427441e+00 1.510582099e+00 
1.073599398e+00 1.100399405e+00 1.205122204e+00 
1.404874682e+00 1.320463623e+00 1.545487980e+00 
1.303790151e+00 1.380922547e+00 1.607409141e+00 
1.202981682e+00 1.277312241e+00 1.467350965e+00 
1.187310467e+00 1.268854256e+00 1.448393460e+00 
1.186376421e+00 1.244655024e+00 1.421980006e+00 
1.396883400e+00 1.399639753e+00 1.618609783e+00 
1.267275180e+00 1.288197979e+00 1.483265907e+00 
1.356096726e+00 1.295951132e+00 1.506603364e+00 
1.219033781e+00 1.290234161e+00 1.478484737e+00 
1.268953350e+00 1.404573577e+00 1.613895483e+00 
1.251120336e+00 1.469418122e+00 1.634859073e+00 
1.066836179e+00 1.075338711e+00 1.154736033e+00 
1.032657049e+00 1.053645548e+00 1.112976027e+00 
1.024510093e+00 1.035006657e+00 1.081146143e+00 
1.173870583e+00 1.459315530e+00 1.594871109e+00 
1.168110633e+00 1.244420080e+00 1.403122806e+00 
1.156003321e+00 1.284438875e+00 1.444347855e+00 
1.168509159e+00 1.443652596e+00 1.574141563e+00 
1.137927456e+00 1.288589553e+00 1.448928416e+00 
1.168802864e+00 1.287963035e+00 1.475977131e+00 
1.200456645e+00 1.094447490e+00 1.207964158e+00 
1.153494889e+00 1.314903281e+00 1.485706643e+00 
1.160326916e+00 1.276529094e+00 1.447223244e+00 
1.191756525e+00 1.511864672e+00 1.634558160e+00 
1.220694308e+00 1.110893570e+00 1.228158748e+00 
1.126563230e+00 1.189129924e+00 1.348156073e+00 
1.014910176e+00 1.042446550e+00 1.075796583e+00 
1.165412278e+00 1.276059206e+00 1.454812933e+00 
1.224827980e+00 1.161328217e+00 1.318064797e+00 
1.146437652e+00 1.299945180e+00 1.463004447e+00 
1.157231073e+00 1.458767327e+00 1.561269183e+00 
1.169010430e+00 1.087477485e+00 1.184961049e+00 
1.157698096e+00 1.065862636e+00 1.160921462e+00 
1.168249702e+00 1.318584071e+00 1.495603330e+00 
1.144327746e+00 1.249588848e+00 1.402086329e+00 
1.127912407e+00 1.056464876e+00 1.132067271e+00 
1.022538218e+00 1.039783852e+00 1.076599017e+00 
1.014477713e+00 1.037982614e+00 1.054565515e+00 
1.160638265e+00 1.304565745e+00 1.472901133e+00 
1.177935758e+00 1.082308716e+00 1.181116052e+00 
1.195526958e+00 1.478189365e+00 1.619646260e+00 
1.190511131e+00 1.502231968e+00 1.622153867e+00 
1.188331690e+00 1.479364085e+00 1.613226788e+00 
1.050040683e+00 1.163834286e+00 1.246781905e+00 
1.195215609e+00 1.505756128e+00 1.647062757e+00 
1.228339993e+00 1.506382645e+00 1.650172189e+00 
1.031844014e+00 1.088104002e+00 1.146042997e+00 
1.165862695e+00 1.154279897e+00 1.297435555e+00 
1.254545172e+00 1.244889968e+00 1.439366077e+00 
1.139258990e+00 1.238859738e+00 1.391220034e+00 
1.184007057e+00 1.116218968e+00 1.238924738e+00 
1.259976130e+00 1.300650012e+00 1.511317664e+00 
1.250877484e+00 1.288746182e+00 1.482463473e+00 
1.155069275e+00 1.124990211e+00 1.263031195e+00 
1.255894349e+00 1.191949252e+00 1.351232071e+00 
1.086883607e+00 1.158273945e+00 1.285098131e+00 
1.175099372e+00 1.163521027e+00 1.321241098e+00 
1.258730735e+00 1.235413893e+00 1.418636531e+00 
1.162437860e+00 1.186388911e+00 1.348289812e+00 
1.194351098e+00 1.262745712e+00 1.444949681e+00 
1.071938872e+00 1.174171822e+00 1.283526698e+00 
1.257433449e+00 1.252799749e+00 1.454077368e+00 
1.315240517e+00 1.252408176e+00 1.442642683e+00 
1.282548908e+00 1.232046362e+00 1.420642616e+00 
1.158546002e+00 1.193202287e+00 1.348289812e+00 
1.140003113e+00 1.089826925e+00 1.188806045e+00 
1.150399045e+00 1.216853317e+00 1.395232204e+00 
1.106740698e+00 1.042054977e+00 1.100906082e+00 
1.235898500e+00 1.223901637e+00 1.401217025e+00 
1.194125889e+00 1.300650012e+00 1.503727975e+00 
1.195215609e+00 1.300336753e+00 1.497007590e+00 
1.245238960e+00 1.224449839e+00 1.403223110e+00 
1.206994967e+00 1.249353904e+00 1.438630513e+00 
1.166174044e+00 1.181455087e+00 1.343073991e+00 
1.211024856e+00 1.321481714e+00 1.522250828e+00 
1.267794095e+00 1.300571697e+00 1.502390585e+00 
1.207721447e+00 1.249118960e+00 1.433414691e+00 
1.151990037e+00 1.099694573e+00 1.217459628e+00 
1.145054227e+00 1.249902107e+00 1.429703434e+00 
1.175427326e+00 1.198919258e+00 1.368484403e+00 
1.163060557e+00 1.142297752e+00 1.296332208e+00 
1.176050023e+00 1.303704284e+00 1.493162593e+00 
1.181291059e+00 1.274962801e+00 1.456250627e+00 
1.171293654e+00 1.217479834e+00 1.401183590e+00 
1.216421566e+00 1.341060381e+00 1.554080711e+00 
1.203016969e+00 1.264390320e+00 1.466281053e+00 
1.158476467e+00 1.275902577e+00 1.442642683e+00 
1.150762285e+00 1.145273710e+00 1.296332208e+00 
1.151055991e+00 1.103062104e+00 1.216021933e+00 
1.133067303e+00 1.098598167e+00 1.212912501e+00 
1.202186705e+00 1.230245125e+00 1.413220101e+00 
1.139605625e+00 1.117550317e+00 1.246213514e+00 
1.184145088e+00 1.239486256e+00 1.415928316e+00 
1.259906595e+00 1.253191323e+00 1.465144271e+00 
1.190407348e+00 1.230715013e+00 1.410712495e+00 
1.257173992e+00 1.264312006e+00 1.471496874e+00 
1.220261533e+00 1.259926384e+00 1.469858571e+00 
1.087886773e+00 1.153653379e+00 1.284897522e+00 
1.267690312e+00 1.273709766e+00 1.491691464e+00 
1.160414094e+00 1.210353199e+00 1.379785349e+00 
1.046235276e+00 1.027018561e+00 1.061854291e+00 
1.135021535e+00 1.110110424e+00 1.221906450e+00 
1.134883504e+00 1.123893805e+00 1.245946036e+00 
1.132426963e+00 1.215913541e+00 1.371025444e+00 
1.069793991e+00 1.071422978e+00 1.152562774e+00 
1.234704997e+00 1.244263451e+00 1.421879702e+00 
1.158546002e+00 1.165792153e+00 1.322879401e+00 
1.023126252e+00 1.075025452e+00 1.123808887e+00 
1.259560998e+00 1.285613595e+00 1.480557692e+00 
1.094494318e+00 1.093664343e+00 1.187736133e+00 
1.122878937e+00 1.097266818e+00 1.193353171e+00 
1.045301230e+00 1.044169473e+00 1.092179611e+00 
1.166260184e+00 1.154436526e+00 1.298572336e+00 
1.267310467e+00 1.238233221e+00 1.419372095e+00 
1.157871413e+00 1.213407471e+00 1.379785349e+00 
1.092003529e+00 1.171039236e+00 1.307934067e+00 
1.144068289e+00 1.197352964e+00 1.357584674e+00 
1.127842873e+00 1.204479599e+00 1.361028453e+00 
1.121547403e+00 1.192105881e+00 1.348122639e+00 
1.007956723e+00 1.027566763e+00 1.046173393e+00 
1.008268071e+00 1.025608897e+00 1.045304089e+00 
1.069517202e+00 1.153340121e+00 1.266240931e+00 
1.095549790e+00 1.080507479e+00 1.167274065e+00 
1.131077785e+00 1.219046127e+00 1.371393226e+00 
1.092003529e+00 1.051922625e+00 1.119662978e+00 
1.019822531e+00 1.021928107e+00 1.048680999e+00 
1.116322972e+00 1.170412718e+00 1.309204587e+00 
1.069845882e+00 1.139400110e+00 1.247617774e+00 
1.010845312e+00 1.041898348e+00 1.059848206e+00 
1.078096622e+00 1.170177774e+00 1.302484202e+00 
1.049798454e+00 1.139791683e+00 1.223043231e+00 
1.031878678e+00 1.119351555e+00 1.178106924e+00 
1.033642987e+00 1.114261101e+00 1.178106924e+00 
1.049348762e+00 1.021771478e+00 1.060416597e+00 
1.061145452e+00 1.151852142e+00 1.251395901e+00 
1.157888018e+00 1.283499099e+00 1.434785516e+00 
1.082524726e+00 1.195708356e+00 1.308736501e+00 
1.069690208e+00 1.098598167e+00 1.189006654e+00 
1.044989881e+00 1.026940246e+00 1.057908991e+00 
1.099060765e+00 1.045109249e+00 1.110602160e+00 
1.058862228e+00 1.100477719e+00 1.189274132e+00 
1.032691609e+00 1.019500352e+00 1.042027483e+00 
1.035511079e+00 1.112616493e+00 1.170383497e+00 
1.069586425e+00 1.099694573e+00 1.185362266e+00 
1.055541176e+00 1.134309656e+00 1.218295496e+00 
1.054710913e+00 1.156864281e+00 1.238189174e+00 
1.050801723e+00 1.137990446e+00 1.226453576e+00 
1.019320949e+00 1.057169708e+00 1.098699388e+00 
1.034663484e+00 1.018638891e+00 1.046273697e+00 
1.056924913e+00 1.018169003e+00 1.047343609e+00 
1.008095065e+00 1.052392513e+00 1.065799592e+00 
1.011416117e+00 1.019422038e+00 1.024307065e+00 
1.053500078e+00 1.019813611e+00 1.055668862e+00 
1.021223600e+00 1.013705067e+00 1.027416497e+00 
1.175756318e+00 1.357428146e+00 1.540171855e+00 
1.069499974e+00 1.221238938e+00 1.333077000e+00 
1.196339578e+00 1.407157961e+00 1.620883346e+00 
1.168872399e+00 1.342548359e+00 1.520010699e+00 
1.143134243e+00 1.394470984e+00 1.532515296e+00 
1.194402989e+00 1.384759966e+00 1.591527634e+00 
1.177399201e+00 1.322734748e+00 1.500752282e+00 
1.133482435e+00 1.355235336e+00 1.480858604e+00 
1.131786622e+00 1.372229619e+00 1.510481795e+00 
1.052721706e+00 1.188033519e+00 1.257079809e+00 
1.062252400e+00 1.117237059e+00 1.228058444e+00 
1.129469151e+00 1.258203462e+00 1.429001304e+00 
1.140919516e+00 1.218028037e+00 1.380721522e+00 
1.120198225e+00 1.202130159e+00 1.359356715e+00 
1.253593482e+00 1.429242697e+00 1.632351466e+00 
1.067822116e+00 1.077688151e+00 1.162960982e+00 
1.264836282e+00 1.384681651e+00 1.593934936e+00 
1.055402729e+00 1.154828099e+00 1.258550938e+00 
1.250739453e+00 1.409898974e+00 1.629342338e+00 
1.185044886e+00 1.180906884e+00 1.334447825e+00 
1.172089668e+00 1.339963975e+00 1.526965128e+00 
1.295037102e+00 1.241992325e+00 1.421645658e+00 
1.215228063e+00 1.318897329e+00 1.517636832e+00 
1.084531161e+00 1.107526040e+00 1.208432244e+00 
1.106307924e+00 1.181063513e+00 1.308469023e+00 
1.107830419e+00 1.182943065e+00 1.322979705e+00 
1.062148617e+00 1.117315373e+00 1.232003745e+00 
1.047895802e+00 1.087007597e+00 1.166872848e+00 
1.115596492e+00 1.155846190e+00 1.303186332e+00 
1.076297753e+00 1.145665283e+00 1.273462837e+00 
1.170497639e+00 1.370115123e+00 1.574776823e+00 
1.142943283e+00 1.255540763e+00 1.413688188e+00 
1.079307457e+00 1.165948782e+00 1.295295730e+00 
1.147665404e+00 1.388127496e+00 1.549065499e+00 
1.037725079e+00 1.081368940e+00 1.160854592e+00 
1.212980126e+00 1.429086068e+00 1.622989736e+00 
1.062511857e+00 1.173936878e+00 1.281955264e+00 
1.119869234e+00 1.113243010e+00 1.227222575e+00 
1.135211458e+00 1.296186076e+00 1.455013541e+00 
1.174303357e+00 1.390398622e+00 1.580661339e+00 
1.075138810e+00 1.094525805e+00 1.192383563e+00 
1.209900887e+00 1.446080351e+00 1.629342338e+00 
1.189489907e+00 1.391416712e+00 1.608278445e+00 
1.219258990e+00 1.315373169e+00 1.507706710e+00 
1.135937938e+00 1.325162503e+00 1.474840349e+00 
1.185182917e+00 1.270890438e+00 1.432411649e+00 
1.064258938e+00 1.140418200e+00 1.252398943e+00 
1.175722069e+00 1.333307228e+00 1.521949915e+00 
1.151471122e+00 1.319915420e+00 1.479420910e+00 
1.186635878e+00 1.263450544e+00 1.441004380e+00 
1.172642831e+00 1.366434333e+00 1.561971313e+00 
1.224811375e+00 1.339102514e+00 1.541108028e+00 
1.079393908e+00 1.248884016e+00 1.357985891e+00 
1.076799336e+00 1.203853082e+00 1.333611956e+00 
1.081192777e+00 1.221708826e+00 1.361028453e+00 
1.130299414e+00 1.129767405e+00 1.258283460e+00 
1.174510923e+00 1.334247004e+00 1.525326825e+00 
1.063549686e+00 1.203304879e+00 1.301247116e+00 
1.070174563e+00 1.157099225e+00 1.278745528e+00 
1.110424991e+00 1.258986608e+00 1.421010398e+00 
1.169321779e+00 1.399091550e+00 1.568992611e+00 
1.056129210e+00 1.101417495e+00 1.198702732e+00 
1.076799336e+00 1.201895215e+00 1.313785148e+00 
1.180703648e+00 1.353120840e+00 1.572269217e+00 
1.113572726e+00 1.258908294e+00 1.416663880e+00 
1.167263764e+00 1.291330566e+00 1.482028821e+00 
1.078044730e+00 1.089278722e+00 1.184593266e+00 
1.049746562e+00 1.131803587e+00 1.217459628e+00 
1.105633335e+00 1.191949252e+00 1.342472166e+00 
1.169287530e+00 1.266974704e+00 1.430405564e+00 
1.146870427e+00 1.386952776e+00 1.541576114e+00 
1.264196980e+00 1.427284830e+00 1.647998930e+00 
1.150537076e+00 1.354843762e+00 1.518071483e+00 
1.212322142e+00 1.327590258e+00 1.536560901e+00 
1.075450158e+00 1.239721200e+00 1.337323214e+00 
1.144725235e+00 1.337144647e+00 1.508275101e+00 
1.207565772e+00 1.311379121e+00 1.506670233e+00 
1.202670334e+00 1.256323909e+00 1.441004380e+00 
1.107363396e+00 1.127496280e+00 1.245745428e+00 
1.205109231e+00 1.346933981e+00 1.546491023e+00 
1.110113642e+00 1.125146840e+00 1.249590424e+00 
1.114161175e+00 1.250685253e+00 1.397104550e+00 
1.140608168e+00 1.344976114e+00 1.501253803e+00 
1.145485963e+00 1.271986843e+00 1.431776388e+00 
1.094061543e+00 1.277312241e+00 1.382025477e+00 
1.220452493e+00 1.438640457e+00 1.628840817e+00 
1.114438275e+00 1.304409116e+00 1.428934434e+00 
1.099043122e+00 1.271751899e+00 1.413855361e+00 
1.070520471e+00 1.071422978e+00 1.159684376e+00 
1.198606196e+00 1.277782129e+00 1.463472533e+00 
1.085551658e+00 1.218654554e+00 1.350362767e+00 
1.104854963e+00 1.155611246e+00 1.296532816e+00 
1.144551917e+00 1.364163208e+00 1.530107994e+00 
1.144655700e+00 1.211371290e+00 1.365374971e+00 
1.141023299e+00 1.324301042e+00 1.485606339e+00 
1.161711380e+00 1.364163208e+00 1.551372497e+00 
1.104924498e+00 1.143942360e+00 1.277709051e+00 
1.126840330e+00 1.220925679e+00 1.367548230e+00 
1.063618909e+00 1.125303469e+00 1.236718045e+00 
1.165343781e+00 1.376693555e+00 1.556187101e+00 
1.147216024e+00 1.310830919e+00 1.478116955e+00 
1.133119195e+00 1.293131804e+00 1.433548430e+00 
1.062961652e+00 1.127104707e+00 1.239727172e+00 
1.105218204e+00 1.227895685e+00 1.378949480e+00 
1.164305952e+00 1.350379826e+00 1.538767595e+00 
1.074256655e+00 1.188973295e+00 1.296499381e+00 
1.155864252e+00 1.347247239e+00 1.530107994e+00 
1.125179804e+00 1.224606469e+00 1.384265606e+00 
1.190164496e+00 1.257890203e+00 1.434852386e+00 
1.125559649e+00 1.345837575e+00 1.442977030e+00 
1.072942037e+00 1.177147780e+00 1.287104216e+00 
1.099043122e+00 1.114887618e+00 1.234511351e+00 
1.116721499e+00 1.286553371e+00 1.430606172e+00 
1.128725027e+00 1.302216305e+00 1.445083420e+00 
1.185304343e+00 1.424778761e+00 1.598883279e+00 
1.086848944e+00 1.212076122e+00 1.341201645e+00 
1.109335271e+00 1.099068055e+00 1.202848641e+00 
1.087800322e+00 1.098049965e+00 1.193052259e+00 
1.067631882e+00 1.117628632e+00 1.241532649e+00 
1.113279020e+00 1.121700995e+00 1.245745428e+00 
1.074446889e+00 1.133291566e+00 1.262797151e+00 
1.073132375e+00 1.132743363e+00 1.255240897e+00 
1.174130040e+00 1.246769520e+00 1.407703367e+00 
1.124539463e+00 1.135484376e+00 1.267009930e+00 
1.112690571e+00 1.226486021e+00 1.380387174e+00 
1.155588190e+00 1.313023729e+00 1.483633689e+00 
1.246017332e+00 1.417573812e+00 1.624628038e+00 
1.192119765e+00 1.386326259e+00 1.596409108e+00 
1.100842717e+00 1.260944475e+00 1.394028553e+00 
1.161779876e+00 1.330174642e+00 1.509712795e+00 
1.107293861e+00 1.254835931e+00 1.403824936e+00 
1.105892792e+00 1.278878534e+00 1.422782440e+00 
1.171501219e+00 1.366356018e+00 1.556187101e+00 
1.065487001e+00 1.109483906e+00 1.209502157e+00 
1.161140574e+00 1.322499804e+00 1.500417934e+00 
1.179077370e+00 1.354295560e+00 1.560934836e+00 
1.186307924e+00 1.394392670e+00 1.591995720e+00 
1.196339578e+00 1.404573577e+00 1.610953225e+00 
1.178420424e+00 1.383115358e+00 1.589855896e+00 
1.173231280e+00 1.366669277e+00 1.577250995e+00 
1.175894349e+00 1.390555251e+00 1.589320940e+00 
1.262604950e+00 1.472707338e+00 1.643853021e+00 
1.090031654e+00 1.094369175e+00 1.188605436e+00 
1.257052566e+00 1.475996554e+00 1.638235982e+00 
1.066905402e+00 1.118176835e+00 1.232070614e+00 
1.065244876e+00 1.121857624e+00 1.232070614e+00 
1.099008873e+00 1.109562221e+00 1.212444415e+00 
1.061612475e+00 1.097110189e+00 1.184961049e+00 
1.063376784e+00 1.093742658e+00 1.184091745e+00 
1.051701209e+00 1.100164461e+00 1.183590224e+00 
1.116997561e+00 1.169394628e+00 1.312648367e+00 
1.079186342e+00 1.084736471e+00 1.175766492e+00 
1.199315033e+00 1.209178479e+00 1.372830920e+00 
1.095238441e+00 1.112694808e+00 1.216356281e+00 
1.130281771e+00 1.344584541e+00 1.461867665e+00 
1.103229723e+00 1.131568643e+00 1.255775853e+00 
1.110355456e+00 1.179497220e+00 1.331572436e+00 
1.254838877e+00 1.204401284e+00 1.374669832e+00 
1.101326345e+00 1.163129454e+00 1.306095155e+00 
1.064328058e+00 1.113947842e+00 1.228158748e+00 
1.044055835e+00 1.093194455e+00 1.176134274e+00 
1.114870012e+00 1.174250137e+00 1.319569360e+00 
1.102883089e+00 1.161328217e+00 1.308101240e+00 
1.042499092e+00 1.070874775e+00 1.145909258e+00 
1.199177002e+00 1.204009711e+00 1.372463138e+00 
1.123483991e+00 1.185135876e+00 1.345915945e+00 
1.111652742e+00 1.177461038e+00 1.331572436e+00 
1.014771730e+00 1.039940481e+00 1.068307199e+00 
1.188815318e+00 1.235883781e+00 1.417767227e+00 
1.119436459e+00 1.169707886e+00 1.331572436e+00 
1.108487364e+00 1.175581486e+00 1.320438664e+00 
1.178402781e+00 1.124755267e+00 1.247484035e+00 
1.051908775e+00 1.080820738e+00 1.171988365e+00 
1.040890457e+00 1.086537709e+00 1.161222375e+00 
1.100807431e+00 1.136580782e+00 1.275402053e+00 
1.102070469e+00 1.183804527e+00 1.311578455e+00 
1.064846972e+00 1.109875480e+00 1.212243806e+00 
1.088129002e+00 1.148484611e+00 1.276438530e+00 
1.040423434e+00 1.101965698e+00 1.177003578e+00 
1.033175964e+00 1.045109249e+00 1.101975994e+00 
1.089028385e+00 1.148954499e+00 1.279547962e+00 
1.080518188e+00 1.164225860e+00 1.292821559e+00 
1.019476623e+00 1.034301825e+00 1.074559497e+00 
1.041530486e+00 1.071344663e+00 1.143435086e+00 
1.046823413e+00 1.088887149e+00 1.165869805e+00 
1.103627212e+00 1.183334639e+00 1.310441673e+00 
1.096224379e+00 1.194846895e+00 1.322645358e+00 
1.099095013e+00 1.164852377e+00 1.296098164e+00 
1.054849255e+00 1.101730754e+00 1.193286302e+00 
1.070485911e+00 1.152008771e+00 1.263198368e+00 
1.052877381e+00 1.021458219e+00 1.057608078e+00 
1.137027658e+00 1.252564805e+00 1.401718546e+00 
1.062511857e+00 1.100242775e+00 1.185596309e+00 
1.158234653e+00 1.204322970e+00 1.359824802e+00 
1.121910643e+00 1.287493147e+00 1.431910127e+00 
1.085690104e+00 1.141592920e+00 1.267678625e+00 
1.050853614e+00 1.091471533e+00 1.174897188e+00 
1.131077785e+00 1.297674054e+00 1.444280986e+00 
1.110770588e+00 1.210196570e+00 1.355411415e+00 
1.070589694e+00 1.136894040e+00 1.245009863e+00 
1.062892429e+00 1.142454382e+00 1.243939951e+00 
1.057928182e+00 1.117237059e+00 1.216322846e+00 
1.041184474e+00 1.130785496e+00 1.193052259e+00 
1.033400758e+00 1.114261101e+00 1.172723929e+00 
1.030529500e+00 1.093977602e+00 1.146310475e+00 
1.034196461e+00 1.113947842e+00 1.169581063e+00 
1.047515230e+00 1.120291331e+00 1.195459561e+00 
1.023627938e+00 1.051296108e+00 1.093751045e+00 
1.025893830e+00 1.074947138e+00 1.117757197e+00 
1.012782627e+00 1.068133761e+00 1.093617306e+00 
1.025790047e+00 1.100321090e+00 1.146511084e+00 
1.041046131e+00 1.028114966e+00 1.062155204e+00 
1.015498210e+00 1.037356097e+00 1.070012371e+00 
1.010412848e+00 1.020831702e+00 1.029556321e+00 
1.046235276e+00 1.024434177e+00 1.054933298e+00 
1.016449587e+00 1.034066881e+00 1.056872513e+00 
1.019459291e+00 1.031404182e+00 1.061319335e+00 
1.011813917e+00 1.043856214e+00 1.071282891e+00 
1.017003062e+00 1.060458924e+00 1.086696312e+00 
1.018006331e+00 1.057169708e+00 1.085827009e+00 
1.079860931e+00 1.031482497e+00 1.081714534e+00 
1.006572882e+00 1.027018561e+00 1.029456017e+00 
1.014529604e+00 1.036181377e+00 1.056772209e+00 
1.007299362e+00 1.057717911e+00 1.070212979e+00 
1.052254683e+00 1.021379904e+00 1.049516868e+00 
1.022417103e+00 1.034066881e+00 1.070045806e+00 
1.006815111e+00 1.027566763e+00 1.040890702e+00 
1.034663484e+00 1.017777430e+00 1.036677923e+00 
1.046235276e+00 1.026157099e+00 1.058209903e+00 
1.022520886e+00 1.018090688e+00 1.038583704e+00 
1.025980281e+00 1.031090923e+00 1.066936374e+00 
1.015498210e+00 1.040801942e+00 1.070346718e+00 
1.020393337e+00 1.020440128e+00 1.033301013e+00 
1.021534949e+00 1.027096875e+00 1.054097429e+00 
1.010620414e+00 1.049416556e+00 1.080878665e+00 
1.045405013e+00 1.028193281e+00 1.065130897e+00 
1.048829848e+00 1.024355862e+00 1.053462169e+00 
1.020393337e+00 1.022397995e+00 1.053127821e+00 
1.048933631e+00 1.024669121e+00 1.055401384e+00 
1.018369571e+00 1.047850262e+00 1.085626400e+00 
1.016328473e+00 1.038609131e+00 1.074559497e+00 
1.009963157e+00 1.021849792e+00 1.036176402e+00 
1.011692906e+00 1.046910486e+00 1.077133973e+00 
1.016622594e+00 1.043229697e+00 1.078003277e+00 
1.015567433e+00 1.036886209e+00 1.070313284e+00 
1.003632401e+00 1.033831937e+00 1.028753887e+00 
1.033885112e+00 1.032657217e+00 1.074760106e+00 
1.053811426e+00 1.019735296e+00 1.050185563e+00 
1.006469099e+00 1.028428225e+00 1.045036611e+00 
1.008856105e+00 1.023259456e+00 1.042629309e+00 
1.033002958e+00 1.041585089e+00 1.085392357e+00 
1.014391261e+00 1.042368236e+00 1.074258584e+00 
1.007109128e+00 1.023181142e+00 1.039453007e+00 
1.015307976e+00 1.034066881e+00 1.055133906e+00 
1.055783301e+00 1.019656982e+00 1.047811695e+00 
1.011416117e+00 1.020988331e+00 1.043933264e+00 
1.085672773e+00 1.027410134e+00 1.068006286e+00 
1.026326293e+00 1.032030699e+00 1.072486543e+00 
1.039593171e+00 1.027880022e+00 1.059814771e+00 
1.003027035e+00 1.035006657e+00 1.047644522e+00 
1.022624669e+00 1.018873835e+00 1.041091310e+00 
1.011571792e+00 1.039470593e+00 1.060717510e+00 
1.015325307e+00 1.039000705e+00 1.068875589e+00 
1.050386591e+00 1.021693163e+00 1.047711391e+00 
1.014875512e+00 1.039157334e+00 1.069811762e+00 
1.022953350e+00 1.036259691e+00 1.079006319e+00 
1.008371854e+00 1.053410604e+00 1.074760106e+00 
1.021483057e+00 1.041036886e+00 1.079440971e+00 
1.055783301e+00 1.032265643e+00 1.078404494e+00 
1.019269057e+00 1.041585089e+00 1.079741884e+00 
1.010118831e+00 1.044404417e+00 1.062456117e+00 
1.022140314e+00 1.080272535e+00 1.127352971e+00 
1.009202117e+00 1.024199233e+00 1.048179478e+00 
1.017677650e+00 1.059597463e+00 1.088568658e+00 
1.010724197e+00 1.048711724e+00 1.079741884e+00 
1.007403145e+00 1.055838359e+00 1.073957672e+00 
1.015031187e+00 1.070874775e+00 1.106790598e+00 
1.014979295e+00 1.041506774e+00 1.073857367e+00 
1.010810752e+00 1.042681494e+00 1.063760072e+00 
1.008423746e+00 1.046675542e+00 1.066568591e+00 
1.045560687e+00 1.033048790e+00 1.080544318e+00 
1.028038711e+00 1.086302765e+00 1.133638704e+00 
1.021673291e+00 1.041898348e+00 1.080042796e+00 
1.096051061e+00 1.048711724e+00 1.114179678e+00 
1.021742515e+00 1.042994753e+00 1.081781404e+00 
1.023576047e+00 1.037277782e+00 1.080042796e+00 
1.020808469e+00 1.043621270e+00 1.081781404e+00 
1.022538218e+00 1.042524865e+00 1.081480491e+00 
1.079653365e+00 1.031874070e+00 1.086161356e+00 
1.027658139e+00 1.031404182e+00 1.072486543e+00 
1.020877692e+00 1.072754327e+00 1.109933465e+00 
1.020877692e+00 1.045500822e+00 1.085626400e+00 
1.091692180e+00 1.054350380e+00 1.121669063e+00 
1.072284780e+00 1.036259691e+00 1.088368050e+00 
1.041824503e+00 1.040958572e+00 1.083419706e+00 
1.068133465e+00 1.038217558e+00 1.093115785e+00 
1.046027710e+00 1.026705302e+00 1.060717510e+00 
1.043640704e+00 1.038922390e+00 1.087833094e+00 
1.047532562e+00 1.033675307e+00 1.084957705e+00 
1.029664574e+00 1.054898583e+00 1.106088468e+00 
1.023126252e+00 1.067350615e+00 1.109799726e+00 
1.042810441e+00 1.034615083e+00 1.080243405e+00 
1.041253697e+00 1.039862166e+00 1.081681099e+00 
1.040838566e+00 1.041036886e+00 1.084957705e+00 
1.025963053e+00 1.033362049e+00 1.062255508e+00 
1.094079186e+00 1.049729814e+00 1.113878766e+00 
1.047324996e+00 1.032422273e+00 1.077735799e+00 
1.026827876e+00 1.033440363e+00 1.075595974e+00 
1.022088423e+00 1.039235649e+00 1.075295062e+00 
1.054797364e+00 1.051531052e+00 1.113711592e+00 
1.077577707e+00 1.031482497e+00 1.079975927e+00 
1.070728037e+00 1.041036886e+00 1.093985088e+00 
1.023921955e+00 1.064766231e+00 1.109732856e+00 
1.040163977e+00 1.041193516e+00 1.084355880e+00 
1.076436096e+00 1.037121153e+00 1.091210004e+00 
1.022849567e+00 1.039235649e+00 1.077033669e+00 
1.076020964e+00 1.038844075e+00 1.093684175e+00 
1.022468995e+00 1.042211606e+00 1.080343709e+00 
1.085984121e+00 1.027958337e+00 1.071182587e+00 
1.044574750e+00 1.034301825e+00 1.077434886e+00 
1.032881843e+00 1.045030934e+00 1.097428868e+00 
1.032535935e+00 1.048476780e+00 1.105720686e+00 
1.032328369e+00 1.047693633e+00 1.103313384e+00 
1.033539204e+00 1.042681494e+00 1.085626400e+00 
1.042187743e+00 1.038217558e+00 1.082851316e+00 
1.024786778e+00 1.063826455e+00 1.109799726e+00 
1.056302216e+00 1.050747905e+00 1.111036812e+00 
1.039869960e+00 1.063591511e+00 1.128322578e+00 
1.040354211e+00 1.062573420e+00 1.125848407e+00 
1.030702403e+00 1.056543191e+00 1.113611288e+00 
1.062736755e+00 1.067820503e+00 1.137416831e+00 
1.042706658e+00 1.059127575e+00 1.127720753e+00 
1.056717347e+00 1.049024982e+00 1.109097596e+00 
1.045958487e+00 1.035476545e+00 1.081781404e+00 
1.053500078e+00 1.052235884e+00 1.113811896e+00 
1.028695968e+00 1.055525100e+00 1.109197900e+00 
1.023195475e+00 1.066802412e+00 1.114480591e+00 
1.027173784e+00 1.061633644e+00 1.113611288e+00 
1.082040372e+00 1.030151147e+00 1.088969875e+00 
1.029768357e+00 1.052940716e+00 1.107459293e+00 
1.026343521e+00 1.060772183e+00 1.111270855e+00 
1.046287167e+00 1.031717441e+00 1.076398409e+00 
1.031463546e+00 1.049181612e+00 1.107459293e+00 
1.081625240e+00 1.030542721e+00 1.081747969e+00 
1.033400758e+00 1.047928577e+00 1.104349861e+00 
1.047584453e+00 1.029446315e+00 1.070012371e+00 
1.047273105e+00 1.032892161e+00 1.077234277e+00 
1.021846298e+00 1.067350615e+00 1.106857468e+00 
1.060764880e+00 1.041193516e+00 1.100103648e+00 
1.119817342e+00 1.061320385e+00 1.140459393e+00 
1.077076125e+00 1.064609601e+00 1.136580962e+00 
1.056198433e+00 1.043308012e+00 1.105787556e+00 
1.033124072e+00 1.100712663e+00 1.165334849e+00 
1.051389860e+00 1.051139478e+00 1.110334682e+00 
1.022607337e+00 1.066410839e+00 1.108495771e+00 
1.051216854e+00 1.051531052e+00 1.109197900e+00 
1.077162576e+00 1.036181377e+00 1.089270788e+00 
1.041426703e+00 1.054585324e+00 1.113042897e+00 
1.033054849e+00 1.046440598e+00 1.098298171e+00 
1.024406310e+00 1.064609601e+00 1.114380287e+00 
1.055368170e+00 1.045344193e+00 1.108896988e+00 
1.077473925e+00 1.032500587e+00 1.086495704e+00 
1.065538893e+00 1.040253740e+00 1.092246481e+00 
1.086814384e+00 1.027018561e+00 1.065598984e+00 
1.068756162e+00 1.037747670e+00 1.085827009e+00 
1.032881843e+00 1.047380374e+00 1.100972951e+00 
1.080898760e+00 1.029054742e+00 1.068574677e+00 
1.083804681e+00 1.056543191e+00 1.117289110e+00 
1.029975922e+00 1.050512961e+00 1.095422782e+00 
1.075294484e+00 1.035006657e+00 1.086963790e+00 
1.026308962e+00 1.061711959e+00 1.113042897e+00 
1.031671112e+00 1.048398465e+00 1.103045906e+00 
1.032951066e+00 1.048006892e+00 1.106121903e+00 
1.023057132e+00 1.065314433e+00 1.109097596e+00 
1.029837580e+00 1.053723862e+00 1.112741984e+00 
1.023126252e+00 1.067742188e+00 1.111270855e+00 
1.023991178e+00 1.064609601e+00 1.109097596e+00 
1.035701313e+00 1.030307777e+00 1.066869504e+00 
1.097607804e+00 1.047771948e+00 1.112842288e+00 
1.077058793e+00 1.032735531e+00 1.079374101e+00 
1.095843495e+00 1.050591276e+00 1.121669063e+00 
1.076228530e+00 1.032970475e+00 1.086094487e+00 
1.034749935e+00 1.043151382e+00 1.087732789e+00 
1.027658139e+00 1.089670295e+00 1.135644789e+00 
1.118779513e+00 1.064766231e+00 1.136915310e+00 
1.088267345e+00 1.052784086e+00 1.116954763e+00 
1.129365368e+00 1.057874540e+00 1.135143268e+00 
1.026135956e+00 1.062025217e+00 1.109933465e+00 
1.022676561e+00 1.066880727e+00 1.109097596e+00 
1.028799751e+00 1.057404652e+00 1.109933465e+00 
1.028695968e+00 1.056621505e+00 1.109465378e+00 
1.020635463e+00 1.073380844e+00 1.112173593e+00 
1.031601889e+00 1.049573185e+00 1.108596075e+00 
1.087333299e+00 1.054507009e+00 1.117422849e+00 
1.024475429e+00 1.065784321e+00 1.114480591e+00 
1.034542369e+00 1.044717676e+00 1.092146177e+00 
1.099994811e+00 1.044874305e+00 1.110401551e+00 
1.021880857e+00 1.069151852e+00 1.114480591e+00 
1.021777074e+00 1.070013313e+00 1.111571768e+00 
1.033642987e+00 1.045030934e+00 1.099167475e+00 
1.081521457e+00 1.029368001e+00 1.072754021e+00 
1.070935603e+00 1.049964758e+00 1.112741984e+00 
1.030252711e+00 1.053253974e+00 1.109097596e+00 
1.067977790e+00 1.063043308e+00 1.132735966e+00 
1.065590784e+00 1.063513196e+00 1.128924404e+00 
1.070624254e+00 1.056778135e+00 1.128623491e+00 
1.052202792e+00 1.051061164e+00 1.112942593e+00 
1.059156245e+00 1.042994753e+00 1.108796683e+00 
1.066628613e+00 1.063121623e+00 1.129827142e+00 
1.044436407e+00 1.036103062e+00 1.081480491e+00 
1.022503555e+00 1.068995223e+00 1.114380287e+00 
1.049660111e+00 1.055838359e+00 1.113243505e+00 
1.025720824e+00 1.062260161e+00 1.114380287e+00 
1.026481968e+00 1.063826455e+00 1.114480591e+00 
1.066213481e+00 1.032892161e+00 1.078671972e+00 
1.031255980e+00 1.051217793e+00 1.103346819e+00 
1.068808054e+00 1.063356567e+00 1.134875790e+00 
1.088993825e+00 1.051452737e+00 1.117824066e+00 
1.027623579e+00 1.057717911e+00 1.112741984e+00 
1.085776555e+00 1.054428694e+00 1.113878766e+00 
1.032328369e+00 1.078471298e+00 1.144571868e+00 
1.031671112e+00 1.082073772e+00 1.141495871e+00 
1.124383789e+00 1.061946903e+00 1.142064262e+00 
1.052306575e+00 1.050434646e+00 1.109966900e+00 
1.032466712e+00 1.074477250e+00 1.141495871e+00 
1.045041773e+00 1.038217558e+00 1.083085359e+00 
1.111203363e+00 1.067272300e+00 1.147079474e+00 
1.031221317e+00 1.080350850e+00 1.140760306e+00 
1.024856001e+00 1.092332994e+00 1.141596175e+00 
1.022572778e+00 1.067663873e+00 1.107760206e+00 
1.085672773e+00 1.055290156e+00 1.119194891e+00 
1.094598101e+00 1.049964758e+00 1.115048982e+00 
1.024198744e+00 1.066097580e+00 1.111270855e+00 
1.085465207e+00 1.056308247e+00 1.124945669e+00 
1.094805667e+00 1.048790038e+00 1.112741984e+00 
1.025409475e+00 1.091236589e+00 1.132903140e+00 
1.036583467e+00 1.065862636e+00 1.125614364e+00 
1.131285351e+00 1.092646253e+00 1.187568959e+00 
1.029526231e+00 1.052157569e+00 1.102912167e+00 
1.030633283e+00 1.050982849e+00 1.102744993e+00 
1.065538893e+00 1.054898583e+00 1.116586981e+00 
1.036998599e+00 1.065471063e+00 1.136213180e+00 
1.026966219e+00 1.060537239e+00 1.113042897e+00 
1.028211613e+00 1.085832876e+00 1.132903140e+00 
1.042326086e+00 1.085911191e+00 1.161389548e+00 
1.039454828e+00 1.062181847e+00 1.125413755e+00 
1.036721810e+00 1.067898817e+00 1.136012571e+00 
1.030425717e+00 1.050904534e+00 1.099836170e+00 
1.029768357e+00 1.052079254e+00 1.103313384e+00 
1.030737066e+00 1.051687681e+00 1.106121903e+00 
1.028972757e+00 1.055760044e+00 1.111872680e+00 
1.037552073e+00 1.068681964e+00 1.138821091e+00 
1.028350060e+00 1.057561281e+00 1.109097596e+00 
1.024752218e+00 1.063904769e+00 1.111571768e+00 
1.093975403e+00 1.050356332e+00 1.114514026e+00 
1.080379845e+00 1.031012609e+00 1.081346752e+00 
1.021777074e+00 1.068133761e+00 1.108194858e+00 
1.033781329e+00 1.044012844e+00 1.091945568e+00 
1.032847283e+00 1.051687681e+00 1.108896988e+00 
1.030425717e+00 1.051844310e+00 1.101975994e+00 
1.024856001e+00 1.064061399e+00 1.114480591e+00 
1.029145659e+00 1.059049260e+00 1.117456284e+00 
1.023645166e+00 1.065001175e+00 1.110334682e+00 
1.111670386e+00 1.062730049e+00 1.134273964e+00 
1.027000882e+00 1.059049260e+00 1.109197900e+00 
1.053448186e+00 1.054272065e+00 1.113811896e+00 
1.032743501e+00 1.078941186e+00 1.146210171e+00 
1.049071973e+00 1.044561046e+00 1.102912167e+00 
1.089408956e+00 1.051061164e+00 1.115349895e+00 
1.022261429e+00 1.068760279e+00 1.112909158e+00 
1.034473250e+00 1.045657452e+00 1.108596075e+00 
1.031048415e+00 1.050434646e+00 1.100972951e+00 
1.030771626e+00 1.049729814e+00 1.097161390e+00 
1.057599502e+00 1.045735766e+00 1.112073289e+00 
1.043779046e+00 1.028819798e+00 1.066000201e+00 
1.032743501e+00 1.047537004e+00 1.098899997e+00 
1.056094650e+00 1.051139478e+00 1.113510983e+00 
1.024060298e+00 1.066332524e+00 1.112909158e+00 
1.027035442e+00 1.059519148e+00 1.111270855e+00 
1.031359763e+00 1.049729814e+00 1.098498780e+00 
1.028972757e+00 1.054976897e+00 1.106088468e+00 
1.039869960e+00 1.063983084e+00 1.131131098e+00 
1.038486119e+00 1.068290391e+00 1.138353004e+00 
1.027104665e+00 1.061555329e+00 1.113510983e+00 
1.030806185e+00 1.051296108e+00 1.105787556e+00 
1.025132790e+00 1.063669825e+00 1.112909158e+00 
1.030218152e+00 1.051296108e+00 1.099635561e+00 
1.049556328e+00 1.041115201e+00 1.097629476e+00 
1.038728348e+00 1.068055447e+00 1.138419874e+00 
1.032605158e+00 1.052627457e+00 1.110836203e+00 
1.090343002e+00 1.052784086e+00 1.117924371e+00 
1.032535935e+00 1.046205654e+00 1.096860477e+00 
1.042620207e+00 1.042681494e+00 1.089070180e+00 
1.088371128e+00 1.056151617e+00 1.124945669e+00 
1.101136423e+00 1.048476780e+00 1.120799759e+00 
1.025409475e+00 1.063356567e+00 1.109097596e+00 
1.050179025e+00 1.052940716e+00 1.112741984e+00 
1.085880338e+00 1.052940716e+00 1.114380287e+00 
1.035649421e+00 1.044561046e+00 1.093583871e+00 
1.029595454e+00 1.058266113e+00 1.113310375e+00 
1.084012246e+00 1.028114966e+00 1.069410545e+00 
1.019563074e+00 1.076043543e+00 1.112173593e+00 
1.120440039e+00 1.065940951e+00 1.146577953e+00 
1.038728348e+00 1.064922860e+00 1.122672105e+00 
1.026308962e+00 1.064139713e+00 1.117456284e+00 
1.114731981e+00 1.066645783e+00 1.142933565e+00 
1.091277048e+00 1.051296108e+00 1.117222241e+00 
1.051147631e+00 1.094525805e+00 1.179678358e+00 
1.092833792e+00 1.054115436e+00 1.121669063e+00 
1.114213066e+00 1.067193985e+00 1.141261828e+00 
1.124072440e+00 1.060928812e+00 1.136313484e+00 
1.086503036e+00 1.054428694e+00 1.115483634e+00 
1.039143480e+00 1.064766231e+00 1.128422883e+00 
1.087021950e+00 1.053723862e+00 1.116954763e+00 
1.101032640e+00 1.045187564e+00 1.117824066e+00 
1.104561258e+00 1.043308012e+00 1.110234378e+00 
1.110892014e+00 1.040410369e+00 1.100036778e+00 
1.039351046e+00 1.061242071e+00 1.121501889e+00 
1.037690519e+00 1.065001175e+00 1.123976061e+00 
1.031947797e+00 1.048085206e+00 1.098298171e+00 
1.109127705e+00 1.041976662e+00 1.104048948e+00 
1.098334285e+00 1.048790038e+00 1.120799759e+00 
1.032535935e+00 1.049416556e+00 1.107994249e+00 
1.049037414e+00 1.101025922e+00 1.184860744e+00 
1.119298428e+00 1.062573420e+00 1.139255742e+00 
1.049175756e+00 1.044404417e+00 1.097830085e+00 
1.111307145e+00 1.067037356e+00 1.141161523e+00 
1.025340356e+00 1.065940951e+00 1.117456284e+00 
1.033781329e+00 1.046832172e+00 1.102176602e+00 
1.031013751e+00 1.048790038e+00 1.095991173e+00 
1.067251310e+00 1.063513196e+00 1.130362098e+00 
1.106948264e+00 1.106273005e+00 1.217459628e+00 
1.071454517e+00 1.067428929e+00 1.136480658e+00 
1.067562659e+00 1.069308481e+00 1.140325654e+00 
1.062373515e+00 1.051139478e+00 1.113811896e+00 
1.042672098e+00 1.057404652e+00 1.116419807e+00 
1.084271704e+00 1.069465111e+00 1.158179812e+00 
1.115977375e+00 1.069230167e+00 1.148617473e+00 
1.046131493e+00 1.043464641e+00 1.095422782e+00 
1.028799751e+00 1.060223980e+00 1.114179678e+00 
1.108401225e+00 1.068055447e+00 1.140827176e+00 
1.025236573e+00 1.066802412e+00 1.117456284e+00 
1.028868974e+00 1.084501527e+00 1.138118961e+00 
1.068496705e+00 1.058814316e+00 1.132836270e+00 
1.086087904e+00 1.054820268e+00 1.121969976e+00 
1.058948679e+00 1.041115201e+00 1.099368083e+00 
1.027173784e+00 1.058657687e+00 1.110334682e+00 
1.098645633e+00 1.046910486e+00 1.115015547e+00 
1.110476882e+00 1.040880257e+00 1.094185697e+00 
1.179855742e+00 1.807737489e+00 1.660068876e+00 
1.053430855e+00 1.158900462e+00 1.234511351e+00 
1.072042655e+00 1.171274180e+00 1.286870173e+00 
1.009202117e+00 1.022632939e+00 1.028553278e+00 
1.039489388e+00 1.103845250e+00 1.177003578e+00 
1.020808469e+00 1.028114966e+00 1.056571601e+00 
1.025305692e+00 1.100790978e+00 1.157778595e+00 
1.050490374e+00 1.038374187e+00 1.089872614e+00 
1.003632401e+00 1.035398230e+00 1.048380086e+00 
1.023454932e+00 1.046440598e+00 1.085827009e+00 
1.024198744e+00 1.105803117e+00 1.146811996e+00 
1.046477401e+00 1.169081369e+00 1.234845699e+00 
1.007299362e+00 1.056934764e+00 1.061854291e+00 
1.017037725e+00 1.041976662e+00 1.078404494e+00 
1.014443153e+00 1.041271830e+00 1.071951586e+00 
1.043139121e+00 1.130393923e+00 1.208632853e+00 
1.017020393e+00 1.094525805e+00 1.123708583e+00 
1.054659021e+00 1.179340590e+00 1.251295597e+00 
1.049331431e+00 1.160701699e+00 1.237219566e+00 
1.032795392e+00 1.091314903e+00 1.155337858e+00 
1.119004722e+00 1.344349597e+00 1.441372162e+00 
1.032051580e+00 1.089043778e+00 1.153532382e+00 
1.020964143e+00 1.019422038e+00 1.041459093e+00 
1.034611593e+00 1.032735531e+00 1.074960714e+00 
1.026827876e+00 1.076121858e+00 1.131064228e+00 
1.025876498e+00 1.079411074e+00 1.128991274e+00 
1.049625551e+00 1.113008066e+00 1.196462603e+00 
1.061525920e+00 1.129454147e+00 1.232137484e+00 
1.053638420e+00 1.096718615e+00 1.181751312e+00 
1.016086347e+00 1.068525335e+00 1.109665987e+00 
1.068548596e+00 1.069386796e+00 1.141328697e+00 
1.059450262e+00 1.121309421e+00 1.227322879e+00 
1.026862436e+00 1.069465111e+00 1.117824066e+00 
1.018162005e+00 1.092646253e+00 1.126416798e+00 
1.026533859e+00 1.102827160e+00 1.163930589e+00 
1.014408489e+00 1.043777900e+00 1.079675014e+00 
1.014010690e+00 1.067507244e+00 1.087732789e+00 
1.036064553e+00 1.087790743e+00 1.155939684e+00 
1.010101500e+00 1.049338241e+00 1.066668896e+00 
1.019147943e+00 1.057326337e+00 1.092045872e+00 
1.031601889e+00 1.088652205e+00 1.147748169e+00 
1.030235380e+00 1.067193985e+00 1.118893978e+00 
1.015342535e+00 1.062651735e+00 1.097562607e+00 
1.038192102e+00 1.109797165e+00 1.186565917e+00 
1.081158217e+00 1.067193985e+00 1.138219265e+00 
1.028280836e+00 1.070874775e+00 1.137283092e+00 
1.053136838e+00 1.128592685e+00 1.215587281e+00 
1.053448186e+00 1.062573420e+00 1.128021666e+00 
1.111255254e+00 1.210901402e+00 1.356247283e+00 
1.049141197e+00 1.113634584e+00 1.215286369e+00 
1.013059312e+00 1.041663404e+00 1.072152195e+00 
1.054174667e+00 1.103688621e+00 1.188739175e+00 
1.031549997e+00 1.067898817e+00 1.119094587e+00 
1.018006331e+00 1.059127575e+00 1.101006386e+00 
1.015740439e+00 1.038922390e+00 1.071182587e+00 
1.094356287e+00 1.212546010e+00 1.346083119e+00 
1.041340148e+00 1.080507479e+00 1.148650908e+00 
1.022486327e+00 1.039548908e+00 1.076398409e+00 
1.017712314e+00 1.061711959e+00 1.099334648e+00 
1.009755591e+00 1.051765996e+00 1.078404494e+00 
1.010706969e+00 1.044169473e+00 1.068206894e+00 
1.012817186e+00 1.038139243e+00 1.061085292e+00 
1.020998703e+00 1.056229932e+00 1.105018556e+00 
1.017643091e+00 1.062103532e+00 1.093483567e+00 
1.038659125e+00 1.063121623e+00 1.118158414e+00 
1.076470655e+00 1.175424857e+00 1.294158949e+00 
1.017331742e+00 1.093037826e+00 1.113310375e+00 
1.045560687e+00 1.078471298e+00 1.150523254e+00 
1.027900265e+00 1.050826220e+00 1.098498780e+00 
1.038520783e+00 1.105411544e+00 1.173459494e+00 
1.026845208e+00 1.074085676e+00 1.118191849e+00 
1.051545535e+00 1.137520558e+00 1.222708884e+00 
1.029162991e+00 1.043151382e+00 1.083687184e+00 
1.028626745e+00 1.046049025e+00 1.093717610e+00 
1.036739142e+00 1.143237528e+00 1.191547695e+00 
1.015083078e+00 1.041115201e+00 1.071349761e+00 
1.029318665e+00 1.046362284e+00 1.094954696e+00 
1.082144154e+00 1.161093273e+00 1.279414223e+00 
1.011796689e+00 1.046127340e+00 1.073589889e+00 
1.020047429e+00 1.089748610e+00 1.128255709e+00 
1.010343729e+00 1.048476780e+00 1.073121803e+00 
1.019995537e+00 1.089826925e+00 1.125480625e+00 
1.017643091e+00 1.062338476e+00 1.099134040e+00 
1.029889471e+00 1.129924035e+00 1.175967100e+00 
1.007420476e+00 1.048633409e+00 1.062723595e+00 
1.058412433e+00 1.177539353e+00 1.269283493e+00 
1.053171397e+00 1.163364398e+00 1.248854860e+00 
1.049193088e+00 1.142767640e+00 1.227222575e+00 
1.175704426e+00 1.272769990e+00 1.433916213e+00 
1.022451663e+00 1.054898583e+00 1.098599084e+00 
1.060626537e+00 1.204401284e+00 1.293089037e+00 
1.012765295e+00 1.045970710e+00 1.075328496e+00 
1.048501168e+00 1.147388206e+00 1.215119195e+00 
1.021742515e+00 1.080820738e+00 1.115450199e+00 
1.017988999e+00 1.036103062e+00 1.062422682e+00 
1.025547922e+00 1.100477719e+00 1.145474606e+00 
1.026897099e+00 1.097658391e+00 1.146310475e+00 
1.020739245e+00 1.051844310e+00 1.094386305e+00 
1.042568315e+00 1.155063043e+00 1.213581196e+00 
1.027450573e+00 1.043229697e+00 1.085827009e+00 
1.017937108e+00 1.057482967e+00 1.086763182e+00 
1.022711120e+00 1.084031639e+00 1.131799793e+00 
1.019355508e+00 1.087555799e+00 1.121435020e+00 
1.019147943e+00 1.088025687e+00 1.115483634e+00 
1.007039905e+00 1.056151617e+00 1.059848206e+00 
1.007852940e+00 1.053097345e+00 1.073589889e+00 
1.017349074e+00 1.085128044e+00 1.113611288e+00 
1.022918686e+00 1.033675307e+00 1.066000201e+00 
1.041478595e+00 1.101809069e+00 1.168176803e+00 
1.017279851e+00 1.065236119e+00 1.106556555e+00 
1.040855897e+00 1.058501057e+00 1.114848373e+00 
1.013439884e+00 1.071188034e+00 1.094419740e+00 
1.040527217e+00 1.163755971e+00 1.229629877e+00 
1.028730528e+00 1.028741483e+00 1.062389247e+00 
1.016345805e+00 1.067193985e+00 1.106623424e+00 
1.013855015e+00 1.067898817e+00 1.103982079e+00 
1.036427793e+00 1.029524630e+00 1.075796583e+00 
1.012696072e+00 1.076356802e+00 1.093115785e+00 
1.070434020e+00 1.108857389e+00 1.211942893e+00 
1.046788750e+00 1.078001410e+00 1.160085593e+00 
1.027606248e+00 1.050043073e+00 1.093149219e+00 
1.035753204e+00 1.106273005e+00 1.172155538e+00 
1.017124176e+00 1.035319915e+00 1.058611120e+00 
1.608885891e+00 1.569660897e+00 2.000000000e+00 
1.544419075e+00 1.572323596e+00 2.000000000e+00 
1.543467386e+00 1.576317644e+00 2.000000000e+00 
1.499065954e+00 1.580155063e+00 2.000000000e+00 
1.462274921e+00 1.582582818e+00 2.000000000e+00 
1.451437912e+00 1.604510925e+00 2.000000000e+00 
1.539299466e+00 1.534654241e+00 1.797385402e+00 
1.790929376e+00 1.560184823e+00 1.920859942e+00 
1.711154585e+00 1.547732790e+00 1.807583002e+00 
1.579022365e+00 1.567076513e+00 1.985923969e+00 
1.628423019e+00 1.547811105e+00 1.848808051e+00 
1.822643350e+00 1.552901558e+00 1.900197265e+00 
1.943767319e+00 1.564492129e+00 1.974957371e+00 
1.485945722e+00 1.531756598e+00 1.725901902e+00 
1.521690623e+00 1.561202913e+00 1.925239894e+00 
1.487294899e+00 1.541154358e+00 1.763014477e+00 
1.810847387e+00 1.556034145e+00 1.858102912e+00 
1.446335945e+00 1.570052471e+00 1.919455682e+00 
1.558360230e+00 1.555329313e+00 1.841452406e+00 
1.538192102e+00 1.557208865e+00 1.781671069e+00 
1.521231903e+00 1.567468087e+00 1.806947741e+00 
1.514226558e+00 1.566371681e+00 1.792604233e+00 
1.503424835e+00 1.568799436e+00 1.791133104e+00 
1.480333143e+00 1.568642807e+00 1.762780434e+00 
1.446196876e+00 1.593076983e+00 1.869637902e+00 
1.433008147e+00 1.569504268e+00 1.754187703e+00 
1.473578953e+00 1.568642807e+00 1.741047845e+00 
1.431329978e+00 2.000000000e+00 2.000000000e+00 
1.430776815e+00 1.978855040e+00 1.990170183e+00 
1.323457008e+00 1.978071893e+00 1.990069879e+00 
1.306089980e+00 1.959198058e+00 1.980240062e+00 
1.409579160e+00 1.958101652e+00 1.978902671e+00 
1.291699445e+00 1.935625343e+00 1.969273463e+00 
1.268512272e+00 1.938131412e+00 1.968972550e+00 
1.326613046e+00 1.912600830e+00 1.958005951e+00 
1.267076955e+00 1.919727465e+00 1.956066736e+00 
1.327971563e+00 1.899365651e+00 1.946537831e+00 
1.312602356e+00 1.896389694e+00 1.945401050e+00 
1.303339733e+00 1.897799358e+00 1.945100137e+00 
1.325818069e+00 1.879160467e+00 1.934200408e+00 
1.312274402e+00 1.875871251e+00 1.933932930e+00 
1.289251206e+00 1.881666536e+00 1.933632017e+00 
1.278475429e+00 1.887853395e+00 1.926711023e+00 
1.286388874e+00 1.884564179e+00 1.923635026e+00 
1.328299517e+00 1.858955282e+00 1.921595506e+00 
1.293204297e+00 1.860208317e+00 1.921294594e+00 
1.325160085e+00 1.857937192e+00 1.918820422e+00 
1.280239738e+00 1.840473021e+00 1.908957170e+00 
1.329744175e+00 1.840003133e+00 1.908689692e+00 
1.360498158e+00 1.837888637e+00 1.906951085e+00 
1.293048622e+00 1.838045266e+00 1.906482998e+00 
1.309229412e+00 1.816038844e+00 1.895215487e+00 
1.294198537e+00 1.822147388e+00 1.894413053e+00 
1.287660215e+00 1.816273788e+00 1.894145575e+00 
1.278570910e+00 1.824966716e+00 1.884917583e+00 
1.312161279e+00 1.800454225e+00 1.882075629e+00 
1.255495823e+00 1.804918161e+00 1.881507239e+00 
1.354816045e+00 1.798183100e+00 1.880102979e+00 
1.312645945e+00 1.798731302e+00 1.879501153e+00 
1.279668933e+00 1.804291644e+00 1.879300545e+00 
1.241987442e+00 1.798418044e+00 1.879033067e+00 
1.296931140e+00 1.796773436e+00 1.877294460e+00 
1.310873333e+00 1.796460177e+00 1.873449463e+00 
1.222787608e+00 1.807659175e+00 1.870373466e+00 
1.269463961e+00 1.782363537e+00 1.868033034e+00 
1.345527477e+00 1.780249041e+00 1.867431208e+00 
1.258583364e+00 1.778056230e+00 1.865558862e+00 
1.305476623e+00 1.774923643e+00 1.864957036e+00 
1.286085828e+00 1.777194769e+00 1.862950951e+00 
1.297900472e+00 1.776803195e+00 1.861112040e+00 
1.264179337e+00 1.777977915e+00 1.860276171e+00 
1.293965025e+00 1.758555878e+00 1.853957003e+00 
1.273839448e+00 1.758634192e+00 1.853488916e+00 
1.242393233e+00 1.754248571e+00 1.851482831e+00 
1.221342951e+00 1.761531835e+00 1.847336922e+00 
1.302008199e+00 1.734826533e+00 1.839814103e+00 
1.263764205e+00 1.735218106e+00 1.839412886e+00 
1.250523585e+00 1.735061477e+00 1.837139323e+00 
1.239668933e+00 1.737724176e+00 1.833260891e+00 
1.218964247e+00 1.741091706e+00 1.828580026e+00 
1.242566551e+00 1.713368314e+00 1.825738072e+00 
1.222311245e+00 1.715639439e+00 1.825069377e+00 
1.272853510e+00 1.712506853e+00 1.820655990e+00 
1.224482383e+00 1.692145039e+00 1.811394564e+00 
1.233615277e+00 1.690892004e+00 1.808318566e+00 
1.221049245e+00 1.695120996e+00 1.801029790e+00 
1.219241347e+00 1.670060302e+00 1.793975058e+00 
1.215409683e+00 1.678283342e+00 1.782740981e+00 
1.208681438e+00 1.674680868e+00 1.777458290e+00 
1.218826216e+00 1.653222649e+00 1.775886857e+00 
1.232413471e+00 1.651186467e+00 1.775218162e+00 
1.209269887e+00 1.654632313e+00 1.769935471e+00 
1.204374449e+00 1.656903438e+00 1.762446086e+00 
1.238112189e+00 1.632469261e+00 1.758467351e+00 
1.221178974e+00 1.632077688e+00 1.756260657e+00 
1.255080691e+00 1.631294541e+00 1.750309271e+00 
1.183444554e+00 1.636933198e+00 1.748871577e+00 
1.215107675e+00 1.636698254e+00 1.748102578e+00 
1.198925847e+00 1.636384995e+00 1.745026581e+00 
1.263141508e+00 1.612420706e+00 1.738841151e+00 
1.199047273e+00 1.613595426e+00 1.736066067e+00 
1.228737481e+00 1.613047224e+00 1.733959678e+00 
1.180123502e+00 1.615005090e+00 1.732120766e+00 
1.214631311e+00 1.612185762e+00 1.723193688e+00 
1.191107882e+00 1.614300258e+00 1.722524992e+00 
1.215245706e+00 1.592685410e+00 1.719515865e+00 
1.206260184e+00 1.596366199e+00 1.718847170e+00 
1.201502776e+00 1.593076983e+00 1.718646561e+00 
1.298168232e+00 1.589944397e+00 1.717777258e+00 
1.197377406e+00 1.591980578e+00 1.710287873e+00 
1.284365108e+00 1.590649229e+00 1.709719482e+00 
1.257744798e+00 1.572871799e+00 1.702096359e+00 
1.235535260e+00 1.571383820e+00 1.698819753e+00 
1.190934565e+00 1.569974156e+00 1.696144973e+00 
1.204590317e+00 1.552744929e+00 1.682269551e+00 
1.265684189e+00 1.551256950e+00 1.681032465e+00 
1.180737896e+00 1.550552118e+00 1.679093250e+00 
1.288153184e+00 1.548594252e+00 1.677755859e+00 
1.229412070e+00 1.550473804e+00 1.674780167e+00 
1.180573919e+00 1.554467852e+00 1.663546090e+00 
1.201995745e+00 1.530268619e+00 1.661205657e+00 
1.163449743e+00 1.537003681e+00 1.647831756e+00 
1.175592341e+00 1.532539745e+00 1.646795279e+00 
1.148668984e+00 1.487822069e+00 1.619245043e+00 
1.183488143e+00 1.487508810e+00 1.618676653e+00 
1.173092211e+00 1.487195552e+00 1.616770872e+00 
1.143393700e+00 1.468948234e+00 1.598849845e+00 
1.169321779e+00 1.465110815e+00 1.598782975e+00 
1.150295262e+00 1.468634975e+00 1.594937979e+00 
1.166501998e+00 1.448194847e+00 1.576615734e+00 
1.157991801e+00 1.426110110e+00 1.554214450e+00 
1.121625240e+00 1.431435508e+00 1.547126283e+00 
1.121106326e+00 1.432062025e+00 1.545688589e+00 
1.127955996e+00 1.411621897e+00 1.523855696e+00 
1.120717140e+00 1.348187015e+00 1.456183757e+00 
1.112293083e+00 1.349753309e+00 1.454177672e+00 
1.117170879e+00 1.325319132e+00 1.439366077e+00 
1.099545431e+00 1.305975409e+00 1.413955666e+00 
1.098611385e+00 1.306132039e+00 1.408672975e+00 

