2454.33 2813 10336
2583.33 5625 15809
755.5 1903 6317
619.333 1773 5099
1501.5 3076 10281
5329 6774 18515
1417.67 1675 6028
3718.17 5387 16078
3820 4824 15568
852.5 1129 4685
2922.67 3826 13053
877.667 1747 6272
295.333 655 1377
1345.67 1933 7511
1678.5 2301 8495
2529 2102 8384
4485.5 5728 17310
4484.5 5709 16615
764.833 1797 6630
973.333 2557 8009
2706.83 5233 15355
2523.17 4249 13793
2222.5 6411 16451
3620.17 5189 15219
3938.17 5177 16089
2914.5 4201 13264
3233 4575 15093
1317 1712 6724
591.667 990 4087
1049.83 2851 9018
745.167 1788 5690
2145.67 3831 12554
2030.17 3657 12124
2940.5 3774 12418
1573.33 4337 12615
889.833 1703 5729
1203.5 1996 7470
1796.67 4608 14524
984.833 2236 7515
2174.33 2734 10265
303.5 1038 2058
504.333 1650 4864
2952.67 5818 16617
736.167 1794 5981
1004.33 1842 7325
6278.83 8893 21318
1531.33 2209 8216
1479.17 3678 11419
1939 1445 6120
1546 1493 5678
1616.83 2877 10022
2736.17 3813 12521
4041.33 8724 19753
1750.17 5115 14196
1778.67 4989 13214
2024.67 2963 10189
237.333 953 1208
2149.83 5031 14895
752 1737 6253
4589.83 5549 16629
354 504 1532
2075 2226 8921
1408.67 3154 10958
1577.5 1544 5818
6298.67 9010 21622
3074.5 4617 14786
5302.17 7152 18852
1883.5 3526 11798
1338.67 4393 11671
521 492 1392
3390.33 5930 17438
3378 3321 11880
901.333 3156 8032
1304.67 1468 5440
1360.17 3187 10440
754.667 1491 5126
1552.33 4447 12074
2488 2199 9038
1081 2317 9487
1621.33 3782 12092
2091 1720 6865
4877 8367 19942
1942.67 4175 13052
1218 1093 4338
826.5 1478 5192
1088 1193 4913
2208.17 4519 13728
308.667 586 1162
4848.33 5475 16108
1592.83 4227 12093
2276.5 6005 15799
1732.5 3081 10760
1708 3100 10330
1468.67 3961 11236
1544.67 4269 11896
955 2591 8336
1063.17 3079 9441
1521 2207 7887
1852.33 2985 10424
1499 3251 11603
346.5 923 2723
4213.5 9245 20605
529 549 1751
977.5 2321 7985
2471.17 6709 18388
4550.67 8418 19172
547.5 472 1179
5633.67 9555 21958
5341.5 5754 17465
677 456 1472
347.333 535 1728
812 2563 7342
3813.33 6520 17945
6067 7822 20313
1002 1672 5957
689 429 1424
3266.17 4077 13104
808.667 1656 5360
3736.33 9679 20041
4180.33 8848 19768
3046.67 5887 16625
2370.67 6014 17643
714 414 1248
825 1358 5143
942 2865 8083
1029 2251 7904
1886 4576 13795
6564.5 9188 23086
661.333 1478 5037
3802.83 4548 14108
1242.33 3225 10642
1985.33 5238 14795
1379 973 3833
1342 1982 7742
1651.67 5424 13017
3816.5 7908 18935
821 1354 4665
777.5 1874 6667
462.333 937 3243
1020 835 3057
456.667 1449 3302
1129.17 2768 9684
771.333 2644 7372
534 563 1941
1113.5 1595 6003
1251.83 1810 7277
402.667 723 2443
1490 1322 5010
510.667 689 2687
305 590 1177
3808.67 8730 19300
1360.33 3117 10371
1505.33 3543 11780
735 784 2829
302 619 1944
1541.5 1640 6179
1068 2072 7520
648 456 1010
1643.67 1799 6947
4686.17 8757 21278
446.667 1649 3599
3541.83 7933 19077
690.5 1298 4398
982.833 2544 8867
4330 7168 19077
636 472 1832
612.667 560 2037
717.833 2284 6520
1420.17 2751 9909
2497.83 5885 15099
1856.33 2291 9476
2163.17 3851 12936
1183.67 3514 10793
3600.5 5768 16138
6268.17 9479 21473
674.333 868 2809
1075 1540 5265
468 807 2659
314.5 613 1677
1078 2767 9535
802.667 2018 7174
1244.83 2991 10278
2833.5 5210 15747
615 501 1472
534.667 1178 4166
2292.83 5924 15105
592 523 1663
286.333 888 1991
383.5 873 2123
941.667 3128 7748
968 3418 9148
581.5 961 3578
5507.83 10051 22175
5705 9516 21609
2511.33 5743 15412
4570.33 8180 19161
339.5 552 1332
699 455 1742
238.333 594 1360
337.5 571 1593
1073.5 1306 4714
516 490 1234
434.5 1164 2772
267 677 1441
1869 1503 6028
836 654 2503
3116.5 5136 15150
692 415 1639
622 498 1490
1954 1506 6517
2033 1797 6857
3649 7236 18758
1330.83 2247 7574
1006 1550 5204
1789.67 3958 13028
634.5 1830 5953
827 678 2407
639.333 1587 5231
488 244 944
370.833 1278 2970
266 433 930
345 1075 2146
690.333 2116 6016
813.333 2261 7287
283.333 1183 2488
1041.67 3386 8929
296 639 1895
381.167 1211 2856
284 705 1979
304 407 789
500.333 1663 4404
572.833 1896 4971
217.5 417 614
3931.5 7845 19046
309.5 627 1961
477 888 3174
458.167 1368 4004
1151.33 1567 5403
3356.33 7724 18568
299 593 1343
416 270 0
237.5 741 1613
285 341 430
189 454 0
627 470 1251
5172.5 9908 21676
482 216 0
399.667 739 2230
198 388 0
561 560 1959
330 407 853
949 881 3054
300 456 997
907 908 3269
955 877 3287
485.833 1709 4475
526.5 1994 5976
587.667 1460 4448
985 884 3322
450 240 0
408 309 539
569 509 1659
355.667 500 1369
480 280 919
692 1785 5571
1251 3906 10926
252 353 364
1241 3496 10077
4050.33 7538 19022
444 289 962
5306.83 8118 19359
482 248 295
294 411 913
252 324 0
1125 829 2979
450 270 522
297.333 314 746
198 411 462
189 477 982
444 262 0
427.667 668 2000
1726 5522 13049
301.5 630 1535
255 387 588
217.5 372 0
285 300 0
410 330 870
480 232 0
530 1127 3507
480 260 695
308 418 979
544 1071 3903
297.333 278 0
460 286 597


400.5 1135 2818
1926.83 3356 11209
1284.17 3747 10822
436.667 981 2647
1567.33 3401 11639
3200 3591 12202
3426 3712 12426
2224.17 4435 13326
971.5 1666 5941
2084 3954 11976
2635 3430 11767
1076 797 3364
1317 920 3695
681.333 2311 6891
2265 1982 7290
6541 9295 21189
1531 1432 5282
2231.33 6577 16860
1565 3833 11476
2932 2836 9861
1643 3465 11644
2268 6462 16299
774.667 1576 5466
527 753 2547
1443.33 3192 10552
2627.17 5073 15023
1230.5 2924 10054
1282 1010 3563
1125.83 3322 9135
1104.17 3420 9600
948.833 2665 8149
392 782 2136
1554.67 4081 12584
2973.17 4415 14487
3736.67 5338 15696
3121.33 7961 17700
1432.33 2000 7660
692 415 1639
2978 6278 17603
427.167 1519 3046
341.667 545 1616
900.667 1930 6923
725 1688 6128
1586.83 4315 13097
1061 2273 8455
1341.5 2847 9067
1812.83 4044 12687
1380.67 3327 10682
1965 3961 12043
991.167 3084 8189
2216.67 5802 16236
1043.5 2963 8701
362.667 521 1426
1249.67 3167 10490
1282.67 3312 10496
4812.5 8214 20679
1350.5 3598 10708
1229 2268 7575
438.167 1270 2976
849.5 1518 5454
1170.33 2654 9013
2886.33 6680 17297
2240 4117 12804
911 628 2015
727.333 1941 7233
2857 6652 16973
2043.83 6278 15734
3987.33 9250 21090
1476.67 4125 12232
1390.17 2704 9856
478.5 1378 5171
706.5 2232 7028
2347.5 4257 13462
1282 2192 7810
2970.83 6099 16635
546.5 957 2765
618.5 1713 6742
4753.33 8107 19161
1181 721 2576
355 798 2041
1292.67 4131 10942
472 956 2617
910.333 1682 5729
601.5 1870 5488
1555.67 3604 10903
406.167 720 2331
4589.83 8639 19729
898.833 1971 7258
1011.17 2775 8370
1802.33 4766 14014
1900 4601 14867
264 696 1726
538 1106 4097
1376.67 1680 5951
1616.5 2939 10085
587.167 1625 5229
782 1671 5677
771.333 1518 5333
1552.17 3853 11276
1416.67 3676 10991
1042.17 1644 5649
1959.33 3604 11918
1681.17 4001 12361
1320.33 3128 10265
2339 4316 13147
636 480 1789
3731.67 5282 15260
304.5 586 1375
903.667 2195 7473
332.5 578 1070
240.667 624 1208
616.333 1245 4761
2769.17 6548 16735
1403 2145 7518
983.667 1238 4326
1215.67 3795 10919
454.5 1084 3290
1690.67 2907 10497
2862 7176 17084
924.333 2991 8061
1123.67 3658 10555
2311.33 5563 16601
2685 7509 17281
421 674 2296
496.167 1313 4137
664 1108 4229
6590 9366 21259
388.333 1279 2699
1724.67 3982 11895
338 522 1406
882.333 2396 7751
946.333 2903 8119
996 2653 8363
343.333 546 1725
1364 2806 9325
510 963 2989
1522.67 4074 11869
327.5 634 1585
1176.5 1157 4306
1074.5 3377 8837
975.5 3514 8290
692.333 2274 6811
577 828 2549
721 405 1033
4266.83 9421 21540
609.333 644 2029
807.667 2457 7706
3221.17 7724 19045
3122.17 7844 18066
1137 3339 9885
671 433 1673
608.667 1930 5844
236.167 928 2593
329.5 902 1895
677.5 918 3408
855 1049 3443
323.667 810 1835
307.5 625 1447
1188.67 2859 9020
1178.33 3825 10560
335 570 1599
5987.67 9443 22362
426.333 1431 2939
1221.17 3381 10021
1427.67 2549 9073
492.667 864 2501
522.333 459 1285
403.333 725 2299
654.5 937 3303
1283.33 2606 8540
642 479 1814
404.333 1047 2656
2953.5 5292 15573
921.833 2014 7328
556 549 1815
1317.67 2054 7425
189 477 982
598 522 1688
317 903 1908
347 469 1283
215.5 915 1613
221.833 932 2227
297.333 278 0
273.333 612 1176
697 413 1217
351 891 2592
343.5 883 2575
382 506 1550
416 270 0
3333 6697 17931
3690.33 6657 18646
1768.5 5243 13546
1720.67 5173 13408
821 860 3008
776 726 2636
366.5 868 2097
590 833 2874
732.667 2417 7242
252 353 364
521 560 1849
368.5 818 2374
4084.17 8293 19270
388 807 2242
701.833 1614 5293
198 411 462
537 449 1059
217.5 417 614
462.333 971 2969
3243.17 8650 20599
194.333 663 1412
366 882 2107
285 341 430
482 216 0
480 280 919
341 904 2343
510 960 2754
300 456 997
460 286 597
840 834 3022
266 433 930
539.333 959 3409
1314.17 3897 11780
336 568 1510
666.667 1088 3694
308 418 979
4080 8537 19234
444 262 0
324.5 622 1467
285 300 0
198 388 0
217.5 372 0
444 289 962
416 631 1901
5643 9850 22655
304 407 789
408 309 539
482 248 295
304.5 668 1596
410 330 870
330 407 853
255 387 588
450 240 0
686 418 1466
294 411 913
488 244 944
472.333 500 1369
450 270 522
480 232 0
252 324 0
189 454 0
3879.67 8989 20899
297.333 314 746
480 260 695
676 438 1906
552.333 455 1665
302 589 1059


442 748 2141
1315.17 2892 10079
1956.33 4512 13957
899 601 2066
4879 5310 16113
976.333 1351 5105
764.667 1941 7343
1396 3420 10700
272 705 1979
741 774 2392
1465.33 2593 9586
1293.33 3101 10596
2216.5 2150 8278
2046.5 2719 10621
534 563 1941
2732.33 4603 14314
1797.67 4711 14564
1131.33 2904 9282
1285.5 3728 10530
656 816 2523
872.5 863 3457
2534.17 3195 11413
760.5 2036 7366
740.5 981 3238
660.5 1768 5922
1286 2817 9772
2306.83 3516 12492
374.833 1027 2638
2369.5 4821 16080
2270.5 4654 15802
5456.67 9151 21143
370.167 1005 2620
1774.83 5062 14715
1733.33 4786 14250
941.667 2541 8693
993.5 1681 6604
2434.67 6902 17736
1640.17 4624 13923
1643.33 3948 12847
499 599 1875
1944.5 2828 10499
2644.33 5789 16249
664 800 2322
1413.33 3371 11171
280.5 673 1459
590.667 1292 4757
1029 2575 9052
612 632 1988
536 438 1906
612.5 695 2294
583.167 1153 3875
708 420 1257
1118.5 2500 8806
1563.5 3643 11337
3055 4144 14019
1846.17 3829 13684
751.333 1665 6113
4075.17 9234 19809
324.667 1101 2382
495 622 1916
1372.67 2612 9176
685.667 2281 6627
512.833 1759 4024
430.5 1171 3149
573.667 1577 4821
4220.67 8747 19554
2986.17 4453 13739
490 1001 3012
1024.33 2186 7693
440 1049 2779
561 560 1959
407.667 1267 3089
941 1618 5657
2174.17 3726 12259
383.5 849 2765
484 1544 3949
618.5 1156 4306
556 1254 3758
1057.5 2232 8209
3775 9820 19915
238.333 594 1360
5947.33 7959 19750
1299.67 2092 8179
1260.17 2197 8729
863.5 1149 4108
513 591 1941
898 632 2041
562.5 1603 4554
1603.33 3863 11894
351.333 777 2072
1803 3237 11982
216.167 853 1059
1061.67 3071 9397
928.833 1509 5075
3679.5 5536 16134
699 423 1067
434.667 1228 3302
797 722 2412
884.5 1293 4765
671 433 1673
3341.17 6479 17834
3502.5 9184 19467
1756.83 2859 10652
926.333 1423 4952
488.333 1411 3660
382.333 455 1665
932.833 2328 7807
646.5 1569 5227
291 647 1553
637 1924 5570
898 1519 5306
526 560 1857
1005.83 1452 5558
1007.67 2437 7913
1239.33 2922 10480
1121 760 2706
1126.17 2713 9121
517.5 821 2891
520 1312 4399
1490.17 4089 12472
787.5 921 3835
932.667 2379 7862
376 964 2641
1034.33 1562 5964
949.5 1514 5715
533 945 3167
735.167 1722 6803
1383.17 3643 11213
293.5 645 1579
997.333 1638 5728
2183.67 7014 14860
728.667 1414 4902
1325.5 1902 6917
897 1200 4781
1398 3484 11217
728 753 2357
2317.5 6501 16593
505 704 2319
567.167 1430 4559
3343.67 5692 16876
3024.83 6715 19330
4554.67 9215 21458
515 950 2833
334.333 569 1050
1545.33 2601 9744
315.167 856 2124
1976.5 5607 14759
4383.5 5604 16214
416.667 818 2308
633.167 1578 4976
976 1082 3871
702 798 2713
4994.17 9875 21709
2302.5 6066 16181
3132.17 6262 17547
2691.67 6368 17019
1835.83 2831 10155
1741.33 3634 12035
757 732 2622
1304.83 3682 11337
1401.67 3179 10759
670.667 2304 7541
1548 1404 5193
3505.33 9681 19716
450 240 0
728.5 1956 6366
1250.83 2683 9175
1454.33 3665 11557
4084.17 6214 16901
1090.17 2999 9321
4768.5 8351 20574
1103 776 2818
421.667 829 2474
1368.5 1850 7314
1288.33 1640 6202
606.667 1553 4865
347 469 1283
1120.17 3961 9658
5835.17 9224 21933
595.5 1986 4998
353.167 1317 3037
633.5 2177 5171
521 560 1849
1423.83 2058 8029
297.333 314 746
1515 1138 4597
488 244 944
255 387 588
749 812 2853
902.167 1616 5523
517.167 1609 4657
676 1676 5689
480 260 695
309.5 613 1711
1012 1126 4024
444 262 0
388 807 2242
4114.17 9051 19904
405 685 1909
480 232 0
2939.33 5845 16727
335 570 1599
413.667 1066 3051
1098.5 3260 9401
301.5 621 1771
267 677 1441
451 1069 3563
712 419 1863
480 280 919
382 518 1507
292 579 1294
281.833 857 2342
529 549 1751
304 407 789
1200.33 2944 9544
871 916 3051
812 660 2621
217.5 417 614
768 1632 5691
217.5 372 0
398.833 1208 3037
4260.83 8206 20458
416 270 0
335 488 1326
483.5 950 2786
297.333 278 0
285 341 430
1055 1151 4266
308 418 979
6044 9627 22775
1130 1050 3947
252 353 364
285 300 0
482 216 0
303.667 1121 2593
432 681 1927
189 477 982
460 286 597
408 309 539
198 411 462
266 433 930
294 411 913
3872.67 9429 19761
296.5 652 1835
403 639 1895
691.333 1001 3447
189 454 0
198 388 0
410 330 870
300 456 997
482 248 295
330 407 853
450 270 522
398 813 2273
252 324 0
444 289 962


676.167 1596 5837
4664.5 9591 21502
346.5 846 2109
799.833 2454 8260
341.667 545 1616
936.333 2376 8507
523 793 2814
2509.83 4163 13971
302 589 1059
977.333 2157 7533
637.667 1206 3832
4788.5 8757 20305
610.833 1175 3830
1393.5 4617 11805
794.667 2471 8135
683.5 1058 3439
1629.33 3383 11647
350.833 721 1708
975.5 2184 8003
438 1116 3437
4131.17 8382 18942
414 621 1771
717.667 1767 7034
480.5 671 2204
1140 1752 6553
1341.5 4577 11702
1446.5 4670 12500
5331.83 9311 21749
5462.5 8225 19736
1409.5 1734 6847
304 628 1438
2793.83 3918 12647
746.833 1748 6390
1306.67 2151 7358
1377.33 3721 11540
1470.67 3540 12459
838 2585 9119
744 712 2603
939.333 2180 7802
237 874 1412
2616.83 7057 18222
849.333 2286 7673
1847 2207 8938
1404.17 4069 12167
1452.83 4296 13049
1074 1118 4501
1381 2653 9737
1390.5 2581 9281
698.333 2601 6901
694.667 1333 4429
8043 9191 22125
1830.5 4001 12727
399.333 724 1765
1615.33 3129 11034
404.5 855 2958
834.667 2369 7585
834 651 2586
983 1398 5182
2479.67 4338 13467
1333.5 1537 5359
280 637 1137
4302.5 7927 19518
309 580 1392
432 681 1927
1330.5 4018 11524
2520.33 2864 10889
496 1281 3766
696 907 3237
225.5 739 1395
1689.33 4407 13051
340.333 543 1441
1807.17 5450 14239
1838.67 4611 13854
502.333 1792 5231
868 1302 5135
864 1498 5055
955.667 1590 5974
419 688 2012
1047.5 2045 7308
5817.83 8737 21333
442 1018 3265
421.333 1516 3935
746.833 2453 7219
367.167 1226 3250
1321 1894 7100
303.5 633 1630
316 986 2406
607 1244 4301
541 1585 5402
1451.33 3855 11665
403 639 1895
1156.17 3154 11268
3318 9592 18806
334.833 772 1897
534 591 1892
678.833 1104 3777
950 901 3005
1106.83 2990 10900
868.333 2229 7440
1116.83 2886 9251
1584.33 3990 12537
565 556 1723
411 1599 4451
489 1719 4733
1444.17 2296 8778
1093 1056 3852
947 2530 8717
3857 6553 18094
1695.33 1975 7112
1088.67 2716 9165
543.667 2291 6245
2315.33 2722 10037
1046 1186 4094
2356.83 4275 12832
686 452 1657
1115.5 1614 5977
4906.83 7026 18861
4511.5 8378 19621
1841.5 5321 14486
3551.67 9108 20587
5240.5 9674 22386
812 1536 5013
992.667 1202 5058
337.5 571 1593
1441 1465 5376
604.167 2090 5842
623.833 2112 6370
362.667 521 1426
529.667 1458 4142
780.333 2717 7688
330.5 580 1533
1735 3303 11647
714.333 1026 3637
1344.5 4465 11645
339.667 467 1093
528 1003 3428
290.667 809 1444
4709 8946 21339
526 640 1903
1731.83 4296 13424
1909.83 4503 14991
472 588 1852
1342.33 2864 10176
733.667 2462 7129
370.333 599 1676
1206 2016 7199
1059 2279 8717
2824.67 5926 17888
259 678 1108
334.5 554 1424
1724.67 4799 13283
353.667 857 2603
1261 2196 8026
925.333 2215 7958
372.667 457 1708
1683.83 4213 12602
4466.67 9641 21649
458.667 793 2419
1509 1526 5479
847 642 2459
1001.17 3096 9245
686 418 1466
831.5 2966 9108
301.5 630 1535
677 456 1472
281.833 857 2342
535.333 1353 4927
861 1196 4609
397.833 1401 3517
1365 2175 7625
1437 2160 8495
685 445 1234
314.5 613 1677
485.667 1717 4646
673.5 1157 3489
2116.5 5050 17448
347 469 1283
541.333 717 2265
706 422 1881
5574.83 9256 22602
5762.5 7611 19016
675.333 680 2454
432 1100 3218
1214 1049 4071
354 539 1408
267 663 1412
482 1213 3616
1213 1009 3448
3288.83 7036 18701
510.333 1443 4139
271.333 662 1346
252 324 0
3994.83 8985 21480
627.167 1816 6643
780.5 2717 8152
416 270 0
303 991 2392
589.833 1638 5440
459.667 1310 3869
608.5 947 3287
1206 1072 3908
300 456 997
703.5 1149 4003
375 734 1770
297.333 314 746
198 388 0
5277.83 9383 22361
297.333 278 0
722.167 2551 7115
488 244 944
632 547 1795
198 411 462
523.167 1498 4216
279.5 1151 2262
405 685 1909
636 480 1789
1251 983 3821
568.667 995 3117
304 407 789
285 300 0
605 551 1777
482 248 295
301.333 624 1208
217.5 372 0
482 216 0
291.333 655 1377
408 309 539
252 353 364
224.333 886 1613
217.5 417 614
255 387 588
480 232 0
189 454 0
397 736 2331
373 805 2479
189 477 982
480 260 695
285 341 430
450 240 0
480 280 919
444 262 0
410 330 870
330 407 853
294 411 913
3363.67 8647 20127
266 433 930
642 479 1814
308 418 979
297 658 1662
450 270 522
460 286 597
264.667 875 1583
444 289 962


2342.67 5059 15803
3651.67 8541 19244
2774.17 4050 13000
1265.83 3360 10334
1713 1644 6047
952.667 2758 9239
1118 2159 8050
1905.5 2888 10144
2138.67 5840 16007
338 522 1406
2368.17 4372 13294
1966.67 4779 13297
2042.67 4978 14576
607 1312 4791
2492.17 4884 14626
473.5 1028 3195
337.5 571 1593
2542.5 6701 16124
1304.17 3938 12877
1226.5 2581 9341
2747.5 8466 18881
750.667 2650 7149
377.5 832 2141
464.833 2042 5958
1016.5 3376 9781
2351.67 6793 17972
648 1517 5555
1345.67 3253 11597
556 1022 4067
1543 1838 6625
714 791 2780
1139.5 3068 10021
847.833 2369 8258
878 635 2527
721.333 1851 6309
718.333 1859 7082
697 728 2173
2282.5 2875 9781
2965.67 4268 13578
2024.33 4426 13319
2078 4545 14524
272 705 1979
315.333 600 1317
438.5 758 2213
550 1341 4539
1550.83 2912 9610
4568 9742 21333
432 1011 2968
1411.67 2983 9625
1150.67 2462 8491
4852.83 8642 20308
745.667 1595 5681
296.5 623 1044
1646 1733 6266
2065.5 4809 13932
2689 2957 10733
536 1481 3670
629 2709 7580
837 832 2944
723 757 2403
413 1136 2829
542 1098 3689
2131 2394 8846
352.667 502 1461
4545.83 8962 21314
4503.5 7113 19355
660.667 1462 5606
1069 813 3051
315 965 2752
830.5 1886 7206
1002.83 2645 8456
3721.5 6273 17499
677 456 1472
936 569 2052
1881.33 5233 14491
1894 5265 15079
3211.67 6609 18754
1135.83 2988 9854
4408 5976 16863
1984.5 3199 11155
2031.5 4646 13330
2125.5 3040 10472
1093.17 2626 8674
1536 4221 12993
3245.83 5493 16176
714 414 1248
1096.17 3266 10020
3824.33 5559 16772
553.5 767 2596
2338.83 5148 15201
1417 1161 4211
1304 3275 10927
2928.17 6554 16858
875.833 2858 8630
5987.17 9074 21624
529.5 788 2530
619 1218 5361
409.833 457 1708
354 504 1532
549.5 1699 4124
857.833 2185 7368
581.667 1805 4729
484.333 888 3146
1053 779 2751
4098.67 9272 19593
3531.5 9275 19400
4770.83 9663 21546
1933.33 5741 15620
1764.17 4656 13227
599.5 1144 4074
540 1730 4042
1000.17 1785 6380
735 745 2271
431.333 1558 3297
1252 3669 12551
1411.17 3159 10837
832 700 2612
267 914 2167
1062.83 2518 8645
3150 3590 11887
477.167 2014 4881
850 661 2314
1099.67 1616 5691
3602.83 7825 19033
618 865 2762
5326.33 8732 20360
3334 6027 16430
594 1827 5607
4163.67 8721 19513
2406.33 3792 12759
1003.33 2186 7487
330.5 580 1533
1194.17 2696 8898
537.667 982 3209
4050.33 5394 16037
488.333 1263 3609
618.667 825 2778
653.333 1819 5795
273 678 1108
805 737 2237
509.833 1913 4972
699.167 2264 6174
5800.17 9776 22058
376 953 2342
556 549 1815
1428.67 3654 11628
1803 1577 6043
1163.83 3010 10290
607 855 2605
318 589 1024
266.5 817 1975
1711 1992 7325
3688 3786 12840
3530.17 5016 14863
822.667 2382 7632
1020.5 3162 9464
260.833 808 1076
6161.33 9176 21940
342.667 837 2199
1242.5 3838 10726
826 638 2293
616.667 1481 5401
1875.17 5278 14879
465.333 587 2103
699 455 1742
3577.5 4190 14128
2315 5488 15691
1073.5 2363 7933
423.167 941 2711
1549.67 4137 13199
4512.67 6003 17136
1015 852 3115
323 589 1570
724.667 1666 5989
3966.5 6119 17307
1154.83 2132 8328
1042.5 2112 7539
4999.83 7671 19508
379.5 873 2624
570.833 983 3276
542.833 1462 3997
4090.5 3950 13166
299 640 1352
4495.17 7997 19384
1936 1774 6984
7274.5 8672 20502
3235 5779 16219
551 1078 3427
877 973 3261
642 479 1814
475.667 1502 3610
294 411 913
5287.67 8871 20582
775.667 1778 6098
189 454 0
1027.5 960 3224
352 516 1268
5839.67 9425 22021
302 619 1944
480 280 919
1831.17 5542 13560
309.5 592 1085
686 452 1657
252 353 364
252 324 0
297.333 278 0
450 240 0
217.5 417 614
444 289 962
3925.17 9095 19553
534 563 1941
6327.17 8613 19601
285 300 0
493 1788 4035
1807.5 2057 7338
6061.33 9470 22668
460 286 597
255 387 588
240.333 584 1018
708 420 1257
425.667 1521 3003
189 477 982
304 407 789
1086.67 3812 10452
349.667 417 944
480 260 695
330 583 1153
482 216 0
198 388 0
4393.67 9925 21013
544.333 1439 3890
3797.5 9630 20006
300 456 997
285 341 430
488 244 944
637 873 2906
484.833 1336 3455
410 330 870
480 232 0
198 411 462
217.5 372 0
407 548 1558
6423.5 8763 20519
482 248 295
302 606 1026
450 270 522
408 309 539
266 433 930
444 262 0
297.333 314 746
330 407 853
416 270 0
570 544 1898
429.833 760 2089
308 418 979
408.5 769 2486


1644.67 4466 12552
1003 2090 6880
2015.33 6504 17971
2092.83 6760 19194
760 2155 6737
466 1226 2853
1267.17 4516 11598
2003.33 4978 15513
1527.33 2722 10522
784.833 1463 4681
1978.67 3292 11962
1739.83 4792 13809
417 1143 2761
750 1380 4547
945.667 2102 7823
540 606 1976
528 1488 4544
1719 2718 10073
764.5 2149 7245
2171.17 6028 16496
1111 3115 9056
1764.17 4070 12586
1209 1047 3958
1004.83 1860 6392
525.5 1707 4668
1044.17 1910 7240
1288.5 3346 12219
3156.5 5003 15765
1112.5 1685 6709
1517 1185 4817
727 1487 4986
853.333 2159 7819
590.333 1793 5137
339.5 552 1332
900 1059 3829
2203.67 3993 13058
1817.17 4090 13646
4128 9015 21779
1255.5 3643 11462
2015.5 2436 8947
704 1867 6689
356.333 1000 2514
850.333 2662 8519
1859.67 3788 12283
373 1657 4354
814 680 2428
656 818 2559
1179.17 3032 9047
1045.5 2089 7354
1466.67 1496 5779
1070.83 3186 9255
1497.67 4806 14190
1801.83 4171 12712
1839.17 4418 14043
410.5 498 1300
353 696 1908
1362.83 2416 8265
779.833 1576 5015
903.5 1923 6759
1266 2458 8013
476 1270 3973
626 467 1410
1116.33 3896 9681
3204.67 5973 17965
3098.17 5800 17400
196.833 637 1076
1537.5 2309 8214
3901.17 6622 18783
782.333 1718 5370
516.667 920 3096
344.333 716 2440
1465.67 4399 12318
3122.5 4614 15749
2302.33 4625 15221
1700.5 5635 15321
1657.17 5372 14891
702 1756 6149
1316 1680 6179
834.167 1749 6204
690 990 3529
1503.5 2560 9041
606.833 1749 5037
847 686 2564
250.833 888 2058
564.5 866 2938
2152 4085 12652
492.5 979 3146
882.5 1405 4757
1241.5 1907 6733
738 756 2463
551.5 1440 4124
995.5 2304 7904
1238.17 2543 7997
651.333 2004 6152
1459.5 2273 7948
760.167 2445 7700
332 781 2098
1929.67 3998 12410
838.333 1459 5408
812.667 1613 5952
867 646 2030
1343.5 1581 6180
2253 3960 12706
2780.5 5831 17209
2517.17 5243 16313
256.667 589 1570
3835.17 7499 19230
919.333 1201 5058
1725.17 5370 14698
1842.67 5298 15617
447.667 1487 3740
5559.17 8845 20438
275.333 867 2149
578 518 1923
1128 3879 9371
461.833 1458 3514
1280.17 2485 9028
299.833 849 2276
1019 831 3009
298 1134 2413
296 639 1895
272 705 1979
372.333 459 1285
475.5 697 2271
2010.67 3886 12589
1066.67 3043 9023
5724.17 8662 20437
654.5 1537 4829
922.833 2091 6914
415 619 1944
2022.67 4147 13849
1408.17 2812 9799
1144.33 3084 11075
3961.5 9398 20810
3438.83 8988 19471
939.333 2553 9011
1706.5 4308 13276
650.667 1617 4546
521 560 1849
449 555 1375
918.833 2140 7130
389.5 500 1317
1188 1607 5435
561.167 1367 4213
691.333 2227 7379
884 645 2630
386.667 1443 2774
465.333 1616 4318
4570.17 8838 20199
392.333 1275 3283
490 975 2976
2242.67 4684 14276
478.833 1231 3103
1311.83 2961 9299
620 473 1501
328 545 1050
484 593 1625
1555 2464 8519
189 477 982
2322.83 6427 16952
351.667 511 1334
1379.5 4558 12878
4858.33 8882 20417
274 702 1644
640 449 1483
5784.33 9815 22051
489.5 810 2555
658.667 787 2687
1023.33 1158 4552
477 1030 2715
5131.33 9567 22028
616 504 1691
247 662 1346
3805.17 9113 20252
1080 807 2831
664 447 1648
661.833 1613 5212
547 534 1874
410.333 570 1599
463.333 502 1461
356 1275 2647
480 260 695
321.667 599 1676
617.833 1061 4338
432 1107 2752
686 452 1657
5905.83 8525 20859
398 842 2650
294 411 913
276.833 879 2161
537 1236 3456
308 418 979
480 232 0
484.5 1016 3236
342 518 1191
750.333 650 2278
427.833 1244 3497
889 628 1996
198 388 0
529.167 1678 4688
297.333 278 0
356.5 562 1518
274.833 768 1989
280 935 2259
555.667 1922 5207
657 811 2622
3517.83 9485 19826
3866.33 8557 20118
482 216 0
520.333 906 2773
4619.67 8547 19782
534 563 1941
673.333 1306 4518
488 244 944
217.5 417 614
297.333 314 746
450 240 0
499 599 1875
614 509 1493
879 986 3284
252 353 364
252 324 0
522.5 905 2814
410 330 870
549.333 1155 3402
217.5 372 0
304 407 789
1001 884 3420
300 456 997
266 433 930
460 286 597
255 387 588
198 411 462
4223.5 8117 19663
330 407 853
189 454 0
416 270 0
285 300 0
285 341 430
444 289 962
482 248 295
480 280 919
450 270 522
444 262 0
408 309 539


1648.33 1626 6089
1525.17 4598 12379
829 674 2383
3047 4589 14284
455.333 1508 4167
1778.17 2530 10249
2184.33 6009 15005
1320 3957 11834
1354 3851 11088
4241.5 9584 21586
569 1370 4180
1964.5 3661 12428
1584.33 4507 12224
322.333 1142 2921
2332.17 3493 12365
1964.5 4038 12219
1854.67 3513 11235
5376.33 8071 18960
1074.33 3050 9615
699.667 1651 5251
1208.33 2697 9461
858 659 2324
4821.17 9646 22202
2106.83 4437 13376
961.667 2710 8923
527.833 709 2423
468 614 1843
1224 1076 4301
1591.83 4443 11896
2043.67 5872 14870
1531.67 4595 12519
435.5 775 2782
1275.83 3551 10349
3852.5 5850 16683
1264.67 3609 10109
1345.17 3563 10493
1998.67 5316 14010
1770.67 2522 10044
1144 2295 8237
1683.5 2559 9166
1947.5 5698 14447
964.333 1929 6923
1551.67 2564 9431
2903.17 6074 16093
763 1603 5890
481.667 733 2359
2114.5 5023 13684
5618 9240 21758
1375.5 3231 10377
2298 4165 12660
2305.67 4367 13477
312 937 2092
1100.5 2260 7779
499 599 1875
550.833 2096 5222
636 472 1832
935 904 3400
1403.17 2569 8447
631 1144 3723
1761.17 5290 13468
2977.33 6785 18114
600.333 1890 5440
2190.17 5573 15024
420.333 820 2658
2322.33 4552 14114
1859.83 4642 13272
3312.17 6363 16917
1223.67 2634 8901
343.667 1060 3174
3161.5 5637 15232
1263.17 2146 7666
2445.67 6290 16342
2567.67 6473 17294
3738.33 5473 15748
330.333 1023 2122
1218 3626 10753
2685 4931 14140
6758.5 9075 21196
3878.67 6305 17215
1454.5 3937 11232
1370.17 3337 10203
2514.67 5538 14667
2864.5 5158 14668
712 419 1863
448.333 1460 3351
1396 1212 4410
569 1245 4014
1865.83 3601 11556
691 1439 5044
2937.67 8843 20196
617.5 2071 6700
2872.17 3363 11384
1772.67 5119 13825
1645 3978 11847
1616.5 1912 6997
2391.67 4222 12877
469 1044 3123
1232.17 3266 9814
5386.33 8383 19285
1614.5 2974 10277
883 1760 6154
919 608 2280
694 1047 3581
2453 6717 17066
3553.17 7809 18506
3527.67 6628 17565
3326.33 6710 18418
1105.83 3528 9629
1745.17 2880 9487
3357 5149 15336
840 653 2242
382.333 455 1665
2282 5813 15933
3414.67 3488 11428
1686.67 4563 12481
2121.67 4989 14314
549.5 1307 4038
972.333 2689 8480
781.167 1465 5176
601.667 1466 4596
1191.67 3109 9700
434.667 1032 2864
1186.83 2560 8364
1912.5 2095 7497
1608.17 3188 11089
301.333 624 1208
896.667 1502 5801
1373.17 3214 9814
951.667 1749 6153
710 2245 6860
707.333 2284 7474
1447.67 3641 10796
1683.33 2961 9649
984.167 1960 7492
443.5 1809 3663
1430 3384 10399
540.667 1422 4378
4420.5 9558 20224
3605.33 6116 16539
1211.83 3695 10062
1161 1112 4104
4992.67 9055 21155
466.167 1126 3670
833.5 2828 7949
621.333 1815 6369
525.167 1248 3863
2952.67 4400 13532
3824.33 7923 18773
304 609 1277
568.667 695 2903
1227.33 3249 9811
2636.17 6103 16236
5884.83 8367 19902
3313.67 5296 15508
3465.17 5011 14848
2914.83 5675 15665
1054 840 2975
856 2149 7315
686 418 1466
521 560 1849
2342.33 6399 16523
1520.17 3825 11201
1256.83 3412 9946
575 562 1867
3792.17 7184 18696
448 678 2343
1759.17 3581 11337
647.5 1003 3351
1040.5 2186 7529
1193 3743 10479
2110.17 5615 14545
1515 1681 6141
398.333 1004 2810
739 1076 4042
4129 8275 18810
823.5 1931 6837
3696.83 5483 15726
5193.17 8122 19134
1889.67 4484 12955
3161.33 5457 14991
1251.33 2510 8441
562 945 2809
304.333 557 1153
315.333 546 1079
640 449 1483
1245 987 3561
633 1574 4934
1032.67 3151 9097
296.5 652 1835
756.167 1574 5862
570 1712 4604
2417.33 5541 14997
689.5 1200 4174
1827.67 4110 12578
706 1175 4082
940.5 2356 8263
486.667 1431 4138
632 547 1795
502.167 1636 4500
240.333 584 1018
407.333 838 2638
1279 1744 6898
428.5 805 2300
734.167 1595 5293
368.667 738 1929
872 630 2297
1799.5 2463 8723
2168.5 2506 8832
4437.67 8498 20537
540 606 1976
570 534 1674
2442.5 2251 8164
1105.5 2630 8688
587.333 1013 3243
707 1165 3740
309.5 613 1711
341.667 545 1616
801.5 875 3100
480 1349 3952
805 681 2451
839 2656 8077
2402.33 4091 12599
1553.17 3178 9942
693 1413 5099
1113 1383 5601
4555.83 8399 18999
3528.33 8829 19150
224.333 927 2043
495 622 1916
1800 1609 6149
694 446 1527
308 418 979
300 456 997
584 508 1733
589 1220 4082
365.667 881 2773
450 240 0
1304.67 3178 9731
456.167 1232 3273
613.667 1261 4811
523.833 1737 4779
434.5 778 2089
4950.67 9354 21684
2304 4667 13841
2286.5 4819 13827
4158.17 9713 20364
1069.67 1762 6296
405 685 1909
982 879 3187
1500.83 4899 13277
1874.5 4497 13535
4836.5 9392 21459
587.667 1278 4035
894 608 2202
230.5 741 1613
3177.17 8682 18419
480 232 0
582.167 948 3210
362.667 521 1426
276.5 663 1605
5165.67 9384 22390
351.667 511 1334
2647.17 4299 12879
304 407 789
246 881 2035
460 286 597
431.333 1039 2968
408 309 539
482 216 0
405.667 837 2529
297.333 278 0
663.5 909 3191
1260 1018 4002
431.667 1149 3217
442 642 1768
488 244 944
294 411 913
189 477 982
410 330 870
285 341 430
434 1233 3286
285 300 0
569 841 3038
297.333 314 746
657.5 987 3226
444 262 0
482 248 295
330 407 853
480 260 695
252 324 0
450 270 522
416 270 0
189 454 0
323.333 599 1394
444 289 962
480 280 919
198 411 462
271 655 1260
255 387 588
454.167 1495 3748


3347.5 5542 15712
685 445 1234
2246.5 6383 15653
423 812 2532
3779 6306 16847
3862 6198 16460
637 478 1526
513 591 1941
819.167 2040 6650
2672 7239 16331
2944.67 7214 16913
1437.17 3158 10329
1608.83 3685 11670
606 511 1624
1383.33 3071 10141
1543.67 3086 10694
930.167 1737 6539
339.5 552 1332
4317.5 6151 16078
1374.67 2538 9444
651 2064 6141
1144.17 3127 9586
2284 5660 15214
893.667 1829 6626
2272.17 5068 14838
947 1264 4354
772.833 2460 7219
424 1178 2695
715 413 1300
2411.33 7405 18116
1713.67 3964 12957
1175.5 2843 9157
817.333 1681 5920
1030.83 3287 9561
3980 7302 18012
4305.33 8059 18974
1133.67 2435 8587
1119.5 2286 7819
1050 857 3034
727 844 2923
726.333 1860 5873
5270.83 9495 21730
1320.33 2056 7496
975.167 2583 8347
1478.67 2890 9755
588.667 1762 5793
2777.33 3000 10506
5185 6008 16356
2297.33 3731 11961
1174.67 1886 7285
1783 1990 7768
4508.33 8804 19912
3570.67 5887 15870
2083 3544 11142
863.333 1402 4702
540 606 1976
3109 4749 14601
1216 1066 4499
954.667 1727 6067
415 831 2317
583.833 1921 5329
347.333 535 1728
3483.83 8429 19190
335 570 1599
2695.17 6345 16432
420 795 2360
230.5 741 1613
1214 2128 7389
1214 2147 8162
646 462 1634
813.5 1397 4214
1286 3983 12027
917 1624 5888
3070.33 5651 15091
924.5 1397 4986
968.833 3191 9520
1239 2544 9647
993 1259 4221
1755 5810 14791
2548.83 5725 15742
881 625 1994
2196.5 2870 9913
604 507 1510
500 604 1849
1637.5 1977 7322
6052 9842 22169
618 492 1377
2114.33 5266 14522
781 2181 7728
617.667 1547 4882
5219.83 6687 18478
1111 3290 10484
840 2714 8982
1204.17 2365 7863
1715 3086 10945
415 1553 4006
2515.5 4291 13811
2552.33 4271 13283
1376.5 3199 10447
1067 3023 9198
931.333 1827 6563
1390.83 2941 10131
1036.17 2978 9135
812 653 2072
636 480 1789
1366 1518 5753
510 1654 4035
683.333 1902 5902
949.333 2071 7170
2537.83 3281 11161
583 1329 4213
899 941 3287
617.833 1420 4674
503 1492 3492
543.667 1442 4238
981.333 2519 8389
3747.83 7912 18828
380.333 939 2440
508 1261 3759
5061.17 8916 20097
757 750 2660
1033.33 3334 10960
1186.33 3243 10047
1199 1617 5686
728.667 1759 6204
3078.33 4874 14552
1721 1314 4763
691 1187 4159
4962.67 7419 18564
640 449 1483
527 1455 4238
3634.17 9165 19466
737 766 2860
515 467 1093
837.333 1856 6421
3807.33 9632 20792
620 473 1501
1357.33 3299 10700
680 1505 4693
343.333 546 1725
4935.33 9473 21316
1260.5 1247 4642
587 518 1659
786 721 2716
471 930 3243
1230 3998 11126
793.833 1891 6390
2192.17 6170 14930
2248.5 6039 15392
2075 4738 14275
4195.83 8253 19132
4452.33 8826 19882
582.167 1113 4121
1672.33 4356 13921
1664.17 4476 13763
1188.67 2900 9183
1497.17 4746 13475
5164.83 7863 20344
3243.17 5391 14959
692 462 1760
1399 3787 12415
4748.33 7529 18933
464.333 1433 3206
4795.83 9676 21323
338.333 559 1299
879.833 2035 6678
4950 9587 21710
835 652 2086
463.333 502 1461
522.333 1626 4704
547 534 1874
678.333 1406 4329
554.833 1572 4871
1694.5 4151 12644
641.5 1417 4244
521 560 1849
1048 2514 9000
763.833 2411 6610
3148.17 6651 17868
761.333 2549 8215
1596.17 4579 14237
622 2173 6527
576 521 1585
2040.67 5736 14438
634 851 2829
1426.5 2340 9163
430.667 672 2644
661.333 667 1983
3003.67 5403 15039
790.833 1757 6321
2701.17 6180 16029
2703 5544 14859
435.667 1014 2761
247 662 1346
315.167 856 2124
713.5 1205 4180
945 565 2233
327.667 522 1044
4788.83 7860 19108
1426.5 2312 8293
330 407 853
1272.17 2138 7475
802.5 1025 4128
952.167 1350 5612
890.333 2014 6972
1174.5 3274 9806
1754.17 2899 10316
5490.33 10023 22387
729.5 1497 4917
425.5 472 1374
389 836 2451
812.167 1665 5909
4538.67 7677 18273
750 2055 6385
5439.83 8843 20732
2801.83 5942 15935
3073.83 6001 16062
1526.5 2120 7769
4528.5 9353 20590
4997 9952 22027
274.167 769 1771
934.333 1287 4207
4460.5 9862 21136
568.333 1244 3627
568.333 1299 3991
2985.83 5290 14905
688.333 671 2457
276.5 671 1912
1059 1229 4347
787 670 1997
256.667 589 1570
535.667 1594 4762
3086.33 9247 19060
473.667 927 2956
484.5 1091 3407
4753.83 9026 20791
3605.17 8254 18825
3322.5 7784 18295
775 2300 6625
563.5 914 2720
615 501 1472
465.667 1321 3280
870 902 3198
480 280 919
680.667 1535 5549
3869.33 8347 19858
3319.83 8567 18901
482 248 295
775.667 1079 3353
347.333 1263 2458
2823.67 3169 11256
432.333 1407 2705
712 419 1863
4149 5319 15027
300 456 997
330 580 1167
416 270 0
334.333 569 1050
488 244 944
460 286 597
3365 4269 13089
217.5 417 614
480.333 1510 3790
444 262 0
252 324 0
694 446 1527
339 778 1944
189 477 982
482 216 0
308 418 979
409 790 2300
2375.67 3558 11217
408 309 539
297.333 314 746
266 433 930
304 407 789
5107.67 8223 20727
6298.5 9363 20878
367.833 958 2233
198 388 0
297.333 278 0
285 300 0
480 260 695
255 387 588
217.5 372 0
450 240 0
189 454 0
616 504 1691
294 411 913
480 232 0
285 341 430
198 411 462
450 270 522
444 289 962
252 353 364
627 470 1251
410 330 870
356 502 1041


986 1438 5195
1064.17 2373 8620
1569 3175 10752
653.833 1744 6021
714 414 1248
906 1481 5477
1729.33 4458 12999
816.5 986 3585
2038.83 3689 12233
387.833 1038 3226
599.667 1193 3728
2041.83 2497 9173
1411.33 3944 12484
2282.17 3655 12548
2326.33 2653 9609
2603.83 5541 16582
2350.5 3235 11126
2901.33 3937 12902
3767.83 7771 18878
2985.5 5410 16382
2592.5 5663 17974
1816.17 4707 14929
3054.5 5068 15514
2476.17 5614 16043
2589.67 5582 16180
1659 1359 5423
421 791 2207
831 724 2690
2689.5 4073 13649
3105.33 7047 18384
671 788 2524
522.333 459 1285
2198.5 4480 13897
2875.33 5124 15391
1383.33 4318 12624
1002.5 1736 6236
2018.83 4702 14096
1180 1096 4070
677 456 1472
2370.33 7441 16536
1734.5 4635 13572
1084 1647 5820
641 486 1516
309.333 749 1913
3285 4620 13929
296.5 652 1835
1002.67 1664 5783
341.333 962 2331
1901.83 5684 15751
1238.67 3264 10708
1311.67 3444 11904
1579.67 4492 12785
308.833 820 1865
843.833 2378 8298
3305.83 8935 18500
1480.17 4755 15276
1293 1319 4486
467 675 1989
647 466 1331
2312.67 6372 16403
2158.17 4689 14964
330.5 580 1533
1332.67 3190 10838
1091.17 3147 10140
720.5 2329 7701
1944.33 3206 10997
273.333 612 1176
1730.67 4501 13436
3414.83 8088 19036
603.167 1650 5170
494 755 2488
1343 1294 4783
1038 1086 3811
977 1739 6559
776 2287 7432
265.5 711 1245
1629.33 2810 10313
557.333 1788 4363
584 537 1800
338 522 1406
209.833 636 1202
341 591 1780
398.333 933 2488
4385 7584 18782
1826 1539 5648
1012.17 2718 10012
484.667 775 2317
1530.5 2666 9661
1377 1614 5582
592 521 1610
248.333 894 1596
845.5 1103 4357
1283.33 2596 9283
1625.33 4308 12671
744.167 1728 6230
3763.33 8831 19709
3405 6079 18468
3906 8516 19710
1091.33 2555 8714
1279 1043 4131
550 914 3430
563.5 722 2353
2182 2894 10685
871.833 2013 7112
4372.33 6715 18517
822.5 1908 6619
240.333 584 1018
2051.5 3708 12848
891.333 3015 10136
620 473 1501
513.333 1950 5659
1342.67 3366 11562
1225.67 2922 10463
2034 3275 11355
416 796 2183
2119.5 5210 15636
3625.17 8540 19240
575 562 1867
294 847 1595
1254.33 2393 8953
919.333 2649 8901
941 1453 5206
1036.5 1669 6724
586 528 1735
285 626 1277
780.667 2240 6900
1676.83 4206 12502
1273 1150 4403
564.333 1233 4355
614 509 1493
625 507 1692
1158 743 2863
1177 723 2512
688.167 1787 6408
549 1283 4301
6430.17 9982 22172
715.5 1152 4342
2424.83 6075 17346
581.833 672 2437
437.5 1018 3190
752.333 1559 5130
386.5 514 1458
697 413 1217
621 1586 5291
1667.33 3162 10670
449.5 1193 3519
591.167 1861 5371
750.333 2000 6688
982.333 2288 8164
547.333 1770 3915
756.333 1650 5474
938.833 2576 8922
272.5 644 1206
1288 3866 11500
1313.67 3686 12114
720 733 2506
362 902 2406
562 1712 4928
835.5 1716 5870
574.833 1406 4426
692 415 1639
600.5 2181 5692
1051.67 2369 8424
1312 1429 5163
656.833 817 2976
424 686 2184
1804.83 4703 13833
1217 2631 8961
463.333 502 1461
692 462 1760
598 522 1688
797.833 2035 7160
1280.67 2209 8888
1066.67 2032 8035
4926.83 8524 20571
1986.5 1969 7240
1115 789 2881
437.333 1158 3508
315.333 600 1317
1048.33 2144 7908
318.667 606 1659
484.5 1026 3321
1265.33 3279 10721
1280.67 3280 11151
407 767 2164
556.833 1791 4333
247 955 1773
522.5 794 2797
1306 1432 5181
562 546 1797
4973 9228 20876
320 603 1320
292 579 1294
470.667 937 3010
931.833 1714 5557
823 638 2212
302.667 545 1050
265.333 876 1208
635.333 1897 5671
975 903 3002
294 411 913
271.333 662 1346
682.5 1699 5437
189 454 0
1299.83 3219 10939
834 647 2354
648 456 1010
496.5 1863 4337
1175.67 3526 11040
687 1679 5460
500 1199 3844
619.5 961 3492
1313.5 1375 4915
308 418 979
4511.33 9297 21799
457 961 2726
189 477 982
450 958 2540
351.5 893 2320
341 541 1690
3652.67 8182 19612
1834.33 3107 10750
715 1363 4887
415 619 1944
636.667 1557 5031
782.167 2133 7364
2867.67 6946 18169
614.167 2049 5978
642.5 1463 4512
480 260 695
1494 1153 4837
602.333 1908 5376
408 309 539
323.333 599 1394
488 244 944
275.5 660 1235
198 411 462
304 407 789
498 580 1702
266 433 930
474.667 922 2991
642 479 1814
1782.5 4077 13496
827 638 2252
285 300 0
340.333 543 1441
482 216 0
444 262 0
252 324 0
480 280 919
548 552 1708
217.5 417 614
531.333 1354 3865
378.5 1254 3072
444 289 962
480 232 0
252 353 364
297.333 278 0
410 330 870
450 240 0
416 270 0
217.5 372 0
198 388 0
4109.5 8710 20022
279.333 854 2219
988 910 3023
285 341 430
300 456 997
420.167 1322 3290
255 387 588
320.5 1027 2787
371.5 852 2483
460 286 597
5507.83 8604 21188
330 407 853
558 477 1349
615 501 1472
450 270 522
482 248 295
297.333 314 746


1977.83 5225 13968
4546.17 7050 18483
1741.33 3961 13450
2452 2090 9466
1656.83 4956 12680
689.167 2300 6911
1299.67 2520 8505
3518.17 5395 15257
1668.5 3451 11529
962 2423 8472
1985.33 5064 14268
3612.33 7969 19241
309.5 627 1961
958.333 1900 6873
2325 4574 14281
2365.5 4821 14569
2212.33 4012 13876
1468.83 3481 11291
863 1815 5998
802.5 2504 7612
1854.5 3166 10910
957.5 1782 6055
993 2296 7891
405.833 1134 2913
911.833 2598 8223
2020.17 3333 11811
627.167 1841 4797
3586 8170 18608
1023.67 2953 10118
2221 2337 8859
1666 1388 5547
605.333 1583 4733
1264 1235 4931
1228.5 2863 9696
706 422 1881
1160.67 1667 6630
4894.17 7484 19262
2491.17 3289 11160
1380.5 2613 9881
1676.5 3339 11346
820 1521 5459
4163.33 9363 21053
417.667 1242 3875
435 1195 2981
561.833 1451 4374
1102.33 3291 10787
570.833 840 3631
664.667 950 3882
1063.5 1648 6499
1700.67 3032 10531
707.167 1624 5762
885.667 1912 6432
2292.33 4952 14383
536 438 1906
340.333 543 1441
588.167 2177 6211
715 413 1300
2133.17 4327 13487
397.667 658 2097
2303 1878 7023
2223 5601 16117
1499.17 2935 9892
269.333 822 2374
387.5 854 2641
1724 4199 13155
671 433 1673
1701.33 5011 13792
2127.17 4389 14015
1435.5 2502 8769
2176.5 6230 15363
411 495 1125
513.5 2000 4735
1047.67 2168 8155
768.667 2712 9102
308.667 586 1162
732.833 2176 6782
1923.67 4496 13558
450.167 1101 2959
499 599 1875
1666.17 2822 10432
882 1050 4580
1489.67 3059 10694
623.5 759 2319
768 1613 5442
1365.67 2610 8817
962.333 3112 9538
478 522 1406
831.833 2390 7352
589.167 1844 5759
311.167 1342 2618
2298.5 2287 8496
741.167 2154 7269
1819.5 3336 11448
1028 1962 7935
592 702 2299
3912.83 9305 19859
1075.67 2656 9339
354 539 1408
1673.67 2643 10070
588.167 2051 4893
340.667 559 1490
1708.17 3784 13144
2962.5 5382 15229
2011.5 5090 14910
1904 2596 9777
3681.67 5320 16438
1453.33 3019 10390
276.5 663 1605
2133.17 5510 15145
1521.5 2310 8807
1736 3400 11906
1274.33 3486 12601
1627 1625 6437
1684.5 5129 12710
874.167 2473 7849
343.333 546 1725
759 723 2418
746 1247 4536
697 413 1217
3223.83 8341 18559
348.667 544 1544
627.333 1303 4943
904 602 2153
766.5 2449 7481
746.333 2007 6474
352.333 511 1334
791 730 2459
668.667 1724 5592
1998.67 5518 14576
2115 5779 15029
580.333 1591 4382
712 419 1863
713 789 2397
521.5 964 2948
882.667 2047 7162
1174.5 1850 6678
740.833 1289 4478
3253.5 6078 17464
1275.67 2677 9662
315.333 546 1079
1053 1646 5776
448 629 2155
1058.33 1871 6536
244.667 581 1110
296.5 652 1835
408.167 1525 3602
554 1209 3559
883.5 2421 7947
876.5 1394 5235
476.333 937 2942
2340.83 5402 16861
475.5 1038 2913
319.5 626 1332
1359 2628 8632
502.333 1340 4206
198 411 462
3947 5984 17360
2306 6321 18386
191.833 668 1596
737.5 1274 4146
1069 3210 10200
4004.17 8710 20659
396 1241 3438
1055.5 1590 5660
816 719 2306
596.167 1856 6298
649.5 617 2261
472 588 1852
421.5 477 1349
636 1656 5393
452.333 1079 3303
515 504 1532
304 609 1277
656.833 1503 5025
5425.83 7375 18585
488 244 944
860 671 2570
4943.33 9047 21851
297.333 278 0
4499.83 9420 22131
356.167 1369 3591
317.333 1071 2582
408 309 539
297.333 314 746
480 280 919
506.167 1321 3925
450 270 522
271.333 662 1346
294 411 913
330 407 853
266 433 930
255 387 588
5554.5 8548 19831
416 270 0
4820.17 10092 22523
189 454 0
308 418 979
189 477 982
674 811 2779
4671.5 8221 19788
482 216 0
304.333 557 1153
3981 8462 19738
414 801 2705
722 799 2495
252 324 0
198 388 0
444 262 0
480 260 695
217.5 417 614
444 289 962
304 407 789
300 456 997
285 300 0
285 341 430
460 286 597
482 248 295
480 232 0
450 240 0
252 353 364
217.5 372 0
410 330 870
530.667 1844 4597


1985.5 3597 12749
1611.83 2376 8324
391 851 2190
2238.67 4987 15146
2916.17 4247 14003
1556.67 3109 10617
2342.5 3939 13521
368.5 968 2368
350.667 537 1133
1425 1190 4428
1549 1470 5668
676.833 1461 4964
2135.33 4855 15110
1270.33 2004 6855
5473.83 9650 22199
4369.83 6644 17713
1826.67 3906 12569
966.333 1169 4316
1312.33 2155 7832
1765.17 2915 9886
1542.67 3249 11735
965 911 2977
715.167 2093 6659
3053.33 6181 17705
2934.5 4681 14640
589 1555 4942
1227.17 3915 11369
1456 1200 4862
985 893 3043
2058 1772 6836
812.5 2218 7008
2330.5 2338 8550
325 1076 2127
841.667 2112 7121
930.333 1717 5673
777.667 1858 6261
623.333 561 2825
3454.67 4392 14067
1389.5 3462 11739
1537.33 3716 12186
803 2266 7127
2081.5 4394 13459
1598 1426 5152
1271.17 3581 10835
1593.5 2948 10080
1763 1652 6207
2382.5 2294 8654
518.667 1715 5074
832.333 1435 5074
287 655 1361
697 413 1217
1528.17 3365 11268
744.333 1895 5989
2516 2047 8382
688.667 2393 7357
2045.17 5613 15567
1653.17 3805 12457
276.5 663 1605
280 637 1137
897 2330 7836
1051.67 3514 10390
1051.5 2722 9710
964 2525 8780
382 968 2374
748 1314 4686
5287 8777 20213
1454.67 3018 10187
532.833 1129 3917
5889.33 9309 21596
5415.33 9339 21221
2008.5 4689 14756
1903.5 3124 10705
883.5 2831 8934
700 1104 3897
2564.5 2990 10714
831.167 2343 8310
1037.67 2190 7806
931.833 2286 7600
444 723 1930
533.833 1216 4523
1700.83 4296 13290
1364.17 4281 13186
1019.5 2666 9186
1901.5 4059 12923
478.333 1476 4044
931.167 1771 6048
987.667 2062 7647
471.333 1343 4030
2617 2308 8956
424.833 1222 3681
275.5 660 1235
297.5 1102 2021
400 748 2215
1063 828 3050
1728.67 3546 12065
1748.5 3764 12521
1861 3193 10732
764.833 2443 7420
1426 1221 5041
1806 2606 9951
299 593 1343
2154.67 4216 13495
795.833 2733 7882
500 817 2853
2713.67 4994 15203
1116.17 3829 10787
536 438 1906
2699 4197 13921
1310 3378 10506
485.5 693 2104
1263.83 3837 12087
3807.83 7051 17789
2408.83 6286 17285
2975.67 5153 16056
572.333 2297 6072
637 1091 3488
3283 4640 14373
974.667 2110 7248
1234.5 1537 5829
926.5 1304 4579
879 937 3034
806.833 2036 6499
1958.67 4142 13187
1991.5 4081 13209
1569 1453 5668
4446.5 9345 21098
3006.67 5749 16727
979 1195 4543
859.833 2190 7462
474 1536 4491
402.667 727 1979
1433 1194 4448
2695.33 4417 14021
730.333 976 4133
1860 6145 17140
671 433 1673
1330.17 3762 11479
434.5 873 2936
1967.5 2026 7515
1675 1691 5878
1323.33 3123 10632
3969.17 7002 19249
3864.67 6812 18505
1267.83 3355 10408
2106 1714 6781
1436 1174 4561
1720.5 2879 9799
1205 3087 10321
534 563 1941
1160.17 3133 10286
1402.5 4532 14295
1350.83 4316 13442
2086.83 5172 14851
366.5 889 2098
442.5 1479 4009
3026.33 4852 15162
945.667 2738 8347
2355 3106 10489
1007.33 2766 9058
485.333 1373 4251
1458.33 3223 10718
476.5 736 2265
2056 1797 6724
639.333 1060 3586
1271 1723 6110
350.667 1069 3149
1811.5 4814 14333
341 591 1780
685.5 1937 6312
1339.17 3050 10381
2805.5 8185 17736
998.667 2299 7916
890 1411 5044
2829.17 7367 19810
259 678 1108
618.5 1722 5945
3048.5 5991 16928
343.333 542 1743
2345.33 4422 14074
339.833 794 1931
5693.33 8797 20223
979 1747 6284
1612.83 2375 8432
2895 4324 14042
825 1839 6849
6275.5 9449 21664
372.667 457 1708
5112.5 9091 21195
1129.17 2301 7924
3138.5 4037 14041
403 954 3325
1020 859 3040
785.5 2194 6939
4745 8804 19985
1935.5 5336 15501
1039 2448 9083
386 928 2274
4675.33 6551 17768
1046 1442 5616
1617.67 3549 11785
2161.17 5859 16811
342.167 1078 2296
3653 5084 15990
971 895 3462
997.667 2691 8941
2411.83 5497 16126
510.667 1749 5180
1013.83 3315 9534
706.667 1350 4923
1397 2484 9168
403 639 1895
337.5 571 1593
364 989 2316
1860 1898 7505
1736 1672 6652
272 665 1697
937.333 2322 7830
1660.83 2525 9302
647.833 2077 5986
3401.83 9572 21187
466.667 605 2083
427.5 787 2340
528 591 1783
299.667 821 2023
338.333 559 1299
4896.83 9183 20046
304 407 789
339 696 1726
304 628 1438
6430.17 8981 20583
352.667 502 1461
450 240 0
433.5 767 2239
661 1478 5518
4723.5 5890 16974
1309 935 3563
375 755 2006
285 626 1277
408 856 2302
255 387 588
252 353 364
5015.5 8983 20896
480 260 695
434.333 649 1897
321.667 599 1676
217.5 417 614
1048.17 2937 9486
657.5 1042 3672
488 244 944
382 1343 3355
408 309 539
282.667 834 1925
330 407 853
322 587 1535
285 341 430
444 289 962
217.5 372 0
252 324 0
300 456 997
196.833 637 1076
416 270 0
450 270 522
482 248 295
198 388 0
266 433 930
5032 9782 21580
444 262 0
480 280 919
297.333 314 746
1254.33 3523 10432
460 286 597
294 411 913
480 232 0
285 300 0
297.333 278 0
198 411 462
482 216 0
308 418 979
410 330 870
189 454 0
189 477 982


1448.5 2401 8888
507.5 1457 4518
872 632 2394
744 2006 6247
736.167 2310 7227
1129.17 4014 10221
990.333 2300 7975
2314.17 5803 15277
529.667 1450 4254
725.667 1520 5808
1010.33 2784 10018
908.5 2528 9099
4445.33 8658 19452
3241.5 6848 18847
556.667 1049 4246
704 768 2687
1415.5 3354 12343
526 560 1857
405 685 1909
1730.17 2573 9828
1409.33 3250 11893
869.167 2322 7684
341 541 1690
656.5 897 3568
1420.83 2982 10897
1163.17 3166 11714
545.5 1633 5935
1993.33 5082 15095
933.5 2470 7721
2972 4259 13756
363.167 801 2121
869 642 2520
3919.67 9570 21060
1776.83 2747 10674
308.667 1106 2329
895 617 2386
1046.67 1861 7602
676 438 1906
2620.33 5243 15612
2611.17 5023 15041
916.333 1341 5103
377 818 2532
1543.5 2537 9353
1866 3599 12503
727.5 1497 5581
1210.67 3102 10533
1220.5 3109 11130
2456 3995 13717
2045 2654 10170
340.333 543 1441
1042.5 2335 8503
602.5 1000 3543
2543.67 5447 16513
747.833 1190 4981
2751.33 4538 15560
866.5 1749 7517
2433.5 5161 15541
642.333 719 2644
2639.17 5945 17257
837.167 1956 7376
1499.5 2858 10624
1715.33 3873 13605
493.167 1600 4294
1422.33 1623 6530
570 544 1898
343.333 542 1743
1518.5 2816 10772
1880.83 4480 14585
552.5 722 2437
2516.83 5310 16285
667.5 1198 4445
738.833 1412 6044
1761.83 3437 12462
2012.67 2475 9200
4176.17 9414 19762
746.667 1879 6225
1641.83 2784 10418
3104 6184 18473
2688 4984 15753
445.333 1218 3160
540 606 1976
522 1140 3999
499 599 1875
4535.5 9788 21091
2059.83 3163 12201
512.5 882 3411
3163 4169 13735
668.5 1959 6073
3642.67 7466 19284
3490 5764 17626
1219.67 3074 10661
2444 3688 12542
469 1019 3560
4548.5 7550 20394
393 686 2023
3017.83 6835 17849
418.5 770 2845
421 1228 3024
532.667 1040 3623
858.667 2604 8337
5425 9105 20589
941.167 2746 9394
782.5 2672 7271
320.333 776 1677
6815.67 9863 22496
629.333 1948 5976
3949.33 9019 19632
3299.33 9532 19162
1578.17 3913 13367
1423.5 2462 8569
4232.67 7153 19122
401.5 796 2423
191.833 668 1596
610.833 1392 5547
1644.5 4374 13925
1410.5 2973 10490
402.667 1053 2672
1115 1884 7898
1873 3055 11376
4087 7368 18914
1866.5 3158 11975
2338.83 7596 16832
395 761 2213
493 591 1780
665.5 2276 7088
923 586 2184
1256 3052 10066
592.333 1607 5635
937.667 2301 8003
1453.5 2767 9919
4736.17 9596 21206
328 545 1050
814 690 2380
1028 863 3029
996.167 1961 7919
591.333 629 2262
761.833 1667 6888
1380 2674 9278
2669.83 5352 17583
1486 2957 10347
5963.5 8832 20625
463 1061 3606
536.167 1327 4615
862.5 1904 6993
1130 3706 10039
648 456 1010
1929.67 6378 14878
442 642 1768
3468.67 8545 18945
2321 6802 16553
671 433 1673
575.667 1004 3753
487 883 3156
764 711 2265
686 418 1466
357 1055 2404
408 309 539
291.333 655 1377
3856.67 10011 20888
586 528 1735
405.333 1024 2677
1688.5 2367 9027
556 557 1772
416 1181 2921
409.667 734 2212
361 901 2574
309 580 1392
479.333 1351 3671
432 681 1927
610.5 915 3620
444 289 962
297.333 278 0
636 472 1832
5697.33 9390 20936
5236.83 8886 20526
5889.67 8911 21070
1042.5 1995 8499
428.667 658 1814
4470.17 8773 19453
6147.17 9263 21123
4312 9490 20391
307.667 990 2282
356 502 1041
198 388 0
300 456 997
416 270 0
347 535 1328
255 387 588
285 300 0
502 683 1946
252 324 0
409.833 457 1708
460 286 597
189 477 982
484.167 1511 3963
301.333 624 1208
450 240 0
381.667 804 2236
266 433 930
304 407 789
189 454 0
482 216 0
4908.5 9163 20515
4896.67 9551 22172
330 407 853
252 353 364
706 422 1881
209.833 636 1202
351.667 511 1334
285 341 430
297.333 314 746
480 232 0
482 248 295
308 418 979
217.5 417 614
488 244 944
480 260 695
4832.33 9424 21632
410 330 870
772 704 2672
294 411 913
217.5 372 0
480 280 919
513 591 1941
198 411 462
450 270 522
444 262 0
375 734 1770


1849 4867 15079
1780.5 4629 14350
1548.17 3677 11971
1064.67 2821 9492
1513 1144 4379
820.833 1555 5168
276.5 1147 1992
884.5 2291 8256
937.833 2573 9240
804.5 2122 7375
7610.67 9237 22066
1079.83 1951 7352
1819.67 4120 12822
730.167 2276 6927
1693 2576 10003
2851.17 4030 12471
885 1819 6751
2496.5 4470 14296
4174 7394 18588
1369.83 4746 13416
3649.67 4928 15427
2313 2192 8436
3583.67 9100 19632
2287.33 6377 17412
4820 10281 22853
1853.83 4598 13106
451.333 615 2173
1463 1933 7265
2196.67 4456 13932
851.167 2113 6454
341.667 1080 2829
400.5 1160 3063
730.833 1349 5110
889 1799 6073
908.667 1809 6377
1935 1837 7486
1074 3407 10616
1445.67 3453 11139
691.833 1735 5445
746.833 1811 5767
570 544 1898
1972.83 3180 11951
1217.5 3453 11013
1180.5 4181 11468
2512 7146 18022
1272.83 3244 10677
662.333 709 2253
1550 2223 8034
1684.33 3010 9703
908 2960 8367
807 667 2663
1326.17 4469 12354
738.667 2110 6334
791.333 2248 6391
2154.67 4579 14354
1194.67 3274 10587
4427.67 8450 20388
833.5 885 3471
468 614 1843
993.167 3086 9346
1285.5 3978 12060
685 445 1234
821.667 2116 6799
638.333 1417 4639
2388.67 5584 16497
1047 868 2977
752.333 2265 6711
5337.33 9046 20851
2891 3119 10356
809 1000 3611
1758 3746 12428
1690.5 4915 13684
920.5 1599 5374
896.5 1652 6069
1363 1251 4782
1334.83 3205 9629
1232.67 3625 11356
2670 5134 15143
817 1959 6379
496.667 1451 4386
561 560 1959
270.167 776 1895
1490.33 3168 9530
771 752 2582
1331 3966 11574
505.5 1243 3900
4502 9021 20730
1029 1788 6550
5920.67 8405 21015
1927.5 2515 8772
1510.67 4648 12652
1178.17 2194 7740
1118.5 2182 7523
2369.67 5605 15335
1199.17 2084 7656
1377.17 3662 11713
331 915 2624
347 469 1283
2308.17 2843 10207
3657 3891 13008
1493.5 2684 9308
3211.17 3994 12739
686 418 1466
537.667 1047 3479
877 985 3559
926 1139 4220
765 1875 5775
3544.83 9437 18899
827.667 1694 5847
2428.67 5230 17095
535.667 1081 4148
5630.5 9844 21617
664 447 1648
769 1003 3287
699 455 1742
2102.33 4153 13085
318.667 606 1659
497 996 3258
4325.83 6801 17976
412.833 906 3100
2879 3137 10519
1014.67 1424 5382
481.5 1080 3224
3940 8251 18434
441.833 1276 4139
4594.83 9157 21406
1854 1869 6982
2050 4336 13424
1602 4292 12911
1933.33 4529 13378
1053.17 3445 9968
879.833 1190 4329
390 797 2596
309.333 568 1012
3524 6295 17211
723.5 2541 6366
766 748 2353
347.333 535 1728
887 949 3497
4008.5 7615 18219
302.5 631 1901
642 479 1814
388.667 773 2516
626.5 2070 5716
335 570 1599
300.5 635 1329
1206.5 3630 10644
297 592 1217
338.333 559 1299
372.333 459 1285
6372.67 9886 21990
560 1009 3382
1728 1547 6318
554 1534 4862
926.833 2474 8271
363.667 1043 2631
340.667 559 1490
3755.5 6496 17710
340 490 1234
1979 4485 13379
2631.83 3635 12005
547 534 1874
1366.17 2263 8335
3515.5 8001 18350
319 781 2121
866 1854 5914
685 1396 4672
332.5 578 1070
540 606 1976
3276 8319 18533
696.167 1878 6118
3784.17 8265 19850
589 1235 4597
308.667 586 1162
390.333 672 1920
528 591 1783
916 1072 3844
281.833 816 1912
4348 9502 20644
686 452 1657
2019.17 5907 16963
1953.83 5701 16593
4754.33 8385 20283
4399.67 8254 18623
806 716 2515
638.667 1915 5170
702.667 1638 4869
488 244 944
252 353 364
947 534 1906
323 589 1570
826.667 1602 5380
1229.5 1530 5442
607.667 2460 5710
1717.83 3236 10253
1736.83 3543 11232
403 492 1392
300 456 997
295.333 655 1377
1524.17 3705 12213
692 415 1639
4821.67 8921 20606
450 270 522
574 760 2207
285 300 0
375 840 2308
351.667 511 1334
408 309 539
198 388 0
387.667 1372 3015
252 324 0
444 289 962
4135.33 9737 20753
1037 884 3054
410 330 870
482 216 0
444 262 0
670 1228 4168
308 418 979
591 808 2965
3243.5 8344 18132
217.5 417 614
330 407 853
248 658 1444
297.333 278 0
198 411 462
480 260 695
480 232 0
304 407 789
297.333 314 746
677 1824 5226
416 270 0
450 240 0
4444.67 8123 19079
409.833 457 1708
189 477 982
745.167 1715 5345
255 387 588
583.667 1306 4168
217.5 372 0
460 286 597
266 433 930
1329 974 3570
294 411 913
242.5 721 1755
309.5 613 1711
189 454 0
480 280 919
482 248 295
285 341 430


1079 1371 5269
833.5 1485 5549
3239.17 5564 15678
2195.67 5499 15585
302 589 1059
2834 4498 14173
453.833 1132 3527
804 1773 6177
1405.67 3077 11185
297 592 1217
876.667 1458 5302
1905.83 4170 12747
2683.67 3950 12901
1569.17 4174 12815
2065.5 5707 14236
485.667 1577 3818
2190.67 5505 15523
240.333 584 1018
3120.5 5160 15564
3522 8679 21084
686.5 659 2222
2315.5 5391 14727
357 940 2296
3681 6275 17339
1018.67 2231 7263
2469.17 6625 16982
872.667 2353 7412
4522 9260 21219
354 504 1532
4282.83 5790 18027
2030.67 4435 13874
398.5 814 2049
1071.83 2939 9550
759.167 2180 6806
2682.33 6895 17304
2282.17 5748 16325
298 627 1504
2223 2925 10189
414 838 2777
1162 2217 7174
1999.17 4148 12405
4564.33 8025 20983
864 2130 6900
2196.83 4611 14232
980 1472 5355
930 1724 6440
237.5 741 1613
1475.33 4013 12033
1609.67 3595 11804
307.5 625 1447
612 1198 4059
3249.17 7258 18942
1984.17 3022 10702
2621 3990 12731
2002.17 3797 11958
1794 1806 7091
1335 3940 11214
948.5 2535 8086
640 449 1483
615 501 1472
2898.67 6061 16678
487.167 1325 4529
754 1959 5955
827.333 1784 6706
622.5 1733 5314
2359.67 5335 14515
1364.33 3781 10926
676 438 1906
2801.67 6719 17930
3560.33 4885 14713
458.167 1995 3922
1300.33 3103 10077
1247.67 3190 10405
1305.5 3282 10704
728 1542 5466
642.333 696 2222
6354.17 9601 21603
1219 3346 10661
1307.17 2772 9600
1752.5 4292 13095
951.333 2163 6914
1399 2441 9897
1171 2208 7586
529 549 1751
1209 3694 10892
342 518 1191
784.5 1380 5094
525.5 964 3638
830.5 2247 7192
414 763 2733
1564.17 2777 10135
1862.17 3834 12115
1172.67 2833 9697
1006 1614 5635
541 1713 4740
1304.5 2909 9913
1774.17 5344 13510
2894 4297 14286
663.833 2585 6856
2169.83 5072 14459
1535.67 2239 8961
2027.17 5725 15725
337.5 583 1343
956.5 2610 9239
614.5 1579 4814
903.667 2650 7649
2913 6562 17139
1000.67 1088 5128
1000 1699 6248
3133 6278 17922
735 1332 4824
852.5 2655 7362
1065.67 3330 9870
1187 1996 7234
1255.17 2307 8675
693.833 2367 6731
984 899 3475
773.333 1981 6416
924.667 1675 5881
570 544 1898
609.5 865 3151
556 557 1772
1100 1520 6951
642.667 1471 4726
984.667 2318 8642
1046 2473 8935
560.667 1296 4180
983.5 1474 5519
708.5 1298 4652
620.667 1583 5268
1191 3097 9863
886.5 1264 5105
422 617 1926
926.333 2205 7018
3331.67 8300 19447
1029 2222 7711
276.5 663 1605
2021.67 4404 13600
4042.17 8354 19971
671 433 1673
2098 4180 13094
209.833 636 1202
652.5 1577 5187
428.333 541 1690
2795.33 6913 17831
814.667 868 3368
2466.67 5289 15646
2528.17 5004 15325
3358 8283 19276
353.833 948 2218
583 533 1567
1016.67 1387 6119
786 1969 5963
706 422 1881
619 1255 4106
1970.5 4655 14106
2732 2762 10263
585.667 1621 4594
291.5 1066 2193
2880 6436 16504
1435 3815 11792
387.833 916 2273
1361.83 1888 8028
1507.67 4946 12361
697 413 1217
618 484 1326
643.333 1339 4932
635.333 1821 5909
408.833 859 2055
382.833 967 2999
2628.33 7444 19012
2537 7288 18708
352.333 542 1743
1533.83 3958 12169
365.833 987 2391
719.5 2061 5996
1699 2227 8764
338.5 578 1564
850.5 964 3755
686 1772 5651
800 1693 5662
421 680 2098
635.667 1524 4547
444.5 1483 3350
1311.33 2766 9381
3599.83 7179 19263
992 1102 5030
805 2726 7671
655.5 1408 5067
3373.83 6570 18322
471.833 1730 4351
1330.17 2078 7563
198 411 462
424.167 1067 3028
252 658 1444
1306 4090 11349
714 414 1248
620 501 1493
1185.17 2832 9642
604 505 1559
623.167 2112 6014
291 647 1553
1128 1434 6213
1129.33 1463 6735
502 1218 3569
1674.83 3681 11928
302.5 631 1901
482 248 295
856.5 1628 5552
1789.33 3972 12260
443.5 1634 3306
382 506 1550
1047.5 3823 10438
2287.5 4116 12318
2773 6765 16984
299 593 1343
372.333 459 1285
625.667 1226 4076
1632.5 4473 13429
945.833 2650 8799
352.333 511 1334
613.333 544 1906
359.833 1117 2807
264 696 1726
274.833 813 1948
775 1053 4027
297.667 812 1980
965.333 2241 7232
445.833 1325 3239
5559.67 9689 23333
304 407 789
444.5 727 2905
592 523 1663
330.5 588 1852
309.5 627 1961
839 1641 5756
740.333 1498 5486
398 783 1986
217.5 417 614
330 407 853
840.333 804 3420
339.667 467 1093
252 324 0
1788.83 4449 14079
1413.67 3882 11671
4544.67 10133 22814
722 1711 5742
255 387 588
348.667 544 1544
355.667 500 1369
3598.33 6914 18842
2199.67 3546 11288
450 240 0
2722.67 3437 11223
575.833 1645 5172
285 626 1277
482 216 0
460 286 597
1042 1341 5132
266 433 930
526 560 1857
285 300 0
727.833 2185 6308
790.333 583 2438
444 289 962
294 411 913
480 260 695
308 418 979
521 560 1849
285 341 430
300 456 997
840 804 3020
297.333 278 0
488 244 944
198 388 0
189 477 982
480 280 919
444 262 0
473.5 721 2388
189 454 0
480 232 0
217.5 372 0
416 270 0
410 330 870
297.333 314 746
450 270 522
252 353 364
592.333 1257 4363
408 309 539


418 278 0
1896.67 2928 10650
416.5 775 2592
796.667 3022 7182
920.667 3079 7546
1150.5 3174 9444
1079 783 3209
593.833 1746 5377
1781.67 3097 9702
1663.17 3178 10241
1058.83 1646 6187
728.833 1956 6697
404.333 1180 2420
2510.33 5361 15167
1599 2072 7662
879.667 1493 5105
371.5 1239 3708
1537 3789 11622
1579.83 4292 12774
1394.17 3406 11241
331.5 612 1262
1804.83 3612 11511
1144.33 2627 7903
1825 2957 9828
2234.83 3883 13665
285 300 0
1640.83 3217 10179
2140.17 4944 14592
2874.33 5123 15131
1438.67 3344 10756
789 712 2239
3134.5 6642 18677
1736.83 2318 8061
1062.5 2699 8090
2416.17 5531 15036
347.333 827 2291
1773.5 4862 14178
3995.67 9081 19426
4067.17 8717 19942
2983 2883 9743
2564.5 6974 18592
1100 763 2842
1607 5566 13998
1603.67 5232 13016
4698.5 7981 18858
1593.5 2019 6718
1502 4395 12949
1455.83 4343 12088
1378 2895 9488
2732.5 4497 14512
4454.17 9358 21710
1487.5 2444 8379
1799.17 2457 8507
2830 3059 11069
1122.17 3066 9098
891 633 2337
2156 4059 12403
1302 990 4222
1067 842 3413
1077.17 2395 7897
2146.5 5405 14618
1475.5 2653 9294
3680 3854 12360
644.167 2231 6628
3616.17 8211 18838
1017 3018 8592
746.333 1330 4368
2119.17 3892 12184
2833.83 6475 18471
3415.67 6026 17645
1274.33 3896 11521
1364.5 1404 4887
1317 2209 7697
1090.5 2313 7375
556 549 1815
4112 9873 21727
390.667 718 2041
1889.67 3986 11764
2852.33 5159 15911
1079.17 3355 9015
393.5 816 2124
1598 1456 5307
2839.17 5989 16761
2170.17 6191 16623
370.333 1034 2388
1141 2028 6858
824.167 1949 6336
924.5 2419 7580
1163.33 2293 7394
3376 4443 13789
2874.33 5149 16075
1376.33 2762 9458
5493.33 9079 21089
2126.67 4836 14020
1139 1476 5190
1911.33 3184 10674
2094.5 3330 11852
2580.17 5915 15718
873.833 1818 6597
699.667 1285 4291
1277.17 2711 8832
606 1008 3853
3068 4897 16013
2114 1725 6482
521.833 717 2561
972.667 1197 4553
1329.5 3117 9525
356.5 1438 3343
1406.17 2260 7854
5978.17 9416 21805
1414.33 4421 11746
304.333 557 1153
1900 2031 7094
714 414 1248
901.667 1562 5525
328 545 1050
1088.17 3192 10040
1088 826 3549
6602.67 9270 21392
496.167 2002 5092
1461.5 3405 10889
899 2412 6804
2995.67 4458 13776
1913.33 2922 9501
3184 6437 17046
1219.17 2729 8836
986 1888 6659
1176.33 2238 7694
2335.67 5692 14846
287 655 1361
2183.17 3494 12007
1145.33 2727 8617
2696.17 5585 16196
367 488 1343
650 678 1969
966 1489 5703
391.167 1200 2812
1224.83 2670 8383
4120.67 8701 19172
455.5 1171 3228
1260 1011 3973
2016.17 3904 11826
655 1426 4790
804.5 1588 5774
4292.33 9027 20782
2045 1930 7258
1671 4551 12995
1128.33 2323 7803
1138.33 3171 9199
643.333 708 1954
992.167 2705 8313
5787.83 8751 20571
3631.5 9479 21101
677 456 1472
3955.17 8455 18900
938.167 2579 7720
1906 2144 8644
2042 5145 14511
2455.33 4515 14827
736 1598 5370
861.5 1638 6032
1660.5 3111 9903
2807.83 7243 18826
847 1215 3916
539.833 1868 4158
1462.67 3803 11262
1404 2572 9272
583.333 1893 4333
1355.5 2102 6919
2188.5 4288 12457
242.5 721 1755
1791 4702 13731
592 523 1663
1178.83 3091 9419
2023.67 2031 7169
1435.5 4302 11816
601.5 1629 5007
814.5 1689 6238
938 571 2825
1730 4738 13317
432.5 754 2422
422 617 1926
688 1606 5295
463.333 502 1461
818.167 2554 7518
2055.17 6016 15271
5146.33 8553 20232
1535 1478 5594
4231.67 8441 19503
1379.17 2744 8961
581 1347 4187
277.333 851 2127
824 674 2504
1573.67 4200 12241
1523 1234 4572
347.333 535 1728
1448.5 2361 8193
1339.33 2816 9403
453.5 1042 2831
635 2426 6125
1000 1383 4560
1252 1553 5762
1227.83 3673 10367
985 2133 7304
4748.5 8579 19780
1699 1311 5876
1022.17 3463 8846
5081.33 8587 20482
2226.17 4229 12897
2814.5 5421 15525
638.667 1648 5066
727.167 1374 4498
1012 1079 4049
762.167 1905 5652
440.667 918 2794
2824.5 6043 16716
1213 1019 3913
1754.5 4123 12023
1309 3155 9442
769.333 1849 5856
511 1191 3779
1472.67 3307 10174
1205 1038 3931
554.333 1389 4124
2428.17 5852 15490
2345.17 5628 15095
438.667 927 2724
894.5 1061 3961
565.833 1822 4325
679 448 1004
509 518 1507
425.667 1226 2821
472 1461 4146
3855.5 9319 21208
647 466 1331
4762.5 8546 19747
1059.83 3255 8797
1241.33 3324 10439
1210.83 2956 9377
302 619 1944
523 789 3271
5780.5 8871 20806
1984.5 1951 7110
1252 2559 8102
791 706 2642
1247.17 3449 11058
534 563 1941
1232 914 3726
1999.5 5787 14246
301.5 621 1771
744.167 1245 4074
973 938 3446
746 1757 5411
1373.5 4688 11541
977.667 2784 8511
4587.5 8706 20155
587 518 1659
814 690 2380
706.667 2492 7025
771.333 652 2206
908 945 3542
686 452 1657
1145 1070 4157
401 1269 3826
515 504 1532
640 476 1292
3583 9526 20552
3978.83 9045 19299
4836.5 8837 20499
4053 8929 19576
977 518 1881
4176 9056 20704
240.667 624 1208
1138 1483 5219
410 330 870
880 983 3400
444 289 962
487 1196 3396
625.833 1444 4963
476.667 1218 3244
255 387 588
480 260 695
549.667 1686 4284
618 492 1377
507.5 998 2892
308 418 979
615 472 1268
450 240 0
266 433 930
252 324 0
482 216 0
408 309 539
217.5 417 614
4808 7575 19475
189 454 0
189 477 982
480 280 919
4501.5 8897 20167
294 411 913
480 232 0


408 309 539
359 558 1484
1432.5 2829 10431
3144.67 9678 18298
1574.5 3101 10910
285 341 430
980.667 1995 6921
1489 2009 7269
1654.5 2095 7822
4459.5 10160 21068
2835.5 6166 16768
4236.33 6795 18904
2591.17 6160 16236
1054.83 2671 8355
3364.5 4749 14070
3613.5 9175 19723
214.833 999 1977
2495.17 5243 14832
1102 2019 7440
1062 2648 9248
2569.33 4701 13625
794 1670 5480
2117.5 5375 15496
2113.83 5377 15109
1358.33 2786 9271
446.5 1058 3063
1575.83 3876 12036
4104.83 9198 20464
961.5 2461 7565
2156 4817 13570
886.167 1758 6174
273.333 612 1176
1098 2396 9030
372.667 457 1708
1087 2456 8314
1229.67 3519 9963
1432.17 3413 10393
423.333 1022 2589
1015 2248 7804
1263.17 3450 11222
975.5 2356 7819
962.5 2783 7731
636 472 1832
1493.67 2314 8132
3254.33 7785 18511
3018.5 4924 15254
4049.83 7639 18080
1371.17 3903 11560
3129.83 6108 16953
1369.83 1567 6718
838.333 1960 6737
838.5 1395 4831
3941.5 6448 17660
904.5 2763 7629
653.333 1241 4214
1903.67 3491 11354
1515.67 3859 11750
1490.83 4280 12806
2608.67 4984 14880
700.333 1799 5701
1159 2860 9446
1175.33 3295 9488
1083.17 2565 8393
1543 2802 9688
1030 1666 5821
1111.33 2976 9281
2940 8064 17943
1390.67 1735 6850
1037.83 1749 6808
1654.5 1560 5937
1449.17 3894 11459
1897 3812 12861
497 785 2561
3844.5 4671 14254
686 452 1657
594.5 1582 5440
2874.5 4710 13744
3018 5482 15537
513.5 961 2765
657.5 1396 4682
3827 4782 16031
927.333 2483 7581
887.833 2634 7552
2869.5 4952 14655
2014.17 3528 11902
4565.33 9193 22705
4360.5 6826 20049
3121.67 4683 13711
2026.17 4838 13880
1645.17 3686 12528
726 1257 4361
546.333 1279 3490
4302.33 8188 19776
757 1811 5783
1477.5 2036 7441
983.5 1868 6359
1542.33 2807 9480
2458 4741 13561
1239.5 3508 10615
721 405 1033
493.5 1507 3500
946.833 2948 8675
1756.83 4917 14051
300.5 635 1329
1949.5 4612 13442
519 701 2347
651.5 959 2906
1101.5 2155 7638
651.5 2046 6592
511.5 1663 4669
2918 4721 13985
2886.33 4799 14280
659.667 2114 6793
717.5 1176 3939
1274 1591 5770
2997.67 4778 14280
1807.33 4868 13720
677 456 1472
209.833 636 1202
947 952 3086
1992.5 5381 15414
690 431 1151
768 706 2497
2446.17 5809 15868
631 967 3034
686.667 979 3490
775 1006 3529
662 1293 4498
469 1056 3050
647 1523 4993
3569.67 6449 17501
980.667 2676 8594
1013 1854 6737
444.833 1562 3849
2070.67 5514 15724
4931 8609 21546
776.5 1420 5262
798.5 1815 5935
1044.67 2442 8032
3729 7311 17704
593.833 1725 4934
1899 3346 11165
423.667 842 2115
584 508 1733
3172.17 5296 16556
692 415 1639
986 935 3400
2180.17 4879 13939
2208.5 4878 14260
3617.67 7747 18950
862.333 1266 4635
500 607 1832
545 446 1308
1503 4010 13418
332.5 578 1070
507 650 1928
1391 2124 7593
690 1036 3557
1872 4820 13815
788 696 2716
1205.17 3246 9850
2797.83 6297 17464
1110.5 3525 10361
1150.83 3782 10949
873 942 2882
705.5 2067 6746
663.5 1925 6442
649.5 1254 3965
682.667 2297 7311
955 2836 7726
3717 6637 17523
842.833 2934 7979
666.667 1703 5494
2425 7586 16269
528.667 1458 3799
556 549 1815
827 1076 4297
1322.17 4195 11784
1348 4066 12351
5654.17 8567 20255
755 930 2868
1612 2715 9254
946 582 2289
1255 1044 4313
822 1561 5334
2654 6330 17143
489.5 1701 3959
292 579 1294
1399.83 3910 11962
1344 971 3993
898 1698 5895
617.333 1010 3164
1310.5 3064 10244
322.5 1070 3446
667 699 1959
448.333 968 2925
596.333 1298 4033
643.5 922 2863
355 665 1697
994 1292 4666
1093.5 1272 5628
2158.17 5943 15764
2408.33 4764 14089
3403.67 6663 17670
631.333 2125 5627
1528 3754 11559
437.5 792 1976
576.5 1044 3871
1181.17 2893 9606
375 734 1770
467.5 722 2371
698 772 2440
550 1396 4002
300 456 997
2658.5 5888 16150
2739.5 6004 16461
942.833 2381 7437
919 2518 7596
3703.83 8531 19673
403 639 1895
529.167 1658 4561
3086 5421 16013
522 781 2857
1448 1216 4905
588 1872 5428
528 591 1783
744.5 1281 4566
697.5 1511 5163
3971.17 8760 20422
823.667 1894 6240
4572.17 8693 20515
2419.17 6317 15860
684.5 1224 3967
571 691 1946
510.333 793 2725
1552.33 3643 11625
1231 1009 4093
771 743 2621
468 614 1843
976 919 3075
2493.67 5038 14351
924 1381 4757
1090.5 2180 7123
1033 825 3376
2513.83 4459 13472
750.5 957 2874
859.5 1179 4389
308 418 979
266 433 930
951 958 3232
297.333 314 746
488 244 944
444 262 0
3962.33 9481 20247
264 696 1726
450 270 522
480 232 0
3238.83 8608 18539
911.333 2196 7379
1927 3619 11749
536 2137 5043
554 1401 4539
330 407 853
799.5 1702 6089
297.333 278 0
762 640 2262
534 591 1892
450 240 0
463.5 883 2575
255 387 588
198 388 0
482 248 295
309 580 1392
354 539 1408
294 411 913
480 260 695
416 270 0
338 522 1406
252 353 364
484.667 794 2374
460 286 597
738.5 658 2048
948 585 2576
482 216 0
189 477 982
253.5 853 2340
480 280 919
444 289 962
410 330 870
285 300 0
217.5 417 614
189 454 0
304 407 789
198 411 462
445 813 2282


607.333 1329 4586
1748 1333 5434
857 995 3124
685.5 900 2970
1219.83 3622 11664
1043.17 2789 9175
1230.33 3425 11372
3132.17 6679 18140
1693.33 3190 11487
2014.17 5553 14465
561 560 1959
1385.5 3661 11855
2042.33 4569 13519
902 880 3143
697 729 2354
2622 4879 15523
2458.5 4884 15061
1899.17 4388 13295
2181.83 4029 12521
598.667 1161 3906
640.5 1995 6094
654 481 1585
773 1540 5443
4169 9087 20484
744.833 1575 5075
448.5 754 2380
2547 5115 15431
2410 4891 14935
499.667 1684 4713
1758.5 2569 9740
680 447 1427
627.833 2112 7091
587.333 1480 4349
713.5 1135 3381
677 886 2584
349.667 446 1308
595 893 2506
820.667 1436 4626
1266.83 3036 10915
1292 3082 11012
762.667 1992 6879
841 1847 6325
3043.17 6290 17523
885.333 2851 9158
1428 2126 7559
873 658 2274
2373.33 5398 15225
1475.83 3253 11357
584 537 1800
523.167 2226 5220
608.5 1608 4762
477.667 1247 3656
347 469 1283
1055.5 1040 3980
902.5 2516 8388
559.667 1137 3304
1105.83 2524 8929
435.333 1306 3309
6338.5 9789 22089
698 436 1265
1125 1720 6068
354 504 1532
724.5 2550 8098
1300.33 2842 10785
2531.33 4642 14737
2176.67 4848 14590
1095.83 2479 8628
1227.17 2791 9185
1249.83 2796 9958
535.5 943 3080
1378.5 4196 12194
1025 872 2705
1444 3760 12339
4176 10087 20669
2152.67 5429 16227
1968.33 5623 16971
456.5 1733 4465
470.333 2108 4812
2285.67 4296 13451
1291.17 2696 9162
347.333 535 1728
1449.67 3422 11273
3431.17 6221 18042
337.833 1298 2672
793 996 3097
3754.83 7019 18184
3470.83 7164 18982
441.333 1364 3610
699 455 1742
1968.33 5597 16418
984 1943 6814
3009 4116 12932
806 999 3375
735.833 2540 7205
1587.33 4452 13243
1881 4835 14074
675 1982 6026
1451.83 2645 9279
830.167 2377 8385
1046.5 2273 7920
1053.5 2757 8794
647 466 1331
321.667 599 1676
532 1659 5644
1132.33 2844 9525
659 472 1440
1213.5 1862 6698
935.167 1685 5943
970.5 1983 7487
886 998 3206
297 658 1662
2235.83 4200 13384
3169.83 6119 17517
5918.83 9222 21996
748.167 1079 3760
2011.67 5350 14130
1013.17 2778 8640
1041.17 2926 10113
913.667 2165 7791
635 479 1409
2024.83 4787 14173
463.333 502 1461
2883 3552 11768
930 601 2533
1096.67 2757 9130
335 536 1381
389.5 500 1317
352.333 542 1743
1381.5 3285 11036
4736.33 9135 20989
1352.83 3664 11932
716 791 2585
590 1620 4639
1945 4789 13929
3040 7915 19864
729.333 1497 4951
799.667 2471 7648
1351.5 2672 9241
932 953 3224
576.333 1407 3843
627 499 1375
839 1879 6810
805 1517 5041
501.5 1014 3178
386.667 913 2945
1147.67 2345 8249
1054.17 2638 8494
2105 5318 15056
1919.67 4392 13358
2202.17 4419 14228
330.833 799 2331
2659.17 3338 11723
893 2370 7349
1409.5 1844 6679
622 629 2262
330 580 1167
856.5 1172 4047
1162 1691 6414
1225 1855 6728
194.333 663 1412
509 506 1550
425.5 472 1374
1981 4370 13132
1923.17 4245 12388
875.5 890 3099
937 892 3515
2956 4577 14576
624.5 2052 6620
1195.33 2633 9066
721 405 1033
3932 7046 18396
522.667 1228 3744
408 309 539
341 591 1780
618.5 1774 5691
735.5 878 2650
4506.67 9334 21440
623.667 1520 4644
342.5 919 2779
343.5 1349 2888
623 501 1423
480 232 0
616 2119 5818
436.5 720 1901
1091 1491 6019
349.667 417 944
606.833 1564 4437
616 504 1691
503.333 1469 4216
1042.5 1551 5471
420.667 1264 3238
1891.33 5405 14224
1036 878 2756
535.667 1634 4471
307.167 1006 2354
578 518 1708
432.333 1428 3386
444 627 2064
954 1773 5961
828.333 1018 3837
410 330 870
277.333 861 1596
189 477 982
664.667 1113 3235
824.5 1512 5279
785 705 2478
329 581 1315
904.5 1208 5180
1685 4693 13742
266 433 930
385.5 842 2477
868 1143 4597
628.333 732 2518
992.333 1634 5749
792.833 1698 5923
534 591 1892
252 353 364
412.333 1478 3402
693 798 2621
285 341 430
217.5 372 0
458.5 727 2222
342.667 545 1519
294 411 913
217.5 417 614
3959.5 8982 20168
556 549 1815
297.333 278 0
330 407 853
352.333 511 1334
659.833 1547 4956
432 1862 4752
304 407 789
504 604 1783
255 387 588
475.5 1039 2966
477.667 903 2795
482 216 0
629 500 1418
252 324 0
198 388 0
444 262 0
297.333 314 746
256.667 589 1570
482 248 295
189 454 0
2836.5 7099 17667
450 270 522
308 418 979
443 802 2346
4433 9022 20776
416 270 0
444 289 962
489 1146 3722
460 286 597
488 244 944
480 280 919
4508.83 9533 21938
450 240 0
300 456 997
334.5 554 1424
480 260 695
5793.33 8746 20657
198 411 462
285 300 0


764.833 2516 6198
1664.33 4208 12715
402 755 1946
1768.5 4556 14942
582.667 648 2488
2020.83 3460 11595
1475.17 3821 12506
1473.17 4209 13240
1112.5 3606 9225
776.167 1296 4739
605.833 2198 6006
578 518 1923
4547.67 5890 16844
2169 3684 12536
567.5 873 3186
4265.17 8393 19795
2618.33 5992 17406
2856.17 5861 15542
634 2122 5102
1838.67 2584 9946
2513 7116 19472
984.333 1732 6261
1463.33 2569 8529
1650 1373 5081
1281.83 2982 9696
1637.5 2381 8158
2479 7321 16860
1856.17 3169 10939
2467.67 4994 15395
1562.83 1961 6892
1789.83 2966 10743
4597.83 8650 20975
1106.67 3810 9519
1284.67 2626 8576
1310.33 2030 6953
1867.67 3131 11261
1632 1432 5509
3020 4269 13492
1826.83 2865 9257
2508.67 6093 16353
1070.33 2471 8479
4906.17 9646 22131
500 604 1849
5443.33 9165 21633
1650 3416 10289
1619.83 3370 9941
1594.83 3447 10512
1302.83 3691 11027
1112.5 2640 9185
292.5 847 1665
2511 5424 15415
2300.33 4370 13896
253.333 581 1110
413.5 793 2532
247.5 872 1093
2460.33 5849 15051
4778.83 9887 22225
301.5 613 1521
5484.83 8476 20049
824.667 2744 6772
359 558 1484
274 688 1547
2592.5 3011 10980
1774 1842 6706
1770.5 1982 7713
343 913 2024
2258.5 5903 15680
2298.17 5443 15004
4444.17 9683 21317
642 479 1814
519.667 1149 3936
1854.5 2583 8758
850 2199 8074
3051 3603 11827
480.5 1127 3537
1397.33 2621 8576
5665.67 8530 20350
447 947 3030
330 580 1167
715 413 1300
534 563 1941
1510 3544 10548
1038 1571 6438
1308.5 2885 9852
1070.67 2428 8377
2293.83 4281 13872
685 445 1234
679 448 1004
1177.67 2141 7912
1248.5 1894 6844
2691.83 5910 16943
1287.33 4407 10664
1334.67 4502 11287
1335.83 4164 11885
1251.33 3180 9216
527.667 1494 5040
489.667 1685 3997
1726.5 3311 11087
1706.5 2133 7460
386.667 760 2448
3838.83 8587 19695
657.5 1789 5902
529 549 1751
1224.17 3320 9464
522.333 678 2003
560.333 1005 3974
496.5 942 3243
604 1270 3982
682.333 1461 5814
570 544 1898
610.333 1574 5058
1110.5 1132 4365
1535 2636 9188
833 1225 4749
1895.33 2901 10101
348.667 1055 3287
503 730 2489
1242 2062 7152
769 1769 6472
5498.17 8405 19861
612.333 1259 4722
1058.5 2190 6720
3679.17 6613 17895
2002.83 4290 13489
4570.5 9490 20756
463.667 1294 3877
1764.83 3235 11422
382.333 455 1665
1451.17 3665 11461
2601.67 5587 15477
1366.83 4635 12050
1285.67 3102 9774
1248 1001 3844
3988.33 8994 20217
909.667 1758 6018
660.667 1476 5355
1290.5 2969 9430
824.333 1988 6620
362.667 521 1426
2240.33 2487 8942
1522 1977 7297
292 650 1358
1461.67 4242 12408
1307 1796 6617
5304.17 7789 19649
6325.83 9809 22409
2922 5237 16709
1169.67 2612 8482
1302.83 3659 10732
526 560 1857
336 568 1510
878 616 1949
364 671 1912
4311.83 9247 20241
355.667 500 1369
3975.67 9592 20001
345.333 530 1274
580.333 650 2695
380.5 849 2460
553.333 1386 4494
1443.83 4059 11973
398 864 2627
904 587 2403
2878 5505 16305
302.5 631 1901
639.333 1545 5787
399 835 2814
1593.17 2610 9083
527.167 1884 4584
1224.83 3477 10373
319.5 612 1286
1070.5 2130 7271
240.333 584 1018
1083 2166 7836
706 422 1881
1584 3658 10935
280 637 1137
271 655 1260
584 508 1733
2026.33 3660 11957
330 407 853
988.833 2996 8932
458 857 2942
1127.17 2940 9208
5154.5 9180 22085
405.833 992 2999
2168.17 6272 15316
556 549 1815
526.333 1782 4304
1027.83 1955 6629
588.333 2336 5133
542.167 1089 3307
905 586 1966
480 260 695
349.5 861 2072
5003.17 8761 21105
408 309 539
341.667 1357 2272
480 232 0
451.667 1346 3800
460 286 597
444 289 962
198 411 462
1205 1052 4309
383.167 945 2515
217.5 417 614
491 607 1717
266 433 930
305.5 602 1142
838 2818 7326
636 480 1789
335 536 1381
416 270 0
480 280 919
320 965 2233
482 248 295
1015 1174 4050
345 872 2294
376 542 1441
450 240 0
3812.67 9659 19636
297.333 314 746
297.333 278 0
4076 9644 21059
495.667 1036 3100
371.333 587 1535
430 613 1711
198 388 0
304 407 789
699 455 1742
308 418 979
865 641 2167
189 454 0
285 300 0
252 353 364
252 324 0
392 1015 2721
450 270 522
255 387 588
189 477 982
410 330 870
294 411 913
444 262 0
692 415 1639
285 341 430
562.333 923 3474
482 216 0
300 456 997
488 244 944
217.5 372 0
838 709 2757


2697.5 5841 16798
1384 3330 11395
984 2170 7547
1168 3245 10097
947 892 3582
1396.33 2443 9503
997.167 2452 8445
712.5 1143 3810
724 2700 7718
2004 3925 12504
656 826 2611
3275.5 7274 18236
676.333 1949 6955
2394.17 4758 14015
708.5 1731 6024
601.667 1104 3560
1609.67 4013 11652
2694.17 5613 15588
2686.33 5633 16211
616 858 2636
812 653 2198
744.167 1411 5082
2357.83 4583 14014
405 685 1909
1031.5 2404 8087
670 1468 5509
2645 6207 15530
2119.5 3052 10779
4849.67 9973 21622
2028.83 4276 12919
1483.67 4314 12141
582 869 2871
563.5 841 2616
780.667 2437 6970
3910.33 9539 20907
1997.17 4344 13312
2907.17 6133 17173
846 1596 7201
1260.5 2721 10214
1218.5 3624 10793
464.667 956 3011
1234.83 2931 9898
1319.83 3200 11057
5047.5 9623 21628
1683.33 4555 13738
632.667 1498 4497
704.333 1737 5785
733.333 1189 4415
1038.5 1519 5639
5574.5 10220 22521
694 1445 4677
797 737 2647
561 560 1959
829.5 2723 7855
1149.83 2589 9217
1009.67 2661 9748
5363.5 7176 18348
916.667 3181 8867
2909 5598 15596
1270.83 2700 9897
296.5 652 1835
722.667 1289 4707
700.5 856 2876
534 563 1941
386.833 1227 3070
1405.83 2434 9214
4883.33 8619 20375
3657.67 7695 20182
2388.5 7157 17079
3946.67 8782 20313
450.667 628 2115
744.5 957 3180
2647.33 4196 13717
1035.33 2141 8540
481.5 1332 4132
481.833 967 3241
402.5 1104 2742
1753.67 3834 12325
2638.33 6655 16171
4923.5 10344 21721
1187.33 3638 10791
733.333 1795 6155
2080.67 5285 15372
2250.67 5171 14959
794.167 3358 8745
1680 4540 12927
1754 4798 14586
428.333 541 1690
559 719 2170
721 685 2230
706.333 1242 4408
568 930 2752
384.333 787 2296
1479 1374 5807
1591.5 3142 10883
658.667 724 2309
812 2546 7222
890 2734 8588
526 560 1857
1399.5 4414 12678
4845.67 9498 20505
843.667 2407 7916
1364 3164 10279
2311.67 5346 15489
465.667 1289 3842
966 789 3658
646.5 1543 5274
3474.5 9328 19072
1205.5 2493 9217
852.5 2041 7258
1185.83 3728 10425
904 924 3090
1430 4085 11553
2060.5 3409 11881
1785.5 3479 12268
941.667 2809 9202
3131.17 4746 14229
1091 774 3127
1165.83 2940 9986
449.667 1005 3056
5478.67 10036 22518
1085 1034 4373
1551.33 1823 7399
1339.67 2076 7981
1107.33 2354 8774
1322 2635 9639
769 730 2354
710.167 1906 6926
1226.67 3500 10385
5565.83 8593 20934
584 537 1800
5376 8662 20803
4722.83 7417 18532
2892.5 6988 17026
1451 1519 5814
570 544 1898
881.333 1840 7536
640 449 1483
408.667 728 1980
571.333 1551 5715
1703.17 4258 12096
1311.33 3889 10964
2873 3628 13011
3171.17 9362 19583
1500.67 4295 12838
1319.5 2289 8786
1485.83 4278 12440
621 1161 4233
4086.17 9841 21052
2448.5 6302 15723
377.667 1304 2807
5249 9908 22306
466.667 605 2083
636 480 1789
1046.33 2554 9082
299.333 1132 2000
4680.83 8601 20325
534.667 1251 4202
867 619 2603
624.5 1033 3622
5209 9271 21758
383 828 2549
592.333 1130 3294
830 1130 4593
719 1776 6153
1031 1445 5191
444.833 1603 3862
537 449 1059
347 469 1283
3132.33 4268 14335
2968.83 6137 17925
574.833 1457 4343
1965.67 4666 13918
525.667 1439 4288
1453 4352 12151
815.333 1724 6323
588 1418 4222
1135 758 3115
474.667 1199 3431
529 549 1751
816 650 2167
418.167 1487 3172
354.5 862 1961
403 639 1895
523.333 1690 4220
399.333 1564 3301
1021.5 1452 5515
663 693 2287
322 988 2501
664 447 1648
3888.5 10042 20299
562 546 1797
578.5 1502 4677
795 1816 6272
2764.5 4152 13302
252 353 364
338 522 1406
3678.67 7503 18261
426.667 1328 3473
549.5 734 2279
586 528 1735
297.333 278 0
334.5 554 1424
480 280 919
1054 1519 5803
266 433 930
480 260 695
343.333 542 1743
488 244 944
426.5 1138 3073
336.5 925 2602
3812.17 6078 16838
256.667 589 1570
1856.17 3091 10931
693 809 2372
4915.33 9200 21602
793 693 2588
255 387 588
382.333 455 1665
217.5 417 614
558.667 1622 4863
252 324 0
444 262 0
420.333 1156 3030
811 1049 3748
302.667 545 1050
410 330 870
482 248 295
376 468 1211
393 1132 2647
555.833 1875 4770
939 916 3186
518 602 1752
480 232 0
652 820 2403
578 1146 3906
297.333 314 746
462.333 1141 3359
6107.33 9730 22035
748 1095 3802
408 309 539
545 1844 4731
304 407 789
559.333 1250 4127
482 216 0
3441.67 9027 18926
189 477 982
308 418 979
897 600 2178
294 411 913
450 240 0
546.333 940 2990
300 456 997
809 2478 7119
460 286 597
198 388 0
217.5 372 0
285 300 0
330.5 580 1533
198 411 462
285 341 430
685 445 1234
450 270 522
444 289 962
330 407 853
598 522 1688
416 270 0
189 454 0


1752.67 3134 10626
563.333 1403 4602
824.5 2245 6478
2506.5 4645 15552
1672.83 4050 12255
2111.67 3497 11755
584 508 1733
3701.83 6265 18402
856.5 1018 4252
498.667 1063 3599
923.5 2257 7552
2453 2800 9747
1012.83 3104 8656
1436.33 4235 11479
1601.17 3493 11347
2050 6205 15682
1397 3509 11424
3607.17 7015 18195
1783.67 3881 12364
880.833 2211 6840
505 764 2425
1031.5 1666 6171
343.333 542 1743
3444.33 6424 17154
1309.33 2699 8997
2045.17 4195 12667
389 834 2212
2690.5 2645 9498
2376.5 3904 13053
1138 1385 5930
341 541 1690
3458 2987 10350
3408.17 5181 15601
336 568 1510
782.5 1160 4502
340 877 2201
1157.17 2272 8676
287.833 780 2184
2124.83 3788 11831
1053.33 2378 8165
711.833 1429 5517
247 662 1346
537.167 1344 4392
338 522 1406
3153.83 7613 17132
910.667 1702 6892
1387 2819 9125
1232 1589 6892
7335.33 10020 22981
309 580 1392
191.833 668 1596
2730.17 5814 16651
1167 3495 9904
1017.33 2718 8399
3198.33 5236 15928
644.667 1506 5253
1003.67 2417 7983
901.5 2203 6920
1201.5 2847 8910
1722.67 2716 9742
3243.17 6668 17696
3131.33 5348 15750
915.833 2195 7371
1485 2592 9455
1578.83 3617 11654
302.5 631 1901
418.333 1216 3366
1004 1265 5029
6188.5 9726 22211
527.5 1460 4863
1298 973 3575
793.333 2698 7389
524.833 1767 5081
1259.17 3295 10189
510.667 1195 3720
1530.33 3119 10079
2916.17 5201 15719
1126.67 2848 9528
2284.5 3882 12877
2328.83 4087 13352
301.5 613 1521
629 505 1501
634.333 812 2990
1676.17 4563 13415
532.5 915 2845
2000.33 4610 14817
2453 5243 15613
405.5 744 2109
1693.83 4297 14435
1278 3900 10958
3340 7453 18194
2287.33 6176 15994
464.167 868 2705
1000 2453 7984
2708.67 5690 15621
456 1075 3053
1477.5 2259 8574
1334.5 3189 9807
886.5 994 4064
569.667 1381 4569
635 479 1409
1054.33 2127 7980
2753.33 5769 15710
2569.5 3736 11945
301.333 624 1208
376 468 1211
674.333 1551 5517
612.333 938 3147
1626.83 4230 13159
325.5 1048 2699
516.333 1138 3921
918.667 2248 7511
1018.33 2293 7577
196.833 637 1076
859.167 2153 6694
534 563 1941
1294.33 2825 9566
3558.67 6711 17929
404.667 760 2224
3928.17 7410 18829
3166 8829 17256
2082.5 2461 9056
584.333 1085 3632
670.833 1737 6398
2405.5 3310 11757
3223.33 6967 16881
348.667 968 2356
1686.83 4544 14007
497.167 1216 4335
1426.5 3216 11091
669 1565 5795
686 418 1466
1370.5 2895 9992
641.833 1789 5203
721 405 1033
382 506 1550
636.333 1327 5006
746 834 3249
594 1434 5199
305.5 602 1142
3197.5 7577 20620
490.333 978 3416
1290.5 3417 11010
3002.17 8548 16693
521 560 1849
194.333 663 1412
455 1440 3404
1483.5 3050 10044
1357.83 3523 11044
692 462 1760
657.167 1899 5588
682 1002 3858
918.333 2187 7078
529.167 1139 4078
547 534 1874
1031.83 2704 8618
431.333 1022 2851
2262.33 3822 11989
479.667 1199 3101
1338 1990 7529
1243 2133 8382
836.833 2394 7231
189 454 0
1268 3893 10518
472.667 1017 2930
969.5 2339 7644
586.5 873 2980
623.333 561 2825
3342.5 6373 16930
778.333 2615 6455
395.167 966 2643
608.5 728 2543
3158.17 5969 16689
240.333 584 1018
2455.17 6371 16620
1511.67 4261 12117
3093.5 3973 13361
1317.33 4323 12097
620.5 1315 4362
667.167 1188 5006
928.667 1999 7446
335 536 1381
561 560 1959
291 647 1553
1814.33 5621 15528
3334.33 6115 16698
931 910 3413
661.333 1690 5716
332.5 578 1070
1064 820 3047
964 2502 7992
526.833 1751 4379
686 455 1614
602.667 2417 5297
364 671 1912
429.333 1036 2667
470.667 774 2311
242.667 864 1613
3843.17 9416 21103
409 787 2374
444 289 962
4753.5 9620 21297
639.167 2275 6087
410 330 870
641 486 1516
1443.33 4412 13036
5100.33 9888 22497
248 658 1444
334.5 554 1424
415 619 1944
375.5 844 2512
952.833 2843 8108
460 286 597
659 472 1440
844.167 2530 7485
340 1123 2724
351.667 511 1334
847.5 2229 7129
535.333 842 2944
416 270 0
4237.5 9737 21553
425.5 472 1374
685 445 1234
694 446 1527
877.333 2389 7258
304 407 789
272 705 1979
297.333 278 0
450 240 0
337.5 571 1593
3136.67 7278 16836
297.333 314 746
529 549 1751
255 387 588
488 244 944
537 469 1283
712 419 1863
285 300 0
217.5 417 614
480 260 695
459.833 1380 4346
217.5 372 0
374.833 1027 2638
341 591 1780
5456.67 9151 21143
370.167 1005 2620
330 407 853
578 518 1708
308 418 979
621 500 1497
480 232 0
499 599 1875
300 456 997
444 262 0
480 280 919
252 353 364
482 216 0
450 270 522
198 388 0
526 560 1857
266 433 930
467.333 689 2193
408 309 539
198 411 462
189 477 982
482 248 295
252 324 0
294 411 913
285 341 430


