2526.67 6551 15374
2522.33 6560 15374
2514.67 6562 15374
2538.67 6514 15374
2540 6510 15374
2546 6498 15374
2532 6533 15374
2536.33 6524 15374
2555.33 6488 15374
2552.33 6491 15374
2558 6474 15374
2558.33 6462 15374
2555.67 6486 15374
2618.33 6337 15374
2611 6352 15374
2560.33 6444 15374
2574.33 6434 15374
2596.67 6391 15374
2611 6364 15374
2607 6375 15374
2608 6373 15374
2610 6371 15374
2584.67 6410 15374
2594.67 6404 15374
2574.33 6418 15374
2404 6829 15374
2388.33 6861 15374
2398 6851 15374
2386 6870 15374
2400.33 6837 15374
2384 6877 15374
2395.67 6858 15374
2405.67 6822 15374
2350.33 6957 15374
2380 6891 15374
2354 6953 15374
2371.67 6913 15374
2361.33 6934 15374
2377.33 6898 15374
2367.67 6926 15374
2446.67 6756 15374
2449.5 6677 15374
2422.67 6787 15374
2448.33 6755 15374
2434.67 6758 15374
2418.33 6789 15374
2434 6761 15374
2486.33 6641 15374
2494.33 6637 15374
2461.5 6648 15374
2495.83 6593 15374
2514.33 6576 15374
2484.33 6645 15374
2502.33 6581 15374
2512.67 6578 15374
2495.33 6616 15374
2189.83 7815 15374
2213.17 7766 15374
2323.67 7043 15374
2307.67 7073 15374
2320 7044 15374
2303 7076 15374
2345.67 6966 15374
2287.67 7130 15374
2331 6989 15374
2290.33 7117 15374
2285.67 7137 15374
2293.67 7110 15374
2247.5 7652 15374
2283.83 7625 15374
3196.5 7797 16230
3186.5 7815 16230
3203.17 7787 16230
3180.83 7825 16230
3165.5 7857 16230
3206.83 7784 16230
3192.5 7811 16230
3219.17 7742 16230
3231.5 7719 16230
3208.83 7751 16230
3229.83 7721 16230
3163.83 7894 16230
3115.67 7914 16230
3050.83 7954 16230
3157.17 7898 16230
3152.67 7906 16230
3334.17 7577 16230
3284.83 7594 16230
3266.83 7638 16230
3294.83 7592 16230
3253.83 7684 16230
3243.17 7687 16230
3241.83 7697 16230
3277.17 7631 16230
3386.33 7471 16230
3260.5 7656 16230
2938.83 8959 16230
2977 8954 16230
3022.83 8242 16230
3041.83 8164 16230
3007.83 8295 16230
2986.17 8370 16230
4188 7850 16295
4216 7803 16295
4899.33 7413 16295
4841.83 7494 16295
4885 7463 16295
4618.33 7753 16295
4632.17 7727 16295
4623 7750 16295
4765.33 7605 16295
4784.83 7558 16295
4446.5 7759 16295
4692.17 7673 16295
4711.67 7626 16295
4695.67 7667 16295
3961.5 7171 15584
3101.67 6253 15374
2660.67 6262 15374
2649.67 10511 19902
2673.33 10435 19902
2651 10485 19902
2665.33 10444 19902
2632 10563 19902
2679.33 10415 19902
2660.33 10476 19902
2645.67 10515 19902
2632.33 10541 19902
2631 10723 19902
2765 10193 19902
2744 10263 19902
2742.67 10279 19902
2852.83 10067 19902
2845 10079 19902
2840.67 10083 19902
2815 10093 19902
2727 10280 19902
2689.67 10308 19902
2803.33 10141 19902
2777 10174 19902
3073.5 9778 19902
2911.17 9879 19902
2985.83 9807 19902
2910.83 9895 19902
3011.33 9803 19902
2922.83 9861 19902
2902.5 9928 19902
2869.5 9961 19902
3117.17 9727 19902
3135.5 9699 19902
3245.5 9432 19902
3229.5 9453 19902
3237.83 9447 19902
3241.17 9438 19902
3165.83 9553 19902
3191.17 9535 19902
3207.83 9496 19902
3198.67 9506 19902
3196.17 9521 19902
3206.5 9503 19902
3219.5 9477 19902
3163.17 9619 19902
3147.17 9651 19902
4306 8104 19902
4448.5 8095 19902
4903.83 7689 19902
4738.83 7744 19902
4896.17 7706 19902
5131 7632 19902
4745.17 7723 19902
5456.17 7502 19902
4485.33 7798 19902
4625 7753 19902
4070.17 8201 19902
4328.5 8098 19902
4280.33 8108 19902
4328 8101 19902
4227.17 8123 19902
3246.5 9391 19902
3263.83 9257 19902
3279 9241 19902
3337.83 9162 19902
3663.83 8811 19902
3640.83 8940 19902
3724.67 8777 19902
3725.5 8768 19902
3958 8569 19902
4011.33 8457 19902
3966.17 8510 19902
3749.67 8602 19902
3740.33 8711 19902
198 388 0
196.833 569 0
217.5 372 0
488 218 0
252 324 0
855 622 1866
584 508 1733
836 638 1866
703 464 1263
324.5 622 1467
198 411 462
216 493 744
304 407 789
336 369 715
217.5 417 614
454 309 465
252 353 364
488 244 944
486 300 798
349.667 417 944
330 407 853
2139.17 4950 11483
2525.67 4404 11483
2575.83 4324 11483
2529.33 4388 11483
2551.33 4342 11483
2291.67 4455 11483
2499.33 4449 11483
2484.17 4451 11483
2205.67 4587 11483
3757.67 3833 10221
3696.33 3872 10221
3121.5 3893 10221
3722.67 3850 10221
1989 4591 9256
2068 4484 10221
2082.83 4483 10221
2098.67 4073 10221
2218.33 4067 10221
2676.5 4046 10221
2887.5 3952 10221
2894 3943 10221
1726 2357 5534
1923.17 3319 7484
1775.5 3407 7484
1804.67 3355 7484
1737.33 3462 7484
1739.67 3418 7484
1383.83 4065 7535
1403.5 4022 7535
1371.5 4112 7535
1366.83 4114 7535
1405.83 4010 7535
1400.5 4028 7535
1378.17 4075 7535
1390.17 4033 7535
1343.5 4130 7535
1430.5 3951 7535
1413.17 3993 7535
1459.83 3869 7535
1475.5 3836 7535
1414.83 3968 7535
1449.83 3884 7535
1529.33 3775 7535
1434.5 3945 7535
1468.17 3554 7484
1728 3482 7484
1728.17 3476 7484
1531.83 3500 7484
924.333 3271 7132
943.833 3147 7132
928.667 3216 7132
931.667 3195 7132
1298.5 2615 7132
1197 2625 7132
1189 2646 7132
1336.17 2595 7132
1057.33 2871 7132
1083.83 2837 7132
1171.83 2727 7132
1135.17 2790 7132
1167.17 2734 7132
1152.67 2749 7132
997.167 3060 7132
1022.17 3034 7132
979.167 3089 7132
982.833 3070 7132
966 3110 7132
971.167 3106 7132
1033 2950 7132
1041 2915 7132
3040 3920 8148
2725.5 3937 8148
2802.33 6127 13925
450.667 1023 2623
1024.83 1874 4720
932.667 2013 4720
843.333 2059 4720
981 1941 4720
1002.5 1927 4720
1535 1403 3494
778.333 1923 2866
964 1239 3025
921 1281 3236
1517 1744 4052


5858 6306 16168
6450.33 6266 16168
5858.67 6289 16168
6725 6260 16168
5895.17 6284 16168
5108.17 6316 16168
4383.83 6380 16168
4332.67 6387 16168
4323.17 6403 16168
3429.67 6610 16168
3680.5 6430 16168
4069 6411 16168
3641 6462 16168
4017.83 6418 16168
3182.17 6889 16168
3114.83 6961 16168
3141.17 6896 16168
3005 7110 16168
2965.33 7149 16168
2954.67 7175 16168
2938 7214 16168
3003.5 7126 16168
3079.67 6992 16168
3311.83 6867 16168
3326.17 6690 16168
3436.67 6593 16168
3464.67 6503 16168
3413.33 6639 16168
3425.67 6620 16168
3001.83 7072 15729
3000.5 7083 15729
2921.5 7136 15729
2454.83 7962 15729
2478.17 7884 15729
2499.5 7823 15729
2564.5 7695 15729
2520.33 7741 15729
2466.83 7900 15729
2447.5 7967 15729
2457.83 7942 15729
2436.5 7992 15729
2408.83 8064 15729
2431.17 8034 15729
2427.17 8045 15729
2394.5 8133 15729
2402.17 8093 15729
2799.67 7207 15729
2824 7171 15729
2761.33 7280 15729
2799.67 7216 15729
2699 7458 15729
2811 7194 15729
2930.33 7221 16168
2428 8087 17838
2363.33 8227 17838
2418 8123 17838
2419.33 8119 17838
2338.33 8300 17838
2384 8221 17838
2298.33 8470 17838
2315.33 8388 17838
2394.67 8169 17838
2355.33 8294 17838
2450.67 8034 17838
2502.33 7917 17838
2459 8008 17838
2482 7969 17838
2512.67 7854 17838
2526.33 7829 17838
2589.33 7633 17838
2570 7677 17838
2539.67 7774 17838
2577.33 7654 17838
2649 7567 17838
2607.33 7619 17838
2659 7498 17838
2651 7509 17838
2609.33 7582 17838
3319.67 7099 17838
3253.17 7174 17838
3327.17 7073 17838
3012.67 7224 17838
2687.17 7477 17838
2747 7363 17838
2801 7252 17838
2761 7348 17838
2679.33 7492 17838
2787 7271 17838
2704 7387 17838
4210.5 6807 17838
3858.5 6912 17838
4189.83 6835 17838
4021.67 6874 17838
3594.33 6915 17838
3454.17 6983 17838
3357.67 7016 17838
2480.5 9591 19904
2443.33 9728 19904
2481.83 9580 19904
2478.5 9656 19904
2477 9670 19904
2460.67 9691 19904
2675 9326 19904
2572.17 9362 19904
2632.67 9338 19904
2627.83 9355 19904
2552.83 9436 19904
2524.5 9458 19904
2506.17 9522 19904
2734.5 9134 19904
2700.67 9197 19904
2734.5 9144 19904
2683.5 9285 19904
2686.5 9260 19904
3513.5 7714 19904
3877.33 7581 19904
3859.5 7649 19904
3913.33 7560 19904
3925 7538 19904
4236 7418 19904
4027.17 7483 19904
3771.67 7656 19904
3717.33 7666 19904
3410.33 7938 19904
3449.17 7838 19904
3489.5 7766 19904
3470.17 7796 19904
3497.17 7737 19904
3381.33 7942 19904
3426.33 7868 19904
3418.67 7934 19904
3563.5 7686 19904
3371.17 8517 19904
3374.5 8493 19904
3256.33 8555 19904
3288.33 8525 19904
2812.83 8980 19904
2756.5 9079 19904
2750.17 9087 19904
2972.33 8929 19904
2771.5 9044 19904
3154.83 8639 19904
2786.83 9001 19904
2746.17 9109 19904
3116.33 8708 19904
2756.83 9077 19904
460 286 597
389.5 478 597
196.833 569 0
488 218 0
460 252 0
196.833 592 462
306.667 531 597
252 353 364
285 341 430
198 411 462
252 324 0
285 300 0
198 388 0
217.5 372 0
1207 1868 3313
1120 1956 3313
1109.5 2000 3313
1141.5 1929 3313
1159.5 1912 3313
1197.5 1877 3313
1177 1898 3313
1438 1848 3313
936.5 2269 3313
1034.5 2119 3313
1017 2150 3313
1023.5 2136 3313
1048 2101 3313
984.5 2247 3313
978.5 2255 3313
979 2254 3313
993.5 2191 3313
987.5 2243 3313
1051 2099 3313
1066.5 2078 3313
1055 2093 3313
1080 2043 3313
1098.5 2017 3313
667 824 2570
425 1028 2513
734 770 2500
739 768 2570
860 671 2570
443 673 1266
215 598 892
488 244 944
417.5 727 1521
381.5 796 1521
1102 1046 2850
590.667 1583 3270
608 1569 3270
578.667 1605 3270
612 1519 3270
590.333 1584 3270
681.5 1236 2800
719.5 1269 2898
595.333 1538 2925
680.667 1336 3270
659 1401 3270
662.333 1387 3270
653.667 1413 3270
640.333 1453 3270
649 1446 3270
629 1491 3270
615 1505 3270
632 1463 3270
620.667 1494 3270
1600.67 4841 10665
1665.5 4708 10665
1603.83 4820 10665
1634.83 4785 10665
1658.17 4711 10665
1544.17 4991 10665
1579.67 4853 10665
1601 4822 10665
1836.17 4303 10665
1890.17 4209 10665
2073.67 4079 10665
2076.5 4035 10665
2168.5 3993 10665
1743.5 4490 10665
1738.83 4529 10665
1758.83 4482 10665
1726.83 4557 10665
1789.17 4411 10665
1703.83 4592 10665
1693.17 4629 10665
1685.5 4644 10665
1694.5 4622 10665
1720.83 4581 10665
1711.17 4587 10665
1653.83 4712 10665
1792.83 4377 10665
1775.5 4422 10665
1899.17 4201 10665
1879.5 4237 10665
1797.33 4342 10665
1900.67 4140 10665
1926.67 4096 10665
1826.17 4336 10665
1836.17 4282 10665
2204 3692 9562
3323.83 3556 9562
3198.83 3563 9562
3333.33 3541 9562
3330.33 3545 9562
3182.33 3568 9562
3601.33 3477 9562
1816.5 4145 9562
1832 4080 9562
1876.67 3842 9562
2237.33 3577 9562
2192 3721 9562
2210.33 3658 9562
2213.5 3656 9562
1933.33 3728 9562
2424.5 6361 10698
3664.17 6244 11160
3049.33 6010 11137
3105.83 5937 11019
3191.33 5804 11019
3843.5 5647 11289
1109.33 2368 4728
1696.67 2651 8278
1672 2672 8278
1775.67 2577 8278
1697 2637 8278
1743.67 2591 8278
1695.67 2664 8278
1428.33 3146 8278
1434.33 3127 8278
1489.67 2914 8278
1458 3118 8278
1544.33 2894 8278
1593.33 2765 8278
1479.67 3005 8278
1561 2801 8278
1595 2673 8278
1558 2815 8278
1386.33 3237 8278
905.5 3499 8113
1157 3140 8113
1075.67 3143 8113
1028 3293 8113
962.833 3376 8113
949.167 3414 8113
967 3340 8113
969.833 3329 8113
948.833 3423 8113
932.833 3437 8113
1037.83 3208 8113
1034.5 3236 8113
1030.83 2584 5794
1738.5 2540 4885
3267.33 6373 12347
3458.83 6298 12711


2212.33 8908 19394
2227 8849 19394
2236.67 8806 19394
2228.33 8839 19394
2213.67 8898 19394
2205.67 8955 19394
2207 8945 19394
2216 8873 19394
2202 8964 19394
2242 8801 19394
2164.83 9164 19394
2140.83 9261 19394
2119.17 9299 19394
2148.17 9260 19394
2136.5 9264 19394
2153.5 9229 19394
2156.17 9179 19394
2123.17 9279 19394
2118.5 9321 19394
2180.83 9106 19394
2182.83 9104 19394
2195.17 9092 19394
2171.5 9149 19394
2414 8437 19394
2387.67 8526 19394
2387 8533 19394
2266.67 8756 19394
2261.67 8759 19394
2333.33 8632 19394
2294.67 8668 19394
2312.67 8658 19394
2318.33 8635 19394
2312.33 8665 19394
2291 8674 19394
2336.67 8607 19394
2335.33 8613 19394
2267.67 8722 19394
2282 8709 19394
2356.67 8578 19394
2342 8580 19394
2371.33 8534 19394
2388.67 8520 19394
2418.33 8433 19394
2389.33 8456 19394
2358.33 8559 19394
2470.67 8301 19394
2496.67 8250 19394
2421 8392 19394
2429.33 8358 19394
2459.33 8332 19394
2488 8273 19394
2491.67 8252 19394
2452 8351 19394
2480.67 8286 19394
2528.33 8169 19394
2521.33 8208 19394
2523 8186 19394
2511 8222 19394
2534.67 8158 19394
2497 8237 19394
2504 8229 19394
2549 8132 19394
2525.33 8183 19394
2559.33 8087 19394
2572.67 8070 19394
2633.33 7915 19394
2600 8011 19394
2642.33 7908 19394
2622.67 7952 19394
2606.33 8001 19394
2636.67 7909 19394
2625.33 7933 19394
2607.33 7999 19394
2612 7997 19394
2584 8034 19394
2574.83 8059 19394
2826 7622 19394
2754 7638 19394
2701.33 7769 19394
2689 7787 19394
2720 7725 19394
2710.67 7761 19394
2656 7869 19394
2647.33 7883 19394
2643 7905 19394
2689 7797 19394
2689 7789 19394
2643.67 7901 19394
2684.33 7801 19394
2676 7827 19394
2679.33 7815 19394
2663.67 7847 19394
2650.67 7877 19394
2647 7895 19394
3235.17 6963 19394
3242.83 6939 19394
3261.5 6929 19394
3261.5 6910 19394
3235.5 6957 19394
3273.83 6891 19394
3295.83 6883 19394
3169.67 6976 19394
3284.17 6885 19394
2926.67 7270 19394
2933.33 7263 19394
3025 7051 19394
3018.33 7078 19394
3022 7068 19394
3032 7030 19394
3044 7017 19394
3020 7076 19394
2963 7164 19394
2969 7147 19394
2998.33 7111 19394
2995 7113 19394
3012 7080 19394
2938 7209 19394
2828.17 7469 19394
2863.5 7387 19394
2867.17 7376 19394
2870.5 7362 19394
2908 7324 19394
2903.67 7329 19394
2885.67 7334 19394
2849.17 7406 19394
2845.83 7430 19394
2916.33 7283 19394
2909 7290 19394
2924.67 7277 19394
3517.33 6783 19394
4185.67 6613 19394
3661.67 6622 19394
4366.33 6522 19394
4576 6498 19394
6298.67 6466 19394
3215.17 6970 19394
3530 6782 19394
3638.67 6690 19394
3301.17 6829 19394
3308.83 6805 19394
2953 7198 19394
2993.33 7146 19394
3011 7102 19394
3011.33 7093 19394
893 639 2210
753 758 2210
674 818 2210
216 458 0
416 270 0
297.333 278 0
482 248 295
482 216 0
648 456 1010
416 310 528
232 478 370
216 493 744
297.333 314 746
238.333 549 746
809 692 1752
877 622 1752
345.333 530 1274
1957.67 5804 9941
1955.67 5814 9941
1917 5873 9941
1907 5913 9941
1936 5841 9941
1942 5829 9941
2072.17 5415 9941
2120.33 5312 9941
2087.5 5361 9941
2049.17 5449 9941
2045.33 5466 9941
2111 5315 9941
2074.83 5384 9941
2060.17 5434 9941
2227.33 5254 9941
2194.17 5283 9941
2021.83 5529 9941
1960.17 5641 9941
2004.17 5566 9941
2022.5 5516 9941
1319.33 3664 9610
1315.67 3668 9610
1319.33 3665 9610
1366.33 3559 9610
1363 3564 9610
1331.33 3622 9610
1331 3623 9610
1346.67 3583 9610
1362.33 3573 9610
1349.67 3578 9610
1323.33 3645 9610
1329 3644 9610
1330.67 3639 9610
1340.33 3603 9610
1298.67 3723 9610
1289.67 3742 9610
1301.67 3688 9610
1308.67 3683 9610
1280.67 3750 9610
1295.67 3726 9610
1293 3730 9610
1293.33 3729 9610
1269.33 3795 9610
1259.67 3814 9610
1277.33 3765 9610
1274.67 3772 9610
1228.33 3971 9610
1206.67 4021 9610
1251.33 3834 9610
1229 3897 9610
1243 3845 9610
1488.5 3484 9610
1493.5 3421 9610
1382.67 3542 9610
2551.83 5091 9941
2517.33 5124 9941
2499.17 5141 9941
1635.17 5214 9736
1645.83 5141 9736
1666.17 5109 9736
1638.83 5184 9736
2100 4819 9736
2124 5289 9941
1783 4872 9736
1743.67 4945 9736
1692.17 5022 9736
1677.17 5065 9736
1697.17 4968 9736
1669.5 5074 9736
4618.5 5437 11787
4520.17 5558 11787
4440.17 5642 11787
4551.5 5512 11787
4599.5 5459 11787
5081.67 5387 11787
4405.83 5649 11787
2508.17 5896 12379
3086.5 5820 12379
2637.17 5828 12379
2710.17 6483 13008
4332.33 6369 13736
3232.17 6636 13689
4300.33 6437 13736
2849 5130 11574
3082.83 4988 11610
2230.67 5176 11610
1285.33 2400 5126
1011.17 2952 5096
1265.33 2404 5453
1128 2675 5453
1153 2589 5453
1165.67 2423 5453
1307.67 2708 6664
1333.33 2620 6664
1507.67 2618 6664
1332.67 2641 6664
1648 2548 6664
1624.33 2588 6664
1330 2652 6664
1254.67 2819 6664
1264 2773 6664
1303 2719 6664
1515.83 2911 7181
1483.83 2975 7181
1483.17 2976 7181
1491.83 2970 7181
1476.83 2977 7181
1472.17 2983 7181
1254.83 2990 7181
1546.83 2863 7181
1531.83 2876 7181
1559.83 2789 7181
1557.83 2824 7181
1507.5 2944 7181
1503.83 2952 7181
1141.83 3261 7181
1092 3318 7181
1178.83 3185 7181
1230.83 3040 7181
1199.67 3087 7181
2535.5 3280 7340
2043 3314 7340
2613.5 3261 7340
1045.67 2717 4570
1434.33 2344 4570
1092 2584 4570
1095 2421 4570
1037.67 2728 4570
1085.33 2642 4570
739.667 2042 3086
921.5 1848 3526
812 1223 3466
1077 1483 3759
1201 1862 3813
1251.33 1709 3944
956.333 2036 4177
981.167 2532 4266
1045 2189 4418
659.167 1877 2600


626.333 1007 2744
401.667 1573 2724
409.667 1559 2724
419 1537 2724
435.667 1487 2724
437.333 1475 2724
421.667 1513 2724
485.167 1287 2744
515.667 1232 2744
517.333 1126 2744
458.333 1434 2724
478 1358 2724
458.667 1394 2724
455.667 1435 2724
483 1342 2724
438 1447 2724
558.333 1047 2744
480 232 0
226 490 272
454 256 0
308 386 0
444 262 0
260 432 0
226 470 0
678 776 1228
540 583 1160
613 497 1197
913 906 1610
309 923 1459
346.5 880 1459
899 908 1610
864 924 1610
342.5 898 1459
859 955 1610
1032 807 2403
914 952 2158
1033 798 2403
984 837 2403
1113 763 2403
961 863 2403
925 885 2403
1091 780 2403
410 330 870
444 289 962
260 469 565
308 418 979
299 564 979
480 260 695
444.667 1222 1988
533.5 1087 1908
3418.83 6637 17774
3557.17 6475 17774
3981.17 6389 17774
3576.17 6450 17774
3698.33 6439 17774
3547.5 6481 17774
3771.17 6407 17774
3262.5 6798 17774
3369.5 6676 17774
3411.83 6658 17774
3350.5 6686 17774
3415.5 6641 17774
3437.33 6616 17774
3441.5 6565 17774
3291.5 6729 17774
2869.67 7658 17774
2618 8373 17774
2601.33 8415 17774
2622.33 8300 17774
2590.33 8450 17774
2606 8399 17774
2598.33 8439 17774
2742.67 7983 17774
2718.33 8033 17774
2726.33 8025 17774
2718.33 8072 17774
2673 8158 17774
2693.33 8105 17774
2647.67 8225 17774
2643.67 8260 17774
2641.33 8264 17774
2635.67 8266 17774
2634 8278 17774
2764.33 7921 17774
2757.33 7954 17774
2753.33 7966 17774
3167.67 6999 17774
3153.67 7026 17774
2993.67 7366 17774
2982 7402 17774
2933.67 7498 17774
2957.67 7450 17774
2881.67 7637 17774
2844 7743 17774
2916 7609 17774
2927.67 7552 17774
2932 7513 17774
2803.67 7817 17774
2870 7647 17774
3121.67 7075 17774
3145.67 7059 17774
3135 7061 17774
3153.33 7058 17774
3145.33 7060 17774
3044 7273 17774
3012.33 7310 17774
3169.67 6990 17774
3224.33 6941 17774
3180 6967 17774
3230.33 6900 17774
3259.33 6822 17774
4808 8281 18968
3955.67 9714 19027
4471.67 9068 18975
4435.33 9129 18975
4411.5 9173 18975
4390.33 9235 18975
2976.33 9415 18968
2984.67 9363 18968
3812.5 8839 18968
3755.67 8878 18968
3051.67 7225 17774
3078.67 7197 17774
3113.33 7092 17774
3079.33 7127 17774
3112 7123 17774
3070 7216 17774
3073.33 7207 17774
3070.67 7210 17774
3029.67 7300 17774
3029.33 7301 17774
3045.33 7255 17774
3035.33 7285 17774
3034 7298 17774
2562 8528 17774
3105.67 9168 18968
3041.67 9244 18968
3678.17 9040 18968
3720.5 8966 18968
4594.5 8514 18968
4539.5 8773 18968
4514.5 8810 18968
4647.33 8996 19027
1253.17 2827 6779
1288.5 4656 9001
1230.5 4834 9001
1260.83 4730 9001
1300.83 4632 9001
1305.17 4617 9001
1262.83 4729 9001
1292.83 4655 9001
1269.83 4716 9001
1282.5 4680 9001
1276.17 4688 9001
1288.17 4666 9001
1296.5 4639 9001
1812 3908 9001
1835.33 3871 9001
1762.5 3913 9001
1776.83 3912 9001
1889.5 3806 9001
1859.67 3849 9001
1655.5 4045 9001
1684.83 4021 9001
1745.83 3981 9001
1713.83 4017 9001
1723.5 3989 9001
1719.33 4013 9001
1745.17 3988 9001
1748.83 3939 9001
1578 4123 9001
1548.17 4139 9001
1578 4105 9001
1593.67 4059 9001
1445.33 4381 9001
1467.67 4296 9001
1469.33 4256 9001
1519.5 4210 9001
1510.5 4222 9001
1540.67 4160 9001
1530.5 4187 9001
1414.5 4397 9001
1381.17 4427 9001
1308.5 4601 9001
1312.17 4598 9001
1323.17 4554 9001
1322.17 4565 9001
1316.5 4588 9001
1354.83 4486 9001
1350.83 4490 9001
1361.5 4462 9001
1346.17 4514 9001
1348.5 4498 9001
1327.83 4522 9001
1330.17 4516 9001
1704.17 3309 6901
1206.67 3665 7250
1226 3616 7250
1279 3511 7250
1402 3448 7250
1299.33 3472 7250
1256.67 3541 7250
1218.33 3623 7250
1179 3757 7250
1194.33 3696 7250
1269 3527 7250
1238.67 3570 7250
1422.83 4114 7996
1630.17 3787 8414
1648.5 3658 8414
1676.83 3562 8414
1742.17 3552 8414
1632.83 3779 8414
1618.5 3845 8414
1645.83 3756 8414
1480.5 3913 8414
1622.17 3794 8414
1600.17 3882 8414
1605.83 3856 8414
1523.33 3911 7996
1553.17 3827 7996
2030.83 3353 8414
1998.5 3405 8414
1985 3410 8414
1819.83 3435 8414
1803.5 3452 8414
1754.17 3540 8414
1774.5 3526 8414
1771.17 3532 8414
1761.17 3535 8414
1775.17 3467 8414
2807.17 6879 12979
2814.5 5618 13172
923 1773 2818
1446 1758 3185
820.667 1832 3333
1767 2303 4463
1505 1801 3869
1366 1883 4166
715.333 2160 3977
1186.83 2073 4265
1062.33 2549 4783
1179.83 2773 5315
1673 2377 5179
2465.5 2505 5206
1505 2737 6114
2558.5 4059 10160
2276.83 6330 10875
2417.17 6128 10875
2423.5 6089 10875
2364.5 6188 10875
2256.33 5035 10513
2058.83 5126 10513
2369.5 4915 10513
2242.67 5094 10513
3081.83 4890 10513
2213.33 5104 10513
2012.33 5548 10513
2550.17 5910 10875
2433.33 6012 10875
2520.67 5935 10875
2466.5 5964 10875


2609.5 10355 19053
2589.83 10402 19053
2600.83 10368 19053
2612.5 10352 19053
2578.17 10441 19053
2585.83 10416 19053
2582.17 10423 19053
2613.83 10339 19053
2609.17 10361 19053
2533.5 10565 19053
2538.17 10536 19053
2559.5 10496 19053
2556.17 10498 19053
2555.83 10522 19053
2565.83 10464 19053
2562.17 10472 19053
2525.83 10586 19053
2674.5 10207 19053
2664.17 10224 19053
2675.83 10202 19053
2659.5 10227 19053
2668.5 10212 19053
2666.83 10221 19053
2623.5 10317 19053
2626.17 10313 19053
2636.17 10277 19053
2626.17 10307 19053
2631.5 10303 19053
2620.17 10328 19053
2621.83 10325 19053
2640.5 10273 19053
2655.17 10238 19053
2644.83 10259 19053
2922.17 9895 19053
2940.17 9850 19053
2923.17 9872 19053
2913.5 9897 19053
2904.5 9929 19053
2909.17 9912 19053
2902.83 9935 19053
2746.5 10044 19053
2776.5 10028 19053
2897.5 9963 19053
2890.5 9970 19053
2869.67 10005 19053
2753.83 10033 19053
2725.83 10114 19053
2704.83 10145 19053
2731.83 10099 19053
2685.83 10173 19053
2710.83 10133 19053
2703.83 10156 19053
2714.17 10123 19053
2720.83 10121 19053
2720.83 10122 19053
2696.83 10163 19053
7888.83 7326 19053
7958 7273 19053
7898 7296 19053
7889 7324 19053
6190.83 7332 19053
5993.33 7349 19053
6010.5 7341 19053
6008.5 7344 19053
3498.83 8927 19053
3858.67 8410 19053
3800 8477 19053
3745 8497 19053
4387.33 8379 19053
4425.67 8306 19053
4397 8339 19053
4444.17 8258 19053
4992.67 7439 19053
5419.17 7363 19053
5408.17 7391 19053
5019 7411 19053
4559 7550 19053
3683 8668 19053
3660.5 8708 19053
3688.17 8666 19053
3738.33 8632 19053
3555.83 8743 19053
2944 9808 19053
2971.5 9768 19053
2972.17 9730 19053
2949.5 9780 19053
3036.83 9609 19053
3011.5 9675 19053
3029.5 9632 19053
3017.5 9672 19053
3002.83 9679 19053
3127.83 9529 19053
3065.83 9556 19053
3042.5 9592 19053
3432.83 9017 19053
3412.83 9062 19053
3403.5 9090 19053
3478 9004 19053
3403.83 9073 19053
3478.33 8991 19053
3428 9049 19053
3319.33 9262 19053
3355.33 9239 19053
3334.17 9242 19053
3294 9324 19053
3379.33 9128 19053
3375.67 9181 19053
3384.33 9111 19053
3637.5 7022 16820
3446.17 7216 16820
3512.5 7101 16820
3575.83 7026 16820
3994.67 7012 16820
4366.17 6250 16173
5066.83 6212 16173
5098.17 6211 16173
5151.67 6202 16173
4685.33 6226 16173
5392.17 6180 16173
5386.17 6196 16173
5968.33 6178 16173
4578.33 6227 16173
3207.17 6839 16173
3217.5 6776 16173
3424 6390 16173
3370.33 6463 16173
3364.83 6539 16173
3241.33 6561 16173
3598.17 6361 16173
3544.67 6370 16173
3821.17 6330 16173
3826.5 6321 16173
3913.33 6258 16173
255 387 588
342.5 508 695
252 324 0
252 353 364
285 300 0
209.833 591 588
285 341 430
217.5 372 0
217.5 417 614
209.833 603 614
209.833 558 0
594 882 1568
574 884 1568
673 835 1549
677 776 1467
614 840 1568
734 719 1467
720 792 1549
729 780 1549
885 625 1467
430.333 933 1343
431.833 881 1343
446.333 844 1343
525 820 1343
480 260 695
315.333 562 746
763 562 962
1786.83 4358 9503
1642.5 4528 9503
1621.33 4593 9503
1738.5 4376 9503
1665.5 4412 9503
2331.33 3593 9503
2342.83 3587 9503
2135.33 3601 9503
2343.33 3576 9503
2077.67 3638 9503
2346 3552 9503
1847.83 4214 9503
1839.17 4228 9503
1780.5 4365 9503
1777.17 4369 9503
1783.17 4362 9503
1797.17 4319 9503
1804.5 4316 9503
1804.5 4301 9503
1790.17 4337 9503
1787.5 4342 9503
1786.83 4353 9503
1831.5 4244 9503
1830.67 4259 9503
1819.5 4269 9503
1818.83 4278 9503
1814.17 4279 9503
1805.5 4281 9503
1857.33 4021 9503
1993 3686 9503
1920 3763 9503
1876.33 3963 9503
2851 3406 6585
2738.33 3543 6969
1712.17 3826 6737
1357.17 3917 5991
1469.17 3718 5991
1319.17 4013 5991
1432.5 3724 5991
1352.17 3948 5991
1356 3933 5991
1395.67 3884 5991
1477.5 3705 5991
1397.5 3813 5991
2217.17 3247 5991
1941 3284 5991
2243.83 3183 5991
2235.17 3223 5991
2243.5 3190 5991
2241.17 3196 5991
2209.17 3260 5991
1495.83 3667 5991
1674 3294 5991
1522.17 3606 5991
1515.67 3607 5991
1562 3521 5991
1588.67 3457 5991
2058 2149 4240
858.833 2493 4508
1202.67 2426 4467
1272 2252 4707
1273.83 2495 4746
1374.5 2321 4873
1857.5 2366 4905
1364.67 2641 5938
1297.17 2673 5938
1172.67 2753 5938
1376.33 2569 5938
1355.17 2650 5938
1272.5 2689 5938
1343.17 2662 5938
2244.83 5165 10849
4240 5778 14325
2830.5 5542 12724
3271.5 5185 12724
3008.5 5330 12724
2916 5532 12724
3106.5 5223 12724
3010 5289 12724
2952.5 5333 12724
2948.5 5414 12724
770 704 2793
600.833 2666 3951
589.833 2736 3951
731.5 2393 3951
733.833 2380 3951
739.167 2373 3951
755.5 2321 3951
786.833 2286 3951
759.5 2293 3951
742.833 2357 3951
677.5 2504 3951
676.167 2514 3951
695 2463 3951
719.5 2417 3951
698.167 2449 3951
700.833 2438 3951
678.5 2479 3951
705.833 2435 3951
681.5 2468 3951
705.167 2437 3951
669.833 2518 3951
712.167 2420 3951
861.333 2198 3951
819.833 2208 3951
621 2569 3951
614.5 2612 3951
642.833 2567 3951
646.5 2552 3951
650.833 2542 3951
650.5 2548 3951
1238 1347 3491
1238 1500 3932
1226 1519 3932
1175.5 1596 3932
1220.5 1522 3932
1266 1457 3932
1181 1563 3932
1290 1404 3932
1208 1547 3932
707.167 1508 2612
1063.17 2119 4043
1067.83 2095 4043
1169 1602 3932
1135 1646 3932
1163.5 1609 3932
1163 1620 3932
1156 1634 3932
1144 1640 3932
1135.5 1642 3932
1060 1797 3932
1069 1764 3932
1060.5 1782 3932
1134.5 1966 4043
1100 1694 3932
1133 1676 3932
1087.5 1712 3932
1073.5 2001 4043
1101.17 1997 4043
817.667 1688 3603
687 2030 3828


2364.33 7946 17393
2396 7876 17393
2364 7956 17393
2380 7922 17393
2380.67 7900 17393
2360.33 7974 17393
2370.67 7930 17393
2389 7884 17393
2537.83 7637 17393
2489.67 7677 17393
2495 7674 17393
2486.33 7683 17393
2510 7646 17393
2470 7707 17393
2464 7732 17393
2448.33 7746 17393
2459.33 7741 17393
2424.33 7832 17393
2430.33 7784 17393
2400.67 7841 17393
2397.67 7863 17393
2414 7836 17393
2424.33 7794 17393
2430 7791 17393
2446.33 7773 17393
2774.5 7025 17393
2691.17 7378 17393
2696.5 7362 17393
2699.83 7301 17393
2665.83 7393 17393
2627.5 7419 17393
2593.5 7512 17393
2547.83 7576 17393
2544.83 7619 17393
2618.5 7478 17393
3803.67 6090 17393
3692.17 6102 17393
3568.67 6109 17393
3161.67 6265 17393
3229.83 6232 17393
3236.17 6221 17393
3270.17 6112 17393
3202.83 6256 17393
3247.17 6173 17393
2906.33 6685 17393
2857.33 6765 17393
2904.67 6690 17393
2887.67 6726 17393
2900 6723 17393
2872.67 6741 17393
2841 6819 17393
2846.67 6800 17393
2732.83 7116 17393
2731.83 7127 17393
2716.5 7151 17393
2705.5 7191 17393
2700.5 7215 17393
2799.83 6999 17393
2804.83 6991 17393
2809.17 6974 17393
2780.83 7015 17393
2758.5 7063 17393
2754.5 7091 17393
2746.17 7099 17393
2760.83 7061 17393
2767.5 7046 17393
2814.17 6941 17393
2956.33 6544 17393
2940 6598 17393
2913 6621 17393
2933 6617 17393
2956 6592 17393
2975.67 6514 17393
2935.33 6608 17393
3074.5 6356 17393
3131.5 6294 17393
2995 6453 17393
3969.5 7995 18761
3809.83 8030 18761
4302.33 7759 18761
4252.67 7914 18761
3434.67 8990 18761
3477 8871 18761
3457.67 8906 18761
2082.5 8783 17393
2103.33 8756 17393
2025.5 8995 17393
2050.5 8941 17393
2067.17 8905 17393
2016.17 9045 17393
2039.5 8946 17393
2054.5 8911 17393
2070.83 8869 17393
2226.33 8439 17393
2235 8422 17393
2236.67 8413 17393
2288.67 8313 17393
2292.83 8312 17393
2267.67 8340 17393
2256.33 8364 17393
2264.33 8355 17393
2245.33 8393 17393
2294 8267 17393
2109.67 8700 17393
2191.67 8557 17393
2206.33 8531 17393
2195.33 8533 17393
2193 8539 17393
2179.83 8566 17393
2181 8559 17393
2151.33 8615 17393
2151.67 8611 17393
2163.5 8586 17393
2174.33 8585 17393
2139.67 8670 17393
2124.67 8674 17393
2141 8653 17393
2133.33 8673 17393
2225.67 8443 17393
2210.33 8468 17393
2224 8460 17393
2209 8492 17393
2327 8082 17393
2348.33 7985 17393
2306.67 8097 17393
2334.33 8001 17393
2333 8058 17393
2305 8161 17393
3542.5 8765 18761
3486.17 8820 18761
3590.33 8665 18761
3509.17 8775 18761
3493.33 8779 18761
3777 8084 18761
3613.17 8113 18761
366 348 0
300 408 0
226 470 0
226 490 272
304 386 0
454 298 304
454 256 0
793 693 1104
820 671 1104
1114 769 1423
1066 802 1423
1087 791 1423
336 369 715
410 316 729
300 456 997
284 682 997
287 626 997
304 407 789
718 809 1833
386 911 2217
379 921 2217
326.333 1053 2217
395 900 2217
1575.5 2552 7814
1534.5 2645 7814
1523.33 2654 7814
1835.33 2550 7814
1559.5 2593 7814
2677.67 5823 11501
2171.83 5484 11474
2763.17 5662 11501
2368.17 5319 11474
2174.17 5348 11474
2573 5922 11501
2376.17 5279 11474
2642.17 5880 11501
1569.5 3943 9624
1526.5 4040 9624
1510.83 4075 9624
1562.83 3967 9624
1600.5 3888 9624
1569.17 3961 9624
2280.17 3510 9624
2275.17 3529 9624
2358.83 3484 9624
2200.17 3582 9624
2222.83 3541 9624
2273.5 3539 9624
2279.83 3511 9624
1603.17 3863 9624
1671.5 3779 9624
1610.67 3857 9624
1769.83 3718 9624
1788.17 3639 9624
2902.5 3353 7988
1723 3440 7988
2862.5 3413 7988
2075.67 4802 10179
2110 4732 10179
1849.33 4554 9806
2179 4583 10179
2156 4616 10179
2100.33 4753 10179
2038 4907 10179
2134.67 4683 10179
2218 4542 10179
2062.67 4903 10179
597.833 1198 2673
793.667 2881 6567
830 2781 6567
859.333 2711 6567
820.333 2804 6567
837 2750 6567
790 2895 6567
864.333 2707 6567
836.333 2765 6567
809.667 2830 6567
856.667 2718 6567
815.667 2815 6567
960.667 2496 6567
963 2488 6567
917.333 2593 6567
881.667 2653 6567
951.667 2506 6567
893 2642 6567
941.667 2516 6567
874 2664 6567
889.333 2643 6567
922.333 2525 6567
897.333 2620 6567
1215.83 2338 6567
1350.5 2206 6567
1307.83 2273 6567
1243 2310 6567
1217.33 2327 6567
1163.33 2353 6567
972 2449 6567
1026.17 2430 6567
1032 2358 6567
971.333 2459 6567
497.167 1956 4664
557.667 1695 3601
897.667 1531 3309
1085 1149 3057
809 2422 4723
3206.17 6093 11643
2835.17 6224 12737


2708.17 5935 15072
2705.17 5950 15072
2703.83 5953 15072
2696.5 5958 15072
2519.17 6320 15072
2569.17 6204 15072
2574.5 6188 15072
2521 6209 15072
2648.5 6044 15072
2666.83 5997 15072
2639.5 6067 15072
2687.17 5989 15072
2687.17 5966 15072
2600.33 6099 15072
2578 6158 15072
2813.83 6060 15534
2695.5 6359 15534
2682.5 6375 15534
2671.83 6391 15534
2740.17 6199 15534
2753.83 6196 15534
2754 6125 15534
2783.17 6083 15534
2804.5 6063 15534
2814.5 6026 15534
2776.17 6119 15534
2734.17 6247 15534
2733.83 6248 15534
2736.83 6227 15534
2730.17 6260 15534
2730.5 6258 15534
2699.5 6317 15534
2697.83 6337 15534
2715.17 6296 15534
2704.83 6300 15534
2713.17 6299 15534
2721.17 6284 15534
2724.17 6280 15534
2730 6276 15534
2794.5 6067 15534
2797.17 6064 15534
2858.83 5955 15534
2823.17 6012 15534
2843.83 5966 15534
2843.17 6010 15534
3363.67 5831 15534
3314.83 5832 15534
3341.5 5753 15072
3138.33 5757 15072
2946.5 5785 15072
2720.17 5923 15072
2783.83 5789 15072
2781.17 5804 15072
2749.17 5868 15072
2750.17 5866 15072
2746.5 5870 15072
2750.5 5850 15072
2733.5 5881 15072
2730.83 5893 15072
2724.83 5907 15072
2767.5 5819 15072
2753.17 5840 15072
3019.33 5842 15534
2878.17 5875 15534
2927 5874 15534
2954.5 5871 15534
3086.5 6008 16249
3403.33 5948 16249
3101.17 5956 16249
3080.17 6025 16249
2839.5 6180 16249
2787.5 6260 16249
2789.33 6211 16249
2880.17 6085 16249
2846.17 6135 16249
2939.83 6048 16249
2838.83 6183 16249
2746 6272 16249
2717 6377 16249
2778.83 6263 16249
2727.67 6311 16249
3704.33 5819 15534
3433.33 5939 16249
2709.33 8258 16405
2711.67 8248 16405
2713.5 8237 16405
2825.17 8001 16405
2851.17 7951 16405
2707.83 6467 16249
2680.5 6586 16249
2619.83 6791 15534
2413.67 6470 15072
2496.17 6373 15072
2510.83 6354 15072
2515.17 6332 15072
2502.5 6367 15072
2510.17 6355 15072
2484.17 6388 15072
2503.17 6357 15072
2474.83 6446 15072
2469.17 6469 15072
2652.33 6666 15534
2663.33 6636 15534
2650.33 6730 15534
2628.67 6757 15534
2638.83 6738 15534
2634.67 6739 15534
2748.17 8165 16405
2740.17 8221 16405
2760.67 8055 16405
2802.5 8027 16405
3190.17 7177 16405
3186.5 7188 16405
3164.5 7214 16405
3165.17 7190 16405
3212.83 7096 16405
3189.5 7185 16405
3195.83 7139 16405
2871.83 7852 16405
2886.33 7825 16405
3097.5 7276 16405
3078.17 7278 16405
3158.83 7246 16405
3146.5 7250 16405
3140.5 7271 16405
3015.17 7522 16405
2985.83 7559 16405
2973.17 7714 16405
3017.17 7485 16405
3023.83 7453 16405
3022.67 7482 16405
3015.83 7503 16405
3041.5 7386 16405
3024.83 7390 16405
3058.17 7316 16405
2352 8958 16405
2340.67 8973 16405
2341.67 8962 16405
2269 9152 16405
2272.33 9119 16405
2335 8998 16405
2699.67 8261 16405
2690 8270 16405
2653.67 8279 16405
2627.67 8314 16405
2547 8505 16405
2578.67 8436 16405
2589.33 8430 16405
2509.33 8605 16405
2531.33 8559 16405
2519.33 8576 16405
2476.67 8652 16405
2443 8739 16405
2472 8679 16405
2399.67 8803 16405
2382.67 8820 16405
2368 8872 16405
2361.33 8914 16405
2401.67 8786 16405
4210 7378 16423
4164.5 7442 16423
2219.33 9255 16405
2283 9085 16405
2304.67 9035 16405
2569 8455 16405
2379 8857 16405
2378 8866 16405
2377.67 8869 16405
2352.67 8934 16405
2311.33 9006 16405
2849.67 9069 17301
2490.67 8649 16405
2432.33 8744 16405
2445.67 8715 16405
3492 7711 17301
3490.67 7797 17301
3468 7843 17301
3475.83 7838 17301
3389 7868 17301
3478.83 7826 17301
3575 7687 17301
3581.33 7673 17301
3550.33 7709 17301
3569.33 7705 17301
3585.33 7665 17301
3308.33 8135 17301
3205.83 8351 17301
3207.17 8348 17301
3214.33 8256 17301
3276.5 8158 17301
3360 8042 17301
3364.5 8030 17301
3329.83 8080 17301
3282 8139 17301
3322.67 8121 17301
3227.67 8192 17301
3370.17 7960 17301
2969.33 8656 17301
2988.5 8532 17301
3051 8507 17301
3106.33 8354 17301
3047 8522 17301
3055 8407 17301
2881.5 8824 17301
2837 9105 17301
3699 7505 17301
3713.33 7454 17301
3623.67 7611 17301
3611.67 7615 17301
3605.33 7624 17301
3593.67 7646 17301
748 1285 2694
1269 1232 2694
642.667 1380 2992
635.333 1393 2992
628.167 1401 2992
618.167 1406 2992
645.833 1359 2992
750 1281 2694
716.5 1338 2694
772 1234 2694
719 1328 2694
707.5 1357 2694
437 1676 2992
546 1408 2992
484 1538 2992
495.667 1533 2992
482.667 1563 2992
464 1610 2992
480.667 1583 2992
452 1626 2992
480.333 1593 2992
519 1473 2992
530.667 1468 2992
514.333 1475 2992
512.333 1505 2992
514 1496 2992
252 353 364
297.333 314 746
444 289 962
285 300 0
189 454 0
297.333 278 0
444 262 0
252 324 0
285 341 430
611 839 2124
548.333 987 2124
335 459 962
403 451 962
189 477 982
409.833 421 962
1023 2768 6903
1012.67 2795 6903
970.667 2871 6903
1007 2814 6903
1016.33 2780 6903
1031.33 2751 6903
1528 2288 6903
1189.33 2475 6903
1181 2482 6903
1180.67 2487 6903
1212 2426 6903
1362.67 2356 6903
1423 2339 6903
1087.67 2596 6903
1095.33 2580 6903
1064 2655 6903
1062.33 2700 6903
1035.67 2731 6903
1257.67 2409 6903
1287 2359 6903
1278.33 2375 6903
1717.5 3469 7618
1655.83 3540 7618
1739.83 3449 7618
1883.5 3318 7618
1618.5 3722 7618
1573.67 3844 7618
1637.17 3672 7618
1629.17 3717 7618
1620.5 4336 10205
1967.17 5291 12233
2087.5 5242 12233
1726.5 4284 10205
1307.17 1751 3395
772.667 2881 5883
794.333 2848 5883
785.667 2856 5883
798.667 2823 5883
774.667 2861 5883
822.667 2781 5883
910 2097 4334
1035.17 2674 5883
986 2742 5883
1001.83 2734 5883
1385 2046 4351
1208 1890 4121
1378 1868 3789


2740.67 9896 17375
2745.67 9895 17375
2732.33 9953 17375
2737.33 9918 17375
2740.33 9917 17375
2732 9974 17375
2732.67 9927 17375
2731.67 9992 17375
2799.67 9744 17375
2793.33 9754 17375
2770.67 9825 17375
2755.83 9826 17375
2792.33 9770 17375
2790.67 9773 17375
2777 9795 17375
2790 9775 17375
2777 9778 17375
2745.67 9867 17375
2745.67 9871 17375
2897 9521 17375
2871.67 9563 17375
2907 9520 17375
2874.67 9542 17375
2861.67 9606 17375
2843.33 9622 17375
2857 9609 17375
2831.67 9648 17375
2830.67 9672 17375
2815.33 9710 17375
2808.17 9732 17375
2821 9687 17375
2809.33 9730 17375
2813.67 9721 17375
2827.67 9685 17375
2818.33 9693 17375
2804.67 9742 17375
2817 9701 17375
2925.33 9458 17375
2913 9475 17375
2932 9449 17375
2938 9429 17375
3080.17 8936 17375
3075.83 8971 17375
3106.5 8910 17375
3104.17 8916 17375
3107.17 8904 17375
3093.5 8925 17375
3104.83 8911 17375
3140.83 8807 17375
3148.33 8799 17375
3141.17 8801 17375
3153.5 8797 17375
3150.83 8798 17375
3127.17 8828 17375
3138.83 8827 17375
3145.83 8800 17375
3113.83 8877 17375
3233.17 8609 17375
3264.17 8579 17375
3210.83 8668 17375
3172.83 8735 17375
3183.17 8717 17375
3180.83 8731 17375
3157.17 8769 17375
3171.17 8750 17375
3166.5 8756 17375
3195.17 8695 17375
3722.83 8395 17375
3334.83 8543 17375
3320.17 8559 17375
3346.83 8517 17375
3348.83 8464 17375
3377.83 8410 17375
3305.83 8569 17375
3031.33 9213 17375
2985.33 9310 17375
2974.67 9321 17375
3003.33 9278 17375
2952.67 9377 17375
3053.5 9049 17375
3809.5 7754 16093
3789.17 7836 16093
4095.67 7625 16093
3730 8366 17375
3733.33 8304 17375
727.5 1392 3290
672.167 1400 3290
621 1425 3290
784.5 1382 3290
801.5 1371 3290
632.333 1414 3290
774.5 1391 3290
442.167 2121 3845
474.5 1964 3845
516.833 1886 3845
509.5 1902 3845
508.833 1905 3845
497.167 1949 3845
517.167 1880 3845
462.167 2010 3845
727.833 1624 3845
692.833 1684 3845
681.5 1699 3845
767.167 1602 3581
781.333 1551 3581
636.333 1668 3581
1034.17 1523 3581
684.833 1637 3581
615.667 1804 3845
633.667 1756 3845
608.333 1812 3845
663.833 1705 3845
536.5 1824 3845
634.5 1724 3845
524.5 1831 3845
576.5 1482 3290
574.333 1502 3290
590.833 1440 3290
527.167 1619 3290
548.833 1532 3290
555.5 1526 3290
535.333 1614 3290
224 462 0
684.5 896 1871
689 788 1972
507.667 656 1409
481.667 1138 1414
791 693 1972
838 658 1972
606 513 848
386.667 916 1053
340 390 553
230 490 773
304 407 789
224 492 631
339 1030 1053
372.833 961 1053
420.667 836 1053
721.333 1292 2672
468 1407 3067
662 1087 2463
976 1214 2811
1022 1204 2949
718 1328 2949
908 1308 2949
2061.5 2905 8225
2136.5 2779 8225
2124.5 2824 8225
2131 2808 8225
2061 2922 8225
2091.67 2835 8225
2065 2880 8225
2079 2878 8225
1570 3526 8225
1609.33 3473 8225
1611.33 3457 8225
1597.5 3496 8225
1546.33 3560 8225
1709 3375 8225
1737.5 3225 8225
1771.5 3172 8225
1730.5 3273 8225
1664.33 3427 8225
1703 3413 8225
1975.67 2938 8225
1951.17 2977 8225
2004 2924 8225
1912 3038 8225
1867 3073 8225
1912.83 3001 8225
1894.5 3040 8225
1917.83 2994 8225
1826.5 3116 8225
1834 3086 8225
1810.5 3119 8225
1785 3141 8225
814 1366 3572
1176.67 3240 6327
1811.5 2735 6083
1541.5 2983 5971
1146.67 2733 5585
1129.83 3397 5411
2478 2669 6085
2282 2117 4705
2022 2019 4393
1240.5 3246 7253
1202.17 3251 7253
1201.33 3292 7253
1380.83 3112 7253
1105.17 2321 4408
622.667 2330 4141
1353 2044 3879
1594.83 3838 10400
1955.17 3585 10400
1709.5 3652 10400
1699.33 3661 10400
1736.67 3613 10400
1709.5 3630 10400
1662 3686 10400
1390.17 4341 10400
1504.17 4142 10400
1501.17 4171 10400
1510.5 4131 10400
1448 4243 10400
1469.83 4238 10400
1435.5 4290 10400
1519.5 3985 10400
1521.17 3973 10400
1542.83 3909 10400
1610.83 3752 10400
1606.17 3797 10400
1598.83 3801 10400
1618.33 3737 10400
1590.83 3842 10400
1576.5 3903 10400
1583.17 3901 10400
1490.83 4201 10400
1479.17 4210 10400
1792.83 5885 11536
1792.5 5899 11536
1876.17 5639 11536
1774.83 5925 11536
2020.67 5546 11536
2029 5534 11536
1985.67 5570 11536
2215 5218 11536
2202.33 5224 11536
2190.33 5231 11536
2184 5238 11536
2225.33 5173 11536
2159.33 5285 11536
2167.67 5278 11536
2057.17 5291 11536
3023 4998 12172
2986.5 5034 12172
3087.83 4951 12172
3802.67 4730 12172
3541.33 4736 12172
3325.17 4750 12172
3101.83 4849 12172
4762.83 5733 15784
4623.17 5744 15784
4635.33 5739 15784
4764.17 5731 15784
4616 5758 15784
4541.67 5760 15784
3939 5768 15784
3898.67 5827 15784
3474.83 5894 15784
3365.5 5916 15784
3522 5888 15784
3539.33 5884 15784
3340.17 5969 15784
3605.17 5846 15784
3647.5 5834 15784
3319 6009 15784
3215 6032 15784
2943.67 6070 15784
3209.67 6063 15784
2596.67 6453 12921
2613.33 6422 12921
2454.33 5952 12779
2746.17 6949 14803


1923.67 7737 15179
1910.33 7814 15179
1912 7788 15179
1907.33 7815 15179
1919.67 7758 15179
1912.67 7761 15179
1889.67 7853 15179
1889 7934 15179
1980.67 7549 15179
1987.67 7548 15179
1970.67 7599 15179
1996.33 7532 15179
1967 7605 15179
1942.67 7683 15179
1954.33 7645 15179
1935.33 7715 15179
1954 7647 15179
1930.33 7731 15179
1943 7655 15179
1932.33 7722 15179
1923.67 7738 15179
1935 7720 15179
1935.67 7698 15179
1939.33 7688 15179
2014.33 7459 15179
2002.67 7506 15179
2011.17 7471 15179
2003 7491 15179
2007 7486 15179
2097.67 7267 15179
2099 7236 15179
2107 7233 15179
2029.67 7397 15179
2036 7387 15179
2023 7418 15179
2051.33 7331 15179
2066 7308 15179
2057.67 7323 15179
2041.67 7367 15179
2039.67 7369 15179
2045.33 7350 15179
2038.67 7373 15179
2073.33 7298 15179
2080 7275 15179
2087.67 7269 15179
2115.67 7189 15179
2147.33 7119 15179
2137.67 7157 15179
2115 7217 15179
2114.67 7219 15179
3002.67 5759 15179
2981.33 5763 15179
3086.83 5647 15179
3023.33 5733 15179
3008.67 5745 15179
3156 5621 15179
5045.33 5567 15179
4324.33 5582 15179
2897.67 5836 15179
2860.33 5846 15179
2810.67 5858 15179
2759.5 6104 15179
2776.17 6070 15179
2792.33 6025 15179
2698.17 6208 15179
2722.83 6151 15179
2632 6346 15179
2696.5 6240 15179
2672.83 6270 15179
3004.83 5749 15179
2967 5831 15179
3068.67 5691 15179
2349.67 6929 15179
2365.33 6920 15179
2504.5 6474 15179
2481.17 6527 15179
2469.5 6563 15179
2510.83 6465 15179
2586.67 6430 15179
2474.17 6551 15179
2544.17 6439 15179
2599.33 6421 15179
2578.83 6437 15179
2437 6745 15179
2440.67 6739 15179
2423 6746 15179
2442.83 6637 15179
2410 6825 15179
2414.67 6774 15179
2377.33 6882 15179
2371.67 6905 15179
2162.67 7076 15179
2177.33 7057 15179
2197.33 7026 15179
2209.67 6960 15179
2153.67 7100 15179
2182.67 7051 15179
2149.33 7117 15179
2161.33 7077 15179
2449.33 9310 18143
2394.67 9406 18143
2407.67 9391 18143
2440 9312 18143
2408.67 9352 18143
2434 9316 18143
2451.67 9284 18143
2456.33 9273 18143
2467.5 9224 18143
2532.67 9123 18143
2514 9129 18143
2498.67 9132 18143
2548 9098 18143
2480.67 9201 18143
2484.17 9176 18143
2460.33 9257 18143
2538 9106 18143
2549.67 9070 18143
2668.33 8929 18143
2681 8886 18143
2571 9067 18143
2601 9004 18143
2559 9069 18143
2704 8850 18143
2694.33 8868 18143
3439 7844 18143
2930.5 7949 18143
3329.67 7846 18143
2943.5 7937 18143
2653.83 7793 17526
3312.33 7911 18143
2694.83 7664 17526
2644.5 7802 17526
2669.83 7729 17526
2629.5 7887 17526
2701 8857 18143
2915.17 8224 18143
2861 8227 18143
2734.67 8739 18143
2751 8727 18143
2810.17 8420 18143
2855.83 8368 18143
2768.17 8495 18143
2839.5 8419 18143
3088.5 7017 17526
3059.67 7074 17526
3078.5 7070 17526
3005.5 7147 17526
3043.83 7123 17526
3597.67 7735 18143
3616.67 7673 18143
3578.67 7741 18143
3565 7742 18143
3468.67 7747 18143
3411.83 6986 17526
2948 7213 17526
2917 7217 17526
2912.33 7279 17526
2721.17 7596 17526
2710.83 7624 17526
2856.33 7420 17526
2857 7377 17526
2823.33 7435 17526
2802.33 7505 17526
2893.33 7345 17526
2879.33 7358 17526
2753.33 7571 17526
2752.67 7582 17526
2758.67 7543 17526
2731 7587 17526
668.5 873 2047
423 1766 2125
416.667 1777 2125
423.667 1759 2125
416 1789 2125
425 1739 2125
475 1007 2047
520 1553 2125
482 1603 2125
506.667 1561 2125
536.333 1515 2125
481 1606 2125
520.667 1546 2125
483 1579 2125
558 896 2047
530 945 2047
568 884 2047
474 1672 2125
473 1675 2125
450 1685 2125
480.333 1659 2125
490 234 0
408 284 0
444 262 0
216 458 0
366 348 0
260 432 0
374 324 0
304 407 789
410 316 729
374 371 680
410 330 870
216 493 744
366 379 648
444 289 962
335 459 962
330 544 962
409.833 421 962
403 451 962
464 600 1518
441.333 699 1891
428 708 1891
482.667 675 1891
238 482 413
260 469 565
490 262 338
408 309 539
419.333 924 1326
1498.5 2277 5548
1367.17 2608 5666
1108.5 3637 8177
1147.83 3544 8177
1121.83 3622 8177
1195.67 3475 8177
1094.83 3673 8177
1107.5 3640 8177
1123.5 3610 8177
1148.17 3538 8177
1137.5 3564 8177
1075.83 3703 8177
1349.33 3193 8177
1385.33 3110 8177
1309 3290 8177
1405 3102 8177
1427 3096 8177
1353.33 3185 8177
1354 3140 8177
1318 3223 8177
1228.5 3412 8177
1245.67 3359 8177
1285.5 3339 8177
1469.83 3031 8177
1850.17 2949 8177
1446 3075 8177
2632 2550 5972
1080.83 2697 6356
638.667 1111 2266
589.667 1468 2599
713.5 1958 4934
707.833 1965 4934
671.167 2088 4934
687.167 2065 4934
720.5 1943 4934
713.833 1954 4934
687.5 2044 4934
697.833 2006 4934
659.167 2101 4934
811.167 1777 4934
803.333 1813 4934
823.333 1771 4934
803.667 1809 4934
766.167 1823 4934
811.5 1773 4934
831.167 1725 4934
861.5 1686 4934
762.167 1891 4934
764.167 1846 4934
729.667 1927 4934
741.167 1910 4934
733.5 1916 4934
994.5 1628 4934
666 1379 3353
587.667 1535 3146
861.5 1179 2928
2404 5179 10574
2437 5476 11450
2494.5 4961 10574
3978.5 4820 10574
2483.5 4978 10574
4351.67 4776 10574
2489.67 4977 10574
2460 5023 10574
3356 3417 9930
2966.83 3539 9930
3056.67 3528 9930
3132.5 3446 9930
1538.33 4029 9930
1565 4015 9930
1650.67 3757 9930
1667.33 3739 9930
1639.67 3787 9930
1663.33 3745 9930
1734.17 3586 9930
1690 3607 9930
1588 3893 9930
1631 3846 9930
1568.67 3940 9930
1625 3862 9930
1635.33 3843 9930
1613.33 3890 9930
1569.33 3904 9930
2044.83 3556 9930


4153.33 5396 15341
4003.67 5415 15341
4144.33 5403 15341
4123.33 5413 15341
3668.83 5427 15341
3535.33 5451 15341
3568.17 5448 15341
3579.67 5434 15341
3370.83 5460 15341
3401.67 5453 15341
2991.67 5503 15341
3028.33 5464 15341
2994.67 5490 15341
3015.67 5465 15341
2816 5519 15341
2789.67 5560 15341
2943 5505 15341
2790.83 5558 15341
2802.67 5554 15341
2106.83 6850 15341
2089.33 6867 15341
2095 6863 15341
1914.17 7256 15341
1900.5 7273 15341
1911.17 7260 15341
1923.83 7248 15341
1930.83 7204 15341
1924.83 7224 15341
2064.17 6987 15341
2032.17 7017 15341
1990.5 7103 15341
1987.17 7125 15341
1936.17 7187 15341
1967.5 7147 15341
1972.17 7127 15341
1958.83 7151 15341
1987.5 7110 15341
1936.5 7159 15341
2077.17 6887 15341
2076.17 6924 15341
1993.5 7070 15341
2012.17 7034 15341
2634.5 5614 15341
2654.5 5598 15341
2594.5 5631 15341
2551 5766 15341
2471.83 5835 15341
2487.83 5812 15341
2515.83 5771 15341
2461.17 5878 15341
2446.17 5926 15341
2455.83 5894 15341
2459.5 5888 15341
2406.17 5993 15341
2452.5 5898 15341
2419.5 5961 15341
2435.17 5933 15341
2585.5 5681 15341
2573.83 5717 15341
2555.17 5728 15341
2591.5 5668 15341
2388.5 6252 15341
2378.17 6262 15341
2332.17 6370 15341
2384.17 6256 15341
2401.83 6059 15341
2359.5 6275 15341
2316.83 6372 15341
2345.83 6340 15341
2275.17 6518 15341
2270.83 6521 15341
2269.17 6533 15341
2290.17 6477 15341
2294.5 6469 15341
2282.83 6507 15341
2203.5 6656 15341
2196.67 6679 15341
2181.17 6684 15341
2204.83 6647 15341
2142.17 6746 15341
2175.83 6722 15341
2115.5 6790 15341
2133.5 6786 15341
2150.83 6732 15341
2111.17 6835 15341
2112.17 6834 15341
2250.67 6553 15341
2267 6543 15341
2243.33 6562 15341
2217.17 6600 15341
2520 10304 19528
2508 10364 19528
2815 9824 19528
2815.33 9809 19528
2789 9825 19528
2645.17 10059 19528
2638.5 10061 19528
2627 10113 19528
2634.67 10072 19528
2584.33 10117 19528
2558.5 10242 19528
2570 10184 19528
2563.33 10196 19528
2531 10253 19528
2738.33 10012 19528
2747 9961 19528
2701.67 10037 19528
2769.33 9891 19528
2936.67 9595 19528
2914.83 9603 19528
2905 9610 19528
2900.83 9651 19528
2879 9657 19528
2819.33 9774 19528
2823.5 9674 19528
2937 9567 19528
3005.17 9425 19528
3008 9384 19528
2977 9498 19528
2982.33 9472 19528
2975.33 9502 19528
3027 9365 19528
2958.5 9511 19528
3005.83 9415 19528
3004 9446 19528
2941.33 9514 19528
2991.33 9471 19528
2995.5 9467 19528
3121.83 8226 19528
3125.17 8200 19528
3096.83 8320 19528
3109.83 8229 19528
3128.5 8185 19528
3214.67 7914 19528
3227.17 7911 19528
3225.5 7913 19528
3163.5 8038 19528
3154.83 8084 19528
3145.33 8120 19528
3198.17 7980 19528
3180.33 7981 19528
3199.83 7952 19528
3210.33 7934 19528
3213.33 7923 19528
3180 8011 19528
3175.5 8015 19528
3233.5 7864 19528
3256.17 7824 19528
3257.5 7802 19528
3240 7827 19528
3231.17 7873 19528
3227.5 7895 19528
3234.5 7838 19528
3299.83 7719 19528
3307.5 7685 19528
3273.5 7757 19528
3279.17 7725 19528
3306.5 7696 19528
3259.83 7782 19528
3312.17 7683 19528
3042.33 8719 19528
3058.67 8671 19528
3075.17 8341 19528
3054 8676 19528
3073.83 8362 19528
3178.17 7836 18416
3197.17 7648 18598
3793.67 7474 19528
3440.17 7485 19528
3421.17 7511 19528
3416.17 7553 19528
3418.83 7532 19528
3313.83 7621 19528
3353.67 7605 19528
3383.5 7569 19528
3411.5 6201 18416
3548 6060 18416
3449.33 6108 18416
3446.33 6196 18416
3522.33 6086 18416
3656.5 6033 18416
3681.5 6012 18416
3686.5 6011 18416
3587.83 6059 18416
3663 6023 18416
3277.83 6247 18416
4134.83 5993 18416
4094.67 7458 19528
553.833 1306 1850
526.333 1325 1850
309.667 1637 1850
326 1612 1850
378.667 1489 1850
386 1449 1850
428.333 1345 1850
480.5 1334 1850
465.333 1341 1850
352 1543 1850
368.333 1508 1850
359.667 1516 1850
359.333 1533 1850
372.333 1505 1850
412.333 1403 1850
422.333 1384 1850
415.833 1402 1850
480 260 0
217.5 372 0
209.833 558 0
255 354 0
784 1051 2237
804 1034 2237
705 1136 2237
627 1202 2237
809 1022 2237
558.333 1221 1850
620 1218 1850
646.833 1186 1850
230 490 773
304 407 789
308 418 979
427 734 1251
357.5 860 1251
480 280 919
217.5 417 614
255 387 588
474.5 1000 1721
756 699 1916
721 737 1916
823 666 1916
2718.83 5030 9927
2448.5 5859 9370
2836.17 4671 10202
2779.83 5158 10649
1310 2594 5760
1815 2441 5927
2121.17 4463 8973
2179.83 4353 8973
1537.33 3046 8226
1306 3135 8226
1571 2942 8226
1521.33 3081 8226
1247.67 3313 6711
2621.17 3804 8775
2360.5 3860 8775
1636.5 4004 8775
1933.33 3913 8775
955 897 2314
997 1134 2586
911 1326 2895
991 2960 5181
903.667 3230 5181
906.667 3210 5181
971 3013 5181
976.667 2995 5181
973.333 3008 5181
982.167 2993 5181
950.667 3018 5181
913 3153 5181
931 3073 5181
937 3069 5181
1593.33 2311 5181
1610.83 2284 5181
1999 2256 5181
1244.67 2471 5181
1550.83 2348 5181
1440.67 2363 5181
1343.33 2418 5181
1592.83 2315 5181
1579.83 2346 5181
1140.5 2665 5181
1027 2816 5181
1082 2810 5181
1011.33 2897 5181
1085.67 2758 5181
1001.83 2917 5181
873.333 1741 4130
734.667 2117 4017
1357 1244 3219
1087 1105 3171
965 2779 4213
1095.67 2441 4648
1119.17 2432 4648
1001.67 2531 4648
1048.33 2471 4648
1143.33 2419 4648
1087.67 2465 4648
1108 2433 4648
995.667 2569 4648
988 2590 4648
1161.17 2327 4648
583 1726 3442


490 234 0
252 353 364
252 324 0
500 604 1849
423.333 903 1483
423.667 900 1483
423.667 886 1483
399.333 969 1483
495.167 853 1483
410 330 870
691 455 1337
480 260 695
217.5 417 614
349.667 446 1308
209.833 603 614
336 369 715
486 300 798
308 418 979
408 309 539
500.333 1322 2487
460.5 1341 2487
469.5 1331 2487
510.333 1298 2487
417.167 1450 2487
1082 849 2759
553.667 1026 3071
581 976 3071
533.333 1090 3071
537.667 1050 3071
515 1131 3071
531.333 1092 3071
531 1096 3071
1095.17 3811 8260
1073.17 3890 8260
1020.5 4007 8260
1057.17 3927 8260
1059.17 3895 8260
1079.17 3854 8260
1210.5 3557 8260
1850.83 3445 8260
1149.83 3684 8260
1137.83 3702 8260
1132.83 3708 8260
1142.17 3694 8260
1156.17 3663 8260
1145.17 3687 8260
1160.17 3661 8260
1167.17 3652 8260
1175.17 3625 8260
1169.17 3627 8260
1162.17 3653 8260
1260.83 3467 8260
1198.5 3575 8260
1193.5 3581 8260
1229.83 3500 8260
1183.83 3620 8260
1226.5 3547 8260
1126.17 3746 8260
1095.83 3786 8260
1091.5 3819 8260
1109.5 3779 8260
1087.5 3821 8260
1128.83 3734 8260
1113.83 3758 8260
2641.83 3672 9269
2625 3678 9269
2680.67 3649 9269
2140 3764 9269
2136.17 3784 9269
2135.33 3786 9269
2356.17 3704 9269
2251.17 3730 9269
2395.33 3686 9269
2289.33 3726 9269
1701.33 4196 9269
1724.83 4178 9269
1662.33 4474 9755
1797.33 4004 9755
1856.83 3983 9755
1837.5 3887 9269
1827.17 3917 9269
1842.67 3881 9269
2066.17 3792 9269
1938 3796 9755
1794.33 4049 9269
1748.33 4122 9269
1730.67 4138 9269
1754.67 4113 9269
1738.33 4133 9269
1734.33 4134 9269
1776 4079 9269
1790 4068 9269
3616.83 4901 12329
3330.5 4906 12329
2621.5 5151 12329
3620.33 4888 12329
3609.83 4903 12329
2639.5 4973 12329
2635 5063 12329
2733.5 4943 12329
3630.17 4862 12329
2303 5721 12329
2307.5 5715 12329
2327 5653 12329
2264 5800 12329
3327.17 6285 12935
3138.67 6294 12935
2950.67 6386 12935
2463.83 5381 12329
2486 5358 12329
2491 5333 12329
2598.17 5253 12329
2358.33 5560 12329
2440 5469 12329
2448 5417 12329
1519 2746 4737
947 1673 3720
859.667 2091 3692
2590.5 2481 5316
1592 2510 5955
2022 2492 4593
674 1511 3366
1111 2784 6315
1422.5 2171 4324
1091.83 2280 3880
1811 2531 6475
1312.83 2759 5443
3814.83 7418 16617
4043.5 7329 16617
3133.17 7689 16617
3481.83 7455 16617
4003 7403 16617
3089.5 8359 16617
3122.33 8270 16617
3104.5 8335 16617
3567.17 8633 17588
3529.33 8664 17588
3528.5 8702 17588
3523 8709 17588
3620.33 8574 17588
3628.83 8500 17588
3914.67 8309 17588
3403.17 8802 17588
3485.67 8777 17588
3456.33 8797 17588
3486.67 8773 17588
3495.17 8739 17588
3372.5 8862 17588
3045.5 8881 17588
3300.17 7450 15063
3556.67 6864 15063
3567.17 6824 15063
3487.67 6976 15063
3522.17 6901 15063
2613.33 6479 14125
2589.33 6522 14125
3542 6239 14125
3528.5 6271 14125
3535.67 6260 14125
3457 6288 14125
4819.17 6158 14125
3425.5 6321 14125
2639.83 6425 14125
3389.17 6325 14125
2593 6508 14125


418.333 1501 3484
435.667 1460 3484
470 1355 3484
489 1305 3484
507 1271 3484
476 1317 3484
571.167 1150 3484
539.333 1185 3484
526.833 1240 3484
452 1410 3484
458.667 1378 3484
440.667 1428 3484
458.667 1393 3484
453.667 1409 3484
444 262 0
252 324 0
252 353 364
189 454 0
509 948 1555
943 905 2089
476 620 1553
913 905 1767
370.833 1538 2405
400.833 1473 2405
415 1430 2405
410 316 729
308 418 979
408 309 539
444 289 962
189 477 982
681 1030 2571
705.5 991 2571
657.5 1043 2571
950.5 978 2571
681.5 999 2571
853 983 2571
619.5 1124 2571
655 1093 2571
2341.67 8816 15282
2320.33 8818 15282
2212.33 9076 15282
2230.33 9006 15282
2226.5 9042 15282
2176 9090 15282
2173.33 9101 15282
2139.33 9154 15282
2310 8897 15282
2305.33 8908 15282
2313.67 8884 15282
2293.33 8939 15282
2241.33 8942 15282
2510 8528 15282
2542 8502 15282
2499.5 8603 15282
2503.17 8592 15282
2502.5 8595 15282
2499.83 8600 15282
2497 8622 15282
2504.33 8569 15282
2544.5 8471 15282
2487.83 8636 15282
2447.67 8637 15282
2432.67 8657 15282
2395.83 8709 15282
2409.67 8668 15282
2419.83 8661 15282
2438.33 8654 15282
2353.67 8752 15282
2419.67 8663 15282
2657.17 7999 15282
2662.5 7989 15282
2654.17 8078 15282
2734.83 7809 15282
2685.83 7892 15282
2721.83 7850 15282
2800.83 7731 15282
2827.5 7698 15282
2813.17 7727 15282
2773.67 7757 15282
2816.5 7718 15282
2827.5 7699 15282
2825.83 7714 15282
2748.67 7762 15282
2754.17 7760 15282
2602.67 8344 15282
2598.33 8361 15282
2630 8299 15282
2585.17 8428 15282
2546.17 8462 15282
2594.17 8367 15282
2630.17 8112 15282
2581.5 9488 18464
2559.5 9568 18464
2580.17 9525 18464
2604 9444 18464
2589.17 9476 18464
2611.17 9438 18464
2581.17 9495 18464
2519.33 9784 18464
2543.83 9617 18464
2524.83 9653 18464
2851.67 9082 18464
2628.83 9401 18464
2625.5 9410 18464
2616.5 9420 18464
2631.5 9361 18464
2647.5 9330 18464
2702.17 9261 18464
2697.17 9274 18464
2680.17 9295 18464
2691.17 9288 18464
2728.17 9215 18464
2674.83 9296 18464
2720.17 9245 18464
2847 9140 18464
2793.5 9200 18464
4994.83 7156 18464
4979.17 7185 18464
4575.17 7269 18464
4432.83 7300 18464
4684.33 7199 18464
4708.5 7196 18464
4152.83 7347 18464
4126.5 7396 18464
3235.5 8151 18464
3623.33 7481 18464
3640.83 7460 18464
3596 7520 18464
3614.5 7518 18464
3721.17 7414 18464
3665.17 7441 18464
3390.67 7751 18464
3384.67 7770 18464
3382 7790 18464
3371 7805 18464
3320.67 7906 18464
3591.83 7569 18464
3532.17 7570 18464
3438.67 7647 18464
3423.67 7670 18464
3006.33 9072 18464
3048.67 8998 18464
3041.67 9022 18464
3166.67 8427 18464
3121.83 8428 18464
3099.17 8786 18464
3172.33 8392 18464
3166.67 8394 18464
3198.5 8267 18464
3174.17 8337 18464
3182.5 8288 18464
3205.67 8211 18464
3100.67 8573 18464
4934.83 5561 16097
4380.67 5579 16097
3058.33 6462 16097
2997.17 6482 16097
2939.67 6585 16097
3059.83 6418 16097
3047.83 6478 16097
2829.17 6907 16097
2828.17 6908 16097
2872.67 6806 16097
3624.33 5628 16097
3599.83 5631 16097
3488.33 5678 16097
3626.67 5593 16097
3527.83 5662 16097
3183 5921 16097
3325.5 5691 16097
3280 5797 16097
3204 5859 16097
3223.67 5806 16097
3306.83 5763 16097
3294.17 5779 16097
3309.17 5730 16097
3302.83 5777 16097
3095.5 6401 16097
3110.17 6061 16097
2033.67 4523 9597
2041.33 4522 9597
2195 4414 9597
2066 4451 9597
2178.67 4441 9597
2196.5 4314 9597
2495 4281 9597
2481 4304 9597
1893.5 4830 9597
2009 4593 9597
1922.67 4666 9597
1970.67 4610 9597
2146.5 4444 9597
2061.67 4479 9597
2017.33 4571 9597
2011.33 4583 9597
2018.33 4548 9597
2043.33 4505 9597
1801.17 4994 9597
1889.67 4896 9597
1785.67 5007 9597
1852 4965 9597
1863 4961 9597
1918.5 4682 9597
1998.33 4597 9597
1915 4696 9597
1967.67 4658 9597
1682.67 5620 9597
1716 5379 9597
1712.83 5458 9597
1771.83 5210 9597
1783.33 5204 9597
1748.33 5225 9597
1782.5 5209 9597
1869.33 4925 9597
1633.67 4703 9324
1599.17 4741 9324
1894.33 4159 9324
1819.83 4187 9324
2471.83 3737 8630
1737.83 4408 9324
1769.17 4363 9324
1737.83 4405 9324
1787.83 4308 9324
1775.5 4320 9324
1666.33 4627 9324
1650.83 4636 9324
1678.5 4444 9324
1440 3688 6600
1594.17 3935 7413
1243.5 3782 6697
1412.33 3995 7413
1876.17 3667 7413
2058.33 3314 7278
1600.17 3906 7413
1794 3887 7413
1666.5 3901 7413
1571.67 3943 7413
1597.33 3929 7413
3031 5904 13230
1612 2972 6526
1535.67 3431 6498
785 1715 4418
764.667 1847 4132
1081.17 1990 5863
1724.67 2980 6695
2713.5 5618 11228
2471 5922 12248
4215 4652 10670
2784.67 5344 11008
2593.33 5099 10620
2862.33 5782 11532
2850.67 5820 11532


482 216 0
454 256 0
308.667 557 798
216 493 744
348.667 508 798
226 490 272
232 478 370
252 353 364
486 300 798
374 371 680
408 309 539
482 248 295
232 438 0
216 458 0
285 300 0
252 324 0
297.333 278 0
611 1064 2211
860 933 1716
472 1085 2211
465.167 1369 2317
592.167 1206 2317
1229.83 1128 2317
491 1244 2317
540 1219 2317
618.667 1150 2317
1301 1247 2936
787.333 1843 4785
750 1931 4785
766.333 1888 4785
753 1907 4785
794.333 1833 4785
802.667 1786 4785
781 1866 4785
808.333 1784 4785
764.667 1893 4785
771.667 1873 4785
796.333 1808 4785
1211.5 1455 3171
821.333 1773 4785
861.333 1611 4785
861 1670 4785
837.667 1734 4785
864.667 1580 4785
840 1708 4785
830.667 1737 4785
846.667 1677 4785
1194 1326 3111
516 582 997
520 612 1542
516.5 949 1424
441 638 1283
372 550 930
502 958 1424
2332.67 10330 18338
2350 10184 18338
2370.33 10147 18338
2445.33 10018 18338
2443.33 10027 18338
2456.33 10010 18338
2474 9991 18338
2467.33 10001 18338
2466.17 10007 18338
2470.67 10000 18338
2436.33 10050 18338
2440.67 10035 18338
2400 10082 18338
2535.67 9765 18338
2506.67 9847 18338
2539 9757 18338
2480 9850 18338
2531 9780 18338
2580.17 9680 18338
2630.17 9511 18338
2592.83 9606 18338
2614.83 9524 18338
2598.5 9579 18338
2555.67 9738 18338
2592.17 9637 18338
2626.17 9516 18338
3611 8238 18338
3397.83 8397 18338
3695.5 8203 18338
3626 8228 18338
3475 8263 18338
3818.67 8136 18338
3734.17 8199 18338
3922.33 8106 18338
3911 8108 18338
3097 9115 18338
2655.17 9440 18338
2642.5 9484 18338
2633.33 9493 18338
2668.5 9408 18338
2677.17 9391 18338
2660.17 9415 18338
2642.5 9483 18338
2645.83 9477 18338
2876.17 9214 18338
2710.17 9327 18338
2684.5 9376 18338
2713.83 9307 18338
2698.17 9370 18338
2702.5 9361 18338
2731.83 9279 18338
3076 9159 18338
3093.67 9146 18338
3608.67 8115 17905
3579.5 8167 17905
3597.33 8139 17905
3595.33 8152 17905
3517.5 8210 17905
3535.5 8191 17905
3592.33 8156 17905
3507.83 8213 17905
3572.67 8179 17905
3585 8158 17905
3885.67 8113 18338
3098.83 9063 18338
3131.83 8993 18338
3305.83 8600 17905
3351 8570 17905
3366.83 8536 17905
3315.83 8575 17905
3297.17 8654 17905
3261 8772 17905
3393.5 8495 17905
3370.67 8522 17905
3382.17 8508 17905
3414.17 8321 17905
3453.5 8237 17905
3407.83 8334 17905
3219.67 8854 18338
3183.67 8855 18338
3345.83 8823 18338
2296.5 5466 14295
2285.83 5478 14295
2292.83 5467 14295
2280.83 5492 14295
2271.5 5496 14295
2284.5 5479 14295
2133.17 5753 14295
2137.17 5750 14295
2148.83 5745 14295
2190.5 5630 14295
2201.17 5598 14295
2191.5 5607 14295
2205.83 5589 14295
2164.17 5680 14295
2175.17 5657 14295
2183.17 5642 14295
2234.17 5512 14295
2206.17 5548 14295
2895 5048 14295
2971.5 5047 14295
3009 5002 14295
2988 5037 14295
2993 5022 14295
2589.5 5312 14295
2697.67 5149 14295
2704.17 5143 14295
2636.33 5162 14295
2749.33 5082 14295
2743.83 5087 14295
2735.17 5132 14295
2594 5174 14295
2739.67 5126 14295
2491.17 5313 14295
2412 5393 14295
2424.83 5337 14295
2300.83 5427 14295
2419.33 5390 14295
2312.17 5395 14295
2300.5 5457 14295
2575.33 7982 17350
2535 8092 17350
2478.67 8177 17350
2975.5 7372 17350
2962.17 7437 17350
2985.83 7338 17350
2738.33 7714 17350
2728.33 7734 17350
2730 7718 17350
2716.33 7751 17350
2709.5 7766 17350
2727.33 7735 17350
2792.33 7576 17350
2787.67 7603 17350
2657 7808 17350
2616.67 7832 17350
2606 7919 17350
2932.33 7453 17350
2902.5 7489 17350
3922.67 5977 17350
3904.67 5982 17350
3917.67 5978 17350
3878.83 5984 17350
3923.33 5963 17350
3150.5 6416 17350
3318.67 6192 17350
3321.67 6044 17350
3162.17 6273 17350
3213.17 6261 17350
3511.17 6031 17350
3541.5 5995 17350
3882.17 7972 17905
3737.5 8004 17905
3716.33 8005 17905
3628.83 8023 17905
3626 8080 17905
3669.67 8014 17905
3623.83 8093 17905
3962.33 8040 18338
5664.67 7990 18338
3933 8080 18338
1064.5 2221 5104
1523.33 2541 5583
1997.5 2883 7044
1964.17 3278 7323
1545 3385 8288
1575 3356 8288
1519 3393 8288
1162.5 3966 8288
1188.17 3929 8288
1294.83 3717 8288
1273.17 3744 8288
1255.17 3752 8288
1281.17 3723 8288
1366 3568 8288
1414 3453 8288
1417.33 3446 8288
1214.33 3831 8288
1210.83 3884 8288
1194.83 3888 8288
1231.17 3815 8288
1296.17 3652 8288
952 2607 6439
1390.67 4079 8946
1314.33 4297 8946
1375 4092 8946
1390.67 4068 8946
1365.33 4144 8946
1386.67 4082 8946
1334.33 4209 8946
1352.33 4162 8946
1367.67 4107 8946
1351.67 4204 8946
1513.83 3753 8946
1512.5 3776 8946
1486.5 3822 8946
1496.5 3800 8946
1475.83 3825 8946
1498.5 3777 8946
1414.33 4033 8946
1429 3969 8946
1418.33 3971 8946
1416.33 4009 8946
1400 4040 8946
1394.67 4053 8946
1429.67 3960 8946
1451.33 3908 8946
1402.67 4034 8946
1430.33 3953 8946
1400.67 4038 8946
1463.83 3882 8946
1437.83 3948 8946
1605.33 3588 8946
1586.33 3628 8946
1640.33 3459 8946
1585.5 3685 8946
1546.83 3686 8946
1529.5 3690 8946
1585.83 3676 8946
1830.33 5087 9009
3878.5 4124 10053
3200 3753 9233
3397 4818 9780


480 280 919
209.833 558 0
217.5 372 0
209.833 603 614
217.5 417 614
480 260 0
297.333 278 0
285 300 0
252 324 0
252 353 364
285 341 430
330.5 535 919
382.333 419 919
347 440 919
1182 1023 3075
1177.5 1403 3519
939.5 1465 3519
1080 1412 3519
672 789 1941
506 855 2211
960 964 2227
865 1015 2227
580.5 824 2211
1043 852 2227
1015 875 2227
1110 845 2227
1035 854 2227
1008 899 2227
952 966 2227
562.5 1291 2450
479.167 1350 2450
545.167 1335 2450
709.333 1134 2450
630.833 1203 2450
477.667 1431 2450
695.167 1165 2450
559.167 1297 2450
579 1229 2450
600.333 1720 3144
615.333 1716 3144
580.667 1778 3144
588.333 1731 3144
754 1514 3144
650.333 1600 3144
638.667 1629 3144
646 1615 3144
637.667 1634 3144
646.333 1611 3144
642.333 1621 3144
680.667 1525 3144
680.667 1524 3144
635.667 1665 3144
626 1675 3144
615.667 1702 3144
627.333 1674 3144
619 1696 3144
616.667 1701 3144
658.333 1565 3144
669.333 1557 3144
675 1555 3144
676.667 1545 3144
1582.17 4284 9812
1742.17 3890 9812
1707.17 3965 9812
2400.17 3822 9812
3043.5 3821 9812
1653.83 4098 9812
1657.17 4089 9812
1664.83 4076 9812
1675.83 4018 9812
1703.83 3973 9812
1722.5 3943 9812
1745.17 3879 9812
1736.83 3897 9812
1704.83 3969 9812
1692.17 4007 9812
1754.17 3863 9812
1689.83 4015 9812
1474.5 4809 9812
1726.5 3935 9812
1572.17 4297 9812
1575.5 4296 9812
1578.17 4287 9812
1586.17 4264 9812
1640.83 4123 9812
1632 4135 9812
1651.83 4118 9812
1611.5 4217 9812
1587.5 4251 9812
1597.5 4230 9812
1620.83 4196 9812
1629.17 4180 9812
1675.5 4069 9812
1692.17 3986 9812
1696.17 3981 9812
1478.17 4541 9812
1488.83 4521 9812
1481.83 4529 9812
1482.5 4526 9812
1520.17 4426 9812
1515.17 4454 9812
1526.83 4420 9812
1527.5 4400 9812
1536 4378 9812
1539.67 4365 9812
1559.5 4333 9812
1543.5 4360 9812
1556.83 4341 9812
1542.17 4363 9812
1549.83 4352 9812
1547.83 4353 9812
1561.83 4320 9812
1565.83 4312 9812
1576.83 4295 9812
1512.5 4492 9812
1498.83 4501 9812
1493.83 4509 9812
1500.17 4494 9812
1496.83 4503 9812
1614.83 4052 8979
1717.5 3853 8979
1683 5307 11173
1794 5091 11173
1798.33 5082 11173
1746 5188 11173
1787.33 5101 11173
1762.33 5131 11173
1708.33 5223 11173
1722.33 5217 11173
1728.33 5191 11173
1724.67 5205 11173
1750.67 5137 11173
1749 5139 11173
1821.33 5070 11173
1637.33 5422 11173
1640.67 5420 11173
1641.33 5411 11173
1618.33 5457 11173
1624.5 5451 11173
1665.67 5351 11173
1687.67 5296 11173
1680.67 5314 11173
1703.33 5270 11173
1683.67 5300 11173
1692.33 5280 11173
1705.67 5257 11173
1671.67 5325 11173
1699 5272 11173
1659.33 5366 11173
1653.33 5373 11173
1657.67 5369 11173
1648.67 5394 11173
1652.33 5380 11173
1665.67 5361 11173
1642.33 5397 11173
1537.33 5718 11173
1614.33 5487 11173
1613.67 5489 11173
1604.67 5503 11173
1618 5461 11173
1596.33 5516 11173
1592 5525 11173
1602 5513 11173
1607 5491 11173
1626.67 5425 11173
1625.33 5431 11173
1564 5607 11173
1559.67 5622 11173
1566.33 5595 11173
1547 5685 11173
1555.33 5659 11173
1550.67 5662 11173
1583 5557 11173
1579.67 5571 11173
1568.33 5577 11173
1582.67 5561 11173
1590.67 5550 11173
1573 5573 11173
2748 4942 11173
2345.83 4997 11173
2026.17 5008 11173
5992.67 9366 18018
6970.17 9202 18099
5929.83 9835 18134
3032.17 6807 11612
3211.5 6426 12620
3298.33 5966 12126
3814.83 6222 12409
4752 7106 14650
4586.17 7721 15595
3911.5 7886 14768
3998 8807 15290
4718.83 7404 16094
4233.83 9417 16554
3369.67 6708 13693
2758.5 7867 14603
3918.83 6880 13800
3920.5 7522 14097
3036.5 7090 13012
5732.33 8565 16797
4794.83 8499 16340
5805.33 8420 16124
5137.67 8844 17632
5384.83 8769 17514
5085.17 10166 17437
1867.5 3214 7230
1727 2880 7115
1732.67 3339 7597
856.833 2135 3916
1033.17 2554 4142
780.5 2851 4009
1500.5 2164 5647
1336 2554 5222
1358.83 2573 5631
1269 2652 5582
1431.83 3980 6211
1311.67 2617 4778
1174.33 2412 4463
1563.5 1738 4213
1297.5 2078 4504
1350.5 2419 4713
959.833 2698 6112


1543.67 6401 13590
1554.33 6364 13590
1548 6380 13590
1544.67 6384 13590
1534 6421 13590
1552.67 6374 13590
1536 6420 13590
1562.33 6346 13590
1567.67 6328 13590
1533.67 6472 13590
1529.67 6492 13590
1576 6279 13590
1604 6204 13590
1592 6242 13590
1594.33 6224 13590
1586 6264 13590
1575.33 6297 13590
1867.5 5608 13590
1858 5609 13590
1854 5667 13590
1882.67 5571 13590
1836.67 5670 13590
1821.67 5720 13590
1833.17 5711 13590
1795.17 5811 13590
1737.67 5896 13590
1764 5845 13590
1789.83 5816 13590
1795.5 5809 13590
1756.33 5884 13590
1804.83 5761 13590
1684.33 5994 13590
1699.33 5967 13590
1653.33 6069 13590
1663.67 6053 13590
1624 6191 13590
1627.33 6169 13590
1630.67 6144 13590
1641.67 6105 13590
1625.67 6177 13590
3222.67 4518 13590
3219.67 4520 13590
3214.33 4530 13590
2904 4539 13590
2902.17 4553 13590
2558.83 4579 13590
2551.5 4586 13590
2550.5 4591 13590
2525.17 4691 13590
2530.83 4656 13590
2451 4704 13590
2442.33 4752 13590
2434.33 4756 13590
2507.17 4695 13590
2427.83 4820 13590
2231.17 5174 13590
2238.67 5167 13590
2246.33 5161 13590
2340.33 5004 13590
2333 5028 13590
2414.33 4896 13590
2282.33 5099 13590
2280.33 5104 13590
2276 5109 13590
2255.83 5136 13590
2262 5121 13590
2251 5148 13590
2296.33 5067 13590
2096.83 5390 13590
2169.67 5355 13590
2174.17 5348 13590
2126.17 5359 13590
2192.67 5275 13590
2192.67 5298 13590
2201.5 5258 13590
2210.5 5235 13590
2230.67 5229 13590
2230.67 5222 13590
2003.5 5393 13590
1921.67 5492 13590
1902.33 5557 13590
1946 5421 13590
1943 5467 13590
1906.67 5528 13590
1903.67 5540 13590
4749.5 6073 18082
4600.5 6107 18082
4688.67 6105 18082
5092.83 6068 18082
6003 5988 18082
5966.33 6014 18082
5743.17 6067 18082
2703 7085 18082
2672.67 7126 18082
2686 7116 18082
2706.67 7070 18082
2714.33 7000 18082
2689.33 7096 18082
2648.67 7155 18082
2624.33 7220 18082
2630.67 7176 18082
2077.67 8636 18082
2120.67 8535 18082
2051.33 8696 18082
2088.67 8586 18082
2079 8592 18082
2073.67 8652 18082
2101.33 8572 18082
2064 8676 18082
2409.17 7833 18082
2408.83 7841 18082
2253 8187 18082
2256.67 8136 18082
2272.67 8092 18082
2302.67 8066 18082
2302.33 8083 18082
2320 7952 18082
2319 8023 18082
2247.67 8244 18082
2247 8290 18082
2200.33 8292 18082
2174 8352 18082
2172.67 8429 18082
2154.33 8463 18082
2127.67 8512 18082
2131 8508 18082
2135.33 8490 18082
2146 8483 18082
2485.67 7643 18082
2469.67 7685 18082
2480.67 7680 18082
2435.17 7750 18082
2416.83 7767 18082
2407.83 7868 18082
2455.17 7721 18082
2436.83 7748 18082
2334.5 7943 18082
2368.67 7871 18082
2410.83 7827 18082
2445.17 7743 18082
2515.67 7523 18082
2496.33 7575 18082
2490.33 7603 18082
2516.67 7474 18082
2534 7465 18082
2536 7463 18082
2601.67 7304 18082
2540.67 7414 18082
2540.33 7459 18082
2599 7318 18082
2549 7411 18082
2611.67 7276 18082
2606.33 7293 18082
2560.33 7400 18082
2578 7330 18082
2567.67 7362 18082
2596 7325 18082
2616 7263 18082
2913.5 6665 18082
2873.5 6796 18082
2871.17 6824 18082
2899.17 6674 18082
2944.83 6594 18082
3182.17 6494 18082
3839.5 6180 18082
3911.5 6112 18082
3335.17 6198 18082
3318.83 6230 18082
3328.17 6219 18082
3128.17 6585 18082
3136.83 6560 18082
3133.5 6569 18082
3290.83 6304 18082
3191.17 6334 18082
3278.5 6322 18082
3286.83 6314 18082
3156.17 6507 18082
3149.17 6517 18082
3189.83 6463 18082
3301.17 6285 18082
3305.5 6263 18082
3294.83 6288 18082
330 370 0
300 408 0
683 745 1599
731 697 1599
728 710 1599
480 280 919
230 490 773
336 369 715
330 407 853
300 456 997
287 626 997
284 682 997
427.667 1266 1457
482.667 871 1994
452 956 1994
595.667 868 1994
464 910 1994
440.333 979 1994
1937 5180 8585
1833 5297 8715
2854 4544 9085
2016.83 4251 9032
1216.67 2398 5261
1115.67 2622 5382
1248 2588 5440
1300.5 2477 5440
1422 3222 8258
1416.5 3235 8258
1382.5 3293 8258
1373.5 3334 8258
1252 3515 8258
1378.5 3321 8258
1286 3466 8258
1649 2808 8258
1660.5 2786 8258
1680 2777 8258
1644 2815 8258
1637 2827 8258
1684 2770 8258
1530.5 3002 8258
1559.5 2973 8258
1562 2971 8258
1570.5 2948 8258
1591.5 2927 8258
1580 2933 8258
1599 2895 8258
1624.5 2856 8258
1604 2882 8258
1512 3056 8258
1502.5 3069 8258
1521 3041 8258
1515.5 3054 8258
1491 3074 8258
1506.5 3060 8258
1544.5 2990 8258
1516.5 3048 8258
1456 3178 8258
1461.5 3176 8258
1463.5 3166 8258
1445.5 3187 8258
1420.5 3225 8258
1436.5 3203 8258
1467 3158 8258
1401.5 3248 8258
1470 3122 8258
1475 3081 8258
1233.17 3662 6274
1869.83 2445 5437
1124.5 3312 5917
1638 2825 8258
1711.5 2733 8258
1697.5 2735 8258
1783.5 2649 8258
1695 2758 8258
1732.5 2699 8258
1801.5 2618 8258
1592.5 2918 8258
1580.5 2928 8258
1730.5 2713 8258
1739 2686 8258
1758 2652 8258
2700.5 2616 8258
2537.5 2617 8258
780 1397 2198
824 2195 4244
859.833 2068 4244
822.167 2238 4244
834.333 2137 4244
828 2173 4244
847.667 2100 4244
837.167 2131 4244
1038.67 1735 4133
1160 1588 4133
1077.33 1703 4133
1101.33 1881 4244
1059.33 1894 4244
1175.5 1854 4244
886.167 1996 4244
867.167 2050 4244
865.667 2063 4244
897.833 1974 4244
878.167 2020 4244
872.5 2044 4244
978.667 1912 4244
1014.67 1736 4133
898.667 1802 4133
557 1827 3076
662.333 1607 3076
608 1691 3076
615 1654 3076
568 1809 3076
576.5 1715 3076
542.667 1854 3076
1277 1256 2821
853.333 1397 2698
992 1496 2861
969 1100 2708


2607 9878 18463
2602.67 9882 18463
2591 9886 18463
2573 9961 18463
2572 9966 18463
2589.67 9915 18463
2573.33 9918 18463
2565 9984 18463
2564 9989 18463
2556.33 10003 18463
2556.67 10000 18463
2544.67 10020 18463
2531 10069 18463
2508.33 10113 18463
2536 10064 18463
2487.33 10200 18463
2526.67 10101 18463
2827.17 9541 18463
2746 9544 18463
2693 9688 18463
2688 9702 18463
2688.67 9690 18463
2609.33 9845 18463
2662.67 9748 18463
2644 9762 18463
2642.67 9796 18463
2644 9788 18463
2641 9807 18463
2678.33 9726 18463
2675.67 9729 18463
2666.33 9731 18463
2627 9839 18463
2630.67 9832 18463
2627.33 9837 18463
2634 9818 18463
2636.33 9813 18463
2738 9628 18463
2702 9640 18463
2694 9672 18463
3075.5 9126 18463
3088.83 9119 18463
3021.5 9198 18463
2949.83 9256 18463
3018.83 9233 18463
2938.5 9326 18463
2935.83 9329 18463
2920.83 9347 18463
2931.5 9331 18463
2925.17 9334 18463
2944.67 9304 18463
2873.83 9413 18463
2855.83 9454 18463
2881.67 9409 18463
2869.83 9419 18463
2919.17 9366 18463
2897.5 9393 18463
2919.5 9359 18463
2915.17 9367 18463
2900 9373 18463
2838.67 9498 18463
2834.83 9508 18463
2828.17 9528 18463
2850.5 9486 18463
2829.5 9520 18463
3167.67 9117 18463
3173.17 9079 18463
3195.17 9042 18463
3220.33 8934 18463
3248.83 8918 18463
3197.5 9001 18463
4153.5 8743 18463
4571.5 8911 18594
3895.17 9497 18594
4069 9489 18594
3387.83 8798 18463
3289.5 8831 18463
3278.17 8870 18463
3289.83 8806 18463
3412.67 8787 18463
3251.5 8889 18463
4203 9190 18594
4134.33 9259 18594
4091 9297 18594
4243.5 9135 18594
4181.17 9220 18594
3819.5 8761 18463
3640 8160 17535
3824.17 8134 17535
3843.17 7814 17535
3925 7803 17535
3953.33 7781 17535
4181.83 7537 17535
3989.17 7749 17535
3990 7660 17535
4044 7543 17535
4662.83 7045 17535
4234.83 7148 17535
4366.5 7063 17535
4711.5 7031 17535
4403.5 7061 17535
4182.17 7150 17535
4261.33 7095 17535
4578.5 7048 17535
4711.17 7043 17535
5844.33 7024 17535
820.333 2029 3785
738.833 2338 3785
755.5 2200 3785
776.667 2081 3785
815 2038 3785
807.667 2044 3785
799.333 2064 3785
762 2169 3785
742 2220 3785
758 2183 3785
1231.67 1548 3785
1203.67 1594 3785
1218.17 1580 3785
1124 1599 3785
1289.33 1513 3785
1171.5 1596 3785
943.667 1839 3785
866.667 1874 3785
852.667 1955 3785
848.333 1963 3785
856.333 1929 3785
824.667 2003 3785
856.333 1928 3785
830.667 1973 3785
711.333 1253 3557
709 1264 3557
680.333 1287 3557
529.667 1366 3557
498 1556 3557
545.667 1319 3557
543.667 1325 3557
1060.5 1655 3785
1074 1623 3785
995.833 1737 3785
993.5 1815 3785
216 458 0
330 370 0
652.5 936 1299
408.667 974 1299
660.167 1124 1536
574.167 1187 1536
614.5 1180 1536
336 369 715
216 493 744
330 407 853
297 563 853
825 1029 2065
549 1235 1998
668 812 1833
972 903 2065
858 1021 2065
923 935 2065
884 961 2065
940 927 2065
563 670 962
454.5 691 962
680 650 962
1672.17 3621 8809
1843.17 3564 8809
2149.83 3558 8809
1762.83 3576 8809
1486.83 4175 8809
1485.17 4289 8809
1524.5 4137 8809
1544.17 3954 8809
1599.33 3779 8809
1583.5 3839 8809
1607.33 3685 8809
3029.67 3888 9959
1986.5 3946 9959
2002.33 3941 9959
2686 3895 9959
1975.17 3968 9959
2064.17 3939 9959
2084.17 3908 9959
2537.83 3901 9959
3032.67 3887 9959
3107.17 3845 9959
1536.67 4744 9959
1929 4004 9959
1716.5 4013 9959
1644.17 4307 9959
1649.83 4241 9959
1541.5 4585 9959
2223.83 7107 14844
2232.17 6996 14844
2206.17 7143 14844
2242.33 6929 14844
2278.17 6349 14844
2169.5 7244 14844
2255.33 6478 14844
2385.17 6342 14844
2185.83 7200 14844
2262.33 6460 14844
2385.5 6340 14844
2529.83 6017 14844
2690 5979 14844
2496.5 6082 14844
2679.83 6000 14844
2496.17 6098 14844
2758.33 5829 14844
2708.33 5972 14844
2765.67 5819 14844
2746.67 5857 14844
2712.33 5928 14844
2490.83 6172 14844
2740.33 5878 14844
3252.17 5513 14844
3237.17 5529 14844
3235.83 5534 14844
3039.83 5537 14844
2934 5681 14844
2986.5 5598 14844
3003.33 5557 14844
2924.83 5718 14844
2772.17 5758 14844
2922 5742 14844
3608 6731 16956
3450.67 6759 16956
3277.67 6945 16956
3370 6925 16956
2920.83 7009 16956
3460.83 6752 16956
3381.67 6821 16956
967.5 2747 4027
1019.67 2297 4500
983.5 2285 4322
987.667 3466 7731
1032.33 3360 7731
953.667 3513 7731
1029.83 3378 7731
976.5 3495 7731
1011.67 3384 7731
996 3449 7731
1091.83 3246 7731
1115.67 3227 7731
1102.5 3234 7731
1080.17 3260 7731
1118.83 3206 7731
1088 3252 7731
1049.5 3334 7731
1037.33 3341 7731
1053.83 3313 7731
1059.67 3297 7731
1056.17 3309 7731
1166.33 3186 7731
1167.83 3162 7731
1146.17 3190 7731
1141 3205 7731
1180.17 3082 7731
1357.33 2997 7731
1297.17 3072 7731
1325.67 3033 7731
1322.67 3045 7731
1305.67 3060 7731
1401 2904 7731
1392.33 2969 7731
1250.67 1668 5173
1045.5 2310 5456
2084.33 5450 12265
2051.33 5524 12265
2077.83 5459 12265
2092.67 5446 12265
2096.33 5403 12265
2467 4969 12265
2308.5 5004 12265
2151.5 5038 12265
2111 5355 12265
2112.5 5262 12265
2669.67 4817 12265
2488.67 4840 12265
2710.33 4744 12265
2979.83 4713 12265
2587.33 4836 12265
2988.67 4711 12265
2967.5 4717 12265
2992.5 4603 12265


2175.5 9502 16585
2151.5 9530 16585
2138 9610 16585
2178.83 9473 16585
2141.67 9569 16585
2153.67 9505 16585
2120.33 9650 16585
2135.67 9617 16585
2128.33 9637 16585
2177.5 9491 16585
2091.5 9662 16585
2256.83 9293 16585
2259.83 9285 16585
2253.83 9294 16585
2257.17 9288 16585
2268.17 9237 16585
2288.17 9219 16585
2263.17 9263 16585
2236.5 9298 16585
2279.83 9232 16585
2248.83 9295 16585
2222.33 9337 16585
2209.83 9394 16585
2181.5 9442 16585
2188 9432 16585
2219.5 9372 16585
2203.33 9404 16585
2235.5 9329 16585
2212.83 9387 16585
2235.17 9330 16585
2396.5 8965 16585
2399.83 8954 16585
2399.83 8950 16585
2449.83 8852 16585
2393.5 8991 16585
2291.5 9168 16585
2305.17 9125 16585
2304.17 9137 16585
2353.83 9085 16585
2353.83 9076 16585
2346.5 9086 16585
2354.17 9056 16585
2370.17 9030 16585
2379.83 9027 16585
2384.83 9021 16585
2334.17 9115 16585
2340.17 9099 16585
2336.17 9108 16585
2426.5 8908 16585
2486.5 8728 16585
2515.83 8572 16585
2452.17 8804 16585
2494.83 8706 16585
2475.5 8750 16585
2427.83 8853 16585
2419.5 8924 16585
2407.83 8932 16585
2557.83 8457 16585
2540.17 8520 16585
2884.83 7423 16585
2875.5 7427 16585
2920.17 7339 16585
2922.5 7338 16585
2918.5 7342 16585
2896.83 7382 16585
2900.17 7375 16585
2902.83 7373 16585
2892.83 7391 16585
2887.5 7413 16585
2887.83 7403 16585
2906.5 7361 16585
2910.5 7356 16585
2914.17 7350 16585
2850.83 7478 16585
2848.17 7529 16585
2863.5 7463 16585
2845.5 7531 16585
2872.5 7460 16585
2834.17 7538 16585
2829.17 7542 16585
2817.5 7598 16585
2798.5 7653 16585
2788.17 7656 16585
2807.5 7612 16585
2818.17 7591 16585
2763.83 8007 16585
2771.83 7970 16585
2504.17 8600 16585
2629.5 8259 16585
2620.5 8276 16585
2572.83 8428 16585
2563.67 8446 16585
2599.83 8347 16585
2614.5 8310 16585
2603.83 8339 16585
2575.5 8354 16585
2608.17 8325 16585
2533.5 8529 16585
2524.17 8530 16585
2542.17 8484 16585
2554.17 8469 16585
2551.5 8473 16585
2548 8475 16585
2706.5 8142 16585
2665.5 8220 16585
2660.83 8234 16585
2719.5 8089 16585
2709.17 8092 16585
2690.17 8215 16585
2741.67 8015 16585
2737.5 8083 16585
2690.83 8169 16585
4240.67 6609 16585
5220.67 6557 16585
4850.17 6572 16585
4262.83 6584 16585
4156.83 6661 16585
3371.67 6823 16585
3385.33 6804 16585
3381.67 6815 16585
3391.33 6783 16585
3459.67 6663 16585
3428 6748 16585
3411.33 6779 16585
3167.33 7130 16585
3002.17 7179 16585
3003.83 7142 16585
2963.83 7256 16585
2966.83 7246 16585
2970.5 7238 16585
2984.5 7212 16585
2992.5 7191 16585
2974.17 7215 16585
2948.17 7268 16585
2940.5 7282 16585
2923.83 7313 16585
2934.83 7306 16585
2922.83 7316 16585
3304.67 6919 16585
3306.83 6899 16585
3256.5 7017 16585
3287.5 6961 16585
3265.33 6970 16585
3227.83 7035 16585
3366.67 6852 16585
3353.67 6857 16585
3307.5 6870 16585
4600.17 7350 18439
4306.5 7386 18439
4270.5 7469 18439
4580.17 7377 18439
3849.83 8213 18439
3706.33 8230 18439
3866.5 8167 18439
3637 8260 18439
3140.5 7550 18416
3029 7699 18416
3188.17 7502 18416
3140.83 7546 18416
3116.5 7577 18416
2974.5 7721 18416
3052 7583 18416
2701.33 8457 18416
2773 8325 18416
2786.33 8236 18416
2778.33 8239 18416
2685.33 8499 18416
2707.67 8448 18416
2719.5 8392 18416
3898.5 7270 18416
3602.83 7299 18416
3958.5 7251 18416
3987.33 7201 18416
3771.83 7281 18416
4014.33 7185 18416
4039 7010 18416
4033 7103 18416
4268.67 6879 18416
3914.67 7662 18439
2849.83 7937 18416
2823 8170 18416
2831.33 8162 18416
2859.5 7914 18416
2810 8207 18416
3432.83 8956 18439
3585.33 8558 18439
3590.67 8439 18439
338 922 2530
397.5 845 2530
495.5 842 2530
418 278 0
224 434 0
189 454 0
300 456 997
272 682 997
287 626 997
189 477 982
343.333 542 1743
224 472 571
297.333 314 746
1145.17 4276 8629
1149.17 4253 8629
1130.67 4304 8629
1076.83 4425 8629
1108.17 4313 8629
1269.83 3785 8629
1272.83 3780 8629
1229.83 3908 8629
1203.5 3965 8629
1255.5 3814 8629
1248.5 3860 8629
1235.83 3898 8629
1245.5 3868 8629
1214.83 3911 8629
1177.67 4169 8629
1168.83 4197 8629
1163.83 4224 8629
1187.5 4156 8629
1170.67 4189 8629
1149.17 4238 8629
1195.67 4117 8629
2613.17 3376 8629
1923.67 3392 8629
1567.5 3513 8629
1669 3415 8629
1313.17 3680 8629
1273.5 3751 8629
1366.17 3662 8629
1305.5 3711 8629
1760.83 3393 8629
1323.5 3672 8629
1525.17 3533 8629
1404.67 3586 8629
1751.67 3401 8629
1490.17 4276 9431
1499.17 4263 9431
2434.83 3744 9926
2398.83 3821 9926
1969.67 4497 9926
2230.33 5465 10334
2118.17 3965 9926
2084.83 3966 9926
2133 3961 9926
2014.83 3991 9926
2193.17 3830 9926
2142.5 3899 9926
2159.5 3838 9926
1546.5 4150 9431
2425.17 5884 11813
2474.33 5182 12258
3514.67 5884 13858
1535 1414 2924
1273.5 2593 4902
918 3030 4926
911.667 3036 4926
943.5 2948 4926
940.833 2995 4926
1045.83 2747 4926
1068.17 2722 4926
1063.33 2740 4926
982.5 2899 4926
976.167 2905 4926
1176.83 2557 4862
1171.5 2620 4926
1037.67 1800 4108
1021 1631 3843
695 1671 3073
658.167 1533 2843
893.833 1952 3165
928.167 2591 4285
1018.5 2296 4473
972.667 2024 3645
1380.67 3613 7448
1366.67 3623 7448
1350 3651 7448
1343.17 3664 7448
1398.33 3558 7448
1320.5 3679 7448
1397.33 3562 7448
1364.67 3639 7448
1381.33 3580 7448
1426.67 3528 7448
1427.33 3495 7448
1858.5 3215 7448
1810.83 3240 7448
2123 3160 7448
1074 2728 6574
1078.33 2625 6574
1357.83 2465 6574
986.333 2802 6574
947.833 2928 6574
1029 2757 6574
1479.5 3419 7448
1705.33 3369 7448
1443.83 3443 7448
1430.33 3482 7448
1724.17 3295 7448
1659.33 3398 7448
1780.83 3263 7448


2520.67 6569 15525
2514.67 6574 15525
2508.33 6576 15525
2521 6559 15525
2602.67 6352 15525
2596 6370 15525
2628 6286 15525
2607.67 6329 15525
2549.67 6448 15525
2556.33 6441 15525
2543.67 6464 15525
2521.33 6531 15525
2535.33 6490 15525
2576 6403 15525
2587.67 6384 15525
2571.67 6422 15525
2586.33 6392 15525
2588.33 6372 15525
2597 6365 15525
2424 6763 15525
2507 6603 15525
2500.67 6612 15525
2504.33 6609 15525
2450.83 6659 15525
2482 6639 15525
2477 6646 15525
2443.67 6732 15525
2436 6736 15525
2431.33 6739 15525
2489.33 6628 15525
2489.33 6629 15525
2498 6619 15525
3047.17 7457 15916
2403.17 6846 15525
2399.83 6851 15525
2412.33 6832 15525
2209.5 7111 15525
2209.17 7126 15525
2204.17 7129 15525
2212.17 7102 15525
2225.17 7077 15525
2194.17 7141 15525
2314.67 6981 15525
2265.83 6984 15525
2259.5 7004 15525
2250.17 7030 15525
2253.17 7018 15525
2235.17 7055 15525
2338.33 6927 15525
2326.83 6934 15525
2322 6956 15525
2363.83 6869 15525
2833.83 5859 15525
2821.17 5889 15525
2635 6175 15525
2645.67 6163 15525
2645 6164 15525
2711.33 6014 15525
2698.67 6044 15525
2697.33 6064 15525
2703.67 6028 15525
2792.17 5950 15525
2799.83 5926 15525
2814.17 5916 15525
2676.67 6114 15525
2672 6118 15525
2735.33 5962 15525
3134.17 5633 15525
3354.5 5531 15525
3268.83 5546 15525
3170 5599 15525
3547.67 5528 15525
3004.17 5797 15525
3053.83 5765 15525
3101.83 5740 15525
3091.83 5746 15525
3113.83 5662 15525
3122 5655 15525
3022.5 5777 15525
3103.83 5730 15525
2877.33 5800 15525
3099.5 5742 15525
3705.33 7274 15916
3696.83 7345 15916
3523.83 7352 15916
2529.83 10249 19021
2545.5 10221 19021
2652.5 9952 19021
2644.17 9955 19021
2585.5 10129 19021
2622 10030 19021
2616.83 10040 19021
2636.83 10020 19021
2636.5 10023 19021
2609.5 10046 19021
2595.83 10049 19021
2575 10179 19021
2554.5 10190 19021
2581.67 10167 19021
3059.83 9200 19021
2908.5 9499 19021
2912.83 9429 19021
3065.5 9196 19021
2983.83 9204 19021
2670.83 9946 19021
2678.5 9924 19021
2706 9870 19021
2713.17 9852 19021
2726 9833 19021
2724 9836 19021
2727 9825 19021
2734.17 9809 19021
2719.17 9839 19021
2685.17 9891 19021
2696.17 9887 19021
2681.17 9905 19021
2742 9766 19021
2741.5 9793 19021
2836.83 9671 19021
2793.33 9693 19021
2804.67 9683 19021
2870.5 9585 19021
2757.17 9698 19021
3777.5 7327 19021
3752.17 7396 19021
4011 7206 19021
4004.67 7214 19021
3956.67 7221 19021
4011 7213 19021
3949 7267 19021
3913.17 7279 19021
3856 7295 19021
3545.33 7854 19021
3513.33 7878 19021
3649.17 7602 19021
3644.5 7645 19021
3549.5 7700 19021
3669.5 7559 19021
3673.83 7499 19021
3707.67 7423 19021
2962 9428 19021
3348.33 8314 19021
3320.67 8382 19021
3285.33 8477 19021
3324.5 8353 19021
3351.83 8217 19021
3384.67 8196 19021
3086.67 9060 19021
3202.33 8994 19021
3074.67 9095 19021
3119.33 9009 19021
3533.67 7857 19021
3548 7832 19021
3420.17 8045 19021
3413.5 8070 19021
3533.33 7862 19021
3411.17 8079 19021
3442.5 7901 19021
2786.83 8094 15916
2154.17 7267 15525
2189.17 7159 15525
2180.17 7176 15525
2158.17 7246 15525
2102.83 7378 15525
2167.5 7208 15525
2111.5 7364 15525
2967 7646 15916
2944.33 7727 15916
2093.83 7650 15525
2077.33 7783 15525
2073 7787 15525
2808 7748 15916
297.333 278 0
217.5 372 0
209.833 558 0
255 354 0
832 1046 1712
923 955 1712
784 1086 1712
749 1112 1712
700 1142 1712
879 1000 1712
825 980 1599
844 1026 1712
294 411 913
304 407 789
285 597 913
297.333 314 746
300 456 997
284 682 997
287 626 997
480 280 919
671 467 1447
562 587 1525
285 341 430
416 310 528
217.5 417 614
209.833 603 614
255 387 588
1036 762 1544
975 851 1599
927 872 1599
1005 817 1599
904 907 1599
880 911 1599
2699 3657 8074
2943.33 3617 8074
2654 3698 8074
2732 5937 10111
3824.83 5228 9980
3256.17 5257 9980
2432 5411 9916
1954.17 4289 9880
2981.33 5300 10301
1766.67 4357 9880
1924.67 4321 9880
2679 2432 4580
1191.17 2645 5177
2035 2482 5183
1767.5 2612 5379
2068.17 3040 7033
1185.83 3923 7356
1195.5 3871 7356
1169.33 3928 7356
1189.17 3910 7356
1210.83 3861 7356
1144.17 4017 7356
1209.17 3867 7356
1162.17 3975 7356
1389.33 3486 7356
1361.67 3605 7356
1358.33 3620 7356
1328.33 3635 7356
1340.67 3633 7356
1321.33 3648 7356
1267.83 3719 7356
1251.5 3774 7356
1212.17 3824 7356
1226.5 3814 7356
1382.33 3532 7356
1387 3531 7356
1371.67 3571 7356
1482.33 3286 7356
1397.33 3475 7356
1488 3273 7356
1462.17 3290 7356
1438.17 3297 7356
1408.67 3400 7356
1504.67 3245 7356
1430.83 3372 7356
2007 3117 7033
1013.33 3295 5930
981.333 3398 5930
989.667 3350 5930
1001 3317 5930
997.333 3346 5930
1007 3315 5930
997.667 3334 5930
1012.67 3297 5930
1008.33 3312 5930
963.333 3443 5930
1161.17 2928 5930
1060.83 3116 5930
1056.83 3146 5930
1110.83 3004 5930
1116.17 2991 5930
1127.17 2983 5930
1138.17 2974 5930
1038.17 3189 5930
1014.5 3235 5930
1051.67 3181 5930
1088.17 3055 5930
1096.17 3042 5930
1074.17 3084 5930
4877 5126 10797
620.333 1181 2033
925 915 2213
820.333 1307 2387
2183 2134 4099
1185 2276 4140
1131.33 2280 4140
907.5 2788 4140
930.833 2776 4140
997.167 2548 4140
990.5 2594 4140
995.833 2576 4140
977.5 2605 4140
974.5 2623 4140
985.167 2595 4140
1058.33 2415 4140
999.333 2417 4140
956.833 2706 4140
945.5 2711 4140
740.5 1552 3057
721.667 1619 2857
1404.5 1861 3923
1242.5 1806 3488
1134.17 2044 3507
1283 2159 3538
970 1047 2862


575 562 1867
418 278 0
189 454 0
252 324 0
189 477 982
300 456 997
287 626 997
272 682 997
606 517 1409
298 627 1504
285 341 430
255 387 588
404 348 456
252 353 364
480 280 919
410 316 729
410 330 870
421.5 436 919
443.667 534 1035
1927.17 6768 11430
1847.83 7004 11430
1866.5 6911 11430
1913.17 6783 11430
1855.5 6925 11430
1877.17 6863 11430
1873.17 6909 11430
1886.83 6796 11430
1939.83 6718 11430
1934.17 6747 11430
1947.83 6709 11430
1941.17 6713 11430
1927.83 6765 11430
1934.83 6721 11430
1933.83 6753 11430
1915.17 6780 11430
1985.17 6617 11430
1948.83 6621 11430
2019.5 6539 11430
2009.17 6542 11430
2091.83 6402 11430
2034.83 6414 11430
2089.83 6407 11430
2099.5 6401 11430
2033.17 6517 11430
1994.17 6581 11430
1992.83 6591 11430
2031.83 6538 11430
1996.5 6574 11430
2408.5 5816 11430
2400.17 5827 11430
2399.17 5830 11430
2375.17 5859 11430
2381.17 5850 11430
2302.67 6052 11430
2316.17 6046 11430
2342.83 5928 11430
2352 5910 11430
2333.83 5933 11430
2360.83 5868 11430
2349.5 5914 11430
2358.5 5907 11430
2323.5 5993 11430
2318.83 6023 11430
2318.5 6030 11430
2268.17 6175 11430
2298.83 6106 11430
2237.17 6219 11430
2250.83 6213 11430
2231.5 6251 11430
2223.83 6259 11430
2190.83 6261 11430
2154.17 6348 11430
2154.83 6323 11430
2131.5 6351 11430
2113.83 6375 11430
2106.83 6385 11430
3288.17 5003 10865
3293.17 4987 10865
3309.5 4969 10865
4007 4961 10865
2522 5500 11430
2537.33 5453 11430
2526 5467 11430
2476.67 5609 11430
2517.67 5520 11430
2462.33 5614 11430
2423.5 5726 11430
2409.33 5802 11430
2411.17 5801 11430
2415.17 5782 11430
2764.33 5180 11430
2660.83 5295 11430
2560 5392 11430
2584.33 5325 11430
2762.33 5198 11430
2540.83 5424 11430
2793 5105 11430
2777.67 5142 11430
2713.67 5268 11430
2739 5201 11430
2718.33 5244 11430
2679.67 5279 11430
2730 5205 11430
2554.5 5338 10865
2563.33 5279 10865
2632.67 5097 10865
2587.5 5269 10865
2804.5 5005 10865
1669.5 3809 8999
1684.83 3782 8999
1689.17 3767 8999
1731.33 3719 8999
1565 3924 8999
1493 3982 8999
1414.33 4050 8999
1575.5 3824 8999
1502.33 3949 8999
1905.33 4206 10262
1884 4244 10262
3402.33 4085 10262
1724.33 4717 10262
1741.33 4670 10262
1804.33 4456 10262
1801.67 4524 10262
1771 4535 10262
1813 4445 10262
1783.33 4530 10262
1841 4354 10262
1821.33 4396 10262
1768 4599 10262
1755.33 4635 10262
1759.33 4623 10262
1961 4092 10262
1945.67 4112 10262
1855 4344 10262
1893.33 4215 10262
1889.67 4237 10262
1903 4213 10262
1874 4282 10262
1867 4291 10262
1875.33 4273 10262
1881 4258 10262
1926.33 4160 10262
1924.67 4162 10262
1934.33 4148 10262
1922 4193 10262
1864.67 4312 10262
1863.33 4314 10262
1859 4317 10262
2541.17 3549 8859
2472.67 3563 8859
495.333 1809 3455
1273.5 3300 6977
1257.5 3331 6977
1113.67 3630 6977
1138.17 3613 6977
1140.5 3562 6977
1164.17 3493 6977
1452.83 3670 7578
1777.33 3450 7578
1646.33 3580 7578
1610 3619 7578
1682.17 3463 7578
1243.83 3358 6977
1251.83 3356 6977
1213.83 3369 6977
1201.83 3392 6977
1170.5 3476 6977
1183.83 3445 6977
1508.5 2850 6977
1561.33 2822 6977
1475.33 2890 6977
1486.67 2872 6977
1470.33 2909 6977
1486 2873 6977
1215.5 3364 6977
1383.33 3085 6977
1386 3055 6977
1338.67 3088 6977
1311.83 3215 6977
1325.33 3181 6977
1273.17 3301 6977
1288.67 3258 6977
1277.17 3277 6977
1269 3310 6977
1425.83 3011 6977
1426.5 3001 6977
1405.33 3034 6977
1448.33 2927 6977
1432.67 2979 6977
1433.67 2966 6977
1422 3025 6977
1415.33 3026 6977
1444 2955 6977
1599.83 2791 6977
1409.33 3027 6977
1553.17 2836 6977
2540.17 2722 6977
1604.17 2767 6977
980.167 2876 5739
1342 2373 6108
1413 2326 6108
1329.67 2388 6108
1337.67 2374 6108
1322.67 2403 6108
1348.33 2353 6108
1370 2343 6108
1196.83 2376 5660
1142.67 2576 6108
1239.33 2490 6108
1283.67 2415 6108
1163.67 2491 6108
1291.33 2214 4122
905.833 2473 4091
1325 2000 4855
979.667 2233 5014
4521.67 9545 19082
3851.83 8156 18385
5015.5 9104 18624
2522.83 6546 11538
2605 7449 15959
3796 8253 16095
4922.17 6809 14845
4082.67 7257 14826
4484.83 6053 12660
3670.67 5853 11968
3275.33 6679 14357
3179.67 6225 13195
3478.83 6449 14249
3128.83 6269 12813
461.5 1091 2278
746 1263 3284
750 1155 2833
922.833 2193 3664
981.667 1817 4000
998.333 1795 4000
1006.33 1643 4000
1060.33 1528 4000
934 1967 4000
969.667 1852 4000
980 1834 4000
985.667 1800 4000
984 1802 4000
960.333 1881 4000
977.667 1840 4000


189 454 0
285 300 0
266 408 0
458.5 1020 1910
546 865 1910
499 968 1910
458 1030 1910
519 907 1910
266 433 930
480 260 695
189 477 982
285 341 430
881 1248 3086
843 1334 3086
915.5 1208 3086
596.167 1573 3358
615.167 1544 3358
616.167 1524 3358
599.167 1567 3358
618.833 1519 3358
606.833 1551 3358
608.5 1546 3358
593.833 1592 3358
543.333 1383 3108
507 1458 3086
719.667 1389 3358
710.667 1410 3358
713 1391 3358
670.667 1416 3358
664.5 1373 3086
637.167 1480 3358
625.167 1503 3358
664.667 1452 3358
645.5 1459 3358
622.833 1507 3358
630.5 1482 3358
612 748 1170
499 887 1116
1305.5 5742 11572
1288.83 5746 11572
1310.5 5712 11572
1285.5 5805 11572
1309.5 5726 11572
1359.17 5569 11572
1348.17 5613 11572
1350.83 5601 11572
1339.5 5617 11572
1343.5 5614 11572
1349.5 5611 11572
1326.5 5661 11572
1323.17 5676 11572
1320.67 5692 11572
1441.5 5382 11572
1455 5381 11572
1439.83 5419 11572
1436.83 5424 11572
1456.83 5344 11572
1431.83 5441 11572
1375.5 5567 11572
1410.83 5461 11572
1385.83 5526 11572
1383.83 5549 11572
1422.17 5444 11572
1377.5 5550 11572
1411.5 5455 11572
1389.5 5522 11572
1401.83 5476 11572
1409.5 5473 11572
1389.17 5525 11572
2020.83 4219 11572
2002.83 4226 11572
1785.83 4468 11572
1801.17 4439 11572
1800.83 4458 11572
1810.5 4430 11572
1801.17 4446 11572
1835.17 4372 11572
1818.83 4396 11572
1812.5 4412 11572
1944.5 4227 11572
1914.5 4257 11572
1890.17 4310 11572
2344.5 4134 11572
2052.83 4150 11572
2030.17 4201 11572
2043.5 4168 11572
1656.17 4771 11572
1680.17 4739 11572
1622.17 4881 11572
1646.83 4789 11572
1788.83 4464 11572
1781.5 4486 11572
1769.17 4494 11572
1781.5 4479 11572
1764.5 4503 11572
1777.83 4489 11572
1785.5 4475 11572
1716.83 4625 11572
1701.17 4630 11572
1718.83 4615 11572
1755.83 4545 11572
1746.83 4549 11572
1762.5 4518 11572
1762.83 4514 11572
1761.17 4531 11572
1735.17 4585 11572
1734.83 4606 11572
1731.17 4612 11572
1740.17 4562 11572
1622 5109 11572
1540.83 5212 11572
1553 5203 11572
1549.5 5208 11572
1533.5 5223 11572
1485.5 5245 11572
1475.5 5257 11572
1597 5166 11572
1610 5154 11572
1601.67 5156 11572
1595.67 5200 11572
2289 3827 10042
2330.67 3775 10042
2431 3731 10042
2472 3705 10042
1630.33 3363 8269
1488.5 4269 10042
1516.83 4217 10042
1466.5 4293 10042
1483.5 4273 10042
1544.33 4080 10042
1504.5 4225 10042
1342.5 3700 8574
1327.5 3766 8574
1299.5 3815 8574
1348.5 3695 8574
1391.83 3589 8574
1358.5 3673 8574
1282.5 3859 8574
1333.17 3729 8574
1413.5 3543 8574
1465.83 3393 8574
1717.83 4065 10042
1827.5 3851 10042
1266.5 3366 7346
1276 3257 7346
1524.33 3116 7346
1421.5 3246 7346
4227.17 7959 14749
4874 7819 17175
2688 4941 13006
2866.33 6731 14536
3937.33 9104 17380
3582.33 6661 13555
2622 7017 12879
3231.17 8103 15374
4978.17 9135 17766
5470.17 7714 15015
5325.5 6574 14216
4259 8698 15686
4983.17 7237 14908
3013 2553 5898
1740 1873 3871
1604.33 2544 4737
1318.67 2788 4517
1410 1935 4616
2301.5 2321 5677
1804.17 2887 6030
1031.5 2927 6191
1179.83 1947 3800
2119 2535 4680


