1114 830 3074
1794.67 4071 12279
442 1666 4248
1644 3009 9568
1710.5 3172 9657
429.333 1467 3718
2001 1818 6422
852 957 2984
371.167 1212 3284
3053 6500 18085
634 1385 4796
1531.33 4066 11724
2820 3626 12123
745.333 2500 7072
1743.5 4609 12782
2175.5 2979 10296
1251 1000 3883
2291.83 4091 12713
3771.17 9406 20626
2678.17 6653 17415
1150.5 1787 5854
2519.67 4516 13358
782 736 2287
1566 1123 4309
4029.17 9083 20781
309.333 1316 3215
632.333 2263 7014
787 1827 6309
1750.5 3386 10657
2273.17 5223 14706
2301.83 5585 15274
3377.83 6951 18799
1086 3083 9649
1346.67 3374 10639
655 826 2741
2603.83 6899 15984
1082.83 1503 5451
2802.33 5994 16156
928 976 3439
512 619 1723
432.5 483 1257
1617.17 3946 11578
1063.83 2888 8805
764 2088 6379
1159.83 3793 10121
1393.33 2824 9346
1965.17 4734 13406
478 1334 3815
1287.17 3203 9914
1273.17 3253 9668
327.5 978 3126
591.833 1446 4594
742.333 2194 7015
811.667 2421 8580
3912.83 6800 18283
1888.5 2238 7919
501 910 2478
2199.67 3826 11735
402.333 1483 3683
1369 1287 4409
415.167 1433 3551
1006 908 3037
1222.83 2704 8880
1107.17 2869 8774
771 679 1893
228.833 858 1893
910.833 2313 7039
3203 6013 17005
1001 926 2931
1481.67 3691 11495
2251 2305 8001
814 1190 4224
1798.17 4871 13686
917.833 2210 7373
1416.83 3371 10278
185.5 666 1539
1799 4251 12595
5067.17 9349 21051
1039.67 2408 8235
1722.83 4950 13477
1789.33 2406 7807
1604.5 2350 7724
218.5 837 1712
202.833 531 1275
614.333 2053 5313
271.833 735 1776
800 2020 6930
3010.67 6641 17858
858.5 1037 3463
706.833 1453 5306
881 683 2486
213.5 513 1082
1742.5 3091 9679
1241.5 2849 9222
2597 3576 11428
1825 3128 10240
2304.67 4531 13510
402.333 938 2667
2253.67 4644 13527
382.333 1794 3623
1397.5 3852 10794
1286.67 4107 11463
723 1706 5651
2442.67 4918 14842
484 628 1756
1282.67 4280 11879
839.5 1912 6757
747.333 2416 7059
1898.67 2687 9138
1485 3627 10827
4432.17 9612 22249
310 530 1447
2894.5 3340 10817
1444.83 4057 11350
1474 4536 12645
523 593 1709
151.5 681 1425
3834.17 9289 20039
1378.17 4058 11380
2101 3386 10832
1830.67 3573 11089
2785.5 6574 17225
476.5 931 2604
2117.83 5522 14186
663.5 1343 4469
276.5 567 1312
498.833 1102 3991
616.5 2009 6181
2133.17 4051 12488
305.5 534 1545
542 564 1691
1354.5 2909 9332
5736.17 9022 20572
3327.17 7403 19950
2843.33 7438 19190
2135.83 5829 14451
1720 1733 6201
693 613 1862
435 1377 4085
2290 5150 14081
2404 5271 14838
561 575 1816
610.833 1337 3996
488 580 1618
2004.33 5337 13890
256.167 775 2221
2574 5389 15116
447.333 1342 3754
582.667 1481 4773
744.833 1784 5736
404.5 709 2140
1225.17 3441 10726
773 720 2212
902 1087 3510
481 617 1674
371 763 2175
633 487 1665
2014.83 3397 10832
998 1304 4732
1726.33 4632 12668
2187.83 2682 8618
2043.33 6605 13947
3936.5 5854 15374
342.667 920 2409
2921 4860 13533
1948.33 4195 12384
488 615 1640
1932 3303 10495
655 487 1717
581.667 2323 5440
2118 3408 11112
194.167 586 1381
524 591 1649
1228.33 3289 10196
370.5 669 1723
673 480 1071
444.333 1198 3737
152.833 663 653
951.5 1731 5686
617.333 1678 5576
2297.17 3635 11452
2396.17 3855 12473
334.167 691 2020
1106 1807 5842
1713 1787 5966
237 266 0
238.5 640 1453
371.5 757 2452
1740 1281 4404
206.167 523 854
2620.5 6302 16035
1218.33 3608 9725
603 530 1634
1975.67 5757 13735
423.333 1338 3570
627 508 1723
728 795 2469
999 915 2912
682 480 1410
232.833 811 1811
476 234 0
1824.67 3949 11847
861 727 2383
742.5 2687 7847
961.667 2960 9538
699.5 1339 4134
261 663 1534
516 608 1680
257.5 696 1698
432.167 1424 4126
2115.83 4717 13108
290 401 760
1393 4421 12196
290.5 540 1320
804 716 2259
244.5 565 1300
227.5 482 727
663.833 1955 5784
554 1029 3197
362 368 713
814.167 2322 7085
317.167 740 1841
435 1345 3840
318.5 490 1413
2056.33 5967 15536
257 562 1281
438 300 780
636 486 1501
4191.5 10190 21788
318 380 811
1826.83 4597 13088
498 1560 5294
202 528 860
323.5 1063 2958
476 267 297
162 504 838
4799.5 9056 20073
466 281 369
244 448 679
302.167 986 2288
183.167 586 1223
483.5 926 2595
322 409 820
208 465 696
237 291 593
388 345 863
255.5 763 1584
314 520 1589
396 329 636
418.833 1778 4570
347.833 898 2469
202 491 653
376.833 1169 3412
315.167 978 2917
440 684 1812
438 256 0
366 358 688
186 530 1180
429.833 1416 3629
117.5 382 0
246 459 978
472 295 854
117.5 402 587
398 356 996
360 358 647
466 240 0
436 320 745


2846.5 7283 17710
605 514 1499
3590.17 6306 16534
1637.33 4557 11847
2596.67 6156 15401
455.167 1440 3784
340.667 1195 3012
399.333 1399 3605
476.667 836 2958
2962.83 4285 13850
493.5 1199 3266
2565 2398 7767
2547 2439 8403
660 1382 4900
2358.33 5252 15074
2683.5 4281 12600
4937.17 8737 19827
610.333 1810 4730
720.667 1931 6362
940 2724 8995
2871 2869 9310
826 1085 3173
3179.5 3732 11623
237 561 1355
2833.17 7061 16790
5047.17 9854 21521
2315.33 6339 15315
2241.83 6694 16042
1256.17 3326 9833
880 1189 3852
1596.33 3418 11161
318 593 1692
361.333 1521 4719
717 1682 5684
829.5 2590 7388
1850 4739 14333
1340.67 4223 10944
669.333 2225 6373
965 1346 4644
1400.5 2146 7245
1474.17 4931 12903
2813.33 5009 15154
1489 1902 5921
1809 1558 5125
3179.5 3774 12124
1738.17 2509 8768
2818.67 4691 14550
636.5 1832 5457
778 1909 5930
661 2607 7526
898.167 2393 7488
2145 5904 15042
1337.5 3381 10100
2641 5857 15426
377.333 1172 2714
679 463 1275
828.5 2494 7337
2176.17 3911 12286
3908.83 5949 15669
451.5 472 1384
2985.17 6634 18405
3051.17 6485 17709
2671 4342 12789
6602.83 9392 20991
880 677 2454
1127.67 2959 9431
3821.33 9704 19606
1474 1941 6419
1283 1758 5789
1695.33 3630 11414
2976.33 5967 15813
2134.83 5142 14338
793 2011 6414
894 2499 7639
1280.5 2202 7198
627 541 1715
2765.17 7180 16732
1607.83 3679 11244
3015 3115 9983
1336.33 3187 10093
1843.33 4813 12362
1752.5 4326 12082
5943.33 8831 20283
451.5 461 1097
1186.5 2894 9279
361.667 1235 3252
2504.5 5819 15172
853 2086 6635
3063 3082 9983
1649 1796 5849
4250.17 6248 15821
1512 1823 6138
729 1613 5470
2587.33 6463 15870
2351.17 4637 13254
3151.83 4045 13152
1014 2556 8551
2629 3151 9844
498 640 1790
220.833 836 1798
314 495 996
1916.83 4594 12747
1227 1494 4963
2685 6270 16496
623.5 1197 4206
1165 2430 7691
1342.83 2289 7360
2148.67 4632 12830
823.333 2260 7285
835.5 2321 7478
387 751 1948
774.167 1326 4339
1488 1600 5512
837 1024 3101
2601.83 7379 16784
2150.5 4419 12306
860 676 1992
1817.5 4660 12236
5473.83 9368 20832
1261.67 3204 9650
339.667 700 1802
1994.83 4448 12404
4845.5 9491 20117
310.5 613 1399
1606.17 3729 11238
2566.67 7059 16046
933 2000 6695
2971.17 6188 15725
675.833 1949 5580
604 724 2688
1242 1166 3962
314 520 1589
587.667 1983 4891
1076 3224 9649
395.667 1426 3575
1095 1567 5029
1963.5 3099 9518
477 647 1974
2377 6552 16033
4020.83 8661 19486
2352.5 5848 15301
263.833 758 1750
1028.5 3434 10493
1675.83 4346 11762
821 2602 8272
706.333 1761 5434
1832.67 5134 13867
2012 1901 6427
1715 4339 12234
575 546 1623
519.5 1126 3196
475.667 2011 6106
1377 1328 4548
1551 1898 6174
2688.17 5153 14575
938 1940 6375
1187.33 1883 5688
396.333 1059 2895
2982 3279 10266
522.5 1987 5586
200.833 587 1289
152.5 686 1447
2920 3907 11943
343.5 827 2567
613 528 1600
1443.33 3857 10784
3310 7234 19221
709.333 1642 5238
2813 7114 16517
2908.5 7333 17891
422.333 2078 5039
441.667 2045 5534
3908.83 9537 21404
749.833 1910 5780
702.833 2021 6141
1418 1686 5795
4896.33 8931 19544
486 631 1705
399.333 1085 2914
1636.33 3129 9824
1881 4635 12537
416.167 970 2784
350.667 1585 4391
995.833 2534 8100
1581.67 2349 7753
1388.5 3326 10180
306.5 518 1088
1382.5 1578 5403
4067.5 6558 18007
3696.67 6353 17196
2164.67 5898 14366
1396.17 4175 11611
787.333 2655 8310
704.5 1940 6191
395.5 1086 2748
2178 4466 13094
171.167 627 1565
5321 6130 16194
383.833 1517 3792
6653.67 9569 21613
2236.5 5666 14418
3800.83 9256 19268
332.5 1027 2420
182.833 624 964
457 666 1856
529 1182 3786
1128 1158 3646
676 2105 6554
699 459 1215
508 615 1764
276 1011 2403
2688.67 3616 11491
589 549 1657
1050.5 2141 7008
255.833 852 1819
4320.17 10048 22026
403.5 981 3070
918 993 3274
397 677 2304
318 380 811
565.333 2393 7024
4353.83 9196 19881
686 813 2695
360 358 647
259.5 1159 2443
1587 4462 11802
202 528 860
187.833 961 1850
1174 1098 3571
1049.83 2516 8010
164.167 637 1398
290.5 1366 2952
1061 1159 3545
566.833 1322 4179
2110.67 2956 9313
1184.67 3103 9492
264 880 2135
117.5 382 0
202 491 653
436 320 745
998.5 1092 3420
281.667 770 2345
328.5 758 1784
322 409 820
472 295 854
438 256 0
297.667 1705 3683
396 329 636
366 358 688
466 281 369
478.5 1447 4274
246 459 978
516.333 1274 3893
290 401 760
476 267 297
904 603 1776
237 291 593
388 345 863
398 356 996
466 240 0
476 234 0
362 368 713
438 300 780
162 504 838
244 448 679
117.5 402 587
208 465 696
237 266 0


3650.17 7448 17254
3085.17 4731 13422
918 2645 8420
1441.67 3982 10814
3462.83 8765 18870
378.167 1052 2964
4091.83 8444 19034
2374.5 6228 15325
590 924 3020
3971.17 8949 19678
4834 9228 20141
372 739 2140
903.833 2635 7551
3160.83 5585 14897
1104.5 1833 6697
872 1006 3194
1215.33 3269 10606
876 701 2160
1700.5 3601 11461
1306.83 2599 8636
3596.5 6105 16445
2760.33 3307 11011
258 689 1491
1310.33 2834 9457
172.167 626 1234
1016 2442 7193
1944.17 6393 16456
3944.33 6647 17397
373.667 937 2504
4002.17 8772 19415
5010 8169 17941
256.667 761 2152
1475.17 5182 13660
1710.17 5284 14112
314 520 1589
423.667 1190 3457
399 1178 3450
1524.5 3918 11359
1717.83 3916 12127
626 893 2856
655 487 1717
2058.83 3147 10339
441.167 1187 4051
2333 3037 9655
497.667 1534 4490
2017.33 6095 14865
1939.67 6212 14444
3641.67 6669 16780
665 1316 4335
1777 2663 9199
509.167 1890 4924
402.5 895 2479
720.833 1686 5984
927 1414 4532
956.5 1572 5415
572.5 1866 5626
183.167 594 948
1319 3336 10714
1899.83 4213 12138
1205.5 1397 5397
1360 1700 6345
1911.33 4131 12894
394.5 943 3191
1723.83 3088 10294
397.5 1468 3856
1554 4915 13052
152.833 679 915
2400.33 5786 15748
2500.17 5677 14937
1269.33 2496 8142
1646.83 3809 11818
321.5 1378 3042
1465.5 3152 9652
1023 2194 7172
3057.67 8886 18565
2248.67 3550 11105
3632.67 5507 14670
1224.83 3056 9023
3256.33 7660 16992
1646.67 3505 11086
871.667 2712 8187
703.5 1540 4515
638.833 1806 5835
177.5 630 1306
186 530 1180
631.833 1779 5757
3372.5 8026 17606
4847.33 7937 17896
3709.67 8706 18408
596.333 2060 6796
933 1984 6372
1561.5 2054 6965
464.833 1658 4608
533.167 1899 6240
2203.17 4754 13345
1884.5 4727 13063
1905.67 4477 13084
596 519 1551
991.5 2268 7070
1489.67 3925 11078
451.167 1399 4173
418.167 1777 4602
1191 1514 5406
1297.17 2216 7429
555 594 1948
1029.17 2353 8028
1073 1172 3724
431.833 786 2405
486.333 1988 5637
1794.67 3388 10791
1638.5 3118 9815
707 760 2319
2086.83 5132 13361
719.167 1465 4497
588 545 1599
814 715 2235
315.5 869 2449
556.167 1596 4957
216 586 1223
1641.67 4258 12943
312 525 1373
2667 6309 15773
1036.33 1944 6577
648 485 1358
3480.83 6890 17035
1121.83 3191 9614
1109.33 3178 9317
639 472 1108
3301 8727 17598
1019.33 2423 7682
928.833 2233 6972
433.167 781 2331
2314.83 5311 14339
854 689 2094
877 1031 3248
563 546 1643
1605.17 2625 8681
483.667 1601 4903
281.5 1441 3700
1424.83 2664 9153
3184.17 4418 13421
307.167 1034 2415
1214.5 2823 8459
1483.67 3955 12024
271.5 1062 2218
2103.17 5047 14164
255.833 796 2143
4023.5 8443 18384
372.833 1527 3841
361.667 1598 4520
2992 4809 13670
5083.5 8725 20238
402.833 861 2548
2738.83 7104 16566
4900 9155 20568
6029.17 8690 20116
823 1070 3570
644.167 2524 7516
592.833 2286 7095
3176.67 8766 17926
4381.33 8315 18292
1027.17 3295 9473
242.167 792 1332
540 890 2581
1184.5 1362 4520
3868.83 6993 17859
3143 7093 16977
456 612 1807
336.167 1033 2466
356.667 1173 2963
380 1110 3372
1267.33 2674 8721
287 647 1551
563 568 1741
250.5 543 1441
414.5 1428 3514
270.167 753 1992
393.667 1259 3486
590.833 1844 6015
1502.83 3547 11005
661 483 1542
3693.17 9454 20398
217.833 500 884
550.5 1830 5346
3688.5 6888 17354
426.167 1400 3743
300.333 945 2399
366 1135 2992
1156.33 3387 9731
1431.5 5413 12052
915.667 2312 7130
526 495 1218
4778.17 8518 19690
894 660 2083
759 716 1996
272.5 512 1094
215 623 1191
605 514 1499
528.5 1670 4984
1059.17 2022 6712
4285.67 9619 21757
4018.33 5687 14991
1811 2470 8203
3879 8544 18071
661.167 1711 6156
2324.83 5544 14431
2415.33 5738 14632
899 614 1960
357.333 726 2041
1410 3029 9639
2288 5614 14509
1331 1368 4651
551 578 1732
349.167 1228 3013
4825.17 9863 21953
758 720 2204
261 663 1534
469.833 1462 4264
214.833 880 1416
499 590 1789
547 483 1257
935 960 3223
1481.67 4125 11017
255.167 862 1507
629.167 1774 5599
3385.33 9025 19475
318 593 1692
426.667 1410 4224
2230.83 5887 14244
918 640 2134
277.5 1102 2957
3016.33 5724 15951
801 1065 3437
601 1242 4332
370 1011 2596
4264.83 9424 20325
261.5 513 1082
1077 1160 3866
392 721 2094
231.333 818 1425
1062.83 3532 9893
1042.5 1558 5046
921 1979 6254
309.167 1070 2954
504.833 1121 3708
1000 867 3121
419 671 1841
836 671 1989
2841 7802 17163
5148.17 8146 17996
572.167 1562 5302
243.167 772 1367
493 758 2222
885 661 2412
1081 856 2973
701 792 2504
477 647 1974
208 465 696
276 669 1701
532.167 776 2337
476 234 0
476 267 297
744 1544 4764
388 345 863
319.5 723 1993
573.833 1544 4719
246 459 978
202 491 653
362 368 713
366 358 688
237 291 593
244 448 679
360 358 647
207.5 922 2028
466 281 369
398 356 996
554.5 811 2803
162 504 838
438 256 0
436 320 745
336.833 714 1971
415.5 827 2210
466 240 0
4477.33 9495 20782
117.5 402 587
603 530 1634
117.5 382 0
237 266 0
396 329 636
472 295 854
438 300 780
322 409 820
202 528 860
318 380 811
290 401 760


829.167 2328 7267
288.167 767 2088
227.5 482 727
360 792 2331
2049.33 3833 12168
1138 1609 5469
431.5 1015 3194
634 495 1341
1223 1691 6220
1897.33 4643 14355
727.667 2020 6146
1438.17 4349 13319
2973.5 5915 15975
1190.83 2170 6835
1231.33 2455 8225
400 812 2351
813.5 2300 6816
996.167 2705 8718
1762.5 2740 8893
1565 1468 4867
1140.83 3610 11308
654 506 1608
1604 1828 6502
1347 2061 6946
761 752 2490
1203.5 1943 6134
521.5 1236 3921
303.5 614 1474
2146.67 3173 11238
1434.5 3571 11869
1453 4142 11940
2005.33 3054 10165
998 1362 4713
213.5 513 1082
1286.17 2987 9543
1067.5 1170 3880
3326.5 5382 15846
4631.5 9024 20565
3023.67 7251 17184
2963.67 7044 16781
1231 1421 4841
1028.17 2683 8806
292 1012 2556
1617.17 3225 10720
1468.83 3966 13049
628 477 1180
4005.83 9044 20277
433.5 1400 4646
1424.67 2832 8921
1264.17 4631 13201
1582.67 3907 12784
4025.67 6510 17038
2569 3144 10431
1236 1098 3783
1971 2508 8556
1014.67 2303 7016
1278.5 2981 9497
378 741 1951
1406 1291 4611
1084.5 2235 6997
1873 1571 5852
6038.67 9546 21787
1169.5 3121 10321
766.167 2025 6796
2989.67 6558 17075
1107.33 3092 9969
1091 3203 10346
1824.17 3867 11870
911.833 1950 6363
974.5 2728 8607
2151 2446 8149
287 647 1551
3317.83 7681 19308
1087 2893 9011
1294.5 2111 7324
631.5 848 2889
1266 1066 3643
1428 2801 9166
2778 3325 11251
836.167 2745 8734
851 694 2368
2630.67 6169 16375
881.833 2649 8559
520 1468 4720
1815.83 3301 10741
1308.5 3589 11612
716.5 988 3098
5221.67 10385 22743
808 3162 8155
714 791 2566
426.333 1371 4592
998.333 3027 9529
666 466 1416
535.5 1205 3467
453 651 1640
452 1786 5449
592 1778 5057
692 1625 5605
834.5 1313 4462
518 602 1665
3521 3488 11923
727 788 2342
2121.33 4524 13880
2091 4797 14593
1906.83 6084 15170
907.333 2840 8973
2382.67 5753 15957
2667 3162 10578
482 649 1746
4961.33 9274 20817
5694.67 10281 22592
983.5 1239 4029
3726 9295 21072
1362 1505 5245
659 482 1643
1170.33 2505 8373
603 511 1427
197.167 561 1355
319.5 482 1240
198.833 532 973
742.667 2217 6382
957.5 2501 8067
508.333 1930 5655
2799.67 6733 16520
964 2892 9000
937.5 1958 6476
451 652 2242
538.667 1773 4786
1712.17 6224 13424
310.5 613 1399
1827 2209 7565
739.5 1976 6016
513 617 1832
1955.83 4320 13123
3407.17 6656 17923
1173 1116 3999
1416 1226 4083
1163 1552 5015
687.333 1660 5127
1591 1483 5580
865.167 2283 6900
2349.5 2483 8293
1509.17 2901 9181
1519.5 2906 9774
1291.5 2975 10076
2626 4340 13335
238.5 836 2235
376 1206 3920
1244 1083 3588
366.833 1248 3858
585 817 2417
2796.5 5952 16441
2969.5 6153 16790
692.5 1135 3778
966.333 1705 6040
306.5 518 1088
337 748 1742
416.5 661 1763
391.167 971 3044
152.833 663 653
1583 1477 5156
360.5 1290 3401
486.5 1011 3328
588 545 1599
2175.33 5461 15708
2669.33 5042 14942
2472.67 3550 11284
306 532 1361
212.167 867 1556
2247 2861 9571
4234.83 7288 19327
3513.17 7401 19748
226.333 839 1557
798 1454 4704
247.833 781 2010
696.667 2241 6122
794.333 2376 7461
238.5 640 1453
433.833 1181 3444
733 966 3178
385.5 1165 3188
3138.83 8569 19604
5102 8993 20014
478.833 1097 3334
302.5 995 2768
1856 1591 5869
733.333 2067 6360
444.667 1369 4342
3079.83 9133 18175
459 1277 4016
646 2342 6245
661.667 2349 7005
577 1147 3618
481 617 1674
334.333 740 1632
648 1508 4908
243.833 791 1565
741.333 1962 6174
2941.67 7891 16789
4920.67 10265 21469
568 549 1605
395.5 694 1816
484 628 1756
436 652 1671
859.667 1438 4717
348.667 1599 3156
639 472 1108
634 1510 4810
162 504 838
272.5 711 1531
640.667 1854 6010
627 541 1715
749 783 2570
171.167 607 978
200.333 886 1816
418 696 2106
3303.33 8037 17766
2323.17 5359 15105
5483.17 10029 21295
694 814 2630
258 689 1491
5875 9203 20777
622 530 1674
259.833 767 1723
314 495 996
787 1083 3343
1221 1030 3501
348 917 2594
498 640 1790
202.833 531 1275
790 2569 7109
790 3247 7224
202 491 653
595.667 1677 5876
243 545 1367
355.5 739 1671
466 281 369
472 295 854
368.5 770 2118
314 520 1589
476 234 0
164.167 637 1398
208 465 696
751 769 2428
5945.17 9701 21682
257.5 1208 2303
466 240 0
436 320 745
290 880 2242
366 358 688
117.5 402 587
670.5 1505 4743
665.5 1347 4420
202 528 860
396 329 636
368 669 1649
485.167 821 2812
551 578 1732
117.5 382 0
360 358 647
318 380 811
364.5 760 2040
170 686 1447
527.667 1314 4211
546 585 1599
492 908 3036
476 267 297
563 568 1741
334 973 3063
655 487 1717
246 459 978
322 409 820
438 300 780
388 345 863
244 448 679
438 256 0
290 401 760
876.667 2444 7614
398 356 996
237 266 0
237 291 593
362 368 713


423.333 1425 3882
182.833 624 964
444.833 1118 3826
877 2501 7493
710.333 1887 6943
1627.5 3480 11636
454 1006 2909
1578 3810 12139
2340.17 3224 11452
945.667 1957 6960
2043.83 5000 12847
1299.5 2021 7421
187.5 637 1398
1115 3202 10045
3952 8814 18516
3509.67 5221 14895
4864.17 7954 18637
1911.67 4598 12622
459.5 561 1505
1890.67 5205 13386
864.833 2123 7084
687 2385 6283
819 2314 7322
438 1418 3968
403 1394 3533
565.667 1546 5154
1104.83 3213 9138
2198.17 5015 14562
1834.67 4652 12556
505 602 1746
523.5 1582 4966
1084 3784 10601
1024.5 1432 5401
359.667 1013 3215
3773.33 9443 19216
524 591 1649
161.167 639 1016
575 539 1406
691.333 1703 5822
825 696 2328
2287.33 5394 16537
805.833 1742 6426
264.5 733 1767
1808.17 3108 9981
2296.17 4548 12626
2245.83 4640 13440
2748 4198 12991
2639.67 4037 12984
241.5 616 1289
744 2394 6945
1009 1459 5697
1084.67 3374 9485
687.333 2274 6285
280.167 782 2169
179.5 627 1039
1238.5 1760 6725
1065.67 2752 8672
1211.17 2826 9161
2161.33 6016 14948
440.5 547 1499
1291.17 2425 9213
1179.67 2580 8911
496 628 1815
1083.83 2691 8996
1369.83 2776 9540
452 1450 4276
2279.33 4721 13546
481 617 1674
1280.83 3434 11197
1293.5 2410 8695
433 653 1738
690 1127 3994
1046.67 2095 7561
151.5 681 1425
752 758 2356
486.5 521 1381
861.5 1347 4479
884.667 1565 5827
5272 8366 18965
4736.67 10432 21758
2193 4038 12206
1679 1985 7058
5137.17 9344 20169
395 1415 3732
1134.83 3304 10334
627 1883 5538
682.667 2090 6125
1892.5 3359 11396
962.333 2291 7904
625.333 1381 4906
2630.33 4441 12792
547 826 2654
979.667 2165 7357
3205.33 4863 13891
2293.5 4885 13588
4009.17 8160 18768
1258.83 2638 9305
430.5 568 1448
634.333 1469 5436
927.333 2400 7357
513 593 1859
253.167 776 1794
2558.33 6298 17467
5184.83 10180 21473
446 1107 3425
350.5 909 2657
272.5 1109 3280
691.833 1723 6256
778.333 3236 7408
1987.83 5622 13387
778 1120 4227
696 1657 5957
690.333 1783 6799
455.833 1368 4329
242.5 587 1289
151.5 661 838
1184.5 2880 9895
3951.83 9102 19115
4516.5 8520 19643
725 774 2596
2784 3994 12592
264.5 761 2094
162.833 666 1539
449.5 642 2040
1809.33 4536 12324
1933.5 3159 10749
589 517 1591
2110.5 5513 13673
376.333 1121 3524
987 2249 7708
1794.33 4763 12817
713 783 2362
4057.67 7891 18579
1229.67 2525 8991
860 1040 3390
1249.5 2831 9960
2661.83 4464 13005
850.333 1631 6188
292.5 1417 3781
531.333 2186 5959
1882.83 4178 12148
487 602 1580
1013.5 2065 7149
791.333 2555 8413
342.5 718 1661
335.5 475 1229
634.333 1889 5665
243 545 1367
622.167 1768 5191
597.5 847 2875
373.167 1547 4903
256.333 793 2383
929.667 3465 8572
502.167 640 1914
252.5 1096 2624
1064 3106 8425
748.667 2418 7248
792 2333 7067
2480 4943 13751
486 1901 5177
2223.33 4322 12297
2616.33 4585 12950
383.167 1497 4272
244.5 779 1684
563.167 2229 6010
563 546 1643
2710 3771 11824
246.667 870 2241
2021.67 6262 14997
3933.67 9351 20942
584 544 1556
548 560 1548
593 512 1807
823.333 2292 7354
957 963 3136
751 858 2989
409.5 602 1579
987 915 3207
5271.67 9336 21248
2556.33 4505 12827
2180.67 4673 13124
117.5 382 0
512 496 1298
615 715 2320
388.333 1414 3657
3103.67 5773 16764
4014.83 8819 19517
1249 2877 9510
436 652 1671
842.5 2554 7432
3783 8892 18895
583.667 1287 4132
506 835 2469
3265.67 7804 18426
571 1522 4814
496.667 1245 4017
465 1355 4664
426 655 1614
4924.67 7791 17784
663 2136 5922
1028.5 3339 8838
202 491 653
413 690 1930
214.833 864 1994
636 486 1501
213.5 513 1082
1888.33 5789 12848
340 576 1405
1719.17 5923 13151
1812.33 5795 13781
202.833 531 1275
360 358 647
722 782 2410
183.167 586 1223
855 669 2185
2460.33 6692 17774
300.667 1078 2578
555 594 1948
694 825 2393
290 401 760
426 677 1697
355 1191 3345
320.333 912 2507
359 758 1959
322 409 820
4118.33 9596 21417
117.5 402 587
472 295 854
655 487 1717
388 345 863
186 530 1180
466 240 0
208 465 696
436 320 745
353 696 1698
261 695 1658
202 528 860
448 635 1834
302 966 2753
237 266 0
362 368 713
4588.17 8896 20037
389 755 2149
476 234 0
442 1200 3651
7163.17 8957 20183
795 724 2402
396 329 636
198 627 1565
521.167 1086 3655
527 581 1567
318 380 811
899 631 2232
162 504 838
1110 829 2821
438 300 780
345.5 754 1859
398 356 996
438 256 0
237 291 593
797 700 2144
678.333 2428 6076
466 281 369
366 358 688
246 459 978
241.5 834 1985
213.333 619 1368
3934.67 9123 19031
476 267 297
244 448 679


585 472 1384
3486.5 4934 14463
3962.83 8992 19721
2141 3558 11402
1290.17 2837 8773
324.5 862 2431
582.833 1061 3446
1583.67 3330 10709
287.5 576 1295
2984.17 5046 14554
2551.83 5324 15000
276.167 753 2126
1333.33 4428 11757
2149.83 2905 9141
954 927 2828
236.833 786 1988
1200 1440 4911
991.167 2888 8463
1543.33 3385 10116
1317.17 3048 9257
2232 4284 13497
2958.33 5011 13799
399.667 1366 3251
887.333 2964 8104
257 562 1281
1301.83 3091 9332
659.167 2184 5542
588 533 1513
2088.83 5258 14834
921 954 2699
2048.83 5194 14089
846 2765 7751
854.333 2804 8045
1192.33 3970 10513
1152.17 3140 9256
5631.67 8637 19301
2991.5 6665 17370
2899.5 6439 16949
1327.17 4649 10593
391.333 1481 3678
626.5 1619 5033
684 2102 6730
729.333 2505 7503
5719.5 8729 19575
325.5 960 2745
1389.5 2849 8850
1560.67 4788 13788
2186.33 5024 14211
1804.33 2674 9109
1281.67 3064 9075
183.167 586 1223
1486.33 3513 10554
1516.5 4182 12540
2436.17 4783 13713
433 1343 4026
762.833 3216 8194
859.5 3384 9750
1102.17 2175 7640
1094.33 3038 8924
4921.83 8388 19148
1501.67 4341 11956
1302.83 2484 8374
5584.33 9312 21562
1335.17 3126 9556
4333.67 9598 21866
1518 1248 4143
414.667 1382 3769
4867.33 8576 18804
278.5 559 1272
653 2375 6693
583 530 1396
1098 871 3086
535 889 2469
2454.17 5460 14967
772.167 1976 5771
563 579 1850
1088 868 3031
2036.5 5281 14331
1369.5 2758 8529
665 1937 5315
1156.5 3298 9694
967 919 2762
868 1004 3067
558.667 2151 5315
639 2297 5908
1881.33 4030 12139
3912.83 7287 17987
2119.5 3978 12593
2395.17 3920 12979
1280 1406 4562
1623.17 4591 13417
1649.17 4010 11774
1968.33 4517 12912
797.333 2817 7600
621.333 2240 5491
333.667 843 2230
2616.83 5205 15131
719 1899 5607
2233.83 3112 9603
315.167 961 2438
4328.5 7094 17974
707 792 2425
801 726 2293
910.167 1787 5873
412.5 709 2192
5927.33 7780 19195
4593.33 8289 18750
627.167 1531 5138
256 591 1404
710.667 1808 5466
901.833 2078 7239
841.5 1878 6603
2705.5 3549 10960
4079.83 9518 20121
3033.67 5492 15723
954.667 2614 8437
272.5 512 1094
1495.5 2041 6636
1014.17 2468 7399
1862.5 2786 9119
1682.83 4065 12090
436.167 1121 2848
309.5 519 1338
898 1023 3378
3726.33 9898 19802
1095 1336 4527
457 666 1856
1200.83 3745 10587
1112.33 3020 8583
559.333 1173 3966
1274.33 3309 9935
1559.5 3131 10060
435.5 836 2227
687.833 1515 4580
742 1887 5551
1293.5 2828 8498
1607 1784 5543
2237 2395 8182
592 2005 5344
1510.83 4521 12252
642 875 2535
251 690 1598
4062.5 8832 18961
297.833 1383 3038
705.5 2028 6275
758 752 2309
416.667 1293 2906
1877.83 5508 16215
1055.67 3212 9240
884 640 2000
2259.67 3088 9717
2141 4589 13225
671 851 2290
305.5 534 1545
2508 7373 18650
1528 4135 11735
659.167 1955 5155
789.833 2492 7280
439 530 1384
313.833 1318 3122
430.833 1311 3452
628.5 1018 3132
1625.33 2156 7528
688 812 2490
1780 2061 6804
825.5 2076 7225
1058.33 2920 8488
1349.83 3225 9573
2922.33 6094 16438
179.5 627 1039
172.167 630 996
465.333 799 2285
451.5 461 1097
574.333 1312 3989
3716.5 9484 18948
269.5 733 1879
548.5 672 2103
502 609 1683
1421.5 3923 11600
1375 3196 9620
2256 3179 10483
212.833 905 2241
1125 2934 8665
855 1054 3456
390.833 1477 3542
476.667 1106 2844
3032 3884 11526
4401.17 8796 19211
623.833 1350 4327
4294 7072 17593
2326.67 7084 17816
694 785 2258
5122 9372 21129
1004 2342 7284
152.5 686 1447
839 713 2518
319.5 482 1240
512 619 1723
430 681 1772
577.833 1812 4866
200.833 587 1289
559.167 1078 3494
661 483 1542
1731 2061 6645
3816 8914 19076
369.167 1307 2768
454 653 1666
1443 1760 5488
4837.33 9885 22405
563 546 1643
5341.67 9193 21313
1160 2579 7699
324.167 696 1860
1281 3663 10100
1360.83 3584 11128
376 647 1631
393.167 1310 3018
180.833 579 881
663.333 2195 5738
411 669 1648
2209.83 6160 16767
496.667 1636 4815
897 669 2166
208 465 696
164.167 637 1398
5636.5 8737 20126
938 1001 2888
767 640 1914
770.5 1294 4213
325 580 1618
202 491 653
422 1366 4419
1077 1474 4742
440.167 1145 3367
405 695 2040
431.5 1255 3065
4430.5 8641 18729
1003 875 2665
593 512 1807
290 552 1246
360 695 1658
152.833 679 915
237 266 0
171.167 607 978
4136.67 8136 18713
913 957 2688
475 925 2587
1247 2534 7800
415.333 1743 4194
1215 1654 5231
231.333 824 1551
4095 8831 20890
954 961 2879
360 358 647
476 267 297
290 401 760
398 356 996
322 409 820
206.167 523 854
436 320 745
466 240 0
202 528 860
318 380 811
397.333 1416 3793
162 504 838
117.5 382 0
246 459 978
117.5 402 587
466 281 369
396 329 636
476 234 0
438 256 0
366 358 688
362 368 713
3873.83 9477 19553
320 758 2144
237 291 593
438 300 780
244 448 679
299.333 1307 2396
388 345 863
472 295 854


2009.17 3716 12232
265 669 1649
1297 4278 12715
1831 3811 11828
1347.5 2854 9046
773 720 2212
543 914 2554
1452.67 2427 8273
524.833 1376 4549
3060.33 4542 14053
2844.83 7127 17024
2257.17 5015 14616
3382.17 6712 17253
877.5 2368 7806
803.833 2585 7178
3327.5 8733 18453
426 655 1614
2218.83 4730 12987
636 486 1501
1880.67 5055 13218
2193.5 5674 15382
983 2004 6539
408.833 1092 3556
2016 2682 9037
1178.5 2232 7375
689.5 729 2433
265.333 1034 2918
1033.33 3402 9975
1037.17 2955 9136
1816.83 2693 9142
1774.33 2838 9563
1212.83 3841 10868
1009 1266 4491
1963.17 4920 13841
577 523 1579
2717.67 5122 15076
1022.17 2999 8282
198 627 1565
903 568 1807
409 665 1891
485.5 1636 5580
488 580 1618
4073 7547 18788
1729.5 2351 8407
2146.5 2205 7894
3161.33 5855 17118
3069.33 5650 16551
481 617 1674
1162 2466 8412
1889.67 3573 11691
2629.67 5579 15583
541.333 2101 5726
1232.33 2071 7668
1338.17 4077 11863
1422.67 3707 11743
290.5 997 2236
899.5 1092 4134
1161.67 2518 8259
1210 2144 7012
976.667 3011 8862
1192.67 2832 8519
440 1370 4334
360 695 1658
294.667 975 2567
390 1139 4106
3282.67 6770 18092
1716.83 4366 12733
1326 3881 11637
3110.17 6647 17083
629.5 1876 6448
5242 8962 20798
2194 2011 6833
1432.33 2784 8477
3674.67 8107 18438
522.5 765 2244
1904.5 3772 12340
587 1560 4565
824.5 1529 4872
275.333 1401 3243
5444.5 9116 21203
4109.83 9041 19619
500 608 1675
3187.67 9432 17940
170.5 683 1240
642 875 2535
1193 2171 6849
243.167 786 1675
1159 3350 10444
1776.33 4522 12761
3045 4657 13022
632.5 1033 3829
969 2599 8216
576.5 1000 3098
1111.5 1289 4792
225.333 1100 1926
275.333 1009 2519
622.5 1549 5117
2094.5 3273 11359
1158.67 3352 10398
1761.17 2376 8682
458 1990 4725
3990.83 8307 18887
950.5 2239 7270
3753.17 8416 18676
2908.67 6573 17081
1189.5 2927 10655
382.833 1264 3174
1912.5 5503 13533
1864.33 5690 14278
1356.5 1411 5221
1785.33 2740 9397
531 971 2552
1044.5 1341 4844
2599.17 5427 14820
2859.5 4660 13476
430.5 568 1448
967 3639 9319
2631 6150 15593
6608.33 8518 19036
3428.5 8864 18880
790 706 1971
2370.17 4754 13129
1551 2809 8596
642 972 2812
3749.5 4374 13017
324.833 1386 3340
4531.17 8453 18909
1301.67 4043 11830
783.5 895 3237
2033.17 5533 15377
1591.83 3492 10967
721 809 2514
700 773 2459
591 1685 6439
1038.5 1483 5177
556 561 1505
1209.5 1601 5770
266.5 1012 2199
2929.67 6456 16245
3269.67 9755 18912
621 507 1481
1050 2902 8767
1089.67 2228 7228
704 1334 4187
212.167 873 1914
2961.17 7705 17847
486.833 1355 4192
483 639 1772
850.5 2287 7705
431.5 1634 4679
199.5 582 1154
655 485 1430
2776.67 5309 16072
2512.17 4387 13010
2202 2010 6594
501.167 1620 5003
348.333 716 2199
1032 2506 7937
489.833 859 2380
756.667 2607 6841
512.5 1577 4509
785 2594 7762
778.5 2301 7126
763.667 2227 6860
735.667 1482 4762
3696.67 9131 22665
519 569 1559
1222.5 1933 6480
306.5 518 1088
984 1354 4475
1930.17 4763 13100
152.833 663 653
3248.67 7610 18006
917 2026 6518
484 628 1756
379.667 1214 3025
243.333 766 2158
1157.33 3358 9570
542 564 1691
2722.83 6367 15917
345.167 1277 3140
639.5 1558 5645
726.5 1640 5934
592 1573 4599
1320.5 2059 6898
421.5 1101 3562
1061 833 2680
561.333 2033 6053
427 592 1482
2173.33 4810 14026
466 281 369
482 1535 4474
1299.33 3418 10802
179.833 597 1347
318.5 490 1413
398 356 996
1453.83 2820 8805
516 608 1680
472 295 854
443 569 1526
623.333 2288 6479
946.5 1909 6455
396 329 636
3448.67 8337 18437
402 877 2334
539 547 1499
237 266 0
453 651 1640
202 528 860
625 826 2442
466 240 0
729.5 593 1819
208 465 696
2719.83 7899 17178
246 459 978
627 508 1723
4950.67 8549 19655
291 989 3021
818 694 2286
438 300 780
329.167 1278 3361
366 358 688
4420 8519 19349
769 751 2537
655 487 1717
319.5 482 1240
219 860 1583
388 345 863
438 256 0
269.167 731 2129
290 401 760
774 712 2234
322 409 820
117.5 382 0
162 504 838
3707.5 8737 18624
237 291 593
674 834 2492
476 267 297
244 448 679
202 491 653
206.167 543 1441
117.5 402 587
169.5 703 1008
318 380 811
476 234 0
362 368 713
436 320 745
4329.5 8675 19470
360 358 647


2615.17 6871 17717
364.167 1300 3045
584.167 798 2516
714 1978 5826
1026.67 2948 10351
845 720 2282
1548.33 4198 12875
745.833 2332 6609
728.833 1668 6054
1136.5 2878 8839
1334.33 4868 13105
1290.17 4931 13557
1418 1456 5086
2343.83 5561 14656
1038 2879 8730
2237.5 5149 14516
2262 5434 14522
892 3288 8524
273.167 742 1710
3552.83 6912 18155
2131.5 4088 12299
1989 4734 13040
1640.83 4108 12079
1890.17 2678 8762
982.5 1973 6549
2433 6273 16060
648.167 1605 4920
1144.67 1998 6643
3147.83 5008 13695
2694.83 5964 14883
760.667 2371 7374
2638.67 3802 11957
1479.5 3986 11002
3134.83 3744 11118
515.833 1262 4446
1917.5 3454 10927
1677.83 3408 10643
250.5 780 2166
2164 2761 8969
4448.67 9966 20394
6241.33 8841 21600
2321.83 3939 12345
1670.5 4047 11592
1670.5 4095 12386
1351 3871 10853
4025.67 6860 17367
5645.5 9456 21561
5983 9483 21766
3233.67 4746 13682
1449 4274 11110
675.333 2404 6888
334 827 2356
2209.67 6090 14724
2420.67 6492 15570
846 2215 6937
846 2242 7656
1356.33 2822 9128
318.5 490 1413
1193.67 2860 8841
4475.83 9897 20481
1754 1950 6269
1801 1956 6873
993 880 2698
1985.83 3585 11007
794.167 2252 6335
1224 2905 8929
519 569 1559
1955.5 3872 11082
327.5 875 2351
881.167 2448 8135
564.167 1174 3442
1765.33 2871 9298
268 947 2431
999 919 2994
2196.33 4332 13160
2431 5141 14142
473.333 1692 5127
6501.5 7575 18649
561.667 2410 6816
4517.33 9822 21310
981.333 2071 6625
1856.83 5503 14375
1745.5 2939 9272
1511.33 2232 7839
2723.17 4733 13357
1094 2083 6671
2832.67 5698 15426
4754.83 8666 20203
680.167 1664 4964
692.167 1993 5916
278.5 559 1272
890 1001 3456
666 466 1416
342.167 881 2403
334.167 739 2285
624 1810 5619
350 829 2523
2748.5 5785 15812
1461.67 3541 10448
4975.83 9118 20342
585 472 1384
1205 1809 6150
788 712 2212
424.833 1414 3907
1013.5 1302 4865
657.167 1798 5776
575 803 2296
237 561 1355
2836.83 6437 16911
409.167 1237 3335
2337.5 4921 13212
4086.17 8597 18700
1542.33 2170 7574
946 1410 4871
2033.83 3910 11989
245.5 793 1525
590.5 2049 5337
562.667 956 3037
2689.17 4083 13195
659 482 1643
5272.33 8007 19244
3325 6222 17267
265 669 1649
4146.5 8240 18511
170.5 607 1283
2501.83 5102 13573
2352.67 4138 12428
524 591 1649
1079.17 2751 8794
4462 8213 18784
459.5 968 3148
1267 1605 5276
2139.83 6451 15560
431 1421 4622
282.5 502 1314
256 557 1022
883 656 2459
311.5 623 1468
474 616 1763
1522 1535 5719
2074 5422 14299
5111.5 7683 18956
5007.5 7376 18619
394.667 1263 3432
563 549 1508
1016 877 2640
2008 4714 12912
312.333 739 2011
346 1350 3264
1011.83 3176 8348
227.5 482 727
593 530 1557
878.833 2881 7873
2106.5 2832 9336
922.167 2091 6817
3325 8886 19035
559 562 1528
2230 2190 7765
812.833 2138 6710
2785 5041 13601
1619.17 3905 11139
2905.83 4852 13535
389.167 1487 3947
2830.83 6715 16412
1614 2426 7925
418 1024 3245
306 532 1361
1503.17 4814 11391
3292.83 7986 17794
3958 10032 22025
652.833 2685 7055
395.5 1483 4161
146.667 681 1425
546.5 665 2020
1318.33 3635 10671
675.5 686 2103
722.5 1486 5025
4952.83 9471 20891
590 1129 3823
828 934 3107
615 524 1632
475 613 1550
2139 3785 11283
251 683 1557
311.167 1002 2474
1120.33 2047 7157
1545 3724 10976
305 635 1834
4250.67 9434 19888
4441.83 8222 18886
487 602 1580
277 595 1387
725 765 2319
680.5 1692 5392
1024.83 3246 8425
1022.17 3111 8156
199.5 582 1154
312.5 932 2350
1570.33 2733 8227
1839.5 2710 8857
371.333 1490 3520
380.5 569 1526
264.833 773 2057
2770.33 5739 15146
2717 5522 14694
3103 8314 18682
585 461 1097
258 824 2267
663 855 2632
190.833 581 1108
496 628 1815
379.333 1176 3082
239.5 851 2333
476 267 297
500 903 2921
208 465 696
290 401 760
542 564 1691
621 507 1481
588 533 1513
469 944 2550
1508 4601 11343
237 266 0
472 295 854
282 769 1790
546.333 1728 5319
205.167 887 1583
568 549 1605
505 584 1571
3199.33 5950 15838
1922.67 6172 14954
2925.33 6019 16118
290.5 540 1320
539 563 1415
5067.33 9286 20641
555 594 1948
328.5 720 1974
247.5 792 1746
561 575 1816
288.167 1022 2971
502 609 1683
319.5 482 1240
730 1209 4158
388 345 863
466 240 0
202 528 860
211.5 895 2345
655 485 1430
476 234 0
202 491 653
117.5 402 587
261 663 1534
398 356 996
438 300 780
324.833 991 2776
589 549 1657
466 281 369
237 291 593
3632.33 8642 19522
360 358 647
438 256 0
931 609 2037
318 380 811
396 329 636
117.5 382 0
244 448 679
200.833 587 1289
366 358 688
362 368 713
162 504 838
246 459 978
3778.67 9497 19841
322 409 820
436 320 745
695 444 1349


257.5 696 1698
1575 1575 5193
1073.33 3009 9699
814 3016 8051
1873.83 4559 12569
2228.5 3539 11284
956 1931 6088
1025.33 3358 9788
220.667 798 2040
551.5 1802 5369
3247 8532 19020
294 977 2561
2409.33 7365 15833
1809.33 3956 12553
904.833 2875 8846
2565.5 4937 14934
1282.67 3835 10704
1333.5 3978 11423
3528 8179 18106
764.667 2083 6294
2175.5 3760 11832
1497 3750 10520
840.167 2673 7625
1215.67 3630 10482
635.5 1962 5824
2043.5 5267 15308
1656 1760 5687
2016.17 5164 15011
1985.67 5173 14157
1598.17 4844 12548
3763 8640 19071
1536.83 3727 10819
853.5 2977 8567
241 721 1827
217.5 820 1534
589 517 1591
779.5 1023 3250
2207.83 4103 13126
517.333 1230 3548
1351.5 3793 11467
6190.5 9354 21104
636 486 1501
1298.67 3039 10095
994 1445 4736
888.5 1646 5346
1678.5 3624 10728
1128 3411 10321
729 787 2284
699 459 1215
2693.17 6598 15759
5231 9837 22043
552 566 1510
3680.17 7682 18440
845.333 2479 8240
319.833 952 3141
496.833 1747 5162
484 628 1756
900 1916 5815
886.5 1211 3850
421.5 901 2826
983.833 2338 8005
1101.5 1618 5247
440 684 1812
743 760 2166
251 683 1557
1144.33 1966 6398
6339.67 9639 21209
526.833 1665 4964
2712.33 6069 15618
518.667 1945 5384
354 711 1914
867 1025 3302
748.5 2720 7479
2564.17 6237 15668
655 2282 6811
762 2096 6442
1835.83 3469 10744
491.333 1473 4460
3398.67 6346 16350
1346 2252 7130
567 574 1776
287.5 1027 2796
789 2099 6828
2977.83 5166 15204
1158 2066 6430
2036 1906 6445
615 2333 6453
1847.5 3239 10333
619 863 2518
835.667 1743 5645
463.833 1085 3257
4072.83 9533 20636
6135 8258 18495
2394.83 5686 15493
490 1040 3534
1680 5247 13132
1219.17 3981 11571
1288.5 3812 10488
546.5 1897 5398
704 444 1581
4856 9633 21100
576.667 1663 5380
4482.83 6310 16792
1177 1509 5086
845.833 2053 6408
1185.17 1980 7038
353 810 2434
1175.17 2866 9288
1205.33 2467 8069
1088 1217 3944
673 789 2204
1878 2247 7421
202.833 531 1275
687.833 2085 6274
2863.67 5743 15862
2999.5 5650 16240
765.5 2782 7982
566 1728 5639
3959.17 9543 20177
773.667 2277 7552
854.333 2474 8798
768 967 3148
4458.5 8745 19160
2741.83 6621 17681
432.5 483 1257
1714.17 2892 9459
1889.17 3140 10598
496 628 1815
1289.67 3308 10091
1209.17 4334 11131
512 496 1298
616.333 2060 6063
2037.83 6135 15080
731 755 2163
1895 2165 7077
657 846 2627
3179.83 6076 16347
946.667 2991 9489
306.5 518 1088
515 527 1318
354.333 693 2144
3995.17 9060 19949
717.833 2380 7448
2814.5 6525 15793
1494 1551 5168
1727.5 4914 13453
584 544 1556
4032.33 10013 21115
497 569 1507
4937.83 8502 18508
901.5 1811 5778
2213 2723 8806
1738.83 4691 13081
1864.5 3757 11133
1397.17 3915 12540
1706.17 3307 10281
406.5 1319 3421
6457.5 9398 21658
559.5 1177 3663
368 669 1649
2112 4441 14355
868 1023 3329
882 1708 5533
4671.17 9059 20712
2014 3005 9607
3009.83 5627 15608
876 998 3228
310 530 1447
2618.17 4963 15088
511.667 1894 5298
464.5 1248 3991
956 2179 6865
2100.83 3546 10852
519.5 1308 4325
1824.33 3329 10706
655 487 1717
380.167 1524 4434
677.5 1490 4854
797 727 2238
523.5 1504 4736
418.5 1341 4048
1555.67 3691 10621
724 806 2423
426 655 1614
196.5 895 1669
946 591 2129
859.333 1845 5797
555 594 1948
322.5 799 2252
679 463 1275
1207.5 2273 7634
1996 1932 6375
1523.17 3623 10518
2006.17 5108 13766
1843.83 3771 12016
4211.17 9502 20708
1055.5 1407 5000
843.833 2183 7013
382.5 495 1218
282.667 1058 2721
1706 3578 11023
212.5 854 1533
410 1403 3623
430.333 1382 4391
466 645 1680
179.833 597 1347
4335.67 8301 18466
1159 1779 6007
950.833 2738 9075
963.5 2954 9158
925 953 3193
1027 855 3156
1020 895 3289
763 770 2669
3193.83 6440 17970
440.5 547 1499
3369.17 6365 16798
528 1920 5475
238.5 640 1453
3448 3542 11432
5256.17 8312 19472
213.167 916 1882
568 549 1605
2880.67 8327 17808
284.5 1422 3389
4058.17 8345 18482
217.833 500 884
513 593 1859
454 653 1666
332.167 1316 3355
356.833 1637 3545
269.167 731 2129
322 409 820
318 380 811
880 676 2244
4576.5 8788 20375
729 806 2517
395 688 1798
661 483 1542
202 528 860
442.167 1768 5182
4046 6895 17983
593 512 1807
3860.17 9061 19171
249.5 1138 2529
840 2076 6414
360 358 647
1070 1152 3638
388 345 863
700.5 2226 7128
1138 1158 4047
366 358 688
274.167 690 1583
254.167 865 2117
945 930 2992
340 690 1598
314.5 1342 3090
1159.33 2267 7405
162 504 838
3632.5 8392 18135
713 790 2402
472 295 854
746 749 2209
403.167 1144 3185
780 733 2426
146.667 661 838
438 300 780
229 738 1816
244 448 679
314.5 857 2140
585 461 1097
476 267 297
362 368 713
237 291 593
290 401 760
436 320 745
246 459 978
466 281 369
3908 8841 19742
427 665 1692
466 240 0
476 234 0
474 626 1664
117.5 382 0
117.5 402 587
202 491 653
206.167 543 1441
396 329 636
409.5 602 1579
398 356 996
734 771 2342
208 465 696
438 256 0
237 266 0
512 619 1723


1350.83 2705 8770
752.667 1844 6058
620.167 2062 6101
547.667 1847 5606
567 574 1776
827.167 2566 7552
774.167 2357 6965
1164.33 3394 10055
904.667 2127 6862
340.667 1193 3125
1862.33 4518 13304
2625 6142 17495
875.5 985 3236
523 1247 3918
1931.83 3855 11836
1394.83 4007 12378
1365.5 2685 8739
932.5 2518 7308
1465.33 2543 8487
659.333 2016 6545
1005 907 2963
923 1124 3867
2811.83 5188 14680
3253.33 5444 15583
1526 3910 11266
2183.83 5576 14992
287.833 1024 2532
175.833 624 930
4334.5 7457 19251
4352.67 6937 18996
4348.33 6945 19715
1157.5 4059 11422
845 2474 7140
1123.5 1662 5232
639 516 1622
1151.5 2313 7570
182.833 624 964
891.5 2599 7753
744.5 1998 6101
3303.17 6027 16643
754 728 2238
1142 3309 9664
1481 1240 4632
858.833 2525 7549
527.667 1964 5701
1208.83 2274 7135
2088 1757 5940
1605 2514 8169
1620.17 4847 13611
1557 2116 7153
2902.33 5688 16440
4188.83 7111 18551
1623 2235 7526
1156.67 3486 10691
1621.67 3378 10885
1919.67 3257 10385
905.5 2674 8483
565 2219 6130
2779 2989 9434
401.333 1419 3594
2805.17 3500 11577
1560.67 4139 13086
1545.17 4105 12585
756.667 2616 6681
811.167 2167 7061
3582.5 4347 13298
859.167 2801 9130
1523 2630 8613
1153.33 3837 10918
1826.5 3927 11492
599 867 2477
1113 3244 9194
457 666 1856
2727.67 5381 15338
1010.33 3252 9577
1602 1902 6351
806.833 2069 6550
1095 859 3072
508 615 1764
2092 1830 6140
1484.83 3458 10456
1700 2203 8110
950 2549 7787
209.167 554 1583
1850.83 4802 13963
955.5 2537 7905
315 513 1028
3812.33 7600 18749
2977.67 7507 18004
750 733 2229
504 601 1684
3450.5 5673 16273
2221.5 6747 15069
2278.5 6725 15863
1156.67 3419 9979
2786 2634 8776
1337 997 3614
556.5 1236 4502
1412 3038 10189
292.667 947 2158
506.333 1273 3798
610 855 2609
477 820 2308
451.5 472 1384
589 517 1591
309 1001 2717
256.833 860 1695
538 1441 4584
332.167 911 2583
852 651 1899
604 746 2386
632 2090 6203
4144.5 9749 21764
1026.67 1961 6200
413.5 1391 3850
790.333 2728 7341
246.5 893 1994
747 738 2301
305 635 1834
2164.33 5731 15032
738 767 2503
1737.5 3563 10997
2331.67 3587 12227
1831.17 4838 14630
419 671 1841
281.667 1018 2083
2325 2530 8549
515.333 1174 3780
1340.83 3571 10958
1966 4597 13497
3308.17 8381 20443
2094.17 4480 14368
563.667 1390 4658
2394.67 5859 16294
1679.17 2625 8734
816 708 2077
591 1691 5742
681 817 2485
258.167 780 1971
386.333 883 2946
2568.33 5543 15075
1569.17 3924 11363
665 496 1563
257 719 1632
1567 3844 11095
1317 4428 12036
488.667 1580 5188
344.167 932 2797
298.333 764 2035
3613.17 7268 17838
1876 2975 9182
571.167 1915 5771
3660.83 6712 18198
401.667 1518 4144
4622.83 8997 20781
774 712 2234
1848.67 3840 11396
214.833 535 1450
462 1233 3787
568 549 1605
937 1012 3271
639.5 1433 5062
656 655 1926
605 514 1499
2516.67 6635 16906
1629 1803 5987
1312.5 1937 6246
314 520 1589
4682.67 9794 21770
1275.5 1952 6605
4731.17 9545 21922
605.833 1551 4983
372 723 2144
1985 2034 6723
2099.83 3425 10902
957 2366 8090
642.5 938 3139
1083.83 3487 10764
741.5 868 2697
521.167 1073 3031
441.667 1255 3758
2459.17 5509 14902
305.5 534 1545
2156.5 3004 9269
569.5 1215 3875
1158 1103 3757
542 564 1691
376.167 1180 3535
170 686 1447
976 954 3294
626.333 2255 6263
309.5 519 1338
276.5 1403 2458
822 664 2534
1176.33 3543 10840
1287.5 3143 10273
1147.5 1555 5290
609 1071 3241
1278 1413 4718
635 840 2477
719 1156 3461
451.5 461 1097
743.667 1824 5806
1378 3938 12035
484 628 1756
4203.83 9815 21789
335.5 475 1229
2225.17 6083 15387
2362.83 5490 14725
579.5 1128 3447
261.667 1131 2363
6122.17 9947 22336
1221 1041 3826
1492 1178 4606
164.167 637 1398
476 267 297
5891.5 8704 20496
849.333 1975 6313
1348.5 1923 6135
774 702 1974
434 1102 3023
1348 1358 4854
1326.17 2550 8165
3450.17 7288 17744
2480.17 7266 17042
259.167 808 1985
806.833 2618 8116
237 266 0
787.667 3006 7341
162 504 838
549 771 2299
308.333 730 2210
366.333 1142 2846
202 491 653
2129.83 5498 14826
442.333 1317 4327
477.333 1560 4453
6584.67 9402 20820
388 345 863
897.333 2488 7289
2571 2101 7561
264.833 1092 2423
151.5 661 838
202 528 860
366 358 688
244 448 679
436 320 745
1263 1598 5408
5324.83 9945 22268
477.5 957 3026
237 291 593
275.5 720 1919
603 530 1634
438 256 0
146.667 681 1425
117.5 382 0
1907 1573 5535
296.333 939 2018
208 465 696
472 295 854
358 797 2258
2273 1989 6732
466 240 0
290 401 760
398 356 996
306.5 518 1088
2605 3786 12230
476 234 0
117.5 402 587
246 459 978
396 329 636
362 368 713
322 409 820
438 300 780
360 358 647
318 380 811
466 281 369


1145.67 2580 7740
5212 8845 20169
213.5 513 1082
614.167 1990 6661
897.5 2403 7388
652 1533 4886
1878.83 5870 13809
1033 3067 9353
444.333 1183 3218
1010 2269 6909
3159.33 5707 16612
1940.5 4624 13279
1223.5 2707 9539
889.167 2550 7648
1066.17 2959 8862
1780.33 3588 11390
4807.83 9398 21303
1042.5 2830 8220
217.833 500 884
463.5 965 3023
2831.17 5110 14354
2467.33 4796 13662
3876.83 9506 19202
398.5 785 2503
2131.5 2660 9025
2745.83 4072 12313
2191.33 5553 15097
595.167 1877 4940
483.333 1269 3548
2983.5 5724 16620
2024 4865 13618
724.5 1860 6149
327.833 940 2606
1254.67 2421 8761
3355.67 6458 17263
696 1491 4783
1622.83 3319 10681
980 918 3099
2186.67 6924 16351
507.333 1626 4264
883.167 2647 7892
3129.5 5264 14777
1868.17 3557 11633
4723.33 8348 19643
1369 1717 5758
1690.67 4816 13131
1785.67 5377 13362
1738.33 3807 11889
1582.83 3115 9786
1067.33 2409 7711
1320.5 3811 10924
989.333 2931 8363
1538.17 2218 6954
641.333 1680 5500
1116.17 2774 8132
2090.33 5117 14319
1365.33 3490 11094
992.5 3296 8376
4623.17 9479 20941
5635.33 8178 20191
274.5 1055 2205
2443.5 6722 15672
3580.5 9453 19022
2430.17 6239 15320
2345.67 6734 15506
2279.33 5669 15135
1688.5 2269 7493
704 444 1581
741.667 1561 5122
577.833 1402 4621
1618 1828 6584
4093.33 7827 17982
1819.67 3370 10887
555 1917 5597
2724 2695 9234
305.5 534 1545
1070.17 2823 8417
179.833 597 1347
1076.17 2896 8512
2480.5 5627 15875
243.833 818 1827
507.667 1349 3641
1520.5 3417 10429
1170.67 2815 8602
3791.67 5577 15415
1135 1151 4137
2001 5371 14926
591.5 1024 3364
788.5 2466 6870
1309 1331 4427
1141.83 3212 10265
1108.67 2911 9247
2133.67 4995 14032
2009.83 5106 14267
1121 1173 3515
2964.67 5347 14407
4434.83 7660 18190
393.333 822 2803
471.5 2063 5729
581.667 2193 6092
623 938 2857
604 1239 3640
536.5 1261 3539
309.667 1302 2378
271 550 1431
262.833 759 2134
744.5 1259 4033
2138.17 4516 13165
2776.83 6941 17864
1294.33 3564 10754
716 708 1971
1430 4201 12812
171.167 627 1565
245.5 798 1758
4291.17 9716 20396
437.667 1636 3413
2942.33 6733 16309
636.5 1010 3306
1091.67 3412 9649
468 1676 3845
4762.67 7514 18815
171.167 607 978
4679 9324 20831
1604 4108 12524
865 2651 7815
976.167 2468 7423
823 1333 4111
796.5 1418 4949
1305 4065 10925
1371.5 3156 10089
452.5 1009 3021
3651.67 6725 17375
2950.83 6729 17968
607 755 2124
1150 1820 6245
1832.67 5263 13709
334.5 910 2213
2140.83 3873 12121
502 609 1683
654 506 1608
2091.33 4707 13428
515.333 1475 3830
865.167 2332 7115
4739.17 9096 20423
4209.5 4667 13691
4515.5 9758 21080
266.5 598 1571
513 617 1832
378 741 1951
509 586 1614
483 639 1772
2406.17 3548 11123
1116.5 2324 7421
4279.33 7949 18021
2576 2989 9826
2958.83 6504 16031
370.5 669 1723
324.167 1102 2475
547 600 1806
1111.83 2718 8100
245.5 531 1275
3588 5609 15471
4102 5549 16101
2898.83 4705 13984
2985.83 4680 14353
704.667 1345 4292
1662.33 4933 13221
497 605 1631
799.667 2763 7775
780 736 2377
449.5 1676 3784
3600.5 4113 12700
400.833 1226 2981
741.5 1857 6709
1923.5 4473 13041
1060.5 1525 5282
595.5 1728 5786
484.667 1941 4053
334.5 465 1154
2807.83 5153 14399
162.833 666 1539
318.5 490 1413
770 757 2241
591.167 1908 5402
4673.33 8420 19098
552 580 1588
845.833 2296 6774
541.333 1620 4733
685.5 1452 4629
622 530 1674
354.333 1330 2737
753 1625 5173
465.667 1109 3499
371.833 1291 2870
888.5 1640 5625
1386.5 2219 7085
912.5 3149 8073
7497.83 9864 21863
398 356 996
3796.5 9693 19803
319.5 482 1240
2639.67 8123 17598
3977.83 9640 20045
780 733 1977
508 615 1764
482 2002 4529
1007.83 1817 6224
3324.33 8221 18263
1011 3055 8568
413 690 1930
588 545 1599
731 776 2261
615 524 1632
1918.83 3110 10054
568 566 1590
419 671 1841
659 482 1643
472 295 854
400 826 2840
526 1328 3899
433 1130 3079
395 688 1798
796 717 2042
301.167 1347 3038
416.167 1196 3336
444.5 1487 3350
2571.83 6272 15931
545 1323 3585
461.333 1966 4196
820.5 2591 7187
560 576 1587
210.167 916 2192
601 1722 5113
756.667 2930 6780
596 519 1551
784 2678 7357
666 466 1416
648 485 1358
540.833 1763 4463
381.5 1146 2937
589 549 1657
237 266 0
1204 1108 3832
3627.33 7950 18449
627 508 1723
4924.17 7775 19903
663 743 2170
844.167 2479 6880
204.667 593 1117
152.833 663 653
510.833 1096 3170
557.833 1415 4258
326.5 1000 2503
284.333 1366 2299
3984.67 8859 20322
4472.17 8856 18674
1239 1097 3690
117.5 402 587
202 491 653
2017.5 1691 5918
898 680 2142
208 465 696
246 459 978
362 368 713
438 256 0
374.833 1309 3291
340.833 1032 2730
1053.5 1325 4086
466 281 369
162 504 838
5668.33 9844 21437
2756.33 7095 17324
202 528 860
476 267 297
621 507 1481
360 358 647
206.167 562 1332
4559.33 8721 19270
318 380 811
117.5 382 0
695 751 2195
754 770 2460
322 409 820
915 964 2929
318.333 1101 2311
1215 2632 8151
5956 8119 20287
396 329 636
388 345 863
336 744 1649
312 525 1373
244 448 679
237 291 593
476 234 0
438 300 780
904 983 3185
466 240 0
436 320 745
290 401 760
366 358 688


1533.5 4378 12106
902.833 3047 9138
818.167 2872 8735
1454.33 3227 10543
2351 3000 10414
4432.5 8781 20693
3620.17 7112 17908
1317 2260 7534
1779 5092 13484
706.5 2787 7967
2671 6093 15646
1369.67 3337 10834
1318.67 3460 11553
971 928 3076
950 1709 5530
909 2291 8357
2368.33 5030 14209
2385.5 3441 11042
965 917 3007
238.5 640 1453
680.667 2149 6240
256.667 766 1606
419.833 954 2755
921 959 3351
373.667 1213 3072
722.5 1236 3487
2675 4487 13119
913 2657 8923
289 637 1526
839 700 2117
894 701 2120
819 1008 3427
1729 3909 12086
3219.5 7330 17906
2753.5 7264 17193
2967 4889 14604
1387.33 3652 11642
2149 2440 8385
552.333 1909 5597
849.667 970 2828
587.5 1561 4663
2024.67 3527 11599
326 1128 2564
258 689 1491
2016 5270 13954
2768.83 6071 15848
553.667 1129 3476
695.333 2056 5734
2852.83 6687 17218
653 837 2408
1107 1139 3639
770.5 1983 6039
3262.5 10244 17935
1356.83 4227 11603
932.833 2259 7058
755.667 1712 5993
654.833 2655 7604
697.167 2875 7762
560.667 1386 4387
808 709 2373
986.5 1378 4815
1182 1148 3885
1290 3004 9256
269.5 1100 2544
686 816 2324
1745.67 3953 12952
719 780 2379
693.5 2613 7118
582.667 2131 6172
2778.83 6900 16872
5728.5 9395 20921
892 652 1934
4308.67 8771 20054
3039.83 5598 17472
1155 3247 10047
1115.17 3934 9734
1128.67 3889 10321
541 1179 3139
2090 2123 7697
334.5 465 1154
231.167 823 2201
310.667 1380 3836
2798 6110 16192
632 875 2411
2308 3170 10447
453 651 1640
3121.5 4558 13647
2517.33 4608 14252
2990 8913 17604
513 593 1859
657.667 1735 5682
2498.5 5338 15341
3335.33 5418 15442
686.667 1454 5303
440 684 1812
2292.83 5555 15074
5059.67 9451 21784
2185.5 6428 16272
4456.17 10198 21327
679 2467 6929
1134 1161 3758
151.5 661 838
779 1944 7004
2340 3900 11939
3577.67 7132 18477
653.167 1596 5124
1199.5 2572 8638
2662 6014 15635
370.5 669 1723
2009.67 4796 13947
806.5 971 3064
1392 1300 4918
1003 1304 4924
4741.33 9488 21182
1132.83 1745 6096
745.5 894 2706
206.167 543 1441
868 857 2747
262.5 749 2055
546 1077 3349
723 1177 4070
361 1285 3240
1278.17 2809 9075
4806.5 9254 20826
5055.83 9945 22785
774 732 2399
914 967 3140
1618.33 4843 12148
1137.17 3277 10823
314 520 1589
1271 1088 3867
3349.5 8409 18736
1709.33 3212 9593
3601 4438 13055
2197.5 6025 14181
5876 9601 22111
736.333 1023 2972
316 1309 2653
3872 9786 20526
3868.33 7702 18912
551 578 1732
562.5 1318 3491
663.5 715 2292
614 1571 4682
322 1290 3030
1188.17 2517 8376
800.833 1840 6473
1878.17 4494 13621
1137 1992 7292
447.667 1351 3467
4406 9738 20271
1148.33 2614 8782
1315 2717 9583
2630.83 7823 16415
1304.17 3468 11247
874.5 1739 6035
558.833 2342 5861
3942.83 8771 19924
305.5 534 1545
1131.33 2085 7385
3924 8519 19316
537.167 1081 3068
638.833 1267 4350
303.5 614 1474
2921.5 5274 15030
636 486 1501
492.833 1714 4988
666 466 1416
1880.17 4854 13830
561 575 1816
326 694 1675
601 878 2606
588 545 1599
366 358 688
3797.33 9972 20870
481 617 1674
2141.5 2467 8735
796 1167 3488
1118 2936 9237
659.333 2308 6232
651.167 2463 6324
2851.33 6339 16202
170 686 1447
488 580 1618
1934.83 6116 14275
659 482 1643
443 1377 3450
928 1368 4704
556.333 1780 5323
3425.17 9794 20158
312.667 915 2481
379.333 1133 3010
490 899 2285
677 823 2350
322.5 918 2555
733.167 2087 6387
805.167 2300 7963
618 489 1240
498 640 1790
312 525 1373
2012.67 6232 15891
568 806 2239
918 650 2135
151.5 681 1425
505.5 1348 3750
261 695 1658
466.333 1126 2903
217.167 853 2187
472 295 854
980 955 3145
660.667 2323 6596
338.167 1225 2914
2649.5 6562 16801
1194 1102 4042
848.667 2748 8008
3321.67 9702 17987
1617 1812 6113
590 877 2442
591.667 1517 4651
567 880 2498
537.667 1575 4387
621 507 1481
3517.17 9581 19633
563 568 1741
152.833 679 915
244 448 679
2115.67 5551 14030
1773.5 5054 13423
1032.67 3044 9269
1257 1398 4928
447.667 1383 4305
522.5 1246 3467
697 792 2503
208 465 696
362 368 713
402.5 703 1953
245.167 778 1652
466 645 1680
250.833 787 1850
1365 1930 6759
2611.33 8073 17318
641.667 1639 4820
924 972 3369
290.5 540 1320
590.833 1672 5041
427 665 1692
598 1464 4671
164.833 639 1016
180.833 579 881
290 401 760
667.5 1720 5157
433 653 1738
3886.17 9426 19656
542 564 1691
424.167 881 2230
491 624 1720
436 320 745
1203 1053 3547
355.5 712 2192
318 380 811
476 267 297
485 924 2595
202.167 565 1300
360 358 647
117.5 382 0
246 459 978
200.833 587 1289
237 291 593
616.667 1323 4551
237 266 0
552.5 1792 5022
396 329 636
466 281 369
438 256 0
476 234 0
117.5 402 587
466 240 0
696 815 2339
438 300 780
398 356 996
202 528 860
162 504 838
322 409 820
603 500 1166
202 491 653
470.833 1096 3041
388 345 863


318.5 490 1413
171.167 627 1565
3532.5 4623 13844
1121.5 1606 4730
1072 1192 3654
398.5 703 2172
823.333 2707 8010
2829.83 4204 13002
419.5 787 2561
881 2053 6013
1016 2246 7394
1307 3890 11251
2964 4139 12737
2145.5 3568 11691
2291.33 4722 14497
2534.33 7048 15717
5180.5 8285 20242
1709.67 3687 11442
472 295 854
366 358 688
319.833 978 2713
1412.67 3266 10336
646.333 1608 5087
428.833 1003 2992
1211 3787 10281
428.333 1131 3497
1056 2904 8929
2488.83 4351 13175
969 1711 5400
1754.33 4597 13502
2589.33 6621 15822
2709.67 6704 16956
3270 8272 17835
476 780 2187
1012.17 2459 8000
3484.83 6743 17666
1588 4505 12208
310.167 1381 3753
438 300 780
1711.83 3505 10791
614 2143 5722
3404.83 7799 19318
1111.5 2390 7638
362.833 1642 4131
3952.83 9951 20864
1971.17 4323 12617
2186.83 6247 14883
916.167 2163 6773
1305 1836 5557
1794 1672 6245
1014 1370 4542
787.5 2252 6749
3315.5 5866 16178
1513.5 1619 5205
380.5 1156 3326
2944.5 6181 16359
680.667 2268 7328
2279.33 4731 15033
1581.33 3180 10492
476 267 297
772 2586 7404
2348.17 4502 13828
2964.5 6366 16527
1336.5 1806 5685
530.333 2152 5300
4874 9398 21181
2540.33 4327 12772
907.5 1935 6414
1438 2700 9867
1878.5 4213 11806
1047.17 1848 5789
1128.83 2066 7397
170.5 679 915
1043.17 3086 9431
837 1069 3187
827.667 2601 7449
882 2545 8657
1189.17 3246 9523
1440.17 4525 11273
547.5 1297 3749
1548.83 3573 10699
1599.33 3813 11058
498 1247 3519
1901 3468 11160
2932.5 6193 15620
4463.5 10095 21515
1622.83 3548 11037
1720.5 3469 10749
1727 2571 9017
480.333 1442 4523
1071 2786 9174
747.5 2161 6045
893.667 3371 9849
464.167 1858 4796
308.5 514 1456
175.833 624 930
3643.5 6649 17239
2636.17 7206 16819
1433 1882 6054
1110.17 1728 5522
385.833 924 2721
3284.33 4288 13774
1363 1671 5147
512 619 1723
1521.67 3677 10795
1402 2923 9542
832 2405 7909
1931.17 4003 11830
2102.33 5227 13524
1103.67 3408 10053
1123 2333 7692
4851.33 9635 20566
1685.5 1883 6167
890 1047 3495
411 697 2092
1532 2351 8117
745 2645 7942
1030 2072 6646
1277.83 4235 10628
3758.33 6823 19044
750 1093 3294
2840.83 6194 16113
2476.5 7173 15494
968.5 1978 6633
910 970 3124
1424 1609 5204
1683.5 2304 7714
3281.17 7804 17678
765.5 981 2811
1192.67 3444 10099
635.667 1729 5023
2017.17 3809 12033
271.333 1120 2156
720.167 2027 5719
3389.17 9649 17961
1987 2223 7612
840.5 2202 7273
305.5 534 1545
314 520 1589
392 903 2733
861 2088 6731
2482.5 5185 15329
563 1694 4867
1242.33 3574 10344
1564.5 3926 11268
2208.83 5752 14741
4383.5 8980 19976
4419.67 9222 20313
1416 1863 5857
642.667 1732 5256
1314 1001 3251
3061.17 5816 15758
720.167 2162 6144
1492.5 2219 7505
924 3208 8662
321.5 1324 3294
3141.5 6651 16840
818.5 2999 8245
3144.5 6325 16844
2166.5 3400 10524
1142.5 2672 8789
3783.17 6625 17676
626.667 1634 4752
1189.67 3036 9718
568 549 1605
880.333 1199 3944
1202.17 4050 10261
764.333 2634 7978
577.667 1807 5520
1382 1650 5313
4033.83 9828 19646
456.5 1356 3900
961.167 3186 8755
903.5 3345 9250
1449 1258 3972
287.5 1030 2965
2666.83 6286 16337
421 1069 3111
943 584 2034
780 2249 6733
366.167 1272 3256
1223 4024 10538
1288.67 3899 11131
2155.33 3985 12699
1355 959 3160
565.667 1270 4120
652 2513 6216
833.333 2402 7362
956.833 2603 8749
466.5 1304 3686
692.667 2255 6166
497 605 1631
1182.83 2745 9364
2361 5328 15408
1000 896 2799
3420 7798 18829
628 477 1180
4626.17 6542 17137
334.5 950 2546
3248.83 6158 16604
2952.5 6807 17386
5896.33 9767 22016
1047 910 3075
920 984 3187
345.5 831 2291
797 1907 5606
396.667 1362 3548
296.167 1014 2153
2221.17 5632 14443
2680.67 8659 17130
179.833 597 1347
287.167 1071 2563
627 541 1715
504 601 1684
570.333 1864 5064
346.5 752 2014
808 709 2373
330.167 941 2422
1062 1194 3855
670.5 2044 5827
1202.83 2478 8301
1317.33 2884 9381
563 579 1850
491 624 1720
1748.83 4733 13020
685 2473 7339
1896.5 5486 13859
792.333 1851 5532
891 661 1977
800.667 3212 8795
405.5 1893 5263
1364 1659 5107
371.667 915 2707
189 855 1876
837 674 2088
4270.83 9866 21029
362 723 1838
932 947 2839
152.833 663 653
5225.83 9649 21609
654 487 1363
210.667 808 1583
337.5 937 2561
896 1980 5627
561 575 1816
5194.33 9270 20388
258.167 865 2117
4317.5 9446 19669
762 730 2587
655 485 1430
201.167 545 1367
2084.83 5777 14119
178.833 623 1266
5372.67 9217 20759
589 517 1591
666 466 1416
376.667 730 2080
305 635 1834
547 600 1806
1055 852 2693
311.167 822 2195
237 291 593
478 725 2337
329.833 761 2072
4832.5 10040 21056
4074.67 9690 20817
3720.17 7423 18716
443.5 1431 3989
466 240 0
438 256 0
237 266 0
117.5 382 0
117.5 402 587
507.667 2276 5459
360 358 647
3292.5 9792 18593
476 234 0
466 281 369
765 1782 5386
396 329 636
436 320 745
668 490 1447
202 491 653
202 528 860
318 380 811
170 686 1447
246 459 978
226.167 923 1899
290 401 760
362 368 713
208 465 696
162 504 838
398 356 996
244 448 679
322 409 820
388 345 863


1789.67 4153 12048
438.167 1327 3518
3204 5423 15292
4572.5 8128 19455
1122 1722 5743
919.5 2543 8255
615 907 2604
1872 5876 13461
841 670 2014
585 550 1565
1118 1144 3898
680.333 2501 8054
808.5 1413 4575
794.5 1455 5254
4229.17 9163 19552
1345.83 2973 9678
629.833 2320 7443
591.5 2057 6796
411 669 1648
2185.67 4702 14224
673.333 1955 5817
1360 3127 10979
1162.5 3050 9958
504 601 1684
1500.83 3474 11506
1138 1139 3395
1256.33 2933 9330
849 683 2200
856 689 2224
341.5 782 2216
1297.17 2608 9063
1246.17 2869 9126
1227.83 2199 7617
513 2158 5353
1482 2019 6862
2763 2990 10538
793.5 1628 5039
1882.83 5165 13975
633 487 1665
573.833 1393 4393
948.333 2325 7549
910.333 2448 8179
615 524 1632
990 1265 4005
596.333 1988 5855
3070.17 4948 14307
554.333 1746 4738
1072.83 2514 8355
1251 2657 8600
4043.17 6854 17163
2889 5440 15286
828.667 2270 7108
1394.33 4246 11349
2247 1966 6657
2280 1937 7477
4239 9483 20210
1409.17 2792 9075
1992.83 4993 13693
1572.67 4357 12038
2027.17 4580 13503
1706 4844 12125
1567.83 4728 11564
727.167 1930 6017
663 850 2551
588 533 1513
1438 1226 4336
815 705 1962
1281 1351 4509
2760.33 5241 14430
310 530 1447
1047.17 2987 9074
2250 3806 13518
374.167 848 2527
1846 2753 9391
1487.17 3109 10449
1205.5 2415 7914
1886.67 4591 13103
4088.83 8547 18777
350 1563 3339
3194 5459 15533
1061 1201 3759
4546.17 6456 17063
2313.67 4474 13885
2239.83 4553 13281
559 887 2578
672 821 2535
4343 4811 14258
481.167 1172 3624
5900.17 9478 20767
3055.5 5230 14509
2536.33 5425 14829
623.667 1665 4883
2428 2577 8561
536.5 528 1472
484 742 2337
4162.67 7650 19239
824.833 2017 6327
828.167 2193 7015
3775 8829 18531
419 655 1712
4579.67 8965 20204
5925.33 9232 20547
2901.17 7600 18175
460.167 1295 3602
383.667 1455 4125
571.667 2031 5605
927 2238 7164
782.833 2378 7516
1003 896 2981
2008.17 5649 15308
164.833 639 1016
162.833 646 952
4085.33 9156 19381
1810.5 3717 12978
3079 4880 14815
873.833 2639 8408
531.667 1456 4482
333.833 935 2949
642 875 2535
4247 8690 19895
214.833 535 1450
2156.83 4618 13954
2969 3207 11392
278 670 1606
495.333 1825 5048
2447.5 3368 11576
1813 3348 11507
628 477 1180
469 1771 4685
973.167 2666 8796
952.167 2742 8893
829.167 3388 9916
1498 2295 7703
353.5 765 1965
899 2830 8411
809 1807 5914
1190.67 2613 8554
2563.5 5356 14853
307.5 814 2074
329 570 1565
2428 3144 11059
806 709 1874
1198.17 2720 9041
1062 1235 3852
7407.33 9387 21597
1297.17 2922 9473
701.667 2844 8766
297.5 1023 2454
2778 2940 10151
1817.5 2428 8281
771.167 1843 5491
738.167 2268 7012
1275.83 3602 11338
2289.5 5471 16739
4067 9865 20791
170.5 607 1283
1177.5 2036 7069
1656.17 3299 11424
2278.83 3045 9814
198 627 1565
3665.83 8299 18458
4430.67 9904 21222
594.833 1832 5457
1792.17 4726 12683
3094.5 7179 18432
2989.5 7244 17719
5813 8580 19545
1990.5 2952 9803
627 541 1715
3286.83 5708 16841
214.167 844 1712
1473.17 3563 10986
4722.83 9563 22249
624.833 1799 4896
1566 2583 8559
933.667 2892 8943
876 3081 9803
146.667 681 1425
227.5 482 727
743 739 2075
1175.33 2455 8250
2183 2003 6484
1206 2186 7347
712 793 2358
1511.5 1659 5737
730 762 2495
762.167 2385 7911
892 989 3047
474 616 1763
905 620 1907
605 514 1499
603 530 1634
1689.83 3858 11973
1813 1616 5617
2252.33 6537 15749
290.5 1032 2561
2132.83 3650 11705
496 628 1815
960.5 2136 7048
206.167 543 1441
692 867 2564
439.667 1696 4624
532.667 1053 3312
570.167 1246 3867
3341.83 6985 18427
457 666 1856
1875 5299 13026
1426 2153 7262
622 530 1674
327.167 1642 2878
385.167 1164 2999
3626.5 9697 20383
1392 1425 4887
4593.5 10087 21928
857 630 2193
240.5 821 2253
679 463 1275
745.5 1641 4739
322 409 820
563 579 1850
1314 1378 4848
846 704 2040
306.5 518 1088
1784.5 2827 9225
1527 4976 11528
732.5 1047 2990
1100 1157 3464
657 865 2560
448 1066 3323
4020.83 8760 18684
648 485 1358
589 549 1657
1036 1237 3657
202.167 565 1300
904 1009 3151
1234.67 1854 5927
3553 6878 17318
3459.5 6693 16915
1670.33 2770 9156
1516 1895 6436
436 320 745
405 1144 3085
319.5 482 1240
3872.67 8869 18610
438 300 780
834.833 2144 7104
360 358 647
4784 6923 17493
322 702 1803
362 368 713
554.167 1369 3956
933 937 3139
476 267 297
463.5 1229 3409
495.5 928 2648
205.333 875 1828
362 723 1838
666 466 1416
796.333 1600 5394
523 593 1709
170 686 1447
529.667 2155 5518
505 584 1571
1168 1110 3395
185.833 949 1529
466 281 369
202 528 860
695.667 1687 5429
672.167 1704 4934
318 380 811
505 602 1746
213.5 513 1082
202 491 653
695 444 1349
986 1275 3892
511.167 1436 3727
290 401 760
366 358 688
6102.33 9353 20978
476 234 0
352 1653 3833
237 266 0
388 345 863
244 448 679
808 1284 4186
117.5 402 587
117.5 382 0
208 465 696
572.667 1666 4757
398 356 996
237 291 593
438 256 0
5717.83 9410 20359
246 459 978
1076 1168 3457
466 240 0
162 504 838
299.5 638 1583
396 329 636
472 295 854


1365 3676 10732
1402.5 3347 10610
1314.67 2928 9147
4002.83 8786 18744
561 575 1816
3058 9396 20924
1516 2079 7580
3307.83 6409 16578
3054.5 6469 16391
4570 5369 16123
1879 3147 10206
2770.67 5901 14723
2784 6230 15687
1294 3179 9557
584.833 2116 6434
2100 3650 11645
2218.5 4342 13282
1490.83 4589 14027
2541.5 3841 11781
648.333 1789 5154
484.5 1638 4600
2643 5547 14590
538.5 1855 5227
756.167 1440 4815
534 1334 3831
1454.17 3171 10417
306 532 1361
4333.5 6047 16870
619.167 1797 5006
3526.67 6563 17574
1055 3236 9303
1133.17 1593 5483
1380 4492 12405
2967 5654 15837
3983.67 9207 21013
2477.83 6145 15499
3311.67 9393 20358
809 699 2362
709.833 2207 6830
758.833 2352 6922
1028.17 2309 7132
5231.67 7198 18192
934 981 3415
589 517 1591
1853.83 4152 11921
5164 9857 22161
875 633 2238
327 1266 3453
1152 1062 3556
2587.33 5048 14246
1162 1102 3576
1226 3225 9615
665 496 1563
335.5 475 1229
1560.17 3088 9661
1082.17 2489 8780
2882 7477 17538
2191 3991 11659
1714.5 3549 11133
257.5 696 1698
1010.5 2237 6926
2525 3374 11021
196.167 895 1816
1056.5 2430 7176
1124.83 2326 8231
776 747 2420
305 635 1834
1441.5 2160 6946
938.167 1271 3744
2618.67 6063 14843
2312.5 4477 14238
2414 5357 14495
1949.83 3844 11607
3804.17 8979 20439
2531.33 3859 13172
170.5 679 915
2183.17 4379 12158
2274.17 3585 11248
947.5 2524 7412
290.833 695 1867
555 594 1948
1792.33 3078 9676
2841.83 6188 15588
2936.33 5527 14542
2508.5 6948 16588
1785.33 3434 11177
695.667 1962 6092
2852.5 5866 15673
661 483 1542
281 1009 2237
1196 3985 10201
789.667 2472 7170
428.167 1117 3309
527 581 1567
679 463 1275
1996.83 5232 14466
1543 1557 5090
307.5 1162 2679
4263.67 8503 19697
182.833 624 964
327.167 746 2126
1212.17 2890 9043
1380.33 3404 9835
1260.5 1768 5669
3384.67 5400 14616
3440.5 5314 15304
202.167 921 1919
1476 1706 5691
684.5 1204 3407
202.167 565 1300
957 1230 3762
1459.33 2857 9009
3409.83 5489 14807
3109.67 6067 16092
2475 6297 15392
1193.17 3218 9260
821 1194 3364
1277.83 3664 10055
525 583 1533
1004 885 2813
522 555 1490
4811.33 10318 21107
945.5 1601 5391
1000.5 1842 6706
2054 5994 14777
603 511 1427
711 784 2667
1563.67 3131 9917
1967 3654 11301
3741.33 9319 19840
467 630 1476
551 578 1732
2195.67 4560 12530
319.5 482 1240
943.5 1926 6749
1888.83 3691 11354
361.5 1192 2988
832.333 3041 8038
538 1286 4155
335.667 1566 3649
363.667 1517 4351
3087.83 6216 15983
778 734 2339
732 955 3211
5525.5 7180 18513
676.333 2102 6071
6176 9342 21453
855 992 3231
1042.67 2633 8557
2261.33 3356 10931
3038.5 3704 11874
1051.67 3446 8963
1070 1236 4055
749 1890 5701
548 560 1548
956 1268 4003
1066.17 3109 9033
1252 2268 7558
275.833 755 2108
376.667 1481 4376
1115 2227 6851
1091 1225 4100
385.5 744 2192
2201 2005 6860
481 617 1674
1274 3844 10296
643.5 1426 4422
648.833 1762 5329
317.333 896 2823
3587.83 6253 16264
778.5 1751 5021
704 1888 5516
934.5 1867 5711
1293.5 4177 11745
3770 8844 20141
883 990 3311
3578.33 7430 18375
528.5 1937 5407
1013 3338 8509
146.667 661 838
1584 2683 9050
241.667 750 1827
790 724 2437
1432.17 3064 9249
492.833 1617 4472
488 615 1640
1254.17 3528 9747
1312.17 3663 10248
1115.83 3470 9322
333.167 706 2154
1313.5 3756 11583
637.833 2089 5424
2276.5 4067 11906
2205.5 4238 12243
755 764 2299
4164.17 7916 19278
3428.17 8827 18187
1229.5 1580 5624
1027 1229 3883
3335 7219 17666
482 604 1458
651.333 1561 4568
852.5 2696 7466
445.333 2038 5139
647.167 2067 6014
206.167 523 854
238.5 836 2235
6973 9664 21649
1154 1197 4183
2189.33 6543 15627
916.5 2689 8470
527.667 2214 6388
5155.17 9767 21755
471.167 1662 4665
1200 1074 3773
790 717 2377
202.833 531 1275
1985.33 5439 14185
2890.5 6523 16742
654 487 1363
586.5 1685 4761
584 524 1378
3375 9378 18279
622.5 702 2253
1414 1266 4360
436 320 745
768 1397 4342
237.833 864 1661
206.167 543 1441
476 611 1540
413.167 918 3121
244.833 816 2060
1238 1429 4577
2160 2025 7086
422.667 1249 3412
1405.83 1819 6417
516.333 1441 4129
647.333 1998 5448
214.833 515 863
788.5 2735 7001
186 530 1180
704 444 1581
455.667 1460 3933
261.5 676 1485
406 995 3239
631.5 757 2267
362 368 713
1497 1165 4094
505 602 1746
152.833 683 1240
4643 9171 20471
3200.83 5432 14747
991.5 1107 3626
244 448 679
664.333 1972 5876
2138.5 6642 16491
628 1382 4203
3395.33 8891 19406
318 380 811
438 300 780
466 240 0
237 266 0
3310.17 7097 17437
735 746 2278
644 2592 6576
850 1000 3415
3311 8488 17828
322 409 820
803 1220 3720
1240 1387 4204
382 786 2567
2793 7154 17445
162 504 838
1339 1542 4889
214.833 535 1450
208 465 696
117.5 402 587
117.5 382 0
290.333 968 2595
398 356 996
438 256 0
507.667 1421 3479
472 295 854
360 358 647
202 528 860
237 291 593
486 631 1705
388 345 863
396 329 636
466 281 369
547 600 1806
419 671 1841
366 358 688
290 401 760
476 267 297
202 491 653
246 459 978
476 234 0


949.5 1229 4041
1511.5 3317 10216
4456 9762 19685
1240.67 3683 9659
761.5 1880 5473
3985.67 7205 17753
830.667 2444 6621
1241.17 4057 10535
2050.5 5175 13728
5545 9059 20305
374.5 1248 3565
2223.5 4868 14867
2031.17 6531 15893
1224.17 2463 8119
4762 8505 18643
4673.83 10394 22351
1578.83 3114 9407
574 973 2820
2739 3023 9629
336.333 1307 3942
4745.17 9373 20147
628 1405 4287
1108.67 3059 9055
1278.5 1636 5616
205.5 540 1407
1355 3707 9884
1823.83 3367 10621
593.333 2115 6020
1293.5 2483 8498
1116 2432 8017
893.167 2333 7546
231.667 753 1545
720.333 2036 5945
2497 3095 9876
3069.83 7307 16971
1332.17 2975 9062
2250.33 4249 12413
1945.17 3141 9894
1067 1394 4368
311.833 1086 3098
1817.5 3530 10859
779.833 1789 5365
1665.67 3980 10968
1102 839 2882
843.667 2643 7697
162.833 646 952
4389.5 6969 17831
1832.33 4261 13335
529.333 1031 3170
1917.83 4889 13604
1752.17 3201 9465
4414.17 8616 18784
1722 4995 12534
3574.17 6514 16970
381.667 1222 3591
4770.67 9885 21048
1893 2820 9045
645 1445 4618
4493.33 8666 19744
553.667 1820 5053
238.5 640 1453
1292 1069 3411
2512 7563 16724
1813 4339 12078
1713 2122 6760
744 966 3342
5858.33 8974 19940
2706 3003 9088
883 1306 4352
1820.17 6049 15160
1983.17 5357 15443
2831 6000 16853
5925.5 8063 18901
2305 4209 12323
4207.83 9793 19465
3426 7318 18327
1249 1404 4718
1792.17 3379 10366
3144.83 7210 17960
1601.33 4423 11783
208.167 910 1517
4694.33 9858 20342
1510.17 3512 10145
1113.5 2720 8668
1873 1991 6800
1780 2598 8664
702.333 1581 5147
278.333 964 2166
1467.5 3625 10217
200.833 587 1289
1618.33 4392 11679
839.5 977 3350
1537.83 4264 11081
2999.5 8296 17127
1785.67 3871 10996
837.167 2163 7482
661.667 2537 7131
458.5 1066 2980
1130.5 2615 8146
251 690 1598
545.667 2235 6029
5260.83 8461 19171
714 880 2999
570.333 1491 4401
626 1516 5089
546.5 768 2324
897.5 1416 4804
777 1940 5684
669 2052 6547
1556.67 4187 11200
968 3492 8729
1659 3233 10210
2347.67 5517 15478
2557.67 5779 16641
2516 5602 15538
3318.33 4782 13749
305.667 1239 2267
835 1133 3781
5758 9171 20376
2728.67 3083 9829
1020.33 3191 8945
1074.17 3155 8912
801.5 1982 5992
1084 2880 8850
409.833 1810 4278
1099 3092 9107
560 1621 4595
543.333 1611 4303
3409.33 6965 17697
1919.33 4186 11852
2187.33 5033 14275
222 769 1790
4457.17 8622 19002
169.5 703 1008
1777.5 2082 6727
909.167 1862 6390
1397.33 3384 9704
1244.33 3947 10369
768.167 2455 6715
3819.5 9313 19295
1520.83 3270 10046
2044.67 3331 10408
512 496 1298
1445.83 3196 9364
323.5 907 2187
655 487 1717
596.833 2188 6345
3044.83 7347 18592
563 579 1850
410.167 992 2832
505 584 1571
1830.5 3889 11547
4997 8406 18750
2697.67 5736 16830
2718.67 5515 16226
197 607 1283
426 655 1614
669 832 2358
1012 907 3104
708 819 2474
1079.17 2675 7796
524 591 1649
1117.5 2632 8854
1172.67 2082 6724
202.167 921 1919
2386.67 4614 13486
932.5 1257 4181
1516.33 3522 10855
829.5 2046 6008
3557 10156 20785
3591.17 4559 14214
355 1011 2659
368 669 1649
1172 3891 9698
1759.17 3894 11191
1638.17 4424 11858
1445.17 4534 11363
4190.17 9928 20428
1838.83 3085 9402
1113.33 2562 7858
518 580 1479
1599.67 4032 11350
432.5 1126 3374
573.333 1633 4681
2096.33 3649 11476
636 486 1501
1769.33 4900 12734
5943.5 8497 19504
866 667 2236
334.167 686 2221
943 617 1851
559.833 1583 4456
785 718 2241
2441.83 7001 16248
250.5 543 1441
574.667 1920 5472
2016 3794 12071
867.667 3399 8139
850 730 2802
736.5 2226 6572
448.333 1651 4330
2030.5 3773 11352
871 673 2353
1533 2326 7633
4571.5 9222 19931
1711.33 5732 12106
348 1059 2949
1286.33 2557 8168
1359.67 4363 10598
367.333 1014 2820
323.833 722 1962
516.833 1612 4288
517.667 1415 4014
152.833 679 915
5313.5 8660 19399
482 649 1746
457 666 1856
1501 3298 9552
824.333 1391 4219
585 461 1097
1242 1070 3487
4587.83 10046 21423
794.833 1690 5840
327 917 2284
824 1794 5902
427.5 1027 2856
471.167 1168 3651
994 910 3133
1918.67 3881 11185
210.667 550 1431
674.167 1290 4019
799 758 2811
1424 1910 6392
568 566 1590
648 485 1358
332 796 2061
3408 9261 19149
466 240 0
396 329 636
679 463 1275
609.5 1871 5446
3456.17 6543 17659
836.167 1962 6608
951.5 1144 4059
552 580 1588
283.167 1350 2517
1009 1215 4070
977.5 2723 8610
616 1808 4860
304 1352 3632
306.5 518 1088
838.667 1657 5541
237 291 593
635.5 1043 3182
561 575 1816
718.333 1265 3990
744 799 2357
244 448 679
476 267 297
417.667 1451 4181
172.167 630 996
339.5 837 2425
117.5 382 0
433 653 1738
261.5 676 1485
849 683 2200
246 459 978
4485.5 9357 19415
117.5 402 587
307 971 2518
1206.67 3445 9276
959.833 3037 7877
237 266 0
426 888 2710
2716 3077 9268
436 320 745
202 528 860
633 487 1665
325.5 903 2265
1210 1076 3354
360 358 647
202 491 653
3997.67 10146 20871
197.833 935 1509
466 281 369
476 234 0
5225.17 9049 19780
335.5 475 1229
4673.33 9573 20327
208 465 696
4820.33 9203 21469
695 444 1349
438 256 0
472 295 854
162 504 838
366 358 688
438 300 780
227.5 482 727
318 380 811
577 523 1579


814.5 2548 8356
636 486 1501
429.833 1458 4644
2216.67 6497 15144
5483.83 9723 20746
941 1828 6295
650.333 1867 5481
257.167 767 1928
2290.17 6313 14982
297.167 1035 3012
3010.17 6272 17775
595.667 2299 5605
428 1527 4194
2649.17 5476 14158
4912.5 8662 19371
1820.67 3819 11417
1210.5 3348 10010
3652.83 7594 18132
1596.83 4023 10614
3165.17 6191 17118
748 759 2528
939.667 3207 9256
1519.33 3324 9719
1074.5 1658 5408
1645.67 3834 11425
1539 3129 9878
739.333 2111 6876
848.5 2025 5999
2209 2436 9030
1855.33 3614 10099
1871.33 3141 9922
1397 1308 4789
3275.5 5257 13882
2483.83 5255 13815
581 855 2331
1302 969 3154
2844 3334 10262
928.667 2373 7622
2303 5187 13698
320.5 782 2201
5379.17 9793 20844
4144.67 7876 18375
2704.5 5895 15820
646.5 984 2935
2447.5 3675 10927
2355.5 3762 11640
1892.5 2773 8956
873.5 2046 6313
1220 1456 5060
1851.67 5088 12970
2142 5331 13447
1935.67 3018 9113
290 401 760
2399 3214 9971
1971.33 3563 10213
1234.67 3616 10562
1960 2149 7045
607.5 2155 5561
4292.83 9834 20974
3165 6012 16084
1820.5 4387 12392
1574.5 2199 7077
5471.83 9908 21136
748.5 1769 5642
1367.17 2384 8101
1711.33 3878 11902
456.667 1315 4186
197.167 561 1355
843.5 1147 3646
2443 5659 14998
5919.67 8409 18758
1252.17 3104 9609
654 506 1608
2417 5763 14871
3377.5 5921 15824
2425.67 4682 13677
2304.67 4541 13024
5025.5 9479 20535
271.167 729 1695
1734.83 4130 11914
2457 5482 14255
1924 5013 13243
517 1138 3323
2295.67 5309 13912
2036.83 6024 13851
4022.83 7947 18674
2066.5 5234 13388
568 549 1605
4120.17 8599 18970
1355 1321 4190
478.833 1948 5105
942.5 1507 5022
571.167 1702 4866
325 580 1618
917.5 2541 7799
481 617 1674
821 712 2284
2197.83 5964 14217
2127.83 5778 13538
203.5 903 1425
1711.67 4999 12348
4116.5 9126 19661
1033.67 2365 7851
573.5 1113 3094
1384.5 2499 8846
270.833 762 1784
647.833 2056 5424
1793 1656 5331
1014.5 3016 9009
1575.33 4415 10714
3463 5126 15659
499 590 1789
779.833 1894 5659
3803.5 8646 18196
1621.5 1849 6379
1160 1129 4090
409.667 1254 3414
1638 1819 5907
1535.5 2261 7147
2370.5 3737 12828
1691.33 4464 12028
715.667 2287 5952
3689 9039 19298
2931.33 5498 14526
781 2415 7185
3154 6210 16558
318.5 490 1413
3232.33 8750 19083
3701 7138 17859
661.5 805 2971
974 930 3030
861.667 1872 5748
559.5 1031 2982
6011.67 8424 18892
395 1032 2791
1920.83 4366 12310
994.667 2821 8818
251 690 1598
2899.5 5292 14213
547 600 1806
314 520 1589
301 891 2225
438 1226 3525
1510.17 4638 10939
1562.83 4855 11924
1234 1088 3068
639 788 2376
716 771 2336
289 859 2164
2235.67 4277 12459
2177 2327 7495
4691.33 8901 19407
1731.83 4586 12304
720 757 2477
4299.5 8677 19315
4172.5 9299 20407
561 575 1816
2928.5 7629 16637
2151.83 5949 13598
302 1358 3454
2172.83 4358 12576
1286 1346 4203
753 715 2176
1625.17 3036 9448
5101.83 9114 20037
653.333 1742 5162
486.5 982 2742
266.5 598 1571
1116 1347 4361
6047 9788 21555
426 1699 3730
1774 2206 7290
814 708 2172
659 482 1643
776 1093 3202
871.833 2095 6964
277.5 860 2011
1932.17 3611 10082
763 755 2250
445.333 1313 3644
498 640 1790
183.167 586 1223
588.667 1935 5340
804.167 2084 6448
2246 5834 13750
190.833 581 1108
476 234 0
185.333 951 1790
408.167 906 2705
744.333 2055 6183
193.167 912 2201
583.5 1122 3141
337.5 744 2230
1677 1764 5410
4901 10177 21238
492 1972 5143
1113 1197 3668
4074.17 9565 19372
567 574 1776
3849.67 8784 19160
341.5 642 1770
2417.17 6159 15119
2318.17 6283 15982
448 1321 3916
5584 8777 19518
4596.17 9166 19810
398.667 1809 3614
562.667 1569 4798
1868.83 5060 12676
699.833 1841 5189
1931.83 4717 12875
5677.17 9619 20996
237 291 593
544.667 838 2262
470.5 1198 3595
6519 8900 21201
334.5 465 1154
628.333 2334 6606
1801 1639 5331
563 894 2336
607.833 1600 5160
366 358 688
543 1292 3667
1162 1127 3442
175.833 624 930
1168 1116 3216
170.5 679 915
202 491 653
732.333 1652 5263
698 2054 5768
716.667 2113 6783
1822.17 3735 10573
388 345 863
802 748 2393
547.167 1183 3461
827 1391 4555
117.5 382 0
476 267 297
243.167 819 1583
284.667 1321 3398
593 512 1807
237 266 0
472 295 854
206.167 543 1441
466 281 369
244 448 679
202 528 860
4210.17 9625 20472
436 320 745
937.167 3419 9109
208 465 696
318 380 811
466 240 0
1003 1471 4671
367.667 987 2561
1250.67 2992 9081
452.5 976 2740
251 683 1557
396 329 636
162 504 838
322 409 820
306 532 1361
338.333 664 1974
362 368 713
438 300 780
246 459 978
438 256 0
603 511 1427
398 356 996
897 666 1982
360 358 647
117.5 402 587
744 766 2601


2213.83 4421 13826
2122.83 4196 13405
1157 1421 4441
2757.67 7470 18394
789.333 2090 6769
901.667 3036 8913
1853.5 2572 8506
542 564 1691
588 533 1513
152.5 686 1447
956.833 2918 9179
1759 1670 5543
1715.83 4410 12595
814.333 3484 9787
1204.5 3405 10317
1948.83 4312 12964
2385 2664 8783
1407.5 2907 9210
908.167 2988 8851
517.167 1534 5030
1613 4430 12780
2032.17 3071 11297
665.5 1441 4799
559 562 1528
623.667 1588 5300
368.5 803 2325
588.5 1445 4591
3067.83 6638 16997
610.833 1629 5102
555 594 1948
712.167 2305 7091
1512 1472 5111
3922.83 6727 17531
597.333 2336 6951
1615.33 3300 10635
387 708 1772
816 679 2528
933.833 3060 9834
806.5 1887 6197
760.333 1425 4475
1351 1280 4300
351.333 1221 3487
480.667 1534 4495
1439 3341 10470
2086.17 5239 15443
2205.5 5039 15707
1838.83 4897 14869
601.333 2304 6224
465.667 1090 3669
318.5 490 1413
500 608 1675
451 992 2607
653 2206 6920
284 1067 3187
797 727 2353
421 1359 3537
410.5 1491 3923
1000.5 3669 10164
759 2623 7314
1110.33 2689 8534
1415 2700 8943
1069 1383 4269
469.5 880 2765
378 1784 3825
1429.17 2824 9699
924 624 2143
922.5 2798 9110
299.333 1030 2570
556 2138 5948
1122 3842 10579
706 2850 7298
509 586 1614
572.833 1739 5569
994.333 2316 7805
655 487 1717
1256.33 2991 9650
516.667 1861 5596
3989.67 10343 20988
721 757 2216
747 767 2425
221.833 863 1844
730 2762 7095
2005.5 5512 15052
758.667 2707 7571
411 669 1648
1590.83 2384 8274
3246.83 6072 15721
4997.83 7904 19527
282.5 502 1314
2672.17 6226 16992
654 506 1608
901.667 1832 5993
1474.33 2491 8496
1084.17 1845 7187
816.333 2057 6377
686.333 1867 6065
210.333 856 1747
487 602 1580
416.5 767 2397
1586 1774 6055
1328.5 2365 7854
1412 2501 8277
639 472 1108
551 578 1732
386 1203 3341
440.5 547 1499
2042 3888 12511
1397.33 2518 8238
977.167 3420 9965
823.167 1957 6715
442.667 1172 3806
1970.83 4712 13520
320.333 1025 2454
270.667 1122 2517
1156 1144 3723
789.5 1436 4676
3004 7085 17506
3072.5 4955 15013
1179.5 3451 10260
398 1040 3028
1638.17 3121 9994
783 2577 7442
760.667 2640 7770
1373 1371 4526
2752.67 4119 12527
777.833 2599 7348
795.833 2621 7878
679 463 1275
450.333 765 2253
622.5 932 3208
1058 1255 3896
307.667 718 1632
846.667 2402 7750
186 530 1180
2351 6113 16417
758 762 2310
644.333 1902 5650
511.167 981 3435
1290.67 3619 12127
182.5 606 1148
296 738 1816
747 1903 6262
863 2754 8757
1387 1260 4105
439 1014 2626
3092 6898 19202
845 3147 9201
246.167 803 1879
2092.83 5146 15179
974.833 2374 7471
1945.67 4510 13049
407.5 810 2472
2099 4300 12827
415.167 1077 3228
299.5 638 1583
219.333 821 1692
1114 1213 3818
481 617 1674
1089.17 3232 9934
1256 2731 9041
792.333 2194 7363
617 735 2101
313.833 720 1735
917.833 2690 8142
1289 2722 8643
710.167 1799 5703
4323.17 9826 21099
1219 3604 10583
1693.67 3821 12441
1507.5 3140 9900
1310 2667 8868
593 512 1807
820 2833 8423
161.167 639 1016
942.5 858 2666
1112.67 2631 8095
247 1143 2824
1955 3187 10193
552.333 1633 5087
790 721 2296
3741.5 6836 18066
447.167 1739 4543
3848 8420 20319
1411.33 2266 7558
1861.17 4138 12583
766.667 2230 6981
378.667 978 2377
310.333 740 1876
497 605 1631
1044 876 2829
1516 3355 10971
519.167 1311 4105
788.333 2113 6788
716.667 1987 6209
855.333 2447 7912
732 1965 6189
807 2084 6919
655.167 2001 6112
447.5 1686 4270
395.5 744 1931
659 482 1643
476 611 1540
5547.5 9975 21843
202.833 531 1275
314 495 996
666 466 1416
421.5 608 1530
217.833 864 1986
988 922 2836
627 508 1723
249.5 540 1407
791.833 2245 7203
560.5 814 2644
497 569 1507
1520.5 1787 5819
537.833 1263 4120
452.5 620 1821
798.333 1771 5691
261.5 513 1082
1571 3231 9999
1627.5 3546 11538
775 761 2242
621 734 1992
915.5 1309 4249
4780 9095 20888
378 984 2506
177.5 630 1306
430.333 1869 4195
426 655 1614
256.5 780 2125
589 517 1591
246 459 978
466 281 369
383.5 762 2063
454.167 862 2745
2189.83 6401 15863
648 485 1358
799 682 2135
324.333 1017 2213
438 300 780
1355 1646 5450
711 782 2409
403.5 813 2328
366 358 688
575 546 1623
1758.5 4714 13550
252.167 775 1628
5065.17 9353 21838
205.667 818 1541
738 1704 5386
6266.17 9286 21122
383 691 1631
4568.67 9554 20528
290 401 760
563 568 1741
567 574 1776
571 557 1517
423.5 1400 3545
322 409 820
268 1078 2127
513 593 1859
398 356 996
446.5 1363 3942
274.167 750 1902
1225.67 2663 8563
269 1034 2199
1286 2730 8868
197.167 561 1355
436 320 745
4193.83 7799 19419
472 295 854
237 266 0
476 234 0
476 267 297
466 240 0
388 345 863
645.5 689 2195
162 504 838
699.5 624 2111
244 448 679
303.5 614 1474
438 256 0
360 358 647
396 329 636
237 291 593
117.5 402 587
202 528 860
362 368 713
5236.67 8921 20664
208 465 696
202 491 653
318 380 811
117.5 382 0
305.167 1015 2192


674.167 2694 7109
378.167 940 2393
977.833 2405 7242
687.167 1812 5338
4665 9784 20956
469.333 2036 5415
508 2325 6868
567.5 1278 3789
2243 6287 15546
2085.67 6496 15589
2808 2947 9876
2625 3969 12978
693.833 1649 5405
3054.33 6405 17475
394.333 601 1866
1478.5 4050 11791
2320.83 4074 13021
854.167 2531 7398
389.5 929 2840
1915 3104 9606
1045.83 2900 9111
3231.67 6558 17573
531.5 846 2632
2439.67 5127 15168
798 1810 6014
888.833 2822 8986
1037 2452 7668
759.5 1916 5883
319.5 482 1240
1988.83 4892 13989
2231 5177 15413
269.5 1096 2900
1663.67 4125 12154
278 670 1606
1410 1243 3762
854.833 2214 7198
1755.83 3707 12076
814.167 1797 6620
684.833 1838 5065
2752.17 3986 13483
836.833 2122 6758
882 2981 8589
648 485 1358
398.5 1270 3456
255 554 1583
996.5 1595 5004
831.5 1258 3685
238.5 640 1453
1789.33 3345 11407
1911.5 5016 14257
1235 1452 4822
928.167 2723 8437
923.833 2771 9030
1005.5 2197 7211
2692.33 6855 17842
2248 6577 17195
2932 3173 10219
1187.33 2775 9232
371 763 2175
1707.67 3689 11260
811 699 2367
1077.5 1994 6758
1212.17 2597 8738
760 2621 7814
455.167 1493 4482
566.5 1004 2986
940.5 1979 6687
3605.33 9488 19257
1329.17 2429 8264
1088.83 2420 7881
3306.33 5728 16966
842 3005 8096
865 3009 8626
1715 2478 8549
624 517 1349
185.5 666 1539
4163.33 8749 18866
576.167 1567 4866
471.833 1141 3565
722 1447 4699
622.5 1520 4852
1669 1741 5626
775.5 1865 5933
1077.5 2410 7662
4272.5 6504 18542
869 3031 9517
2763.17 4595 14279
1056.17 3230 10400
152.833 679 915
3864.5 6198 17251
298.167 770 2017
566 1669 4963
677 504 1375
2020 4469 13918
2133.5 4677 15164
2819.17 4640 14427
243 940 1556
1394.17 3067 9535
3731.67 8829 18403
1034 2455 7357
1405 1457 5130
966.333 2082 7074
1728.83 4098 12727
1868.5 4349 13901
761.667 1741 5621
563.333 1988 5763
437.5 986 2955
4697.67 8678 19195
981.833 3366 9756
1539 4821 12195
677.5 1870 5348
645.167 2025 6116
254.167 754 1649
389.5 718 1886
654 2236 6234
1630 4807 12527
603 530 1634
1718.33 4466 13793
629 1942 5438
314 520 1589
1331 1492 5494
1396.67 2731 9262
1051 2419 7281
3861.83 8805 20618
370 1261 3280
720 757 2477
2278.5 4173 13239
2277.67 3910 12551
2493.5 5525 16580
201.167 545 1367
4341.67 9904 20683
905 1004 3369
170 666 860
993.833 3306 9734
871.5 1251 3769
426.167 1227 3399
285.167 784 1758
1407.17 3116 10177
404 718 2181
746.5 883 3086
582.5 961 3288
4173.83 8398 19161
638 513 1280
917.5 2526 7998
3488 8867 18577
700.333 1845 5521
802 730 2537
2041.83 4836 15028
1444 2172 7807
551 800 2645
486.667 1618 4719
384.833 1285 3455
1665.33 2857 9482
777.667 1109 3298
183.167 586 1223
1144 1995 6923
756 2634 7443
692.333 2225 6675
275 1092 3189
1244 1070 3576
809.5 1812 6261
1716.33 4903 13159
462.667 1613 4552
271 848 2364
1406.67 4472 11715
1410.33 4676 11849
1780 1662 5601
1346.5 3618 11212
1924.5 4016 12845
6388.33 9627 21297
519.5 903 2498
435.833 911 2472
1109.17 2406 7360
801 1098 3568
678.5 1986 6541
1500.83 3594 11123
1018.17 2049 7235
1095.83 1301 4335
370.5 669 1723
552 855 2911
3862.83 7399 18636
1013.5 1475 4993
1609.5 3708 11342
771.5 2397 7136
1040 2558 8391
251 1101 3110
322 409 820
694.5 1355 4485
1388 1308 4403
1278.17 3368 10902
290.167 1070 2891
468.5 611 2267
202.833 531 1275
306 532 1361
1171 1682 5437
6616.67 9010 21065
3445.83 9291 18329
1226 1439 4491
972 938 3269
854.5 1095 3349
318 380 811
746.5 1619 4983
567 574 1776
239.833 1209 2785
1063 1235 3623
3685 10012 19296
388 345 863
509 586 1614
727 747 2284
1297 1396 4488
876.833 2909 7818
431.167 1442 4235
261 695 1658
5688.33 9671 21137
607 1285 4099
1113.5 1096 3640
466 281 369
476 267 297
2039.83 6893 14419
366 358 688
186 530 1180
501.5 1807 4734
335 727 2026
420.5 1382 3985
382.667 1207 3327
202 528 860
378.5 1572 4522
369.333 1330 3892
306.667 735 2084
237 291 593
117.5 382 0
362 368 713
5187.83 9735 21549
627 541 1715
438 256 0
985 925 3119
454.5 1193 3272
4448.17 7760 18733
202 491 653
290 401 760
645 476 1077
313 969 2394
466 240 0
472 295 854
436 320 745
146.667 681 1425
206.167 543 1441
117.5 402 587
246 459 978
162 504 838
438 300 780
360 358 647
547 483 1257
237 266 0
396 329 636
208 465 696
398 356 996
476 234 0
244 448 679


2695.17 5906 15840
813.5 2646 7431
1943 2638 8440
4274.17 9308 20405
2235.83 3636 11800
1194.67 4049 11036
854 679 2294
334.5 465 1154
6275.67 8824 19506
617.167 1754 5450
778 743 2452
2266.33 3999 12338
1832.33 4142 12682
3338.83 6307 16371
959.667 3223 8870
684 1218 4024
755.833 1966 6641
652 513 1573
1833.33 3678 11243
1218.5 2974 9525
1272.17 3762 11984
2843.33 5292 15354
3409.67 7502 17262
379.5 750 2284
245.167 818 1758
241.5 616 1289
3777 9550 20468
2166.67 4409 12930
865.667 2044 6895
1628 2740 9429
1234.5 1400 4897
4253.33 7939 18020
638.333 2292 7089
491 624 1720
1523.17 3524 11054
603 500 1166
2339.17 4401 13658
4566.5 7764 18123
950.167 2224 7743
743 1041 3455
486 631 1705
645.667 2114 6499
796.167 1624 6339
1045.5 1419 4971
256 591 1404
454 653 1666
1934.83 3482 10565
2054.33 3684 11946
4176.67 8354 19341
656.667 2014 6446
4090.33 9221 19460
2737.33 5650 15818
206.167 523 854
842.833 2244 7519
1066 2692 9222
2935.17 8046 17503
758.5 1564 5136
277.667 759 1816
728 793 2526
505 1339 3991
564 1570 4771
568.333 1230 4788
1732 2574 8330
2215.83 4225 13523
534 1561 4412
2434.83 4240 13647
2540.5 3844 12361
781 2979 8761
905 2783 8478
872.833 2174 7059
2065 2458 8255
681.5 974 3424
5354.33 10019 21624
1498.83 1922 6678
4883.67 8907 20219
1602 5435 13945
1731.5 5617 15576
1245 1065 3771
3109.17 5590 16001
1050.83 2993 9864
1310.5 3767 12107
4062 5678 16013
410.167 1251 3565
957.833 2271 8104
824 719 2209
602.5 976 3061
1963.83 4359 12697
1662.67 4151 12369
1152.83 2646 8758
346.167 1018 2690
5447.83 7979 18939
2080.33 4612 14890
954 546 1665
998.167 1977 7006
634.333 1967 6316
2066.33 3763 12076
309.5 519 1338
608 834 2694
4278 9164 20053
906.5 2416 7954
2207 6853 16939
1169 3686 10529
1244.67 3886 12160
999.667 1940 6476
410 1613 3874
1276.17 2392 8153
311.5 1089 2665
778 722 2100
2130 4009 12593
383.5 873 2786
449.5 1344 3576
3755.83 6811 17808
693.167 1772 5838
1247.5 2996 9909
591.833 2072 5465
4131.17 6511 16407
4115.67 6559 16828
1148.5 1568 5216
1129 2678 8972
2181.67 3370 10620
468.333 1236 3047
353.667 1346 2986
5099.33 9044 21111
834 727 2335
272.5 512 1094
639 516 1622
485.333 1348 3749
1710.67 4642 12792
2176.33 4371 13287
542 564 1691
1350.17 2194 7600
270 559 1353
784 713 2132
3532.67 7062 17211
615 507 1189
395 1142 2866
2416 3594 11223
588 545 1599
5290 7217 18023
462 1591 5149
814.333 2666 7474
453 651 1640
1964.33 5322 13401
1043.17 2721 8667
976.667 3056 8853
1158.5 3274 10216
2021.5 5021 13354
1794.83 2829 9442
256.167 798 1643
681 1228 3636
634 495 1341
994 2804 9053
892.667 2678 7786
635 1578 5375
709 1205 3464
1264 1090 4001
1622 3021 10016
1005 2626 8240
774 1104 3521
829.5 2749 7604
909 674 2077
2628.33 6449 16396
667.333 2223 6745
259.333 1149 1977
515 1310 3752
1858 4907 13189
3525.33 8700 19353
856 674 1999
4158.33 6389 16827
430 681 1772
320.833 1045 2632
521.333 1304 3956
384.333 1101 2811
1440 3121 10400
183.5 624 964
496 628 1815
327.5 942 2558
744 761 2353
447.167 1781 4396
524 591 1649
1139 1188 3580
1147 1150 3914
1072 1217 4068
615 524 1632
325 723 1918
471.5 1334 3731
3230 7625 17147
1128.17 3452 9948
772.833 2025 6840
599.667 2009 6127
1725.5 2544 8232
729 786 2425
845 663 1948
214.833 515 863
592 731 2138
306 532 1361
1028.83 2736 9375
261.5 513 1082
4173.67 9018 20051
4338.67 8961 19625
5337.33 9570 21301
1155 1114 3541
2291.17 5953 16053
568 549 1605
3731.67 8100 18585
4498.5 10204 21479
6359 9726 21342
257 588 1022
360 358 647
751 727 2302
780 748 2584
595 866 2321
421.333 1475 4033
613.667 1544 5060
2003.67 5293 14026
513 593 1859
415 1388 3875
827 699 2310
431.333 1428 4193
2787.83 5618 15721
4830.17 9716 20532
466 645 1680
3545.83 10220 20799
764.5 956 3048
314 520 1589
480 848 2296
476 234 0
1042 1540 4859
820.667 1974 6656
346 805 2211
4138.33 6276 16131
722 701 1926
367.667 936 2279
595.333 1775 5626
197 607 1283
223.5 1193 2334
246 459 978
1509.67 2748 9427
466 240 0
282.5 685 1753
298.5 993 2573
4398.17 8572 19356
693 814 2586
318.167 961 2441
3299.17 9451 17983
4591 9777 21380
312 525 1373
295.167 1024 2242
589 517 1591
318 380 811
207.167 597 1217
162 504 838
736 752 2296
685 778 2380
290 401 760
362 368 713
438 300 780
117.5 382 0
152.167 703 1008
267 853 2187
171.167 627 1565
466 281 369
202 528 860
270.833 822 2100
315 1393 3432
2869.83 8099 17044
388 345 863
473.167 1137 3289
472 295 854
398 356 996
606 865 2670
436 320 745
438 256 0
237 291 593
636 486 1501
117.5 402 587
202 491 653
396 329 636
476 267 297
735 761 2301
244 448 679
237 266 0
208 465 696
366 358 688
322 409 820


