1.369147479e+00 2.000000000e+00 2.000000000e+00 
1.350031670e+00 1.979435261e+00 1.991019249e+00 
1.345366772e+00 1.977932453e+00 1.988840096e+00 
1.291577506e+00 1.982124496e+00 1.984745931e+00 
1.336514594e+00 1.979988927e+00 1.983623337e+00 
1.314338783e+00 1.956497667e+00 1.981840394e+00 
1.306121715e+00 1.936407498e+00 1.972100241e+00 
1.302826329e+00 1.940441351e+00 1.971803084e+00 
1.281734144e+00 1.940520446e+00 1.969822036e+00 
1.264458615e+00 1.908170529e+00 1.962062931e+00 
1.344710263e+00 1.884125603e+00 1.951464325e+00 
1.303061714e+00 1.891402357e+00 1.950903028e+00 
1.310108705e+00 1.889187693e+00 1.950341731e+00 
1.271669948e+00 1.888317646e+00 1.949186119e+00 
1.269572884e+00 1.895673495e+00 1.947006967e+00 
1.239707267e+00 1.900893775e+00 1.943408063e+00 
1.267803646e+00 1.896701732e+00 1.942285469e+00 
1.300879055e+00 1.869888476e+00 1.940304421e+00 
1.292062826e+00 1.874396899e+00 1.938026216e+00 
1.317320038e+00 1.869730286e+00 1.936408360e+00 
1.276363092e+00 1.874792375e+00 1.936144220e+00 
1.267604211e+00 1.881040892e+00 1.932842474e+00 
1.325458358e+00 1.850589259e+00 1.928286063e+00 
1.325965077e+00 1.847425453e+00 1.926668207e+00 
1.276634426e+00 1.852408447e+00 1.926106911e+00 
1.317433878e+00 1.851696591e+00 1.925545614e+00 
1.271698194e+00 1.860950724e+00 1.920592994e+00 
1.271420012e+00 1.858103298e+00 1.919173243e+00 
1.270485321e+00 1.854623112e+00 1.918909103e+00 
1.263659163e+00 1.859606106e+00 1.918116684e+00 
1.264094839e+00 1.858261489e+00 1.915574339e+00 
1.259073012e+00 1.830894566e+00 1.915508304e+00 
1.341878798e+00 1.829945424e+00 1.914649850e+00 
1.241134127e+00 1.837301273e+00 1.910852841e+00 
1.255313704e+00 1.836510322e+00 1.909168950e+00 
1.253380981e+00 1.833346516e+00 1.904414435e+00 
1.301598904e+00 1.807956972e+00 1.902466405e+00 
1.258816229e+00 1.810171636e+00 1.901872090e+00 
1.317548575e+00 1.787234043e+00 1.888830191e+00 
1.297027305e+00 1.787945899e+00 1.887674580e+00 
1.260021399e+00 1.793245274e+00 1.886618021e+00 
1.291299324e+00 1.790635134e+00 1.885495427e+00 
1.277518617e+00 1.790397849e+00 1.884372833e+00 
1.232795515e+00 1.791426086e+00 1.882193680e+00 
1.216119147e+00 1.792137942e+00 1.877439165e+00 
1.296299752e+00 1.765008305e+00 1.874632681e+00 
1.240719849e+00 1.770544966e+00 1.873576122e+00 
1.233409227e+00 1.771256822e+00 1.872420510e+00 
1.232281948e+00 1.770703156e+00 1.868557467e+00 
1.212766413e+00 1.776635292e+00 1.866345297e+00 
1.302405204e+00 1.747290991e+00 1.859378611e+00 
1.281890781e+00 1.746500040e+00 1.858256017e+00 
1.268995121e+00 1.750059321e+00 1.857199459e+00 
1.256761962e+00 1.753223127e+00 1.855779707e+00 
1.230463066e+00 1.754251364e+00 1.853303397e+00 
1.242268253e+00 1.749822036e+00 1.852180804e+00 
1.221062227e+00 1.728070869e+00 1.843001948e+00 
1.226818454e+00 1.726251681e+00 1.840822795e+00 
1.198322349e+00 1.734319386e+00 1.838247433e+00 
1.189756056e+00 1.728149964e+00 1.836926734e+00 
1.271762390e+00 1.706082417e+00 1.825766831e+00 
1.234100830e+00 1.707822510e+00 1.825568726e+00 
1.224628092e+00 1.710274460e+00 1.825205534e+00 
1.197844732e+00 1.714387408e+00 1.821969822e+00 
1.216197038e+00 1.713833742e+00 1.821309473e+00 
1.221539844e+00 1.712489124e+00 1.820186879e+00 
1.202787811e+00 1.714229218e+00 1.814111665e+00 
1.238523496e+00 1.687653247e+00 1.810512761e+00 
1.225548232e+00 1.687811437e+00 1.809093010e+00 
1.210705298e+00 1.687020486e+00 1.808927923e+00 
1.248587692e+00 1.683856680e+00 1.808333608e+00 
1.185497732e+00 1.692952622e+00 1.804932809e+00 
1.227995378e+00 1.667404888e+00 1.793079539e+00 
1.230884191e+00 1.667009412e+00 1.792716347e+00 
1.191859967e+00 1.668670411e+00 1.791131509e+00 
1.225719421e+00 1.667483983e+00 1.790537194e+00 
1.195925704e+00 1.647631100e+00 1.778023574e+00 
1.217167680e+00 1.647235624e+00 1.777660382e+00 
1.248966019e+00 1.646128292e+00 1.775481230e+00 
1.220356073e+00 1.646761054e+00 1.775283125e+00 
1.230719849e+00 1.646128292e+00 1.773698286e+00 
1.217167680e+00 1.646207387e+00 1.768679632e+00 
1.206639562e+00 1.626987266e+00 1.760227160e+00 
1.171060515e+00 1.628648264e+00 1.758642322e+00 
1.202916203e+00 1.605789765e+00 1.744874038e+00 
1.202573825e+00 1.605157004e+00 1.743289200e+00 
1.182857999e+00 1.613145614e+00 1.738369598e+00 
1.201767525e+00 1.611959187e+00 1.726714432e+00 
1.200083883e+00 1.588388832e+00 1.726219170e+00 
1.208985706e+00 1.587835166e+00 1.724634332e+00 
1.166844988e+00 1.590287115e+00 1.724304157e+00 
1.162130446e+00 1.591078067e+00 1.712351834e+00 
1.190483609e+00 1.564581191e+00 1.707399214e+00 
1.188222203e+00 1.569801471e+00 1.704361607e+00 
1.185048361e+00 1.568140473e+00 1.703800310e+00 
1.166780793e+00 1.573202563e+00 1.698847690e+00 
1.159006248e+00 1.569010520e+00 1.698517516e+00 
1.213515364e+00 1.550106778e+00 1.688546241e+00 
1.205869212e+00 1.548050305e+00 1.687126490e+00 
1.192245143e+00 1.551293206e+00 1.685211477e+00 
1.180497304e+00 1.548129400e+00 1.683461551e+00 
1.161409741e+00 1.549553112e+00 1.682735167e+00 
1.211232560e+00 1.526852804e+00 1.669726285e+00 
1.168015065e+00 1.527722851e+00 1.668273517e+00 
1.192459129e+00 1.526931899e+00 1.668108429e+00 
1.170390311e+00 1.505734398e+00 1.650741242e+00 
1.156109732e+00 1.508660919e+00 1.646118797e+00 
1.160539245e+00 1.507632682e+00 1.645557500e+00 
1.155681760e+00 1.484615993e+00 1.630600588e+00 
1.177344860e+00 1.482322234e+00 1.629742134e+00 
1.177201917e+00 1.463972159e+00 1.611384422e+00 
1.175311992e+00 1.463102112e+00 1.610889160e+00 
1.090587178e+00 1.466661394e+00 1.606431802e+00 
1.156916032e+00 1.447203986e+00 1.590814541e+00 
1.173093384e+00 1.445542988e+00 1.590319279e+00 
1.119590003e+00 1.445068417e+00 1.587578829e+00 
1.171424292e+00 1.443011943e+00 1.586720375e+00 
1.144925961e+00 1.422526299e+00 1.571103114e+00 
1.132143285e+00 1.424820059e+00 1.562584607e+00 
1.127129162e+00 1.427192913e+00 1.554396276e+00 
1.184284858e+00 1.403701653e+00 1.550269092e+00 
1.159697852e+00 1.401803369e+00 1.548651237e+00 
1.156231276e+00 1.404808985e+00 1.547495625e+00 
1.148384833e+00 1.402752511e+00 1.546472084e+00 
1.138770008e+00 1.405916317e+00 1.543368442e+00 
1.143285115e+00 1.405520842e+00 1.534420709e+00 
1.130931268e+00 1.409712885e+00 1.530887840e+00 
1.158991697e+00 1.384006960e+00 1.526661604e+00 
1.140824275e+00 1.382029582e+00 1.525043748e+00 
1.115745100e+00 1.382899628e+00 1.516261102e+00 
1.130131815e+00 1.361306652e+00 1.504209727e+00 
1.132557562e+00 1.359408368e+00 1.503186185e+00 
1.122278524e+00 1.363046745e+00 1.498992967e+00 
1.140374904e+00 1.340425532e+00 1.479578697e+00 
1.118704956e+00 1.344854860e+00 1.479215505e+00 
1.139647351e+00 1.342956577e+00 1.478158946e+00 
1.134732517e+00 1.343747528e+00 1.475418496e+00 
1.122806642e+00 1.344063909e+00 1.473800641e+00 
1.110630831e+00 1.343431148e+00 1.464522733e+00 
1.098134041e+00 1.345171241e+00 1.457390960e+00 
1.147992810e+00 1.321679981e+00 1.456763628e+00 
1.127842164e+00 1.317962509e+00 1.455740087e+00 
1.126294616e+00 1.322075457e+00 1.454584475e+00 
1.126087478e+00 1.320968125e+00 1.452966619e+00 
1.125481469e+00 1.326742071e+00 1.447914947e+00 
1.122257126e+00 1.325476548e+00 1.447452702e+00 
1.119789438e+00 1.323736455e+00 1.445834847e+00 
1.105865788e+00 1.326188405e+00 1.442334995e+00 
1.112406916e+00 1.324606502e+00 1.434542873e+00 
1.137635881e+00 1.299137863e+00 1.432132598e+00 
1.137122314e+00 1.302776240e+00 1.429061974e+00 
1.136694342e+00 1.300007910e+00 1.427444118e+00 
1.117271249e+00 1.300561576e+00 1.426618681e+00 
1.111443978e+00 1.303171716e+00 1.422821673e+00 
1.113626637e+00 1.300957051e+00 1.421203817e+00 
1.128477275e+00 1.279126790e+00 1.406610097e+00 
1.109310965e+00 1.281183263e+00 1.402053686e+00 
1.118847899e+00 1.281104168e+00 1.401294285e+00 
1.097284944e+00 1.278889504e+00 1.401096180e+00 
1.087634169e+00 1.287273590e+00 1.391223957e+00 
1.100873063e+00 1.260302143e+00 1.380460263e+00 
1.071471369e+00 1.259590287e+00 1.380262159e+00 
1.093640332e+00 1.258245670e+00 1.374021858e+00 
1.059274159e+00 1.262595903e+00 1.366923102e+00 
1.059060173e+00 1.263940520e+00 1.363192129e+00 
1.055664898e+00 1.266471565e+00 1.356258461e+00 
1.053239750e+00 1.237285454e+00 1.355499059e+00 
1.052640589e+00 1.239262833e+00 1.354937762e+00 
1.095694599e+00 1.236178122e+00 1.350282299e+00 
1.051870239e+00 1.238155501e+00 1.346122099e+00 
1.049644783e+00 1.243533971e+00 1.336084789e+00 
1.047733202e+00 1.246697777e+00 1.333113217e+00 
1.058161431e+00 1.218144428e+00 1.328589824e+00 
1.069994864e+00 1.217037096e+00 1.319774161e+00 
1.046734572e+00 1.220675473e+00 1.318618549e+00 
1.045108277e+00 1.223127422e+00 1.310760392e+00 
1.034294873e+00 1.224709325e+00 1.308614257e+00 
1.035535992e+00 1.223364708e+00 1.307821838e+00 
1.062997518e+00 1.200348019e+00 1.299963681e+00 
1.072883677e+00 1.199873448e+00 1.297784528e+00 
1.051313875e+00 1.200348019e+00 1.294482781e+00 
1.033267739e+00 1.202879064e+00 1.287549113e+00 
1.041470513e+00 1.202167207e+00 1.285237891e+00 
1.032240606e+00 1.203353634e+00 1.278601380e+00 
1.069759480e+00 1.176856759e+00 1.272823324e+00 
1.067961996e+00 1.178834137e+00 1.272262027e+00 
1.059830523e+00 1.179545994e+00 1.268134843e+00 
1.047611915e+00 1.176698568e+00 1.265757586e+00 
1.031434563e+00 1.182947085e+00 1.259682372e+00 
1.030764102e+00 1.183817132e+00 1.255786311e+00 
1.056706325e+00 1.156529305e+00 1.244989599e+00 
1.034537362e+00 1.160958633e+00 1.243635883e+00 
1.034066592e+00 1.161749585e+00 1.241423713e+00 
1.043032611e+00 1.156687495e+00 1.240235084e+00 
1.027668407e+00 1.162145061e+00 1.238848351e+00 
1.029544381e+00 1.160484062e+00 1.234324958e+00 
1.041128135e+00 1.158664874e+00 1.233994783e+00 
1.022803818e+00 1.163568773e+00 1.231221316e+00 
1.018980570e+00 1.164517915e+00 1.222867897e+00 
1.051955833e+00 1.136913707e+00 1.218047347e+00 
1.018937773e+00 1.141105750e+00 1.213325849e+00 
1.037276384e+00 1.140552084e+00 1.204014924e+00 
1.016177352e+00 1.143399510e+00 1.197840658e+00 
1.037704357e+00 1.116586253e+00 1.184501601e+00 
1.024351622e+00 1.117377205e+00 1.183907287e+00 
1.022832320e+00 1.120461916e+00 1.178360353e+00 
1.021099033e+00 1.122992961e+00 1.166606135e+00 
1.021484208e+00 1.098948034e+00 1.157592366e+00 
1.032269109e+00 1.094439611e+00 1.157559349e+00 
1.020243088e+00 1.098157083e+00 1.156998052e+00 
1.018103227e+00 1.101241794e+00 1.147687126e+00 
1.017546863e+00 1.102111841e+00 1.145772113e+00 
1.016690918e+00 1.076959582e+00 1.127216297e+00 
1.013309938e+00 1.082733528e+00 1.114537590e+00 
1.011041684e+00 1.059163173e+00 1.096510054e+00 
1.010356929e+00 1.059875030e+00 1.095684617e+00 
1.009586579e+00 1.059954125e+00 1.088750949e+00 
1.008003081e+00 1.062406075e+00 1.084425661e+00 
1.007104340e+00 1.038677529e+00 1.065341566e+00 
1.018488402e+00 1.037095626e+00 1.063030343e+00 
1.003552170e+00 1.041524955e+00 1.053257173e+00 
1.009500984e+00 1.018982836e+00 1.032918414e+00 
1.000000000e+00 1.020643835e+00 1.032423152e+00 
