230 301 692
176.25 356 600
210 230 0
176.25 308 0
210 275 477
196.25 587 1292
213.083 460 692
309 425 1169
171.25 392 0
171.25 440 600
171.25 485 1077
171.25 437 477
253.833 841 2076
316 839 2076
196.25 632 1769
384.5 818 2076
640 805 1926
213.083 508 1292
463.25 722 1890
196.25 584 1169
593.25 981 2526
468.5 813 2076
429.25 870 2367
433.083 748 1890
641 806 2217
745 964 2524
448.25 849 2367
494 1053 2674
602.25 1016 2817
562.5 1032 2674
753 1163 3124
1134 1419 3563
815.25 1273 3256
966 1420 3563
650.25 976 2526
720.75 1176 3124
933.75 1433 3563


176.25 356 600
230 301 692
210 275 477
210 230 0
176.25 308 0
213.083 508 1292
171.25 392 0
309 425 1169
171.25 485 1077
171.25 440 600
196.25 632 1769
171.25 437 477
429.25 870 2367
468.5 813 2076
213.083 460 692
253.833 841 2076
196.25 587 1292
448.25 849 2367
602.25 1016 2817
196.25 584 1169
641 806 2217
463.25 722 1890
316 839 2076
384.5 818 2076
572.25 1063 2817
919.25 1431 3563
433.083 748 1890
494 1053 2674
754.25 1238 3256
648 1220 3124
800 1442 3563
745 964 2524
706.25 1174 3124
682.25 1197 3124
920.25 1427 3563
923.25 1421 3563
760.25 1166 3124
819.75 1163 3124
1032.75 1420 3563
593.25 981 2526
798.833 1480 3563
640 805 1926
629.833 1272 3124
741.25 1271 3256
486.833 1079 2674


176.25 308 0
210 230 0
171.25 392 0
176.25 356 600
230 301 692
210 275 477
171.25 437 477
171.25 485 1077
171.25 440 600
213.083 460 692
309 425 1169
213.083 508 1292
384.5 818 2076
196.25 587 1292
196.25 632 1769
448.25 849 2367
496.25 813 2076
429.25 870 2367
463.25 722 1890
562.5 1032 2674
196.25 584 1169
593.25 981 2526
745 964 2524
641 806 2217
494 1053 2674
650.25 976 2526
316 839 2076
602.25 1016 2817
433.083 748 1890
648 1220 3124
253.833 841 2076
640 805 1926
716.5 1199 3124
720.75 1176 3124
800 1442 3563
754.25 1238 3256
868.5 1421 3563
753 1163 3124
966 1420 3563


213.083 460 692
210 230 0
210 275 477
230 301 692
176.25 356 600
309 425 1169
196.25 632 1769
171.25 485 1077
176.25 308 0
213.083 508 1292
196.25 584 1169
171.25 440 600
171.25 392 0
572.25 1063 2817
171.25 437 477
641 806 2217
602.25 1016 2817
196.25 587 1292
433.083 748 1890
463.25 722 1890
448.25 849 2367
745 964 2524
439.25 818 2076
682.25 1197 3124
316 839 2076
429.25 870 2367
429.25 825 1890
706.25 1174 3124
919.25 1431 3563
468.5 813 2076
1032.75 1420 3563
819.75 1163 3124
640 805 1926
920.25 1427 3563
741.25 1271 3256
494 1053 2674
754.25 1238 3256
800 1442 3563
648 1220 3124
756 976 2526
253.833 841 2076
593.25 981 2526
973.25 1423 3563
760.25 1166 3124


210 275 477
210 230 0
230 301 692
176.25 308 0
176.25 356 600
213.083 460 692
309 425 1169
213.083 508 1292
171.25 437 477
171.25 440 600
171.25 392 0
171.25 485 1077
196.25 587 1292
196.25 584 1169
196.25 632 1769
640 805 1926
316 839 2076
433.083 748 1890
593.25 981 2526
494 1053 2674
384.5 818 2076
448.25 849 2367
641 806 2217
602.25 1016 2817
648 1220 3124
463.25 722 1890
800 1442 3563
745 964 2524
754.25 1238 3256
253.833 841 2076
706.25 1174 3124
468.5 813 2076
629.833 1272 3124
798.833 1480 3563
919.25 1431 3563
819.75 1163 3124
486.833 1079 2674
760.25 1166 3124
1032.75 1420 3563
741.25 1271 3256
682.25 1197 3124
572.25 1063 2817
429.25 870 2367
756 976 2526
923.25 1421 3563
920.25 1427 3563


176.25 356 600
176.25 308 0
210 230 0
230 301 692
210 275 477
196.25 587 1292
171.25 392 0
171.25 437 477
309 425 1169
213.083 460 692
171.25 440 600
213.083 508 1292
171.25 485 1077
641 806 2217
196.25 632 1769
196.25 584 1169
433.083 748 1890
616.75 1018 2817
768.75 1240 3256
462.75 851 2367
745 964 2524
463.25 722 1890
384.5 818 2076
508.5 1055 2674
562.5 1032 2674
253.833 841 2076
650.25 976 2526
720.75 1176 3124
753 1163 3124
814.5 1444 3563
662.5 1222 3124
716.5 1199 3124
1134 1419 3563
868.5 1421 3563
966 1420 3563
316 839 2076
640 805 1926
468.5 813 2076


210 275 477
176.25 356 600
176.25 308 0
230 301 692
196.25 584 1169
210 230 0
213.083 508 1292
640 805 1926
433.083 748 1890
171.25 485 1077
196.25 587 1292
309 425 1169
171.25 392 0
213.083 460 692
593.25 981 2526
171.25 440 600
196.25 632 1769
171.25 437 477
384.5 818 2076
468.5 813 2076
463.25 722 1890
253.833 841 2076
745 964 2524
562.5 1032 2674
641 806 2217
448.25 849 2367
494 1053 2674
602.25 1016 2817
819.75 1163 3124
760.25 1166 3124
756 976 2526
316 839 2076
648 1220 3124
486.833 1079 2674
754.25 1238 3256
800 1442 3563
629.833 1272 3124
1134 1419 3563
706.25 1174 3124
920.25 1427 3563
682.25 1197 3124
429.25 870 2367
572.25 1063 2817
741.25 1271 3256


230 301 692
176.25 356 600
210 275 477
210 230 0
176.25 308 0
213.083 508 1292
309 425 1169
171.25 392 0
171.25 440 600
213.083 460 692
171.25 485 1077
448.25 849 2367
171.25 437 477
641 806 2217
196.25 632 1769
196.25 587 1292
196.25 584 1169
384.5 818 2076
819.75 1163 3124
760.25 1166 3124
745 964 2524
468.5 813 2076
756 976 2526
433.083 748 1890
923.25 1417 3563
754.25 1238 3256
706.25 1174 3124
494 1053 2674
648 1220 3124
316 839 2076
602.25 1016 2817
800 1442 3563
486.833 1079 2674
253.833 841 2076
572.25 1063 2817
741.25 1271 3256
682.25 1197 3124
463.25 722 1890
429.25 870 2367
920.25 1427 3563
629.833 1272 3124
919.25 1431 3563
798.833 1480 3563
601.25 1015 2526
640 805 1926


210 275 477
230 301 692
176.25 308 0
176.25 356 600
210 230 0
309 425 1169
171.25 440 600
171.25 437 477
196.25 584 1169
213.083 460 692
196.25 587 1292
171.25 485 1077
171.25 392 0
213.083 508 1292
640 805 1926
196.25 632 1769
463.25 722 1890
433.083 748 1890
384.5 818 2076
602.25 1016 2817
641 806 2217
572.25 1063 2817
629.833 1272 3124
682.25 1197 3124
695.25 1012 2526
253.833 841 2076
741.25 1271 3256
448.25 849 2367
429.25 870 2367
745 964 2524
468.5 813 2076
819.75 1163 3124
760.25 1166 3124
706.25 1174 3124
754.25 1238 3256
800 1442 3563
648 1220 3124
316 839 2076
494 1053 2674
798.833 1480 3563
486.833 1079 2674
1134 1419 3563
1032.75 1420 3563
919.25 1431 3563
973.25 1423 3563
920.25 1427 3563


210 230 0
210 275 477
176.25 308 0
171.25 437 477
176.25 356 600
309 425 1169
230 301 692
384.5 818 2076
171.25 485 1077
213.083 460 692
213.083 508 1292
171.25 392 0
171.25 440 600
196.25 584 1169
433.083 748 1890
486.833 1079 2674
196.25 632 1769
196.25 587 1292
253.833 841 2076
494 1053 2674
640 805 1926
641 806 2217
716.5 1199 3124
562.5 1032 2674
616.75 1018 2817
650.25 976 2526
745 964 2524
448.25 849 2367
316 839 2076
463.25 722 1890
429.25 870 2367
662.5 1222 3124
868.5 1421 3563
814.5 1444 3563
720.75 1176 3124
768.75 1240 3256
468.5 813 2076
593.25 981 2526
753 1163 3124


210 275 477
230 301 692
213.083 460 692
210 230 0
176.25 356 600
176.25 308 0
468.5 813 2076
171.25 440 600
196.25 584 1169
213.083 508 1292
171.25 392 0
309 425 1169
171.25 437 477
171.25 485 1077
641 806 2217
196.25 632 1769
196.25 587 1292
616.75 1018 2817
641.25 1016 2817
745 964 2524
253.833 841 2076
662.5 1222 3124
720.75 1176 3124
508.5 1055 2674
716.5 1199 3124
384.5 818 2076
562.5 1032 2674
463.25 722 1890
640 805 1926
966 1420 3563
753 1163 3124
745.25 1174 3124
1002 1417 3563
650.25 976 2526
316 839 2076
768.75 1240 3256
868.5 1421 3563
793.25 1238 3256
814.5 1444 3563
433.083 748 1890
593.25 981 2526
429.25 870 2367
448.25 849 2367


210 230 0
176.25 356 600
210 275 477
230 301 692
176.25 308 0
213.083 508 1292
171.25 485 1077
171.25 437 477
171.25 392 0
213.083 460 692
171.25 440 600
196.25 584 1169
309 425 1169
196.25 587 1292
196.25 632 1769
433.083 748 1890
253.833 841 2076
463.25 722 1890
448.25 849 2367
640 805 1926
593.25 981 2526
316 839 2076
745 964 2524
706.25 1174 3124
494 1053 2674
641 806 2217
602.25 1016 2817
754.25 1238 3256
800 1442 3563
648 1220 3124
920.25 1427 3563
819.75 1163 3124
629.833 1272 3124
429.25 870 2367
760.25 1166 3124
1032.75 1420 3563
468.5 813 2076
919.25 1431 3563
682.25 1197 3124
572.25 1063 2817
741.25 1271 3256
384.5 818 2076
1134 1419 3563


176.25 308 0
210 230 0
213.083 508 1292
171.25 440 600
210 275 477
176.25 356 600
171.25 437 477
230 301 692
486.833 1079 2674
171.25 392 0
309 425 1169
213.083 460 692
171.25 485 1077
196.25 632 1769
196.25 587 1292
196.25 584 1169
468.5 813 2076
433.083 748 1890
463.25 722 1890
641 806 2217
429.25 870 2367
602.25 1016 2817
448.25 849 2367
494 1053 2674
253.833 841 2076
316 839 2076
640 805 1926
384.5 818 2076
745 964 2524
562.5 1032 2674
650.25 976 2526
868.5 1421 3563
720.75 1176 3124
629.833 1272 3124
572.25 1063 2817
648 1220 3124
800 1442 3563
754.25 1238 3256
682.25 1197 3124


176.25 356 600
230 301 692
176.25 308 0
210 230 0
210 275 477
171.25 392 0
171.25 440 600
213.083 508 1292
171.25 485 1077
309 425 1169
171.25 437 477
384.5 818 2076
213.083 460 692
196.25 587 1292
196.25 632 1769
462.75 851 2367
641 806 2217
463.25 722 1890
562.5 1032 2674
616.75 1018 2817
672 981 2526
253.833 841 2076
468.5 813 2076
756 976 2526
508.5 1055 2674
196.25 584 1169
433.083 748 1890
753 1163 3124
487.25 849 2367
641.25 1016 2817
793.25 1238 3256
966 1420 3563
745 964 2524
640 805 1926
662.5 1222 3124
720.75 1176 3124
745.25 1174 3124
1002 1417 3563
441.083 875 2367
768.75 1240 3256
814.5 1444 3563
868.5 1421 3563
716.5 1199 3124


176.25 356 600
210 275 477
230 301 692
176.25 308 0
210 230 0
171.25 392 0
213.083 508 1292
171.25 440 600
171.25 485 1077
213.083 460 692
196.25 584 1169
171.25 437 477
309 425 1169
253.833 841 2076
196.25 632 1769
196.25 587 1292
433.083 748 1890
641 806 2217
448.25 849 2367
616.75 1018 2817
429.25 870 2367
463.25 722 1890
316 839 2076
384.5 818 2076
745 964 2524
650.25 976 2526
494 1053 2674
720.75 1176 3124
753 1163 3124
768.75 1240 3256
1134 1419 3563
562.5 1032 2674
966 1420 3563
716.5 1199 3124
814.5 1444 3563
662.5 1222 3124
868.5 1421 3563
640 805 1926
468.5 813 2076


230 301 692
210 275 477
210 230 0
213.083 460 692
176.25 308 0
309 425 1169
171.25 440 600
171.25 392 0
171.25 485 1077
463.25 722 1890
196.25 587 1292
171.25 437 477
213.083 508 1292
196.25 632 1769
196.25 584 1169
176.25 356 600
429.25 870 2367
448.25 849 2367
641 806 2217
593.25 981 2526
682.25 1197 3124
745 964 2524
640 805 1926
384.5 818 2076
602.25 1016 2817
468.5 813 2076
706.25 1174 3124
316 839 2076
433.083 748 1890
741.25 1271 3256
494 1053 2674
798.833 1480 3563
754.25 1238 3256
629.833 1272 3124
486.833 1079 2674
253.833 841 2076
572.25 1063 2817
920.25 1427 3563
800 1442 3563
648 1220 3124
1033.75 1424 3563
819.75 1163 3124
756 976 2526


309 425 1169
230 301 692
176.25 308 0
210 230 0
176.25 356 600
210 275 477
213.083 508 1292
433.083 748 1890
213.083 460 692
171.25 440 600
196.25 584 1169
171.25 437 477
171.25 392 0
640 805 1926
171.25 485 1077
672 981 2526
463.25 722 1890
253.833 841 2076
384.5 818 2076
641 806 2217
196.25 632 1769
468.5 813 2076
756 976 2526
196.25 587 1292
819.75 1163 3124
745 964 2524
760.25 1166 3124
973.25 1423 3563
798.833 1480 3563
629.833 1272 3124
486.833 1079 2674
706.25 1174 3124
1134 1419 3563
754.25 1238 3256
682.25 1197 3124
572.25 1063 2817
741.25 1271 3256
429.25 870 2367
1032.75 1420 3563
602.25 1016 2817
448.25 849 2367
800 1442 3563
648 1220 3124
316 839 2076
494 1053 2674
920.25 1427 3563
919.25 1431 3563
601.25 1015 2526


176.25 356 600
171.25 437 477
176.25 308 0
210 230 0
210 275 477
230 301 692
171.25 440 600
171.25 485 1077
213.083 460 692
171.25 392 0
213.083 508 1292
309 425 1169
196.25 587 1292
196.25 584 1169
196.25 632 1769
384.5 818 2076
641 806 2217
584.083 1068 2817
463.25 722 1890
253.833 841 2076
433.083 748 1890
562.5 1032 2674
429.25 870 2367
745 964 2524
720.75 1176 3124
650.25 976 2526
316 839 2076
814.5 1444 3563
768.75 1240 3256
716.5 1199 3124
793.25 1238 3256
868.5 1421 3563
745.25 1174 3124
753 1163 3124
966 1420 3563
1134 1419 3563
468.5 813 2076
648 1220 3124
602.25 1016 2817
448.25 849 2367
494 1053 2674


176.25 356 600
210 275 477
176.25 308 0
210 230 0
309 425 1169
230 301 692
171.25 440 600
171.25 437 477
171.25 485 1077
213.083 508 1292
213.083 460 692
196.25 587 1292
196.25 632 1769
196.25 584 1169
171.25 392 0
745.25 1174 3124
462.75 851 2367
496.25 813 2076
487.25 849 2367
641 806 2217
793.25 1238 3256
616.75 1018 2817
745 964 2524
384.5 818 2076
641.25 1016 2817
768.75 1240 3256
650.25 976 2526
753 1163 3124
316 839 2076
463.25 722 1890
966 1420 3563
508.5 1055 2674
562.5 1032 2674
253.833 841 2076
720.75 1176 3124
433.083 748 1890
662.5 1222 3124
814.5 1444 3563
868.5 1421 3563
716.5 1199 3124
1002 1417 3563


210 230 0
433.083 748 1890
230 301 692
309 425 1169
176.25 356 600
176.25 308 0
210 275 477
196.25 632 1769
171.25 485 1077
213.083 460 692
468.5 813 2076
171.25 440 600
171.25 392 0
213.083 508 1292
171.25 437 477
463.25 722 1890
196.25 584 1169
641.25 1016 2817
641 806 2217
196.25 587 1292
650.25 976 2526
640 805 1926
616.75 1018 2817
745 964 2524
768.75 1240 3256
720.75 1176 3124
814.5 1444 3563
868.5 1421 3563
384.5 818 2076
662.5 1222 3124
253.833 841 2076
716.5 1199 3124
562.5 1032 2674
793.25 1238 3256
448.25 849 2367
753 1163 3124
494 1053 2674
966 1420 3563
593.25 981 2526
745.25 1174 3124
1002 1417 3563


